6.012643 8.022708 0.018690
5.792373 8.242978 0.018690
5.572104 8.463248 0.018690
5.351834 8.683517 0.018690
5.131565 8.903787 0.018690
4.911295 9.124056 0.018690
4.691025 9.344326 0.018690
4.470756 9.564596 0.018690
4.250486 9.784865 0.018690
3.987005 9.895000 0.018402
3.680312 9.895000 0.018402
3.373620 9.895000 0.018402
3.066927 9.895000 0.018402
2.760234 9.895000 0.018402
2.453542 9.895000 0.018402
2.146849 9.895000 0.018402
1.840156 9.895000 0.018402
1.533463 9.895000 0.018402
1.226771 9.895000 0.018402
0.920078 9.895000 0.018402
0.613385 9.895000 0.018402
0.306693 9.895000 0.018402
0.000000 9.895000 0.018402
-0.306693 9.895000 0.018402
-0.613385 9.895000 0.018402
-0.920078 9.895000 0.018402
-1.226771 9.895000 0.018402
-1.533463 9.895000 0.018402
-1.840156 9.895000 0.018402
-2.146849 9.895000 0.018402
-2.453542 9.895000 0.018402
-2.760234 9.895000 0.018402
-3.066927 9.895000 0.018402
-3.373620 9.895000 0.018402
-3.680312 9.895000 0.018402
-3.987005 9.895000 0.018402
-4.250486 9.784865 0.018690
-4.470756 9.564596 0.018690
-4.691025 9.344326 0.018690
-4.911295 9.124056 0.018690
-5.131565 8.903787 0.018690
-5.351834 8.683517 0.018690
-5.572104 8.463248 0.018690
-5.792373 8.242978 0.018690
-6.012643 8.022708 0.018690
-6.122778 7.760409 0.018260
-6.122778 7.456079 0.018260
-6.122778 7.151749 0.018260
-6.122778 6.847419 0.018260
-6.122778 6.543090 0.018260
-6.122778 6.238760 0.018260
-6.122778 5.934430 0.018260
-6.122778 5.630100 0.018260
-6.122778 5.325771 0.018260
-6.122778 5.021441 0.018260
-6.122778 4.717111 0.018260
-6.122778 4.412781 0.018260
-6.122778 4.108452 0.018260
-6.122778 3.804122 0.018260
-6.122778 3.499792 0.018260
-6.122778 3.195462 0.018260
-6.122778 2.891133 0.018260
-6.122778 2.586803 0.018260
-6.122778 2.282473 0.018260
-6.122778 1.978143 0.018260
-6.122778 1.673814 0.018260
-6.122778 1.369484 0.018260
-6.122778 1.065154 0.018260
-6.122778 0.760824 0.018260
-6.122778 0.456495 0.018260
-6.122778 0.152165 0.018260
-6.122778 -0.152165 0.018260
-6.122778 -0.456495 0.018260
-6.122778 -0.760824 0.018260
-6.122778 -1.065154 0.018260
-6.122778 -1.369484 0.018260
-6.122778 -1.673814 0.018260
-6.122778 -1.978143 0.018260
-6.122778 -2.282473 0.018260
-6.122778 -2.586803 0.018260
-6.122778 -2.891133 0.018260
-6.122778 -3.195462 0.018260
-6.122778 -3.499792 0.018260
-6.122778 -3.804122 0.018260
-6.122778 -4.108452 0.018260
-6.122778 -4.412781 0.018260
-6.122778 -4.717111 0.018260
-6.122778 -5.021441 0.018260
-6.122778 -5.325771 0.018260
-6.122778 -5.630100 0.018260
-6.122778 -5.934430 0.018260
-6.122778 -6.238760 0.018260
-6.122778 -6.543090 0.018260
-6.122778 -6.847419 0.018260
-6.122778 -7.151749 0.018260
-6.122778 -7.456079 0.018260
-6.122778 -7.760409 0.018260
-6.012643 -8.022708 0.018690
-5.792373 -8.242978 0.018690
-5.572104 -8.463248 0.018690
-5.351834 -8.683517 0.018690
-5.131565 -8.903787 0.018690
-4.911295 -9.124056 0.018690
-4.691025 -9.344326 0.018690
-4.470756 -9.564596 0.018690
-4.250486 -9.784865 0.018690
-3.987005 -9.895000 0.018402
-3.680312 -9.895000 0.018402
-3.373620 -9.895000 0.018402
-3.066927 -9.895000 0.018402
-2.760234 -9.895000 0.018402
-2.453542 -9.895000 0.018402
-2.146849 -9.895000 0.018402
-1.840156 -9.895000 0.018402
-1.533463 -9.895000 0.018402
-1.226771 -9.895000 0.018402
-0.920078 -9.895000 0.018402
-0.613385 -9.895000 0.018402
-0.306693 -9.895000 0.018402
0.000000 -9.895000 0.018402
0.306693 -9.895000 0.018402
0.613385 -9.895000 0.018402
0.920078 -9.895000 0.018402
1.226771 -9.895000 0.018402
1.533463 -9.895000 0.018402
1.840156 -9.895000 0.018402
2.146849 -9.895000 0.018402
2.453542 -9.895000 0.018402
2.760234 -9.895000 0.018402
3.066927 -9.895000 0.018402
3.373620 -9.895000 0.018402
3.680312 -9.895000 0.018402
3.987005 -9.895000 0.018402
4.250486 -9.784865 0.018690
4.470756 -9.564596 0.018690
4.691025 -9.344326 0.018690
4.911295 -9.124056 0.018690
5.131565 -8.903787 0.018690
5.351834 -8.683517 0.018690
5.572104 -8.463248 0.018690
5.792373 -8.242978 0.018690
6.012643 -8.022708 0.018690
6.122778 -7.760409 0.018260
6.122778 -7.456079 0.018260
6.122778 -7.151749 0.018260
6.122778 -6.847419 0.018260
6.122778 -6.543090 0.018260
6.122778 -6.238760 0.018260
6.122778 -5.934430 0.018260
6.122778 -5.630100 0.018260
6.122778 -5.325771 0.018260
6.122778 -5.021441 0.018260
6.122778 -4.717111 0.018260
6.122778 -4.412781 0.018260
6.122778 -4.108452 0.018260
6.122778 -3.804122 0.018260
6.122778 -3.499792 0.018260
6.122778 -3.195462 0.018260
6.122778 -2.891133 0.018260
6.122778 -2.586803 0.018260
6.122778 -2.282473 0.018260
6.122778 -1.978143 0.018260
6.122778 -1.673814 0.018260
6.122778 -1.369484 0.018260
6.122778 -1.065154 0.018260
6.122778 -0.760824 0.018260
6.122778 -0.456495 0.018260
6.122778 -0.152165 0.018260
6.122778 0.152165 0.018260
6.122778 0.456495 0.018260
6.122778 0.760824 0.018260
6.122778 1.065154 0.018260
6.122778 1.369484 0.018260
6.122778 1.673814 0.018260
6.122778 1.978143 0.018260
6.122778 2.282473 0.018260
6.122778 2.586803 0.018260
6.122778 2.891133 0.018260
6.122778 3.195462 0.018260
6.122778 3.499792 0.018260
6.122778 3.804122 0.018260
6.122778 4.108452 0.018260
6.122778 4.412781 0.018260
6.122778 4.717111 0.018260
6.122778 5.021441 0.018260
6.122778 5.325771 0.018260
6.122778 5.630100 0.018260
6.122778 5.934430 0.018260
6.122778 6.238760 0.018260
6.122778 6.543090 0.018260
6.122778 6.847419 0.018260
6.122778 7.151749 0.018260
6.122778 7.456079 0.018260
6.122778 7.760409 0.018260
4.046516 7.273689 0.023124
3.773991 7.546213 0.023124
3.501466 7.818738 0.023124
3.212240 7.955000 0.018356
2.906313 7.955000 0.018356
2.600385 7.955000 0.018356
2.294457 7.955000 0.018356
1.988530 7.955000 0.018356
1.682602 7.955000 0.018356
1.376674 7.955000 0.018356
1.070747 7.955000 0.018356
0.764819 7.955000 0.018356
0.458891 7.955000 0.018356
0.152964 7.955000 0.018356
-0.152964 7.955000 0.018356
-0.458891 7.955000 0.018356
-0.764819 7.955000 0.018356
-1.070747 7.955000 0.018356
-1.376674 7.955000 0.018356
-1.682602 7.955000 0.018356
-1.988530 7.955000 0.018356
-2.294457 7.955000 0.018356
-2.600385 7.955000 0.018356
-2.906313 7.955000 0.018356
-3.212240 7.955000 0.018356
-3.501466 7.818738 0.023124
-3.773991 7.546213 0.023124
-4.046516 7.273689 0.023124
-4.182778 6.983483 0.018473
-4.182778 6.675596 0.018473
-4.182778 6.367709 0.018473
-4.182778 6.059822 0.018473
-4.182778 5.751935 0.018473
-4.182778 5.444048 0.018473
-4.182778 5.136161 0.018473
-4.182778 4.828274 0.018473
-4.182778 4.520387 0.018473
-4.182778 4.212500 0.018473
-4.182778 3.904613 0.018473
-4.182778 3.596726 0.018473
-4.182778 3.288839 0.018473
-4.182778 2.980952 0.018473
-4.182778 2.673065 0.018473
-4.182778 2.365178 0.018473
-4.182778 2.057291 0.018473
-4.182778 1.749404 0.018473
-4.182778 1.441517 0.018473
-4.046516 1.151311 0.023124
-3.773991 0.878787 0.023124
-3.501466 0.606262 0.023124
-3.212240 0.470000 0.018356
-2.906313 0.470000 0.018356
-2.600385 0.470000 0.018356
-2.294457 0.470000 0.018356
-1.988530 0.470000 0.018356
-1.682602 0.470000 0.018356
-1.376674 0.470000 0.018356
-1.070747 0.470000 0.018356
-0.764819 0.470000 0.018356
-0.458891 0.470000 0.018356
-0.152964 0.470000 0.018356
0.152964 0.470000 0.018356
0.458891 0.470000 0.018356
0.764819 0.470000 0.018356
1.070747 0.470000 0.018356
1.376674 0.470000 0.018356
1.682602 0.470000 0.018356
1.988530 0.470000 0.018356
2.294457 0.470000 0.018356
2.600385 0.470000 0.018356
2.906313 0.470000 0.018356
3.212240 0.470000 0.018356
3.501466 0.606262 0.023124
3.773991 0.878787 0.023124
4.046516 1.151311 0.023124
4.182778 1.441517 0.018473
4.182778 1.749404 0.018473
4.182778 2.057291 0.018473
4.182778 2.365178 0.018473
4.182778 2.673065 0.018473
4.182778 2.980952 0.018473
4.182778 3.288839 0.018473
4.182778 3.596726 0.018473
4.182778 3.904613 0.018473
4.182778 4.212500 0.018473
4.182778 4.520387 0.018473
4.182778 4.828274 0.018473
4.182778 5.136161 0.018473
4.182778 5.444048 0.018473
4.182778 5.751935 0.018473
4.182778 6.059822 0.018473
4.182778 6.367709 0.018473
4.182778 6.675596 0.018473
4.182778 6.983483 0.018473
4.046516 -1.151311 0.023124
3.773991 -0.878787 0.023124
3.501466 -0.606262 0.023124
3.212240 -0.470000 0.018356
2.906313 -0.470000 0.018356
2.600385 -0.470000 0.018356
2.294457 -0.470000 0.018356
1.988530 -0.470000 0.018356
1.682602 -0.470000 0.018356
1.376674 -0.470000 0.018356
1.070747 -0.470000 0.018356
0.764819 -0.470000 0.018356
0.458891 -0.470000 0.018356
0.152964 -0.470000 0.018356
-0.152964 -0.470000 0.018356
-0.458891 -0.470000 0.018356
-0.764819 -0.470000 0.018356
-1.070747 -0.470000 0.018356
-1.376674 -0.470000 0.018356
-1.682602 -0.470000 0.018356
-1.988530 -0.470000 0.018356
-2.294457 -0.470000 0.018356
-2.600385 -0.470000 0.018356
-2.906313 -0.470000 0.018356
-3.212240 -0.470000 0.018356
-3.501466 -0.606262 0.023124
-3.773991 -0.878787 0.023124
-4.046516 -1.151311 0.023124
-4.182778 -1.441517 0.018473
-4.182778 -1.749404 0.018473
-4.182778 -2.057291 0.018473
-4.182778 -2.365178 0.018473
-4.182778 -2.673065 0.018473
-4.182778 -2.980952 0.018473
-4.182778 -3.288839 0.018473
-4.182778 -3.596726 0.018473
-4.182778 -3.904613 0.018473
-4.182778 -4.212500 0.018473
-4.182778 -4.520387 0.018473
-4.182778 -4.828274 0.018473
-4.182778 -5.136161 0.018473
-4.182778 -5.444048 0.018473
-4.182778 -5.751935 0.018473
-4.182778 -6.059822 0.018473
-4.182778 -6.367709 0.018473
-4.182778 -6.675596 0.018473
-4.182778 -6.983483 0.018473
-4.046516 -7.273689 0.023124
-3.773991 -7.546213 0.023124
-3.501466 -7.818738 0.023124
-3.212240 -7.955000 0.018356
-2.906313 -7.955000 0.018356
-2.600385 -7.955000 0.018356
-2.294457 -7.955000 0.018356
-1.988530 -7.955000 0.018356
-1.682602 -7.955000 0.018356
-1.376674 -7.955000 0.018356
-1.070747 -7.955000 0.018356
-0.764819 -7.955000 0.018356
-0.458891 -7.955000 0.018356
-0.152964 -7.955000 0.018356
0.152964 -7.955000 0.018356
0.458891 -7.955000 0.018356
0.764819 -7.955000 0.018356
1.070747 -7.955000 0.018356
1.376674 -7.955000 0.018356
1.682602 -7.955000 0.018356
1.988530 -7.955000 0.018356
2.294457 -7.955000 0.018356
2.600385 -7.955000 0.018356
2.906313 -7.955000 0.018356
3.212240 -7.955000 0.018356
3.501466 -7.818738 0.023124
3.773991 -7.546213 0.023124
4.046516 -7.273689 0.023124
4.182778 -6.983483 0.018473
4.182778 -6.675596 0.018473
4.182778 -6.367709 0.018473
4.182778 -6.059822 0.018473
4.182778 -5.751935 0.018473
4.182778 -5.444048 0.018473
4.182778 -5.136161 0.018473
4.182778 -4.828274 0.018473
4.182778 -4.520387 0.018473
4.182778 -4.212500 0.018473
4.182778 -3.904613 0.018473
4.182778 -3.596726 0.018473
4.182778 -3.288839 0.018473
4.182778 -2.980952 0.018473
4.182778 -2.673065 0.018473
4.182778 -2.365178 0.018473
4.182778 -2.057291 0.018473
4.182778 -1.749404 0.018473
4.182778 -1.441517 0.018473
