5.412222 7.375147 0.001612
5.303064 7.484306 0.001612
5.193905 7.593464 0.001612
5.084747 7.702623 0.001612
4.975588 7.811781 0.001612
4.866430 7.920940 0.001612
4.757271 8.030098 0.001612
4.648113 8.139257 0.001612
4.538954 8.248415 0.001612
4.429796 8.357574 0.001612
4.320637 8.466732 0.001612
4.211479 8.575891 0.001612
4.102320 8.685049 0.001612
3.993162 8.794208 0.001612
3.884003 8.903366 0.001612
3.774845 9.012525 0.001612
3.665686 9.121683 0.001612
3.556528 9.230842 0.001612
3.447369 9.340000 0.001612
3.294153 9.340000 0.001612
3.140937 9.340000 0.001612
2.987720 9.340000 0.001612
2.834504 9.340000 0.001612
2.681287 9.340000 0.001612
2.528071 9.340000 0.001612
2.374854 9.340000 0.001612
2.221638 9.340000 0.001612
2.068422 9.340000 0.001612
1.915205 9.340000 0.001612
1.761989 9.340000 0.001612
1.608772 9.340000 0.001612
1.455556 9.340000 0.001612
1.302340 9.340000 0.001612
1.149123 9.340000 0.001612
0.995907 9.340000 0.001612
0.842690 9.340000 0.001612
0.689474 9.340000 0.001612
0.536257 9.340000 0.001612
0.383041 9.340000 0.001612
0.229825 9.340000 0.001612
0.076608 9.340000 0.001612
-0.076608 9.340000 0.001612
-0.229825 9.340000 0.001612
-0.383041 9.340000 0.001612
-0.536257 9.340000 0.001612
-0.689474 9.340000 0.001612
-0.842690 9.340000 0.001612
-0.995907 9.340000 0.001612
-1.149123 9.340000 0.001612
-1.302340 9.340000 0.001612
-1.455556 9.340000 0.001612
-1.608772 9.340000 0.001612
-1.761989 9.340000 0.001612
-1.915205 9.340000 0.001612
-2.068422 9.340000 0.001612
-2.221638 9.340000 0.001612
-2.374854 9.340000 0.001612
-2.528071 9.340000 0.001612
-2.681287 9.340000 0.001612
-2.834504 9.340000 0.001612
-2.987720 9.340000 0.001612
-3.140937 9.340000 0.001612
-3.294153 9.340000 0.001612
-3.447369 9.340000 0.001612
-3.556528 9.230842 0.001612
-3.665686 9.121683 0.001612
-3.774845 9.012525 0.001612
-3.884003 8.903366 0.001612
-3.993162 8.794208 0.001612
-4.102320 8.685049 0.001612
-4.211479 8.575891 0.001612
-4.320637 8.466732 0.001612
-4.429796 8.357574 0.001612
-4.538954 8.248415 0.001612
-4.648113 8.139257 0.001612
-4.757271 8.030098 0.001612
-4.866430 7.920940 0.001612
-4.975588 7.811781 0.001612
-5.084747 7.702623 0.001612
-5.193905 7.593464 0.001612
-5.303064 7.484306 0.001612
-5.412222 7.375147 0.001612
-5.412222 7.224634 0.001612
-5.412222 7.074121 0.001612
-5.412222 6.923608 0.001612
-5.412222 6.773094 0.001612
-5.412222 6.622581 0.001612
-5.412222 6.472068 0.001612
-5.412222 6.321555 0.001612
-5.412222 6.171042 0.001612
-5.412222 6.020528 0.001612
-5.412222 5.870015 0.001612
-5.412222 5.719502 0.001612
-5.412222 5.568989 0.001612
-5.412222 5.418475 0.001612
-5.412222 5.267962 0.001612
-5.412222 5.117449 0.001612
-5.412222 4.966936 0.001612
-5.412222 4.816423 0.001612
-5.412222 4.665909 0.001612
-5.412222 4.515396 0.001612
-5.412222 4.364883 0.001612
-5.412222 4.214370 0.001612
-5.412222 4.063857 0.001612
-5.412222 3.913343 0.001612
-5.412222 3.762830 0.001612
-5.412222 3.612317 0.001612
-5.412222 3.461804 0.001612
-5.412222 3.311291 0.001612
-5.412222 3.160777 0.001612
-5.412222 3.010264 0.001612
-5.412222 2.859751 0.001612
-5.412222 2.709238 0.001612
-5.412222 2.558725 0.001612
-5.412222 2.408211 0.001612
-5.412222 2.257698 0.001612
-5.412222 2.107185 0.001612
-5.412222 1.956672 0.001612
-5.412222 1.806158 0.001612
-5.412222 1.655645 0.001612
-5.412222 1.505132 0.001612
-5.412222 1.354619 0.001612
-5.412222 1.204106 0.001612
-5.412222 1.053592 0.001612
-5.412222 0.903079 0.001612
-5.412222 0.752566 0.001612
-5.412222 0.602053 0.001612
-5.412222 0.451540 0.001612
-5.412222 0.301026 0.001612
-5.412222 0.150513 0.001612
-5.412222 0.000000 0.001612
-5.412222 -0.150513 0.001612
-5.412222 -0.301026 0.001612
-5.412222 -0.451540 0.001612
-5.412222 -0.602053 0.001612
-5.412222 -0.752566 0.001612
-5.412222 -0.903079 0.001612
-5.412222 -1.053592 0.001612
-5.412222 -1.204106 0.001612
-5.412222 -1.354619 0.001612
-5.412222 -1.505132 0.001612
-5.412222 -1.655645 0.001612
-5.412222 -1.806158 0.001612
-5.412222 -1.956672 0.001612
-5.412222 -2.107185 0.001612
-5.412222 -2.257698 0.001612
-5.412222 -2.408211 0.001612
-5.412222 -2.558725 0.001612
-5.412222 -2.709238 0.001612
-5.412222 -2.859751 0.001612
-5.412222 -3.010264 0.001612
-5.412222 -3.160777 0.001612
-5.412222 -3.311291 0.001612
-5.412222 -3.461804 0.001612
-5.412222 -3.612317 0.001612
-5.412222 -3.762830 0.001612
-5.412222 -3.913343 0.001612
-5.412222 -4.063857 0.001612
-5.412222 -4.214370 0.001612
-5.412222 -4.364883 0.001612
-5.412222 -4.515396 0.001612
-5.412222 -4.665909 0.001612
-5.412222 -4.816423 0.001612
-5.412222 -4.966936 0.001612
-5.412222 -5.117449 0.001612
-5.412222 -5.267962 0.001612
-5.412222 -5.418475 0.001612
-5.412222 -5.568989 0.001612
-5.412222 -5.719502 0.001612
-5.412222 -5.870015 0.001612
-5.412222 -6.020528 0.001612
-5.412222 -6.171042 0.001612
-5.412222 -6.321555 0.001612
-5.412222 -6.472068 0.001612
-5.412222 -6.622581 0.001612
-5.412222 -6.773094 0.001612
-5.412222 -6.923608 0.001612
-5.412222 -7.074121 0.001612
-5.412222 -7.224634 0.001612
-5.412222 -7.375147 0.001612
-5.303064 -7.484306 0.001612
-5.193905 -7.593464 0.001612
-5.084747 -7.702623 0.001612
-4.975588 -7.811781 0.001612
-4.866430 -7.920940 0.001612
-4.757271 -8.030098 0.001612
-4.648113 -8.139257 0.001612
-4.538954 -8.248415 0.001612
-4.429796 -8.357574 0.001612
-4.320637 -8.466732 0.001612
-4.211479 -8.575891 0.001612
-4.102320 -8.685049 0.001612
-3.993162 -8.794208 0.001612
-3.884003 -8.903366 0.001612
-3.774845 -9.012525 0.001612
-3.665686 -9.121683 0.001612
-3.556528 -9.230842 0.001612
-3.447369 -9.340000 0.001612
-3.294153 -9.340000 0.001612
-3.140937 -9.340000 0.001612
-2.987720 -9.340000 0.001612
-2.834504 -9.340000 0.001612
-2.681287 -9.340000 0.001612
-2.528071 -9.340000 0.001612
-2.374854 -9.340000 0.001612
-2.221638 -9.340000 0.001612
-2.068422 -9.340000 0.001612
-1.915205 -9.340000 0.001612
-1.761989 -9.340000 0.001612
-1.608772 -9.340000 0.001612
-1.455556 -9.340000 0.001612
-1.302340 -9.340000 0.001612
-1.149123 -9.340000 0.001612
-0.995907 -9.340000 0.001612
-0.842690 -9.340000 0.001612
-0.689474 -9.340000 0.001612
-0.536257 -9.340000 0.001612
-0.383041 -9.340000 0.001612
-0.229825 -9.340000 0.001612
-0.076608 -9.340000 0.001612
0.076608 -9.340000 0.001612
0.229825 -9.340000 0.001612
0.383041 -9.340000 0.001612
0.536257 -9.340000 0.001612
0.689474 -9.340000 0.001612
0.842690 -9.340000 0.001612
0.995907 -9.340000 0.001612
1.149123 -9.340000 0.001612
1.302340 -9.340000 0.001612
1.455556 -9.340000 0.001612
1.608772 -9.340000 0.001612
1.761989 -9.340000 0.001612
1.915205 -9.340000 0.001612
2.068422 -9.340000 0.001612
2.221638 -9.340000 0.001612
2.374854 -9.340000 0.001612
2.528071 -9.340000 0.001612
2.681287 -9.340000 0.001612
2.834504 -9.340000 0.001612
2.987720 -9.340000 0.001612
3.140937 -9.340000 0.001612
3.294153 -9.340000 0.001612
3.447369 -9.340000 0.001612
3.556528 -9.230842 0.001612
3.665686 -9.121683 0.001612
3.774845 -9.012525 0.001612
3.884003 -8.903366 0.001612
3.993162 -8.794208 0.001612
4.102320 -8.685049 0.001612
4.211479 -8.575891 0.001612
4.320637 -8.466732 0.001612
4.429796 -8.357574 0.001612
4.538954 -8.248415 0.001612
4.648113 -8.139257 0.001612
4.757271 -8.030098 0.001612
4.866430 -7.920940 0.001612
4.975588 -7.811781 0.001612
5.084747 -7.702623 0.001612
5.193905 -7.593464 0.001612
5.303064 -7.484306 0.001612
5.412222 -7.375147 0.001612
5.412222 -7.224634 0.001612
5.412222 -7.074121 0.001612
5.412222 -6.923608 0.001612
5.412222 -6.773094 0.001612
5.412222 -6.622581 0.001612
5.412222 -6.472068 0.001612
5.412222 -6.321555 0.001612
5.412222 -6.171042 0.001612
5.412222 -6.020528 0.001612
5.412222 -5.870015 0.001612
5.412222 -5.719502 0.001612
5.412222 -5.568989 0.001612
5.412222 -5.418475 0.001612
5.412222 -5.267962 0.001612
5.412222 -5.117449 0.001612
5.412222 -4.966936 0.001612
5.412222 -4.816423 0.001612
5.412222 -4.665909 0.001612
5.412222 -4.515396 0.001612
5.412222 -4.364883 0.001612
5.412222 -4.214370 0.001612
5.412222 -4.063857 0.001612
5.412222 -3.913343 0.001612
5.412222 -3.762830 0.001612
5.412222 -3.612317 0.001612
5.412222 -3.461804 0.001612
5.412222 -3.311291 0.001612
5.412222 -3.160777 0.001612
5.412222 -3.010264 0.001612
5.412222 -2.859751 0.001612
5.412222 -2.709238 0.001612
5.412222 -2.558725 0.001612
5.412222 -2.408211 0.001612
5.412222 -2.257698 0.001612
5.412222 -2.107185 0.001612
5.412222 -1.956672 0.001612
5.412222 -1.806158 0.001612
5.412222 -1.655645 0.001612
5.412222 -1.505132 0.001612
5.412222 -1.354619 0.001612
5.412222 -1.204106 0.001612
5.412222 -1.053592 0.001612
5.412222 -0.903079 0.001612
5.412222 -0.752566 0.001612
5.412222 -0.602053 0.001612
5.412222 -0.451540 0.001612
5.412222 -0.301026 0.001612
5.412222 -0.150513 0.001612
5.412222 0.000000 0.001612
5.412222 0.150513 0.001612
5.412222 0.301026 0.001612
5.412222 0.451540 0.001612
5.412222 0.602053 0.001612
5.412222 0.752566 0.001612
5.412222 0.903079 0.001612
5.412222 1.053592 0.001612
5.412222 1.204106 0.001612
5.412222 1.354619 0.001612
5.412222 1.505132 0.001612
5.412222 1.655645 0.001612
5.412222 1.806158 0.001612
5.412222 1.956672 0.001612
5.412222 2.107185 0.001612
5.412222 2.257698 0.001612
5.412222 2.408211 0.001612
5.412222 2.558725 0.001612
5.412222 2.709238 0.001612
5.412222 2.859751 0.001612
5.412222 3.010264 0.001612
5.412222 3.160777 0.001612
5.412222 3.311291 0.001612
5.412222 3.461804 0.001612
5.412222 3.612317 0.001612
5.412222 3.762830 0.001612
5.412222 3.913343 0.001612
5.412222 4.063857 0.001612
5.412222 4.214370 0.001612
5.412222 4.364883 0.001612
5.412222 4.515396 0.001612
5.412222 4.665909 0.001612
5.412222 4.816423 0.001612
5.412222 4.966936 0.001612
5.412222 5.117449 0.001612
5.412222 5.267962 0.001612
5.412222 5.418475 0.001612
5.412222 5.568989 0.001612
5.412222 5.719502 0.001612
5.412222 5.870015 0.001612
5.412222 6.020528 0.001612
5.412222 6.171042 0.001612
5.412222 6.321555 0.001612
5.412222 6.472068 0.001612
5.412222 6.622581 0.001612
5.412222 6.773094 0.001612
5.412222 6.923608 0.001612
5.412222 7.074121 0.001612
5.412222 7.224634 0.001612
3.532222 6.624853 0.000804
3.412915 6.744160 0.000804
3.293609 6.863466 0.000804
3.174302 6.982773 0.000804
3.054995 7.102080 0.000804
2.935689 7.221387 0.000804
2.816382 7.340693 0.000804
2.697075 7.460000 0.000804
2.542956 7.460000 0.000804
2.388838 7.460000 0.000804
2.234719 7.460000 0.000804
2.080601 7.460000 0.000804
1.926482 7.460000 0.000804
1.772364 7.460000 0.000804
1.618245 7.460000 0.000804
1.464126 7.460000 0.000804
1.310008 7.460000 0.000804
1.155889 7.460000 0.000804
1.001771 7.460000 0.000804
0.847652 7.460000 0.000804
0.693534 7.460000 0.000804
0.539415 7.460000 0.000804
0.385296 7.460000 0.000804
0.231178 7.460000 0.000804
0.077059 7.460000 0.000804
-0.077059 7.460000 0.000804
-0.231178 7.460000 0.000804
-0.385296 7.460000 0.000804
-0.539415 7.460000 0.000804
-0.693534 7.460000 0.000804
-0.847652 7.460000 0.000804
-1.001771 7.460000 0.000804
-1.155889 7.460000 0.000804
-1.310008 7.460000 0.000804
-1.464126 7.460000 0.000804
-1.618245 7.460000 0.000804
-1.772364 7.460000 0.000804
-1.926482 7.460000 0.000804
-2.080601 7.460000 0.000804
-2.234719 7.460000 0.000804
-2.388838 7.460000 0.000804
-2.542956 7.460000 0.000804
-2.697075 7.460000 0.000804
-2.816382 7.340693 0.000804
-2.935689 7.221387 0.000804
-3.054995 7.102080 0.000804
-3.174302 6.982773 0.000804
-3.293609 6.863466 0.000804
-3.412915 6.744160 0.000804
-3.532222 6.624853 0.000804
-3.532222 6.472004 0.000804
-3.532222 6.319155 0.000804
-3.532222 6.166307 0.000804
-3.532222 6.013458 0.000804
-3.532222 5.860609 0.000804
-3.532222 5.707760 0.000804
-3.532222 5.554912 0.000804
-3.532222 5.402063 0.000804
-3.532222 5.249214 0.000804
-3.532222 5.096365 0.000804
-3.532222 4.943517 0.000804
-3.532222 4.790668 0.000804
-3.532222 4.637819 0.000804
-3.532222 4.484971 0.000804
-3.532222 4.332122 0.000804
-3.532222 4.179273 0.000804
-3.532222 4.026424 0.000804
-3.532222 3.873576 0.000804
-3.532222 3.720727 0.000804
-3.532222 3.567878 0.000804
-3.532222 3.415029 0.000804
-3.532222 3.262181 0.000804
-3.532222 3.109332 0.000804
-3.532222 2.956483 0.000804
-3.532222 2.803635 0.000804
-3.532222 2.650786 0.000804
-3.532222 2.497937 0.000804
-3.532222 2.345088 0.000804
-3.532222 2.192240 0.000804
-3.532222 2.039391 0.000804
-3.532222 1.886542 0.000804
-3.532222 1.733693 0.000804
-3.532222 1.580845 0.000804
-3.532222 1.427996 0.000804
-3.532222 1.275147 0.000804
-3.412915 1.155840 0.000804
-3.293609 1.036534 0.000804
-3.174302 0.917227 0.000804
-3.054995 0.797920 0.000804
-2.935689 0.678613 0.000804
-2.816382 0.559307 0.000804
-2.697075 0.440000 0.000804
-2.542956 0.440000 0.000804
-2.388838 0.440000 0.000804
-2.234719 0.440000 0.000804
-2.080601 0.440000 0.000804
-1.926482 0.440000 0.000804
-1.772364 0.440000 0.000804
-1.618245 0.440000 0.000804
-1.464126 0.440000 0.000804
-1.310008 0.440000 0.000804
-1.155889 0.440000 0.000804
-1.001771 0.440000 0.000804
-0.847652 0.440000 0.000804
-0.693534 0.440000 0.000804
-0.539415 0.440000 0.000804
-0.385296 0.440000 0.000804
-0.231178 0.440000 0.000804
-0.077059 0.440000 0.000804
0.077059 0.440000 0.000804
0.231178 0.440000 0.000804
0.385296 0.440000 0.000804
0.539415 0.440000 0.000804
0.693534 0.440000 0.000804
0.847652 0.440000 0.000804
1.001771 0.440000 0.000804
1.155889 0.440000 0.000804
1.310008 0.440000 0.000804
1.464126 0.440000 0.000804
1.618245 0.440000 0.000804
1.772364 0.440000 0.000804
1.926482 0.440000 0.000804
2.080601 0.440000 0.000804
2.234719 0.440000 0.000804
2.388838 0.440000 0.000804
2.542956 0.440000 0.000804
2.697075 0.440000 0.000804
2.816382 0.559307 0.000804
2.935689 0.678613 0.000804
3.054995 0.797920 0.000804
3.174302 0.917227 0.000804
3.293609 1.036534 0.000804
3.412915 1.155840 0.000804
3.532222 1.275147 0.000804
3.532222 1.427996 0.000804
3.532222 1.580845 0.000804
3.532222 1.733693 0.000804
3.532222 1.886542 0.000804
3.532222 2.039391 0.000804
3.532222 2.192240 0.000804
3.532222 2.345088 0.000804
3.532222 2.497937 0.000804
3.532222 2.650786 0.000804
3.532222 2.803635 0.000804
3.532222 2.956483 0.000804
3.532222 3.109332 0.000804
3.532222 3.262181 0.000804
3.532222 3.415029 0.000804
3.532222 3.567878 0.000804
3.532222 3.720727 0.000804
3.532222 3.873576 0.000804
3.532222 4.026424 0.000804
3.532222 4.179273 0.000804
3.532222 4.332122 0.000804
3.532222 4.484971 0.000804
3.532222 4.637819 0.000804
3.532222 4.790668 0.000804
3.532222 4.943517 0.000804
3.532222 5.096365 0.000804
3.532222 5.249214 0.000804
3.532222 5.402063 0.000804
3.532222 5.554912 0.000804
3.532222 5.707760 0.000804
3.532222 5.860609 0.000804
3.532222 6.013458 0.000804
3.532222 6.166307 0.000804
3.532222 6.319155 0.000804
3.532222 6.472004 0.000804
3.532222 -1.275147 0.000804
3.412915 -1.155840 0.000804
3.293609 -1.036534 0.000804
3.174302 -0.917227 0.000804
3.054995 -0.797920 0.000804
2.935689 -0.678613 0.000804
2.816382 -0.559307 0.000804
2.697075 -0.440000 0.000804
2.542956 -0.440000 0.000804
2.388838 -0.440000 0.000804
2.234719 -0.440000 0.000804
2.080601 -0.440000 0.000804
1.926482 -0.440000 0.000804
1.772364 -0.440000 0.000804
1.618245 -0.440000 0.000804
1.464126 -0.440000 0.000804
1.310008 -0.440000 0.000804
1.155889 -0.440000 0.000804
1.001771 -0.440000 0.000804
0.847652 -0.440000 0.000804
0.693534 -0.440000 0.000804
0.539415 -0.440000 0.000804
0.385296 -0.440000 0.000804
0.231178 -0.440000 0.000804
0.077059 -0.440000 0.000804
-0.077059 -0.440000 0.000804
-0.231178 -0.440000 0.000804
-0.385296 -0.440000 0.000804
-0.539415 -0.440000 0.000804
-0.693534 -0.440000 0.000804
-0.847652 -0.440000 0.000804
-1.001771 -0.440000 0.000804
-1.155889 -0.440000 0.000804
-1.310008 -0.440000 0.000804
-1.464126 -0.440000 0.000804
-1.618245 -0.440000 0.000804
-1.772364 -0.440000 0.000804
-1.926482 -0.440000 0.000804
-2.080601 -0.440000 0.000804
-2.234719 -0.440000 0.000804
-2.388838 -0.440000 0.000804
-2.542956 -0.440000 0.000804
-2.697075 -0.440000 0.000804
-2.816382 -0.559307 0.000804
-2.935689 -0.678613 0.000804
-3.054995 -0.797920 0.000804
-3.174302 -0.917227 0.000804
-3.293609 -1.036534 0.000804
-3.412915 -1.155840 0.000804
-3.532222 -1.275147 0.000804
-3.532222 -1.427996 0.000804
-3.532222 -1.580845 0.000804
-3.532222 -1.733693 0.000804
-3.532222 -1.886542 0.000804
-3.532222 -2.039391 0.000804
-3.532222 -2.192240 0.000804
-3.532222 -2.345088 0.000804
-3.532222 -2.497937 0.000804
-3.532222 -2.650786 0.000804
-3.532222 -2.803635 0.000804
-3.532222 -2.956483 0.000804
-3.532222 -3.109332 0.000804
-3.532222 -3.262181 0.000804
-3.532222 -3.415029 0.000804
-3.532222 -3.567878 0.000804
-3.532222 -3.720727 0.000804
-3.532222 -3.873576 0.000804
-3.532222 -4.026424 0.000804
-3.532222 -4.179273 0.000804
-3.532222 -4.332122 0.000804
-3.532222 -4.484971 0.000804
-3.532222 -4.637819 0.000804
-3.532222 -4.790668 0.000804
-3.532222 -4.943517 0.000804
-3.532222 -5.096365 0.000804
-3.532222 -5.249214 0.000804
-3.532222 -5.402063 0.000804
-3.532222 -5.554912 0.000804
-3.532222 -5.707760 0.000804
-3.532222 -5.860609 0.000804
-3.532222 -6.013458 0.000804
-3.532222 -6.166307 0.000804
-3.532222 -6.319155 0.000804
-3.532222 -6.472004 0.000804
-3.532222 -6.624853 0.000804
-3.412915 -6.744160 0.000804
-3.293609 -6.863466 0.000804
-3.174302 -6.982773 0.000804
-3.054995 -7.102080 0.000804
-2.935689 -7.221387 0.000804
-2.816382 -7.340693 0.000804
-2.697075 -7.460000 0.000804
-2.542956 -7.460000 0.000804
-2.388838 -7.460000 0.000804
-2.234719 -7.460000 0.000804
-2.080601 -7.460000 0.000804
-1.926482 -7.460000 0.000804
-1.772364 -7.460000 0.000804
-1.618245 -7.460000 0.000804
-1.464126 -7.460000 0.000804
-1.310008 -7.460000 0.000804
-1.155889 -7.460000 0.000804
-1.001771 -7.460000 0.000804
-0.847652 -7.460000 0.000804
-0.693534 -7.460000 0.000804
-0.539415 -7.460000 0.000804
-0.385296 -7.460000 0.000804
-0.231178 -7.460000 0.000804
-0.077059 -7.460000 0.000804
0.077059 -7.460000 0.000804
0.231178 -7.460000 0.000804
0.385296 -7.460000 0.000804
0.539415 -7.460000 0.000804
0.693534 -7.460000 0.000804
0.847652 -7.460000 0.000804
1.001771 -7.460000 0.000804
1.155889 -7.460000 0.000804
1.310008 -7.460000 0.000804
1.464126 -7.460000 0.000804
1.618245 -7.460000 0.000804
1.772364 -7.460000 0.000804
1.926482 -7.460000 0.000804
2.080601 -7.460000 0.000804
2.234719 -7.460000 0.000804
2.388838 -7.460000 0.000804
2.542956 -7.460000 0.000804
2.697075 -7.460000 0.000804
2.816382 -7.340693 0.000804
2.935689 -7.221387 0.000804
3.054995 -7.102080 0.000804
3.174302 -6.982773 0.000804
3.293609 -6.863466 0.000804
3.412915 -6.744160 0.000804
3.532222 -6.624853 0.000804
3.532222 -6.472004 0.000804
3.532222 -6.319155 0.000804
3.532222 -6.166307 0.000804
3.532222 -6.013458 0.000804
3.532222 -5.860609 0.000804
3.532222 -5.707760 0.000804
3.532222 -5.554912 0.000804
3.532222 -5.402063 0.000804
3.532222 -5.249214 0.000804
3.532222 -5.096365 0.000804
3.532222 -4.943517 0.000804
3.532222 -4.790668 0.000804
3.532222 -4.637819 0.000804
3.532222 -4.484971 0.000804
3.532222 -4.332122 0.000804
3.532222 -4.179273 0.000804
3.532222 -4.026424 0.000804
3.532222 -3.873576 0.000804
3.532222 -3.720727 0.000804
3.532222 -3.567878 0.000804
3.532222 -3.415029 0.000804
3.532222 -3.262181 0.000804
3.532222 -3.109332 0.000804
3.532222 -2.956483 0.000804
3.532222 -2.803635 0.000804
3.532222 -2.650786 0.000804
3.532222 -2.497937 0.000804
3.532222 -2.345088 0.000804
3.532222 -2.192240 0.000804
3.532222 -2.039391 0.000804
3.532222 -1.886542 0.000804
3.532222 -1.733693 0.000804
3.532222 -1.580845 0.000804
3.532222 -1.427996 0.000804
