5.720976 7.797708 0.018690
5.500707 8.017978 0.018690
5.280437 8.238248 0.018690
5.060168 8.458517 0.018690
4.839898 8.678787 0.018690
4.619628 8.899056 0.018690
4.399359 9.119326 0.018690
4.179089 9.339596 0.018690
3.958820 9.559865 0.018690
3.694737 9.670000 0.018474
3.386843 9.670000 0.018474
3.078948 9.670000 0.018474
2.771053 9.670000 0.018474
2.463158 9.670000 0.018474
2.155263 9.670000 0.018474
1.847369 9.670000 0.018474
1.539474 9.670000 0.018474
1.231579 9.670000 0.018474
0.923684 9.670000 0.018474
0.615790 9.670000 0.018474
0.307895 9.670000 0.018474
0.000000 9.670000 0.018474
-0.307895 9.670000 0.018474
-0.615790 9.670000 0.018474
-0.923684 9.670000 0.018474
-1.231579 9.670000 0.018474
-1.539474 9.670000 0.018474
-1.847369 9.670000 0.018474
-2.155263 9.670000 0.018474
-2.463158 9.670000 0.018474
-2.771053 9.670000 0.018474
-3.078948 9.670000 0.018474
-3.386843 9.670000 0.018474
-3.694737 9.670000 0.018474
-3.958820 9.559865 0.018690
-4.179089 9.339596 0.018690
-4.399359 9.119326 0.018690
-4.619628 8.899056 0.018690
-4.839898 8.678787 0.018690
-5.060168 8.458517 0.018690
-5.280437 8.238248 0.018690
-5.500707 8.017978 0.018690
-5.720976 7.797708 0.018690
-5.831111 7.536837 0.018088
-5.831111 7.235363 0.018088
-5.831111 6.933890 0.018088
-5.831111 6.632416 0.018088
-5.831111 6.330943 0.018088
-5.831111 6.029469 0.018088
-5.831111 5.727996 0.018088
-5.831111 5.426523 0.018088
-5.831111 5.125049 0.018088
-5.831111 4.823576 0.018088
-5.831111 4.522102 0.018088
-5.831111 4.220629 0.018088
-5.831111 3.919155 0.018088
-5.831111 3.617682 0.018088
-5.831111 3.316208 0.018088
-5.831111 3.014735 0.018088
-5.831111 2.713261 0.018088
-5.831111 2.411788 0.018088
-5.831111 2.110314 0.018088
-5.831111 1.808841 0.018088
-5.831111 1.507367 0.018088
-5.831111 1.205894 0.018088
-5.831111 0.904420 0.018088
-5.831111 0.602947 0.018088
-5.831111 0.301473 0.018088
-5.831111 0.000000 0.018088
-5.831111 -0.301473 0.018088
-5.831111 -0.602947 0.018088
-5.831111 -0.904420 0.018088
-5.831111 -1.205894 0.018088
-5.831111 -1.507367 0.018088
-5.831111 -1.808841 0.018088
-5.831111 -2.110314 0.018088
-5.831111 -2.411788 0.018088
-5.831111 -2.713261 0.018088
-5.831111 -3.014735 0.018088
-5.831111 -3.316208 0.018088
-5.831111 -3.617682 0.018088
-5.831111 -3.919155 0.018088
-5.831111 -4.220629 0.018088
-5.831111 -4.522102 0.018088
-5.831111 -4.823576 0.018088
-5.831111 -5.125049 0.018088
-5.831111 -5.426523 0.018088
-5.831111 -5.727996 0.018088
-5.831111 -6.029469 0.018088
-5.831111 -6.330943 0.018088
-5.831111 -6.632416 0.018088
-5.831111 -6.933890 0.018088
-5.831111 -7.235363 0.018088
-5.831111 -7.536837 0.018088
-5.720976 -7.797708 0.018690
-5.500707 -8.017978 0.018690
-5.280437 -8.238248 0.018690
-5.060168 -8.458517 0.018690
-4.839898 -8.678787 0.018690
-4.619628 -8.899056 0.018690
-4.399359 -9.119326 0.018690
-4.179089 -9.339596 0.018690
-3.958820 -9.559865 0.018690
-3.694737 -9.670000 0.018474
-3.386843 -9.670000 0.018474
-3.078948 -9.670000 0.018474
-2.771053 -9.670000 0.018474
-2.463158 -9.670000 0.018474
-2.155263 -9.670000 0.018474
-1.847369 -9.670000 0.018474
-1.539474 -9.670000 0.018474
-1.231579 -9.670000 0.018474
-0.923684 -9.670000 0.018474
-0.615790 -9.670000 0.018474
-0.307895 -9.670000 0.018474
0.000000 -9.670000 0.018474
0.307895 -9.670000 0.018474
0.615790 -9.670000 0.018474
0.923684 -9.670000 0.018474
1.231579 -9.670000 0.018474
1.539474 -9.670000 0.018474
1.847369 -9.670000 0.018474
2.155263 -9.670000 0.018474
2.463158 -9.670000 0.018474
2.771053 -9.670000 0.018474
3.078948 -9.670000 0.018474
3.386843 -9.670000 0.018474
3.694737 -9.670000 0.018474
3.958820 -9.559865 0.018690
4.179089 -9.339596 0.018690
4.399359 -9.119326 0.018690
4.619628 -8.899056 0.018690
4.839898 -8.678787 0.018690
5.060168 -8.458517 0.018690
5.280437 -8.238248 0.018690
5.500707 -8.017978 0.018690
5.720976 -7.797708 0.018690
5.831111 -7.536837 0.018088
5.831111 -7.235363 0.018088
5.831111 -6.933890 0.018088
5.831111 -6.632416 0.018088
5.831111 -6.330943 0.018088
5.831111 -6.029469 0.018088
5.831111 -5.727996 0.018088
5.831111 -5.426523 0.018088
5.831111 -5.125049 0.018088
5.831111 -4.823576 0.018088
5.831111 -4.522102 0.018088
5.831111 -4.220629 0.018088
5.831111 -3.919155 0.018088
5.831111 -3.617682 0.018088
5.831111 -3.316208 0.018088
5.831111 -3.014735 0.018088
5.831111 -2.713261 0.018088
5.831111 -2.411788 0.018088
5.831111 -2.110314 0.018088
5.831111 -1.808841 0.018088
5.831111 -1.507367 0.018088
5.831111 -1.205894 0.018088
5.831111 -0.904420 0.018088
5.831111 -0.602947 0.018088
5.831111 -0.301473 0.018088
5.831111 0.000000 0.018088
5.831111 0.301473 0.018088
5.831111 0.602947 0.018088
5.831111 0.904420 0.018088
5.831111 1.205894 0.018088
5.831111 1.507367 0.018088
5.831111 1.808841 0.018088
5.831111 2.110314 0.018088
5.831111 2.411788 0.018088
5.831111 2.713261 0.018088
5.831111 3.014735 0.018088
5.831111 3.316208 0.018088
5.831111 3.617682 0.018088
5.831111 3.919155 0.018088
5.831111 4.220629 0.018088
5.831111 4.522102 0.018088
5.831111 4.823576 0.018088
5.831111 5.125049 0.018088
5.831111 5.426523 0.018088
5.831111 5.727996 0.018088
5.831111 6.029469 0.018088
5.831111 6.330943 0.018088
5.831111 6.632416 0.018088
5.831111 6.933890 0.018088
5.831111 7.235363 0.018088
5.831111 7.536837 0.018088
3.754849 7.048689 0.023124
3.482324 7.321213 0.023124
3.209800 7.593738 0.023124
2.919861 7.730000 0.018441
2.612507 7.730000 0.018441
2.305153 7.730000 0.018441
1.997799 7.730000 0.018441
1.690446 7.730000 0.018441
1.383092 7.730000 0.018441
1.075738 7.730000 0.018441
0.768384 7.730000 0.018441
0.461031 7.730000 0.018441
0.153677 7.730000 0.018441
-0.153677 7.730000 0.018441
-0.461031 7.730000 0.018441
-0.768384 7.730000 0.018441
-1.075738 7.730000 0.018441
-1.383092 7.730000 0.018441
-1.690446 7.730000 0.018441
-1.997799 7.730000 0.018441
-2.305153 7.730000 0.018441
-2.612507 7.730000 0.018441
-2.919861 7.730000 0.018441
-3.209800 7.593738 0.023124
-3.482324 7.321213 0.023124
-3.754849 7.048689 0.023124
-3.891111 6.756180 0.018750
-3.891111 6.443689 0.018750
-3.891111 6.131197 0.018750
-3.891111 5.818705 0.018750
-3.891111 5.506213 0.018750
-3.891111 5.193721 0.018750
-3.891111 4.881230 0.018750
-3.891111 4.568738 0.018750
-3.891111 4.256246 0.018750
-3.891111 3.943754 0.018750
-3.891111 3.631262 0.018750
-3.891111 3.318770 0.018750
-3.891111 3.006279 0.018750
-3.891111 2.693787 0.018750
-3.891111 2.381295 0.018750
-3.891111 2.068803 0.018750
-3.891111 1.756311 0.018750
-3.891111 1.443820 0.018750
-3.754849 1.151311 0.023124
-3.482324 0.878787 0.023124
-3.209800 0.606262 0.023124
-2.919861 0.470000 0.018441
-2.612507 0.470000 0.018441
-2.305153 0.470000 0.018441
-1.997799 0.470000 0.018441
-1.690446 0.470000 0.018441
-1.383092 0.470000 0.018441
-1.075738 0.470000 0.018441
-0.768384 0.470000 0.018441
-0.461031 0.470000 0.018441
-0.153677 0.470000 0.018441
0.153677 0.470000 0.018441
0.461031 0.470000 0.018441
0.768384 0.470000 0.018441
1.075738 0.470000 0.018441
1.383092 0.470000 0.018441
1.690446 0.470000 0.018441
1.997799 0.470000 0.018441
2.305153 0.470000 0.018441
2.612507 0.470000 0.018441
2.919861 0.470000 0.018441
3.209800 0.606262 0.023124
3.482324 0.878787 0.023124
3.754849 1.151311 0.023124
3.891111 1.443820 0.018750
3.891111 1.756311 0.018750
3.891111 2.068803 0.018750
3.891111 2.381295 0.018750
3.891111 2.693787 0.018750
3.891111 3.006279 0.018750
3.891111 3.318770 0.018750
3.891111 3.631262 0.018750
3.891111 3.943754 0.018750
3.891111 4.256246 0.018750
3.891111 4.568738 0.018750
3.891111 4.881230 0.018750
3.891111 5.193721 0.018750
3.891111 5.506213 0.018750
3.891111 5.818705 0.018750
3.891111 6.131197 0.018750
3.891111 6.443689 0.018750
3.891111 6.756180 0.018750
3.754849 -1.151311 0.023124
3.482324 -0.878787 0.023124
3.209800 -0.606262 0.023124
2.919861 -0.470000 0.018441
2.612507 -0.470000 0.018441
2.305153 -0.470000 0.018441
1.997799 -0.470000 0.018441
1.690446 -0.470000 0.018441
1.383092 -0.470000 0.018441
1.075738 -0.470000 0.018441
0.768384 -0.470000 0.018441
0.461031 -0.470000 0.018441
0.153677 -0.470000 0.018441
-0.153677 -0.470000 0.018441
-0.461031 -0.470000 0.018441
-0.768384 -0.470000 0.018441
-1.075738 -0.470000 0.018441
-1.383092 -0.470000 0.018441
-1.690446 -0.470000 0.018441
-1.997799 -0.470000 0.018441
-2.305153 -0.470000 0.018441
-2.612507 -0.470000 0.018441
-2.919861 -0.470000 0.018441
-3.209800 -0.606262 0.023124
-3.482324 -0.878787 0.023124
-3.754849 -1.151311 0.023124
-3.891111 -1.443820 0.018750
-3.891111 -1.756311 0.018750
-3.891111 -2.068803 0.018750
-3.891111 -2.381295 0.018750
-3.891111 -2.693787 0.018750
-3.891111 -3.006279 0.018750
-3.891111 -3.318770 0.018750
-3.891111 -3.631262 0.018750
-3.891111 -3.943754 0.018750
-3.891111 -4.256246 0.018750
-3.891111 -4.568738 0.018750
-3.891111 -4.881230 0.018750
-3.891111 -5.193721 0.018750
-3.891111 -5.506213 0.018750
-3.891111 -5.818705 0.018750
-3.891111 -6.131197 0.018750
-3.891111 -6.443689 0.018750
-3.891111 -6.756180 0.018750
-3.754849 -7.048689 0.023124
-3.482324 -7.321213 0.023124
-3.209800 -7.593738 0.023124
-2.919861 -7.730000 0.018441
-2.612507 -7.730000 0.018441
-2.305153 -7.730000 0.018441
-1.997799 -7.730000 0.018441
-1.690446 -7.730000 0.018441
-1.383092 -7.730000 0.018441
-1.075738 -7.730000 0.018441
-0.768384 -7.730000 0.018441
-0.461031 -7.730000 0.018441
-0.153677 -7.730000 0.018441
0.153677 -7.730000 0.018441
0.461031 -7.730000 0.018441
0.768384 -7.730000 0.018441
1.075738 -7.730000 0.018441
1.383092 -7.730000 0.018441
1.690446 -7.730000 0.018441
1.997799 -7.730000 0.018441
2.305153 -7.730000 0.018441
2.612507 -7.730000 0.018441
2.919861 -7.730000 0.018441
3.209800 -7.593738 0.023124
3.482324 -7.321213 0.023124
3.754849 -7.048689 0.023124
3.891111 -6.756180 0.018750
3.891111 -6.443689 0.018750
3.891111 -6.131197 0.018750
3.891111 -5.818705 0.018750
3.891111 -5.506213 0.018750
3.891111 -5.193721 0.018750
3.891111 -4.881230 0.018750
3.891111 -4.568738 0.018750
3.891111 -4.256246 0.018750
3.891111 -3.943754 0.018750
3.891111 -3.631262 0.018750
3.891111 -3.318770 0.018750
3.891111 -3.006279 0.018750
3.891111 -2.693787 0.018750
3.891111 -2.381295 0.018750
3.891111 -2.068803 0.018750
3.891111 -1.756311 0.018750
3.891111 -1.443820 0.018750
