1.736645 9.580914 0.050853
1.719801 9.373302 0.050142
0.085923 -8.958024 0.041105
0.087592 8.950637 0.044829
0.368228 8.019786 0.044274
0.647865 8.019243 0.045590
0.472452 8.129029 0.047858
5.893778 -7.094906 0.038604
5.893778 -6.923477 0.039910
5.896378 -7.681752 0.042131
0.100003 -0.043621 0.043920
0.090754 -9.687062 0.042039
0.085923 -8.746188 0.040802
0.202955 -8.643692 0.055073
0.212043 -8.437285 0.053754
1.587965 9.685106 0.049058
0.789384 9.578831 0.050400
0.097499 8.319068 0.044152
0.090556 8.009325 0.040475
0.188054 8.119111 0.047841
0.112982 8.627191 0.051031
0.200574 8.753480 0.046060
0.210481 8.436648 0.053280
0.405260 8.345934 0.046930
0.765809 8.126404 0.050068
0.940757 8.017161 0.046687
0.744166 9.370523 0.049002
1.548184 9.269000 0.051041
5.890238 -6.632011 0.042649
5.788461 -6.801166 0.053626
5.892571 -7.382435 0.041784
5.793393 -7.518003 0.051993
5.790793 -7.200007 0.052291
5.279254 -6.695799 0.050823
5.186616 -6.866868 0.048891
5.586263 -6.831611 0.050891
5.481779 -6.674291 0.048546
0.094207 0.342082 0.041511
1.551379 -8.016584 0.048573
5.778798 -0.502767 0.047090
0.204713 -9.062659 0.055500
0.710865 -8.750789 0.049465
0.389937 -8.750499 0.047191
0.534934 -8.646853 0.053145
0.391695 -8.957629 0.047005
0.095011 -8.329778 0.044668
0.089560 -8.013479 0.041704
0.184571 -8.121825 0.046204
0.096111 9.580327 0.046469
0.096111 9.367722 0.045482
0.666565 9.684981 0.045387
0.482136 9.582751 0.049603
0.207817 9.075657 0.051958
0.216335 9.273847 0.054832
0.417859 9.381433 0.046701
0.557069 9.275355 0.052434
0.967299 9.683850 0.047241
4.224185 -3.512315 0.043944
0.497855 -0.234741 0.050995
0.683887 -0.337887 0.045457
0.859817 8.647018 0.051962
0.535411 8.447987 0.053690
0.865458 8.439851 0.052464
0.720546 8.338243 0.048017
5.492598 7.015598 0.049498
5.295211 7.030198 0.049583
5.885833 5.597671 0.043473
5.781062 5.447670 0.056610
5.481003 5.211860 0.046358
5.162951 5.319901 0.049978
5.275723 5.175031 0.048598
5.575683 5.408668 0.052524
3.528119 9.692181 0.048757
3.361978 9.588592 0.050972
1.680290 8.333945 0.049678
0.714442 8.959376 0.048936
0.706770 8.752857 0.049498
0.394462 8.978285 0.045577
0.542190 9.070397 0.054189
0.387220 8.769841 0.047646
0.527277 8.655434 0.053168
1.032168 8.749645 0.050098
0.890219 9.266418 0.051870
1.205812 9.060182 0.051476
0.875374 9.060228 0.052341
1.040054 8.956336 0.049908
1.905658 9.685808 0.049513
4.219799 -5.837378 0.040136
5.600592 -7.520356 0.047609
4.493471 -9.183727 0.047598
4.269192 -9.406485 0.047122
4.300615 -9.231559 0.050327
4.529001 -9.003110 0.050096
4.377731 -8.869259 0.048894
4.717384 -8.958231 0.048244
4.753331 -8.772716 0.050656
1.519883 -8.439638 0.050770
5.172673 -6.543986 0.049506
4.968631 -6.560485 0.049458
0.229923 0.055226 0.054507
0.224127 0.245414 0.056717
0.423019 0.343332 0.045539
0.440664 -0.038076 0.046742
0.543741 -8.439478 0.053138
0.407833 -8.336717 0.046642
0.187533 9.687770 0.042057
0.372034 9.687770 0.042819
1.274730 9.684416 0.048336
1.416983 9.579522 0.050902
1.100879 9.578266 0.050832
1.394046 9.371028 0.049952
1.069018 9.369141 0.049592
1.219931 9.266798 0.051370
2.470294 -0.340346 0.045325
5.778797 -2.072355 0.052717
4.223950 -2.200327 0.044075
5.588576 -0.180590 0.045102
2.570634 0.340810 0.045998
5.896114 7.683301 0.041977
5.591897 7.176197 0.048667
5.790490 7.204252 0.052179
5.892413 7.385432 0.041674
5.792971 7.520987 0.051899
5.585852 6.838475 0.050732
5.782627 5.769983 0.056866
5.890216 6.637833 0.042486
5.788293 6.806931 0.053410
4.332836 6.247722 0.050157
5.217695 7.213021 0.050278
4.949940 5.308271 0.048201
5.582887 5.073535 0.052183
5.890784 5.302935 0.042219
5.892060 5.014348 0.038967
5.787289 5.125608 0.054236
4.878174 8.210863 0.051839
4.480591 8.160111 0.045825
3.866798 9.696990 0.047172
3.700386 9.599171 0.049551
3.196963 9.686411 0.050325
3.370777 9.391850 0.048797
2.006024 8.122278 0.050055
4.491949 9.185183 0.047525
4.184239 8.926202 0.050211
1.835728 8.648902 0.050101
1.835094 8.439052 0.050356
1.996692 8.333827 0.049714
2.151209 8.439623 0.049932
1.041212 8.334757 0.049205
1.071249 8.123906 0.050638
1.857619 8.016230 0.049008
1.693483 8.122673 0.050336
1.189123 8.646341 0.051121
1.192526 8.438621 0.051459
1.515624 8.438739 0.050835
1.361719 8.334213 0.049560
1.679701 8.752576 0.050275
1.514402 8.647520 0.050519
1.357095 8.750714 0.050284
1.365899 8.957863 0.050045
1.534156 9.062452 0.051167
1.690651 8.960358 0.049792
2.226924 9.686485 0.049783
2.059197 9.582293 0.050823
5.784674 -6.482785 0.054115
5.578413 -6.494619 0.051762
5.779923 -3.065275 0.053647
4.856856 -4.504613 0.050036
4.647769 -4.492309 0.049641
0.648762 -8.017385 0.045344
0.364140 -8.018347 0.043885
0.470369 -8.125732 0.048769
4.222860 -6.116825 0.042617
4.327103 -5.945522 0.050694
4.545644 -4.647901 0.049668
4.532584 -5.601405 0.048799
4.637797 -5.444568 0.049669
4.538740 -5.280866 0.049202
4.329283 -5.261850 0.051377
4.963955 -4.670981 0.048946
5.172790 -4.683922 0.048791
5.501465 -7.355533 0.050992
5.296155 -7.022705 0.049714
5.592489 -7.170753 0.048776
5.493276 -7.008955 0.049636
4.829151 -8.394729 0.049737
3.197778 -9.686351 0.050385
3.038062 -9.370484 0.051073
2.875481 -9.684516 0.050824
3.035533 -9.580867 0.050439
3.867311 -9.696762 0.047227
3.907624 -9.339019 0.047726
4.050949 -9.625686 0.046079
4.075081 -9.456528 0.049124
3.528929 -9.692030 0.048814
3.363162 -9.588382 0.051020
3.717565 -9.410207 0.048414
3.701385 -9.598793 0.049606
5.825279 -7.847251 0.047407
4.938402 -8.732732 0.049133
4.974963 -8.547034 0.049932
5.158892 -8.512674 0.048981
4.030881 -8.800831 0.050274
4.186746 -8.924085 0.050281
4.145160 -9.105768 0.047789
3.946280 -9.163185 0.051010
2.795119 -8.013032 0.049046
2.316324 -8.758389 0.049525
1.696558 -8.122933 0.050302
1.683925 -8.334516 0.049669
1.860106 -8.016349 0.049027
2.008670 -8.122514 0.050037
2.711564 -9.581434 0.051500
4.756760 -7.656929 0.046005
4.813251 -7.462049 0.051718
1.385052 -8.123498 0.050528
1.245357 -8.016915 0.047884
1.366188 -8.334969 0.049577
2.170471 -8.016165 0.049334
5.886994 -2.223734 0.043159
5.890045 -2.951778 0.039774
5.890045 -2.785477 0.039185
5.887885 -0.382504 0.042680
5.784641 -0.207491 0.053228
5.467067 2.244285 0.049937
5.782372 2.381696 0.052187
5.572668 2.407524 0.050214
5.260396 1.917408 0.050122
5.887861 2.212355 0.042810
5.471044 1.595203 0.049836
2.242215 0.339415 0.047077
2.413185 0.240225 0.054590
2.419177 0.046545 0.051220
0.186917 -9.579723 0.046342
0.413938 -9.367936 0.046950
0.096163 -9.372847 0.044978
0.214953 -9.267233 0.053933
0.960655 -9.684118 0.047347
0.782255 -9.577944 0.050671
0.539946 -9.060978 0.053661
0.551949 -9.266711 0.053161
0.714118 -8.957784 0.049251
0.738415 -9.369381 0.049012
1.095424 -9.578824 0.051042
1.584607 -9.685353 0.049169
1.269810 -9.684706 0.048452
1.413335 -9.580059 0.051038
1.903586 -9.685999 0.049612
1.734433 -9.581351 0.050938
5.887358 -1.940333 0.042356
5.782999 -1.770091 0.051785
5.886469 -0.655305 0.043379
5.253860 -1.254515 0.047140
5.572341 -1.737587 0.050406
5.473216 -1.575128 0.049939
4.223798 -1.913459 0.043730
4.332193 -2.052400 0.052027
2.614098 -0.238696 0.054103
2.598683 -0.044552 0.050101
2.953345 -0.240329 0.052052
2.794629 -0.338349 0.047640
5.269591 0.621170 0.051020
5.782201 0.174456 0.049809
5.464428 0.288851 0.052701
5.477958 -0.029903 0.047717
5.563911 0.131844 0.051432
5.549900 -0.486344 0.052254
5.462922 -0.339180 0.046716
2.761128 0.243978 0.054756
2.957316 -0.043828 0.050574
2.783185 0.052295 0.052033
3.732052 0.133586 0.050116
3.314195 -0.099823 0.052958
3.142632 0.031187 0.048632
3.503667 -0.069454 0.048888
3.536433 0.104238 0.052133
3.399130 0.269181 0.049137
3.194802 0.226500 0.061432
4.328638 -3.355488 0.053962
4.220008 -3.220618 0.042151
5.573347 -2.712577 0.050145
5.782638 -2.681091 0.052197
5.888148 -2.507559 0.042054
5.779587 -2.377232 0.052766
4.951835 -3.008303 0.048997
1.001786 -0.338645 0.046951
0.823549 -0.236532 0.053061
5.824732 7.848490 0.047373
5.784689 6.489829 0.053938
5.582103 6.167088 0.051906
5.481499 6.682411 0.048389
5.275880 6.382517 0.049434
5.479033 6.353962 0.047839
5.578412 6.502863 0.051603
5.890028 6.345294 0.042369
5.786822 6.171454 0.054509
5.465259 5.526433 0.044973
5.257807 5.474496 0.045831
5.146858 5.622705 0.048424
5.185766 6.875266 0.048747
5.278800 6.704602 0.050632
5.172560 6.553609 0.049333
4.968381 6.570564 0.049326
4.868347 6.740694 0.050471
4.979492 6.894402 0.050578
4.863360 6.415849 0.049798
4.654844 6.413146 0.050761
4.646714 6.097726 0.049324
4.546443 6.248133 0.048368
5.893632 7.098830 0.038592
5.893632 6.927968 0.039775
4.223367 6.112046 0.043943
5.043040 7.238014 0.046447
4.742065 7.129262 0.048796
4.914281 7.074327 0.050736
5.599781 7.524356 0.047503
5.500630 7.360745 0.050864
5.323815 7.382970 0.046120
4.534466 5.299481 0.049093
4.326189 5.267042 0.050595
4.224378 4.810035 0.044172
4.222303 5.093998 0.042838
4.331126 4.967365 0.050864
4.643463 5.143403 0.048942
4.544009 4.984333 0.049481
4.853331 5.149739 0.050021
5.889370 4.557347 0.042459
5.892060 4.845619 0.039616
5.785875 4.727154 0.054237
5.586815 3.738765 0.049311
5.787675 3.704955 0.053200
5.890495 3.526597 0.042136
5.156790 8.514981 0.048929
5.067230 8.176440 0.048048
5.383261 8.294218 0.047674
5.199591 8.328956 0.050458
3.716067 9.410987 0.048351
3.591151 9.119658 0.050288
3.552599 9.307255 0.050513
3.792804 9.047962 0.047893
3.207638 9.279288 0.052096
3.456162 9.009537 0.046595
3.505563 8.813554 0.048124
3.254471 9.084572 0.051440
3.561192 8.412503 0.049986
3.712262 8.553817 0.048315
4.027954 8.803147 0.050214
3.835334 8.867726 0.048501
3.683082 8.743439 0.049402
2.168327 8.016048 0.049334
4.050402 9.626088 0.046012
4.936324 8.734923 0.049070
4.972594 8.549723 0.049840
4.826338 8.398120 0.049667
1.548588 8.016443 0.048522
1.242334 8.016746 0.047783
1.381491 8.123189 0.050579
2.550973 9.686800 0.049997
2.384378 9.583285 0.050931
2.537365 9.275767 0.051430
2.375560 9.377958 0.050247
5.892170 -5.005370 0.038519
5.892170 -4.837141 0.039747
5.889991 -6.338552 0.042475
5.786756 -6.163539 0.054682
5.275591 -6.372450 0.049642
5.478806 -6.344591 0.048077
5.581831 -6.157744 0.052143
5.787714 -5.113452 0.054356
5.483652 -4.871420 0.048464
5.583962 -5.058551 0.052173
5.482528 -5.197730 0.046618
5.278595 -4.847562 0.050110
5.471293 -2.874666 0.050828
5.570462 -3.039208 0.050109
5.462379 -3.204601 0.050963
5.259191 -3.190780 0.051412
5.159760 -3.016590 0.048771
5.263780 -2.865869 0.050728
5.885434 -3.231443 0.042811
5.886724 -4.259438 0.042127
5.785005 -4.088079 0.052340
4.840908 -3.169815 0.051734
4.640812 -3.509172 0.051891
4.632004 -3.174278 0.048996
4.531353 -3.341126 0.048592
0.380651 -0.336854 0.043432
0.093537 -0.342182 0.041173
0.193541 -0.239036 0.046262
4.225268 -6.397576 0.043919
4.332573 -6.242945 0.050706
4.863120 -6.404715 0.050058
4.654945 -6.401805 0.050865
4.545885 -6.235650 0.048757
4.223469 -5.102308 0.043707
4.332470 -4.960224 0.051300
4.223579 -4.534660 0.042670
4.332580 -4.659940 0.051631
4.224557 -4.817618 0.043940
4.651083 -4.809532 0.049526
4.545932 -4.964176 0.049682
4.646387 -5.125276 0.049019
4.860306 -4.820309 0.049851
4.221370 -5.387430 0.042189
4.219799 -5.667082 0.039749
4.325613 -5.563283 0.050488
4.855940 -5.134837 0.050230
4.964708 -4.984514 0.048823
5.277785 -5.161865 0.048885
5.174162 -4.998827 0.049147
5.044877 -7.230679 0.046493
5.219010 -7.206006 0.050363
5.325107 -7.377037 0.046179
4.989129 -7.425513 0.046893
5.090950 -7.601551 0.046668
5.252796 -7.577748 0.048320
4.881023 -8.206968 0.051920
4.779604 -8.034333 0.049274
5.020151 -7.808481 0.049149
4.861838 -7.827323 0.045933
4.644362 -8.439455 0.051812
4.417885 -8.683407 0.050556
4.605103 -8.631743 0.048801
3.589776 -8.215700 0.047775
3.437262 -8.064963 0.050554
4.478923 -8.320990 0.051174
5.653451 -7.875567 0.049030
5.360310 -7.748309 0.049597
5.531748 -7.712420 0.046646
5.608391 -8.068799 0.047234
3.795303 -9.046376 0.047934
3.838317 -8.865705 0.048565
3.554482 -9.306435 0.050562
3.593564 -9.118438 0.050349
3.459019 -9.008471 0.046596
3.372535 -9.391373 0.048869
3.209680 -9.278959 0.052136
3.257082 -9.084055 0.051465
3.115387 -8.011711 0.048978
3.267826 -8.128215 0.051207
2.949900 -8.114743 0.049482
2.938466 -8.318668 0.049075
3.090162 -8.426197 0.049942
3.254036 -8.338777 0.047725
2.921761 -8.739605 0.045822
3.074895 -8.632315 0.047584
3.212511 -8.756504 0.045896
3.147617 -8.962226 0.045614
2.961521 -8.951964 0.045460
2.313420 -8.334841 0.049673
2.320784 -8.122603 0.049847
2.632667 -8.119470 0.048933
2.481645 -8.016438 0.049677
1.838566 -8.439729 0.050331
1.838839 -8.649822 0.050043
2.154200 -8.440199 0.049929
1.999763 -8.334311 0.049702
2.155738 -8.651592 0.049769
2.001573 -8.755796 0.050126
2.652931 -8.967590 0.046941
2.707388 -9.375912 0.049999
2.873834 -9.268611 0.052465
2.842342 -9.065281 0.052326
2.550794 -9.686919 0.050060
4.980502 -6.885679 0.050717
4.869098 -6.731109 0.050708
4.915908 -7.066188 0.050850
1.198085 -8.439798 0.051306
0.865927 -8.647441 0.051828
5.892312 0.070043 0.039560
5.892312 -0.099339 0.039135
4.643806 2.241810 0.050334
5.470999 2.567830 0.050207
5.265011 1.592359 0.050359
5.158932 1.753597 0.050018
5.887085 1.926870 0.043527
5.779391 2.077140 0.052541
5.780564 1.772004 0.052340
5.568300 2.083241 0.050047
5.465403 1.919730 0.049992
5.569973 1.758762 0.050112
5.889035 1.641544 0.042261
0.659245 -9.683826 0.045755
0.369164 -9.682661 0.044193
0.477395 -9.576487 0.049214
0.874037 -9.061191 0.052358
0.886332 -9.267055 0.052067
1.064941 -9.370324 0.049763
2.335882 -8.967725 0.048374
2.515540 -9.071312 0.051766
2.538505 -9.276304 0.051462
1.718664 -9.374119 0.050252
4.218069 -1.357325 0.039330
4.331165 -2.356886 0.052167
4.222770 -2.486992 0.042896
1.326557 -0.338540 0.047312
1.160727 -0.237185 0.053942
1.151215 -0.042309 0.049721
1.916347 0.339587 0.045784
2.067282 0.239002 0.054520
5.891196 -1.494063 0.039369
5.891196 -1.662013 0.039503
5.778719 -0.797374 0.053608
5.100571 -1.125646 0.045680
4.908655 -1.216430 0.046303
4.582591 -1.206485 0.048367
4.746133 -1.126940 0.055264
4.078762 -1.098297 0.046485
4.255032 -1.168976 0.047046
4.410773 -1.078675 0.049685
5.567680 -2.061369 0.049962
5.465583 -1.896843 0.050149
5.259691 -1.892577 0.050398
5.163783 -1.419533 0.046997
5.261530 -1.572583 0.051067
5.154762 -1.730776 0.049558
4.948614 -1.718376 0.048190
4.844818 -1.538654 0.052397
4.953219 -1.398004 0.048271
3.415602 -0.440909 0.040124
3.121500 -0.341979 0.047082
3.297033 -0.276489 0.045719
5.129367 0.163211 0.045489
5.184390 0.464299 0.046654
5.278570 0.294438 0.045679
5.457638 -0.633158 0.047077
5.578786 -0.791650 0.045229
5.461903 -0.940202 0.047650
5.272399 -0.286850 0.045523
5.127142 -0.002611 0.054093
5.283007 -0.088414 0.045747
4.542870 2.079653 0.049725
3.872397 -0.013511 0.048869
3.449220 0.453101 0.047123
2.894378 0.343168 0.042337
3.084589 0.343168 0.040546
0.940171 0.243665 0.054554
0.962134 0.051686 0.052142
0.793409 -0.041077 0.048892
0.759597 0.342122 0.046652
0.584707 0.245453 0.055176
0.596556 0.054233 0.053161
5.892349 5.887323 0.039236
5.892349 6.056206 0.039198
5.259889 5.770061 0.045798
5.483488 6.029919 0.046366
5.578484 5.832543 0.052563
5.466495 5.716042 0.045024
4.964261 6.251176 0.049068
5.172602 6.234800 0.049309
4.952745 5.938335 0.047939
4.856015 6.098067 0.050240
5.277140 6.069076 0.048206
5.165529 5.925720 0.050363
4.239770 7.530923 0.048585
4.085628 7.397757 0.050254
3.889836 7.445029 0.045639
4.106161 7.232767 0.045106
3.861510 7.619622 0.049891
4.986656 7.432118 0.046856
4.219442 5.547266 0.039976
4.219442 5.375424 0.040359
4.634692 5.460613 0.049795
4.840299 5.463068 0.048889
4.942360 5.622907 0.049082
4.842607 5.782878 0.049206
5.276104 3.897834 0.051331
5.484196 3.903134 0.048800
5.889611 3.235161 0.043143
5.784550 3.390977 0.053124
1.091028 0.341543 0.045166
4.315934 3.374569 0.057414
5.483605 3.224932 0.050732
5.484584 3.568041 0.050793
5.579499 3.398611 0.050084
5.188127 3.738984 0.047181
5.293986 3.573559 0.048203
4.976447 3.728537 0.050906
4.924287 3.559398 0.047832
5.607031 8.070625 0.047207
5.429520 8.104911 0.049200
5.652306 7.877869 0.048997
5.530497 7.716049 0.046585
2.840090 9.064943 0.052245
3.266272 8.128513 0.051232
3.893716 8.500372 0.049370
4.057156 8.625414 0.047584
2.318524 8.122378 0.049852
2.622956 8.331043 0.050150
2.464297 8.440165 0.049343
2.310737 8.334403 0.049683
3.114488 8.011581 0.049024
2.948291 8.114484 0.049440
4.268164 9.407457 0.047036
4.299056 9.232994 0.050230
4.143092 9.107502 0.047729
4.074016 9.457394 0.049029
3.944277 9.164683 0.050935
3.906092 9.340111 0.047648
4.475734 8.324736 0.051044
4.641420 8.442844 0.051701
4.274918 8.393425 0.046339
4.253296 8.563062 0.050933
2.152899 8.650852 0.049798
1.999015 8.754906 0.050062
2.711035 9.581273 0.051441
2.875017 9.684473 0.050766
3.034504 9.580883 0.050376
2.706245 9.375567 0.049954
3.036380 9.370503 0.051018
2.872103 9.268386 0.052401
5.892320 -5.879928 0.039384
5.892320 -6.049034 0.039175
5.171851 -6.224158 0.049460
4.963421 -6.239924 0.049185
5.891099 -5.293480 0.042031
5.317944 -3.590792 0.046385
5.892363 -3.515454 0.041815
5.782241 -3.368742 0.051540
5.790645 -3.688742 0.056569
5.605560 -3.708565 0.045490
5.493685 -3.534503 0.048339
5.568648 -3.367967 0.051831
5.893837 -3.812410 0.038691
5.893837 -3.980988 0.038473
5.889249 -4.547387 0.042361
5.780417 -4.395858 0.054811
5.581097 -4.719941 0.051879
5.785863 -4.713557 0.054880
5.273924 -4.526454 0.051266
5.477173 -4.538615 0.049288
5.573109 -4.380701 0.050787
4.223158 -3.797977 0.043107
4.331788 -3.664252 0.051972
4.545699 -3.675471 0.050830
4.638256 -3.845182 0.051526
4.218309 -4.255420 0.039463
4.326332 -4.360448 0.051115
4.527097 -4.007627 0.048381
4.537458 -4.330136 0.050418
4.630621 -4.175369 0.048585
4.218309 -4.084349 0.039638
4.325911 -3.971641 0.053460
4.555943 -6.547761 0.047082
4.664585 -6.721294 0.051277
4.549892 -6.855647 0.049165
4.339579 -6.536237 0.050823
4.644950 -6.084437 0.049402
4.635547 -5.765670 0.049900
4.535880 -5.920428 0.048890
4.841379 -5.770638 0.049242
4.951074 -5.926761 0.048078
4.854311 -6.085801 0.050490
4.942304 -5.611587 0.049122
4.841685 -5.449781 0.049211
4.952181 -5.295641 0.048037
5.146618 -5.611724 0.048399
5.164572 -5.308355 0.050057
5.258391 -5.462633 0.045963
3.462023 -7.878269 0.047342
3.674973 -7.661666 0.046531
3.645495 -7.841027 0.049272
3.766771 -8.173222 0.049506
4.130898 -8.086228 0.049875
3.976774 -7.943289 0.047659
3.797729 -7.985244 0.049344
4.622650 -8.027795 0.044918
4.484125 -8.156041 0.045857
4.306427 -8.042065 0.045740
5.126666 -7.981272 0.049975
5.304980 -7.944902 0.048111
5.069773 -8.172749 0.048127
5.431358 -8.102246 0.049269
5.385100 -8.292017 0.047716
5.201829 -8.326150 0.050537
3.508823 -8.812180 0.048161
3.371779 -8.682043 0.049399
3.715642 -8.551514 0.048375
3.686382 -8.741476 0.049456
3.564341 -8.410608 0.050066
3.398037 -8.470433 0.048310
2.776400 -8.428939 0.047849
2.625383 -8.331453 0.050140
2.466996 -8.440658 0.049354
2.468363 -8.652813 0.049740
2.774962 -8.643759 0.050347
2.625312 -8.758428 0.048376
4.217227 -6.949685 0.042079
4.229866 -6.674437 0.044806
4.331538 -6.820314 0.047344
3.863726 -7.617319 0.050013
4.013293 -7.754726 0.048678
4.744164 -7.121241 0.048918
4.591606 -7.027090 0.045255
4.697256 -7.322268 0.043906
0.726570 -8.335733 0.048599
0.872825 -8.439760 0.052035
1.046830 -8.335567 0.049313
0.769054 -8.124625 0.050240
0.943717 -8.017240 0.046834
1.075238 -8.124155 0.050598
4.952716 2.078214 0.049928
4.849169 2.241578 0.050424
5.261150 2.242546 0.050187
5.157375 2.079181 0.050051
5.890066 2.493876 0.040322
5.890066 2.662517 0.039733
5.295236 3.211312 0.047840
5.042514 3.386795 0.040132
5.200533 3.390509 0.053012
4.646347 1.915649 0.050447
4.543510 1.755298 0.049598
4.850829 1.914441 0.050355
4.954025 1.751597 0.050046
4.333431 1.466916 0.051547
5.783358 1.467353 0.051922
5.471091 1.268949 0.051181
5.575959 1.434253 0.049464
1.040479 -8.958329 0.049939
1.193776 -8.648123 0.050946
1.035623 -8.751574 0.050214
2.376060 -9.378463 0.050316
2.058097 -9.582635 0.050885
2.225897 -9.686636 0.049865
2.384173 -9.583555 0.050985
1.876203 -9.272533 0.050899
2.046482 -9.376401 0.050331
2.206169 -9.275310 0.050939
2.188955 -9.069565 0.051470
2.015233 -8.964433 0.049250
1.862167 -9.066310 0.051268
4.331995 -1.750354 0.051400
4.223752 -1.631291 0.042287
4.326266 -1.456105 0.049248
4.541856 -1.718086 0.048274
4.642394 -1.538484 0.052468
4.535047 -1.395566 0.047998
4.848008 -2.850295 0.050541
4.220880 -2.768400 0.040262
4.328094 -2.660743 0.051696
4.220880 -2.938262 0.040246
4.325333 -3.045920 0.050743
4.534613 -3.013942 0.050621
4.639690 -2.851471 0.050464
4.537623 -2.690878 0.049967
1.650162 -0.339081 0.045865
1.501542 -0.237621 0.054210
2.056544 0.043544 0.051507
2.237470 -0.049723 0.051063
1.874698 -0.048285 0.051141
2.273171 -0.242471 0.053946
2.155077 -0.342125 0.041139
1.967163 -0.342125 0.041625
1.843021 -0.241206 0.054771
5.887805 -0.942780 0.043258
5.449598 -1.248876 0.052262
5.549170 -1.097904 0.051426
5.571208 -1.416439 0.047950
5.778530 -1.386987 0.053860
5.882889 -1.216277 0.043605
5.775139 -1.094758 0.048437
4.542910 -2.042333 0.049185
4.644376 -1.871123 0.051454
4.848711 -1.871244 0.051510
4.057619 0.041070 0.053243
4.208264 -0.080217 0.052370
4.404246 0.001529 0.049320
4.440516 0.193493 0.051827
3.872188 0.881454 0.046963
5.885445 0.342703 0.042508
5.887400 0.914901 0.042596
5.781723 1.084112 0.051807
5.465243 0.945660 0.049348
5.570335 1.108997 0.050279
4.983893 0.438530 0.047645
4.944432 0.254604 0.045376
4.773239 0.177700 0.053617
4.619816 0.285186 0.046923
4.223247 2.202541 0.042449
4.331953 2.070738 0.052425
4.332342 1.767239 0.052327
4.223637 1.635250 0.042561
4.224261 1.918674 0.043386
3.853978 -0.867837 0.047401
4.036978 -0.910782 0.052458
4.430070 7.178938 0.044125
4.274929 7.134292 0.049312
4.589926 7.034835 0.045209
4.216834 6.950973 0.042337
3.435663 8.066155 0.050399
3.587081 8.217785 0.047709
4.192558 7.716675 0.048588
4.010090 7.758102 0.048565
4.331312 7.861337 0.047893
4.302756 8.046099 0.045653
5.251044 7.583070 0.048269
5.088540 7.607226 0.046662
5.358575 7.752539 0.049521
5.017451 7.813485 0.049119
5.124252 7.985436 0.049890
5.302872 7.948645 0.048049
4.858678 7.832595 0.045915
4.776423 8.038969 0.049229
4.619024 8.032352 0.044875
4.516960 7.842818 0.045796
4.538622 5.935146 0.048550
4.637784 5.780030 0.049575
4.531930 5.617604 0.048565
4.324956 5.650364 0.049994
4.221070 5.827521 0.042344
4.328882 5.949876 0.050486
5.482107 4.888084 0.048220
5.580324 4.738025 0.051668
4.650538 4.828707 0.049483
4.214848 3.517665 0.040106
5.892735 3.812604 0.038795
5.892735 3.982144 0.039650
5.888560 4.267470 0.042513
5.782374 4.411222 0.054065
5.785740 4.098868 0.053023
5.578060 4.069894 0.051571
5.166039 4.054042 0.049284
5.891635 2.942520 0.041592
5.785690 3.075457 0.053572
5.584735 3.057593 0.048965
5.786145 2.765944 0.050348
5.481317 2.889083 0.048511
5.576782 2.730370 0.050553
4.488322 3.385535 0.041320
4.601363 3.557382 0.047181
4.765665 3.493500 0.044332
3.144695 8.962425 0.045608
2.958765 8.951759 0.045425
3.461167 7.879182 0.047259
3.673701 7.662974 0.046498
3.643734 7.842881 0.049151
2.793750 8.012903 0.049069
2.630746 8.119233 0.048909
2.479873 8.016330 0.049694
4.375249 8.871568 0.048827
4.415103 8.686161 0.050475
4.602412 8.634632 0.048731
4.526995 9.005057 0.050009
4.715497 8.960126 0.048174
4.751060 8.775108 0.050572
2.333899 8.966984 0.048342
2.513750 9.070668 0.051691
2.650617 8.967025 0.046896
2.622636 8.757874 0.048326
2.465622 8.652204 0.049752
2.313753 8.757670 0.049468
1.861211 9.065278 0.051184
2.013549 8.963500 0.049234
2.187579 9.068759 0.051395
1.876332 9.271673 0.050875
2.046715 9.375770 0.050245
2.205624 9.274634 0.050913
5.276390 -6.058087 0.048471
5.483156 -6.019532 0.046540
5.259342 -5.758827 0.045970
5.164723 -5.914812 0.050365
5.885748 -5.589084 0.043585
5.781292 -5.436748 0.057002
5.782513 -5.760796 0.057223
5.576473 -5.395899 0.052724
5.465548 -5.514311 0.045175
5.578273 -5.821867 0.052907
5.466127 -5.704436 0.045152
5.141320 -3.332040 0.048951
5.175697 -3.509722 0.046566
4.930962 -3.319362 0.045835
4.831517 -3.491870 0.048078
4.976535 -3.612519 0.046083
4.842397 -4.190297 0.050595
4.958321 -4.357368 0.048633
5.166553 -4.366269 0.048237
3.897070 -8.497540 0.049455
3.922763 -8.314156 0.048679
4.107845 -8.269116 0.048196
4.060373 -8.622629 0.047666
4.256393 -8.560031 0.051030
4.278172 -8.389903 0.046434
3.891310 -7.443506 0.045587
4.196152 -7.712758 0.048648
4.335161 -7.857158 0.048009
4.572689 -7.674249 0.048356
4.520813 -7.838105 0.045825
4.107497 -7.231088 0.044893
4.088059 -7.394933 0.050334
4.276496 -7.130563 0.049531
4.432521 -7.172635 0.044228
4.243335 -7.526779 0.048726
4.502296 -7.350222 0.047799
4.434219 -7.507323 0.048502
5.263347 2.564954 0.049997
5.159098 2.402909 0.049965
4.951777 2.402909 0.049959
4.852891 1.587128 0.050400
4.646859 1.589621 0.050885
4.545485 1.433228 0.048954
4.225350 1.359541 0.040815
5.889879 1.193708 0.040070
5.889879 1.361426 0.039687
1.205509 -9.062112 0.051584
1.217676 -9.268244 0.051434
1.391685 -9.372096 0.050087
1.547189 -9.270159 0.051071
4.541702 -2.366940 0.049636
4.642837 -2.527181 0.050421
4.645205 -2.200313 0.050823
1.511376 -0.041653 0.050743
1.326879 0.052305 0.052016
1.691672 0.049808 0.051696
1.409565 0.342635 0.041021
1.288654 0.244179 0.054348
1.597687 0.342635 0.041404
1.722584 0.242223 0.055088
3.767697 0.321611 0.049310
3.622167 0.476183 0.050924
3.657284 0.667010 0.046819
3.839036 0.698436 0.051217
4.288781 0.308023 0.051940
4.101865 0.237347 0.048275
3.952289 0.370791 0.051212
3.988511 0.556789 0.048111
5.890139 0.629764 0.042723
5.781983 0.782009 0.051582
5.780028 0.473180 0.053700
5.577301 0.461940 0.047518
5.476643 0.624398 0.048955
5.571215 0.787883 0.050360
4.393797 -0.892377 0.048915
4.196273 -0.795162 0.049029
4.568891 -0.104160 0.052112
4.555113 -0.282230 0.047506
4.758583 -0.019681 0.049039
4.927551 -0.108599 0.047243
3.644580 -0.639508 0.048865
3.814779 -0.663975 0.055556
3.581029 -0.441672 0.058066
3.651932 -0.246882 0.047777
3.825043 -0.220287 0.056199
4.225024 6.395672 0.044605
4.330741 6.824390 0.047087
4.555143 6.557763 0.046751
4.338932 6.540699 0.050133
4.229463 6.674315 0.045193
4.663625 6.730595 0.051080
4.548693 6.863606 0.048901
4.104587 8.272705 0.048101
4.127568 8.090005 0.049795
3.919525 8.317300 0.048612
3.763959 8.176028 0.049409
3.795109 7.988097 0.049245
3.973655 7.946669 0.047564
4.568991 7.679770 0.048170
4.753310 7.662931 0.045935
4.499043 7.356528 0.047638
4.430555 7.512536 0.048414
4.694366 7.329544 0.043812
4.810197 7.468713 0.051620
5.172104 5.010932 0.049391
5.276604 4.862311 0.049474
5.171171 4.695362 0.049263
4.962722 4.997270 0.048962
4.859383 4.835308 0.049645
4.963332 4.682022 0.049328
4.858115 4.518159 0.049675
4.960580 4.363952 0.049684
5.476240 4.559714 0.048800
5.574795 4.402719 0.051199
5.473301 4.229993 0.049253
5.272591 4.542825 0.050232
5.167216 4.375277 0.049184
5.269371 4.219440 0.050556
4.216641 3.208499 0.041961
4.328805 2.373403 0.051859
4.538446 2.403757 0.049838
2.773827 8.428454 0.047813
2.936157 8.318225 0.049070
2.772182 8.643246 0.050352
2.918838 8.739213 0.045781
4.929412 -4.051678 0.045004
4.828795 -3.874305 0.047709
4.975342 -3.765687 0.046182
4.926427 3.211903 0.047433
4.766462 3.276961 0.044539
4.603952 3.213681 0.047280
4.859141 0.570574 0.050333
4.666258 0.494133 0.049528
4.052540 0.925218 0.048668
4.081919 1.104922 0.044428
4.403856 1.073941 0.047696
4.263996 1.178988 0.048701
1.692045 -8.961611 0.049790
1.534606 -9.063874 0.051272
1.366935 -8.959680 0.050021
1.682378 -8.753760 0.050358
1.518062 -8.648789 0.050410
1.360059 -8.752446 0.050410
5.159940 -2.697625 0.049416
4.952092 -2.690338 0.049472
4.848988 -2.527817 0.050691
4.362071 -0.361513 0.051426
4.362566 -0.535245 0.050188
4.175055 -0.621874 0.050434
4.179867 -0.265189 0.049722
3.981868 -0.350678 0.054200
3.976562 -0.533631 0.051787
4.746950 -0.377853 0.050003
5.118677 -0.381149 0.053111
4.929695 -0.288701 0.049831
4.224264 4.524869 0.044178
4.333087 4.667927 0.051222
4.546363 4.669632 0.049218
4.649991 4.512371 0.049782
4.223329 3.962295 0.041062
4.536749 3.722253 0.051009
4.322622 3.693502 0.046189
4.223329 3.793533 0.040785
4.221113 2.481548 0.039864
4.221113 2.649195 0.039769
3.071834 8.632202 0.047532
3.368478 8.682988 0.049336
3.209302 8.756823 0.045898
3.394928 8.471558 0.048266
3.251426 8.339198 0.047645
3.087509 8.426006 0.049953
5.142203 -4.053642 0.048144
5.263420 -4.201162 0.051485
5.318848 -3.809345 0.045903
5.175407 -3.881442 0.046967
5.496063 -3.875435 0.048358
5.572316 -4.047231 0.052697
5.466726 -4.203432 0.050662
4.977678 3.045268 0.050757
5.161230 2.724483 0.049750
5.273417 2.886072 0.051150
5.188467 3.040963 0.046905
4.542029 3.045735 0.051207
4.331578 2.754866 0.052369
4.327107 3.051519 0.048788
4.226021 2.925928 0.043090
4.945087 0.751548 0.049293
5.256121 0.937380 0.050925
5.155040 0.776376 0.048091
4.530341 0.590285 0.051977
4.548887 0.780263 0.048262
4.381587 0.871257 0.045331
4.212348 0.796601 0.049501
4.332165 0.495868 0.046319
4.181471 0.611189 0.050984
5.262303 -2.542479 0.050606
5.465216 -2.222337 0.050152
5.568926 -2.386821 0.050111
5.468197 -2.548633 0.050259
5.156595 -2.052128 0.049659
5.260024 -2.217362 0.050411
5.157840 -2.375692 0.049656
4.952372 -2.368318 0.049530
4.951763 -2.043195 0.049279
4.849724 -2.201055 0.050856
5.263367 -0.681462 0.045824
5.113514 -0.578129 0.054144
5.105617 -0.960140 0.054974
5.266295 -0.878612 0.045903
4.223184 4.240656 0.043026
4.331892 4.367896 0.051211
4.330958 4.069134 0.050800
4.544343 4.353694 0.049306
4.649097 3.874724 0.050943
4.857078 3.877969 0.049971
4.647276 4.194227 0.050215
4.542598 4.036908 0.049044
4.958692 4.044625 0.049698
4.855388 4.198697 0.049844
4.849788 2.565736 0.050162
4.954992 2.725265 0.049771
4.856390 2.891159 0.050558
4.652009 2.890871 0.050764
4.641820 2.566352 0.050934
4.542644 2.725594 0.049265
5.158652 1.099096 0.051791
5.268530 1.267328 0.048815
5.167365 1.429789 0.049737
4.960152 1.426558 0.050354
4.922139 -0.656767 0.049411
4.744557 -0.548938 0.051043
4.743746 -0.917644 0.048552
4.911314 -0.841628 0.048737
4.563229 -0.810891 0.052367
4.553215 -0.627047 0.047400
4.868206 1.262282 0.049515
4.965540 1.097282 0.046927
4.587376 1.112489 0.045745
4.659571 1.266459 0.051989
4.683528 0.921769 0.044647
4.853056 0.910738 0.054983
5.340124 8.480578 -0.000000
-5.888386 6.948544 0.053396
-1.705440 9.685615 0.049878
-0.707878 -8.325202 0.046956
-0.846501 -8.430057 0.051174
-5.892157 6.614366 0.052068
-5.784987 6.777792 0.052924
-0.094795 -0.341898 0.041848
-0.375913 8.018517 0.044860
-2.970067 9.683226 0.049561
-3.891628 9.681627 0.048929
-0.196720 -0.238162 0.047399
-0.101926 -0.042931 0.044550
-0.236141 0.055116 0.055681
-5.887237 0.562274 0.051298
-0.093152 -8.954537 0.046685
-0.189744 -9.092419 0.046173
-0.656013 -8.015270 0.044298
-0.766273 -8.120001 0.049178
-0.950315 -8.014731 0.045493
-0.094136 0.341898 0.041557
-0.228351 0.244713 0.058862
-0.597841 0.244281 0.057623
-0.765446 0.341466 0.045794
-0.426894 0.342815 0.045660
-4.949917 -8.713849 0.042214
-5.895023 -5.604325 0.050997
-5.893660 -5.267379 0.051285
-5.793127 -5.434134 0.051173
-4.530994 -1.355020 0.053750
-5.789001 -5.100711 0.050750
-5.590050 -5.429399 0.051488
-0.107236 8.626772 0.048401
-0.204016 8.434472 0.050894
-1.249314 8.016548 0.047028
-1.071454 8.121280 0.049848
-3.278834 9.682635 0.049401
-3.132856 9.575861 0.049784
-4.777606 8.729781 0.052985
-4.949914 8.713829 0.042219
-4.987917 8.521725 0.052191
-4.054016 9.619570 0.041083
-4.093418 9.431197 0.052575
-4.253967 9.417766 0.040053
-4.362059 9.157721 0.051215
-4.370858 9.300875 0.038307
-0.817920 -0.039347 0.049750
-0.615533 0.053996 0.054329
-0.452376 -0.037067 0.047637
-5.890757 0.240766 0.050181
-5.782438 0.398537 0.052736
-4.633029 -1.535668 0.051702
-0.096592 -9.283724 0.048093
-0.220245 -9.401296 0.049826
-0.737996 -9.684028 0.049313
-0.559351 -9.587122 0.052414
-0.093634 -8.009727 0.042020
-2.821652 -9.577255 0.050057
-1.071446 -8.121277 0.049846
-1.026027 -8.331403 0.049226
-5.903965 7.641818 0.049368
-3.841017 7.492688 0.045893
-3.654308 -8.119779 0.051759
-5.893722 -5.941925 0.051447
-5.793190 -5.771837 0.051280
-4.220957 -4.781724 0.040431
-1.552754 -8.016286 0.047916
-1.249310 -8.016547 0.047027
-1.379090 -8.122833 0.050342
-3.480300 -8.006583 0.056509
-1.343408 -0.338415 0.046512
-1.186795 -0.235609 0.056197
-0.385829 -0.336264 0.044027
-0.507270 -0.233216 0.053091
-3.862653 -0.450296 0.050155
-3.735571 -0.290157 0.047329
-1.603300 0.339433 0.046066
-5.578846 -5.103697 0.052561
-5.480428 -5.265630 0.049089
-5.470449 -4.946812 0.050114
-2.970016 -9.683229 0.049560
-3.524091 -8.940489 0.050015
-4.182631 8.142207 0.050862
-0.738017 9.684028 0.049314
-1.544769 9.581680 0.051230
-0.096780 8.318761 0.043896
-0.093634 8.009727 0.042020
-0.190413 8.118243 0.047136
-0.200390 8.757787 0.050613
-0.093154 8.954539 0.046686
-0.189746 9.092426 0.046173
-0.387202 9.097154 0.048981
-0.395517 8.339226 0.045727
-0.473781 8.123788 0.044959
-0.950317 8.014732 0.045494
-0.656012 8.015272 0.044299
-0.766277 8.120004 0.049179
-2.840722 9.365296 0.049665
-2.658162 9.684023 0.049660
-2.821711 9.577249 0.050059
-2.342997 9.684733 0.049753
-2.506949 9.578756 0.050364
-1.379101 8.122835 0.050343
-3.586091 9.683552 0.048863
-3.441477 9.576187 0.049588
-3.749684 9.575179 0.049795
-4.628059 8.574456 0.050138
-4.331047 8.283883 0.051227
-5.449147 8.217048 0.041556
-5.079099 8.128268 0.049747
-5.252243 8.259849 0.051079
-4.754915 8.909431 0.042466
-4.568886 8.943506 0.052745
-4.561335 9.107414 0.040843
-5.575085 0.388561 0.049931
-4.129633 -0.148003 0.053700
-5.888908 -1.947136 0.051091
-5.888104 -1.314343 0.050521
-5.780692 -1.463412 0.050672
-5.888143 -1.628911 0.050882
-5.781496 -1.779995 0.051268
-5.569015 -1.757204 0.050483
-5.568201 -1.435189 0.049550
-5.463172 -1.577896 0.052341
-4.219030 -3.553226 0.040073
-0.416457 -9.693095 0.045777
-0.093914 -9.686168 0.043881
-0.217567 -9.589262 0.054849
-1.224893 -9.376109 0.051228
-0.888501 -9.580483 0.052974
-0.685314 -8.738181 0.045725
-0.831289 -8.640447 0.052837
-0.096779 -8.318761 0.043895
-0.190413 -8.118242 0.047135
-0.473779 -8.123785 0.044958
-0.375914 -8.018515 0.044860
-4.220957 -4.610860 0.040611
-1.383509 -9.686064 0.049768
-1.060086 -9.686455 0.049436
-1.218102 -9.582519 0.051787
-2.072598 -9.059521 0.050465
-1.472082 -8.647304 0.050965
-1.169051 -8.437609 0.050904
-1.344250 -8.333769 0.049453
-1.490803 -8.437841 0.050724
-5.844334 7.821227 0.041630
-5.897615 7.289012 0.051029
-5.806024 7.461024 0.049930
-5.790445 7.114031 0.052503
-5.614309 7.483179 0.051851
-5.139960 6.941929 0.050116
-4.964799 7.271082 0.049504
-4.793319 7.818745 0.051020
-4.653518 7.663745 0.051152
-4.897548 7.445709 0.051804
-4.704298 7.475335 0.050456
-4.465680 7.707167 0.052424
-4.086352 7.811364 0.050592
-4.418329 7.902312 0.050131
-4.227975 7.951476 0.052165
-4.568367 7.315991 0.052175
-4.324750 7.007532 0.056008
-5.788144 6.443364 0.051777
-5.249332 6.792189 0.046485
-5.576825 6.734353 0.052309
-5.464266 6.844524 0.045859
-4.218799 6.721378 0.041118
-4.218799 6.896007 0.040013
-4.069259 7.264404 0.047489
-4.248878 7.216137 0.052123
-4.381819 7.360433 0.053032
-4.329911 7.563200 0.049932
-4.013226 7.463733 0.053785
-4.140937 7.618233 0.052158
-5.844559 -7.821046 0.041602
-4.987947 -8.521749 0.052193
-5.252359 -8.259844 0.051081
-3.882451 -8.773606 0.050877
-4.777603 -8.729817 0.052984
-4.628041 -8.574537 0.050138
-5.790742 -7.112763 0.052481
-4.418194 -7.902678 0.050137
-3.773893 -7.701162 0.053780
-4.140669 -7.618569 0.052150
-3.351548 -9.043428 0.050062
-3.554455 -8.729259 0.050635
-3.733227 -8.644869 0.050470
-3.618022 -8.318322 0.051427
-3.768191 -8.447927 0.051103
-5.891857 -6.276192 0.052086
-5.790024 -6.107089 0.051063
-4.221596 -6.423453 0.043935
-4.221636 -4.021445 0.043422
-4.219030 -3.725433 0.040114
-4.325111 -3.844577 0.056372
-1.016826 -0.337194 0.047516
-0.841595 -0.234146 0.055737
-0.694102 -0.336952 0.046209
-4.616450 -0.653450 0.051207
-4.363158 -0.960681 0.052241
-3.955354 -0.044243 0.054128
-3.767009 -0.119788 0.059231
-3.039534 -0.039304 0.050006
-3.982886 0.162261 0.050234
-3.840564 0.282313 0.056451
-3.234200 0.058844 0.053302
-3.402045 -0.046997 0.054019
-3.593237 0.019773 0.052889
-3.639261 0.215370 0.056051
-4.003975 -0.872014 0.054138
-4.535004 -1.705343 0.053016
-2.861125 0.051906 0.052780
-2.778980 0.342062 0.041640
-2.900800 0.243868 0.055159
-1.755997 0.238598 0.056110
-1.933492 0.339165 0.047467
-2.108505 0.239152 0.056116
-5.890896 -4.935879 0.052018
-0.559371 9.587124 0.052415
-0.557932 9.377374 0.054451
-0.417707 9.295383 0.043984
-0.740587 9.267804 0.050257
-0.784322 9.062232 0.051089
-0.969138 8.961405 0.047982
-1.103781 9.066539 0.051029
-1.554089 9.374284 0.050757
-1.399657 9.272260 0.050435
-1.793817 8.645487 0.050666
-1.490827 8.437845 0.050725
-1.344269 8.333773 0.049454
-1.383546 9.686064 0.049769
-0.888530 9.580484 0.052976
-0.892538 9.374009 0.051679
-1.060116 9.686455 0.049437
-1.218139 9.582520 0.051788
-1.224930 9.376110 0.051229
-1.070916 9.273571 0.050419
-0.384539 8.764830 0.046039
-0.662157 8.949899 0.046875
-0.474759 8.966309 0.046074
-0.707888 8.325206 0.046957
-0.685324 8.738185 0.045726
-0.519359 8.435912 0.052330
-0.512007 8.638499 0.050700
-1.552761 8.016287 0.047917
-3.957559 9.282307 0.048692
-3.776213 9.364232 0.047939
-4.666948 8.386214 0.050942
-4.854497 8.349435 0.050187
-4.894153 8.162011 0.051109
-4.519452 8.238936 0.050295
-4.748541 8.007952 0.050247
-4.561389 8.048096 0.051982
-5.143447 8.523154 0.040285
-5.258811 8.407790 0.039715
-5.121693 7.940493 0.050457
-5.228044 7.568133 0.050274
-4.981526 7.785030 0.050679
-5.034975 7.600403 0.050222
-5.160185 0.368071 0.048327
-5.783817 0.073365 0.051820
-4.294692 -0.043721 0.048294
-4.039988 -0.486260 0.055274
-4.164039 -0.348224 0.053337
-4.114124 -0.702733 0.049752
-4.294726 -0.752989 0.052098
-4.367239 -0.414249 0.048889
-4.423790 -0.602540 0.055186
-4.876874 -0.874688 0.051665
-4.958658 -1.048748 0.052411
-4.842418 -1.207663 0.052062
-4.636406 -1.190385 0.052291
-4.552444 -1.001766 0.054705
-4.676672 -0.844985 0.051078
-5.149996 -1.388465 0.051353
-5.253312 -1.556946 0.052199
-4.837160 -1.543420 0.052966
-4.941138 -1.380050 0.051749
-5.783119 -2.100884 0.051563
-5.464787 -1.904685 0.051934
-5.571478 -2.081224 0.051153
-5.466722 -2.230087 0.051315
-4.224956 -2.962613 0.044163
-0.662148 -8.949896 0.046874
-0.474752 -8.966304 0.046073
-0.387197 -9.097145 0.048979
-0.417697 -9.295377 0.043983
-0.557913 -9.377371 0.054450
-1.284050 -8.962093 0.048958
-1.307651 -8.752774 0.049283
-0.992937 -8.751335 0.048275
-1.151173 -8.647150 0.051623
-0.519351 -8.435907 0.052329
-0.395512 -8.339221 0.045727
-0.204013 -8.434469 0.050893
-0.107234 -8.626772 0.048400
-0.200386 -8.757783 0.050611
-0.511999 -8.638496 0.050699
-0.384533 -8.764824 0.046038
-2.658108 -9.684025 0.049659
-4.329361 -4.170737 0.055944
-4.223281 -4.318831 0.043690
-4.535735 -4.518440 0.052568
-4.328682 -4.493441 0.056036
-1.705396 -9.685616 0.049877
-1.544725 -9.581680 0.051229
-1.924535 -8.956917 0.049929
-1.625829 -8.751148 0.049853
-5.647128 8.021396 0.042034
-5.676548 7.836834 0.053621
-5.462140 8.051875 0.052125
-5.307831 7.906901 0.049733
-5.544463 7.679579 0.047348
-5.360734 7.719168 0.050532
-5.470398 7.033062 0.046401
-5.588414 7.148411 0.052535
-5.503869 7.345548 0.047560
-5.301335 7.390913 0.048929
-5.260034 7.087842 0.046926
-5.175516 7.248557 0.051364
-4.638112 7.131005 0.052152
-4.527436 6.966843 0.052224
-4.931937 6.947284 0.050264
-4.841294 7.115722 0.051144
-5.148013 6.637430 0.052300
-5.472930 6.228695 0.048149
-5.261064 6.495805 0.048365
-5.579091 6.412829 0.052532
-5.474942 6.540393 0.046739
-5.456201 3.663104 0.048454
-5.790536 3.437844 0.058066
-4.950079 2.033033 0.051243
-4.219257 3.546782 0.040213
-1.404375 0.241504 0.056696
-1.281673 0.342071 0.041334
-1.372235 0.049756 0.052441
-1.189063 -0.040204 0.051203
-0.995418 0.053010 0.053453
-0.960638 0.243537 0.056945
-1.092627 0.342071 0.041975
-4.964206 3.197013 0.046977
-4.834501 3.313393 0.053282
-4.649089 2.924462 0.053895
-4.539632 2.751758 0.052375
-4.331767 2.782805 0.057230
-4.225896 2.957703 0.044300
-3.616884 0.629958 0.043368
-5.904165 -7.641348 0.049388
-5.897770 -7.287812 0.051076
-5.806379 -7.460268 0.049893
-5.614896 -7.482709 0.051890
-5.308234 -7.906903 0.049723
-5.361283 -7.719150 0.050538
-5.545056 -7.679313 0.047332
-5.676933 -7.836570 0.053637
-5.121989 -7.940657 0.050450
-5.079263 -8.128348 0.049747
-5.143472 -8.523161 0.040278
-5.258841 -8.407792 0.039709
-4.068277 -8.714419 0.050014
-4.441437 -8.617133 0.050565
-4.754904 -8.909453 0.042462
-5.888527 -6.946647 0.053476
-5.464701 -6.844570 0.045895
-5.249772 -6.793132 0.046501
-5.140269 -6.943118 0.050050
-2.915857 -8.737136 0.049600
-3.208927 -8.938264 0.049857
-4.227787 -7.951781 0.052148
-4.086121 -7.811655 0.050588
-3.843187 -8.057608 0.051478
-3.891444 -7.865433 0.052490
-3.010019 -9.257692 0.050067
-2.840652 -9.365306 0.049665
-2.693437 -9.261894 0.050422
-2.717130 -9.052878 0.049845
-2.890978 -8.944698 0.050493
-3.036653 -9.046099 0.049859
-3.323059 -9.255854 0.049895
-3.153804 -9.362282 0.049519
-3.278791 -9.682642 0.049399
-3.132801 -9.575872 0.049783
-2.268712 -8.746225 0.050182
-2.569068 -8.951076 0.050350
-2.246751 -8.954175 0.050184
-2.395366 -9.056786 0.050232
-2.458523 -8.433236 0.050577
-2.629192 -8.328452 0.050431
-2.783808 -8.430407 0.050493
-2.764880 -8.637431 0.050753
-2.591939 -8.743191 0.050124
-2.440198 -8.640950 0.050613
-1.663267 -8.332900 0.049787
-1.690378 -8.122282 0.050575
-1.860733 -8.015996 0.048589
-3.411519 -8.620461 0.049847
-3.238533 -8.726527 0.050218
-3.091138 -8.626800 0.051117
-3.440122 -8.406466 0.051643
-5.488639 -5.589920 0.049803
-5.589884 -5.762168 0.051796
-5.788743 -6.440354 0.051768
-5.577486 -6.733482 0.052450
-5.892442 -6.611420 0.052128
-5.785413 -6.775817 0.052955
-5.475832 -6.539948 0.046821
-5.580061 -6.411217 0.052644
-4.830981 -3.324845 0.053125
-4.225292 -5.371492 0.044201
-5.265573 -5.272829 0.051813
-4.634173 -4.690229 0.052363
-4.328431 -6.269330 0.056203
-4.222390 -6.123085 0.043715
-4.534710 -6.266211 0.052732
-2.804355 -8.014651 0.049417
-2.641403 -8.119853 0.051052
-2.487064 -8.015202 0.049336
-3.618351 -7.713418 0.042512
-3.484797 -7.846972 0.042444
-3.484798 0.497871 0.043720
-3.470350 0.337748 0.056322
-3.101491 0.341806 0.045570
-3.256482 0.247992 0.054912
-2.173036 -0.340079 0.045720
-2.117812 0.045740 0.051936
-4.328112 -1.730488 0.056286
-2.489964 0.049917 0.052439
-2.303762 -0.045558 0.051318
-2.320160 -0.238878 0.055725
-2.502786 -0.338799 0.047878
-2.669382 -0.237428 0.055219
-2.672958 -0.042032 0.051305
-2.264975 0.339987 0.046250
-2.588672 0.342062 0.042233
-2.460484 0.242049 0.056003
-4.329481 2.379771 0.056210
-4.223610 2.205251 0.043719
-5.891413 -4.605028 0.051931
-5.787887 -4.440376 0.051716
-5.786754 -4.771468 0.051484
-5.578565 -4.453561 0.052511
-5.576460 -4.779415 0.052205
-5.471798 -4.626160 0.050160
-5.892029 -4.272200 0.051863
-3.891616 -9.681635 0.048928
-4.054008 -9.619578 0.041083
-4.253961 -9.417776 0.040053
-4.093403 -9.431219 0.052573
-3.846335 -8.966853 0.049523
-3.666747 -9.049345 0.049642
-3.996784 -9.095023 0.050732
-3.957527 -9.282349 0.048690
-0.416469 9.693096 0.045778
-0.093916 9.686168 0.043881
-0.217574 9.589264 0.054851
-0.096592 9.283728 0.048094
-0.220251 9.401301 0.049827
-1.946528 8.748740 0.050097
-2.246811 8.954172 0.050186
-2.487085 8.015203 0.049336
-1.663292 8.332903 0.049788
-1.812530 8.436703 0.050625
-1.690394 8.122284 0.050576
-1.307675 8.752777 0.049284
-1.603289 8.959802 0.049513
-1.625862 8.751151 0.049854
-1.472110 8.647308 0.050966
-1.284077 8.962096 0.048959
-1.425939 9.065278 0.050916
-1.026042 8.331407 0.049226
-1.169070 8.437614 0.050905
-0.846515 8.430062 0.051175
-0.831303 8.640453 0.052838
-0.992953 8.751340 0.048276
-1.151193 8.647155 0.051624
-3.774017 7.701053 0.053803
-3.891642 7.865229 0.052499
-2.523286 9.368571 0.049845
-2.373276 9.265265 0.050461
-2.693509 9.261885 0.050424
-2.395432 9.056781 0.050233
-2.202879 9.370593 0.050154
-2.188937 9.579875 0.050569
-2.025315 9.685143 0.049863
-1.868268 9.580758 0.050848
-4.183635 9.040950 0.048954
-3.996827 9.094962 0.050735
-2.569141 8.951070 0.050352
-2.717208 9.052869 0.049846
-5.238717 0.528076 0.053020
-5.455881 0.543318 0.051940
-5.888616 -0.079084 0.050307
-5.876974 -0.381074 0.052972
-5.770034 -0.238260 0.049529
-5.545367 -0.264468 0.048360
-5.456103 -0.465722 0.059135
-5.585782 -0.591383 0.044907
-5.900568 -0.687480 0.046979
-5.781986 -0.532942 0.047146
-4.521809 -0.277731 0.054684
-4.483668 -0.107425 0.047850
-4.824452 0.427088 0.054368
-4.957296 0.314242 0.048410
-4.635286 0.043465 0.048628
-4.962058 0.114599 0.048355
-4.828921 -0.002407 0.058522
-4.619731 0.368817 0.056238
-4.540754 0.202066 0.048583
-4.188820 0.251046 0.054819
-4.326348 0.148824 0.047355
-4.533521 -2.405963 0.052685
-4.220595 -2.669744 0.040359
-4.329996 -2.786918 0.057359
-4.220595 -2.498771 0.040456
-4.327805 -2.380589 0.056406
-4.842680 -2.902817 0.054101
-4.643643 -2.933153 0.053597
-4.535396 -2.757519 0.052081
-4.631711 -2.580131 0.052559
-4.835042 -2.563341 0.053739
-4.937763 -2.710393 0.048321
-4.224186 -3.257020 0.044098
-4.333586 -3.108895 0.056164
-4.327661 -3.433532 0.057849
-4.528362 -3.463716 0.051173
-4.546873 -3.108832 0.053724
-4.638174 -3.287141 0.053521
-4.526944 -3.820768 0.051899
-4.621566 -3.645748 0.052007
-0.892509 -9.374007 0.051678
-0.740567 -9.267801 0.050255
-1.070885 -9.273569 0.050418
-0.784307 -9.062227 0.051088
-1.103755 -9.066535 0.051028
-0.969120 -8.961400 0.047981
-2.342945 -9.684734 0.049752
-2.506891 -9.578759 0.050363
-2.523220 -9.368576 0.049844
-2.373211 -9.265270 0.050459
-2.025266 -9.685143 0.049862
-1.868219 -9.580759 0.050847
-2.188883 -9.579877 0.050568
-1.879837 -9.372355 0.050426
-2.050821 -9.267458 0.050498
-2.202820 -9.370596 0.050154
-1.399617 -9.272259 0.050434
-1.554044 -9.374284 0.050756
-1.726333 -9.269816 0.050494
-1.425904 -9.065276 0.050914
-1.603252 -8.959801 0.049512
-1.749254 -9.062315 0.050699
-5.259441 6.190968 0.049494
-5.151724 6.330514 0.050740
-4.644922 5.387617 0.053779
-1.860744 8.015997 0.048590
-5.886546 1.187756 0.051736
-5.775112 0.716587 0.051104
-5.552539 1.017522 0.052112
-5.883430 0.874256 0.052369
-5.774421 1.027571 0.051830
-5.551109 0.707607 0.052824
-5.437546 0.855226 0.051161
-5.160834 1.348429 0.052434
-5.251901 1.176037 0.049766
-5.455506 1.175673 0.054229
-5.895354 2.802453 0.046542
-5.798391 3.001073 0.054359
-5.466922 3.481196 0.047087
-5.594318 3.366317 0.053097
-5.179326 3.263323 0.047849
-5.250646 3.413336 0.047427
-4.952000 1.697356 0.052106
-4.847982 1.875891 0.052413
-4.945673 2.695895 0.048983
-4.973325 3.013557 0.048694
-4.850202 2.890906 0.054088
-5.120772 3.546833 0.048215
-5.147842 3.848678 0.052269
-5.238164 3.701347 0.046406
-4.919747 3.513200 0.048033
-4.952730 1.363573 0.052853
-4.851968 1.213205 0.049103
-4.848438 1.541733 0.051318
-4.640559 1.548287 0.051099
-4.529952 3.454760 0.051271
-4.328670 3.425954 0.058229
-4.641579 3.277187 0.054017
-4.550638 3.100032 0.053949
-4.224969 3.250575 0.044293
-4.335309 3.102226 0.056209
-4.221395 1.448088 0.040407
-3.895909 0.484627 0.052915
-3.774830 0.643583 0.056878
-4.331921 2.057938 0.056318
-4.539466 1.713739 0.053183
-4.541622 2.057386 0.052847
-4.643328 1.885721 0.051494
-4.842107 2.552397 0.053344
-4.637179 2.574704 0.052870
-4.537369 2.403833 0.052767
-4.641199 2.228761 0.051905
-4.845000 2.214237 0.053009
-4.946099 2.367003 0.050408
-5.228639 -7.568436 0.050254
-4.965168 -7.272145 0.049464
-5.647327 -8.021274 0.042018
-5.449252 -8.217021 0.041543
-5.462401 -8.051770 0.052151
-4.666935 -8.386342 0.050934
-4.854527 -8.349522 0.050184
-4.894231 -8.162163 0.051101
-4.519392 -8.239135 0.050295
-4.561336 -8.048394 0.051964
-4.748583 -8.008242 0.050248
-4.568870 -8.943544 0.052742
-4.404964 -8.806505 0.050037
-4.183599 -9.041009 0.048951
-4.218977 -8.853652 0.050787
-4.329689 -7.563739 0.049944
-4.465547 -7.707721 0.052392
-4.631093 -6.439756 0.050894
-4.841544 -7.117058 0.051103
-4.932275 -6.948749 0.050244
-4.826256 -6.783427 0.052451
-3.953853 -8.386268 0.050864
-3.992563 -8.194492 0.051453
-4.182486 -8.142443 0.050858
-4.104715 -8.524023 0.051018
-4.330949 -8.284081 0.051217
-4.291887 -8.473885 0.050479
-1.812498 -8.436700 0.050624
-2.116508 -8.643394 0.050574
-1.946484 -8.748740 0.050096
-1.793780 -8.645485 0.050665
-2.004748 -8.121606 0.050722
-2.321789 -8.120813 0.050862
-2.172384 -8.015611 0.049050
-2.305459 -8.330248 0.050194
-2.134930 -8.435131 0.050591
-1.983624 -8.331692 0.049994
-2.955694 -8.325447 0.050744
-3.112048 -8.422135 0.049534
-2.964030 -8.118290 0.051340
-3.124275 -8.013639 0.049173
-3.291939 -8.106527 0.050212
-3.288046 -8.307867 0.051911
-5.152821 -6.331880 0.050704
-4.933218 -6.623418 0.048683
-5.148740 -6.638754 0.052245
-5.262014 -6.496657 0.048425
-4.941116 -6.301074 0.048369
-4.834787 -6.450515 0.054312
-5.580878 -6.087689 0.052983
-5.474028 -6.227655 0.048194
-5.481270 -5.912856 0.048516
-5.260606 -6.191609 0.049579
-5.897593 -3.264135 0.050185
-5.501336 -3.187306 0.047186
-5.247958 -3.426219 0.047325
-4.965527 -3.026897 0.047780
-4.958527 -3.209428 0.046807
-5.181220 -2.989152 0.046073
-5.300880 -3.143981 0.047147
-5.173338 -3.276068 0.047558
-4.222802 -5.074130 0.043625
-4.332538 -5.221978 0.057358
-4.539724 -5.217877 0.052197
-4.636151 -5.039158 0.052436
-4.328203 -4.897355 0.056102
-4.534367 -4.866483 0.052486
-4.222660 -5.660954 0.041224
-4.332396 -5.543365 0.056123
-4.222660 -5.831028 0.040746
-4.329495 -5.944447 0.056085
-5.282850 -5.580682 0.050028
-5.169406 -5.427360 0.046937
-5.257546 -4.959831 0.050958
-5.151088 -5.123916 0.049806
-4.941762 -5.157956 0.047704
-4.838009 -5.016234 0.054099
-4.069163 -7.264530 0.047497
-4.013046 -7.463933 0.053768
-3.840946 -7.492748 0.045886
-1.933383 -0.048898 0.051732
-1.746580 0.043947 0.052334
-1.854661 -0.341318 0.041459
-1.972208 -0.241397 0.055322
-1.561743 -0.046967 0.051888
-1.535184 -0.239733 0.056469
-1.665485 -0.341318 0.042548
-3.839938 -0.851233 0.045996
-3.772752 -0.645988 0.050655
-3.621319 -0.642852 0.042265
-4.325675 -1.323688 0.056294
-4.241801 -1.117967 0.054105
-4.063221 -1.079556 0.047526
-2.833897 -0.338629 0.047819
-3.015882 -0.234444 0.055527
-4.222849 -1.907260 0.043523
-4.330059 -2.055202 0.056669
-4.222765 -2.205212 0.043610
-4.221427 2.666940 0.040513
-4.221427 2.496651 0.040616
-5.455508 -3.677360 0.048068
-5.887086 -3.602073 0.053331
-5.789123 -3.431393 0.053528
-5.464718 -3.495077 0.046865
-5.590553 -3.388251 0.051126
-5.262669 -4.325059 0.050354
-5.474679 -4.305119 0.049492
-3.586062 -9.683562 0.048861
-3.441434 -9.576204 0.049587
-3.749658 -9.575197 0.049794
-3.464699 -9.363005 0.049333
-3.635844 -9.259436 0.050192
-3.776176 -9.364271 0.047936
-2.268769 8.746223 0.050184
-2.116556 8.643394 0.050575
-3.618373 7.713400 0.042519
-3.484829 7.846944 0.042434
-1.726381 9.269815 0.050495
-1.879890 9.372353 0.050427
-2.050878 9.267455 0.050499
-1.749299 9.062315 0.050700
-1.924584 8.956916 0.049931
-2.072654 9.059519 0.050467
-4.291964 8.473736 0.050481
-4.441481 8.617031 0.050571
-4.404999 8.806430 0.050038
-4.219024 8.853567 0.050791
-3.846398 8.966772 0.049525
-2.458578 8.433237 0.050579
-2.592011 8.743187 0.050126
-2.440261 8.640949 0.050615
-5.105489 0.678843 0.051884
-4.928649 1.026387 0.048969
-5.120478 1.004364 0.055776
-5.209090 0.841704 0.054313
-4.894113 0.631683 0.050880
-5.165945 0.051205 0.048377
-5.243814 -0.122204 0.053595
-5.457594 -0.126084 0.052503
-5.279313 0.204751 0.050450
-5.477049 0.209998 0.053880
-5.577463 0.052573 0.049107
-5.090927 -0.254863 0.054404
-4.879922 -0.198459 0.046846
-4.762519 -0.510322 0.052170
-4.724428 -0.322894 0.051305
-5.792569 -0.842238 0.047022
-5.887557 -1.003183 0.050368
-5.780106 -1.151073 0.049932
-5.596366 -0.790772 0.046188
-5.889766 -2.269208 0.051261
-5.895683 -2.923257 0.050338
-5.600033 -3.053996 0.050883
-5.797721 -3.087683 0.051161
-4.941838 -1.714201 0.051119
-5.149133 -1.719312 0.051952
-5.254764 -1.887744 0.051578
-5.255378 -2.214962 0.051268
-5.148722 -2.374134 0.051369
-5.150111 -2.049157 0.051991
-4.939175 -2.382609 0.049813
-5.156532 -4.170931 0.051765
-5.264290 -4.011314 0.049329
-4.638290 -4.343582 0.051801
-4.836554 -4.003408 0.054636
-4.537318 -4.170489 0.052888
-4.631426 -3.997387 0.050913
-4.841696 -4.340350 0.053792
-4.945852 -4.173277 0.049718
-5.891542 6.280386 0.052004
-5.579779 6.090013 0.052898
-5.893352 5.947527 0.051343
-5.789339 6.111169 0.051118
-4.844794 5.351290 0.054376
-5.151163 6.023565 0.049087
-4.539359 5.212321 0.052252
-4.635738 5.033055 0.052547
-4.328158 4.891244 0.056216
-4.534218 4.859907 0.052566
-4.222743 5.068740 0.043686
-4.332424 5.216669 0.057503
-4.328914 4.486574 0.056264
-4.634175 4.683132 0.052499
-4.536058 4.510953 0.052693
-5.788085 5.108276 0.050931
-5.469009 4.947558 0.050342
-5.577463 5.106750 0.052537
-5.159450 1.684238 0.052271
-5.263993 1.513471 0.051997
-5.890100 2.160055 0.050282
-5.789583 2.662940 0.053122
-5.889784 2.481787 0.049466
-5.784329 2.333645 0.053140
-5.898592 3.317758 0.042045
-5.898592 3.124233 0.042397
-5.602522 3.015889 0.052855
-5.506505 3.163879 0.047831
-5.307789 3.128746 0.048069
-5.188794 2.972684 0.046364
-4.255492 1.134139 0.051065
-4.328483 1.336434 0.055228
-4.537887 1.374216 0.053274
-4.645004 1.217294 0.050115
-4.742287 0.739939 0.057944
-4.763955 0.911843 0.048174
-4.584957 1.034062 0.048528
-4.404850 0.988690 0.056253
-4.074427 1.086977 0.048950
-3.841154 0.856426 0.046966
-4.020300 0.888530 0.056243
-4.248639 0.439567 0.050217
-4.098050 0.553095 0.053146
-4.156116 0.744156 0.051758
-4.359601 0.797154 0.050532
-4.465145 0.504095 0.051052
-4.518040 0.670622 0.051279
-4.221395 1.618839 0.040918
-4.329706 1.737235 0.055755
-4.223867 1.909770 0.043810
-5.302019 -7.391164 0.048923
-5.504503 -7.345274 0.047503
-5.260443 -7.088554 0.046877
-5.176072 -7.249270 0.051342
-5.588958 -7.147785 0.052544
-5.470845 -7.032958 0.046378
-4.561325 -9.107434 0.040839
-4.370853 -9.300885 0.038304
-4.362043 -9.157752 0.051209
-4.653554 -7.664369 0.051157
-5.035423 -7.600935 0.050207
-4.897898 -7.446538 0.051798
-4.704403 -7.476202 0.050432
-4.981821 -7.785404 0.050677
-4.793448 -7.819173 0.051007
-4.528175 -6.616905 0.052590
-4.624908 -6.787672 0.051367
-4.324957 -6.597482 0.056205
-5.169024 -5.726192 0.046820
-5.152385 -6.024905 0.049073
-5.266199 -5.886118 0.051425
-4.838962 -4.677957 0.053559
-4.941014 -4.831287 0.049345
-4.943929 -4.502937 0.049972
-5.151224 -4.808925 0.050927
-5.259464 -4.642651 0.050645
-5.154221 -4.489992 0.051457
-4.218917 -6.722458 0.041033
-4.218917 -6.896649 0.039987
-4.220818 -1.615003 0.040244
-4.220818 -1.444522 0.040510
-3.158686 -0.335815 0.046621
-3.350182 -0.246517 0.052113
-3.509937 -0.350116 0.055000
-3.485585 -0.507118 0.042062
-5.893095 -3.936606 0.051673
-5.784625 -3.768693 0.053746
-5.576847 -3.798574 0.052907
-5.789569 -4.106164 0.051993
-5.581540 -4.125898 0.052943
-5.477287 -3.986221 0.048336
-2.305502 8.330250 0.050196
-2.004769 8.121608 0.050723
-1.983657 8.331694 0.049995
-2.134972 8.435133 0.050593
-2.321817 8.120815 0.050864
-2.172399 8.015611 0.049051
-4.104809 8.523876 0.051025
-4.068350 8.714307 0.050017
-3.882532 8.773500 0.050882
-2.764961 8.637426 0.050756
-5.289274 -0.524844 0.047159
-5.126238 -0.416045 0.046813
-5.208833 -0.720379 0.047244
-5.007456 -0.719902 0.050654
-4.953323 -0.547070 0.047176
-5.465877 -1.249710 0.052860
-5.570369 -1.114663 0.047228
-5.257531 -1.223936 0.053094
-5.164914 -1.056607 0.049644
-5.284507 -0.883024 0.054269
-5.481617 -0.915307 0.052978
-5.486327 -2.868101 0.045743
-5.267970 -2.846583 0.050954
-5.254187 -2.536376 0.051016
-5.147361 -2.691904 0.049998
-5.889205 -2.593899 0.051779
-5.789333 -2.751485 0.050499
-5.783416 -2.425314 0.051956
-5.577665 -2.730016 0.052851
-5.572013 -2.405853 0.051614
-5.466133 -2.552970 0.050279
-4.839710 -1.883085 0.053332
-4.942352 -2.049610 0.050612
-4.637008 -1.881979 0.051705
-4.537326 -2.055067 0.052846
-4.635748 -2.230452 0.051782
-4.838072 -2.223888 0.053697
-5.237852 -3.713645 0.046355
-5.146193 -3.859952 0.051954
-5.120401 -3.559064 0.048237
-4.929138 -3.849699 0.047193
-4.918235 -3.524330 0.047557
-4.818631 -3.668658 0.052708
-4.837354 5.010688 0.054199
-4.940847 5.153626 0.047870
-5.256327 4.957482 0.051145
-5.149956 5.121261 0.049961
-5.893266 5.276633 0.051002
-5.264350 5.271754 0.051882
-5.479175 5.267166 0.049177
-4.957869 5.472870 0.046321
-4.957652 5.664177 0.046020
-5.168317 5.425699 0.047002
-4.544963 5.564110 0.053939
-4.940104 6.298907 0.048370
-4.225236 5.366864 0.044294
-4.222532 5.657147 0.041281
-4.332212 5.539009 0.056260
-4.538140 4.162367 0.053068
-4.639083 4.335554 0.051966
-4.947273 4.164409 0.050027
-4.842433 4.332269 0.053860
-4.329700 4.163444 0.056052
-4.223499 4.312252 0.043820
-4.220971 4.775894 0.040431
-4.220971 4.604859 0.040703
-5.887500 3.636791 0.049025
-5.890375 4.947615 0.051605
-5.890807 4.619934 0.051278
-5.785626 4.780193 0.051901
-5.574882 4.781663 0.052287
-5.470430 4.625206 0.050476
-5.157100 2.017990 0.052080
-5.262454 1.847731 0.051895
-5.781686 1.347787 0.053164
-5.572528 1.345753 0.050809
-5.472081 1.511160 0.052407
-5.580089 2.677300 0.054255
-5.489991 2.831628 0.047135
-5.154981 2.669419 0.050236
-5.274980 2.823557 0.052681
-4.324865 -7.008408 0.055969
-4.527639 -6.968229 0.052191
-4.638256 -7.132293 0.052130
-4.568385 -7.317044 0.052161
-4.248775 -7.216655 0.052147
-4.381677 -7.361227 0.052999
-4.958686 -5.667012 0.046016
-4.545419 -5.568453 0.053858
-4.645501 -5.392480 0.053668
-4.845680 -5.355483 0.054227
-4.958840 -5.475973 0.046247
-3.733330 8.644749 0.050474
-2.891065 8.944681 0.050496
-2.915948 8.737122 0.049601
-2.629248 8.328453 0.050432
-2.783881 8.430405 0.050496
-2.641440 8.119855 0.051055
-2.804379 8.014652 0.049417
-4.838815 4.671118 0.053638
-4.940475 4.825525 0.049549
-4.944049 4.495653 0.050216
-5.150338 4.804685 0.051092
-5.153938 4.483679 0.051591
-5.258568 4.638304 0.050948
-5.894630 5.611589 0.050831
-5.792427 5.777035 0.051378
-5.792340 5.440498 0.051299
-5.588871 5.432558 0.051415
-4.843902 5.778703 0.053662
-4.641543 5.738510 0.053976
-4.535492 5.912696 0.052297
-4.634509 6.088686 0.052071
-4.940317 5.977309 0.046885
-4.836975 6.113105 0.053989
-4.624479 6.786056 0.051398
-4.833934 6.448434 0.054371
-4.825799 6.781780 0.052504
-4.932503 6.621666 0.048714
-4.534177 6.263596 0.052768
-4.221484 6.421541 0.044025
-4.328184 6.266837 0.056267
-4.630473 6.437541 0.050923
-4.324727 6.595807 0.056265
-4.527722 6.615049 0.052649
-4.222255 6.120361 0.043782
-4.222532 5.827595 0.040771
-4.329231 5.941129 0.056159
-4.930176 3.840076 0.047312
-4.838042 3.994385 0.054849
-4.632259 3.989058 0.051028
-4.527521 3.812515 0.051986
-4.622601 3.636877 0.052302
-4.819474 3.659111 0.052740
-4.221757 4.014745 0.043474
-4.219257 3.718854 0.040085
-4.325458 3.837125 0.056519
-5.577468 3.787182 0.054044
-5.784406 3.777625 0.055222
-5.892462 3.961797 0.049675
-5.890696 1.511275 0.050747
-5.784536 2.004929 0.052663
-5.889992 1.836334 0.050759
-5.785132 1.676501 0.052386
-5.574592 2.010900 0.052124
-5.470591 1.844226 0.051972
-5.575676 1.678421 0.051913
-5.470185 2.175746 0.051589
-5.574358 2.343364 0.052528
-5.470319 2.505866 0.050783
-5.260830 2.179330 0.051762
-5.154907 2.347139 0.051406
-5.260223 2.506056 0.051861
-4.642232 -5.742261 0.053937
-4.844891 -5.781883 0.053609
-4.536044 -5.916124 0.052246
-4.635219 -6.091644 0.052041
-4.837930 -6.115747 0.053925
-4.941414 -5.979850 0.046924
-2.955771 8.325444 0.050747
-3.124304 8.013638 0.049171
-2.964078 8.118289 0.051344
-3.843352 8.057421 0.051486
-3.768317 8.447783 0.051108
-3.992718 8.194287 0.051462
-3.953978 8.386103 0.050867
-3.036740 9.046075 0.049859
-3.153872 9.362261 0.049520
-3.010095 9.257673 0.050069
-3.554557 8.729162 0.050639
-3.209021 8.938222 0.049859
-5.480026 5.914402 0.048530
-5.588660 5.765066 0.051738
-5.487395 5.591680 0.049868
-5.281664 5.580234 0.050033
-5.264898 5.885681 0.051397
-5.167802 5.724898 0.046837
-5.477477 3.977384 0.048540
-5.265888 4.000637 0.049937
-5.157454 4.162058 0.051843
-5.262503 4.317945 0.050803
-3.112145 8.422113 0.049534
-3.411632 8.620378 0.049849
-3.091242 8.626770 0.051121
-3.238640 8.726476 0.050218
-3.618154 8.318186 0.051433
-3.440243 8.406368 0.051646
-3.288154 8.307809 0.051917
-3.292006 8.106488 0.050211
-3.480391 8.006500 0.056519
-3.654450 8.119639 0.051762
-3.666814 9.049273 0.049645
-3.524175 8.940414 0.050016
-3.351632 9.043377 0.050064
-3.635897 9.259387 0.050193
-3.464755 9.362970 0.049335
-3.323128 9.255818 0.049896
-5.577005 4.453789 0.052774
-5.473708 4.301152 0.049865
-5.891388 4.291322 0.050753
-5.786639 4.449987 0.052452
-5.788294 4.115984 0.053293
-5.580248 4.122013 0.053570
-5.459947 -8.360756 0.000000
-4.271708 -9.548995 0.000000
-5.217782 -8.602921 0.000000
