0.025440 0.149068 0.022142
0.649033 -8.082163 0.041820
0.475955 -8.194423 0.049702
0.132969 -0.042776 0.046221
0.087058 8.078879 0.036778
1.513697 8.091858 0.045994
0.126543 0.342480 0.044368
0.648726 8.082134 0.041790
1.226417 -8.092301 0.045718
0.357667 -8.097260 0.043909
0.080464 9.667923 0.042367
0.184580 9.487113 0.040408
0.104115 9.346288 0.048673
0.101745 9.041678 0.047574
0.205860 9.185668 0.044933
0.501370 9.045842 0.048552
0.417650 9.191645 0.047276
3.470945 9.465454 0.047929
1.225811 8.092274 0.045687
1.364145 8.199132 0.047012
0.281322 0.053439 0.052291
0.274896 0.245283 0.053829
0.457129 0.342803 0.046613
5.992066 -0.866279 0.039706
5.048388 2.197998 0.041609
4.415959 3.678032 0.040900
4.589715 3.403011 0.039209
1.112582 0.341223 0.045804
0.096515 8.383051 0.042599
0.183574 8.191090 0.047955
0.357508 8.097211 0.043868
0.475699 8.194345 0.049653
6.002179 6.209388 0.035097
5.886753 6.317104 0.047113
5.698003 6.248859 0.041505
5.698724 6.063107 0.040521
5.884543 7.122293 0.043289
5.975682 6.995259 0.042743
6.000898 4.204919 0.037729
5.886523 4.338422 0.045456
4.981517 8.849378 0.049116
5.884798 -7.383209 0.043529
5.975796 -7.514640 0.043666
6.000453 -6.708690 0.038038
0.104205 -9.346325 0.048710
0.101835 -9.041739 0.047610
0.206039 -9.185757 0.044970
0.080508 -9.667947 0.042393
0.198918 -9.784961 0.042648
0.184713 -9.487178 0.040436
0.366303 -9.500495 0.043296
0.380508 -9.681264 0.040442
0.096575 -8.383120 0.042633
0.087087 -8.078881 0.036791
0.183662 -8.191141 0.048002
0.183331 -8.528124 0.051507
0.376586 -8.873064 0.046051
0.086757 -8.717744 0.042906
0.188591 -8.874848 0.047297
3.166495 -9.661762 0.047807
0.939966 -8.090845 0.044765
1.074773 -8.198146 0.046948
0.781704 -8.188008 0.046803
0.769942 -8.395039 0.048032
1.063622 -8.412137 0.047286
0.917054 -8.511867 0.044601
1.449589 -9.762264 0.048254
1.762254 -9.762174 0.048234
1.606469 -9.659437 0.048124
1.136756 -9.761929 0.048412
1.293964 -9.659192 0.048198
1.293935 -9.454136 0.047843
1.133730 -9.349940 0.049697
0.732611 -8.809117 0.046662
0.897103 -8.723012 0.045905
0.385474 -0.338511 0.043655
0.091179 -0.340079 0.040998
0.198708 -0.238589 0.048993
5.885771 -1.531561 0.043587
5.978233 -1.647788 0.041231
5.699062 -2.456785 0.041674
5.886643 -2.436050 0.043669
0.198725 9.784930 0.042611
1.916341 9.659234 0.048026
1.135455 9.761919 0.048362
1.292490 9.659163 0.048140
3.642701 9.765860 0.047853
3.322902 9.764496 0.047957
3.479373 9.665356 0.047822
3.162382 9.662143 0.047657
3.964519 9.764009 0.048647
3.800646 9.664870 0.048437
1.655257 8.198523 0.047015
2.072062 9.762082 0.048186
0.939506 8.090830 0.044735
1.074180 8.198104 0.046912
0.781279 8.187964 0.046767
2.537452 9.452511 0.048136
2.227712 9.659120 0.047987
2.383759 9.762038 0.048214
2.538837 9.658927 0.047977
0.694823 -0.339912 0.046068
0.513302 -0.238423 0.050413
0.474889 -0.042287 0.047738
6.002298 2.132684 0.035145
5.884528 -0.731459 0.042992
5.678608 -0.761415 0.043029
5.699490 1.036803 0.041854
5.565641 -2.352400 0.048305
5.387445 2.173423 0.044497
5.241402 2.260635 0.043469
4.707303 2.650945 0.044283
4.633962 2.496814 0.045628
4.927477 2.342521 0.043303
4.746430 2.343359 0.051685
4.319675 3.807806 0.043129
4.735024 4.442929 0.047544
5.047584 4.200016 0.046877
5.202213 3.898369 0.045934
5.215191 4.084038 0.045492
5.020902 3.816047 0.046103
4.698708 3.569222 0.043106
4.625181 3.698718 0.042823
4.699741 3.259625 0.045158
5.008291 3.621637 0.048653
4.871540 3.526818 0.040414
4.868628 3.322631 0.041119
5.003597 3.222824 0.048422
4.309062 3.533749 0.040912
4.313007 3.241124 0.041852
4.409292 3.388223 0.046636
0.183199 8.528008 0.051467
0.376264 8.872928 0.046014
0.086684 8.717663 0.042871
0.188428 8.874740 0.047260
5.973111 5.271542 0.042700
5.991008 5.014389 0.039321
5.898636 4.888599 0.042479
5.871342 5.164589 0.044359
6.002417 5.528670 0.034816
5.882750 5.428093 0.047684
6.002417 5.696253 0.033327
5.887712 5.780978 0.047748
6.002179 6.042500 0.032943
5.887474 5.964463 0.046959
6.001639 7.261110 0.037839
5.977352 6.470677 0.041473
4.419470 5.778254 0.047513
4.308332 5.653210 0.039312
4.401364 5.471270 0.049524
4.577937 5.442830 0.042845
4.741492 5.910029 0.051225
4.627334 5.752813 0.047546
4.692769 5.599329 0.041996
5.181947 5.298389 0.046671
5.200921 5.469413 0.043272
5.021198 5.595818 0.047979
4.870145 5.533511 0.042640
6.000406 4.739275 0.037877
5.886031 4.608266 0.042928
5.978403 4.474936 0.042275
6.001683 3.506257 0.033445
5.909599 3.393832 0.050179
5.685345 3.107097 0.045822
5.885111 4.058951 0.041836
5.346945 3.800884 0.043448
5.540649 3.867154 0.044499
5.685689 3.743331 0.046300
5.372113 4.156206 0.043207
5.381349 4.336083 0.045312
5.552839 4.036808 0.048562
5.697093 4.106842 0.040809
5.563487 4.404903 0.047729
5.698506 4.295061 0.040688
4.622752 8.591465 0.049345
4.418919 8.320015 0.046724
4.435914 8.496761 0.046170
4.782178 9.068189 0.045184
4.802267 8.886070 0.049284
4.631272 8.767413 0.045916
4.446735 8.842415 0.047099
6.001780 -7.245344 0.038447
5.883679 -6.834447 0.044684
5.976004 -6.975043 0.043406
5.885006 -7.103053 0.043681
4.836373 -7.566740 0.048518
5.431110 -8.416534 0.047250
3.326612 -9.764171 0.048047
3.966330 -9.763089 0.048793
1.364884 -8.199195 0.047050
1.514424 -8.091894 0.046024
0.523591 -9.761303 0.049081
0.497788 -9.365651 0.049263
0.501821 -9.045963 0.048594
0.418032 -9.191766 0.047323
0.686712 -9.013870 0.047797
0.822138 -9.133508 0.050205
0.610533 -8.683563 0.043955
0.439398 -8.715416 0.043071
0.627913 -8.480630 0.042415
0.466597 -8.385859 0.043389
0.347979 -8.527580 0.042286
2.386650 -9.762061 0.048259
1.918643 -9.659278 0.048085
2.074548 -9.762104 0.048234
2.230448 -9.659165 0.048051
1.919291 -9.453382 0.048166
2.230332 -9.453035 0.048188
2.075080 -9.350078 0.047983
3.011361 -9.762591 0.048288
2.542034 -9.659002 0.048044
2.698731 -9.761941 0.048346
2.853536 -9.659532 0.047891
3.150517 -9.044720 0.046876
3.161350 -9.457440 0.048308
2.677970 -8.091439 0.045906
2.539708 -8.409702 0.046937
2.386743 -8.091453 0.046176
2.535875 -8.197892 0.047419
1.607303 -9.453923 0.048102
1.763736 -9.350764 0.048172
1.450394 -9.351693 0.048564
1.457113 -9.146001 0.048831
1.618542 -9.041818 0.047335
1.768256 -9.144351 0.048472
0.983168 -9.654441 0.048522
0.827214 -9.757513 0.049737
0.682387 -9.653815 0.045334
0.980171 -9.447509 0.046715
0.812619 -9.335697 0.051518
0.670789 -9.438932 0.047322
1.142823 -9.145269 0.049247
0.998782 -9.040649 0.046799
1.309747 -9.043773 0.047128
1.027849 -8.834906 0.047809
4.304500 -4.071002 0.039439
4.319448 -3.789300 0.042334
4.411170 -3.922905 0.043487
5.886420 -4.556456 0.043120
4.596944 -3.946739 0.040007
6.000315 -1.380893 0.037781
5.978995 -2.328428 0.041105
5.998556 -1.908219 0.035184
5.884011 -1.805112 0.048395
5.998556 -2.072006 0.034261
5.884773 -2.161697 0.048033
0.380161 9.681208 0.040404
0.366015 9.500398 0.043256
0.497341 9.365550 0.049219
1.447904 9.762245 0.048204
1.760171 9.762152 0.048185
1.604588 9.659396 0.048068
1.605429 9.453836 0.048047
0.686095 9.013757 0.047755
1.327190 8.835495 0.048013
1.355094 8.412565 0.046707
3.007667 9.762647 0.048244
2.695421 9.761889 0.048316
2.849811 9.659536 0.047783
4.359098 9.511950 0.040101
4.135935 9.699637 0.045581
4.165247 9.548448 0.041391
4.080032 9.388113 0.039673
4.079681 9.015667 0.045268
1.803437 8.091664 0.046187
3.761910 7.734877 0.043391
3.451772 9.061522 0.046972
3.142798 8.834214 0.048362
2.691105 9.348850 0.047737
2.846880 9.452912 0.048322
2.689703 9.141444 0.048009
2.842152 9.037223 0.047456
2.967593 8.091350 0.045334
2.829615 8.197680 0.047692
2.538326 8.409374 0.046941
0.839645 -0.241003 0.050334
1.016207 -0.341090 0.047411
0.961481 0.243197 0.051160
0.787606 0.341974 0.046899
0.979076 0.048773 0.049928
0.816535 -0.045696 0.048488
0.621967 0.244777 0.051652
0.633301 0.051531 0.050559
5.698158 1.979530 0.040444
5.985239 -0.602199 0.040955
5.539575 0.773357 0.050757
5.693136 0.844670 0.041558
5.363071 0.890894 0.043442
5.972333 0.649323 0.043739
5.880822 0.782811 0.045292
1.157841 -0.047876 0.048743
1.171862 -0.242433 0.050275
1.675634 -0.340754 0.048756
1.344508 -0.341343 0.048242
1.506936 -0.242097 0.050455
4.417189 -3.644653 0.042778
4.615421 -3.034994 0.046903
5.014663 -2.960765 0.047278
5.663068 -0.937737 0.041475
5.877238 -1.252042 0.046052
5.969700 -1.117926 0.044059
5.868988 -0.995393 0.042615
4.123266 -0.642616 0.047260
3.974429 -0.765443 0.046864
4.005254 -0.927916 0.043030
2.235126 0.341021 0.045632
5.238780 2.434031 0.042940
5.045388 2.487987 0.042134
4.324988 2.402421 0.042244
4.423430 2.509880 0.043552
4.596500 2.794028 0.041295
4.704369 2.957068 0.044522
4.619047 3.098940 0.045338
4.412736 3.095226 0.042662
4.715712 1.734729 0.044626
5.038033 2.033538 0.048895
4.892957 1.968233 0.042005
5.037924 1.663499 0.047922
4.895995 1.773990 0.042193
4.315398 1.693367 0.040373
5.885995 2.802157 0.044798
4.303190 4.090678 0.039278
4.410087 3.954338 0.043551
4.417059 4.235489 0.039964
4.326647 4.361599 0.044294
1.734804 0.341846 0.040449
1.921592 0.341846 0.042054
2.048788 0.242867 0.051491
4.464778 0.187645 0.043557
3.718596 0.649863 0.040890
0.439036 8.715277 0.043039
0.466282 8.385733 0.043355
0.347716 8.527434 0.042251
5.365041 6.786632 0.045460
5.550711 6.886231 0.047024
5.365769 6.607211 0.044028
5.373930 6.252585 0.044079
5.556318 6.343671 0.047082
5.553109 6.523752 0.047624
5.527558 5.252330 0.047460
5.664867 5.148910 0.042382
5.329209 5.187019 0.043739
5.544694 5.427511 0.047555
5.693411 5.508301 0.041460
5.365319 5.533223 0.043700
5.698373 5.693603 0.041139
5.884212 7.398380 0.042949
5.336231 7.670093 0.043938
5.534203 7.599464 0.046022
5.884930 6.584108 0.041657
5.691302 6.799157 0.041052
5.692972 6.616099 0.040954
6.000356 6.732604 0.037547
5.883260 6.857446 0.044248
5.425449 8.423372 0.046939
4.770150 8.478416 0.049267
4.305810 5.362136 0.035085
4.305810 5.191846 0.036206
4.602391 4.556432 0.040775
4.303070 4.641454 0.038759
4.416939 4.507889 0.046176
4.680453 5.289442 0.043456
4.951792 5.051495 0.044224
4.992429 5.230750 0.046640
4.860350 5.339466 0.042030
4.921953 4.694193 0.043104
5.234130 4.453765 0.045901
4.912586 4.510202 0.045461
5.057287 4.389866 0.045523
5.380750 6.071964 0.044604
5.378934 5.711690 0.045048
5.563859 5.977298 0.046259
5.563270 5.791280 0.046468
5.031292 6.215643 0.048731
5.211010 6.506310 0.046477
5.215963 6.331765 0.043631
4.323916 5.931798 0.043734
5.039336 5.757863 0.041972
5.232674 5.809924 0.042880
5.233901 5.984180 0.043502
5.042410 6.048678 0.042065
4.921422 5.906538 0.043180
5.635739 3.270420 0.041106
5.744901 3.425109 0.039954
5.636778 3.581754 0.040787
6.000694 3.212497 0.037604
5.977686 2.938281 0.042603
5.885603 3.080450 0.048141
5.976990 3.941517 0.041974
6.001683 3.673268 0.035018
5.885896 3.784535 0.050414
4.886984 6.285355 0.042121
4.571156 9.285744 0.043421
4.600637 9.113704 0.045902
4.436189 9.006588 0.044052
4.392043 9.342980 0.044184
4.248375 9.091409 0.045780
4.233711 9.255762 0.041040
5.692075 -6.774297 0.041426
5.366758 -6.578957 0.044512
4.847548 -7.385341 0.044362
5.020963 -7.300155 0.044197
4.713644 -7.098260 0.043833
4.683144 -7.276130 0.049080
4.413275 -6.951909 0.050552
4.596940 -6.963815 0.042770
4.311137 -6.196895 0.041131
4.412498 -6.343565 0.050009
4.704455 -6.796527 0.041914
4.622151 -6.654549 0.049539
5.220677 -8.649786 0.042402
5.253765 -8.471417 0.044524
5.188168 -8.105084 0.042635
4.574910 -9.282013 0.043655
4.230981 -8.061849 0.042409
4.137554 -9.698260 0.045834
3.645803 -9.765269 0.047975
3.803896 -9.663358 0.048675
3.483364 -9.664440 0.048003
3.794538 -9.463161 0.048022
3.146886 -8.834118 0.048382
3.293981 -8.739343 0.046076
4.630839 -6.033148 0.047771
4.421465 -6.039299 0.046218
1.328391 -8.835645 0.048071
1.190534 -8.731398 0.045850
1.206357 -8.519774 0.046414
1.355974 -8.412678 0.046739
2.540197 -8.829700 0.047886
2.850824 -9.453046 0.048365
3.003504 -9.351783 0.047417
3.000076 -9.143781 0.048351
2.845899 -9.037746 0.047535
2.241882 -8.197992 0.047256
2.233249 -9.039040 0.047518
2.077540 -9.143232 0.048266
1.926271 -9.040123 0.047461
4.328028 -4.897770 0.044714
4.303293 -4.621525 0.039490
4.418544 -4.764017 0.043204
5.080936 -4.711580 0.046210
5.098903 -4.897980 0.046265
5.331918 -5.143522 0.044142
5.286049 -4.966239 0.047249
6.000775 -4.690779 0.038393
5.990988 -4.970113 0.039976
5.898985 -4.840440 0.042990
6.002285 -6.179168 0.035338
6.002285 -6.010683 0.033272
5.887160 -5.931167 0.047560
5.886975 -6.287366 0.047619
5.693539 -6.589071 0.041339
5.553665 -6.494964 0.048170
5.977468 -6.443216 0.041973
5.885142 -6.557666 0.042122
5.562972 -5.943055 0.046747
5.698462 -6.029988 0.040950
5.698277 -6.217702 0.042001
5.556571 -6.313005 0.047555
5.211976 -6.476775 0.046935
5.027406 -6.558265 0.048415
5.977293 -3.882057 0.042395
5.885361 -4.000068 0.042338
5.216790 -4.024598 0.046103
5.203843 -3.836749 0.046587
4.714763 -3.815041 0.047368
4.626731 -3.646560 0.043992
5.022252 -3.755429 0.046727
4.890260 -3.872551 0.045749
6.000426 -2.597414 0.037391
5.560188 -2.162842 0.047086
5.691739 -2.073153 0.042577
5.367776 -2.063448 0.047026
5.690977 -1.880355 0.043144
0.523018 9.761277 0.049037
0.982087 9.654420 0.048464
0.826281 9.757502 0.049687
0.681682 9.653779 0.045281
0.670151 9.438862 0.047265
1.292478 9.454072 0.047789
1.448733 9.351593 0.048512
1.308404 9.043637 0.047078
1.455518 9.145862 0.048775
1.062932 8.412061 0.047254
1.205512 8.519664 0.046367
1.026967 8.834791 0.047752
1.189564 8.731271 0.045808
1.616819 9.041648 0.047284
1.648774 8.411323 0.046697
1.498163 8.518092 0.046954
1.486207 8.729414 0.046413
1.628721 8.833342 0.048028
3.612268 9.167596 0.046945
3.623756 9.367086 0.047415
3.763624 9.058414 0.049398
3.918142 9.132336 0.042599
3.790128 9.465998 0.047865
3.933158 9.340430 0.049717
2.536605 9.037874 0.047482
2.537474 8.829289 0.047802
2.227553 9.452933 0.048131
2.382214 9.349436 0.047821
2.382769 9.142204 0.048076
2.230664 9.038797 0.047460
1.947578 8.198148 0.047109
2.240916 8.197861 0.047228
2.094390 8.091484 0.046240
3.945039 7.689156 0.047258
4.086463 7.806238 0.042642
4.055290 7.978103 0.043957
4.231772 8.235524 0.046943
4.222742 8.069866 0.042362
4.086958 8.839561 0.045936
4.266199 8.751131 0.045741
4.263899 8.581426 0.046957
3.289511 8.741030 0.045758
3.443065 8.857605 0.047018
2.999069 9.351925 0.047260
3.308808 9.360495 0.047094
3.156714 9.458044 0.048231
3.301123 9.156053 0.047774
3.145703 9.045320 0.046653
2.995743 9.143642 0.048312
3.138071 8.409497 0.047482
3.287374 8.525994 0.048455
3.430747 8.442416 0.044827
3.412090 8.219569 0.048312
3.124555 8.198035 0.048178
3.255201 8.091685 0.044327
2.534997 8.197707 0.047405
2.677297 8.091330 0.045889
2.385920 8.091377 0.046157
2.689185 8.724252 0.047223
2.840765 8.828616 0.047776
2.991451 8.723929 0.047292
2.988860 8.514249 0.047526
2.837368 8.409116 0.047134
2.688378 8.514432 0.047506
5.896677 -0.164047 0.047664
5.993517 -0.332520 0.038627
5.885978 -0.456420 0.046307
5.515504 0.603020 0.047152
5.386200 0.278529 0.046484
5.702367 0.175763 0.045266
5.587450 0.315703 0.045492
5.658633 0.481517 0.046553
5.893995 0.215495 0.049113
5.990835 0.383214 0.039400
5.870390 0.509294 0.050595
5.318584 0.119697 0.042117
6.001267 0.915357 0.037902
5.978687 1.186919 0.041424
5.887176 1.066983 0.044689
4.310519 -3.517699 0.040160
4.409914 -3.353198 0.047782
4.310019 -2.796475 0.036702
4.701290 -2.892904 0.044649
4.883998 -2.856049 0.042724
4.889917 -2.656478 0.042530
4.590472 -3.344261 0.039941
4.698738 -3.196209 0.045439
4.700619 -3.510669 0.043781
2.337752 -0.341767 0.047673
2.847741 -0.242888 0.051256
2.664007 -0.341405 0.046385
2.513777 -0.243171 0.050407
5.229306 -2.154815 0.044453
4.313194 -2.516081 0.040165
4.710384 -2.585699 0.044721
4.410435 -2.689208 0.048303
4.595699 -2.728317 0.041990
5.694314 -1.497209 0.042623
5.685781 -1.308493 0.041517
5.324461 -0.948827 0.047828
5.365678 -1.310142 0.045486
5.524819 -1.021072 0.051280
5.539283 -1.214730 0.049633
4.452670 -0.580648 0.044294
4.315704 -0.695809 0.048333
4.651223 -0.631563 0.046535
2.381021 0.242373 0.050632
2.363084 0.047273 0.049350
2.529476 -0.048486 0.049320
2.557871 0.341352 0.047225
5.345305 3.050752 0.042874
5.541488 2.986747 0.044286
4.882883 2.921797 0.042233
5.012723 3.029752 0.046518
4.887104 2.721894 0.041373
5.030373 2.654761 0.048591
5.197138 2.950663 0.046494
5.210567 2.775576 0.042916
4.312507 2.960943 0.041554
4.311219 2.671599 0.040104
4.410948 2.801617 0.047440
4.412293 1.863551 0.049285
4.309673 1.972411 0.036398
4.598659 1.891023 0.042115
4.632793 2.188818 0.046854
4.706948 2.037113 0.043645
4.421883 2.234814 0.047827
4.309673 2.139115 0.036289
4.629939 1.587202 0.047868
4.415991 1.573312 0.043153
4.602290 1.294303 0.041689
4.715335 1.446955 0.041548
3.880569 0.674960 0.048382
3.942055 0.867548 0.044157
4.111339 0.898983 0.047102
4.163701 1.088222 0.045491
4.337940 1.112378 0.046209
4.414274 1.282923 0.048123
4.313371 1.421685 0.040552
6.001086 2.669501 0.037835
5.890907 2.240736 0.046957
5.981387 2.398410 0.040928
5.889695 2.517890 0.043684
5.703542 2.168914 0.042226
5.571279 2.265331 0.046422
4.734696 4.250373 0.046976
4.602183 4.177920 0.039369
4.902554 4.127796 0.042126
4.888851 3.929496 0.045110
4.714020 3.867463 0.046541
4.595211 3.993310 0.039875
1.672182 0.049303 0.051078
1.627626 0.243390 0.052481
1.500543 -0.047220 0.048914
1.324094 0.048091 0.050277
1.296430 0.242767 0.051640
1.428323 0.341544 0.042711
1.845578 -0.047024 0.049069
2.007221 -0.341450 0.048418
1.842637 -0.242204 0.050400
2.178562 -0.243217 0.050264
2.188195 -0.048863 0.049022
2.019795 0.048084 0.050181
4.067153 -0.473917 0.044441
3.872763 -0.421360 0.044948
3.804624 -0.244016 0.045906
3.648694 0.438565 0.050943
3.735874 0.115457 0.047016
3.763237 0.296594 0.046831
3.552870 -0.485408 0.043279
3.782761 -0.713482 0.043033
3.737207 -0.538097 0.048372
2.982436 -0.341483 0.043591
5.214180 6.869616 0.045365
5.216174 7.053051 0.045226
5.677014 8.200120 0.042121
5.479768 8.253262 0.048940
5.975351 7.525876 0.042882
5.914177 7.955412 0.043665
5.992851 7.791078 0.038519
5.875424 7.669277 0.049146
5.676103 7.708403 0.042187
5.615953 7.891991 0.046186
5.736600 8.017199 0.043819
5.694108 7.349226 0.041016
5.543421 7.430032 0.049263
5.694439 7.165399 0.040854
5.552566 7.068744 0.048144
5.368890 7.152579 0.045611
5.360075 7.330041 0.042998
5.214830 8.655949 0.042232
5.247641 8.479034 0.044166
5.079847 8.391525 0.042954
5.020290 8.688460 0.043853
4.929331 8.524117 0.042206
5.051465 8.227684 0.049905
4.986818 7.857791 0.048533
4.744276 4.818583 0.048510
4.602276 4.748095 0.041293
4.756893 4.992059 0.045342
4.617633 5.121290 0.046638
4.419563 5.079061 0.051846
4.326531 4.914888 0.043203
4.416823 4.794944 0.041801
5.095242 4.944711 0.045784
5.078021 4.760885 0.045741
5.283142 5.012596 0.046858
5.245497 4.640793 0.046243
5.320221 3.231533 0.047885
5.466797 3.330851 0.041074
5.162928 3.324517 0.042248
5.164711 3.519141 0.042284
5.322054 3.616067 0.047529
5.466847 3.520760 0.041245
4.991269 7.671565 0.043023
5.174301 7.581736 0.044467
5.188927 7.411115 0.047394
4.309939 6.787590 0.039464
3.983064 7.516975 0.043419
4.410723 6.667329 0.044642
4.313562 6.506756 0.041301
5.029717 6.770629 0.046963
4.889034 6.861822 0.042742
5.025820 6.586743 0.047894
4.886465 6.481911 0.042289
4.707299 6.527180 0.044373
4.702349 6.822716 0.041440
4.619915 6.682639 0.049283
5.031439 -6.744159 0.047346
4.890654 -6.836601 0.043272
4.895576 -7.025143 0.042164
5.038490 -7.117828 0.047512
5.695421 -7.144860 0.041200
5.695213 -7.331125 0.041439
4.739395 -5.873506 0.051969
4.314138 -6.493001 0.041940
4.310893 -6.776869 0.040561
4.412254 -6.646798 0.045079
4.272044 -8.744141 0.046023
5.086601 -8.382469 0.043193
5.057971 -8.216754 0.050369
5.313162 -7.821953 0.043521
4.995792 -7.654337 0.043406
4.991942 -7.842673 0.048775
5.147968 -7.920056 0.041075
5.451051 -7.936869 0.041889
5.681262 -8.193959 0.042473
5.484944 -8.244996 0.049455
5.375703 -8.116653 0.041432
5.915744 -7.951048 0.044027
5.677793 -7.695464 0.042724
5.739550 -8.009538 0.044381
5.618580 -7.880791 0.046428
5.993310 -7.785620 0.039327
5.876328 -7.658784 0.049660
5.026378 -8.681629 0.044110
4.629422 -8.583444 0.049615
4.777218 -8.469588 0.049539
4.936157 -8.515737 0.042489
4.239435 -8.227611 0.047106
4.270056 -8.573986 0.047119
4.442688 -8.488726 0.046425
4.426413 -8.311482 0.046961
3.765454 -7.731516 0.043517
4.063188 -7.970787 0.044124
4.361695 -9.509309 0.040349
4.395778 -9.339224 0.044327
4.168123 -9.545769 0.041632
3.313894 -9.359119 0.047288
3.475791 -9.463711 0.048070
3.628872 -9.364342 0.047633
3.306489 -9.154401 0.047907
4.092544 -8.833005 0.046120
4.307078 -5.474427 0.035766
4.690849 -5.557771 0.042359
4.624320 -5.712387 0.048889
4.323105 -5.918397 0.042430
4.307078 -5.644522 0.036413
4.417405 -5.751126 0.049440
2.691826 -8.724771 0.047265
2.690228 -8.514899 0.047588
2.994547 -8.724649 0.047341
2.844001 -8.829216 0.047871
2.385260 -9.349599 0.047887
2.385717 -9.142451 0.048147
2.540761 -9.452670 0.048199
2.694745 -9.349123 0.047814
2.539721 -9.038225 0.047545
2.693248 -9.141826 0.048090
2.095248 -8.091539 0.046262
1.656116 -8.198602 0.047052
1.804253 -8.091707 0.046214
1.948522 -8.198246 0.047143
4.307807 -5.180840 0.039512
4.423058 -5.047767 0.050472
4.402107 -5.361525 0.049898
4.578964 -5.397798 0.043260
4.327427 -4.340250 0.044450
4.417942 -4.475819 0.045352
4.419149 -4.203954 0.041305
4.604922 -4.132237 0.039276
4.748256 -4.772536 0.048793
4.605132 -4.703490 0.041687
4.925173 -4.645469 0.043422
4.604530 -4.512242 0.041030
5.247385 -4.589235 0.046665
5.235745 -4.399555 0.046463
4.956909 -5.006883 0.044492
4.762024 -4.947550 0.045935
4.685021 -5.245384 0.043832
4.623414 -5.076038 0.046278
5.202134 -5.430072 0.043661
5.184754 -5.256752 0.047294
4.870170 -5.493868 0.043010
5.020829 -5.557175 0.048516
4.863612 -5.298385 0.042461
4.996891 -5.188372 0.046893
5.562492 -5.755181 0.046984
5.378466 -5.674706 0.045549
5.366002 -5.494501 0.044234
5.373868 -6.220250 0.044604
5.216180 -6.300027 0.044078
5.380085 -6.038014 0.045089
5.031088 -6.182739 0.049292
4.709154 -6.498212 0.044811
4.888075 -6.452447 0.042609
4.887553 -6.253669 0.042489
4.705631 -6.188203 0.043688
4.597616 -6.341025 0.042684
6.001463 -3.442787 0.034024
6.001463 -3.610708 0.034978
5.885979 -3.720833 0.051665
5.977384 -2.866227 0.042694
5.885033 -2.721378 0.046648
5.697452 -2.652142 0.042091
5.321225 -3.160091 0.048246
5.468008 -3.258442 0.041734
5.542187 -3.803202 0.045341
5.686406 -3.677001 0.047086
5.637935 -3.511803 0.041204
5.348770 -3.736431 0.044135
5.323913 -3.549480 0.048073
5.468860 -3.451052 0.041849
6.000846 -4.149016 0.038214
5.978423 -4.422662 0.042948
5.886491 -4.283261 0.046109
5.553901 -3.976056 0.049174
5.697503 -4.047512 0.041315
5.373431 -4.097135 0.043775
5.382385 -4.279923 0.045827
5.698633 -4.238332 0.041111
5.563986 -4.349664 0.048307
0.997807 9.040541 0.046753
1.141618 9.145163 0.049192
0.821330 9.133410 0.050144
0.811785 9.335625 0.051458
0.979122 9.447461 0.046661
1.132478 9.349868 0.049645
0.916420 8.511790 0.044562
0.769441 8.394967 0.048001
0.627470 8.480525 0.042386
0.896403 8.722913 0.045869
0.732008 8.809010 0.046614
0.610056 8.683445 0.043929
1.924142 9.039927 0.047407
2.075098 9.143045 0.048203
1.766257 9.144189 0.048414
2.072542 9.349950 0.047923
1.916980 9.453289 0.048110
1.761652 9.350646 0.048117
2.234308 8.830267 0.047866
2.387282 8.725089 0.047125
2.388941 8.514993 0.047471
2.240609 8.409810 0.046822
4.283373 7.775088 0.042158
4.371765 7.942660 0.042363
3.877446 8.041729 0.046628
3.547085 8.152273 0.048925
3.725489 7.915585 0.046168
3.551975 7.954943 0.045090
3.719260 8.290162 0.044674
3.876105 8.218976 0.046400
4.062981 8.321008 0.044479
4.078112 8.490164 0.046320
3.753360 8.858607 0.044579
3.593296 8.763871 0.047749
3.915156 8.756424 0.046609
3.908609 8.576731 0.045847
3.583115 8.563719 0.045340
3.736632 8.478762 0.045880
5.376662 1.442826 0.045370
5.380125 1.070369 0.045968
5.562985 1.144964 0.049109
5.560944 1.332256 0.046824
5.374755 1.626981 0.044553
5.220718 1.736924 0.046781
5.558714 1.892493 0.047334
5.556353 1.705302 0.048027
5.380264 1.989969 0.044600
5.223866 1.912720 0.043473
6.002298 1.964516 0.033326
5.885523 1.883186 0.048209
6.001533 1.449676 0.035276
5.887442 1.342665 0.047199
5.697716 1.419091 0.042755
5.695031 1.607982 0.040939
6.001533 1.616949 0.033407
5.884758 1.698828 0.048670
5.995938 -0.056828 0.035685
5.995938 0.106998 0.035707
5.615591 -0.000243 0.046247
5.707957 -0.149667 0.043638
5.433058 -0.019134 0.044119
5.305839 0.555419 0.044854
5.247717 0.396741 0.044984
4.477401 0.965914 0.044730
5.129070 0.056113 0.041543
4.741306 -0.057042 0.042716
4.312173 -3.231817 0.038702
4.310019 -2.964340 0.036753
4.409414 -3.061665 0.043238
5.164406 -3.256778 0.042924
5.166242 -3.453558 0.042847
5.004136 -3.155997 0.049418
4.868765 -3.257627 0.041368
5.009507 -3.559189 0.049244
4.872300 -3.464040 0.041219
4.315283 -1.964404 0.042347
5.033747 -2.581216 0.048961
5.048961 -2.406955 0.044440
5.381851 -2.437060 0.047113
5.237928 -2.338869 0.043102
5.228644 -1.780717 0.044792
5.367042 -1.878804 0.046993
5.238157 -1.594010 0.043588
5.378133 -1.502512 0.045655
5.558693 -1.785399 0.047165
5.560270 -1.595815 0.048336
5.199216 -1.237390 0.045743
5.172462 -1.069732 0.046762
4.203470 -0.983510 0.049120
4.365083 -0.874230 0.045290
4.918651 -0.835006 0.046023
4.713813 -0.786006 0.043763
4.971675 -1.009075 0.047576
4.832214 -1.108456 0.041455
4.630016 -1.061893 0.044324
4.564638 -0.913512 0.046931
5.699834 2.743038 0.040865
5.555585 2.818723 0.048304
5.572483 2.451381 0.046797
5.703535 2.550467 0.041087
5.386028 2.532870 0.045347
5.372830 2.707640 0.043143
5.229546 1.368266 0.045263
5.230969 1.183101 0.045328
5.044845 1.478995 0.046720
4.904566 1.396385 0.042774
4.118461 0.250623 0.047335
4.317457 0.302747 0.046258
4.007171 0.532592 0.048133
3.959741 0.365524 0.043958
4.207657 -0.341190 0.048954
4.537671 -0.290706 0.044073
4.400736 -0.394727 0.048400
4.542240 -0.110608 0.043166
4.412032 0.000151 0.050178
4.084983 0.097278 0.041711
4.231234 -0.038092 0.043894
4.138586 -0.186323 0.042953
3.898901 0.031042 0.043264
3.929943 -0.141706 0.043350
2.885697 0.341234 0.048019
2.714717 0.242586 0.050374
2.872294 -0.048320 0.049927
2.704259 0.047848 0.049008
3.505133 0.426106 0.040752
5.143200 7.933916 0.040834
5.309581 7.836048 0.043305
5.447402 7.949007 0.041551
5.370803 8.127356 0.041116
5.182679 8.116903 0.042374
4.855769 8.150343 0.043871
4.560577 8.204785 0.044915
4.724970 8.268483 0.047290
4.830600 7.963437 0.045568
4.522453 7.993088 0.047669
4.661677 7.869879 0.047848
5.396183 4.710141 0.043128
5.566954 4.591934 0.047181
5.701481 4.669799 0.038804
5.416606 4.898118 0.043508
5.714086 4.859009 0.040268
5.599982 4.969121 0.045827
4.168591 7.481110 0.043662
4.327476 7.622142 0.047816
4.411548 6.366345 0.049305
4.596094 6.371459 0.042320
4.421902 6.063750 0.045993
4.310764 6.211430 0.041383
4.631613 6.067422 0.047022
4.705020 6.220216 0.043286
5.551873 -6.861669 0.047522
5.553892 -7.046227 0.048568
5.366431 -6.760436 0.045831
5.215681 -6.844147 0.045823
5.217811 -7.029274 0.045614
5.370579 -7.130121 0.046035
5.362281 -7.309544 0.043421
5.339334 -7.654039 0.044406
5.536436 -7.583628 0.046443
5.545387 -7.411915 0.049721
5.191986 -7.391024 0.047819
5.177990 -7.563806 0.044933
4.315160 -7.065626 0.038562
4.197450 -7.313846 0.044487
4.519495 -7.352898 0.046967
4.366330 -7.246821 0.045039
4.862874 -8.138810 0.044034
4.837045 -7.949757 0.045942
4.568494 -8.194987 0.045053
4.732564 -8.258376 0.047614
4.986974 -8.843495 0.049369
4.094269 -7.798659 0.042787
4.174180 -7.474434 0.043791
3.986536 -7.513413 0.043241
3.950644 -7.683644 0.047373
4.083771 -8.482818 0.046609
4.069425 -8.313687 0.044664
3.884939 -8.034718 0.046690
3.882721 -8.211855 0.046546
3.723984 -8.282427 0.044893
3.730829 -7.910461 0.046301
2.967955 -8.091509 0.045356
2.830222 -8.197947 0.047677
2.838647 -8.409598 0.047098
2.990791 -8.514902 0.047626
3.937802 -9.336546 0.049843
4.084125 -9.384253 0.039826
3.923465 -9.127307 0.042785
4.085095 -9.009862 0.045516
4.253546 -9.086098 0.046004
4.238237 -9.251250 0.041162
3.617938 -9.163909 0.047147
3.769266 -9.053489 0.049556
3.457452 -9.058560 0.047181
3.448575 -8.854103 0.047251
1.499232 -8.518239 0.047006
1.649833 -8.411464 0.046726
1.630257 -8.833528 0.048088
1.487472 -8.729583 0.046456
4.736815 -4.200899 0.047463
4.737630 -4.395196 0.047879
4.915149 -4.459376 0.045940
5.059272 -4.335806 0.046048
5.049271 -4.143638 0.047442
4.904333 -4.072911 0.042357
5.397795 -4.659199 0.043543
5.418491 -4.849803 0.044020
5.702332 -4.617663 0.039185
5.567756 -4.539260 0.047670
5.601017 -4.921113 0.046201
5.714896 -4.808912 0.040681
5.887323 -5.745910 0.048414
5.698145 -5.656857 0.041480
5.231191 -5.773491 0.043228
5.232328 -5.948925 0.044001
5.037421 -5.720389 0.042433
4.919280 -5.870213 0.043627
5.041019 -6.013873 0.042492
5.908822 -3.323792 0.051674
5.744867 -3.351518 0.040326
6.000137 -3.143837 0.038220
5.884743 -3.003930 0.048916
5.635757 -3.194721 0.041378
5.684319 -3.027088 0.046993
5.555050 -2.731062 0.049696
5.542206 -2.905676 0.045116
5.372871 -2.620365 0.043918
5.213734 -2.696435 0.044181
5.200569 -2.876414 0.047059
5.346862 -2.974957 0.043899
2.085916 8.726099 0.046984
1.931315 8.831511 0.047945
1.785333 8.727466 0.046766
1.793430 8.516770 0.047254
1.944054 8.410453 0.046735
2.090558 8.515738 0.047402
5.683964 -0.461173 0.043123
5.602783 -0.322893 0.044890
5.577305 -0.636907 0.047269
4.793125 0.721153 0.046347
4.950222 0.611303 0.043088
5.184619 0.828702 0.047812
5.151459 0.663563 0.044870
4.552309 0.519799 0.045111
4.592566 0.677518 0.045191
4.436466 0.802919 0.045824
4.353528 0.471397 0.045738
4.244643 0.760144 0.046148
4.201961 0.586341 0.046113
4.995393 0.154699 0.048801
5.046425 0.336496 0.043017
4.903310 0.442914 0.048618
4.800818 0.097613 0.047989
4.654498 0.231541 0.046241
4.705958 0.395044 0.045523
4.925290 -2.273079 0.043825
5.033836 -2.111249 0.042605
4.855237 -1.292707 0.046143
5.047938 -1.525233 0.044707
5.021451 -1.360983 0.047243
4.216106 -1.135854 0.040575
3.562916 0.006515 0.049463
3.178971 -0.235016 0.052708
3.290687 -0.333533 0.044353
3.600624 -0.180210 0.046527
3.484426 -0.304865 0.047740
4.595678 6.988888 0.042384
4.412460 6.969072 0.049458
4.712829 7.121573 0.043443
5.018400 7.321549 0.043668
5.036832 7.140947 0.047026
4.894155 7.048706 0.041919
4.658136 7.678007 0.046932
4.504792 7.571626 0.047211
4.831510 7.585339 0.048065
4.844015 7.405944 0.044030
4.515272 7.371223 0.046259
4.681121 7.298209 0.048371
4.511840 -7.557392 0.047187
4.664314 -7.662024 0.047495
4.291386 -7.765898 0.042329
4.335406 -7.611904 0.048033
4.668835 -7.856705 0.047960
4.380059 -7.933101 0.042527
4.530594 -7.982369 0.047853
4.786902 -9.063326 0.045428
4.807823 -8.879948 0.049606
4.605367 -9.108860 0.046127
4.637338 -8.760382 0.046210
4.441543 -9.000918 0.044312
4.452592 -8.835818 0.047338
3.598516 -8.758473 0.047870
3.758720 -8.852509 0.044870
3.587080 -8.556876 0.045766
3.740500 -8.470880 0.046316
3.920368 -8.749470 0.046936
3.913583 -8.569438 0.045951
3.550209 -8.146943 0.049419
3.554837 -7.952114 0.045411
1.933205 -8.831732 0.048009
1.786904 -8.727670 0.046810
1.945272 -8.410626 0.046760
1.794721 -8.516950 0.047309
5.529219 -5.209506 0.048186
5.665876 -5.103533 0.043004
5.545923 -5.387165 0.048027
5.694040 -5.469046 0.042112
5.871758 -5.121006 0.045423
6.002448 -5.661302 0.033501
5.057779 -0.730150 0.045401
5.262802 -0.783313 0.047167
5.384223 -0.646567 0.047992
5.331009 -0.173343 0.041164
5.408367 -0.327678 0.047218
5.296467 -0.475617 0.044579
5.138587 -0.127213 0.042524
4.829580 0.879985 0.043807
4.718510 1.157189 0.043732
4.669955 0.999345 0.045367
5.019836 0.935273 0.042736
5.049132 1.110198 0.047590
4.907430 1.212753 0.041290
4.634040 -2.427237 0.046813
4.739047 -2.280602 0.049970
4.629626 -2.120154 0.044660
4.422113 -2.396729 0.045867
4.321697 -2.243460 0.043023
4.424202 -2.113521 0.047101
5.035416 -1.824221 0.043729
4.945605 -1.970521 0.050175
4.924886 -1.664545 0.043956
4.727638 -1.971903 0.045521
4.539412 -1.213834 0.043332
4.375641 -1.237953 0.044614
4.682803 -1.361094 0.042020
3.216012 0.342243 0.047849
3.049662 0.243477 0.050184
3.388238 0.264303 0.046449
3.393871 0.077436 0.051852
3.046718 0.048661 0.049307
3.218700 -0.039440 0.049148
4.315299 7.073574 0.038638
4.194398 7.317894 0.045017
4.363763 7.258523 0.045058
3.124609 -8.198344 0.048102
3.255105 -8.091836 0.044362
3.412674 -8.216742 0.048395
3.139020 -8.410087 0.047394
3.289871 -8.525060 0.048454
3.433029 -8.438222 0.045178
2.389533 -8.725438 0.047167
2.092064 -8.515967 0.047462
2.236588 -8.830552 0.047938
2.087813 -8.726352 0.047026
2.390642 -8.515311 0.047540
2.241948 -8.410040 0.046837
5.973548 -5.231672 0.043094
5.883218 -5.389179 0.048202
6.002448 -5.492382 0.035162
4.992960 -0.553901 0.046281
5.110226 -0.436115 0.043351
4.791242 -0.504313 0.046080
4.729624 -0.349377 0.042401
4.850820 -0.204895 0.044461
5.029704 -0.242046 0.047077
4.309092 -1.407849 0.040664
4.418864 -1.541600 0.044447
4.631987 -1.824613 0.044690
4.425055 -1.823748 0.047057
4.322550 -1.685324 0.043855
4.739423 -1.663555 0.049764
4.628805 -1.518965 0.046554
-5.888575 6.016281 0.041765
-1.803894 8.091682 0.046204
-3.763535 7.733326 0.043450
-3.727961 7.913248 0.046233
-5.993436 7.786959 0.039293
-0.087923 0.343386 0.038226
-3.965460 9.763550 0.048718
-4.616795 5.098524 0.047142
-4.419187 5.056400 0.052295
-4.400902 5.451963 0.049903
-4.678840 5.268748 0.043579
-4.576531 5.423227 0.042907
-5.692175 6.788622 0.041264
-5.552149 6.512267 0.047630
-5.693074 6.605949 0.041254
-5.885026 6.564661 0.042643
-6.001200 6.707054 0.038695
-5.975705 6.975354 0.044026
-5.884127 6.841231 0.043233
-4.526561 7.988058 0.047773
-6.001368 6.168970 0.037971
-5.976604 6.438126 0.043492
-5.885194 6.295976 0.045094
-5.979986 5.900794 0.041689
-4.305604 5.171294 0.036371
-4.305604 5.342432 0.035116
-4.323663 5.916780 0.044100
-4.418961 5.761631 0.047742
-4.308076 5.635760 0.039554
-4.326361 4.891862 0.043426
-1.364541 8.199158 0.047031
-1.514084 8.091874 0.046012
-1.655730 8.198556 0.047035
-4.573093 9.283866 0.043526
-4.603095 9.111261 0.046007
-4.439001 9.003779 0.044171
-4.449804 8.839149 0.047211
-4.784607 9.065715 0.045302
-3.879387 8.215641 0.046476
-3.880985 8.038469 0.046662
-3.721758 8.286704 0.044776
-3.738876 8.475242 0.046066
-3.553313 7.953665 0.045250
-3.255318 8.091761 0.044326
-3.548709 8.149950 0.049191
-3.412640 8.218385 0.048377
-5.975815 7.516455 0.043847
-5.876473 7.662364 0.049356
-5.677874 7.701326 0.042479
-4.859685 8.144813 0.043967
-5.338417 7.662248 0.044149
-5.535991 7.591322 0.046239
-5.545060 7.421049 0.049411
-5.375665 -8.116514 0.041433
-5.484943 -8.244906 0.049454
-4.361763 -9.509309 0.040332
-4.395895 -9.339215 0.044305
-4.441697 -9.000881 0.044306
-4.253732 -9.086116 0.046000
-4.238419 -9.251276 0.041147
-1.926355 -9.040102 0.047464
-4.310978 -6.193498 0.041259
-4.322807 -5.913691 0.042554
-4.421008 -6.035643 0.046325
-0.087064 8.078853 0.036770
-0.094159 -0.341593 0.041697
-0.219195 -0.245370 0.054444
-0.098174 0.046648 0.043433
-0.223209 -0.053848 0.053357
-0.186097 0.241575 0.044739
-0.364760 0.338189 0.041573
-0.904694 -0.246762 0.049376
-0.910409 -0.053609 0.049294
-0.982641 9.654418 0.048500
-2.385232 9.762044 0.048237
-6.003312 5.633004 0.035225
-5.890520 5.742254 0.047539
-4.740615 5.894295 0.051468
-4.626415 5.735988 0.047790
-4.691158 5.581381 0.042221
-5.365682 6.594988 0.044352
-5.210700 6.493460 0.046671
-5.214194 6.858455 0.045557
-5.365118 6.775485 0.045572
-5.553107 7.058385 0.048320
-5.550686 6.875436 0.047131
-5.029806 6.758922 0.047169
-5.025748 6.574424 0.048088
-4.665375 7.863817 0.047916
-4.989834 7.850655 0.048664
-4.834160 7.957019 0.045738
-5.215282 6.318340 0.043710
-5.030617 6.201868 0.048931
-5.699876 6.051408 0.041207
-5.565952 5.962734 0.046641
-5.555401 6.330603 0.047495
-5.696494 6.238794 0.040805
-5.373516 6.238203 0.044410
-5.380685 6.057721 0.044425
-1.226118 8.092284 0.045704
-1.649348 8.411382 0.046713
-4.136769 9.698956 0.045694
-4.251120 9.088848 0.045881
-3.911346 8.573331 0.045901
-4.269297 8.747735 0.045873
-4.984359 8.846368 0.049237
-4.805169 8.882955 0.049446
-4.634460 8.763872 0.046067
-4.058997 7.974640 0.044019
-4.375756 7.938143 0.042446
-4.226713 8.065993 0.042380
-3.585368 8.560734 0.045524
-3.432182 8.440631 0.044992
-5.915370 7.952920 0.043784
-5.885438 7.387887 0.042778
-6.002401 7.246503 0.038546
-5.885328 7.108437 0.043691
-5.695797 7.155209 0.041079
-5.695907 7.339881 0.041320
-5.055142 8.222252 0.050121
-5.176451 7.573355 0.044672
-4.993805 7.663630 0.043197
-5.361632 7.320564 0.043227
-5.216443 7.042595 0.045374
-5.369789 7.142572 0.045784
-5.190597 7.401945 0.047543
-5.681252 -8.193924 0.042482
-5.431150 -8.416449 0.047260
-4.732647 -8.258177 0.047618
-5.162942 -1.066718 0.047811
-5.375619 -2.618335 0.044062
-5.558319 -2.727480 0.050130
-1.074178 -0.343096 0.047183
-4.421967 -5.038467 0.050605
-4.621485 -5.068312 0.046573
-5.552961 -6.495651 0.048202
-5.214958 -6.299801 0.044074
-5.886679 -6.289819 0.047584
-5.693181 -6.589996 0.041311
-0.087078 -8.078854 0.036777
-1.136804 -9.761921 0.048414
-1.763812 -9.350751 0.048174
-1.768339 -9.144334 0.048474
-1.762310 -9.762171 0.048235
-1.918701 -9.659271 0.048088
-1.919359 -9.453370 0.048168
-2.077629 -9.143210 0.048267
-2.075160 -9.350062 0.047984
-2.230405 -9.453019 0.048190
-4.310772 -6.775413 0.040664
-4.574976 -9.281987 0.043646
-4.605464 -9.108812 0.046125
-4.452758 -8.835734 0.047346
-3.587397 -8.557126 0.045749
-3.433345 -8.438413 0.045177
-3.598756 -8.758589 0.047877
-3.448737 -8.854171 0.047246
-3.628984 -9.364334 0.047635
-3.618078 -9.163915 0.047144
-3.457590 -9.058588 0.047186
-4.995558 -7.654060 0.043414
-5.029757 -6.181881 0.049304
-4.629909 -6.030411 0.047867
-1.457186 -9.145981 0.048832
-1.618614 -9.041800 0.047339
-4.307509 -5.172254 0.039631
-2.727655 0.243832 0.048356
-4.734975 -1.658607 0.049962
-4.725562 -1.970554 0.045671
-4.629038 -1.820547 0.044707
-0.357567 8.097280 0.043910
-0.183597 8.191132 0.047989
-0.096532 8.383090 0.042616
-0.565625 -0.247442 0.051242
-0.416493 -0.343777 0.044659
-0.745164 -0.343665 0.046505
-0.570977 -0.055682 0.050801
-0.425859 0.039505 0.044833
-0.479487 0.236616 0.047780
-0.756231 0.041247 0.046477
-0.961304 0.339819 0.045551
-0.656300 0.338427 0.044028
-0.787926 0.238246 0.048747
-1.085842 0.044210 0.047175
-1.105042 0.240640 0.048588
-1.593549 0.341489 0.046989
-1.426149 0.242310 0.048273
-1.274878 0.340821 0.046459
-2.565243 0.342296 0.047669
-2.400406 0.244524 0.048062
-0.523331 9.761302 0.049055
-0.826785 9.757502 0.049712
-0.682028 9.653803 0.045314
-0.080458 9.667952 0.042372
-0.198817 9.784982 0.042619
-0.380307 9.681284 0.040418
-1.136144 9.761916 0.048388
-5.690669 5.490379 0.040595
-5.378782 5.699291 0.044946
-5.565484 5.778888 0.046477
-5.701352 5.675670 0.043010
-6.003312 5.462967 0.033230
-5.879837 5.386927 0.049408
-5.707630 4.657192 0.039300
-5.889447 4.576388 0.045414
-5.019071 5.579551 0.048438
-4.867527 5.515709 0.042840
-4.857681 5.320105 0.042203
-4.990261 5.211420 0.047002
-5.420705 4.882329 0.043560
-5.284064 4.994584 0.046950
-4.416669 4.768610 0.042792
-4.601430 4.720540 0.041586
-4.303086 4.615359 0.039058
-4.313479 6.496701 0.041859
-4.920616 5.891259 0.043478
-5.041771 6.034358 0.042153
-5.038290 5.742593 0.042122
-5.232169 5.795763 0.043100
-5.233605 5.970347 0.043689
-2.076388 9.143114 0.048234
-2.094898 8.091506 0.046255
-1.948119 8.198189 0.047128
-0.184604 9.487200 0.040417
-0.366093 9.500532 0.043273
-1.133145 9.349877 0.049675
-0.979656 9.447461 0.046695
-2.086932 8.726199 0.047009
-1.794122 8.516843 0.047284
-1.944730 8.410524 0.046750
-2.091384 8.515830 0.047434
-4.166776 9.547128 0.041505
-4.082238 9.386251 0.039743
-4.236146 9.253578 0.041083
-4.360461 9.510643 0.040205
-4.394025 9.341113 0.044230
-3.935599 9.338564 0.049778
-4.082581 9.012935 0.045381
-4.089955 8.836452 0.046021
-3.918014 8.753207 0.046755
-3.920968 9.129978 0.042685
-4.267133 8.577791 0.047036
-4.235596 8.231660 0.047025
-4.066281 8.317478 0.044558
-4.081123 8.486631 0.046455
-4.626233 8.587462 0.049475
-4.773877 8.474037 0.049411
-4.422719 8.315816 0.046836
-4.439413 8.492795 0.046291
-4.564641 8.200063 0.044995
-4.728980 8.263617 0.047435
-3.596080 8.761428 0.047814
-3.756255 8.855812 0.044711
-3.615181 9.165843 0.047038
-3.766583 9.056099 0.049474
-3.324768 9.764341 0.047999
-5.618177 7.885899 0.046313
-5.738710 8.012899 0.044126
-5.679481 8.196762 0.042270
-5.482794 8.248831 0.049232
-5.428537 8.419769 0.047082
-5.220768 -8.649723 0.042394
-5.253849 -8.471316 0.044521
-5.086705 -8.382347 0.043194
-5.188142 -8.104887 0.042636
-5.058009 -8.216578 0.050379
-4.862932 -8.138625 0.044035
-4.836998 -7.949500 0.045946
-5.147866 -7.919849 0.041069
-4.991800 -7.842415 0.048778
-6.000816 -4.160753 0.037834
-6.000619 -4.700256 0.038232
-5.898657 -4.848382 0.043020
-5.714524 -4.815982 0.040556
-6.001171 -3.461014 0.034285
-5.886282 -4.009579 0.041951
-5.699041 -4.054159 0.041081
-5.557674 -3.982100 0.048865
-5.990816 -4.978394 0.039831
-5.004829 -3.159927 0.048670
-5.989740 -0.897410 0.037786
-5.898167 -0.727750 0.045210
-5.712426 -0.649185 0.041318
-4.702399 -2.898407 0.044804
-4.924868 -2.276242 0.044111
-5.049113 -2.410403 0.044398
-5.016329 -2.966115 0.047528
-4.885300 -2.865351 0.043006
-5.215423 -2.697419 0.044426
-5.202836 -2.876370 0.047082
-5.034235 -2.584599 0.049297
-4.890619 -2.662787 0.042809
-5.309392 -0.959240 0.045394
-5.590775 -0.754077 0.046480
-5.351001 -0.150061 0.040025
-4.626626 -1.510759 0.046535
-4.418372 -1.534280 0.045136
-5.189267 -1.241349 0.045077
-5.014627 -1.358175 0.048018
-5.349806 -2.973133 0.043943
-5.545093 -2.903326 0.045258
-4.865704 -3.274129 0.043680
-4.876710 -3.480238 0.041093
-4.683138 -5.239476 0.043742
-4.327235 -4.886955 0.044834
-5.329250 -5.145462 0.044131
-5.600214 -4.927286 0.046042
-5.246986 -4.593332 0.046783
-5.397767 -4.665047 0.043371
-5.417348 -4.854705 0.043957
-5.283799 -4.968579 0.047125
-4.759158 -4.940729 0.046042
-4.744623 -4.764105 0.049162
-4.953687 -5.003298 0.044596
-5.096007 -4.897084 0.046358
-4.921919 -4.641085 0.043837
-5.078775 -4.711496 0.046063
-6.002163 -6.182730 0.035213
-5.177717 -7.563607 0.044937
-5.915711 -7.951072 0.044030
-5.739495 -8.009540 0.044376
-5.691776 -6.774918 0.041439
-5.975889 -6.976250 0.043343
-5.883545 -6.835555 0.044687
-0.357647 -8.097304 0.043930
-0.183641 -8.191158 0.048012
-0.096562 -8.383125 0.042633
-0.523620 -9.761314 0.049077
-0.080480 -9.667964 0.042385
-0.198915 -9.784998 0.042638
-0.380482 -9.681312 0.040437
-1.450460 -9.351677 0.048567
-1.607361 -9.453912 0.048105
-1.293978 -9.454117 0.047848
-1.606519 -9.659431 0.048129
-1.449640 -9.762260 0.048255
-1.294000 -9.659181 0.048204
-2.386706 -9.762056 0.048260
-2.074606 -9.762101 0.048235
-2.230509 -9.659157 0.048053
-3.011410 -9.762591 0.048288
-2.542093 -9.658993 0.048045
-2.698782 -9.761937 0.048347
-2.853593 -9.659528 0.047892
-2.690381 -8.514877 0.047591
-2.233342 -9.039014 0.047521
-2.236683 -8.830525 0.047939
-2.389639 -8.725410 0.047171
-2.095330 -8.091535 0.046266
-1.948595 -8.198239 0.047146
-1.364913 -8.199190 0.047050
-2.087895 -8.726329 0.047030
-1.933281 -8.831710 0.048011
-2.092147 -8.515948 0.047465
-1.945346 -8.410613 0.046762
-4.411951 -6.644914 0.045086
-4.621607 -6.652998 0.049591
-4.412157 -6.340923 0.050005
-4.313957 -6.490627 0.042044
-4.786972 -9.063266 0.045427
-4.568534 -8.194715 0.045059
-3.412928 -8.216889 0.048415
-3.550327 -8.147123 0.049445
-3.255260 -8.091839 0.044345
-3.554814 -7.952154 0.045414
-3.765430 -7.731497 0.043509
-3.730781 -7.910484 0.046311
-3.758995 -8.852616 0.044864
-4.085333 -9.009920 0.045511
-3.923675 -9.127361 0.042782
-3.769464 -9.053525 0.049557
-3.290113 -8.525101 0.048463
-2.994703 -8.724630 0.047347
-3.147031 -8.834123 0.048386
-3.294146 -8.739397 0.046074
-3.475885 -9.463711 0.048070
-3.166555 -9.661763 0.047809
-3.161427 -9.457444 0.048309
-3.313988 -9.359127 0.047290
-3.150630 -9.044732 0.046876
-3.306599 -9.154423 0.047905
-3.645857 -9.765266 0.047975
-3.326664 -9.764172 0.048046
-3.483433 -9.664437 0.048006
-3.966376 -9.763078 0.048794
-4.137587 -9.698252 0.045824
-4.168221 -9.545766 0.041625
-3.803973 -9.663344 0.048681
-3.794648 -9.463138 0.048025
-4.084298 -9.384273 0.039821
-3.937953 -9.336554 0.049844
-5.026552 -6.557668 0.048441
-5.030717 -6.743633 0.047350
-5.210999 -6.476561 0.046944
-5.365986 -6.579095 0.044524
-4.703887 -6.795465 0.041938
-4.889969 -6.835930 0.043302
-4.895023 -7.024605 0.042166
-1.226424 -8.092298 0.045720
-1.074788 -8.198133 0.046947
-0.939956 -8.090835 0.044764
-1.133780 -9.349914 0.049701
-2.068035 0.048960 0.047681
-1.749410 0.243428 0.048062
-2.050037 -0.341874 0.046940
-2.228840 -0.047781 0.047971
-2.395877 0.049722 0.047730
-2.218534 -0.243342 0.048503
-3.057087 0.046836 0.047499
-3.786520 -0.709811 0.044604
-4.172023 -0.173730 0.048443
-3.971683 -0.117646 0.050000
-2.891439 0.341536 0.047953
-3.054310 0.242530 0.048375
-3.216454 0.340994 0.048078
-4.629449 -2.118545 0.044702
-4.739029 -2.281602 0.050337
-4.321783 -2.238713 0.042764
-4.424100 -2.109885 0.047148
-4.315095 -1.960410 0.042103
-4.423921 -1.819063 0.047363
-4.321604 -1.680643 0.043401
-0.183258 8.528131 0.051484
-0.086726 8.717706 0.042889
-4.318469 3.213501 0.042517
-6.001020 4.149244 0.038226
-5.980412 4.422441 0.041488
-5.888654 4.301740 0.044285
-5.574055 4.577747 0.047402
-5.402399 4.695684 0.043518
-5.249751 4.624580 0.046509
-5.977963 3.880364 0.043073
-5.886206 4.017658 0.043968
-4.302461 4.055636 0.039308
-6.001813 4.686478 0.036006
-5.664818 5.135884 0.042547
-5.721745 4.849594 0.039927
-5.606476 4.956795 0.046794
-5.994527 5.121040 0.036535
-5.871052 5.210176 0.049059
-5.994527 4.955608 0.036606
-5.903563 4.856750 0.040795
-5.363094 5.520555 0.044408
-5.327064 5.170283 0.044481
-5.539113 5.414861 0.047850
-5.522047 5.237116 0.047061
-5.197263 5.453985 0.043316
-5.178298 5.281458 0.046775
-4.922003 4.671983 0.043700
-5.079886 4.741480 0.045845
-4.756231 4.968959 0.045737
-4.743384 4.793803 0.049088
-4.950856 5.030498 0.044534
-5.095893 4.924838 0.046208
-4.661218 7.670728 0.047204
-4.833974 7.576906 0.048259
-4.315244 7.069347 0.038902
-4.620036 6.669637 0.049414
-4.412589 6.960490 0.049942
-4.410824 6.656288 0.044723
-4.310123 6.780555 0.040171
-4.411336 6.353499 0.049371
-4.421520 6.049203 0.046083
-4.310635 6.198817 0.041777
-4.631018 6.052361 0.047232
-4.886188 6.469084 0.042404
-4.707156 6.514034 0.044566
-4.886475 6.271648 0.042251
-4.704599 6.205959 0.043472
-4.595801 6.357483 0.042419
-1.293239 9.454084 0.047821
-1.605563 9.659410 0.048100
-1.448785 9.762250 0.048230
-1.293253 9.659166 0.048175
-1.761252 9.762160 0.048210
-2.386444 8.091409 0.046169
-2.241500 8.197916 0.047245
-2.241375 8.409905 0.046833
-2.389894 8.515125 0.047508
-3.124831 8.198186 0.048159
-2.967943 8.091425 0.045339
-2.235524 8.830378 0.047902
-2.388495 8.725231 0.047150
-2.232027 9.038889 0.047491
-0.104146 9.346301 0.048687
-0.188519 8.874840 0.047275
-0.376434 8.873042 0.046031
-0.101794 9.041696 0.047591
-0.205939 9.185756 0.044952
-0.501597 9.045914 0.048582
-0.417828 9.191771 0.047306
-0.497524 9.365649 0.049244
-0.670434 9.438902 0.047303
-0.812207 9.335644 0.051498
-1.486863 8.729480 0.046438
-1.205935 8.519698 0.046393
-1.355560 8.412610 0.046723
-1.498721 8.518152 0.046983
-1.190045 8.731305 0.045833
-1.327813 8.835546 0.048044
-1.142267 9.145186 0.049223
-1.309121 9.043677 0.047107
-1.456378 9.145910 0.048804
-1.449618 9.351626 0.048540
-1.762753 9.350690 0.048146
-1.606410 9.453868 0.048077
-1.925274 9.040002 0.047436
-1.629534 8.833414 0.048059
-1.767324 9.144251 0.048444
-1.617740 9.041713 0.047313
-1.932322 8.831597 0.047978
-1.786166 8.727548 0.046792
-3.644277 9.765573 0.047911
-3.802325 9.664123 0.048560
-3.481397 9.664915 0.047913
-3.792409 9.464608 0.047943
-3.473412 9.464622 0.047997
-3.626375 9.365765 0.047523
-5.312164 7.829010 0.043414
-5.450041 7.942657 0.041695
-5.146226 7.927140 0.040938
-5.186010 8.110944 0.042515
-5.373886 8.121726 0.041258
-5.217951 8.652739 0.042303
-5.251021 8.475050 0.044330
-5.083592 8.386906 0.043072
-5.023554 8.684937 0.043998
-4.933032 8.519887 0.042342
-5.699458 -4.245411 0.040941
-5.565370 -4.357014 0.048232
-5.886699 -4.292255 0.046372
-5.568478 -4.546612 0.047458
-5.702369 -4.624967 0.039093
-5.978661 -4.433225 0.042606
-5.886502 -4.565180 0.042943
-5.978243 -3.895271 0.041691
-6.001171 -3.626706 0.034018
-5.886636 -3.730367 0.052016
-6.002374 -5.498336 0.035103
-4.303083 -4.046326 0.039088
-4.325987 -4.322727 0.044351
-4.416293 -4.178910 0.043707
-5.164366 -3.255747 0.043268
-5.468055 -3.257761 0.041876
-5.322836 -3.158698 0.048079
-5.377864 -4.103625 0.043675
-5.224108 -4.031744 0.045538
-5.385142 -4.287288 0.045407
-5.237470 -4.405171 0.046141
-4.901492 -3.878667 0.045142
-4.601754 -4.111902 0.040946
-5.995413 0.047617 0.038332
-6.001205 -0.636163 0.033411
-6.001205 -0.471024 0.034639
-5.881720 -0.371960 0.047569
-5.973293 -0.216638 0.042127
-5.875928 -0.103216 0.046612
-5.674895 -0.093424 0.043396
-5.530195 -0.213759 0.048387
-5.695979 -0.458535 0.040182
-5.545487 -0.388476 0.049497
-6.000279 -1.409328 0.037383
-5.968029 -1.148891 0.044415
-5.875530 -1.260279 0.042773
-5.864992 -0.998785 0.049068
-5.651767 -0.934017 0.044449
-5.511032 -1.032461 0.048355
-4.942594 -1.970788 0.050643
-5.032321 -2.113419 0.042745
-4.309844 -2.786165 0.036291
-4.309844 -2.953034 0.036597
-5.368262 -0.499399 0.042147
-5.256455 -0.781069 0.048061
-5.397103 -0.674350 0.046428
-4.217558 -1.131395 0.042424
-4.377797 -1.229844 0.045702
-4.309546 -1.402843 0.040374
-4.676231 -0.602563 0.046081
-5.064576 -0.705350 0.046132
-4.371162 -0.864901 0.047022
-4.205044 -0.981400 0.047432
-3.977537 -0.763347 0.049087
-4.004531 -0.929420 0.042558
-4.571245 -0.893772 0.047205
-4.724556 -0.758480 0.045096
-4.967617 -0.993223 0.047621
-4.922188 -0.810026 0.046786
-5.357191 -1.316088 0.044762
-5.372697 -1.502686 0.046454
-5.532506 -1.214677 0.049973
-5.683779 -1.298609 0.041750
-5.979437 -2.206281 0.040484
-5.700178 -2.447050 0.041955
-5.699147 -2.646453 0.042193
-6.000023 -2.467096 0.033726
-5.886683 -2.369061 0.049733
-5.567030 -2.345016 0.048692
-5.383298 -2.435275 0.047192
-5.237980 -2.340162 0.043203
-5.227735 -2.155927 0.044679
-5.996747 -1.942647 0.038168
-5.883407 -2.093111 0.044090
-5.978406 -2.889118 0.040539
-6.000023 -2.629742 0.034162
-5.885652 -2.731110 0.048932
-5.999475 -3.162804 0.037653
-5.743428 -3.354107 0.040616
-5.907868 -3.334161 0.052301
-5.885103 -3.013881 0.048547
-5.635304 -3.195172 0.041221
-5.685373 -3.026303 0.047219
-4.302080 -3.497260 0.037720
-1.726878 -0.342263 0.047253
-1.893164 -0.244136 0.048213
-1.741011 0.047832 0.047585
-1.900855 -0.048864 0.047923
-4.737933 -5.870736 0.051981
-4.993963 -5.185949 0.046847
-4.861087 -5.294544 0.042534
-5.199547 -5.430094 0.043668
-5.181734 -5.256618 0.047325
-5.018481 -5.555679 0.048587
-4.867793 -5.490798 0.043078
-4.577573 -5.391655 0.043281
-4.401463 -5.354279 0.050015
-4.306732 -5.467340 0.035752
-4.416761 -5.745949 0.049572
-4.306732 -5.638196 0.036485
-4.622985 -5.708227 0.048977
-4.689066 -5.553290 0.042405
-6.002374 -5.666589 0.033345
-6.002163 -6.014748 0.033284
-5.372671 -6.220610 0.044612
-5.378527 -6.038544 0.045123
-5.555687 -6.313926 0.047559
-5.697637 -6.219361 0.041992
-5.886538 -5.934542 0.047646
-5.886748 -5.749974 0.048386
-5.697496 -6.032066 0.040968
-5.561401 -5.944566 0.046797
-5.363886 -5.495714 0.044234
-5.376554 -5.675589 0.045557
-5.697102 -5.659922 0.041460
-5.560797 -5.756990 0.046978
-5.191663 -7.390810 0.047823
-5.020634 -7.299809 0.044207
-5.038024 -7.117435 0.047526
-5.313013 -7.821799 0.043518
-5.339105 -7.653912 0.044406
-5.450948 -7.936755 0.041884
-5.618470 -7.880762 0.046433
-5.536211 -7.583600 0.046447
-5.677641 -7.695495 0.042722
-5.993279 -7.785766 0.039285
-5.975732 -7.515058 0.043618
-5.876233 -7.658966 0.049669
-5.884857 -7.103741 0.043647
-6.001746 -7.246123 0.038396
-5.884701 -7.383605 0.043541
-6.000433 -6.710493 0.037945
-5.977293 -6.445709 0.041882
-5.884949 -6.559320 0.042035
-0.183325 -8.528190 0.051505
-0.086762 -8.717747 0.042906
-0.184671 -9.487233 0.040431
-0.366239 -9.500581 0.043294
-0.497750 -9.365700 0.049266
-3.000179 -9.143773 0.048353
-2.850897 -9.453036 0.048367
-3.003586 -9.351780 0.047417
-2.838839 -8.409581 0.047106
-2.990987 -8.514886 0.047629
-3.139282 -8.410083 0.047409
-3.124846 -8.198345 0.048119
-1.804305 -8.091704 0.046217
-1.514451 -8.091892 0.046028
-1.656163 -8.198597 0.047054
-1.630312 -8.833509 0.048090
-1.786962 -8.727652 0.046814
-1.649883 -8.411454 0.046728
-1.794776 -8.516935 0.047313
-4.887226 -6.451461 0.042592
-4.708494 -6.496732 0.044820
-4.886472 -6.252434 0.042482
-4.704762 -6.186286 0.043675
-4.597039 -6.338944 0.042718
-4.987042 -8.843401 0.049375
-5.026485 -8.681524 0.044110
-4.807915 -8.879842 0.049617
-4.629529 -8.583237 0.049627
-4.637469 -8.760241 0.046217
-4.777308 -8.469392 0.049550
-4.936289 -8.515608 0.042495
-3.740849 -8.471088 0.046295
-3.724195 -8.282609 0.044895
-4.668776 -7.856444 0.047961
-4.530598 -7.982106 0.047867
-1.063635 -8.412112 0.047286
-0.475943 -8.194469 0.049714
-0.649021 -8.082165 0.041816
-0.781701 -8.188000 0.046805
-0.670758 -9.438938 0.047332
-0.812629 -9.335681 0.051529
-0.980187 -9.447486 0.046723
-0.983188 -9.654429 0.048530
-0.827258 -9.757508 0.049737
-0.682385 -9.653822 0.045341
-2.558491 -0.047135 0.048337
-2.725432 0.049203 0.047600
-2.891993 -0.048787 0.049266
-2.868369 -0.243657 0.050134
-2.370388 -0.341469 0.046290
-2.686625 -0.341296 0.044910
-2.543308 -0.242765 0.049128
-2.996187 -0.342361 0.041842
-3.181956 -0.342361 0.039781
-3.230297 -0.045527 0.049422
-3.283562 -0.239854 0.053359
-3.744859 -0.539141 0.047108
-3.887001 -0.411456 0.047786
-3.826058 -0.245862 0.043828
-3.556942 -0.490303 0.043454
-3.493157 -0.312945 0.046963
-3.620130 -0.196190 0.046650
-3.705805 0.644402 0.037063
-3.572600 0.511197 0.037128
-4.597218 -2.728219 0.041708
-4.712049 -2.589704 0.045750
-4.635076 -2.426728 0.046505
-4.411240 -2.682039 0.048019
-4.314174 -2.509295 0.039992
-4.423179 -2.392499 0.045971
-0.347835 8.527583 0.042261
-0.439218 8.715360 0.043050
-0.610278 8.683468 0.043934
-1.074489 8.198112 0.046929
-0.939725 8.090828 0.044748
-1.063287 8.412073 0.047270
-0.916723 8.511791 0.044581
-2.239557 0.342228 0.047512
-2.074222 0.244167 0.047988
-1.915442 0.341939 0.047308
-4.312488 2.940507 0.041059
-4.418179 3.071707 0.042731
-4.914346 4.488716 0.045479
-5.699922 4.084493 0.040870
-5.702371 4.275997 0.040732
-5.569589 4.389151 0.048091
-5.886842 3.737957 0.048694
-5.688872 3.714092 0.045966
-4.416316 4.477721 0.046338
-4.326008 4.332916 0.044322
-4.415692 4.198492 0.042518
-4.601077 4.525762 0.041218
-4.735375 4.415757 0.048321
-4.364948 7.253254 0.045033
-4.517247 7.362958 0.046585
-4.195802 7.316071 0.044782
-4.508127 7.565189 0.047197
-4.845768 7.396686 0.044171
-4.682132 7.288278 0.048695
-5.037433 7.130642 0.047266
-5.019745 7.312000 0.043895
-2.073341 9.762089 0.048210
-2.229116 9.659134 0.048020
-1.917530 9.659249 0.048058
-1.918185 9.453322 0.048140
-2.228990 9.452967 0.048161
-2.073870 9.349996 0.047954
-3.288836 8.525603 0.048464
-3.138808 8.409781 0.047456
-2.830107 8.197803 0.047694
-2.677779 8.091378 0.045897
-2.535576 8.197788 0.047418
-2.539152 8.409515 0.046944
-3.311387 9.359850 0.047190
-2.697092 9.761910 0.048332
-2.540462 9.658954 0.048011
-2.384310 9.142298 0.048112
-2.383791 9.349494 0.047855
-2.539146 9.452571 0.048168
-2.692969 9.348965 0.047776
-0.998318 9.040561 0.046780
-0.686400 9.013783 0.047782
-0.821747 9.133436 0.050185
-0.732297 8.809019 0.046638
-0.896730 8.722923 0.045888
-1.027404 8.834813 0.047784
-5.973159 -5.238425 0.042991
-5.871197 -5.127685 0.045286
-5.882755 -5.394661 0.048182
-5.527313 -5.213279 0.048033
-5.664728 -5.108977 0.042936
-5.544136 -5.390056 0.048064
-5.693109 -5.472863 0.042112
-4.416101 -4.458819 0.045523
-4.601084 -4.496833 0.041415
-4.302891 -4.607224 0.039637
-4.602331 -4.691464 0.041737
-4.417348 -4.751197 0.043834
-5.213538 -3.841491 0.047179
-5.037783 -3.762744 0.045627
-5.020580 -3.563256 0.048744
-5.169111 -3.452967 0.043412
-5.054907 -4.148443 0.046784
-4.908045 -4.074114 0.043428
-5.060989 -4.338207 0.046046
-4.913650 -4.455957 0.045745
-4.735106 -4.384346 0.048395
-4.735584 -4.192267 0.047457
-5.883466 1.893185 0.043305
-5.605724 0.073444 0.042318
-4.568412 -0.287771 0.046174
-5.997433 2.045612 0.038613
-6.000656 2.588478 0.038441
-5.215442 2.741933 0.043902
-5.230482 -1.596755 0.043302
-5.223228 -1.781918 0.044853
-5.029945 -1.825775 0.042981
-4.918850 -1.663602 0.044129
-5.040336 -1.526983 0.044544
-5.024995 -0.517806 0.047170
-5.186064 -0.243953 0.047440
-5.188033 -0.418574 0.049913
-4.834282 -0.466565 0.048014
-4.780178 -0.310855 0.046564
-4.323102 -0.697793 0.046059
-4.421146 -0.411665 0.045273
-4.474861 -0.570747 0.047121
-4.129991 -0.648219 0.045872
-4.081115 -0.466998 0.048294
-4.220512 -0.357489 0.044492
-4.542334 -1.200199 0.043442
-4.633136 -1.044097 0.044884
-4.831876 -1.092002 0.041893
-4.852561 -1.282323 0.046108
-4.682337 -1.349677 0.042856
-5.557046 -1.590726 0.048154
-5.692813 -1.488060 0.043112
-5.884565 -1.539541 0.046780
-5.977064 -1.678121 0.042198
-5.881033 -1.813688 0.045954
-5.362565 -1.876541 0.046744
-5.364929 -2.061525 0.047064
-5.554169 -1.779417 0.047355
-5.686405 -1.869859 0.042369
-5.558906 -2.155501 0.047252
-5.688778 -2.060959 0.042438
-4.413423 -3.050087 0.043910
-4.316357 -3.216684 0.039537
-4.405660 -3.331841 0.042894
-4.620000 -3.032364 0.044959
-4.700817 -3.208414 0.047909
-4.583543 -3.341294 0.039273
-4.720262 -3.607062 0.047818
-4.591981 -3.533833 0.038269
-4.727840 -3.806004 0.047282
-4.600562 -3.921085 0.040816
-4.414098 -3.618244 0.042923
-4.324796 -3.767127 0.043025
-4.415101 -3.891906 0.043538
-1.413903 0.046323 0.047447
-1.572904 -0.050094 0.048079
-1.566462 -0.244916 0.048212
-1.401512 -0.342654 0.047346
-1.237483 -0.245750 0.048537
-1.243431 -0.051596 0.048476
-5.035211 -5.719200 0.042461
-5.230313 -5.948869 0.044017
-5.228945 -5.773490 0.043244
-5.039257 -6.013014 0.042440
-4.917314 -5.868511 0.043649
-5.551382 -6.861970 0.047524
-5.217243 -7.029049 0.045628
-5.365812 -6.760491 0.045836
-5.214990 -6.843922 0.045826
-5.545129 -7.411941 0.049720
-5.695026 -7.331286 0.041442
-5.361969 -7.309455 0.043426
-5.370159 -7.130068 0.046036
-5.695183 -7.145153 0.041183
-5.553476 -7.046420 0.048587
-0.104191 -9.346321 0.048706
-0.188601 -8.874894 0.047294
-0.376597 -8.873111 0.046050
-0.101839 -9.041727 0.047610
-0.206030 -9.185801 0.044971
-0.501825 -9.045975 0.048603
-0.418021 -9.191833 0.047330
-2.385812 -9.142425 0.048148
-2.385342 -9.349578 0.047888
-2.540834 -9.452653 0.048201
-2.694827 -9.349105 0.047815
-2.678115 -8.091435 0.045906
-2.968119 -8.091506 0.045351
-2.830407 -8.197940 0.047686
-2.536017 -8.197883 0.047425
-2.539850 -8.409684 0.046942
-2.241987 -8.197983 0.047260
-2.386858 -8.091448 0.046178
-2.390757 -8.515289 0.047543
-2.242052 -8.410023 0.046840
-4.442811 -8.488512 0.046427
-4.426477 -8.311205 0.046965
-4.379983 -7.932844 0.042533
-4.664152 -7.661640 0.047518
-4.836133 -7.566341 0.048525
-4.847263 -7.384887 0.044366
-1.206362 -8.519754 0.046417
-1.356004 -8.412668 0.046739
-1.499261 -8.518227 0.047009
-1.487504 -8.729566 0.046460
-0.686712 -9.013840 0.047804
-0.822156 -9.133486 0.050216
-0.347968 -8.527657 0.042279
-0.466580 -8.385903 0.043384
-0.439400 -8.715430 0.043066
-3.380185 0.253059 0.045946
-3.391251 0.062233 0.048278
-3.571490 -0.015339 0.050797
-3.561759 0.356603 0.051912
-0.475814 8.194430 0.049689
-0.466421 8.385839 0.043367
-0.648866 8.082150 0.041800
-0.781486 8.187978 0.046786
-0.627674 8.480561 0.042394
-0.769687 8.394979 0.048016
-4.319515 2.388718 0.040052
-5.547400 3.841025 0.044966
-5.559085 4.015093 0.048529
-6.001885 3.133122 0.035156
-6.001656 3.600989 0.037974
-6.001885 3.301904 0.033879
-5.910763 3.418302 0.050667
-4.287139 7.770845 0.042233
-4.331193 7.617503 0.047916
-4.171167 7.478090 0.043715
-4.090058 7.802717 0.042692
-3.947620 7.686625 0.047310
-3.984675 7.515339 0.043342
-4.702469 6.810867 0.041662
-4.888914 6.850637 0.042977
-4.894292 7.038218 0.042029
-4.595723 6.977453 0.042560
-4.712968 7.111168 0.043580
-2.990006 8.514552 0.047577
-2.689441 8.514637 0.047549
-2.838194 8.409334 0.047125
-3.291850 8.740295 0.045907
-3.445907 8.856017 0.047123
-3.454680 9.060145 0.047077
-3.303850 9.155295 0.047836
-2.851689 9.659531 0.047836
-3.009521 9.762621 0.048264
-3.164452 9.661962 0.047732
-3.159056 9.457764 0.048268
-3.001318 9.351860 0.047335
-2.848881 9.452969 0.048345
-5.356499 -3.738854 0.043678
-5.546878 -3.807582 0.045453
-5.469749 -3.451661 0.041979
-5.329275 -3.549818 0.047418
-5.638694 -3.514433 0.041025
-5.688600 -3.681318 0.046754
-5.528835 1.062979 0.049994
-6.001379 1.350211 0.033945
-5.874428 1.263606 0.050828
-5.978811 1.780279 0.041385
-6.001379 1.516770 0.034560
-5.887412 1.619063 0.048807
-5.696062 1.545167 0.043759
-5.539451 1.264006 0.047669
-5.683077 1.356269 0.041591
-5.986957 0.594750 0.038883
-5.994405 0.328040 0.038460
-5.897040 0.188744 0.046705
-5.708384 0.204779 0.043258
-5.888585 0.479857 0.044575
-4.698953 1.117294 0.044397
-4.886760 1.156132 0.041403
-4.893240 1.344834 0.043021
-4.322860 1.687563 0.041944
-4.311630 -0.078369 0.042555
-4.507385 -0.138234 0.042436
-5.047676 -0.119795 0.042748
-4.887146 -0.148934 0.048000
-4.152666 1.081679 0.044602
-4.321884 1.099685 0.047275
-5.136685 0.409402 0.047202
-5.129184 0.073431 0.042493
-5.049744 0.223210 0.047312
-5.308604 0.044329 0.047192
-5.418626 0.147499 0.040722
-5.547501 2.943698 0.044718
-5.690004 3.065525 0.047204
-5.887823 3.020477 0.051315
-5.978716 2.859474 0.042242
-5.886594 2.736814 0.043768
-5.373807 2.663057 0.043696
-5.557970 2.770118 0.049269
-5.699244 2.690581 0.041704
-4.890597 2.912515 0.042401
-4.709355 2.948420 0.044396
-4.627232 3.081016 0.043652
-4.706317 3.253581 0.047425
-4.870337 3.318722 0.043266
-2.846009 -9.037724 0.047537
-2.693348 -9.141801 0.048092
-2.539824 -9.038196 0.047548
-2.844133 -8.829191 0.047873
-2.691958 -8.724742 0.047270
-2.540311 -8.829670 0.047887
-4.272265 -8.744080 0.046023
-4.270257 -8.573862 0.047128
-4.092804 -8.833031 0.046120
-4.084009 -8.482747 0.046609
-3.920676 -8.749563 0.046928
-3.913889 -8.569497 0.045958
-3.950637 -7.683577 0.047380
-4.094204 -7.798541 0.042781
-4.291325 -7.765711 0.042327
-4.069570 -8.313578 0.044656
-4.063111 -7.970671 0.044107
-4.239485 -8.227386 0.047116
-4.230927 -8.061635 0.042397
-3.884895 -8.034693 0.046699
-3.882797 -8.211849 0.046551
-4.682869 -7.275459 0.049102
-4.713238 -7.097551 0.043823
-4.596524 -6.962736 0.042800
-4.413064 -6.950768 0.050597
-4.315070 -7.065024 0.038659
-1.027850 -8.834871 0.047813
-1.328421 -8.835622 0.048074
-1.190536 -8.731370 0.045854
-1.309801 -9.043747 0.047133
-1.142878 -9.145240 0.049251
-0.998811 -9.040616 0.046804
-0.769940 -8.395016 0.048032
-0.627898 -8.480614 0.042408
-0.917043 -8.511830 0.044601
-0.897084 -8.722973 0.045906
-0.732601 -8.809073 0.046661
-0.610518 -8.683528 0.043946
-3.723089 0.085401 0.041931
-3.724425 0.266516 0.045163
-3.905234 0.332061 0.041960
-3.917355 0.032766 0.042133
-4.027010 0.186955 0.043434
-4.892148 2.710967 0.042105
-5.032776 2.631468 0.048834
-4.601366 2.782537 0.041055
-4.712260 2.642698 0.045307
-4.631184 2.483375 0.046240
-4.420580 2.495572 0.044101
-4.313842 2.656291 0.040264
-4.413552 2.783933 0.046981
-4.300652 3.500635 0.038791
-4.406343 3.352836 0.043407
-4.585138 3.383607 0.039232
-5.380641 4.139022 0.043392
-5.062993 4.372701 0.045742
-5.240514 4.439069 0.045974
-5.388695 4.321577 0.045143
-4.880023 3.522881 0.040929
-5.327387 3.198990 0.047735
-5.353621 3.014832 0.043597
-5.205725 2.920129 0.046449
-5.168250 3.297424 0.042836
-5.010267 3.204349 0.048103
-5.021508 3.011211 0.047037
-5.640443 3.233326 0.041042
-5.471705 3.295656 0.041489
-5.747139 3.390628 0.040404
-5.640063 3.549449 0.040922
-5.471555 3.488133 0.041667
-2.993121 8.724263 0.047321
-3.144937 8.834185 0.048376
-2.997962 9.143709 0.048333
-3.148163 9.045057 0.046759
-5.688753 0.808855 0.044039
-5.667623 0.984338 0.041687
-5.996540 0.853255 0.035581
-5.890720 0.754379 0.044371
-5.996540 1.016096 0.034940
-5.869589 1.092702 0.046717
-5.583264 0.676867 0.046861
-5.395573 0.662649 0.044784
-5.686858 0.507498 0.043621
-5.604022 0.371715 0.042224
-5.417932 0.339715 0.042130
-5.313077 0.461279 0.046955
-5.287387 0.789979 0.049250
-5.019719 1.037897 0.047438
-5.345874 0.977529 0.046812
-5.203874 1.099583 0.047546
-4.591292 1.268809 0.042313
-4.422685 1.565192 0.044432
-4.710364 1.414750 0.042246
-4.636651 1.564679 0.047098
-4.312603 1.417719 0.040490
-4.407496 1.271265 0.047690
-4.617627 0.010904 0.044887
-4.785622 0.023289 0.043956
-4.866712 0.202206 0.044087
-4.762586 0.352266 0.045321
-4.833432 0.517232 0.046087
-5.024500 0.553364 0.045449
-4.967037 0.858435 0.045928
-5.092706 0.732571 0.046318
-4.515310 0.632988 0.044606
-4.636884 0.962001 0.046228
-4.772010 0.821378 0.043716
-4.706611 0.659382 0.046762
-4.443610 0.941937 0.044412
-4.387435 0.774920 0.046152
-4.314904 0.103756 0.044808
-4.194932 0.226504 0.048263
-4.261946 0.422120 0.042934
-4.445787 0.461816 0.046824
-4.502373 0.160800 0.041675
-4.566242 0.323244 0.046000
-3.852464 0.659089 0.047529
-3.955888 0.503495 0.047741
-4.144679 0.554005 0.045688
-4.200645 0.735633 0.045759
-3.928212 0.858610 0.042078
-4.087603 0.884644 0.047022
-5.698971 2.496306 0.041540
-5.883098 2.172998 0.045774
-5.978443 2.314112 0.042873
-5.886321 2.449809 0.045988
-3.986557 -7.513360 0.043229
-4.366257 -7.246382 0.045017
-4.519348 -7.352272 0.046997
-4.197470 -7.313721 0.044454
-4.174214 -7.474265 0.043797
-4.511761 -7.556999 0.047173
-4.335414 -7.611651 0.048051
-4.601360 4.143022 0.040976
-4.736283 4.225262 0.047110
-4.415242 3.912100 0.043975
-4.600911 3.954028 0.040673
-4.729967 3.842917 0.046916
-4.592228 3.572399 0.038623
-4.723093 3.646532 0.047187
-4.325559 3.775010 0.044220
-4.413433 3.639724 0.040649
-2.538235 9.038015 0.047515
-2.538924 8.829459 0.047845
-2.691538 9.141605 0.048050
-2.844095 9.037458 0.047497
-2.690613 8.724476 0.047248
-2.842481 8.828884 0.047824
-5.689035 1.926396 0.042283
-5.688667 2.116212 0.042352
-5.044035 2.458068 0.044120
-4.903716 3.917327 0.044753
-5.226787 4.068972 0.045239
-5.057321 4.185159 0.046483
-4.909582 4.110678 0.043364
-5.040521 1.410368 0.048232
-5.054165 1.582457 0.044088
-5.370812 1.362325 0.046697
-5.218196 1.283352 0.043827
-5.379838 1.557854 0.045086
-5.240866 1.650969 0.043521
-5.561462 1.648431 0.048023
-5.558381 1.836235 0.046596
-5.228323 1.836987 0.044005
-5.364214 1.931675 0.046616
-5.362648 2.114005 0.046677
-5.222623 2.206092 0.044282
-5.563528 2.394992 0.048088
-5.556447 2.208381 0.046902
-5.379638 2.482206 0.046675
-5.232532 2.387682 0.043104
-5.025935 2.164480 0.042331
-4.732533 2.335713 0.050136
-4.918007 2.326236 0.043690
-5.358021 3.775902 0.043378
-5.215853 3.879920 0.046854
-5.040520 3.802755 0.045249
-5.330985 3.587653 0.046985
-5.171998 3.493610 0.043128
-5.023702 3.604694 0.048076
-4.622601 2.173508 0.045427
-4.313450 2.122141 0.036683
-4.420188 2.214316 0.048790
-4.313450 1.957288 0.038000
-4.423532 1.846073 0.048961
-4.742156 1.713266 0.049829
-4.928419 1.720403 0.043823
-4.628862 1.872290 0.045632
-4.721193 2.023670 0.045449
-5.032985 1.879876 0.043333
-4.939054 2.024120 0.050466
