6.109865 8.097708 0.018690
5.889596 8.317978 0.018690
5.669326 8.538248 0.018690
5.449056 8.758517 0.018690
5.228787 8.978787 0.018690
5.008517 9.199056 0.018690
4.788248 9.419326 0.018690
4.567978 9.639596 0.018690
4.347708 9.859865 0.018690
4.086232 9.970000 0.018161
3.783548 9.970000 0.018161
3.480864 9.970000 0.018161
3.178180 9.970000 0.018161
2.875496 9.970000 0.018161
2.572813 9.970000 0.018161
2.270129 9.970000 0.018161
1.967445 9.970000 0.018161
1.664761 9.970000 0.018161
1.362077 9.970000 0.018161
1.059393 9.970000 0.018161
0.756710 9.970000 0.018161
0.454026 9.970000 0.018161
0.151342 9.970000 0.018161
-0.151342 9.970000 0.018161
-0.454026 9.970000 0.018161
-0.756710 9.970000 0.018161
-1.059393 9.970000 0.018161
-1.362077 9.970000 0.018161
-1.664761 9.970000 0.018161
-1.967445 9.970000 0.018161
-2.270129 9.970000 0.018161
-2.572813 9.970000 0.018161
-2.875496 9.970000 0.018161
-3.178180 9.970000 0.018161
-3.480864 9.970000 0.018161
-3.783548 9.970000 0.018161
-4.086232 9.970000 0.018161
-4.347708 9.859865 0.018690
-4.567978 9.639596 0.018690
-4.788248 9.419326 0.018690
-5.008517 9.199056 0.018690
-5.228787 8.978787 0.018690
-5.449056 8.758517 0.018690
-5.669326 8.538248 0.018690
-5.889596 8.317978 0.018690
-6.109865 8.097708 0.018690
-6.220000 7.836865 0.018085
-6.220000 7.535447 0.018085
-6.220000 7.234029 0.018085
-6.220000 6.932611 0.018085
-6.220000 6.631193 0.018085
-6.220000 6.329775 0.018085
-6.220000 6.028357 0.018085
-6.220000 5.726940 0.018085
-6.220000 5.425522 0.018085
-6.220000 5.124104 0.018085
-6.220000 4.822686 0.018085
-6.220000 4.521268 0.018085
-6.220000 4.219850 0.018085
-6.220000 3.918432 0.018085
-6.220000 3.617014 0.018085
-6.220000 3.315597 0.018085
-6.220000 3.014179 0.018085
-6.220000 2.712761 0.018085
-6.220000 2.411343 0.018085
-6.220000 2.109925 0.018085
-6.220000 1.808507 0.018085
-6.220000 1.507089 0.018085
-6.220000 1.205671 0.018085
-6.220000 0.904254 0.018085
-6.220000 0.602836 0.018085
-6.220000 0.301418 0.018085
-6.220000 0.000000 0.018085
-6.220000 -0.301418 0.018085
-6.220000 -0.602836 0.018085
-6.220000 -0.904254 0.018085
-6.220000 -1.205671 0.018085
-6.220000 -1.507089 0.018085
-6.220000 -1.808507 0.018085
-6.220000 -2.109925 0.018085
-6.220000 -2.411343 0.018085
-6.220000 -2.712761 0.018085
-6.220000 -3.014179 0.018085
-6.220000 -3.315597 0.018085
-6.220000 -3.617014 0.018085
-6.220000 -3.918432 0.018085
-6.220000 -4.219850 0.018085
-6.220000 -4.521268 0.018085
-6.220000 -4.822686 0.018085
-6.220000 -5.124104 0.018085
-6.220000 -5.425522 0.018085
-6.220000 -5.726940 0.018085
-6.220000 -6.028357 0.018085
-6.220000 -6.329775 0.018085
-6.220000 -6.631193 0.018085
-6.220000 -6.932611 0.018085
-6.220000 -7.234029 0.018085
-6.220000 -7.535447 0.018085
-6.220000 -7.836865 0.018085
-6.109865 -8.097708 0.018690
-5.889596 -8.317978 0.018690
-5.669326 -8.538248 0.018690
-5.449056 -8.758517 0.018690
-5.228787 -8.978787 0.018690
-5.008517 -9.199056 0.018690
-4.788248 -9.419326 0.018690
-4.567978 -9.639596 0.018690
-4.347708 -9.859865 0.018690
-4.086232 -9.970000 0.018161
-3.783548 -9.970000 0.018161
-3.480864 -9.970000 0.018161
-3.178180 -9.970000 0.018161
-2.875496 -9.970000 0.018161
-2.572813 -9.970000 0.018161
-2.270129 -9.970000 0.018161
-1.967445 -9.970000 0.018161
-1.664761 -9.970000 0.018161
-1.362077 -9.970000 0.018161
-1.059393 -9.970000 0.018161
-0.756710 -9.970000 0.018161
-0.454026 -9.970000 0.018161
-0.151342 -9.970000 0.018161
0.151342 -9.970000 0.018161
0.454026 -9.970000 0.018161
0.756710 -9.970000 0.018161
1.059393 -9.970000 0.018161
1.362077 -9.970000 0.018161
1.664761 -9.970000 0.018161
1.967445 -9.970000 0.018161
2.270129 -9.970000 0.018161
2.572813 -9.970000 0.018161
2.875496 -9.970000 0.018161
3.178180 -9.970000 0.018161
3.480864 -9.970000 0.018161
3.783548 -9.970000 0.018161
4.086232 -9.970000 0.018161
4.347708 -9.859865 0.018690
4.567978 -9.639596 0.018690
4.788248 -9.419326 0.018690
5.008517 -9.199056 0.018690
5.228787 -8.978787 0.018690
5.449056 -8.758517 0.018690
5.669326 -8.538248 0.018690
5.889596 -8.317978 0.018690
6.109865 -8.097708 0.018690
6.220000 -7.836865 0.018085
6.220000 -7.535447 0.018085
6.220000 -7.234029 0.018085
6.220000 -6.932611 0.018085
6.220000 -6.631193 0.018085
6.220000 -6.329775 0.018085
6.220000 -6.028357 0.018085
6.220000 -5.726940 0.018085
6.220000 -5.425522 0.018085
6.220000 -5.124104 0.018085
6.220000 -4.822686 0.018085
6.220000 -4.521268 0.018085
6.220000 -4.219850 0.018085
6.220000 -3.918432 0.018085
6.220000 -3.617014 0.018085
6.220000 -3.315597 0.018085
6.220000 -3.014179 0.018085
6.220000 -2.712761 0.018085
6.220000 -2.411343 0.018085
6.220000 -2.109925 0.018085
6.220000 -1.808507 0.018085
6.220000 -1.507089 0.018085
6.220000 -1.205671 0.018085
6.220000 -0.904254 0.018085
6.220000 -0.602836 0.018085
6.220000 -0.301418 0.018085
6.220000 0.000000 0.018085
6.220000 0.301418 0.018085
6.220000 0.602836 0.018085
6.220000 0.904254 0.018085
6.220000 1.205671 0.018085
6.220000 1.507089 0.018085
6.220000 1.808507 0.018085
6.220000 2.109925 0.018085
6.220000 2.411343 0.018085
6.220000 2.712761 0.018085
6.220000 3.014179 0.018085
6.220000 3.315597 0.018085
6.220000 3.617014 0.018085
6.220000 3.918432 0.018085
6.220000 4.219850 0.018085
6.220000 4.521268 0.018085
6.220000 4.822686 0.018085
6.220000 5.124104 0.018085
6.220000 5.425522 0.018085
6.220000 5.726940 0.018085
6.220000 6.028357 0.018085
6.220000 6.329775 0.018085
6.220000 6.631193 0.018085
6.220000 6.932611 0.018085
6.220000 7.234029 0.018085
6.220000 7.535447 0.018085
6.220000 7.836865 0.018085
4.143738 7.348689 0.023124
3.871213 7.621213 0.023124
3.598689 7.893738 0.023124
3.311886 8.030000 0.018065
3.010806 8.030000 0.018065
2.709725 8.030000 0.018065
2.408644 8.030000 0.018065
2.107564 8.030000 0.018065
1.806483 8.030000 0.018065
1.505403 8.030000 0.018065
1.204322 8.030000 0.018065
0.903242 8.030000 0.018065
0.602161 8.030000 0.018065
0.301081 8.030000 0.018065
0.000000 8.030000 0.018065
-0.301081 8.030000 0.018065
-0.602161 8.030000 0.018065
-0.903242 8.030000 0.018065
-1.204322 8.030000 0.018065
-1.505403 8.030000 0.018065
-1.806483 8.030000 0.018065
-2.107564 8.030000 0.018065
-2.408644 8.030000 0.018065
-2.709725 8.030000 0.018065
-3.010806 8.030000 0.018065
-3.311886 8.030000 0.018065
-3.598689 7.893738 0.023124
-3.871213 7.621213 0.023124
-4.143738 7.348689 0.023124
-4.280000 7.056509 0.018710
-4.280000 6.744675 0.018710
-4.280000 6.432841 0.018710
-4.280000 6.121006 0.018710
-4.280000 5.809172 0.018710
-4.280000 5.497337 0.018710
-4.280000 5.185503 0.018710
-4.280000 4.873669 0.018710
-4.280000 4.561834 0.018710
-4.280000 4.250000 0.018710
-4.280000 3.938166 0.018710
-4.280000 3.626331 0.018710
-4.280000 3.314497 0.018710
-4.280000 3.002663 0.018710
-4.280000 2.690828 0.018710
-4.280000 2.378994 0.018710
-4.280000 2.067159 0.018710
-4.280000 1.755325 0.018710
-4.280000 1.443491 0.018710
-4.143738 1.151311 0.023124
-3.871213 0.878787 0.023124
-3.598689 0.606262 0.023124
-3.311886 0.470000 0.018065
-3.010806 0.470000 0.018065
-2.709725 0.470000 0.018065
-2.408644 0.470000 0.018065
-2.107564 0.470000 0.018065
-1.806483 0.470000 0.018065
-1.505403 0.470000 0.018065
-1.204322 0.470000 0.018065
-0.903242 0.470000 0.018065
-0.602161 0.470000 0.018065
-0.301081 0.470000 0.018065
0.000000 0.470000 0.018065
0.301081 0.470000 0.018065
0.602161 0.470000 0.018065
0.903242 0.470000 0.018065
1.204322 0.470000 0.018065
1.505403 0.470000 0.018065
1.806483 0.470000 0.018065
2.107564 0.470000 0.018065
2.408644 0.470000 0.018065
2.709725 0.470000 0.018065
3.010806 0.470000 0.018065
3.311886 0.470000 0.018065
3.598689 0.606262 0.023124
3.871213 0.878787 0.023124
4.143738 1.151311 0.023124
4.280000 1.443491 0.018710
4.280000 1.755325 0.018710
4.280000 2.067159 0.018710
4.280000 2.378994 0.018710
4.280000 2.690828 0.018710
4.280000 3.002663 0.018710
4.280000 3.314497 0.018710
4.280000 3.626331 0.018710
4.280000 3.938166 0.018710
4.280000 4.250000 0.018710
4.280000 4.561834 0.018710
4.280000 4.873669 0.018710
4.280000 5.185503 0.018710
4.280000 5.497337 0.018710
4.280000 5.809172 0.018710
4.280000 6.121006 0.018710
4.280000 6.432841 0.018710
4.280000 6.744675 0.018710
4.280000 7.056509 0.018710
4.143738 -1.151311 0.023124
3.871213 -0.878787 0.023124
3.598689 -0.606262 0.023124
3.311886 -0.470000 0.018065
3.010806 -0.470000 0.018065
2.709725 -0.470000 0.018065
2.408644 -0.470000 0.018065
2.107564 -0.470000 0.018065
1.806483 -0.470000 0.018065
1.505403 -0.470000 0.018065
1.204322 -0.470000 0.018065
0.903242 -0.470000 0.018065
0.602161 -0.470000 0.018065
0.301081 -0.470000 0.018065
0.000000 -0.470000 0.018065
-0.301081 -0.470000 0.018065
-0.602161 -0.470000 0.018065
-0.903242 -0.470000 0.018065
-1.204322 -0.470000 0.018065
-1.505403 -0.470000 0.018065
-1.806483 -0.470000 0.018065
-2.107564 -0.470000 0.018065
-2.408644 -0.470000 0.018065
-2.709725 -0.470000 0.018065
-3.010806 -0.470000 0.018065
-3.311886 -0.470000 0.018065
-3.598689 -0.606262 0.023124
-3.871213 -0.878787 0.023124
-4.143738 -1.151311 0.023124
-4.280000 -1.443491 0.018710
-4.280000 -1.755325 0.018710
-4.280000 -2.067159 0.018710
-4.280000 -2.378994 0.018710
-4.280000 -2.690828 0.018710
-4.280000 -3.002663 0.018710
-4.280000 -3.314497 0.018710
-4.280000 -3.626331 0.018710
-4.280000 -3.938166 0.018710
-4.280000 -4.250000 0.018710
-4.280000 -4.561834 0.018710
-4.280000 -4.873669 0.018710
-4.280000 -5.185503 0.018710
-4.280000 -5.497337 0.018710
-4.280000 -5.809172 0.018710
-4.280000 -6.121006 0.018710
-4.280000 -6.432841 0.018710
-4.280000 -6.744675 0.018710
-4.280000 -7.056509 0.018710
-4.143738 -7.348689 0.023124
-3.871213 -7.621213 0.023124
-3.598689 -7.893738 0.023124
-3.311886 -8.030000 0.018065
-3.010806 -8.030000 0.018065
-2.709725 -8.030000 0.018065
-2.408644 -8.030000 0.018065
-2.107564 -8.030000 0.018065
-1.806483 -8.030000 0.018065
-1.505403 -8.030000 0.018065
-1.204322 -8.030000 0.018065
-0.903242 -8.030000 0.018065
-0.602161 -8.030000 0.018065
-0.301081 -8.030000 0.018065
0.000000 -8.030000 0.018065
0.301081 -8.030000 0.018065
0.602161 -8.030000 0.018065
0.903242 -8.030000 0.018065
1.204322 -8.030000 0.018065
1.505403 -8.030000 0.018065
1.806483 -8.030000 0.018065
2.107564 -8.030000 0.018065
2.408644 -8.030000 0.018065
2.709725 -8.030000 0.018065
3.010806 -8.030000 0.018065
3.311886 -8.030000 0.018065
3.598689 -7.893738 0.023124
3.871213 -7.621213 0.023124
4.143738 -7.348689 0.023124
4.280000 -7.056509 0.018710
4.280000 -6.744675 0.018710
4.280000 -6.432841 0.018710
4.280000 -6.121006 0.018710
4.280000 -5.809172 0.018710
4.280000 -5.497337 0.018710
4.280000 -5.185503 0.018710
4.280000 -4.873669 0.018710
4.280000 -4.561834 0.018710
4.280000 -4.250000 0.018710
4.280000 -3.938166 0.018710
4.280000 -3.626331 0.018710
4.280000 -3.314497 0.018710
4.280000 -3.002663 0.018710
4.280000 -2.690828 0.018710
4.280000 -2.378994 0.018710
4.280000 -2.067159 0.018710
4.280000 -1.755325 0.018710
4.280000 -1.443491 0.018710
