0.041174 0.154399 0.035007
0.150489 0.343339 0.047549
4.873935 8.487698 0.047930
0.095721 -0.335606 0.044967
4.841695 8.669326 0.046040
5.056317 8.442775 0.048579
5.805890 -7.113952 0.035815
5.805890 -7.296555 0.040148
5.798766 -7.602202 0.042906
5.706323 -7.436643 0.049401
5.707562 -7.010097 0.057302
5.077837 -6.249115 0.040848
5.521569 -7.985711 0.046049
5.729875 -7.766855 0.047044
5.563365 -7.792164 0.047170
0.158133 -0.038092 0.049226
0.212681 -0.234764 0.053414
3.120473 9.621923 0.046195
3.133886 9.253659 0.047550
3.301066 9.344377 0.046326
3.291488 9.528357 0.047690
2.626008 8.951140 0.048518
2.793997 9.063193 0.045674
2.006526 0.340561 0.047804
1.611245 7.938337 0.049992
5.691962 3.295647 0.050698
3.366633 7.778003 0.042262
2.270935 7.937052 0.051418
2.979883 7.917848 0.047708
5.674037 0.902179 0.049894
5.473397 0.792743 0.043274
5.679877 -2.453206 0.048160
5.688829 -1.010195 0.049477
5.479278 -0.976303 0.048793
5.468348 -1.283258 0.048160
5.367640 -1.129700 0.048265
5.360488 -1.435609 0.048677
5.060391 -0.974908 0.048143
5.157204 -1.128412 0.048840
4.848530 -0.973665 0.049373
4.735101 -1.124790 0.048009
5.437187 -7.624704 0.047276
5.511254 -7.433835 0.050211
5.800005 -6.805180 0.040757
5.210523 -6.111596 0.046574
5.300401 -8.223451 0.043752
5.353268 -8.029383 0.046786
5.436097 -5.775994 0.045533
5.538714 -5.606088 0.041471
5.706094 -5.590529 0.056271
0.410451 -0.339158 0.046309
0.316948 0.245124 0.054972
0.324592 0.052633 0.053498
0.495601 0.341785 0.048842
4.230693 -2.916291 0.050974
4.662396 8.725827 0.045147
2.460980 9.615812 0.047600
2.787117 9.619403 0.046901
2.957409 9.342043 0.046197
2.953574 9.526326 0.048416
2.620041 9.520215 0.048369
2.787378 9.242777 0.048661
2.616467 9.327872 0.047188
2.145641 9.610428 0.048680
2.297683 9.511240 0.048154
3.453539 9.621435 0.045975
3.783032 9.621171 0.045359
3.627137 9.527606 0.047583
2.408942 8.236496 0.051417
2.427406 8.033229 0.048849
2.779508 8.014025 0.049773
2.609964 7.931177 0.050600
2.637495 8.772765 0.044215
2.500950 8.624545 0.043537
2.342704 8.674406 0.051967
3.142245 9.073202 0.046687
2.972388 8.982002 0.046959
0.373907 7.936133 0.042483
1.553498 8.556038 0.051193
1.571563 8.350160 0.050822
3.944542 7.667338 0.045914
3.773131 7.549754 0.050074
3.591854 7.589268 0.048268
3.560929 7.746643 0.042704
3.333884 7.949343 0.044462
3.149371 8.014917 0.048388
4.128176 6.565361 0.047137
5.806310 7.289864 0.040436
5.799433 7.599189 0.043284
5.707409 7.431065 0.049576
5.079530 6.234935 0.041196
5.541208 5.582386 0.041475
4.117526 5.343080 0.041262
5.791132 4.046489 0.044282
5.403040 4.706814 0.050378
5.212835 4.683090 0.047805
4.755637 4.016225 0.048941
5.371977 4.051957 0.049133
5.166805 4.041874 0.049274
4.834151 4.649235 0.047544
4.444180 4.462399 0.050804
4.558858 4.320446 0.049716
4.158368 7.050560 0.041848
4.220651 6.728728 0.048738
4.110808 6.866001 0.042000
5.303183 8.220115 0.043831
5.110921 8.262988 0.052603
5.482926 -0.337830 0.046752
5.691929 -0.632278 0.050050
5.804264 1.897014 0.040276
5.677419 1.081537 0.053750
3.991537 1.117196 0.042107
3.597381 0.141364 0.050572
3.621937 0.323720 0.050576
3.416033 0.030045 0.053314
3.234218 0.093018 0.055390
3.214648 0.274141 0.048408
4.426758 -2.241049 0.050403
5.684700 -3.392418 0.047495
4.437138 -3.851060 0.048299
4.539492 -3.697868 0.049779
4.437920 -3.533670 0.048424
4.230007 -3.531618 0.050170
5.788944 -2.295129 0.043485
5.789267 -2.566862 0.041951
5.041115 -2.224649 0.050112
4.834171 -2.238696 0.049414
5.789490 -1.459628 0.043780
5.791147 -1.182099 0.042027
5.682304 -1.301765 0.049233
5.463341 -2.186812 0.047291
5.788983 -2.018521 0.044259
5.679593 -2.168621 0.048391
3.806387 -0.794928 0.052824
3.599726 -0.722509 0.043529
4.601697 -0.293247 0.044414
4.791832 -0.212261 0.043807
5.204796 0.470910 0.045307
4.193779 0.376158 0.047232
3.995271 0.300167 0.050080
3.823817 0.401716 0.047158
3.972172 0.137754 0.046333
3.963154 -0.203160 0.044083
3.776162 0.056947 0.047181
3.784151 -0.123991 0.051762
4.211508 -0.420281 0.045352
3.960657 -0.690973 0.048887
3.887781 -0.500841 0.048531
4.008094 -0.386971 0.045469
5.149860 -1.436814 0.048356
5.047284 -1.283175 0.048711
5.045024 -1.594934 0.049598
4.837042 -1.280796 0.049234
4.420836 -1.261230 0.050821
4.522312 -1.111388 0.049237
5.277784 -7.668453 0.047206
5.131620 -7.544145 0.047825
5.235661 -7.879585 0.047036
5.539777 -7.078032 0.043079
5.443036 -7.275588 0.043434
5.429506 -6.461083 0.043479
5.533676 -6.649476 0.044512
5.705692 -6.657682 0.056063
5.092707 -5.965979 0.042229
5.246841 -6.494063 0.048042
5.085782 -6.401738 0.049317
4.895516 -6.510778 0.045098
4.905050 -6.691235 0.049672
5.053225 -8.446195 0.048463
5.107661 -8.267130 0.052393
4.034845 -9.024357 0.047168
5.800560 -5.413231 0.041383
5.803867 -5.899557 0.036647
5.803867 -5.725048 0.037537
5.158716 -4.079014 0.047993
5.474999 -4.264754 0.048529
5.365036 -4.102468 0.048650
0.087578 -8.676343 0.044878
4.123473 -3.685192 0.046827
4.123892 -3.986736 0.046594
4.229032 -3.840437 0.049523
0.674887 0.242778 0.054173
4.117402 -5.350642 0.041243
4.731881 -5.903498 0.048777
4.869455 -6.175525 0.044958
4.882216 -6.016396 0.045961
4.115997 -4.573884 0.043179
4.830315 -4.663003 0.047149
4.119639 -2.496844 0.040050
4.225050 -2.606130 0.052101
4.123744 -2.788442 0.044149
4.527502 -2.405994 0.050041
4.429443 -2.570957 0.050341
4.836409 -2.562768 0.050180
4.731997 -2.402840 0.049684
0.871206 -8.972805 0.051666
1.043153 -8.870342 0.050537
0.637692 -9.604421 0.045526
0.116610 -9.000547 0.052709
0.204188 -8.869819 0.047260
0.543692 -9.172107 0.054394
1.381029 -8.661365 0.049998
3.118638 -9.622091 0.046154
3.289527 -9.528758 0.047624
3.961273 -9.550107 0.044023
3.991330 -9.378255 0.047848
1.688891 -8.864772 0.050368
4.620413 8.905269 0.042921
4.426697 8.939453 0.044601
4.385170 9.103778 0.049337
2.452687 9.219168 0.048116
2.292965 9.306939 0.048491
2.139213 9.191114 0.047579
2.455609 9.022019 0.047667
2.308850 8.893505 0.045635
2.152177 8.974828 0.050802
3.962092 9.549539 0.044113
2.583331 8.303943 0.051735
2.605781 8.463715 0.043137
2.771339 8.183525 0.045110
2.007480 8.859905 0.049906
1.690270 8.864860 0.050407
1.841453 8.967298 0.049342
1.707164 8.656735 0.049600
3.321420 8.985025 0.046977
3.326420 8.806760 0.047079
2.810580 8.705210 0.045740
2.977483 8.802394 0.046656
2.801245 8.523224 0.044093
3.152341 8.715329 0.046720
3.025852 0.342583 0.048640
3.542325 0.661114 0.044208
3.485005 0.457510 0.054592
3.325014 0.435544 0.042121
2.161193 0.241399 0.053400
2.343472 0.340838 0.049345
0.087631 8.676346 0.044892
0.670952 7.940261 0.046051
0.490310 8.041394 0.050006
0.467864 9.492809 0.048946
1.746121 8.245542 0.050495
1.764584 8.040464 0.050688
1.938496 7.937127 0.050550
2.094811 8.039179 0.050752
4.442475 3.214133 0.050030
4.125936 3.384394 0.046919
4.229899 3.225141 0.049714
5.798200 3.192808 0.037886
5.798200 3.023203 0.038539
3.787792 7.372156 0.043926
3.973634 7.317506 0.047124
3.996469 7.152908 0.040985
5.800374 6.792692 0.041135
5.806310 7.105159 0.036051
5.708350 6.999843 0.057742
5.730972 7.764906 0.047013
5.791522 6.166363 0.043442
5.804305 5.876020 0.037000
5.697494 5.984743 0.052858
5.804293 6.469123 0.042103
5.534900 6.635876 0.044695
5.706333 6.643670 0.056319
5.697481 6.300529 0.050288
5.430803 6.446550 0.043685
5.495425 6.285751 0.051505
4.734524 6.430993 0.043672
4.549935 6.518629 0.046568
4.122708 5.955093 0.046095
5.493821 4.882451 0.048899
5.691961 4.913428 0.053792
5.791950 5.087729 0.043182
5.694803 5.227832 0.050175
5.438605 5.755246 0.045648
5.497745 5.935289 0.051126
5.212016 6.095340 0.047037
5.389717 6.102131 0.053036
4.515507 5.260775 0.044922
4.781679 5.416868 0.042458
4.722224 5.264252 0.049548
5.798345 4.797455 0.038650
5.798345 4.626249 0.038383
5.795297 4.336432 0.042337
5.688095 4.203497 0.050760
5.479480 4.213674 0.049728
5.389518 4.372250 0.047894
5.695308 4.514848 0.052130
5.498144 4.540489 0.048659
5.792095 3.472434 0.042273
5.060710 3.553196 0.050004
5.163168 3.723493 0.048641
5.061581 3.873077 0.049289
4.855647 3.860633 0.049707
5.473472 3.894652 0.049082
5.684976 3.596858 0.050791
5.474189 3.578696 0.049507
5.369887 3.734985 0.048824
5.791214 3.757856 0.044027
5.684012 3.899361 0.050877
4.116474 4.567409 0.043303
4.227155 4.434304 0.047188
4.129015 4.276383 0.046947
4.547870 4.006150 0.049968
4.448359 4.155306 0.047686
4.124859 3.982689 0.046712
4.235540 4.139339 0.049691
4.889551 4.492633 0.049429
5.068398 4.193052 0.048717
4.863165 4.179847 0.049329
4.765898 4.334912 0.049128
5.183607 4.361711 0.050501
5.102028 4.506227 0.045055
4.304773 7.111642 0.047286
4.946633 7.256963 0.045167
5.513410 7.427123 0.050436
5.135168 7.536437 0.047985
5.126393 7.353873 0.048504
5.409207 6.769308 0.046283
4.825118 8.109967 0.045228
5.007141 8.120540 0.043343
5.082339 7.926302 0.043750
5.179198 -0.167371 0.046875
5.374176 -0.171419 0.049779
4.908897 -0.350732 0.046210
5.094875 -0.337133 0.049258
5.388264 -0.498916 0.049342
5.489652 -0.662255 0.047837
5.384187 -0.820412 0.048204
5.195191 -0.502268 0.047008
5.175736 -0.820304 0.048741
5.088128 -0.665500 0.047479
5.796015 -0.908136 0.038402
5.796015 -0.740921 0.038589
5.790718 -0.177485 0.043110
5.686631 -0.330199 0.050790
5.794247 -0.461308 0.041465
5.805902 1.170857 0.035638
5.688522 1.736742 0.045604
5.801237 2.459895 0.041451
5.687751 2.031317 0.048307
5.781820 2.178568 0.045474
5.684723 2.317454 0.048132
5.783396 2.739604 0.044646
5.686300 2.610572 0.046477
5.683263 2.907167 0.055767
5.482127 2.947515 0.048068
5.344650 2.819935 0.045255
4.426373 2.896110 0.048666
4.522989 2.728664 0.050937
4.709918 2.734530 0.046140
4.536111 3.058030 0.047903
5.802520 0.821096 0.036529
5.802520 0.649941 0.037266
5.684632 -0.034154 0.048469
5.471796 -0.020457 0.048117
5.373142 0.140250 0.047113
4.420617 2.557838 0.050398
4.220039 2.598413 0.051666
4.647985 1.111474 0.047427
4.826710 1.193251 0.046740
4.291302 0.928114 0.045195
4.220499 0.553376 0.048636
4.699426 1.485018 0.044496
4.844917 1.384850 0.049874
5.026444 1.669444 0.046820
5.025831 1.478400 0.050243
5.327087 0.876228 0.053490
4.995655 1.089138 0.051651
5.175893 1.377124 0.046503
5.359453 1.473930 0.050243
5.497177 1.372139 0.045704
5.163924 1.179460 0.048116
5.484436 1.176155 0.043221
5.334743 1.080282 0.050795
4.530175 -1.430364 0.048135
4.733592 -1.436529 0.049588
4.838999 -1.597027 0.048565
5.788636 -3.548811 0.043278
5.490121 -3.069521 0.046276
5.379135 -2.925198 0.044085
5.472487 -2.776638 0.048733
5.796475 -2.834479 0.038385
5.687409 -2.734999 0.047783
5.794397 -3.275874 0.040937
5.796475 -3.001635 0.038233
5.692539 -3.103853 0.048139
4.543074 -4.016178 0.049657
4.749263 -4.031212 0.048759
5.376027 -3.210992 0.043702
5.468748 -3.361868 0.048278
4.747300 -3.384738 0.048834
4.443486 -3.214852 0.049448
4.544450 -3.376228 0.050561
4.125283 -3.084050 0.046259
4.231817 -3.223549 0.050285
4.124867 -3.382872 0.046972
5.144478 -2.366108 0.046802
5.357609 -2.638072 0.046933
5.147891 -2.672160 0.045400
5.041946 -2.540083 0.050654
5.463141 -2.482777 0.047385
5.355955 -2.342890 0.048044
5.357348 -2.043453 0.048555
5.149114 -1.747635 0.047800
5.146600 -2.058072 0.047545
5.044061 -1.909853 0.049825
5.465209 -1.586483 0.047621
5.680255 -1.591994 0.048998
5.358670 -1.740389 0.048910
5.464366 -1.887987 0.047311
5.789098 -1.739159 0.044395
5.679748 -1.881247 0.048741
4.218368 -1.261262 0.050077
4.117990 -1.081991 0.055721
3.443203 -0.166614 0.051758
3.307767 -0.299558 0.050539
3.632539 -0.236234 0.046990
3.363318 -0.486890 0.045042
3.557444 -0.546986 0.053327
3.691230 -0.429273 0.047055
4.294304 -0.253299 0.044775
4.470690 -0.192009 0.053711
4.155612 0.037870 0.047786
4.138606 -0.122106 0.045458
4.553244 0.365697 0.045505
4.514426 0.008747 0.044159
4.370115 0.283309 0.049232
4.355047 0.107434 0.049643
4.855526 -0.039204 0.050234
5.056914 -0.007912 0.048394
4.709127 0.080566 0.050289
5.079446 0.297534 0.044585
5.153238 0.148747 0.052662
4.895241 0.346745 0.046757
4.732877 0.261641 0.051495
4.288065 -0.579306 0.052035
4.432457 -0.938289 0.051478
4.157527 -0.736127 0.047447
4.230603 -0.908860 0.051350
5.407704 -6.781476 0.046058
5.411935 -6.949728 0.046323
5.229054 -6.684719 0.043147
5.077528 -6.772851 0.046855
5.122916 -7.362422 0.048330
5.267805 -7.250990 0.047793
4.943204 -7.265805 0.044955
4.932336 -7.074254 0.047123
5.086832 -6.975577 0.047481
5.242588 -7.055696 0.042293
5.804020 -6.485194 0.041650
5.494482 -6.301980 0.051127
5.696827 -6.005685 0.052430
5.791293 -6.186044 0.042914
5.696979 -6.317886 0.049949
5.388406 -6.119318 0.052762
5.496437 -5.954865 0.050710
4.784347 -5.737260 0.043884
4.446732 -6.993253 0.043675
4.606091 -7.078961 0.047620
4.410834 -6.795019 0.045085
4.552211 -6.700433 0.049907
4.763806 -6.974871 0.048115
4.745824 -6.794579 0.043373
4.952558 -7.634414 0.046964
4.177823 -9.328863 0.045669
4.383136 -9.105816 0.049229
4.201689 -9.145468 0.050588
5.791275 -5.122597 0.042612
5.693502 -5.258885 0.049573
5.209085 -4.710297 0.046848
5.385204 -4.414357 0.047238
5.789734 -4.103888 0.043679
5.686113 -4.257966 0.049481
5.794712 -4.385611 0.041658
5.061134 -4.221086 0.048472
4.884897 -4.509758 0.048630
5.097599 -4.530836 0.044227
5.177660 -4.394143 0.049211
4.856659 -4.198141 0.048903
4.760483 -4.350121 0.048760
0.100079 -8.259271 0.047770
0.090197 -7.943554 0.044061
0.190276 -8.044646 0.045859
0.212099 -8.548272 0.052437
0.224600 -8.351145 0.057224
0.373802 -7.936093 0.042457
1.813309 0.241833 0.054264
1.081151 -0.341044 0.050125
4.665828 -5.590309 0.042101
4.514267 -5.271772 0.044772
4.113681 -5.065914 0.038650
4.212751 -5.167345 0.045344
4.421781 -5.123617 0.051463
4.113681 -4.885479 0.038769
4.211345 -4.761782 0.053705
4.529510 -5.934814 0.045996
4.436691 -6.094936 0.051570
4.732523 -6.442011 0.043439
4.714406 -6.259382 0.045175
4.519405 -6.232106 0.043039
4.413132 -6.405519 0.043234
4.548445 -6.528323 0.046276
0.087816 -9.617748 0.038431
0.725405 -9.282464 0.048346
0.873905 -9.180587 0.052564
1.044638 -9.286884 0.049156
0.760432 -9.496211 0.050628
1.198446 -9.182508 0.051349
1.199659 -8.973748 0.050667
1.367965 -8.868727 0.050565
1.522353 -8.971456 0.049909
1.228858 -9.607550 0.047955
1.064552 -9.499340 0.050642
0.928846 -9.606790 0.046931
2.609274 -7.931101 0.050584
2.270217 -7.936996 0.051398
2.426491 -8.033097 0.048790
2.778533 -8.013918 0.049698
3.128784 -8.192301 0.045549
2.951393 -8.264258 0.047908
2.769832 -8.183422 0.045103
1.416525 -8.249549 0.050261
1.610646 -7.938313 0.049966
1.437891 -8.042831 0.050803
3.452080 -9.621667 0.045941
3.782207 -9.621463 0.045337
3.625609 -9.528130 0.047519
3.298636 -9.345154 0.046271
3.848651 -9.095864 0.047442
3.829002 -9.266367 0.046427
3.673663 -8.995876 0.046353
3.642347 -9.344886 0.045673
3.489594 -9.076311 0.046563
3.477927 -9.254819 0.047449
3.308518 -8.290671 0.045136
3.314901 -8.458149 0.047547
4.502309 8.635361 0.043414
4.344281 8.771316 0.041950
4.296371 7.861435 0.047881
4.471792 7.956004 0.046723
3.948160 7.847604 0.049027
4.126896 7.948373 0.046292
4.138694 8.130850 0.047054
3.683759 8.821157 0.047840
3.503541 8.549995 0.046511
3.504648 8.723781 0.046641
1.533978 9.607856 0.048614
1.229750 9.607553 0.047993
1.373307 9.500409 0.050271
1.839281 9.607039 0.049240
1.987429 9.502467 0.048504
1.681397 9.499895 0.049928
1.676482 9.286431 0.049148
1.985721 9.287454 0.049733
1.832658 9.178562 0.050000
4.179322 9.327484 0.045773
4.203798 9.143475 0.050701
3.992873 9.377084 0.047938
4.037440 9.022036 0.047273
3.676557 8.993920 0.046452
3.831147 9.264965 0.046519
3.851238 9.093925 0.047536
3.644471 9.343855 0.045730
3.480451 9.253703 0.047529
3.492446 9.074808 0.046629
3.145112 8.538728 0.045363
3.318083 8.456372 0.047622
3.311549 8.289020 0.045150
3.131120 8.191449 0.045612
2.953463 8.263879 0.047891
2.960920 8.443806 0.047321
2.684408 0.340127 0.049965
2.510489 0.240965 0.053382
2.504703 0.046262 0.051057
2.860158 0.242710 0.053019
2.145647 0.046370 0.051489
2.118823 -0.341696 0.049621
2.305047 -0.243065 0.053303
2.322142 -0.048894 0.051822
0.100138 8.259284 0.047801
0.090210 7.943537 0.044060
0.190348 8.044670 0.045904
0.212252 8.548374 0.052489
0.224759 8.351231 0.057272
0.431372 8.241877 0.047147
0.976373 7.940520 0.048077
0.800956 8.045781 0.050746
0.638101 9.604428 0.045556
0.360532 9.603381 0.044113
1.523630 8.971510 0.049948
1.518638 9.181818 0.050671
1.362881 9.287834 0.049334
1.382042 8.661435 0.050037
1.369068 8.868782 0.050602
1.901968 8.345826 0.050722
2.030209 8.651872 0.048902
1.881077 8.551141 0.051136
2.208761 8.547697 0.051364
2.234407 8.343940 0.050889
2.076747 8.242800 0.050475
4.549102 3.372401 0.050036
4.755168 3.375255 0.049137
4.751943 3.696874 0.049109
4.855420 3.539021 0.049985
5.523705 7.982915 0.046068
5.356074 8.025363 0.046907
5.239010 7.873998 0.047098
5.565430 7.788587 0.047235
5.281103 7.661891 0.047375
5.439892 7.618929 0.047359
4.411480 6.787188 0.045439
4.553550 6.691221 0.050146
4.608475 7.070458 0.047810
4.448042 6.985543 0.043923
4.221521 6.099686 0.045952
4.117147 6.255118 0.044980
4.226990 6.415293 0.053283
4.414204 6.396525 0.043456
4.667941 5.577167 0.042318
5.801187 5.383677 0.041844
5.804305 5.699522 0.037681
5.707158 5.564652 0.056658
5.430950 5.401894 0.045940
5.490517 5.228315 0.050994
5.389524 5.057235 0.051923
5.277698 5.684541 0.044255
4.965210 5.470766 0.043374
5.273161 5.462264 0.044687
5.118354 5.363453 0.054315
4.660496 4.900868 0.042358
4.667740 4.696329 0.042870
4.503560 4.623976 0.045141
5.165555 3.407748 0.047801
5.372315 3.421756 0.047938
5.482969 3.263131 0.050943
5.388070 3.115113 0.045416
5.013830 2.837273 0.046556
5.149593 2.914905 0.046422
4.861251 3.214024 0.050746
5.066349 3.232343 0.050930
5.178210 3.098333 0.046537
4.748822 3.055068 0.051192
4.826013 2.899014 0.046912
4.619967 7.263614 0.045232
4.788752 7.350856 0.049591
5.445659 7.266783 0.043547
5.271218 7.241604 0.048133
5.245484 7.045250 0.042462
5.541698 7.067762 0.043134
5.413988 6.938335 0.046399
5.230869 6.672874 0.043308
5.248547 6.480879 0.048373
5.087745 6.388942 0.049559
4.897679 6.499497 0.045285
5.782591 1.618068 0.043776
5.805902 1.344280 0.036495
5.690160 1.450943 0.051139
5.496136 1.970487 0.043785
5.177874 1.765335 0.047111
5.496907 1.771057 0.043757
5.360821 1.671097 0.051269
5.008835 2.630558 0.046008
4.820356 2.576874 0.048316
5.792247 0.101376 0.042532
5.477783 0.283612 0.045753
5.493685 0.607823 0.045821
5.383229 0.465484 0.052720
5.694325 0.546105 0.047499
5.790138 0.378590 0.041565
5.684052 0.258435 0.049381
4.223801 2.193656 0.053562
4.124934 2.017183 0.045043
4.122296 3.086706 0.045243
4.225134 2.913778 0.051555
4.121171 2.786907 0.042814
4.117201 2.315697 0.040345
4.117201 2.494247 0.039093
4.483817 1.227040 0.050060
4.164127 1.214962 0.044756
4.312766 1.135284 0.051177
4.517052 1.408985 0.046747
4.119580 1.396920 0.043443
4.568518 0.549109 0.049765
4.412109 0.643939 0.047030
4.439703 0.836456 0.050700
4.625335 0.928060 0.049920
3.956449 0.944053 0.050599
4.107575 0.834649 0.047457
4.064367 0.652428 0.048215
3.768682 0.887440 0.044653
3.721633 0.702367 0.051737
3.866193 0.576759 0.049520
5.093577 0.614699 0.047217
5.138081 0.792308 0.050555
4.977468 0.906040 0.047307
4.785874 0.826739 0.047505
4.903741 0.541998 0.044525
4.756651 0.640306 0.050365
4.226171 -1.894186 0.051051
4.431896 -1.587455 0.049664
4.121983 -2.027242 0.043974
4.119639 -2.320696 0.040252
4.223288 -2.208430 0.051464
2.459072 -0.341369 0.047817
4.530703 -2.078310 0.049167
4.733621 -2.079110 0.049866
4.431421 -1.912635 0.049748
4.533367 -1.753312 0.048961
4.838026 -1.916844 0.048856
4.737053 -1.756720 0.049545
5.789577 -3.824531 0.043769
5.680977 -3.965036 0.049172
5.679879 -3.676443 0.048432
5.467394 -3.956830 0.047458
4.444738 -4.164258 0.047489
4.225767 -4.441554 0.047041
4.441339 -4.472054 0.050648
4.554751 -4.331271 0.049340
4.233662 -4.145439 0.049449
4.128103 -4.281952 0.046775
5.357225 -3.498191 0.046798
5.464420 -3.656373 0.047097
5.360534 -3.796253 0.048132
5.149639 -3.457526 0.044797
4.856522 -3.224324 0.051481
5.055096 -2.858830 0.051570
5.171462 -2.973302 0.043836
5.170432 -3.155796 0.044137
5.055567 -3.266008 0.050535
4.441452 -2.897498 0.050082
4.547710 -3.056560 0.049837
4.538896 -2.734475 0.050374
4.741368 -2.729440 0.049496
4.854110 -2.893425 0.051541
4.757897 -3.057522 0.050621
3.824631 -0.947202 0.039313
3.955722 -1.078293 0.039877
4.122112 -1.422034 0.045981
4.226300 -1.579093 0.050823
4.122522 -1.726501 0.045655
4.607619 -0.483627 0.044214
4.483250 -0.611285 0.051631
4.554566 -0.797536 0.046609
4.757850 -0.819511 0.047678
4.882103 -0.665949 0.048745
4.803188 -0.516317 0.044526
4.963308 -5.674954 0.042669
5.274265 -5.704256 0.043868
5.121332 -5.790775 0.055105
4.036625 -8.844925 0.049103
4.870623 -8.491288 0.047737
4.698037 -8.388114 0.045463
5.078623 -7.932333 0.043638
4.941684 -7.811470 0.044783
5.003491 -8.125811 0.043214
4.785325 -7.359025 0.049436
4.785975 -7.545911 0.045500
4.616743 -7.271563 0.045081
5.427383 -5.425895 0.045922
5.487706 -5.255990 0.050442
5.268858 -5.483616 0.044317
5.385800 -5.085510 0.051626
5.797787 -4.669293 0.038085
5.694166 -4.560481 0.051031
5.495772 -4.582439 0.047630
5.399714 -4.741686 0.049969
5.491050 -4.916688 0.048270
5.797787 -4.838093 0.038290
5.690729 -4.950879 0.052857
0.400230 -8.641839 0.045907
0.715801 -8.866786 0.050168
0.392319 -8.849511 0.048417
0.536787 -8.964211 0.053450
0.431114 -8.241757 0.047121
0.490118 -8.041329 0.049975
0.670748 -7.940237 0.046023
1.289756 -7.939518 0.049219
1.240806 -8.354073 0.051208
1.223518 -8.560011 0.051446
1.053947 -8.663968 0.050092
1.785153 0.047054 0.052338
1.962824 -0.049247 0.051315
1.953094 -0.243141 0.052911
1.773315 -0.341446 0.050512
1.679081 0.341272 0.044026
0.879737 -0.047183 0.050977
0.550705 -0.239623 0.053532
0.740458 -0.340465 0.048796
0.897848 -0.241510 0.053199
0.519393 -0.044505 0.050783
0.691036 0.048980 0.052289
1.248748 -0.241732 0.053161
1.426615 -0.340687 0.050835
1.600702 -0.242133 0.053006
1.602810 -0.047527 0.051260
4.380308 -4.792451 0.040128
4.500532 -4.635053 0.045002
4.663787 -4.708157 0.042633
4.657247 -4.912613 0.042239
4.491675 -4.962499 0.045761
4.411469 -5.782492 0.045583
4.495322 -5.604225 0.049185
4.116079 -5.654269 0.043301
4.220060 -5.797395 0.050971
4.215149 -5.474667 0.049748
4.402982 -5.439525 0.045280
0.096955 -9.308417 0.043834
0.213565 -9.187102 0.054280
0.408601 -9.274243 0.047297
0.184771 -9.506136 0.048105
0.360354 -9.603388 0.044081
0.467575 -9.492809 0.048896
1.837889 -9.607023 0.049208
1.985824 -9.502434 0.048459
1.675075 -9.286395 0.049108
1.361742 -9.287818 0.049296
1.517343 -9.181786 0.050633
1.372240 -9.500404 0.050231
1.532838 -9.607854 0.048577
1.680072 -9.499877 0.049888
2.407631 -8.236284 0.051383
2.581714 -8.303792 0.051691
2.233022 -8.343739 0.050831
1.570624 -8.350069 0.050781
1.879736 -8.550991 0.051098
1.552416 -8.555946 0.051162
1.705891 -8.656626 0.049556
2.075631 -8.242639 0.050446
1.900819 -8.345680 0.050673
1.745182 -8.245438 0.050468
1.763838 -8.040400 0.050649
1.937810 -7.937087 0.050526
2.093966 -8.039083 0.050709
3.323303 -8.808402 0.047028
3.318433 -8.986439 0.046899
2.459092 -9.615853 0.047563
2.143983 -9.610410 0.048653
2.295778 -9.511264 0.048092
2.785150 -9.619509 0.046859
2.951420 -9.526599 0.048347
2.617919 -9.520362 0.048301
2.635061 -8.772938 0.044198
2.498881 -8.624448 0.043490
2.603802 -8.463640 0.043104
4.509494 8.475069 0.045951
4.701821 8.383906 0.045648
4.684521 8.220887 0.049927
4.485391 8.135082 0.044903
4.328571 8.399959 0.046589
4.321768 8.222991 0.048162
3.650628 7.914065 0.041056
3.800617 7.963272 0.049698
3.493769 8.205640 0.047048
3.497854 8.042494 0.042776
3.860714 8.741263 0.046694
4.039713 8.842136 0.049189
4.192380 8.726714 0.050004
4.169484 8.515649 0.044702
2.866450 0.047599 0.051809
3.051715 -0.033650 0.050947
2.684915 -0.049687 0.052710
2.983041 -0.341778 0.042203
3.098094 -0.229566 0.061499
2.788809 -0.341778 0.043647
2.656377 -0.243147 0.054642
1.117078 8.045055 0.050943
1.290232 7.939535 0.049246
1.438509 8.042872 0.050838
1.417290 8.249616 0.050288
0.761852 8.253229 0.049139
0.572909 8.348191 0.052728
0.929493 9.606790 0.046968
1.065365 9.499342 0.050683
0.760987 9.496218 0.050674
0.726026 9.282482 0.048387
0.097000 9.308377 0.043863
0.087854 9.617742 0.038450
0.184853 9.506123 0.048130
0.116751 9.000511 0.052783
0.204382 8.869865 0.047276
0.213751 9.187103 0.054323
0.408936 9.274277 0.047331
0.544212 9.172160 0.054432
0.716397 8.866841 0.050202
0.725797 8.661357 0.049378
0.392653 8.849628 0.048450
0.537298 8.964283 0.053486
0.400523 8.641977 0.045943
0.554568 8.551149 0.054754
4.441338 3.843679 0.048435
4.545403 3.689994 0.049907
4.442813 3.529288 0.048589
4.232224 3.530273 0.050105
4.124621 3.683485 0.046892
4.231146 3.836184 0.049661
4.496648 5.593287 0.049364
4.215469 5.466288 0.049868
4.403668 5.429511 0.045415
4.412823 5.772455 0.045855
4.116277 5.646800 0.043425
4.220651 5.789192 0.051159
4.531237 5.923956 0.046293
4.520719 6.221949 0.043216
4.437879 6.085285 0.051757
4.716337 6.248036 0.045407
4.871277 6.162534 0.045250
5.205494 5.041045 0.049278
5.082876 5.176863 0.045740
5.119585 4.842537 0.050492
4.953379 4.822275 0.040555
4.826688 4.975480 0.047541
4.870277 5.131560 0.047465
4.966454 5.657884 0.042915
4.786895 5.722553 0.044041
5.094558 5.949281 0.042472
5.124135 5.772849 0.055410
4.883998 6.001936 0.046308
4.734016 5.890173 0.049070
4.382401 4.782402 0.040405
4.114200 4.878769 0.039019
4.212341 4.753931 0.053907
4.114200 5.058880 0.038681
4.213393 5.158997 0.045416
4.423174 5.113469 0.051646
4.494043 4.951375 0.046152
4.467304 7.578502 0.046586
4.298112 7.683680 0.045825
4.308690 7.314602 0.043388
4.463451 7.381659 0.047583
4.125019 7.590352 0.047597
4.139449 7.418117 0.045163
4.789747 7.538334 0.045641
4.956403 7.627004 0.047167
4.945667 7.804763 0.044877
4.624815 7.647935 0.045691
4.631045 7.847682 0.047988
4.785241 7.915840 0.042919
4.906888 6.680681 0.049882
5.079277 6.762120 0.047013
4.765711 6.965651 0.048303
4.747349 6.784769 0.043626
4.935084 7.064913 0.047311
5.089110 6.965470 0.047671
5.148952 2.534338 0.047974
5.349004 2.646083 0.051026
5.489518 2.563389 0.044555
5.487942 2.365137 0.044346
4.222390 1.877242 0.049513
4.115790 1.714854 0.043789
4.398910 1.552994 0.045824
4.217037 1.546078 0.054744
5.052490 -3.903264 0.049275
5.151950 -3.766142 0.046694
5.048251 -3.585597 0.050042
4.847512 -3.878407 0.049336
4.743678 -3.710181 0.049026
4.844957 -3.554493 0.049836
4.220373 -6.734502 0.048506
4.110860 -6.869099 0.041619
3.770925 -7.551985 0.049881
3.590544 -7.590600 0.048202
3.559325 -7.748435 0.042682
3.786242 -7.373710 0.043964
4.838800 -8.672172 0.045976
4.680465 -8.225894 0.049787
4.821131 -8.115498 0.045070
4.781104 -7.922155 0.042815
4.459875 -7.388456 0.047414
4.822492 -4.988718 0.047619
5.200400 -5.063953 0.048871
5.115020 -4.863741 0.050391
4.948952 -4.837525 0.040378
1.089023 -8.252859 0.049855
0.800634 -8.045741 0.050712
0.976034 -7.940505 0.048049
1.116606 -8.045022 0.050909
0.725259 -8.661288 0.049341
0.891459 -8.560933 0.052323
0.554156 -8.551041 0.054728
0.572539 -8.348086 0.052691
0.761429 -8.253162 0.049112
0.909246 -8.355762 0.051879
1.485258 0.341272 0.042085
2.028648 -8.651683 0.048853
2.207123 -8.547472 0.051310
2.340789 -8.674229 0.051924
1.831080 -9.178478 0.049960
1.984012 -9.287370 0.049695
1.839887 -8.967185 0.049297
2.005798 -8.859730 0.049861
2.979299 -7.917817 0.047735
3.147990 -8.015365 0.048405
3.332401 -7.950553 0.044387
3.365896 -7.778906 0.042220
3.142148 -8.540061 0.045331
3.149318 -8.716675 0.046643
2.974594 -8.803327 0.046616
2.807952 -8.705726 0.045686
2.958375 -8.444540 0.047250
2.798903 -8.523553 0.044084
2.954890 -9.342552 0.046149
2.969493 -8.982847 0.046897
3.131218 -9.254439 0.047480
3.139347 -9.074232 0.046631
2.614081 -9.328124 0.047144
2.623465 -8.951418 0.048452
2.791256 -9.063725 0.045633
2.784782 -9.243223 0.048590
3.988463 8.242173 0.048277
3.829122 8.175364 0.044579
4.012450 8.450004 0.047967
3.856346 8.560197 0.047696
3.678284 8.466305 0.047444
3.675047 8.289303 0.046308
1.054720 8.664026 0.050129
0.892093 8.560998 0.052349
1.224369 8.560079 0.051474
0.909807 8.355827 0.051913
1.241553 8.354139 0.051243
1.089617 8.252914 0.049883
1.199480 9.182530 0.051384
1.045520 9.286895 0.049193
0.874688 9.180606 0.052597
0.871973 8.972842 0.051700
1.044000 8.870386 0.050572
1.200675 8.973786 0.050702
5.155840 2.349931 0.050390
5.015556 2.240624 0.046922
5.359482 2.068179 0.050717
5.354316 2.263424 0.049673
5.177306 1.962986 0.048137
5.031855 2.048925 0.045700
4.506707 1.731189 0.044613
4.431434 1.886660 0.052242
4.844955 1.957192 0.046798
4.692872 1.684487 0.046839
4.838976 1.775362 0.050826
4.728917 2.409467 0.052756
4.817939 2.266680 0.045088
4.516107 2.396297 0.047345
4.422129 2.226963 0.049279
4.532306 2.059908 0.051739
4.715306 2.086455 0.046541
4.226437 -6.422377 0.053023
4.127847 -6.570604 0.046687
4.324452 -8.403909 0.046470
4.165552 -8.519122 0.044620
4.505609 -8.478898 0.045787
4.188960 -8.729842 0.049896
3.984507 -8.245640 0.048193
4.008581 -8.453380 0.047865
4.305151 -7.320226 0.043369
4.302660 -7.117627 0.047147
4.157249 -7.053989 0.041792
4.135838 -7.422258 0.045146
3.995086 -7.154422 0.041152
3.971183 -7.320091 0.046992
4.121314 -7.594623 0.047495
3.944725 -7.851086 0.048856
3.941343 -7.670731 0.045813
4.626822 -7.853833 0.047901
4.620820 -7.654647 0.045536
4.463301 -7.584653 0.046544
4.294054 -7.688789 0.045722
4.866677 -5.146645 0.047293
4.720301 -5.277676 0.049524
4.779523 -5.431513 0.042348
4.962059 -5.487889 0.043271
5.114676 -5.383070 0.053780
5.078515 -5.195664 0.045796
0.835809 0.340993 0.047918
1.240380 -0.047317 0.051093
1.054672 0.047696 0.052517
1.420355 0.048332 0.053217
1.373743 0.242353 0.055282
1.026892 0.242074 0.054477
1.165988 0.341081 0.044655
2.306797 -8.893377 0.045583
2.150281 -8.974668 0.050761
2.453294 -9.022075 0.047632
2.137301 -9.191016 0.047528
2.290907 -9.306933 0.048457
2.450384 -9.219284 0.048048
4.116924 -6.261504 0.044710
4.220904 -6.107476 0.045750
4.122314 -5.962257 0.045825
4.618007 -8.907615 0.042858
4.424205 -8.941888 0.044542
4.341120 -8.774269 0.041902
4.659474 -8.728638 0.045057
4.498870 -8.638539 0.043345
3.825460 -8.178586 0.044470
3.797341 -7.966314 0.049625
3.648091 -7.916677 0.040895
3.671533 -8.292131 0.046232
3.495266 -8.044695 0.042721
3.490589 -8.207877 0.046987
3.857361 -8.744022 0.046590
3.852725 -8.563197 0.047611
3.680594 -8.823465 0.047780
3.674724 -8.469001 0.047369
3.501396 -8.725864 0.046550
3.500163 -8.552225 0.046457
4.292279 -7.866338 0.047754
4.134585 -8.134809 0.046935
4.122921 -7.952527 0.046207
4.317559 -8.227336 0.048055
4.481144 -8.140105 0.044775
4.467528 -7.961389 0.046621
-0.103980 -0.340894 0.046373
-0.634569 -8.264218 0.044943
-0.762152 -8.366244 0.049674
-1.980728 -9.607899 0.048168
-0.115741 -8.852325 0.051800
-0.188409 -9.622795 0.044388
-0.081428 -9.504346 0.043403
-0.486086 -7.943112 0.050506
-0.787202 -7.941509 0.049774
-0.647696 -8.049621 0.045208
-0.190295 -7.940845 0.049871
-0.363157 -8.048956 0.041763
-0.096994 -8.548077 0.044224
-0.212735 -8.669625 0.052185
-0.408127 -8.585008 0.045932
-0.182585 -8.354708 0.047139
-0.465249 -8.373679 0.047290
-0.355447 -8.264926 0.043132
-4.138389 -3.930128 0.052030
-4.197837 -9.309922 0.046876
-3.994024 -7.173252 0.046369
-1.831587 -9.501577 0.048194
-1.831840 -9.289416 0.047629
-2.281844 -9.610815 0.047407
-2.131955 -9.503715 0.047583
-2.295652 -8.979968 0.049303
-1.984262 -9.182864 0.048845
-2.135236 -9.290839 0.048309
-2.288025 -9.193024 0.047552
-4.517426 -1.725738 0.046016
-0.094177 -9.166741 0.046426
-0.175605 -9.302533 0.041669
-0.209918 -8.977965 0.047215
-0.085591 -8.037027 0.037045
-0.085591 -8.234920 0.039175
-5.225957 -4.169077 0.045998
-4.228170 -4.073916 0.045600
-4.108114 -4.233286 0.044439
-1.677805 -9.184480 0.049085
-1.079435 -9.608085 0.048351
-0.361057 -9.514595 0.039688
-0.348253 -9.312783 0.044075
-3.545704 -7.770138 0.048911
-3.926304 -7.690540 0.047058
-3.970745 -7.348096 0.046947
-3.705825 -7.904757 0.047916
-3.901638 -7.858382 0.048278
-2.436689 -9.507168 0.048432
-2.439590 -9.302252 0.047070
-3.337109 -7.994235 0.051332
-3.362880 -7.803726 0.046963
-4.659084 -7.252697 0.048030
-4.820667 -7.141703 0.052011
-4.964996 -7.238279 0.044425
-4.982735 -7.458403 0.045928
-5.005335 -7.886532 0.052097
-5.184591 -7.848383 0.050240
-5.156452 -7.504455 0.046149
-5.247978 -7.666578 0.052938
-4.270787 -7.931466 0.048737
-4.071838 -7.980533 0.047678
-4.044997 -8.150613 0.049075
-0.107868 0.038089 0.048165
-0.268666 -0.245886 0.071528
-0.272554 -0.065235 0.062421
-0.488836 -0.344992 0.049675
-0.505299 0.028123 0.051147
-0.689492 -0.053256 0.054554
-0.676916 -0.245719 0.055522
-0.537459 0.226448 0.058592
-0.735397 0.339130 0.049458
-1.868301 -0.238987 0.058281
-2.618531 -0.046274 0.053914
-2.602084 -0.239760 0.057816
-4.115583 -2.385975 0.047735
-4.539402 -3.051932 0.052972
-4.435300 -3.200763 0.047191
-4.235829 -3.786385 0.046205
-4.115773 -3.633670 0.046384
-4.222441 -3.485310 0.046677
-5.799753 -2.100153 0.045271
-5.217169 -2.482826 0.051429
-4.415569 -1.546760 0.047748
-0.544134 -8.681051 0.052661
-0.876825 -8.871916 0.051076
-0.728839 -8.571748 0.046807
-0.877777 -8.668492 0.050834
-4.116994 -1.723940 0.047519
-4.125636 -1.399540 0.047752
-4.224296 -1.543512 0.054352
-4.216619 -1.877324 0.048354
-4.425779 -1.875874 0.053592
-4.504536 -2.051301 0.049818
-4.117959 -2.047018 0.048301
-4.215209 -2.215509 0.054101
-4.392626 -2.221242 0.043474
-5.793607 -4.887237 0.051444
-5.792309 -4.558367 0.051639
-5.687583 -4.720867 0.052852
-5.805686 -3.879402 0.047521
-5.698646 -4.394869 0.047873
-5.804671 -4.229748 0.048090
-5.487025 -4.385689 0.053856
-5.414389 -4.230916 0.043364
-5.533363 -4.062563 0.046988
-5.712023 -4.052215 0.051265
-4.876171 -4.093193 0.048926
-5.063793 -4.232698 0.052934
-5.795160 -5.212580 0.051153
-5.690434 -5.047509 0.049573
-5.396763 -5.835461 0.046935
-4.712493 -5.770775 0.047478
-5.039213 -6.001127 0.048847
-4.214814 -4.387312 0.047805
-1.528341 -9.290023 0.047506
-1.231527 -9.501467 0.047500
-1.064623 -9.182527 0.049435
-1.225791 -9.289014 0.047006
-1.370997 -9.183892 0.049270
-1.047154 -8.974117 0.047895
-0.487570 -9.606800 0.049158
-0.463020 -9.190168 0.047569
-0.728690 -8.972423 0.046691
-0.406113 -8.991143 0.047131
-0.544937 -8.878302 0.051449
-0.935510 -9.500484 0.046669
-0.926435 -9.287379 0.045996
-0.781651 -9.607399 0.048724
-0.645731 -9.499199 0.044940
-0.760830 -9.179475 0.049307
-0.633984 -9.284379 0.044440
-3.576583 -7.590839 0.046970
-3.787814 -7.381937 0.047068
-3.761371 -7.557616 0.048094
-4.235101 -9.128173 0.047972
-4.418042 -9.085953 0.047695
-4.454215 -8.903601 0.048259
-5.799728 -7.258520 0.048686
-5.249497 -7.318315 0.044324
-5.419965 -7.295240 0.051045
-5.131398 -7.160999 0.047942
-3.053497 -9.510525 0.048082
-2.587637 -9.611352 0.047161
-2.744707 -9.508602 0.048009
-2.893101 -9.612249 0.046704
-3.975074 -9.539730 0.045295
-4.014811 -9.359271 0.047634
-3.199119 -9.613276 0.046038
-3.360070 -9.509520 0.046868
-2.347577 -7.940510 0.049910
-2.667301 -7.928397 0.046892
-2.498948 -8.033907 0.045824
-2.449730 -8.892778 0.046275
-3.175121 -8.047558 0.046971
-3.017578 -7.927366 0.046967
-2.839260 -8.020762 0.052530
-2.834830 -8.184581 0.040119
-1.717644 -7.938904 0.049053
-2.145843 -8.868314 0.049005
-1.987243 -8.973394 0.048206
-1.405037 7.939492 0.049096
-4.125201 4.550859 0.049400
-0.190310 7.940846 0.049878
-2.135649 9.290856 0.048316
-1.984649 9.182886 0.048854
-0.877960 8.668507 0.050842
-0.545065 8.878307 0.051458
-0.406199 8.991139 0.047139
-0.762260 8.366258 0.049684
-0.728979 8.571764 0.046816
-0.544258 8.681060 0.052670
-1.203434 8.666294 0.049856
-1.051232 8.565368 0.048447
-4.442806 4.659752 0.048977
-4.122254 4.859832 0.049088
-4.229122 4.696245 0.047929
-2.667494 7.928405 0.046893
-5.696669 3.685200 0.051194
-5.498182 3.717903 0.052301
-5.474917 3.318997 0.051996
-5.806507 3.858609 0.048149
-5.805486 4.213293 0.048346
-5.713659 4.037075 0.050877
-5.793945 4.876380 0.051663
-4.170557 -7.125799 0.046042
-4.239213 -6.949299 0.045967
-4.331317 -7.243520 0.046899
-4.452477 -6.966430 0.044591
-4.499777 -7.156367 0.046842
-4.669530 -7.449802 0.045946
-4.662914 -7.821687 0.049121
-4.851991 -7.754919 0.049613
-4.848851 -7.558931 0.052842
-4.296748 -7.764661 0.047125
-4.324500 -7.421999 0.046643
-4.493650 -7.707847 0.048590
-4.503406 -7.531950 0.049475
-4.122464 -7.645886 0.047929
-4.140461 -7.479121 0.047084
-4.210892 -8.275482 0.048266
-4.524920 -8.540232 0.048401
-4.704819 4.380836 0.050053
-4.525507 4.467942 0.051456
-1.433931 0.339046 0.050526
-1.083496 0.339769 0.050909
-0.897566 0.238900 0.057105
-0.883821 0.044839 0.053123
-1.263051 0.238816 0.057181
-4.124783 3.322224 0.049084
-4.222318 3.483371 0.046616
-2.757142 -0.339889 0.047745
-1.458616 -0.048778 0.055082
-1.265172 0.044348 0.053378
-1.071873 -0.048759 0.054480
-2.411137 -0.339871 0.050330
-2.061446 -0.338963 0.050418
-2.234961 -0.238835 0.057524
-4.444836 -2.875342 0.049164
-4.234065 -2.860542 0.051398
-4.128883 -2.700393 0.050997
-4.226133 -2.549554 0.047892
-4.125002 -3.324765 0.049054
-4.230184 -3.176196 0.050479
-4.123516 -3.012565 0.049231
-4.566546 -3.828456 0.055098
-4.436563 -3.725633 0.045219
-4.530852 -3.394364 0.053649
-4.423175 -3.530342 0.046360
-4.722457 -3.417493 0.052567
-4.744016 2.746313 0.051957
-4.847985 2.920185 0.049623
-5.794679 3.194946 0.050972
-5.788496 3.521762 0.053096
-5.684841 3.354757 0.053021
-5.689255 2.382326 0.049838
-5.375787 3.133510 0.047333
-5.163691 3.101623 0.047477
-5.057744 2.938754 0.051516
-5.162944 2.793750 0.048384
-5.777247 0.345203 0.051530
-5.684880 0.195060 0.048840
-5.780680 0.952513 0.051299
-5.691218 1.729085 0.052872
-1.847552 -0.045444 0.053883
-1.651783 0.045899 0.053827
-1.778032 0.340210 0.046827
-1.629219 0.239256 0.058191
-2.234933 -0.044590 0.053573
-2.040669 0.048824 0.054999
-2.427556 0.047859 0.054072
-2.111529 0.340911 0.043523
-1.993713 0.241121 0.059037
-2.453595 0.241064 0.057457
-2.311623 0.340911 0.045699
-2.653462 0.340153 0.049953
-3.187625 0.272002 0.048574
-3.005885 0.342733 0.050607
-2.809683 0.049663 0.053516
-2.818575 0.242885 0.055614
-5.704981 -2.294546 0.054448
-5.521790 -2.326052 0.048279
-5.420052 -2.496133 0.047245
-4.672421 -2.105214 0.044705
-5.425705 -2.135859 0.051431
-4.555824 -2.717147 0.053552
-4.679432 -2.325436 0.044994
-4.831026 -2.404630 0.054144
-4.509172 -2.393662 0.047582
-4.442303 -2.551508 0.052018
-5.783099 -0.841820 0.050340
-5.795009 -1.467284 0.048062
-5.795453 -1.777692 0.047703
-5.692128 -1.626753 0.048261
-5.696873 -1.951163 0.053430
-5.506015 -1.955363 0.047456
-5.476595 -1.624878 0.052606
-5.389062 -1.780016 0.048876
-5.206851 -1.178572 0.046606
-5.389540 -1.458207 0.049582
-5.206984 -1.395281 0.046958
-5.066212 -1.492968 0.052983
-4.714724 -1.683351 0.048253
-5.147329 -0.041343 0.051106
-5.328600 -0.151020 0.054257
-5.483112 -0.055098 0.046343
-5.151947 0.160321 0.049002
-5.337975 0.248301 0.054862
-5.487869 0.142560 0.046798
-5.788004 -3.548053 0.051552
-5.695356 -3.702433 0.051355
-4.718102 -4.166204 0.047485
-4.552316 -4.049190 0.052091
-4.414674 -4.137589 0.044364
-4.703978 -4.383746 0.050013
-4.524836 -4.470135 0.051457
-4.401317 -4.340993 0.045142
-5.798943 -5.910807 0.050752
-5.045449 -5.813261 0.047327
-5.212512 -5.739805 0.043781
-4.876839 -5.698012 0.049781
-5.243982 -5.555239 0.049162
-5.711117 -5.732269 0.052359
-5.536813 -5.710534 0.045967
-5.810507 -5.554533 0.046986
-5.707334 -5.376579 0.048333
-5.510929 -5.370763 0.051040
-5.439798 -5.526981 0.044379
-4.563421 -5.452359 0.050166
-4.539581 -5.643158 0.053172
-5.475396 -5.045890 0.052994
-5.383716 -5.205146 0.048928
-4.744033 -4.785035 0.053759
-5.793058 -6.590956 0.051366
-5.700561 -6.433677 0.047043
-5.805836 -6.260857 0.048035
-5.706446 -6.090830 0.052501
-5.489796 -6.446639 0.053003
-5.198840 -6.661251 0.047031
-5.385639 -6.622563 0.051345
-5.105281 -6.846596 0.045591
-5.203817 -6.982782 0.051979
-4.526241 -6.055022 0.052109
-4.702282 -5.967474 0.047619
-4.530072 -6.261199 0.050574
-4.860391 -6.082576 0.049963
-4.391411 -5.943847 0.045306
-4.215859 -5.667158 0.047454
-4.394539 -5.728681 0.045347
-4.131794 -6.821232 0.054328
-1.379197 -9.608382 0.048172
-1.680016 -9.608677 0.048037
-1.530805 -9.502059 0.047919
-4.971420 -8.083918 0.047978
-5.115104 -8.233155 0.050313
-5.078709 -8.423410 0.048005
-4.896587 -8.459644 0.049300
-4.857902 -8.644690 0.048042
-4.637420 -8.864882 0.048077
-4.674451 -8.681962 0.048675
-5.293149 -8.201471 0.048926
-5.328721 -8.014085 0.048909
-5.506287 -7.990380 0.048101
-5.806149 -7.594002 0.046137
-5.442379 -7.644900 0.045700
-5.521320 -7.459702 0.047283
-5.707544 -7.434537 0.049430
-5.734104 -7.777267 0.044452
-5.556557 -7.803000 0.051335
-3.499926 -9.611245 0.046070
-3.800913 -9.615027 0.044476
-3.663757 -9.511272 0.047650
-3.851429 -8.202266 0.047812
-3.496565 -8.134449 0.047804
-3.682457 -8.078560 0.049424
-3.868347 -9.234034 0.046803
-3.691454 -9.310738 0.046177
-3.071235 -9.309653 0.046404
-3.749974 -8.928918 0.047851
-4.085814 -8.993550 0.047596
-3.902087 -9.050062 0.048060
-3.155930 -8.262693 0.049490
-2.993957 -8.306319 0.046554
-2.156985 -8.661704 0.048308
-2.006322 -8.559295 0.049216
-1.404892 -7.939489 0.049091
-1.559239 -8.043393 0.048495
-1.871981 -8.042306 0.048687
-2.032481 -7.938402 0.049105
-2.186351 -8.043912 0.049131
-2.179215 -8.251094 0.048312
-1.864201 -8.249323 0.048546
-2.017567 -8.352600 0.049548
-0.094192 9.166747 0.046430
-0.115775 8.852340 0.051816
-0.209968 8.977968 0.047222
-4.108088 4.231613 0.044467
-4.214955 4.385814 0.047784
-4.401577 4.339389 0.045167
-0.085593 8.037032 0.037048
-0.085593 8.234930 0.039177
-0.097004 8.548093 0.044229
-0.212779 8.669634 0.052197
-0.408204 8.585015 0.045940
-0.182597 8.354718 0.047144
-0.787283 7.941513 0.049780
-0.402107 0.327318 0.050430
-0.097393 0.344998 0.041636
-0.205261 0.232316 0.053863
-2.282232 9.610814 0.047413
-1.981063 9.607904 0.048173
-2.132338 9.503718 0.047595
-3.852307 8.201516 0.047834
-2.288497 9.193033 0.047565
-2.790115 8.745710 0.040704
-2.964834 8.634198 0.047230
-3.123237 8.697415 0.049148
-1.831906 9.501581 0.048203
-1.832182 9.289426 0.047639
-1.518857 8.871265 0.049689
-1.676405 8.974707 0.048273
-1.678124 9.184487 0.049094
-1.528617 9.290026 0.047515
-1.559414 8.043401 0.048504
-1.717818 7.938909 0.049058
-1.987639 8.973423 0.048217
-1.833452 8.870182 0.049267
-0.760960 9.179480 0.049318
-0.877016 8.871928 0.051083
-0.728841 8.972432 0.046700
-0.781778 9.607399 0.048731
-0.081432 9.504344 0.043405
-0.188433 9.622793 0.044398
-0.175625 9.302528 0.041673
-1.239397 8.253394 0.047730
-1.249633 8.044514 0.048045
-0.932410 8.256678 0.046506
-1.072401 8.359046 0.049694
-0.944314 8.046535 0.047255
-1.094541 7.940022 0.049229
-5.417738 6.298811 0.043638
-5.805961 6.256053 0.048128
-4.744968 4.781528 0.053765
-4.535523 4.792028 0.049385
-5.329546 8.012967 0.048954
-5.490267 6.442619 0.053106
-5.700826 6.429467 0.047103
-4.045948 8.149753 0.049107
-3.788110 7.381663 0.047069
-4.897456 8.458716 0.049342
-4.751184 8.315369 0.048443
-4.858663 8.643924 0.048062
-4.638073 8.864238 0.048100
-4.675225 8.681192 0.048707
-5.364036 3.607536 0.045809
-5.352599 3.431650 0.046241
-5.488870 4.375812 0.054021
-5.688312 4.710069 0.052908
-5.792700 4.545102 0.051970
-5.699853 4.382005 0.047702
-5.046602 4.388206 0.043256
-4.871788 4.645603 0.046387
-4.844602 4.467716 0.046999
-5.416764 4.221826 0.043276
-5.430281 3.906038 0.045122
-5.535921 4.051801 0.046994
-5.059526 -6.542012 0.048721
-5.061724 -6.368090 0.049320
-4.865791 -6.267564 0.047047
-4.711513 -6.358639 0.048170
-4.571944 -6.863840 0.049517
-4.541191 -6.668386 0.051450
-4.902154 -6.830176 0.048734
-4.780826 -6.942782 0.047496
-4.870509 -6.639700 0.045658
-4.718429 -6.556853 0.048499
-4.399955 -6.575264 0.044923
-4.217443 -6.647180 0.047716
-4.103983 -6.495175 0.045408
-4.213240 -6.320393 0.046622
-4.395752 -6.366291 0.046245
-4.561985 -8.359739 0.049085
-4.788640 -8.130951 0.050394
-4.750201 -8.316422 0.048417
-4.633478 -8.000333 0.049128
-4.438255 -8.053299 0.048388
-4.405201 -8.227233 0.049108
-4.115868 3.631414 0.046471
-5.156469 3.680644 0.044547
-3.359100 -0.476948 0.045591
-0.843317 -0.340727 0.049550
-1.043945 -0.241862 0.057439
-5.088581 -2.632064 0.048328
-4.760163 -2.740205 0.053082
-4.878403 -2.598741 0.049988
-4.538103 2.724161 0.051556
-4.742148 3.077721 0.052932
-5.054754 2.623387 0.050783
-4.845585 2.594519 0.049471
-5.801961 1.901897 0.047649
-5.794315 2.226759 0.049981
-5.697942 2.061434 0.048944
-3.728096 0.694438 0.052133
-4.443912 0.231257 0.049325
-4.845636 2.269152 0.049108
-4.742170 2.415338 0.051829
-5.793273 2.546386 0.050562
-5.481567 3.000757 0.051458
-5.689129 2.702258 0.050386
-5.478579 2.683222 0.050994
-5.374671 2.823865 0.048127
-5.794190 2.868577 0.050689
-5.690535 3.026433 0.050920
-5.805966 0.043791 0.044315
-5.772490 -0.252870 0.052446
-5.680123 -0.109213 0.048187
-5.341873 0.447062 0.053618
-5.158119 0.554333 0.049565
-5.807115 0.646891 0.044314
-5.689462 0.796908 0.048350
-5.496350 0.740642 0.045916
-5.686030 0.489017 0.047322
-5.492917 0.540707 0.045797
-5.691428 1.096852 0.047142
-5.498001 1.735183 0.046871
-3.751362 0.080101 0.046252
-3.560799 0.141404 0.047657
-3.593689 0.323638 0.047545
-3.545693 0.663085 0.045152
-3.313752 0.433714 0.039687
-3.475401 0.455942 0.058810
-3.002243 -0.032138 0.052759
-2.966150 -0.228204 0.059850
-3.090661 -0.328315 0.049140
-3.291446 -0.292359 0.050921
-3.420205 -0.159032 0.051609
-3.383317 0.027614 0.055719
-3.192876 0.090354 0.056521
-5.803561 -2.420632 0.040288
-5.803561 -2.608647 0.039896
-5.263815 -2.142189 0.043025
-5.157017 -2.319074 0.045783
-4.981052 -2.274201 0.044334
-5.801288 -0.542078 0.045485
-5.686053 -0.686801 0.047761
-5.675445 -0.391698 0.046358
-4.975981 -0.119409 0.053457
-4.947421 -0.300124 0.048021
-4.801592 0.010665 0.050852
-5.797933 -1.144728 0.047144
-5.682699 -0.983872 0.048853
-5.694609 -1.304543 0.052666
-5.504672 -1.297342 0.045584
-5.467033 -0.973002 0.048912
-5.392332 -1.126657 0.049561
-5.186521 -1.806615 0.053528
-5.046670 -1.686494 0.048287
-5.141584 -1.988292 0.045096
-4.844696 -1.778378 0.049042
-4.816248 -1.982984 0.053222
-4.973286 -2.072777 0.045533
-3.802616 -0.911041 0.045798
-5.238465 -3.975417 0.044892
-5.427911 -3.914988 0.045145
-5.496243 -3.727672 0.052380
-5.793963 -3.229975 0.048378
-5.683633 -3.373827 0.054133
-5.484554 -4.718906 0.048984
-5.375541 -4.883658 0.051479
-5.377658 -4.547227 0.052533
-5.166599 -4.859187 0.052803
-5.040335 -4.981991 0.045877
-4.717629 -5.098843 0.048930
-4.828108 -4.945255 0.043659
-5.802794 -6.923332 0.048285
-5.697518 -6.760013 0.050653
-5.500864 -6.778657 0.048958
-5.704189 -7.097118 0.049362
-5.510650 -7.108673 0.049029
-5.412601 -6.953531 0.047288
-5.393197 -5.999960 0.048159
-5.528575 -6.120119 0.045397
-5.417201 -6.303108 0.043578
-5.202710 -6.092169 0.043650
-5.219821 -6.274144 0.048709
-4.103472 -5.834106 0.044679
-4.127591 -6.165039 0.051715
-4.212730 -5.998941 0.048422
-3.827080 -8.378647 0.049024
-3.777131 -8.743470 0.048116
-3.572223 -9.006478 0.047375
-3.547442 -9.204326 0.048140
-3.379890 -9.303136 0.047275
-3.236678 -9.206020 0.046833
-2.921154 -9.206530 0.049001
-2.600851 -9.201589 0.049442
-2.755021 -9.303753 0.047295
-2.603364 -9.005170 0.046485
-4.179891 -8.451377 0.048808
-3.989647 -8.502890 0.048390
-3.961431 -8.682864 0.048521
-4.118001 -8.811800 0.048332
-4.303460 -8.764071 0.048161
-4.337134 -8.583622 0.048688
-3.618057 -8.624233 0.048969
-3.639791 -8.439384 0.048397
-3.478247 -8.318892 0.049221
-3.299600 -8.393812 0.049499
-2.336300 -8.355039 0.049506
-2.658731 -8.299563 0.047193
-2.494807 -8.241254 0.050086
-2.468250 -8.678374 0.050140
-2.325315 -8.558955 0.049710
-0.932294 -8.256666 0.046498
-1.249496 -8.044508 0.048036
-0.944217 -8.046528 0.047247
-1.094428 -7.940019 0.049223
-1.701073 -8.353860 0.049346
-1.550447 -8.251332 0.048270
-4.414758 4.136070 0.044404
-4.235916 3.784591 0.046256
-4.228136 4.072398 0.045648
-4.138382 3.928206 0.052087
-0.647756 8.049627 0.045215
-0.634638 8.264230 0.044951
-0.363184 8.048961 0.041768
-0.486134 7.943115 0.050513
-0.355471 8.264934 0.043137
-0.465302 8.373690 0.047302
-2.440085 9.302239 0.047079
-2.588059 9.611344 0.047166
-2.437131 9.507158 0.048444
-3.112172 8.908099 0.045777
-3.255643 8.998724 0.048393
-2.918373 8.468461 0.042720
-4.198218 9.309584 0.046898
-4.235627 9.127714 0.047991
-4.418569 9.085450 0.047718
-4.454869 8.902981 0.048284
-3.285415 8.591172 0.049143
-3.478993 8.318413 0.049249
-3.300290 8.393494 0.049519
-1.379429 9.608383 0.048179
-1.680298 9.608677 0.048044
-1.531066 9.502060 0.047929
-1.079613 9.608086 0.048359
-0.935655 9.500484 0.046679
-1.231730 9.501468 0.047510
-0.926586 9.287382 0.046006
-1.550658 8.251344 0.048277
-1.386045 8.356316 0.049485
-1.523974 8.664577 0.049220
-1.371251 8.562893 0.048890
-2.032676 7.938411 0.049109
-1.872191 8.042319 0.048697
-1.363212 8.974917 0.048225
-1.200513 8.871630 0.050204
-1.047367 8.974125 0.047904
-1.064818 9.182533 0.049445
-1.371253 9.183898 0.049278
-1.226004 9.289018 0.047016
-0.487645 9.606802 0.049166
-0.361098 9.514595 0.039695
-0.645821 9.499201 0.044949
-0.634072 9.284384 0.044449
-0.463088 9.190169 0.047578
-0.348289 9.312778 0.044081
-5.810710 5.547111 0.047108
-5.476247 5.038324 0.053168
-5.690975 5.038399 0.049626
-5.795363 5.203561 0.051350
-5.707740 5.368859 0.048422
-5.529087 6.115275 0.045470
-5.706751 6.085670 0.052544
-5.799124 5.904867 0.050871
-5.537483 5.704783 0.046053
-5.711501 5.725929 0.052415
-5.041228 4.977073 0.045904
-4.828873 4.941304 0.043709
-4.422860 4.981714 0.047987
-4.119354 5.183074 0.048979
-4.223275 5.013025 0.050876
-5.506930 7.989556 0.048108
-5.793199 6.587169 0.051462
-4.072819 7.979629 0.047704
-4.123390 7.644998 0.047957
-4.211862 8.274587 0.048295
-4.406222 8.226239 0.049140
-4.562959 8.358767 0.049120
-4.525793 8.539381 0.048429
-4.789695 8.129704 0.050446
-4.972440 8.082603 0.048008
-4.494776 7.706482 0.048621
-4.297845 7.763570 0.047152
-4.271862 7.930425 0.048770
-4.439352 8.052201 0.048423
-4.634600 7.999063 0.049159
-4.664042 7.820199 0.049179
-5.386171 6.618995 0.051404
-4.902815 6.827356 0.048813
-4.871085 6.636724 0.045708
-5.105913 6.843549 0.045647
-5.060092 6.538619 0.048780
-5.199463 6.657844 0.047090
-3.971245 7.347665 0.046968
-4.141297 7.478347 0.047080
-5.079525 8.422540 0.048024
-5.293934 8.200574 0.048940
-5.115998 8.232094 0.050355
-5.044832 3.251092 0.053500
-5.134610 3.395633 0.043500
-5.027130 3.555035 0.048209
-4.833048 3.245760 0.047797
-5.376749 4.876474 0.051494
-5.485843 4.710237 0.049107
-5.167836 4.853479 0.052940
-5.082301 4.681784 0.045191
-5.379249 4.539077 0.052579
-5.184620 4.533619 0.048538
-5.065340 4.227392 0.052968
-5.228090 4.162321 0.046109
-5.240585 3.968984 0.044876
-5.100919 3.853957 0.052318
-5.244828 5.550166 0.049254
-5.384507 5.198705 0.049002
-5.440565 5.521184 0.044448
-5.511611 5.364078 0.051209
-1.717325 -0.340023 0.047041
-1.503409 -0.241158 0.059122
-4.122907 3.009294 0.049205
-4.227791 2.856630 0.050465
-4.229357 3.174158 0.050221
-4.435730 2.875785 0.049745
-4.434316 3.201182 0.047226
-4.535806 3.055474 0.051762
-5.158731 2.484296 0.048155
-5.370829 2.514016 0.048298
-5.477361 2.368993 0.051203
-5.053029 2.309243 0.050179
-3.773064 0.878828 0.047720
-4.113806 0.800334 0.050388
-3.990704 1.108746 0.044815
-3.959170 0.926162 0.053657
-4.989578 0.470733 0.051151
-4.987304 0.275482 0.053878
-4.808297 0.203892 0.049069
-4.626941 0.314871 0.049322
-4.434496 2.547679 0.050275
-4.536993 2.390650 0.052060
-4.438129 2.215362 0.050492
-5.809081 1.262311 0.044432
-5.787591 1.576235 0.050595
-5.698338 1.411527 0.046984
-5.504135 1.140471 0.044634
-5.511046 1.344518 0.045269
-3.878731 0.546817 0.054335
-3.814616 0.383160 0.047663
-4.078336 0.605379 0.052375
-4.087285 0.197797 0.051854
-3.909651 0.228899 0.048977
-4.247180 0.319475 0.051431
-4.248066 0.499225 0.053340
-5.320416 -0.355039 0.056920
-5.470250 -0.448989 0.046423
-5.110584 -0.426077 0.055574
-5.068151 -0.589060 0.046324
-5.480858 -0.639936 0.047035
-5.362238 -0.784084 0.057990
-5.188161 -0.754610 0.047641
-5.057109 -1.085859 0.055301
-5.053677 -0.902985 0.046990
-4.459199 0.054955 0.048553
-4.635522 -0.054658 0.046268
-3.779888 -0.739265 0.050976
-3.548019 -0.516820 0.052358
-3.588073 -0.695839 0.047056
-5.099313 -3.858994 0.052267
-4.899183 -3.913149 0.049259
-4.755344 -3.765426 0.051145
-4.826195 -3.584806 0.050971
-5.795904 -2.916203 0.045554
-5.691533 -3.047646 0.052289
-5.500814 -2.672147 0.053116
-5.701132 -2.721699 0.052417
-5.473654 -3.326544 0.052245
-5.182741 -4.539868 0.048448
-5.080695 -4.687076 0.045163
-5.044945 -4.393467 0.043164
-4.843200 -4.471503 0.046913
-4.870357 -4.649660 0.046297
-4.774005 -5.396245 0.051066
-4.841199 -5.234250 0.043643
-4.914510 -5.514280 0.046668
-5.114591 -5.444964 0.045306
-5.183194 -5.251088 0.050555
-5.050307 -5.158410 0.045424
-4.442117 -4.661930 0.048958
-4.534818 -4.794709 0.049369
-4.130720 -5.508250 0.052195
-3.422923 -8.898185 0.048439
-3.441600 -8.701388 0.047891
-3.284686 -8.591459 0.049120
-3.254931 -8.998917 0.048383
-2.708301 -8.460686 0.043204
-2.631838 -8.623468 0.046252
-2.917820 -8.468474 0.042710
-1.200266 -8.871619 0.050197
-1.362942 -8.974908 0.048216
-1.239233 -8.253384 0.047722
-1.385836 -8.356305 0.049477
-1.072242 -8.359033 0.049685
-1.371006 -8.562881 0.048882
-1.051038 -8.565355 0.048440
-1.203198 -8.666282 0.049848
-4.552755 4.047399 0.052202
-4.900491 3.909581 0.049328
-4.718886 4.163614 0.047481
-4.877408 4.089680 0.048994
-2.601403 9.201559 0.049454
-2.603945 9.005139 0.046496
-2.780136 8.912972 0.051884
-2.943790 9.012144 0.046215
-2.745187 9.508576 0.048022
-2.755577 9.303709 0.047304
-2.921772 9.206462 0.049017
-3.337513 7.993955 0.051373
-3.683218 8.077916 0.049457
-3.497242 8.133954 0.047819
-3.175446 8.047476 0.046979
-3.156472 8.262555 0.049518
-2.994391 8.306322 0.046564
-3.017730 7.927399 0.046966
-2.839514 8.020803 0.052546
-2.835149 8.184647 0.040124
-3.500254 9.611197 0.046073
-3.423661 8.897884 0.048456
-3.442367 8.701016 0.047908
-2.186588 8.043937 0.049142
-2.499195 8.033931 0.045835
-2.347777 7.940527 0.049915
-1.701332 8.353877 0.049355
-1.864461 8.249344 0.048553
-1.841372 8.662696 0.048848
-1.689442 8.560532 0.049117
-4.718247 5.095387 0.048950
-4.521678 5.125297 0.051066
-4.915359 5.510178 0.046728
-4.774791 5.392641 0.051130
-4.841944 5.230293 0.043680
-5.115461 5.440084 0.045329
-5.051145 5.153474 0.045485
-5.184094 5.245729 0.050631
-4.130828 5.506330 0.052268
-4.231849 5.343561 0.054107
-4.564003 5.449534 0.050233
-4.434587 5.317095 0.049679
-5.799868 7.256627 0.048773
-5.734448 7.776677 0.044444
-5.557189 7.801942 0.051388
-5.806352 7.593146 0.046204
-5.707887 7.432955 0.049457
-5.802916 6.920489 0.048370
-5.697782 6.756693 0.050700
-5.501313 6.775367 0.049042
-5.704452 7.094650 0.049409
-4.180787 8.450569 0.048837
-4.304210 8.763389 0.048186
-4.337982 8.582835 0.048715
-5.185545 7.846850 0.050282
-5.006374 7.884967 0.052157
-4.853071 7.753202 0.049658
-5.132170 7.158405 0.047976
-5.204435 6.979915 0.052064
-5.511132 7.106070 0.049097
-5.413128 6.950582 0.047331
-4.103958 6.494181 0.045464
-4.217499 6.646060 0.047754
-4.877585 5.694236 0.049844
-3.994304 7.173020 0.046362
-4.131874 6.820559 0.054461
-4.504453 7.530407 0.049525
-4.325429 7.420844 0.046667
-4.723078 3.417473 0.052264
-4.423264 3.529265 0.046416
-4.530688 3.395142 0.053186
-4.827382 3.582208 0.051155
-4.756293 3.763441 0.051066
-4.436862 3.724606 0.045269
-4.567079 3.827325 0.054990
-1.184660 -0.341134 0.045241
-1.383726 -0.341134 0.043323
-5.164006 2.177649 0.048479
-5.376240 2.207679 0.047026
-5.491761 2.055687 0.051656
-5.402563 1.902247 0.045359
-4.622840 0.494522 0.053109
-4.806470 0.578794 0.050027
-4.440698 0.590658 0.048432
-4.126416 2.050533 0.050679
-4.230748 2.208949 0.052853
-4.749592 2.081460 0.052489
-4.547260 2.052359 0.053195
-4.542741 -1.407451 0.048753
-4.871939 -1.194638 0.048074
-4.731396 -1.483537 0.045835
-4.880910 -1.385038 0.050460
-4.866276 -0.643557 0.047200
-4.862272 -0.824409 0.048698
-4.135607 -0.005803 0.050331
-4.310787 -0.060428 0.047139
-5.025700 -3.559148 0.048226
-5.154979 -3.685613 0.044684
-5.133533 -3.400125 0.043578
-5.362462 -3.614720 0.045861
-5.351597 -3.438364 0.046304
-5.044915 -3.255923 0.053157
-4.833344 -3.247633 0.047671
-4.745841 -3.075673 0.053330
-4.855613 -2.922141 0.049235
-5.483919 -3.003095 0.052680
-5.376369 -3.138142 0.047407
-5.387972 -2.822099 0.048005
-5.165694 -3.105760 0.047999
-5.178622 -2.795324 0.050691
-5.063894 -2.943937 0.050747
-4.125033 -4.552566 0.049331
-4.228817 -4.698042 0.047937
-4.122118 -4.861734 0.049031
-4.521163 -5.128050 0.051008
-4.422427 -4.984136 0.047986
-4.223026 -5.015049 0.050839
-4.434148 -5.319571 0.049617
-4.231628 -5.345642 0.054052
-4.119242 -5.185034 0.048921
-3.122526 -8.697568 0.049139
-2.964145 -8.634250 0.047229
-3.111447 -8.908229 0.045768
-2.943113 -9.012208 0.046210
-2.779494 -8.913014 0.051869
-2.789448 -8.745716 0.040705
-1.518555 -8.871254 0.049681
-1.676074 -8.974696 0.048263
-1.833090 -8.870162 0.049259
-1.523686 -8.664563 0.049211
-1.841027 -8.662672 0.048838
-1.689143 -8.560515 0.049109
-2.893532 9.612232 0.046708
-3.363101 7.803530 0.046993
-3.706522 7.904149 0.047929
-3.902482 7.857625 0.048306
-3.927070 7.689849 0.047066
-3.761842 7.557196 0.048111
-3.576867 7.590585 0.046985
-3.546134 7.769762 0.048931
-3.237324 9.205884 0.046842
-3.380474 9.302985 0.047284
-3.071834 9.309577 0.046411
-3.360524 9.509446 0.046875
-3.199525 9.613249 0.046040
-3.053985 9.510480 0.048095
-3.548053 9.204093 0.048154
-3.572920 9.006152 0.047389
-3.801108 9.614965 0.044477
-3.664122 9.511162 0.047660
-3.975282 9.539595 0.045314
-4.015197 9.359002 0.047648
-3.868873 9.233729 0.046821
-3.691971 9.310519 0.046187
-2.632408 8.623504 0.046272
-2.708780 8.460757 0.043209
-2.659082 8.299623 0.047191
-2.495148 8.241307 0.050098
-4.540036 5.640461 0.053276
-4.713050 5.767627 0.047560
-4.702745 5.964440 0.047688
-5.443146 7.643311 0.045739
-5.157410 7.502354 0.046189
-5.248886 7.664808 0.053002
-5.521941 7.457855 0.047343
-5.250333 7.315949 0.044356
-5.420603 7.292947 0.051077
-3.990501 8.502169 0.048414
-3.827935 8.377950 0.049053
-3.640596 8.438809 0.048420
-3.618845 8.623733 0.048994
-4.541527 6.666301 0.051540
-4.400052 6.573576 0.044976
-4.718813 6.554199 0.048557
-4.711844 6.355867 0.048256
-5.397429 5.830427 0.046973
-5.393782 5.995126 0.048218
-5.213280 5.735073 0.043838
-5.046138 5.809048 0.047402
-4.866318 6.264327 0.047112
-4.860999 6.079202 0.050042
-5.039857 5.997201 0.048903
-5.203352 6.087924 0.043706
-5.220470 6.270152 0.048779
-5.062294 6.364554 0.049401
-4.239333 6.948352 0.045990
-4.170843 7.125141 0.046033
-4.331916 7.242283 0.046940
-4.670550 7.447905 0.045997
-4.983758 7.456245 0.045989
-4.849902 7.556984 0.052898
-4.965889 7.235851 0.044478
-4.122666 2.371525 0.049846
-4.123217 2.692292 0.049735
-4.227549 2.534966 0.051409
-4.437547 1.880398 0.054211
-4.224083 1.884985 0.050843
-4.116000 1.729280 0.047428
-4.185691 -1.217248 0.047161
-4.011653 -1.125014 0.043080
-3.997991 -0.962962 0.050404
-4.698592 -1.108800 0.048466
-4.692357 -0.921444 0.052511
-4.518907 -1.223113 0.051803
-4.353130 -1.135052 0.052367
-4.690885 -0.541875 0.054112
-4.729598 -0.361426 0.052621
-4.592088 -0.246034 0.048290
-4.390766 -0.252270 0.046298
-3.948212 -0.613552 0.049819
-4.270288 -0.376295 0.053491
-2.468743 8.678414 0.050147
-2.146272 8.868360 0.049014
-2.296129 8.980000 0.049311
-2.450259 8.892787 0.046291
-4.526553 6.052573 0.052181
-4.127649 6.163600 0.051795
-4.213274 6.318974 0.046682
-4.530334 6.258876 0.050667
-4.395827 6.364482 0.046313
-3.750683 8.928489 0.047871
-3.777902 8.742938 0.048136
-3.962220 8.682232 0.048547
-3.902718 9.049639 0.048076
-4.086451 8.993042 0.047618
-4.118734 8.811186 0.048354
-4.781400 6.940324 0.047576
-4.821367 7.139359 0.052088
-4.572384 6.861793 0.049619
-4.452742 6.964770 0.044642
-4.500274 7.154616 0.046897
-4.659883 7.250675 0.048071
-3.903247 -0.436146 0.052507
-4.049697 -0.317750 0.047996
-3.994995 -0.139100 0.049244
-3.788384 -0.084298 0.053047
-3.634709 -0.209642 0.048243
-3.694869 -0.382840 0.049548
-4.506654 -0.628493 0.049780
-4.320062 -0.550153 0.051854
-4.512130 -0.827210 0.051112
-4.352588 -0.926504 0.048407
-4.171486 -0.846648 0.049588
-4.144436 -0.669014 0.049229
-2.325733 8.559021 0.049720
-2.017877 8.352633 0.049559
-2.006679 8.559329 0.049225
-2.157392 8.661753 0.048319
-2.179519 8.251135 0.048319
-2.336662 8.355100 0.049518
-4.212800 5.997261 0.048453
-4.391572 5.941757 0.045371
-4.103483 5.832470 0.044722
-4.215978 5.665248 0.047533
-4.394750 5.726459 0.045413
-4.510513 1.721841 0.047049
-5.358285 1.603915 0.045252
-5.364209 1.429283 0.053705
-4.809290 0.763112 0.050024
-4.294872 0.886794 0.048571
-4.452033 0.783271 0.054244
-4.636995 0.871453 0.051224
-4.648769 1.060968 0.050370
-5.167713 1.693637 0.045844
-4.867564 1.945018 0.050294
-5.074585 2.001115 0.049176
-5.197621 1.877705 0.046478
-4.996758 0.850801 0.051471
-5.162479 0.750083 0.048965
-5.349666 0.842747 0.053659
-5.355486 1.039525 0.052856
-4.823486 1.141272 0.048645
-5.172534 1.321216 0.046439
-5.170721 1.135505 0.049751
-4.999180 1.039445 0.051200
-4.482046 1.189301 0.051957
-4.513563 1.382458 0.049270
-4.163579 1.199432 0.046817
-4.313110 1.103308 0.054240
-4.398159 1.537551 0.047085
-4.119443 1.393953 0.045447
-4.217110 1.540402 0.056770
-5.014742 1.622415 0.048527
-5.013638 1.424627 0.049540
-4.693324 1.665452 0.048525
-4.837628 1.750385 0.050565
-4.692931 1.453597 0.046278
-4.836131 1.340743 0.051559
