5.606667 7.525147 0.001612
5.497508 7.634306 0.001612
5.388350 7.743464 0.001612
5.279191 7.852623 0.001612
5.170033 7.961781 0.001612
5.060874 8.070940 0.001612
4.951716 8.180098 0.001612
4.842557 8.289257 0.001612
4.733399 8.398415 0.001612
4.624240 8.507574 0.001612
4.515082 8.616732 0.001612
4.405923 8.725891 0.001612
4.296765 8.835049 0.001612
4.187606 8.944208 0.001612
4.078448 9.053366 0.001612
3.969289 9.162525 0.001612
3.860131 9.271683 0.001612
3.750972 9.380842 0.001612
3.641814 9.490000 0.001612
3.490072 9.490000 0.001612
3.338329 9.490000 0.001612
3.186587 9.490000 0.001612
3.034845 9.490000 0.001612
2.883103 9.490000 0.001612
2.731360 9.490000 0.001612
2.579618 9.490000 0.001612
2.427876 9.490000 0.001612
2.276134 9.490000 0.001612
2.124391 9.490000 0.001612
1.972649 9.490000 0.001612
1.820907 9.490000 0.001612
1.669165 9.490000 0.001612
1.517422 9.490000 0.001612
1.365680 9.490000 0.001612
1.213938 9.490000 0.001612
1.062196 9.490000 0.001612
0.910453 9.490000 0.001612
0.758711 9.490000 0.001612
0.606969 9.490000 0.001612
0.455227 9.490000 0.001612
0.303484 9.490000 0.001612
0.151742 9.490000 0.001612
0.000000 9.490000 0.001612
-0.151742 9.490000 0.001612
-0.303484 9.490000 0.001612
-0.455227 9.490000 0.001612
-0.606969 9.490000 0.001612
-0.758711 9.490000 0.001612
-0.910453 9.490000 0.001612
-1.062196 9.490000 0.001612
-1.213938 9.490000 0.001612
-1.365680 9.490000 0.001612
-1.517422 9.490000 0.001612
-1.669165 9.490000 0.001612
-1.820907 9.490000 0.001612
-1.972649 9.490000 0.001612
-2.124391 9.490000 0.001612
-2.276134 9.490000 0.001612
-2.427876 9.490000 0.001612
-2.579618 9.490000 0.001612
-2.731360 9.490000 0.001612
-2.883103 9.490000 0.001612
-3.034845 9.490000 0.001612
-3.186587 9.490000 0.001612
-3.338329 9.490000 0.001612
-3.490072 9.490000 0.001612
-3.641814 9.490000 0.001612
-3.750972 9.380842 0.001612
-3.860131 9.271683 0.001612
-3.969289 9.162525 0.001612
-4.078448 9.053366 0.001612
-4.187606 8.944208 0.001612
-4.296765 8.835049 0.001612
-4.405923 8.725891 0.001612
-4.515082 8.616732 0.001612
-4.624240 8.507574 0.001612
-4.733399 8.398415 0.001612
-4.842557 8.289257 0.001612
-4.951716 8.180098 0.001612
-5.060874 8.070940 0.001612
-5.170033 7.961781 0.001612
-5.279191 7.852623 0.001612
-5.388350 7.743464 0.001612
-5.497508 7.634306 0.001612
-5.606667 7.525147 0.001612
-5.606667 7.374644 0.001612
-5.606667 7.224141 0.001612
-5.606667 7.073638 0.001612
-5.606667 6.923135 0.001612
-5.606667 6.772632 0.001612
-5.606667 6.622130 0.001612
-5.606667 6.471627 0.001612
-5.606667 6.321124 0.001612
-5.606667 6.170621 0.001612
-5.606667 6.020118 0.001612
-5.606667 5.869615 0.001612
-5.606667 5.719112 0.001612
-5.606667 5.568609 0.001612
-5.606667 5.418106 0.001612
-5.606667 5.267603 0.001612
-5.606667 5.117100 0.001612
-5.606667 4.966597 0.001612
-5.606667 4.816094 0.001612
-5.606667 4.665591 0.001612
-5.606667 4.515088 0.001612
-5.606667 4.364585 0.001612
-5.606667 4.214082 0.001612
-5.606667 4.063579 0.001612
-5.606667 3.913077 0.001612
-5.606667 3.762574 0.001612
-5.606667 3.612071 0.001612
-5.606667 3.461568 0.001612
-5.606667 3.311065 0.001612
-5.606667 3.160562 0.001612
-5.606667 3.010059 0.001612
-5.606667 2.859556 0.001612
-5.606667 2.709053 0.001612
-5.606667 2.558550 0.001612
-5.606667 2.408047 0.001612
-5.606667 2.257544 0.001612
-5.606667 2.107041 0.001612
-5.606667 1.956538 0.001612
-5.606667 1.806035 0.001612
-5.606667 1.655532 0.001612
-5.606667 1.505029 0.001612
-5.606667 1.354526 0.001612
-5.606667 1.204024 0.001612
-5.606667 1.053521 0.001612
-5.606667 0.903018 0.001612
-5.606667 0.752515 0.001612
-5.606667 0.602012 0.001612
-5.606667 0.451509 0.001612
-5.606667 0.301006 0.001612
-5.606667 0.150503 0.001612
-5.606667 0.000000 0.001612
-5.606667 -0.150503 0.001612
-5.606667 -0.301006 0.001612
-5.606667 -0.451509 0.001612
-5.606667 -0.602012 0.001612
-5.606667 -0.752515 0.001612
-5.606667 -0.903018 0.001612
-5.606667 -1.053521 0.001612
-5.606667 -1.204024 0.001612
-5.606667 -1.354526 0.001612
-5.606667 -1.505029 0.001612
-5.606667 -1.655532 0.001612
-5.606667 -1.806035 0.001612
-5.606667 -1.956538 0.001612
-5.606667 -2.107041 0.001612
-5.606667 -2.257544 0.001612
-5.606667 -2.408047 0.001612
-5.606667 -2.558550 0.001612
-5.606667 -2.709053 0.001612
-5.606667 -2.859556 0.001612
-5.606667 -3.010059 0.001612
-5.606667 -3.160562 0.001612
-5.606667 -3.311065 0.001612
-5.606667 -3.461568 0.001612
-5.606667 -3.612071 0.001612
-5.606667 -3.762574 0.001612
-5.606667 -3.913077 0.001612
-5.606667 -4.063579 0.001612
-5.606667 -4.214082 0.001612
-5.606667 -4.364585 0.001612
-5.606667 -4.515088 0.001612
-5.606667 -4.665591 0.001612
-5.606667 -4.816094 0.001612
-5.606667 -4.966597 0.001612
-5.606667 -5.117100 0.001612
-5.606667 -5.267603 0.001612
-5.606667 -5.418106 0.001612
-5.606667 -5.568609 0.001612
-5.606667 -5.719112 0.001612
-5.606667 -5.869615 0.001612
-5.606667 -6.020118 0.001612
-5.606667 -6.170621 0.001612
-5.606667 -6.321124 0.001612
-5.606667 -6.471627 0.001612
-5.606667 -6.622130 0.001612
-5.606667 -6.772632 0.001612
-5.606667 -6.923135 0.001612
-5.606667 -7.073638 0.001612
-5.606667 -7.224141 0.001612
-5.606667 -7.374644 0.001612
-5.606667 -7.525147 0.001612
-5.497508 -7.634306 0.001612
-5.388350 -7.743464 0.001612
-5.279191 -7.852623 0.001612
-5.170033 -7.961781 0.001612
-5.060874 -8.070940 0.001612
-4.951716 -8.180098 0.001612
-4.842557 -8.289257 0.001612
-4.733399 -8.398415 0.001612
-4.624240 -8.507574 0.001612
-4.515082 -8.616732 0.001612
-4.405923 -8.725891 0.001612
-4.296765 -8.835049 0.001612
-4.187606 -8.944208 0.001612
-4.078448 -9.053366 0.001612
-3.969289 -9.162525 0.001612
-3.860131 -9.271683 0.001612
-3.750972 -9.380842 0.001612
-3.641814 -9.490000 0.001612
-3.490072 -9.490000 0.001612
-3.338329 -9.490000 0.001612
-3.186587 -9.490000 0.001612
-3.034845 -9.490000 0.001612
-2.883103 -9.490000 0.001612
-2.731360 -9.490000 0.001612
-2.579618 -9.490000 0.001612
-2.427876 -9.490000 0.001612
-2.276134 -9.490000 0.001612
-2.124391 -9.490000 0.001612
-1.972649 -9.490000 0.001612
-1.820907 -9.490000 0.001612
-1.669165 -9.490000 0.001612
-1.517422 -9.490000 0.001612
-1.365680 -9.490000 0.001612
-1.213938 -9.490000 0.001612
-1.062196 -9.490000 0.001612
-0.910453 -9.490000 0.001612
-0.758711 -9.490000 0.001612
-0.606969 -9.490000 0.001612
-0.455227 -9.490000 0.001612
-0.303484 -9.490000 0.001612
-0.151742 -9.490000 0.001612
0.000000 -9.490000 0.001612
0.151742 -9.490000 0.001612
0.303484 -9.490000 0.001612
0.455227 -9.490000 0.001612
0.606969 -9.490000 0.001612
0.758711 -9.490000 0.001612
0.910453 -9.490000 0.001612
1.062196 -9.490000 0.001612
1.213938 -9.490000 0.001612
1.365680 -9.490000 0.001612
1.517422 -9.490000 0.001612
1.669165 -9.490000 0.001612
1.820907 -9.490000 0.001612
1.972649 -9.490000 0.001612
2.124391 -9.490000 0.001612
2.276134 -9.490000 0.001612
2.427876 -9.490000 0.001612
2.579618 -9.490000 0.001612
2.731360 -9.490000 0.001612
2.883103 -9.490000 0.001612
3.034845 -9.490000 0.001612
3.186587 -9.490000 0.001612
3.338329 -9.490000 0.001612
3.490072 -9.490000 0.001612
3.641814 -9.490000 0.001612
3.750972 -9.380842 0.001612
3.860131 -9.271683 0.001612
3.969289 -9.162525 0.001612
4.078448 -9.053366 0.001612
4.187606 -8.944208 0.001612
4.296765 -8.835049 0.001612
4.405923 -8.725891 0.001612
4.515082 -8.616732 0.001612
4.624240 -8.507574 0.001612
4.733399 -8.398415 0.001612
4.842557 -8.289257 0.001612
4.951716 -8.180098 0.001612
5.060874 -8.070940 0.001612
5.170033 -7.961781 0.001612
5.279191 -7.852623 0.001612
5.388350 -7.743464 0.001612
5.497508 -7.634306 0.001612
5.606667 -7.525147 0.001612
5.606667 -7.374644 0.001612
5.606667 -7.224141 0.001612
5.606667 -7.073638 0.001612
5.606667 -6.923135 0.001612
5.606667 -6.772632 0.001612
5.606667 -6.622130 0.001612
5.606667 -6.471627 0.001612
5.606667 -6.321124 0.001612
5.606667 -6.170621 0.001612
5.606667 -6.020118 0.001612
5.606667 -5.869615 0.001612
5.606667 -5.719112 0.001612
5.606667 -5.568609 0.001612
5.606667 -5.418106 0.001612
5.606667 -5.267603 0.001612
5.606667 -5.117100 0.001612
5.606667 -4.966597 0.001612
5.606667 -4.816094 0.001612
5.606667 -4.665591 0.001612
5.606667 -4.515088 0.001612
5.606667 -4.364585 0.001612
5.606667 -4.214082 0.001612
5.606667 -4.063579 0.001612
5.606667 -3.913077 0.001612
5.606667 -3.762574 0.001612
5.606667 -3.612071 0.001612
5.606667 -3.461568 0.001612
5.606667 -3.311065 0.001612
5.606667 -3.160562 0.001612
5.606667 -3.010059 0.001612
5.606667 -2.859556 0.001612
5.606667 -2.709053 0.001612
5.606667 -2.558550 0.001612
5.606667 -2.408047 0.001612
5.606667 -2.257544 0.001612
5.606667 -2.107041 0.001612
5.606667 -1.956538 0.001612
5.606667 -1.806035 0.001612
5.606667 -1.655532 0.001612
5.606667 -1.505029 0.001612
5.606667 -1.354526 0.001612
5.606667 -1.204024 0.001612
5.606667 -1.053521 0.001612
5.606667 -0.903018 0.001612
5.606667 -0.752515 0.001612
5.606667 -0.602012 0.001612
5.606667 -0.451509 0.001612
5.606667 -0.301006 0.001612
5.606667 -0.150503 0.001612
5.606667 0.000000 0.001612
5.606667 0.150503 0.001612
5.606667 0.301006 0.001612
5.606667 0.451509 0.001612
5.606667 0.602012 0.001612
5.606667 0.752515 0.001612
5.606667 0.903018 0.001612
5.606667 1.053521 0.001612
5.606667 1.204024 0.001612
5.606667 1.354526 0.001612
5.606667 1.505029 0.001612
5.606667 1.655532 0.001612
5.606667 1.806035 0.001612
5.606667 1.956538 0.001612
5.606667 2.107041 0.001612
5.606667 2.257544 0.001612
5.606667 2.408047 0.001612
5.606667 2.558550 0.001612
5.606667 2.709053 0.001612
5.606667 2.859556 0.001612
5.606667 3.010059 0.001612
5.606667 3.160562 0.001612
5.606667 3.311065 0.001612
5.606667 3.461568 0.001612
5.606667 3.612071 0.001612
5.606667 3.762574 0.001612
5.606667 3.913077 0.001612
5.606667 4.063579 0.001612
5.606667 4.214082 0.001612
5.606667 4.364585 0.001612
5.606667 4.515088 0.001612
5.606667 4.665591 0.001612
5.606667 4.816094 0.001612
5.606667 4.966597 0.001612
5.606667 5.117100 0.001612
5.606667 5.267603 0.001612
5.606667 5.418106 0.001612
5.606667 5.568609 0.001612
5.606667 5.719112 0.001612
5.606667 5.869615 0.001612
5.606667 6.020118 0.001612
5.606667 6.170621 0.001612
5.606667 6.321124 0.001612
5.606667 6.471627 0.001612
5.606667 6.622130 0.001612
5.606667 6.772632 0.001612
5.606667 6.923135 0.001612
5.606667 7.073638 0.001612
5.606667 7.224141 0.001612
5.606667 7.374644 0.001612
3.726667 6.774853 0.000804
3.607360 6.894160 0.000804
3.488053 7.013466 0.000804
3.368746 7.132773 0.000804
3.249440 7.252080 0.000804
3.130133 7.371387 0.000804
3.010826 7.490693 0.000804
2.891519 7.610000 0.000804
2.739334 7.610000 0.000804
2.587149 7.610000 0.000804
2.434964 7.610000 0.000804
2.282779 7.610000 0.000804
2.130593 7.610000 0.000804
1.978408 7.610000 0.000804
1.826223 7.610000 0.000804
1.674038 7.610000 0.000804
1.521852 7.610000 0.000804
1.369667 7.610000 0.000804
1.217482 7.610000 0.000804
1.065297 7.610000 0.000804
0.913111 7.610000 0.000804
0.760926 7.610000 0.000804
0.608741 7.610000 0.000804
0.456556 7.610000 0.000804
0.304370 7.610000 0.000804
0.152185 7.610000 0.000804
0.000000 7.610000 0.000804
-0.152185 7.610000 0.000804
-0.304370 7.610000 0.000804
-0.456556 7.610000 0.000804
-0.608741 7.610000 0.000804
-0.760926 7.610000 0.000804
-0.913111 7.610000 0.000804
-1.065297 7.610000 0.000804
-1.217482 7.610000 0.000804
-1.369667 7.610000 0.000804
-1.521852 7.610000 0.000804
-1.674038 7.610000 0.000804
-1.826223 7.610000 0.000804
-1.978408 7.610000 0.000804
-2.130593 7.610000 0.000804
-2.282779 7.610000 0.000804
-2.434964 7.610000 0.000804
-2.587149 7.610000 0.000804
-2.739334 7.610000 0.000804
-2.891519 7.610000 0.000804
-3.010826 7.490693 0.000804
-3.130133 7.371387 0.000804
-3.249440 7.252080 0.000804
-3.368746 7.132773 0.000804
-3.488053 7.013466 0.000804
-3.607360 6.894160 0.000804
-3.726667 6.774853 0.000804
-3.726667 6.622083 0.000804
-3.726667 6.469314 0.000804
-3.726667 6.316544 0.000804
-3.726667 6.163774 0.000804
-3.726667 6.011005 0.000804
-3.726667 5.858235 0.000804
-3.726667 5.705466 0.000804
-3.726667 5.552696 0.000804
-3.726667 5.399926 0.000804
-3.726667 5.247157 0.000804
-3.726667 5.094387 0.000804
-3.726667 4.941618 0.000804
-3.726667 4.788848 0.000804
-3.726667 4.636078 0.000804
-3.726667 4.483309 0.000804
-3.726667 4.330539 0.000804
-3.726667 4.177770 0.000804
-3.726667 4.025000 0.000804
-3.726667 3.872230 0.000804
-3.726667 3.719461 0.000804
-3.726667 3.566691 0.000804
-3.726667 3.413922 0.000804
-3.726667 3.261152 0.000804
-3.726667 3.108382 0.000804
-3.726667 2.955613 0.000804
-3.726667 2.802843 0.000804
-3.726667 2.650074 0.000804
-3.726667 2.497304 0.000804
-3.726667 2.344534 0.000804
-3.726667 2.191765 0.000804
-3.726667 2.038995 0.000804
-3.726667 1.886226 0.000804
-3.726667 1.733456 0.000804
-3.726667 1.580686 0.000804
-3.726667 1.427917 0.000804
-3.726667 1.275147 0.000804
-3.607360 1.155840 0.000804
-3.488053 1.036534 0.000804
-3.368746 0.917227 0.000804
-3.249440 0.797920 0.000804
-3.130133 0.678613 0.000804
-3.010826 0.559307 0.000804
-2.891519 0.440000 0.000804
-2.739334 0.440000 0.000804
-2.587149 0.440000 0.000804
-2.434964 0.440000 0.000804
-2.282779 0.440000 0.000804
-2.130593 0.440000 0.000804
-1.978408 0.440000 0.000804
-1.826223 0.440000 0.000804
-1.674038 0.440000 0.000804
-1.521852 0.440000 0.000804
-1.369667 0.440000 0.000804
-1.217482 0.440000 0.000804
-1.065297 0.440000 0.000804
-0.913111 0.440000 0.000804
-0.760926 0.440000 0.000804
-0.608741 0.440000 0.000804
-0.456556 0.440000 0.000804
-0.304370 0.440000 0.000804
-0.152185 0.440000 0.000804
0.000000 0.440000 0.000804
0.152185 0.440000 0.000804
0.304370 0.440000 0.000804
0.456556 0.440000 0.000804
0.608741 0.440000 0.000804
0.760926 0.440000 0.000804
0.913111 0.440000 0.000804
1.065297 0.440000 0.000804
1.217482 0.440000 0.000804
1.369667 0.440000 0.000804
1.521852 0.440000 0.000804
1.674038 0.440000 0.000804
1.826223 0.440000 0.000804
1.978408 0.440000 0.000804
2.130593 0.440000 0.000804
2.282779 0.440000 0.000804
2.434964 0.440000 0.000804
2.587149 0.440000 0.000804
2.739334 0.440000 0.000804
2.891519 0.440000 0.000804
3.010826 0.559307 0.000804
3.130133 0.678613 0.000804
3.249440 0.797920 0.000804
3.368746 0.917227 0.000804
3.488053 1.036534 0.000804
3.607360 1.155840 0.000804
3.726667 1.275147 0.000804
3.726667 1.427917 0.000804
3.726667 1.580686 0.000804
3.726667 1.733456 0.000804
3.726667 1.886226 0.000804
3.726667 2.038995 0.000804
3.726667 2.191765 0.000804
3.726667 2.344534 0.000804
3.726667 2.497304 0.000804
3.726667 2.650074 0.000804
3.726667 2.802843 0.000804
3.726667 2.955613 0.000804
3.726667 3.108382 0.000804
3.726667 3.261152 0.000804
3.726667 3.413922 0.000804
3.726667 3.566691 0.000804
3.726667 3.719461 0.000804
3.726667 3.872230 0.000804
3.726667 4.025000 0.000804
3.726667 4.177770 0.000804
3.726667 4.330539 0.000804
3.726667 4.483309 0.000804
3.726667 4.636078 0.000804
3.726667 4.788848 0.000804
3.726667 4.941618 0.000804
3.726667 5.094387 0.000804
3.726667 5.247157 0.000804
3.726667 5.399926 0.000804
3.726667 5.552696 0.000804
3.726667 5.705466 0.000804
3.726667 5.858235 0.000804
3.726667 6.011005 0.000804
3.726667 6.163774 0.000804
3.726667 6.316544 0.000804
3.726667 6.469314 0.000804
3.726667 6.622083 0.000804
3.726667 -1.275147 0.000804
3.607360 -1.155840 0.000804
3.488053 -1.036534 0.000804
3.368746 -0.917227 0.000804
3.249440 -0.797920 0.000804
3.130133 -0.678613 0.000804
3.010826 -0.559307 0.000804
2.891519 -0.440000 0.000804
2.739334 -0.440000 0.000804
2.587149 -0.440000 0.000804
2.434964 -0.440000 0.000804
2.282779 -0.440000 0.000804
2.130593 -0.440000 0.000804
1.978408 -0.440000 0.000804
1.826223 -0.440000 0.000804
1.674038 -0.440000 0.000804
1.521852 -0.440000 0.000804
1.369667 -0.440000 0.000804
1.217482 -0.440000 0.000804
1.065297 -0.440000 0.000804
0.913111 -0.440000 0.000804
0.760926 -0.440000 0.000804
0.608741 -0.440000 0.000804
0.456556 -0.440000 0.000804
0.304370 -0.440000 0.000804
0.152185 -0.440000 0.000804
-0.000000 -0.440000 0.000804
-0.152185 -0.440000 0.000804
-0.304370 -0.440000 0.000804
-0.456556 -0.440000 0.000804
-0.608741 -0.440000 0.000804
-0.760926 -0.440000 0.000804
-0.913111 -0.440000 0.000804
-1.065297 -0.440000 0.000804
-1.217482 -0.440000 0.000804
-1.369667 -0.440000 0.000804
-1.521852 -0.440000 0.000804
-1.674038 -0.440000 0.000804
-1.826223 -0.440000 0.000804
-1.978408 -0.440000 0.000804
-2.130593 -0.440000 0.000804
-2.282779 -0.440000 0.000804
-2.434964 -0.440000 0.000804
-2.587149 -0.440000 0.000804
-2.739334 -0.440000 0.000804
-2.891519 -0.440000 0.000804
-3.010826 -0.559307 0.000804
-3.130133 -0.678613 0.000804
-3.249440 -0.797920 0.000804
-3.368746 -0.917227 0.000804
-3.488053 -1.036534 0.000804
-3.607360 -1.155840 0.000804
-3.726667 -1.275147 0.000804
-3.726667 -1.427917 0.000804
-3.726667 -1.580686 0.000804
-3.726667 -1.733456 0.000804
-3.726667 -1.886226 0.000804
-3.726667 -2.038995 0.000804
-3.726667 -2.191765 0.000804
-3.726667 -2.344534 0.000804
-3.726667 -2.497304 0.000804
-3.726667 -2.650074 0.000804
-3.726667 -2.802843 0.000804
-3.726667 -2.955613 0.000804
-3.726667 -3.108382 0.000804
-3.726667 -3.261152 0.000804
-3.726667 -3.413922 0.000804
-3.726667 -3.566691 0.000804
-3.726667 -3.719461 0.000804
-3.726667 -3.872230 0.000804
-3.726667 -4.025000 0.000804
-3.726667 -4.177770 0.000804
-3.726667 -4.330539 0.000804
-3.726667 -4.483309 0.000804
-3.726667 -4.636078 0.000804
-3.726667 -4.788848 0.000804
-3.726667 -4.941618 0.000804
-3.726667 -5.094387 0.000804
-3.726667 -5.247157 0.000804
-3.726667 -5.399926 0.000804
-3.726667 -5.552696 0.000804
-3.726667 -5.705466 0.000804
-3.726667 -5.858235 0.000804
-3.726667 -6.011005 0.000804
-3.726667 -6.163774 0.000804
-3.726667 -6.316544 0.000804
-3.726667 -6.469314 0.000804
-3.726667 -6.622083 0.000804
-3.726667 -6.774853 0.000804
-3.607360 -6.894160 0.000804
-3.488053 -7.013466 0.000804
-3.368746 -7.132773 0.000804
-3.249440 -7.252080 0.000804
-3.130133 -7.371387 0.000804
-3.010826 -7.490693 0.000804
-2.891519 -7.610000 0.000804
-2.739334 -7.610000 0.000804
-2.587149 -7.610000 0.000804
-2.434964 -7.610000 0.000804
-2.282779 -7.610000 0.000804
-2.130593 -7.610000 0.000804
-1.978408 -7.610000 0.000804
-1.826223 -7.610000 0.000804
-1.674038 -7.610000 0.000804
-1.521852 -7.610000 0.000804
-1.369667 -7.610000 0.000804
-1.217482 -7.610000 0.000804
-1.065297 -7.610000 0.000804
-0.913111 -7.610000 0.000804
-0.760926 -7.610000 0.000804
-0.608741 -7.610000 0.000804
-0.456556 -7.610000 0.000804
-0.304370 -7.610000 0.000804
-0.152185 -7.610000 0.000804
0.000000 -7.610000 0.000804
0.152185 -7.610000 0.000804
0.304370 -7.610000 0.000804
0.456556 -7.610000 0.000804
0.608741 -7.610000 0.000804
0.760926 -7.610000 0.000804
0.913111 -7.610000 0.000804
1.065297 -7.610000 0.000804
1.217482 -7.610000 0.000804
1.369667 -7.610000 0.000804
1.521852 -7.610000 0.000804
1.674038 -7.610000 0.000804
1.826223 -7.610000 0.000804
1.978408 -7.610000 0.000804
2.130593 -7.610000 0.000804
2.282779 -7.610000 0.000804
2.434964 -7.610000 0.000804
2.587149 -7.610000 0.000804
2.739334 -7.610000 0.000804
2.891519 -7.610000 0.000804
3.010826 -7.490693 0.000804
3.130133 -7.371387 0.000804
3.249440 -7.252080 0.000804
3.368746 -7.132773 0.000804
3.488053 -7.013466 0.000804
3.607360 -6.894160 0.000804
3.726667 -6.774853 0.000804
3.726667 -6.622083 0.000804
3.726667 -6.469314 0.000804
3.726667 -6.316544 0.000804
3.726667 -6.163774 0.000804
3.726667 -6.011005 0.000804
3.726667 -5.858235 0.000804
3.726667 -5.705466 0.000804
3.726667 -5.552696 0.000804
3.726667 -5.399926 0.000804
3.726667 -5.247157 0.000804
3.726667 -5.094387 0.000804
3.726667 -4.941618 0.000804
3.726667 -4.788848 0.000804
3.726667 -4.636078 0.000804
3.726667 -4.483309 0.000804
3.726667 -4.330539 0.000804
3.726667 -4.177770 0.000804
3.726667 -4.025000 0.000804
3.726667 -3.872230 0.000804
3.726667 -3.719461 0.000804
3.726667 -3.566691 0.000804
3.726667 -3.413922 0.000804
3.726667 -3.261152 0.000804
3.726667 -3.108382 0.000804
3.726667 -2.955613 0.000804
3.726667 -2.802843 0.000804
3.726667 -2.650074 0.000804
3.726667 -2.497304 0.000804
3.726667 -2.344534 0.000804
3.726667 -2.191765 0.000804
3.726667 -2.038995 0.000804
3.726667 -1.886226 0.000804
3.726667 -1.733456 0.000804
3.726667 -1.580686 0.000804
3.726667 -1.427917 0.000804
