5.623754 7.722708 0.018690
5.403484 7.942978 0.018690
5.183215 8.163248 0.018690
4.962945 8.383517 0.018690
4.742676 8.603787 0.018690
4.522406 8.824056 0.018690
4.302136 9.044326 0.018690
4.081867 9.264596 0.018690
3.861597 9.484865 0.018690
3.601404 9.595000 0.018007
3.301287 9.595000 0.018007
3.001170 9.595000 0.018007
2.701053 9.595000 0.018007
2.400936 9.595000 0.018007
2.100819 9.595000 0.018007
1.800702 9.595000 0.018007
1.500585 9.595000 0.018007
1.200468 9.595000 0.018007
0.900351 9.595000 0.018007
0.600234 9.595000 0.018007
0.300117 9.595000 0.018007
0.000000 9.595000 0.018007
-0.300117 9.595000 0.018007
-0.600234 9.595000 0.018007
-0.900351 9.595000 0.018007
-1.200468 9.595000 0.018007
-1.500585 9.595000 0.018007
-1.800702 9.595000 0.018007
-2.100819 9.595000 0.018007
-2.400936 9.595000 0.018007
-2.701053 9.595000 0.018007
-3.001170 9.595000 0.018007
-3.301287 9.595000 0.018007
-3.601404 9.595000 0.018007
-3.861597 9.484865 0.018690
-4.081867 9.264596 0.018690
-4.302136 9.044326 0.018690
-4.522406 8.824056 0.018690
-4.742676 8.603787 0.018690
-4.962945 8.383517 0.018690
-5.183215 8.163248 0.018690
-5.403484 7.942978 0.018690
-5.623754 7.722708 0.018690
-5.733889 7.460322 0.018270
-5.733889 7.155819 0.018270
-5.733889 6.851316 0.018270
-5.733889 6.546813 0.018270
-5.733889 6.242310 0.018270
-5.733889 5.937807 0.018270
-5.733889 5.633304 0.018270
-5.733889 5.328802 0.018270
-5.733889 5.024299 0.018270
-5.733889 4.719796 0.018270
-5.733889 4.415293 0.018270
-5.733889 4.110790 0.018270
-5.733889 3.806287 0.018270
-5.733889 3.501784 0.018270
-5.733889 3.197281 0.018270
-5.733889 2.892778 0.018270
-5.733889 2.588275 0.018270
-5.733889 2.283772 0.018270
-5.733889 1.979269 0.018270
-5.733889 1.674766 0.018270
-5.733889 1.370263 0.018270
-5.733889 1.065760 0.018270
-5.733889 0.761257 0.018270
-5.733889 0.456754 0.018270
-5.733889 0.152251 0.018270
-5.733889 -0.152251 0.018270
-5.733889 -0.456754 0.018270
-5.733889 -0.761257 0.018270
-5.733889 -1.065760 0.018270
-5.733889 -1.370263 0.018270
-5.733889 -1.674766 0.018270
-5.733889 -1.979269 0.018270
-5.733889 -2.283772 0.018270
-5.733889 -2.588275 0.018270
-5.733889 -2.892778 0.018270
-5.733889 -3.197281 0.018270
-5.733889 -3.501784 0.018270
-5.733889 -3.806287 0.018270
-5.733889 -4.110790 0.018270
-5.733889 -4.415293 0.018270
-5.733889 -4.719796 0.018270
-5.733889 -5.024299 0.018270
-5.733889 -5.328802 0.018270
-5.733889 -5.633304 0.018270
-5.733889 -5.937807 0.018270
-5.733889 -6.242310 0.018270
-5.733889 -6.546813 0.018270
-5.733889 -6.851316 0.018270
-5.733889 -7.155819 0.018270
-5.733889 -7.460322 0.018270
-5.623754 -7.722708 0.018690
-5.403484 -7.942978 0.018690
-5.183215 -8.163248 0.018690
-4.962945 -8.383517 0.018690
-4.742676 -8.603787 0.018690
-4.522406 -8.824056 0.018690
-4.302136 -9.044326 0.018690
-4.081867 -9.264596 0.018690
-3.861597 -9.484865 0.018690
-3.601404 -9.595000 0.018007
-3.301287 -9.595000 0.018007
-3.001170 -9.595000 0.018007
-2.701053 -9.595000 0.018007
-2.400936 -9.595000 0.018007
-2.100819 -9.595000 0.018007
-1.800702 -9.595000 0.018007
-1.500585 -9.595000 0.018007
-1.200468 -9.595000 0.018007
-0.900351 -9.595000 0.018007
-0.600234 -9.595000 0.018007
-0.300117 -9.595000 0.018007
0.000000 -9.595000 0.018007
0.300117 -9.595000 0.018007
0.600234 -9.595000 0.018007
0.900351 -9.595000 0.018007
1.200468 -9.595000 0.018007
1.500585 -9.595000 0.018007
1.800702 -9.595000 0.018007
2.100819 -9.595000 0.018007
2.400936 -9.595000 0.018007
2.701053 -9.595000 0.018007
3.001170 -9.595000 0.018007
3.301287 -9.595000 0.018007
3.601404 -9.595000 0.018007
3.861597 -9.484865 0.018690
4.081867 -9.264596 0.018690
4.302136 -9.044326 0.018690
4.522406 -8.824056 0.018690
4.742676 -8.603787 0.018690
4.962945 -8.383517 0.018690
5.183215 -8.163248 0.018690
5.403484 -7.942978 0.018690
5.623754 -7.722708 0.018690
5.733889 -7.460322 0.018270
5.733889 -7.155819 0.018270
5.733889 -6.851316 0.018270
5.733889 -6.546813 0.018270
5.733889 -6.242310 0.018270
5.733889 -5.937807 0.018270
5.733889 -5.633304 0.018270
5.733889 -5.328802 0.018270
5.733889 -5.024299 0.018270
5.733889 -4.719796 0.018270
5.733889 -4.415293 0.018270
5.733889 -4.110790 0.018270
5.733889 -3.806287 0.018270
5.733889 -3.501784 0.018270
5.733889 -3.197281 0.018270
5.733889 -2.892778 0.018270
5.733889 -2.588275 0.018270
5.733889 -2.283772 0.018270
5.733889 -1.979269 0.018270
5.733889 -1.674766 0.018270
5.733889 -1.370263 0.018270
5.733889 -1.065760 0.018270
5.733889 -0.761257 0.018270
5.733889 -0.456754 0.018270
5.733889 -0.152251 0.018270
5.733889 0.152251 0.018270
5.733889 0.456754 0.018270
5.733889 0.761257 0.018270
5.733889 1.065760 0.018270
5.733889 1.370263 0.018270
5.733889 1.674766 0.018270
5.733889 1.979269 0.018270
5.733889 2.283772 0.018270
5.733889 2.588275 0.018270
5.733889 2.892778 0.018270
5.733889 3.197281 0.018270
5.733889 3.501784 0.018270
5.733889 3.806287 0.018270
5.733889 4.110790 0.018270
5.733889 4.415293 0.018270
5.733889 4.719796 0.018270
5.733889 5.024299 0.018270
5.733889 5.328802 0.018270
5.733889 5.633304 0.018270
5.733889 5.937807 0.018270
5.733889 6.242310 0.018270
5.733889 6.546813 0.018270
5.733889 6.851316 0.018270
5.733889 7.155819 0.018270
5.733889 7.460322 0.018270
3.657627 6.973689 0.023124
3.385102 7.246213 0.023124
3.112578 7.518738 0.023124
2.819667 7.655000 0.018798
2.506371 7.655000 0.018798
2.193074 7.655000 0.018798
1.879778 7.655000 0.018798
1.566482 7.655000 0.018798
1.253185 7.655000 0.018798
0.939889 7.655000 0.018798
0.626593 7.655000 0.018798
0.313296 7.655000 0.018798
0.000000 7.655000 0.018798
-0.313296 7.655000 0.018798
-0.626593 7.655000 0.018798
-0.939889 7.655000 0.018798
-1.253185 7.655000 0.018798
-1.566482 7.655000 0.018798
-1.879778 7.655000 0.018798
-2.193074 7.655000 0.018798
-2.506371 7.655000 0.018798
-2.819667 7.655000 0.018798
-3.112578 7.518738 0.023124
-3.385102 7.246213 0.023124
-3.657627 6.973689 0.023124
-3.793889 6.683264 0.018500
-3.793889 6.374939 0.018500
-3.793889 6.066614 0.018500
-3.793889 5.758288 0.018500
-3.793889 5.449963 0.018500
-3.793889 5.141638 0.018500
-3.793889 4.833313 0.018500
-3.793889 4.524988 0.018500
-3.793889 4.216663 0.018500
-3.793889 3.908337 0.018500
-3.793889 3.600012 0.018500
-3.793889 3.291687 0.018500
-3.793889 2.983362 0.018500
-3.793889 2.675037 0.018500
-3.793889 2.366712 0.018500
-3.793889 2.058386 0.018500
-3.793889 1.750061 0.018500
-3.793889 1.441736 0.018500
-3.657627 1.151311 0.023124
-3.385102 0.878787 0.023124
-3.112578 0.606262 0.023124
-2.819667 0.470000 0.018798
-2.506371 0.470000 0.018798
-2.193074 0.470000 0.018798
-1.879778 0.470000 0.018798
-1.566482 0.470000 0.018798
-1.253185 0.470000 0.018798
-0.939889 0.470000 0.018798
-0.626593 0.470000 0.018798
-0.313296 0.470000 0.018798
0.000000 0.470000 0.018798
0.313296 0.470000 0.018798
0.626593 0.470000 0.018798
0.939889 0.470000 0.018798
1.253185 0.470000 0.018798
1.566482 0.470000 0.018798
1.879778 0.470000 0.018798
2.193074 0.470000 0.018798
2.506371 0.470000 0.018798
2.819667 0.470000 0.018798
3.112578 0.606262 0.023124
3.385102 0.878787 0.023124
3.657627 1.151311 0.023124
3.793889 1.441736 0.018500
3.793889 1.750061 0.018500
3.793889 2.058386 0.018500
3.793889 2.366712 0.018500
3.793889 2.675037 0.018500
3.793889 2.983362 0.018500
3.793889 3.291687 0.018500
3.793889 3.600012 0.018500
3.793889 3.908337 0.018500
3.793889 4.216663 0.018500
3.793889 4.524988 0.018500
3.793889 4.833313 0.018500
3.793889 5.141638 0.018500
3.793889 5.449963 0.018500
3.793889 5.758288 0.018500
3.793889 6.066614 0.018500
3.793889 6.374939 0.018500
3.793889 6.683264 0.018500
3.657627 -1.151311 0.023124
3.385102 -0.878787 0.023124
3.112578 -0.606262 0.023124
2.819667 -0.470000 0.018798
2.506371 -0.470000 0.018798
2.193074 -0.470000 0.018798
1.879778 -0.470000 0.018798
1.566482 -0.470000 0.018798
1.253185 -0.470000 0.018798
0.939889 -0.470000 0.018798
0.626593 -0.470000 0.018798
0.313296 -0.470000 0.018798
0.000000 -0.470000 0.018798
-0.313296 -0.470000 0.018798
-0.626593 -0.470000 0.018798
-0.939889 -0.470000 0.018798
-1.253185 -0.470000 0.018798
-1.566482 -0.470000 0.018798
-1.879778 -0.470000 0.018798
-2.193074 -0.470000 0.018798
-2.506371 -0.470000 0.018798
-2.819667 -0.470000 0.018798
-3.112578 -0.606262 0.023124
-3.385102 -0.878787 0.023124
-3.657627 -1.151311 0.023124
-3.793889 -1.441736 0.018500
-3.793889 -1.750061 0.018500
-3.793889 -2.058386 0.018500
-3.793889 -2.366712 0.018500
-3.793889 -2.675037 0.018500
-3.793889 -2.983362 0.018500
-3.793889 -3.291687 0.018500
-3.793889 -3.600012 0.018500
-3.793889 -3.908337 0.018500
-3.793889 -4.216663 0.018500
-3.793889 -4.524988 0.018500
-3.793889 -4.833313 0.018500
-3.793889 -5.141638 0.018500
-3.793889 -5.449963 0.018500
-3.793889 -5.758288 0.018500
-3.793889 -6.066614 0.018500
-3.793889 -6.374939 0.018500
-3.793889 -6.683264 0.018500
-3.657627 -6.973689 0.023124
-3.385102 -7.246213 0.023124
-3.112578 -7.518738 0.023124
-2.819667 -7.655000 0.018798
-2.506371 -7.655000 0.018798
-2.193074 -7.655000 0.018798
-1.879778 -7.655000 0.018798
-1.566482 -7.655000 0.018798
-1.253185 -7.655000 0.018798
-0.939889 -7.655000 0.018798
-0.626593 -7.655000 0.018798
-0.313296 -7.655000 0.018798
0.000000 -7.655000 0.018798
0.313296 -7.655000 0.018798
0.626593 -7.655000 0.018798
0.939889 -7.655000 0.018798
1.253185 -7.655000 0.018798
1.566482 -7.655000 0.018798
1.879778 -7.655000 0.018798
2.193074 -7.655000 0.018798
2.506371 -7.655000 0.018798
2.819667 -7.655000 0.018798
3.112578 -7.518738 0.023124
3.385102 -7.246213 0.023124
3.657627 -6.973689 0.023124
3.793889 -6.683264 0.018500
3.793889 -6.374939 0.018500
3.793889 -6.066614 0.018500
3.793889 -5.758288 0.018500
3.793889 -5.449963 0.018500
3.793889 -5.141638 0.018500
3.793889 -4.833313 0.018500
3.793889 -4.524988 0.018500
3.793889 -4.216663 0.018500
3.793889 -3.908337 0.018500
3.793889 -3.600012 0.018500
3.793889 -3.291687 0.018500
3.793889 -2.983362 0.018500
3.793889 -2.675037 0.018500
3.793889 -2.366712 0.018500
3.793889 -2.058386 0.018500
3.793889 -1.750061 0.018500
3.793889 -1.441736 0.018500
