5.801111 7.675147 0.001612
5.691953 7.784306 0.001612
5.582794 7.893464 0.001612
5.473636 8.002623 0.001612
5.364477 8.111781 0.001612
5.255319 8.220940 0.001612
5.146160 8.330098 0.001612
5.037002 8.439257 0.001612
4.927843 8.548415 0.001612
4.818685 8.657574 0.001612
4.709526 8.766732 0.001612
4.600368 8.875891 0.001612
4.491209 8.985049 0.001612
4.382051 9.094208 0.001612
4.272892 9.203366 0.001612
4.163734 9.312525 0.001612
4.054575 9.421683 0.001612
3.945417 9.530842 0.001612
3.836258 9.640000 0.001612
3.685817 9.640000 0.001612
3.535375 9.640000 0.001612
3.384934 9.640000 0.001612
3.234492 9.640000 0.001612
3.084051 9.640000 0.001612
2.933609 9.640000 0.001612
2.783168 9.640000 0.001612
2.632726 9.640000 0.001612
2.482285 9.640000 0.001612
2.331843 9.640000 0.001612
2.181402 9.640000 0.001612
2.030960 9.640000 0.001612
1.880519 9.640000 0.001612
1.730077 9.640000 0.001612
1.579636 9.640000 0.001612
1.429194 9.640000 0.001612
1.278753 9.640000 0.001612
1.128311 9.640000 0.001612
0.977870 9.640000 0.001612
0.827428 9.640000 0.001612
0.676987 9.640000 0.001612
0.526545 9.640000 0.001612
0.376104 9.640000 0.001612
0.225662 9.640000 0.001612
0.075221 9.640000 0.001612
-0.075221 9.640000 0.001612
-0.225662 9.640000 0.001612
-0.376104 9.640000 0.001612
-0.526545 9.640000 0.001612
-0.676987 9.640000 0.001612
-0.827428 9.640000 0.001612
-0.977870 9.640000 0.001612
-1.128311 9.640000 0.001612
-1.278753 9.640000 0.001612
-1.429194 9.640000 0.001612
-1.579636 9.640000 0.001612
-1.730077 9.640000 0.001612
-1.880519 9.640000 0.001612
-2.030960 9.640000 0.001612
-2.181402 9.640000 0.001612
-2.331843 9.640000 0.001612
-2.482285 9.640000 0.001612
-2.632726 9.640000 0.001612
-2.783168 9.640000 0.001612
-2.933609 9.640000 0.001612
-3.084051 9.640000 0.001612
-3.234492 9.640000 0.001612
-3.384934 9.640000 0.001612
-3.535375 9.640000 0.001612
-3.685817 9.640000 0.001612
-3.836258 9.640000 0.001612
-3.945417 9.530842 0.001612
-4.054575 9.421683 0.001612
-4.163734 9.312525 0.001612
-4.272892 9.203366 0.001612
-4.382051 9.094208 0.001612
-4.491209 8.985049 0.001612
-4.600368 8.875891 0.001612
-4.709526 8.766732 0.001612
-4.818685 8.657574 0.001612
-4.927843 8.548415 0.001612
-5.037002 8.439257 0.001612
-5.146160 8.330098 0.001612
-5.255319 8.220940 0.001612
-5.364477 8.111781 0.001612
-5.473636 8.002623 0.001612
-5.582794 7.893464 0.001612
-5.691953 7.784306 0.001612
-5.801111 7.675147 0.001612
-5.801111 7.524654 0.001612
-5.801111 7.374161 0.001612
-5.801111 7.223668 0.001612
-5.801111 7.073175 0.001612
-5.801111 6.922682 0.001612
-5.801111 6.772189 0.001612
-5.801111 6.621696 0.001612
-5.801111 6.471203 0.001612
-5.801111 6.320709 0.001612
-5.801111 6.170216 0.001612
-5.801111 6.019723 0.001612
-5.801111 5.869230 0.001612
-5.801111 5.718737 0.001612
-5.801111 5.568244 0.001612
-5.801111 5.417751 0.001612
-5.801111 5.267258 0.001612
-5.801111 5.116765 0.001612
-5.801111 4.966272 0.001612
-5.801111 4.815779 0.001612
-5.801111 4.665286 0.001612
-5.801111 4.514792 0.001612
-5.801111 4.364299 0.001612
-5.801111 4.213806 0.001612
-5.801111 4.063313 0.001612
-5.801111 3.912820 0.001612
-5.801111 3.762327 0.001612
-5.801111 3.611834 0.001612
-5.801111 3.461341 0.001612
-5.801111 3.310848 0.001612
-5.801111 3.160355 0.001612
-5.801111 3.009862 0.001612
-5.801111 2.859369 0.001612
-5.801111 2.708875 0.001612
-5.801111 2.558382 0.001612
-5.801111 2.407889 0.001612
-5.801111 2.257396 0.001612
-5.801111 2.106903 0.001612
-5.801111 1.956410 0.001612
-5.801111 1.805917 0.001612
-5.801111 1.655424 0.001612
-5.801111 1.504931 0.001612
-5.801111 1.354438 0.001612
-5.801111 1.203945 0.001612
-5.801111 1.053452 0.001612
-5.801111 0.902958 0.001612
-5.801111 0.752465 0.001612
-5.801111 0.601972 0.001612
-5.801111 0.451479 0.001612
-5.801111 0.300986 0.001612
-5.801111 0.150493 0.001612
-5.801111 0.000000 0.001612
-5.801111 -0.150493 0.001612
-5.801111 -0.300986 0.001612
-5.801111 -0.451479 0.001612
-5.801111 -0.601972 0.001612
-5.801111 -0.752465 0.001612
-5.801111 -0.902958 0.001612
-5.801111 -1.053452 0.001612
-5.801111 -1.203945 0.001612
-5.801111 -1.354438 0.001612
-5.801111 -1.504931 0.001612
-5.801111 -1.655424 0.001612
-5.801111 -1.805917 0.001612
-5.801111 -1.956410 0.001612
-5.801111 -2.106903 0.001612
-5.801111 -2.257396 0.001612
-5.801111 -2.407889 0.001612
-5.801111 -2.558382 0.001612
-5.801111 -2.708875 0.001612
-5.801111 -2.859369 0.001612
-5.801111 -3.009862 0.001612
-5.801111 -3.160355 0.001612
-5.801111 -3.310848 0.001612
-5.801111 -3.461341 0.001612
-5.801111 -3.611834 0.001612
-5.801111 -3.762327 0.001612
-5.801111 -3.912820 0.001612
-5.801111 -4.063313 0.001612
-5.801111 -4.213806 0.001612
-5.801111 -4.364299 0.001612
-5.801111 -4.514792 0.001612
-5.801111 -4.665286 0.001612
-5.801111 -4.815779 0.001612
-5.801111 -4.966272 0.001612
-5.801111 -5.116765 0.001612
-5.801111 -5.267258 0.001612
-5.801111 -5.417751 0.001612
-5.801111 -5.568244 0.001612
-5.801111 -5.718737 0.001612
-5.801111 -5.869230 0.001612
-5.801111 -6.019723 0.001612
-5.801111 -6.170216 0.001612
-5.801111 -6.320709 0.001612
-5.801111 -6.471203 0.001612
-5.801111 -6.621696 0.001612
-5.801111 -6.772189 0.001612
-5.801111 -6.922682 0.001612
-5.801111 -7.073175 0.001612
-5.801111 -7.223668 0.001612
-5.801111 -7.374161 0.001612
-5.801111 -7.524654 0.001612
-5.801111 -7.675147 0.001612
-5.691953 -7.784306 0.001612
-5.582794 -7.893464 0.001612
-5.473636 -8.002623 0.001612
-5.364477 -8.111781 0.001612
-5.255319 -8.220940 0.001612
-5.146160 -8.330098 0.001612
-5.037002 -8.439257 0.001612
-4.927843 -8.548415 0.001612
-4.818685 -8.657574 0.001612
-4.709526 -8.766732 0.001612
-4.600368 -8.875891 0.001612
-4.491209 -8.985049 0.001612
-4.382051 -9.094208 0.001612
-4.272892 -9.203366 0.001612
-4.163734 -9.312525 0.001612
-4.054575 -9.421683 0.001612
-3.945417 -9.530842 0.001612
-3.836258 -9.640000 0.001612
-3.685817 -9.640000 0.001612
-3.535375 -9.640000 0.001612
-3.384934 -9.640000 0.001612
-3.234492 -9.640000 0.001612
-3.084051 -9.640000 0.001612
-2.933609 -9.640000 0.001612
-2.783168 -9.640000 0.001612
-2.632726 -9.640000 0.001612
-2.482285 -9.640000 0.001612
-2.331843 -9.640000 0.001612
-2.181402 -9.640000 0.001612
-2.030960 -9.640000 0.001612
-1.880519 -9.640000 0.001612
-1.730077 -9.640000 0.001612
-1.579636 -9.640000 0.001612
-1.429194 -9.640000 0.001612
-1.278753 -9.640000 0.001612
-1.128311 -9.640000 0.001612
-0.977870 -9.640000 0.001612
-0.827428 -9.640000 0.001612
-0.676987 -9.640000 0.001612
-0.526545 -9.640000 0.001612
-0.376104 -9.640000 0.001612
-0.225662 -9.640000 0.001612
-0.075221 -9.640000 0.001612
0.075221 -9.640000 0.001612
0.225662 -9.640000 0.001612
0.376104 -9.640000 0.001612
0.526545 -9.640000 0.001612
0.676987 -9.640000 0.001612
0.827428 -9.640000 0.001612
0.977870 -9.640000 0.001612
1.128311 -9.640000 0.001612
1.278753 -9.640000 0.001612
1.429194 -9.640000 0.001612
1.579636 -9.640000 0.001612
1.730077 -9.640000 0.001612
1.880519 -9.640000 0.001612
2.030960 -9.640000 0.001612
2.181402 -9.640000 0.001612
2.331843 -9.640000 0.001612
2.482285 -9.640000 0.001612
2.632726 -9.640000 0.001612
2.783168 -9.640000 0.001612
2.933609 -9.640000 0.001612
3.084051 -9.640000 0.001612
3.234492 -9.640000 0.001612
3.384934 -9.640000 0.001612
3.535375 -9.640000 0.001612
3.685817 -9.640000 0.001612
3.836258 -9.640000 0.001612
3.945417 -9.530842 0.001612
4.054575 -9.421683 0.001612
4.163734 -9.312525 0.001612
4.272892 -9.203366 0.001612
4.382051 -9.094208 0.001612
4.491209 -8.985049 0.001612
4.600368 -8.875891 0.001612
4.709526 -8.766732 0.001612
4.818685 -8.657574 0.001612
4.927843 -8.548415 0.001612
5.037002 -8.439257 0.001612
5.146160 -8.330098 0.001612
5.255319 -8.220940 0.001612
5.364477 -8.111781 0.001612
5.473636 -8.002623 0.001612
5.582794 -7.893464 0.001612
5.691953 -7.784306 0.001612
5.801111 -7.675147 0.001612
5.801111 -7.524654 0.001612
5.801111 -7.374161 0.001612
5.801111 -7.223668 0.001612
5.801111 -7.073175 0.001612
5.801111 -6.922682 0.001612
5.801111 -6.772189 0.001612
5.801111 -6.621696 0.001612
5.801111 -6.471203 0.001612
5.801111 -6.320709 0.001612
5.801111 -6.170216 0.001612
5.801111 -6.019723 0.001612
5.801111 -5.869230 0.001612
5.801111 -5.718737 0.001612
5.801111 -5.568244 0.001612
5.801111 -5.417751 0.001612
5.801111 -5.267258 0.001612
5.801111 -5.116765 0.001612
5.801111 -4.966272 0.001612
5.801111 -4.815779 0.001612
5.801111 -4.665286 0.001612
5.801111 -4.514792 0.001612
5.801111 -4.364299 0.001612
5.801111 -4.213806 0.001612
5.801111 -4.063313 0.001612
5.801111 -3.912820 0.001612
5.801111 -3.762327 0.001612
5.801111 -3.611834 0.001612
5.801111 -3.461341 0.001612
5.801111 -3.310848 0.001612
5.801111 -3.160355 0.001612
5.801111 -3.009862 0.001612
5.801111 -2.859369 0.001612
5.801111 -2.708875 0.001612
5.801111 -2.558382 0.001612
5.801111 -2.407889 0.001612
5.801111 -2.257396 0.001612
5.801111 -2.106903 0.001612
5.801111 -1.956410 0.001612
5.801111 -1.805917 0.001612
5.801111 -1.655424 0.001612
5.801111 -1.504931 0.001612
5.801111 -1.354438 0.001612
5.801111 -1.203945 0.001612
5.801111 -1.053452 0.001612
5.801111 -0.902958 0.001612
5.801111 -0.752465 0.001612
5.801111 -0.601972 0.001612
5.801111 -0.451479 0.001612
5.801111 -0.300986 0.001612
5.801111 -0.150493 0.001612
5.801111 0.000000 0.001612
5.801111 0.150493 0.001612
5.801111 0.300986 0.001612
5.801111 0.451479 0.001612
5.801111 0.601972 0.001612
5.801111 0.752465 0.001612
5.801111 0.902958 0.001612
5.801111 1.053452 0.001612
5.801111 1.203945 0.001612
5.801111 1.354438 0.001612
5.801111 1.504931 0.001612
5.801111 1.655424 0.001612
5.801111 1.805917 0.001612
5.801111 1.956410 0.001612
5.801111 2.106903 0.001612
5.801111 2.257396 0.001612
5.801111 2.407889 0.001612
5.801111 2.558382 0.001612
5.801111 2.708875 0.001612
5.801111 2.859369 0.001612
5.801111 3.009862 0.001612
5.801111 3.160355 0.001612
5.801111 3.310848 0.001612
5.801111 3.461341 0.001612
5.801111 3.611834 0.001612
5.801111 3.762327 0.001612
5.801111 3.912820 0.001612
5.801111 4.063313 0.001612
5.801111 4.213806 0.001612
5.801111 4.364299 0.001612
5.801111 4.514792 0.001612
5.801111 4.665286 0.001612
5.801111 4.815779 0.001612
5.801111 4.966272 0.001612
5.801111 5.116765 0.001612
5.801111 5.267258 0.001612
5.801111 5.417751 0.001612
5.801111 5.568244 0.001612
5.801111 5.718737 0.001612
5.801111 5.869230 0.001612
5.801111 6.019723 0.001612
5.801111 6.170216 0.001612
5.801111 6.320709 0.001612
5.801111 6.471203 0.001612
5.801111 6.621696 0.001612
5.801111 6.772189 0.001612
5.801111 6.922682 0.001612
5.801111 7.073175 0.001612
5.801111 7.223668 0.001612
5.801111 7.374161 0.001612
5.801111 7.524654 0.001612
3.921111 6.924853 0.000804
3.801804 7.044160 0.000804
3.682498 7.163466 0.000804
3.563191 7.282773 0.000804
3.443884 7.402080 0.000804
3.324577 7.521387 0.000804
3.205271 7.640693 0.000804
3.085964 7.760000 0.000804
2.935429 7.760000 0.000804
2.784894 7.760000 0.000804
2.634359 7.760000 0.000804
2.483825 7.760000 0.000804
2.333290 7.760000 0.000804
2.182755 7.760000 0.000804
2.032220 7.760000 0.000804
1.881685 7.760000 0.000804
1.731150 7.760000 0.000804
1.580616 7.760000 0.000804
1.430081 7.760000 0.000804
1.279546 7.760000 0.000804
1.129011 7.760000 0.000804
0.978476 7.760000 0.000804
0.827942 7.760000 0.000804
0.677407 7.760000 0.000804
0.526872 7.760000 0.000804
0.376337 7.760000 0.000804
0.225802 7.760000 0.000804
0.075267 7.760000 0.000804
-0.075267 7.760000 0.000804
-0.225802 7.760000 0.000804
-0.376337 7.760000 0.000804
-0.526872 7.760000 0.000804
-0.677407 7.760000 0.000804
-0.827942 7.760000 0.000804
-0.978476 7.760000 0.000804
-1.129011 7.760000 0.000804
-1.279546 7.760000 0.000804
-1.430081 7.760000 0.000804
-1.580616 7.760000 0.000804
-1.731150 7.760000 0.000804
-1.881685 7.760000 0.000804
-2.032220 7.760000 0.000804
-2.182755 7.760000 0.000804
-2.333290 7.760000 0.000804
-2.483825 7.760000 0.000804
-2.634359 7.760000 0.000804
-2.784894 7.760000 0.000804
-2.935429 7.760000 0.000804
-3.085964 7.760000 0.000804
-3.205271 7.640693 0.000804
-3.324577 7.521387 0.000804
-3.443884 7.402080 0.000804
-3.563191 7.282773 0.000804
-3.682498 7.163466 0.000804
-3.801804 7.044160 0.000804
-3.921111 6.924853 0.000804
-3.921111 6.772158 0.000804
-3.921111 6.619463 0.000804
-3.921111 6.466769 0.000804
-3.921111 6.314074 0.000804
-3.921111 6.161379 0.000804
-3.921111 6.008684 0.000804
-3.921111 5.855990 0.000804
-3.921111 5.703295 0.000804
-3.921111 5.550600 0.000804
-3.921111 5.397905 0.000804
-3.921111 5.245211 0.000804
-3.921111 5.092516 0.000804
-3.921111 4.939821 0.000804
-3.921111 4.787126 0.000804
-3.921111 4.634432 0.000804
-3.921111 4.481737 0.000804
-3.921111 4.329042 0.000804
-3.921111 4.176347 0.000804
-3.921111 4.023653 0.000804
-3.921111 3.870958 0.000804
-3.921111 3.718263 0.000804
-3.921111 3.565568 0.000804
-3.921111 3.412874 0.000804
-3.921111 3.260179 0.000804
-3.921111 3.107484 0.000804
-3.921111 2.954789 0.000804
-3.921111 2.802095 0.000804
-3.921111 2.649400 0.000804
-3.921111 2.496705 0.000804
-3.921111 2.344010 0.000804
-3.921111 2.191316 0.000804
-3.921111 2.038621 0.000804
-3.921111 1.885926 0.000804
-3.921111 1.733231 0.000804
-3.921111 1.580537 0.000804
-3.921111 1.427842 0.000804
-3.921111 1.275147 0.000804
-3.801804 1.155840 0.000804
-3.682498 1.036534 0.000804
-3.563191 0.917227 0.000804
-3.443884 0.797920 0.000804
-3.324577 0.678613 0.000804
-3.205271 0.559307 0.000804
-3.085964 0.440000 0.000804
-2.935429 0.440000 0.000804
-2.784894 0.440000 0.000804
-2.634359 0.440000 0.000804
-2.483825 0.440000 0.000804
-2.333290 0.440000 0.000804
-2.182755 0.440000 0.000804
-2.032220 0.440000 0.000804
-1.881685 0.440000 0.000804
-1.731150 0.440000 0.000804
-1.580616 0.440000 0.000804
-1.430081 0.440000 0.000804
-1.279546 0.440000 0.000804
-1.129011 0.440000 0.000804
-0.978476 0.440000 0.000804
-0.827942 0.440000 0.000804
-0.677407 0.440000 0.000804
-0.526872 0.440000 0.000804
-0.376337 0.440000 0.000804
-0.225802 0.440000 0.000804
-0.075267 0.440000 0.000804
0.075267 0.440000 0.000804
0.225802 0.440000 0.000804
0.376337 0.440000 0.000804
0.526872 0.440000 0.000804
0.677407 0.440000 0.000804
0.827942 0.440000 0.000804
0.978476 0.440000 0.000804
1.129011 0.440000 0.000804
1.279546 0.440000 0.000804
1.430081 0.440000 0.000804
1.580616 0.440000 0.000804
1.731150 0.440000 0.000804
1.881685 0.440000 0.000804
2.032220 0.440000 0.000804
2.182755 0.440000 0.000804
2.333290 0.440000 0.000804
2.483825 0.440000 0.000804
2.634359 0.440000 0.000804
2.784894 0.440000 0.000804
2.935429 0.440000 0.000804
3.085964 0.440000 0.000804
3.205271 0.559307 0.000804
3.324577 0.678613 0.000804
3.443884 0.797920 0.000804
3.563191 0.917227 0.000804
3.682498 1.036534 0.000804
3.801804 1.155840 0.000804
3.921111 1.275147 0.000804
3.921111 1.427842 0.000804
3.921111 1.580537 0.000804
3.921111 1.733231 0.000804
3.921111 1.885926 0.000804
3.921111 2.038621 0.000804
3.921111 2.191316 0.000804
3.921111 2.344010 0.000804
3.921111 2.496705 0.000804
3.921111 2.649400 0.000804
3.921111 2.802095 0.000804
3.921111 2.954789 0.000804
3.921111 3.107484 0.000804
3.921111 3.260179 0.000804
3.921111 3.412874 0.000804
3.921111 3.565568 0.000804
3.921111 3.718263 0.000804
3.921111 3.870958 0.000804
3.921111 4.023653 0.000804
3.921111 4.176347 0.000804
3.921111 4.329042 0.000804
3.921111 4.481737 0.000804
3.921111 4.634432 0.000804
3.921111 4.787126 0.000804
3.921111 4.939821 0.000804
3.921111 5.092516 0.000804
3.921111 5.245211 0.000804
3.921111 5.397905 0.000804
3.921111 5.550600 0.000804
3.921111 5.703295 0.000804
3.921111 5.855990 0.000804
3.921111 6.008684 0.000804
3.921111 6.161379 0.000804
3.921111 6.314074 0.000804
3.921111 6.466769 0.000804
3.921111 6.619463 0.000804
3.921111 6.772158 0.000804
3.921111 -1.275147 0.000804
3.801804 -1.155840 0.000804
3.682498 -1.036534 0.000804
3.563191 -0.917227 0.000804
3.443884 -0.797920 0.000804
3.324577 -0.678613 0.000804
3.205271 -0.559307 0.000804
3.085964 -0.440000 0.000804
2.935429 -0.440000 0.000804
2.784894 -0.440000 0.000804
2.634359 -0.440000 0.000804
2.483825 -0.440000 0.000804
2.333290 -0.440000 0.000804
2.182755 -0.440000 0.000804
2.032220 -0.440000 0.000804
1.881685 -0.440000 0.000804
1.731150 -0.440000 0.000804
1.580616 -0.440000 0.000804
1.430081 -0.440000 0.000804
1.279546 -0.440000 0.000804
1.129011 -0.440000 0.000804
0.978476 -0.440000 0.000804
0.827942 -0.440000 0.000804
0.677407 -0.440000 0.000804
0.526872 -0.440000 0.000804
0.376337 -0.440000 0.000804
0.225802 -0.440000 0.000804
0.075267 -0.440000 0.000804
-0.075267 -0.440000 0.000804
-0.225802 -0.440000 0.000804
-0.376337 -0.440000 0.000804
-0.526872 -0.440000 0.000804
-0.677407 -0.440000 0.000804
-0.827942 -0.440000 0.000804
-0.978476 -0.440000 0.000804
-1.129011 -0.440000 0.000804
-1.279546 -0.440000 0.000804
-1.430081 -0.440000 0.000804
-1.580616 -0.440000 0.000804
-1.731150 -0.440000 0.000804
-1.881685 -0.440000 0.000804
-2.032220 -0.440000 0.000804
-2.182755 -0.440000 0.000804
-2.333290 -0.440000 0.000804
-2.483825 -0.440000 0.000804
-2.634359 -0.440000 0.000804
-2.784894 -0.440000 0.000804
-2.935429 -0.440000 0.000804
-3.085964 -0.440000 0.000804
-3.205271 -0.559307 0.000804
-3.324577 -0.678613 0.000804
-3.443884 -0.797920 0.000804
-3.563191 -0.917227 0.000804
-3.682498 -1.036534 0.000804
-3.801804 -1.155840 0.000804
-3.921111 -1.275147 0.000804
-3.921111 -1.427842 0.000804
-3.921111 -1.580537 0.000804
-3.921111 -1.733231 0.000804
-3.921111 -1.885926 0.000804
-3.921111 -2.038621 0.000804
-3.921111 -2.191316 0.000804
-3.921111 -2.344010 0.000804
-3.921111 -2.496705 0.000804
-3.921111 -2.649400 0.000804
-3.921111 -2.802095 0.000804
-3.921111 -2.954789 0.000804
-3.921111 -3.107484 0.000804
-3.921111 -3.260179 0.000804
-3.921111 -3.412874 0.000804
-3.921111 -3.565568 0.000804
-3.921111 -3.718263 0.000804
-3.921111 -3.870958 0.000804
-3.921111 -4.023653 0.000804
-3.921111 -4.176347 0.000804
-3.921111 -4.329042 0.000804
-3.921111 -4.481737 0.000804
-3.921111 -4.634432 0.000804
-3.921111 -4.787126 0.000804
-3.921111 -4.939821 0.000804
-3.921111 -5.092516 0.000804
-3.921111 -5.245211 0.000804
-3.921111 -5.397905 0.000804
-3.921111 -5.550600 0.000804
-3.921111 -5.703295 0.000804
-3.921111 -5.855990 0.000804
-3.921111 -6.008684 0.000804
-3.921111 -6.161379 0.000804
-3.921111 -6.314074 0.000804
-3.921111 -6.466769 0.000804
-3.921111 -6.619463 0.000804
-3.921111 -6.772158 0.000804
-3.921111 -6.924853 0.000804
-3.801804 -7.044160 0.000804
-3.682498 -7.163466 0.000804
-3.563191 -7.282773 0.000804
-3.443884 -7.402080 0.000804
-3.324577 -7.521387 0.000804
-3.205271 -7.640693 0.000804
-3.085964 -7.760000 0.000804
-2.935429 -7.760000 0.000804
-2.784894 -7.760000 0.000804
-2.634359 -7.760000 0.000804
-2.483825 -7.760000 0.000804
-2.333290 -7.760000 0.000804
-2.182755 -7.760000 0.000804
-2.032220 -7.760000 0.000804
-1.881685 -7.760000 0.000804
-1.731150 -7.760000 0.000804
-1.580616 -7.760000 0.000804
-1.430081 -7.760000 0.000804
-1.279546 -7.760000 0.000804
-1.129011 -7.760000 0.000804
-0.978476 -7.760000 0.000804
-0.827942 -7.760000 0.000804
-0.677407 -7.760000 0.000804
-0.526872 -7.760000 0.000804
-0.376337 -7.760000 0.000804
-0.225802 -7.760000 0.000804
-0.075267 -7.760000 0.000804
0.075267 -7.760000 0.000804
0.225802 -7.760000 0.000804
0.376337 -7.760000 0.000804
0.526872 -7.760000 0.000804
0.677407 -7.760000 0.000804
0.827942 -7.760000 0.000804
0.978476 -7.760000 0.000804
1.129011 -7.760000 0.000804
1.279546 -7.760000 0.000804
1.430081 -7.760000 0.000804
1.580616 -7.760000 0.000804
1.731150 -7.760000 0.000804
1.881685 -7.760000 0.000804
2.032220 -7.760000 0.000804
2.182755 -7.760000 0.000804
2.333290 -7.760000 0.000804
2.483825 -7.760000 0.000804
2.634359 -7.760000 0.000804
2.784894 -7.760000 0.000804
2.935429 -7.760000 0.000804
3.085964 -7.760000 0.000804
3.205271 -7.640693 0.000804
3.324577 -7.521387 0.000804
3.443884 -7.402080 0.000804
3.563191 -7.282773 0.000804
3.682498 -7.163466 0.000804
3.801804 -7.044160 0.000804
3.921111 -6.924853 0.000804
3.921111 -6.772158 0.000804
3.921111 -6.619463 0.000804
3.921111 -6.466769 0.000804
3.921111 -6.314074 0.000804
3.921111 -6.161379 0.000804
3.921111 -6.008684 0.000804
3.921111 -5.855990 0.000804
3.921111 -5.703295 0.000804
3.921111 -5.550600 0.000804
3.921111 -5.397905 0.000804
3.921111 -5.245211 0.000804
3.921111 -5.092516 0.000804
3.921111 -4.939821 0.000804
3.921111 -4.787126 0.000804
3.921111 -4.634432 0.000804
3.921111 -4.481737 0.000804
3.921111 -4.329042 0.000804
3.921111 -4.176347 0.000804
3.921111 -4.023653 0.000804
3.921111 -3.870958 0.000804
3.921111 -3.718263 0.000804
3.921111 -3.565568 0.000804
3.921111 -3.412874 0.000804
3.921111 -3.260179 0.000804
3.921111 -3.107484 0.000804
3.921111 -2.954789 0.000804
3.921111 -2.802095 0.000804
3.921111 -2.649400 0.000804
3.921111 -2.496705 0.000804
3.921111 -2.344010 0.000804
3.921111 -2.191316 0.000804
3.921111 -2.038621 0.000804
3.921111 -1.885926 0.000804
3.921111 -1.733231 0.000804
3.921111 -1.580537 0.000804
3.921111 -1.427842 0.000804
