0.103573 0.341129 0.046082
2.766908 -9.026117 0.047996
2.944263 -9.121151 0.046386
1.371480 7.821701 0.049273
1.229694 7.716174 0.046696
0.767735 7.821940 0.048767
0.729991 8.030686 0.047285
0.934086 7.716659 0.045708
1.067613 7.822833 0.049125
2.422957 9.003023 0.047792
0.084870 8.452293 0.044143
0.644443 7.715281 0.043780
2.679960 -9.395720 0.038351
3.166648 -9.396253 0.041513
2.859928 -9.395720 0.038002
2.976660 -9.301973 0.050159
5.499092 -6.306859 0.043361
3.937262 -3.190829 0.048733
3.007540 -7.915400 0.049512
3.211695 -7.579634 0.054198
2.764492 -8.847054 0.046839
4.279591 -8.701675 0.044386
3.052482 -8.286021 0.046513
0.109620 -8.778084 0.049311
1.164403 -8.960558 0.050248
1.326701 -9.064772 0.047877
0.205773 -8.960686 0.051954
4.078475 8.920843 0.042306
3.486207 9.396206 0.042953
3.888973 8.951581 0.052551
3.487193 9.046523 0.045506
3.463808 8.873326 0.050559
1.043295 8.032959 0.047878
0.872023 8.135530 0.050342
2.418477 8.814272 0.046999
2.262276 8.688112 0.044319
0.096171 9.085812 0.042962
0.353772 9.377265 0.043294
0.086131 9.393909 0.037244
0.182302 9.281174 0.048036
0.905063 9.382074 0.045107
0.458365 9.268693 0.046557
0.703532 9.061660 0.046543
0.622947 9.381428 0.043621
0.742156 9.273503 0.048633
0.109642 8.778075 0.049322
0.194512 8.641972 0.046127
0.205813 8.960668 0.051964
0.396536 9.047459 0.046417
0.522493 8.948351 0.053602
0.376123 8.619527 0.046461
0.513382 8.739149 0.051908
2.146832 8.136839 0.050436
2.139457 8.341592 0.049898
2.431672 8.424890 0.042723
2.280796 8.471624 0.050887
1.986953 8.031001 0.048274
1.826401 8.132670 0.049944
1.671173 8.029359 0.048378
2.617026 7.800856 0.052055
2.303616 8.030222 0.049666
0.095326 7.819713 0.047091
0.182452 7.709936 0.039182
0.470446 7.815217 0.048228
0.359368 7.709936 0.040379
3.818773 3.974332 0.046373
2.478588 -8.099096 0.051191
2.645425 -7.976674 0.043760
2.838173 -8.033947 0.043902
2.869457 -8.201992 0.049662
2.077791 -9.386531 0.045052
2.585889 -8.740115 0.048168
5.511666 -7.374382 0.042419
5.446958 -7.538315 0.042671
5.406889 -6.481173 0.051152
5.205799 -6.501543 0.049033
5.135950 -6.645848 0.041907
5.499770 -7.072086 0.044065
5.404769 -7.211376 0.050205
5.407567 -6.887953 0.056054
5.230144 -6.830571 0.043830
5.213600 -7.231078 0.046740
4.407363 -6.022802 0.044684
4.571691 -5.775388 0.045648
4.555857 -5.947821 0.048999
5.393056 -6.183253 0.047565
3.813996 -4.327420 0.045169
0.194478 -8.641988 0.046121
0.376049 -8.619542 0.046451
1.043063 -8.032949 0.047868
1.190288 -8.135666 0.049944
0.095303 -7.819709 0.047082
1.229494 -7.716171 0.046686
1.067417 -7.822827 0.049114
3.186792 -7.987668 0.048775
3.200450 -8.190244 0.047175
2.440507 -7.712215 0.046182
2.616562 -7.800862 0.052028
4.448226 -8.155156 0.043240
4.549657 -8.308001 0.051416
4.485499 -8.504893 0.041891
4.323077 -8.516767 0.046549
2.917063 -8.575153 0.047955
3.070625 -8.481670 0.045633
2.930057 -8.764305 0.045032
1.488709 -9.383088 0.046356
1.194873 -9.382854 0.045955
1.335909 -9.275941 0.049204
1.479497 -8.960209 0.049657
1.797178 -8.750705 0.048795
0.353717 -9.377274 0.043283
0.096153 -9.085816 0.042953
0.086120 -9.393907 0.037240
0.182273 -9.281180 0.048025
0.458280 -9.268701 0.046544
0.396455 -9.047477 0.046404
4.486282 8.504074 0.041901
4.550515 8.307032 0.051442
3.123920 9.036198 0.046482
3.313327 9.302403 0.050245
3.302499 9.123297 0.045697
3.201395 8.189682 0.047199
3.187649 7.987073 0.048797
3.008295 7.915047 0.049528
2.765164 8.846875 0.046849
2.581228 8.567079 0.042522
2.586554 8.739974 0.048187
3.838245 8.618016 0.043295
3.774849 8.806173 0.042772
3.592638 8.776663 0.044067
3.849449 9.123602 0.046368
3.653432 9.330746 0.043489
3.665247 9.160169 0.049593
1.498398 8.339880 0.049468
1.190566 8.135677 0.049955
1.356670 8.031079 0.048192
1.508148 8.133505 0.049728
1.783443 9.382368 0.046492
1.636832 9.275455 0.049273
1.036826 9.274926 0.049238
2.379325 9.390955 0.042680
1.334953 8.443997 0.048948
1.178600 8.342220 0.049680
5.387223 0.620901 0.051238
4.196566 -1.281369 0.049662
4.220474 -1.461168 0.046111
5.516654 -1.239833 0.035690
2.680737 -0.340566 0.043581
2.762513 7.698635 0.040847
2.960916 7.755690 0.045117
3.346394 7.904998 0.046179
3.336583 7.301755 0.032745
3.364000 7.710794 0.051669
3.530591 7.647498 0.041599
1.987214 7.822162 0.049820
2.519232 8.261795 0.043092
2.479203 8.099067 0.051201
2.646063 7.976633 0.043761
2.838929 8.033769 0.043895
5.242781 7.753869 0.041578
0.119264 8.134511 0.056876
0.214590 8.018694 0.043547
0.204134 8.319935 0.049044
0.532455 8.326620 0.052812
0.385745 8.413075 0.044008
0.549047 8.123007 0.050827
0.412794 8.014198 0.045277
2.374610 0.340195 0.050669
0.108144 -0.039204 0.048115
0.098158 -0.344409 0.042224
0.206302 -0.233666 0.053212
0.266021 0.245606 0.070716
0.270592 0.063016 0.062830
0.501727 -0.031285 0.050775
2.480840 -0.340566 0.045863
5.134909 6.643153 0.041898
5.447001 7.537826 0.042718
5.280640 7.569024 0.048769
5.159011 4.725285 0.044747
5.418623 4.543828 0.050727
5.239662 4.545565 0.045839
5.500037 6.031968 0.043735
3.825325 3.645065 0.047805
3.917432 3.803293 0.046962
3.830180 2.387205 0.048979
2.293869 -7.819140 0.048793
2.303088 -8.030210 0.049654
1.936485 -9.278897 0.048557
1.783086 -9.382366 0.046484
1.636486 -9.275454 0.049262
1.636482 -9.063745 0.047962
1.945296 -9.066741 0.048964
1.791894 -8.958501 0.049179
2.378893 -9.390971 0.042677
2.243795 -9.287501 0.049769
2.592816 -9.107910 0.047611
2.563044 -9.296691 0.050638
2.100318 -8.975281 0.046864
2.257511 -9.088408 0.047782
2.417869 -8.814364 0.046986
2.422381 -9.003096 0.047776
2.280214 -8.471653 0.050873
1.959286 -8.647426 0.048887
2.109025 -8.763762 0.050413
2.261706 -8.688156 0.044300
2.580517 -8.567216 0.042514
2.746127 -8.485004 0.046095
2.716664 -8.307492 0.043015
2.518543 -8.261869 0.043081
2.431006 -8.424962 0.042702
4.749105 -6.066448 0.047913
4.895419 -5.979360 0.045042
5.083883 -6.033900 0.048034
5.076704 -6.336265 0.046537
5.171757 -6.192289 0.051150
5.514463 -6.772591 0.036321
5.514463 -6.595321 0.037231
5.077442 -7.109861 0.050380
5.091188 -6.941174 0.044551
4.214616 -7.326905 0.048318
4.200682 -7.124608 0.047014
4.052370 -7.055492 0.043670
4.053774 -6.852599 0.048223
4.221624 -6.745858 0.048411
4.440660 -5.644709 0.047141
3.825124 -5.338135 0.047975
5.500630 -6.025617 0.044127
5.500664 -5.445223 0.044256
4.766755 -5.690653 0.045340
4.897236 -5.775998 0.045565
3.815726 -4.672974 0.045730
3.903055 -4.499954 0.046245
4.079652 -4.495896 0.046375
4.699219 -8.299860 0.036857
4.823871 -8.175208 0.037598
5.023442 -7.966149 0.041414
4.832415 -8.024443 0.048349
5.242285 -7.754586 0.041552
5.054747 -7.799901 0.050951
4.923685 -7.674233 0.043772
5.280419 -7.569911 0.048756
5.153958 -7.425680 0.044986
4.984762 -7.484686 0.046158
4.181138 -8.004835 0.043135
3.873101 -8.235113 0.047531
4.254172 -8.177776 0.044837
4.023439 -8.370105 0.045863
4.193180 -8.342496 0.050179
5.499826 -3.336722 0.042239
5.398165 -3.508365 0.050139
5.511833 -4.368883 0.040479
5.420502 -4.544114 0.051074
3.830594 -3.034495 0.048987
5.498427 -2.772381 0.044053
3.833335 -3.345589 0.049679
3.932535 -3.497442 0.046384
3.825866 -3.656485 0.047824
0.084858 -8.452303 0.044136
0.871810 -8.135521 0.050332
0.698234 -8.440682 0.047613
0.856814 -8.341911 0.050657
0.182424 -7.709925 0.039175
0.359324 -7.709925 0.040370
0.470365 -7.815202 0.048217
0.729822 -8.030676 0.047276
0.933941 -7.716656 0.045698
0.767598 -7.821933 0.048755
0.644354 -7.715277 0.043770
3.526316 -8.197352 0.047114
3.365941 -8.286099 0.045050
3.698840 -8.304690 0.045932
2.762229 -7.698648 0.040877
2.960459 -7.755912 0.045111
3.041624 -7.612919 0.037422
3.226681 -7.411624 0.034716
3.336204 -7.302101 0.032699
3.991426 -8.573778 0.046818
4.077853 -8.921453 0.042282
4.117681 -8.731077 0.046770
3.123283 -9.036463 0.046457
3.111492 -8.858681 0.049312
1.015351 -9.063805 0.047429
1.036613 -9.274931 0.049226
0.839526 -8.753412 0.050689
0.688793 -8.646763 0.048617
0.844994 -8.959109 0.051327
0.703372 -9.061662 0.046532
0.513264 -8.739159 0.051896
0.522376 -8.948361 0.053584
4.434409 7.589813 0.041827
4.310812 7.703838 0.050258
4.699947 8.299057 0.036851
4.824571 8.174433 0.037629
5.024118 7.965309 0.041454
5.055396 7.798868 0.050983
4.833205 8.023413 0.048402
4.669538 7.908547 0.048755
4.024462 8.369084 0.045889
4.194168 8.341445 0.050212
3.992353 8.572906 0.046837
4.323938 8.515884 0.046574
4.280337 8.700942 0.044402
4.118458 8.730325 0.046789
4.182201 8.003482 0.043167
4.255195 8.176578 0.044867
4.449197 8.153975 0.043263
4.497925 7.968171 0.044908
4.338752 7.872606 0.043783
3.167016 9.396197 0.041530
2.944875 9.120994 0.046407
2.767524 9.025975 0.048016
2.860290 9.395691 0.038017
2.977143 9.301888 0.050192
2.593394 9.107824 0.047624
2.680352 9.395691 0.038347
2.563535 9.296647 0.050652
2.930783 8.764037 0.045055
3.239617 8.584346 0.047003
3.112188 8.858340 0.049328
3.267381 8.772243 0.043212
2.746907 8.484798 0.046110
2.717436 8.307316 0.043016
2.870274 8.201724 0.049685
3.053386 8.285612 0.046529
3.071492 8.481261 0.045658
2.917851 8.574855 0.047966
3.696070 8.483903 0.045377
3.366924 8.285398 0.045074
3.387039 8.484413 0.047735
3.543633 8.575647 0.042412
1.489005 9.383087 0.046366
1.195106 9.382852 0.045965
1.336188 9.275939 0.049215
2.078202 9.386525 0.045058
1.936899 9.278894 0.048571
2.244267 9.287481 0.049784
2.258040 9.088371 0.047794
2.109537 8.763758 0.050423
2.100821 8.975266 0.046879
1.945745 9.066744 0.048974
3.823263 5.006090 0.047812
1.016336 8.445891 0.048859
0.698406 8.440688 0.047624
0.857031 8.341920 0.050666
0.688954 8.646765 0.048629
1.327004 9.064769 0.047887
1.327250 8.650116 0.049069
5.516618 0.714112 0.036528
5.387376 0.444980 0.051199
5.387112 0.092905 0.051067
4.099152 -1.597298 0.044991
4.208857 -1.776298 0.044287
4.365944 -1.172129 0.046600
4.351158 -0.987370 0.048618
4.511763 -0.886285 0.047614
4.535686 -1.261414 0.046701
4.702096 -1.165945 0.049584
4.692959 -0.975575 0.047621
5.516672 -0.171281 0.036038
5.387013 -0.082351 0.051189
5.516672 -0.348674 0.035803
5.388011 -0.435302 0.051168
5.392017 -1.151716 0.051207
2.792706 -0.225556 0.065201
4.941308 6.653563 0.046030
3.041901 7.612667 0.037458
3.227029 7.411310 0.034706
3.212264 7.579123 0.054258
3.683887 7.768352 0.046724
4.024391 7.949870 0.049152
1.834026 7.715231 0.047419
1.530321 7.715527 0.047204
1.678536 7.820758 0.049390
2.137758 7.716931 0.047742
2.440831 7.712221 0.046176
2.294281 7.819152 0.048811
3.822730 1.414312 0.045374
3.864820 1.224836 0.043012
0.892791 -0.240791 0.055332
1.082793 -0.340953 0.050910
2.363356 -0.048420 0.053671
2.338635 -0.241948 0.056159
0.680964 0.051970 0.053719
0.873256 -0.046794 0.052475
1.253579 -0.241433 0.054947
5.511584 7.374395 0.042295
5.229217 6.828645 0.043865
5.407084 6.888184 0.056114
5.499599 7.072918 0.043838
5.404516 7.210851 0.050300
3.823032 5.968289 0.047304
3.917043 6.136056 0.049485
4.100628 6.126662 0.045835
5.513554 4.699113 0.039984
5.150265 4.369054 0.045684
4.976433 4.379068 0.046948
4.881477 4.213108 0.045941
3.830139 3.019508 0.048944
4.139202 2.549407 0.049016
3.933267 2.545393 0.049326
3.933226 2.862087 0.048908
3.829754 2.703813 0.048870
4.450257 2.409054 0.049435
4.243903 2.393935 0.049537
4.139702 2.866373 0.048862
4.242164 2.712113 0.049002
5.178459 2.306644 0.046042
1.833734 -7.715224 0.047413
2.137440 -7.716925 0.047741
1.986852 -7.822149 0.049806
2.146319 -8.136827 0.050421
2.138924 -8.341580 0.049881
1.986513 -8.030981 0.048263
1.825977 -8.132651 0.049931
1.817537 -8.338664 0.049468
1.970677 -8.441747 0.048688
1.670808 -8.029342 0.048368
1.371226 -7.821693 0.049261
1.356374 -8.031067 0.048182
1.507801 -8.133492 0.049716
1.530071 -7.715523 0.047196
1.678226 -7.820747 0.049377
4.376829 -7.400536 0.042342
3.728724 -6.905965 0.034757
3.892904 -6.803703 0.046897
4.730979 -6.242720 0.048881
4.871652 -6.358807 0.048624
4.527460 -7.300914 0.044965
4.883108 -7.174340 0.042756
4.850071 -7.354563 0.049329
4.681562 -7.416250 0.041325
3.823067 -5.972589 0.047156
4.218860 -5.967840 0.043783
4.100825 -6.131525 0.045736
3.917153 -6.140253 0.049388
4.223745 -5.340522 0.047028
5.501984 -5.730100 0.044290
5.395981 -5.581444 0.046462
5.395948 -5.882565 0.051664
5.200499 -5.881812 0.044225
5.087053 -5.721518 0.046680
5.176499 -5.573615 0.050364
4.165809 -4.320429 0.045379
4.496971 -7.969540 0.044867
4.668651 -7.909913 0.048705
4.337747 -7.874100 0.043758
4.728616 -7.725951 0.049034
4.621185 -7.598091 0.043681
4.309812 -7.705545 0.050204
4.433520 -7.591719 0.041796
3.871456 -8.054585 0.047441
4.023327 -7.951196 0.049113
3.519553 -8.019607 0.046446
3.690432 -7.946419 0.046521
3.682885 -7.769483 0.046693
3.345520 -7.905778 0.046145
3.363158 -7.711577 0.051642
3.529645 -7.648470 0.041579
3.490866 -7.299363 0.058260
3.589244 -7.457389 0.045038
3.541177 -7.112266 0.038637
3.715748 -7.070865 0.053728
3.878524 -7.171496 0.046576
4.079206 -7.438322 0.043195
3.891426 -7.352028 0.049449
3.770513 -7.465938 0.042887
4.117711 -7.625778 0.043143
3.987835 -7.740694 0.047249
3.828417 -7.667148 0.042707
4.967933 -5.085100 0.042798
5.083510 -5.423971 0.045640
4.898966 -4.907420 0.043516
4.713582 -4.593250 0.045755
5.515336 -4.851965 0.035340
5.515336 -4.675451 0.037205
5.498011 -2.226310 0.042274
5.514943 -1.948875 0.036989
5.406287 -2.060295 0.047899
5.514943 -1.774069 0.035164
5.393264 -1.696817 0.048877
5.516654 -1.417565 0.036302
5.394976 -1.515128 0.050546
5.200884 -1.430811 0.043902
4.865931 -1.255976 0.045836
5.197924 -1.245131 0.043092
5.043421 -1.156021 0.049711
4.564813 -2.009106 0.044728
4.146992 -3.195271 0.048281
5.189575 -3.539611 0.049458
5.499026 -3.055002 0.043746
5.390787 -2.915899 0.049484
5.392186 -3.211627 0.050024
4.551523 -2.596300 0.047334
4.759275 -2.597046 0.047221
4.429566 -2.123491 0.046910
4.529124 -2.296104 0.043671
4.439040 -2.433340 0.049552
3.933987 -2.878836 0.048694
3.830060 -2.720140 0.048953
4.438541 -4.473361 0.045478
4.620568 -4.445966 0.045514
4.345494 -4.311968 0.046702
4.433856 -4.139579 0.044589
4.464236 -3.366707 0.047903
4.145572 -3.501578 0.049877
4.256102 -3.354168 0.048558
0.119223 -8.134514 0.056855
0.214526 -8.018682 0.043539
0.204081 -8.319937 0.049034
0.385652 -8.413072 0.043998
0.532309 -8.326608 0.052803
0.412688 -8.014174 0.045270
0.548900 -8.122993 0.050816
1.162764 -8.753754 0.049667
1.008243 -8.651303 0.048795
1.178311 -8.342211 0.049671
1.016089 -8.445884 0.048848
3.238739 -8.584847 0.046978
3.386087 -8.485052 0.047711
3.266613 -8.772706 0.043182
3.848988 -9.124050 0.046324
3.888339 -8.952191 0.052515
3.463086 -8.873860 0.050535
0.904891 -9.382077 0.045097
0.622835 -9.381427 0.043613
0.742007 -9.273504 0.048621
3.520542 8.018701 0.046468
3.527326 8.196492 0.047139
3.691445 7.945351 0.046551
3.699878 8.303763 0.045959
3.874162 8.234054 0.047557
3.872513 8.053432 0.047471
1.959758 8.647441 0.048898
1.653002 8.441743 0.048867
1.971158 8.441763 0.048698
1.817981 8.338679 0.049480
3.825365 5.332435 0.048167
3.921961 5.172805 0.047388
4.119968 5.175953 0.048728
3.813621 4.319474 0.045182
3.905728 4.142676 0.047401
4.079901 4.139913 0.044859
1.479845 8.960208 0.049667
1.636856 9.063747 0.047973
1.792313 8.958510 0.049190
1.481723 8.752357 0.049082
1.644031 8.648101 0.049068
1.797610 8.750715 0.048806
0.839729 8.753411 0.050700
0.845195 8.959104 0.051339
1.008486 8.651305 0.048806
1.163046 8.753753 0.049678
1.015583 9.063798 0.047439
1.164678 8.960554 0.050260
5.516618 0.892378 0.035708
5.085585 2.130369 0.049810
4.863289 1.806541 0.047022
5.516771 0.359678 0.035748
5.516771 0.182135 0.036073
5.186225 0.354095 0.043699
5.185961 0.179562 0.043679
3.821086 -1.759252 0.046722
3.920447 -1.584372 0.052730
3.826028 -1.422162 0.047380
3.713255 -1.132536 0.039478
4.035315 -1.180580 0.049464
3.880518 -1.241488 0.043470
4.477634 -0.341518 0.048203
4.496678 -0.702954 0.047029
4.467615 0.173064 0.046313
4.473177 -0.166483 0.046121
5.186330 -0.169475 0.043575
5.187328 -0.345033 0.043867
5.039503 -0.972749 0.049193
4.852876 -0.882335 0.047026
5.392067 -0.969603 0.050935
5.388044 -0.612013 0.051143
5.190033 -0.700066 0.043377
5.194057 -0.879747 0.044005
5.051295 1.525922 0.047483
5.045017 1.729754 0.052442
2.740099 -0.028469 0.051969
2.550353 0.050050 0.052887
2.549279 0.243949 0.054075
2.724453 0.343754 0.049573
4.053319 7.053145 0.043648
4.080244 7.436510 0.043235
4.118781 7.624118 0.043174
3.829476 7.665837 0.042741
3.988913 7.739274 0.047275
4.377619 7.398319 0.042381
4.215484 7.324736 0.048331
4.201409 7.122099 0.047071
4.373627 7.023434 0.046461
4.806321 6.531334 0.046663
4.392786 6.847027 0.046804
4.572265 6.776052 0.045226
4.608759 6.595241 0.048534
3.935889 2.228071 0.049920
3.832376 2.072040 0.049451
4.143677 2.230786 0.049281
4.248618 2.074219 0.049415
3.472546 0.885876 0.043980
3.659020 0.945747 0.049831
3.696688 1.118566 0.041059
0.736312 -0.339838 0.048974
0.537540 -0.229096 0.057001
0.404563 -0.329258 0.049885
1.054919 0.047080 0.053600
1.245240 -0.047397 0.052436
0.483993 0.344478 0.049175
0.667800 0.245141 0.054655
1.693866 0.340698 0.045257
1.431706 0.047587 0.054613
1.496303 0.340698 0.043026
1.383410 0.241400 0.057378
1.435705 -0.340480 0.051828
5.514152 6.775492 0.035970
5.514152 6.599526 0.037287
5.498674 6.311637 0.043150
5.392044 6.184591 0.048089
5.406159 6.482646 0.051327
5.204783 6.499410 0.049098
5.090540 6.938517 0.044702
4.911491 6.828888 0.042568
4.740011 6.887470 0.048662
3.820678 6.302965 0.046574
4.054319 6.849825 0.048276
3.893248 6.801926 0.046921
4.221568 6.742371 0.048485
3.832768 6.626039 0.049399
3.926779 6.471169 0.049129
5.511735 4.389337 0.040352
5.404902 5.284469 0.051227
5.241681 4.905156 0.044261
5.417263 4.880720 0.051446
5.501194 5.459538 0.042290
3.928861 5.809364 0.046504
3.832496 5.652323 0.049898
3.931194 5.495819 0.049033
4.743408 5.494614 0.046554
4.143067 3.488803 0.049928
3.936162 3.176123 0.048879
3.931349 3.484870 0.046465
3.832690 3.332330 0.049628
4.565890 3.522142 0.049542
4.769736 3.532289 0.049536
4.657677 3.903288 0.042676
4.227231 3.641101 0.044444
4.107619 3.795397 0.046697
4.495115 3.815696 0.043061
4.443319 3.661306 0.050716
4.183133 3.963673 0.047434
4.354541 3.963767 0.042831
5.498377 2.784731 0.044536
5.389917 2.632310 0.048436
5.072954 2.443735 0.049768
4.864615 2.430276 0.049703
5.072338 2.753693 0.049281
5.176775 2.610193 0.046824
3.820753 -6.306078 0.046397
3.926934 -6.474255 0.048997
3.832848 -6.627735 0.049145
4.468122 -6.498659 0.045543
4.203934 -6.277514 0.044524
4.394752 -6.217277 0.044329
4.525120 -6.318568 0.047997
4.126443 -6.454419 0.050137
4.260262 -6.574273 0.047426
4.942311 -6.657366 0.046037
4.807108 -6.535603 0.046573
4.912241 -6.832339 0.042528
4.609437 -6.599607 0.048432
4.245610 -5.660323 0.049884
4.140875 -5.818471 0.051015
4.131947 -5.500379 0.047607
3.928754 -5.814492 0.046378
3.832354 -5.657509 0.049708
3.930811 -5.501543 0.048892
4.824563 -5.220806 0.043113
4.535620 -5.477949 0.044984
4.432368 -5.333707 0.050313
4.741668 -5.502875 0.046385
4.869926 -5.388755 0.052364
4.351787 -4.651322 0.046506
4.172582 -4.665396 0.046176
3.918370 -3.813923 0.046923
3.819171 -3.984053 0.046353
3.906500 -4.151432 0.047312
4.081716 -4.148499 0.044929
5.505005 -3.613742 0.038352
5.505005 -3.781385 0.038341
5.506043 -4.065123 0.040894
5.411210 -4.209478 0.052018
5.404382 -3.890955 0.049755
5.205393 -5.269142 0.046509
5.135180 -5.098220 0.048300
5.509068 -5.151020 0.041023
5.403065 -5.282566 0.050085
5.417737 -4.961478 0.051891
5.241520 -4.922101 0.044108
5.161437 -4.742358 0.045006
4.986130 -4.740797 0.047158
4.894302 -4.571117 0.044948
5.242820 -4.564410 0.046145
5.495008 -2.494634 0.044026
5.386768 -2.623909 0.049194
5.386352 -2.342361 0.046955
5.173359 -2.604288 0.046233
4.548771 -1.456508 0.048679
4.402938 -1.547022 0.044403
4.396262 -1.740992 0.045847
4.551048 -1.838568 0.050980
5.058447 -1.531678 0.048102
4.736200 -1.739106 0.046767
4.877997 -1.445953 0.046879
4.727248 -1.551016 0.048618
5.215408 -1.999936 0.043765
4.890164 -1.832808 0.045268
5.202386 -1.811264 0.041544
5.061661 -1.730442 0.051069
4.450343 -2.742841 0.048977
4.247767 -3.044436 0.048796
4.141431 -2.884335 0.048745
4.243009 -2.731824 0.048449
5.080751 -3.380699 0.049155
5.181700 -3.224358 0.048104
4.875728 -3.381163 0.048988
3.925209 -1.921034 0.047187
4.134275 -1.925155 0.051922
4.238100 -2.093797 0.050002
4.230160 -2.417857 0.047535
4.135309 -2.569800 0.049320
4.128779 -2.250926 0.047593
3.929805 -2.563614 0.048247
4.570902 -3.533764 0.049484
4.775942 -3.542583 0.049526
4.229957 -3.652722 0.044342
4.109424 -3.806025 0.046621
4.499074 -3.825213 0.042957
4.447153 -3.672370 0.050550
4.357895 -3.972763 0.042800
4.185441 -3.973222 0.047437
1.643633 -8.648094 0.049057
1.334630 -8.443990 0.048937
1.481365 -8.752355 0.049072
1.326929 -8.650113 0.049058
1.652602 -8.441732 0.048856
1.498035 -8.339869 0.049458
3.653168 -9.330934 0.043451
3.664768 -9.160559 0.049558
3.485960 -9.396303 0.042939
3.486590 -9.046961 0.045464
3.312876 -9.302556 0.050214
3.301907 -9.123589 0.045675
3.774055 -8.806912 0.042746
3.591815 -8.777343 0.044027
3.837313 -8.618875 0.043284
3.695066 -8.484779 0.045364
3.542689 -8.576394 0.042388
4.201799 5.005570 0.049033
4.892585 4.557911 0.044787
4.713269 4.582835 0.046028
4.985766 4.727617 0.047378
4.900842 4.896618 0.043630
4.618801 4.436294 0.045524
4.430196 4.131406 0.044473
4.608771 4.101982 0.043504
4.703160 4.245410 0.046588
4.456346 2.094422 0.050859
4.567782 1.967079 0.044758
4.557759 2.266108 0.047421
4.764527 2.276926 0.046709
4.879993 2.114110 0.051963
4.784661 1.975949 0.044133
4.174744 -0.889014 0.049428
4.028279 -0.972983 0.043803
5.020826 0.092033 0.048918
5.021294 -0.081748 0.049124
4.832866 -0.169346 0.046135
4.830652 0.178714 0.046297
4.656079 -0.082541 0.048193
4.654333 0.091738 0.047832
4.836092 -0.344600 0.046463
4.663762 -0.432830 0.047821
4.670584 -0.610058 0.048846
4.845586 -0.700149 0.045806
5.025517 -0.432561 0.048935
5.028190 -0.610882 0.049878
5.516705 -0.881238 0.035775
5.516705 -0.703329 0.036248
5.187986 0.705058 0.043393
4.465966 0.344256 0.047646
4.285461 0.419781 0.046413
5.195644 1.434670 0.044673
5.516414 1.252579 0.035913
5.516414 1.430769 0.036456
5.390699 1.526620 0.051656
3.121518 0.037152 0.054789
2.914819 0.274291 0.049320
2.929390 0.095967 0.055563
3.031019 0.434130 0.041600
4.095088 0.326069 0.047573
3.729228 6.905194 0.034639
3.879656 7.169719 0.046613
3.771608 7.464618 0.042909
3.892507 7.350447 0.049479
3.716637 7.069668 0.053813
3.541717 7.111684 0.038630
3.491616 7.298604 0.058318
3.590257 7.456306 0.045076
4.467621 6.493977 0.045615
4.203675 6.272694 0.044596
4.126191 6.450293 0.050285
4.259910 6.570132 0.047566
4.203424 1.759368 0.044172
4.134437 1.911624 0.051710
3.925983 1.912160 0.047651
3.820274 1.752831 0.046066
4.091033 1.579783 0.044807
3.916337 1.572710 0.052906
0.833168 0.340664 0.049102
1.170020 0.340702 0.045394
1.027995 0.241366 0.056057
1.834116 0.240976 0.055901
2.178843 0.045757 0.052439
2.191171 0.240473 0.055099
2.029474 0.340278 0.049181
2.140399 -0.341383 0.049581
4.724938 7.061254 0.044897
4.527951 7.298491 0.044976
4.538034 7.126244 0.046063
5.230859 4.189157 0.045747
5.413368 4.211177 0.051072
4.869650 3.372471 0.048439
4.764778 3.213246 0.048979
4.865790 3.057156 0.048619
5.510375 5.174305 0.037312
5.510375 5.002155 0.037283
4.971014 5.073929 0.042894
5.138608 5.084798 0.048475
5.208717 5.256569 0.047059
5.086021 5.413822 0.045819
4.872863 5.379206 0.052872
4.827965 5.211084 0.043268
5.501760 5.739478 0.043155
5.395130 5.883786 0.052337
5.396287 5.583018 0.047024
5.199564 5.876381 0.044462
5.177299 5.565202 0.050908
5.087206 5.714256 0.046773
5.082913 6.028794 0.048188
5.170486 6.188822 0.051317
5.075741 6.332632 0.046582
4.870880 6.354146 0.048780
4.218843 5.962303 0.043901
4.141087 5.812774 0.051155
4.459608 3.353253 0.047964
4.558582 3.204176 0.049070
4.452299 3.038713 0.048559
4.252874 3.340119 0.048685
4.245080 3.027651 0.048958
4.144628 3.179980 0.048346
5.498207 2.504502 0.043683
5.499029 2.230083 0.042013
5.390569 2.345293 0.047813
4.760712 2.898787 0.048638
4.863545 2.743870 0.048975
4.759642 2.586911 0.048100
4.553417 2.889415 0.048624
4.552052 2.576506 0.048106
4.448660 2.724093 0.049115
4.724862 -7.064212 0.044829
4.740249 -6.890898 0.048570
4.572648 -6.779929 0.045162
4.537723 -7.129099 0.045980
4.373157 -7.026423 0.046411
4.392695 -6.850567 0.046703
4.446626 -4.812319 0.045873
4.626394 -4.781642 0.046316
4.719951 -4.926132 0.043719
4.375848 -4.996264 0.044362
4.667003 -5.120158 0.042602
4.502668 -5.159614 0.050245
4.119040 -5.182363 0.048558
4.200844 -5.012199 0.048920
3.921554 -5.178812 0.047277
3.823098 -5.012168 0.047650
3.912157 -4.845848 0.048075
4.092417 -4.842327 0.045553
5.228442 -4.206216 0.045435
5.151383 -4.385917 0.045545
4.978172 -4.394185 0.046940
5.087441 -2.124151 0.049511
5.166661 -2.300562 0.046782
5.061907 -2.433214 0.051360
4.737855 -2.290878 0.046075
4.855522 -2.428860 0.050490
4.762722 -2.114681 0.045395
4.902921 -2.037845 0.048881
4.770033 -3.223538 0.048627
4.563581 -3.217901 0.049138
4.557220 -2.905442 0.048428
4.456222 -3.054526 0.048368
4.865590 -2.746759 0.049787
4.764715 -2.908614 0.048160
4.870168 -3.063335 0.049299
5.073289 -2.749647 0.050153
5.179058 -2.912785 0.047561
5.076812 -3.064619 0.049409
3.830790 -2.080114 0.049367
3.930534 -2.241365 0.050220
3.826411 -2.402110 0.048118
4.377292 4.989055 0.044512
4.504798 5.151862 0.050412
4.669572 5.111581 0.042741
4.447675 4.804698 0.046004
4.721846 4.916930 0.043889
4.627455 4.772853 0.046359
4.351716 4.644070 0.046672
4.437028 4.465685 0.045476
4.163924 4.312826 0.045400
4.342811 4.304224 0.046722
3.064239 -0.469534 0.045217
3.008635 -0.284349 0.050406
3.148156 -0.146078 0.051024
5.021643 0.439577 0.048943
5.023557 0.614619 0.049571
4.836530 0.698243 0.045898
4.831205 0.351725 0.046102
4.653237 0.435941 0.047812
4.656648 0.607416 0.048334
5.192066 0.883642 0.044323
5.196044 1.247644 0.043540
5.391304 0.977750 0.050994
5.391099 1.161404 0.052574
4.291069 0.597016 0.050047
4.474985 0.692967 0.047110
4.488655 0.869075 0.047792
4.321299 0.963464 0.048858
4.007709 1.154102 0.050502
4.872766 1.427424 0.047380
5.385350 1.704951 0.049082
5.403427 2.061789 0.046830
5.202094 2.000723 0.045797
5.184016 1.816833 0.043363
3.190046 0.453804 0.054707
3.425259 0.699236 0.051698
3.248138 0.657266 0.044151
1.990771 -0.049100 0.052840
1.977049 -0.242711 0.054887
1.807741 0.046313 0.053414
1.789679 -0.341329 0.051220
1.619501 -0.047778 0.052508
1.615161 -0.241809 0.054810
4.682018 7.414071 0.041365
4.924309 7.672784 0.043826
4.621902 7.596232 0.043711
4.729365 7.724359 0.049087
5.508299 3.919551 0.037689
5.508299 4.090636 0.038042
5.404026 3.813524 0.050247
4.730465 6.237348 0.048969
4.394540 6.211828 0.044433
4.524769 6.313271 0.048141
4.407353 6.016940 0.044815
4.441515 5.637821 0.047248
4.434305 5.326267 0.050533
4.537325 5.470332 0.045157
4.246317 5.653991 0.050084
4.224967 5.333842 0.047145
4.132789 5.494078 0.047785
4.883361 -4.226170 0.045511
4.612813 -4.110823 0.043512
4.706478 -4.255818 0.046761
4.662194 -3.912777 0.042623
3.902574 4.492863 0.046283
4.078703 4.488978 0.046426
4.172278 4.658762 0.046206
3.815619 4.666315 0.045811
3.912215 4.839572 0.048112
4.092745 4.835904 0.045711
4.117234 -0.332484 0.048125
4.305987 -0.424107 0.046496
4.318209 -0.608315 0.049977
4.156880 -0.693290 0.045616
4.102868 -0.163330 0.046119
4.283348 0.085351 0.046721
4.287164 -0.079917 0.047468
4.091327 0.162831 0.046194
3.898750 0.078159 0.046533
3.906476 -0.082734 0.047832
3.499848 -0.910856 0.043132
3.691962 -0.973771 0.048616
3.852190 -0.875127 0.045630
5.038589 1.149779 0.050225
5.034407 0.969431 0.049032
4.859659 1.238308 0.045515
4.843299 0.874471 0.046924
4.677087 0.959753 0.047581
4.689265 1.143242 0.049517
4.120764 0.673349 0.045857
3.808332 0.841798 0.046812
3.988890 0.943883 0.043686
4.137325 0.863688 0.050329
4.206078 1.434911 0.046750
4.174271 1.252142 0.048810
4.339425 1.141698 0.046497
4.518959 1.230798 0.047103
4.384658 1.709297 0.046418
4.529186 1.790912 0.046552
4.384856 1.509037 0.043827
4.532583 1.415367 0.047093
4.712797 1.692211 0.043659
4.715996 1.516926 0.048903
5.511065 1.957101 0.037711
5.511065 1.784153 0.036693
3.571270 0.578776 0.049016
3.767870 0.661467 0.047021
3.911798 0.403168 0.046518
3.931867 0.573213 0.048562
5.153977 7.424289 0.045021
4.985032 7.483050 0.046213
5.213271 7.229547 0.046787
5.077162 7.107739 0.050431
4.883040 7.171895 0.042830
4.850204 7.352463 0.049349
5.090390 3.686040 0.047576
4.819928 3.862889 0.050860
4.882743 3.689597 0.049620
5.203125 3.845396 0.048479
4.949338 4.029281 0.044255
5.124889 4.015345 0.049479
4.572262 5.768397 0.045775
4.556112 5.941310 0.049190
4.767715 5.682752 0.045514
4.897789 5.768355 0.045724
4.895220 5.972964 0.045155
4.748995 6.060275 0.048127
4.887931 -3.698975 0.049776
4.824028 -3.872818 0.050683
5.096541 -3.696467 0.048014
5.204508 -3.858624 0.048687
5.123401 -4.029531 0.048847
4.951531 -4.041216 0.044383
3.353047 -0.202514 0.048382
3.521226 -0.098054 0.049512
3.724988 -0.171565 0.046785
3.702150 0.153996 0.046858
3.711436 0.315767 0.048558
3.534905 0.403121 0.047620
3.506113 0.066614 0.048175
3.311296 0.145384 0.049295
3.330802 0.320119 0.051755
5.502394 3.636646 0.041993
3.750701 -0.340965 0.048320
3.815754 -0.695754 0.047356
3.973979 -0.597886 0.047680
3.946555 -0.421289 0.047106
3.394037 -0.379991 0.048301
3.282964 -0.690140 0.044881
3.244750 -0.508740 0.050511
3.469878 -0.739582 0.049380
3.625557 -0.623124 0.047085
3.587929 -0.444933 0.048396
5.394567 3.512860 0.049382
5.075732 3.374121 0.049089
5.183465 3.530382 0.048652
5.498840 3.353207 0.044176
5.178979 3.220739 0.047608
5.177624 2.914453 0.047317
5.073908 3.062998 0.049114
5.390984 3.217347 0.049290
5.498811 3.068528 0.044686
5.390520 2.923374 0.048791
-0.103321 -0.341026 0.046018
-0.085413 -8.642140 0.043729
-0.198474 -8.447267 0.045695
-0.113061 -8.318744 0.050867
-0.209045 -8.131719 0.052441
-0.357464 -7.719583 0.042926
-0.095983 -8.013294 0.042997
-0.087216 -7.707082 0.038102
-0.183199 -7.816665 0.046838
-1.787048 -9.381913 0.046352
-1.494725 -9.382681 0.046210
-1.641408 -9.274594 0.049115
-3.201186 -7.595465 0.046717
-3.538538 -7.492805 0.045693
-2.379842 -9.390723 0.042670
-1.521540 -7.715014 0.047290
-3.909622 -4.458398 0.049954
-4.224893 -4.746033 0.052147
-4.546529 -4.539394 0.052957
-3.825916 2.976438 0.047594
-0.098241 0.344614 0.042168
-0.380328 -8.465326 0.046280
-0.920463 -7.716320 0.045724
-0.093464 -9.278198 0.046178
-0.093464 -9.061910 0.044789
-0.178999 -9.387993 0.039263
-0.352492 -9.387993 0.040375
-0.461019 -9.281308 0.047863
-0.202221 -8.769490 0.050018
-0.210272 -8.968997 0.054359
-0.404334 -9.078599 0.045096
-0.384075 -8.673778 0.044362
-0.914602 -9.382147 0.045016
-0.752162 -9.275462 0.048513
-0.631305 -9.383315 0.043330
-1.046134 -9.274577 0.048906
-1.333472 -9.062899 0.047750
-1.203016 -9.382430 0.045856
-1.343089 -9.275110 0.048970
-3.481515 -9.397449 0.042618
-3.646557 -9.334735 0.042479
-4.044131 -8.959167 0.040379
-3.399572 -7.366248 0.042212
-3.246292 -7.397750 0.044408
-4.215674 -6.738507 0.051597
-3.830627 -6.622439 0.049581
-3.924361 -6.462490 0.050365
-3.688764 -7.386007 0.040746
-3.533338 -7.665356 0.045777
-3.349265 -7.736514 0.046438
-3.718859 -7.929842 0.046192
-3.713674 -7.759728 0.047708
-2.245083 -9.287031 0.049658
-2.079957 -9.386308 0.044925
-1.939378 -9.278221 0.048411
-1.947396 -9.065241 0.048865
-2.562788 -9.295861 0.050444
-2.142850 -8.135664 0.050534
-2.298927 -8.030345 0.049521
-1.218500 -7.715527 0.046727
-1.361015 -7.820541 0.049518
-1.053975 -7.821848 0.049556
-1.670571 -7.819801 0.049522
-1.827319 -7.714787 0.047528
-1.981111 -7.821443 0.049869
-1.981444 -8.029512 0.048284
-3.481222 9.397576 0.042596
-5.397535 4.861629 0.047865
-5.242024 4.189604 0.043084
-5.416023 4.221506 0.052249
-5.495563 -2.802076 0.044623
-4.967090 -4.011190 0.046409
-4.784724 -5.977510 0.051301
-3.828340 -4.627743 0.049383
-4.126368 -5.452618 0.048307
-3.930625 -5.443227 0.051646
-5.499528 -3.636181 0.042724
-5.499057 -3.360698 0.043615
-5.391919 -3.513195 0.046801
-4.691134 -4.434225 0.043091
-4.901090 -4.184585 0.041648
-4.716921 -4.235788 0.043457
-4.153109 -4.255060 0.042649
-4.340263 -4.272533 0.045562
-4.385666 -4.461743 0.042933
-4.079955 -4.438768 0.044722
-4.218903 -4.565437 0.044054
-4.370621 -3.944549 0.043046
-4.616820 -4.123711 0.044661
-4.434663 -4.140177 0.044182
-4.114515 -3.437624 0.045605
-4.217964 -3.595053 0.045515
-3.810824 4.966396 0.044032
-4.231548 2.994139 0.044797
-3.823774 3.617708 0.047553
-3.807931 4.287551 0.043486
-4.443093 -2.761359 0.045286
-4.239233 -2.094431 0.050258
-3.837017 -2.022326 0.048527
-5.066313 -2.343436 0.050406
-4.295740 0.083785 0.048194
-5.515697 -0.361886 0.036223
-5.385376 -0.450913 0.051758
-5.515697 -0.185196 0.036108
-5.386303 -0.096834 0.051776
-5.387779 -1.165044 0.052428
-0.521200 -8.350379 0.052164
-0.693751 -8.446455 0.048158
-0.716423 -9.064468 0.046896
-0.695476 -8.651924 0.047801
-0.526673 -8.764299 0.052265
-0.538881 -8.969613 0.050931
-1.484365 -8.957907 0.049440
-1.794323 -8.956372 0.049019
-1.640665 -9.062032 0.047822
-3.927028 -3.120119 0.046082
-4.237844 -1.890806 0.050894
-4.402049 -1.579117 0.046626
-4.410501 -1.781077 0.046999
-3.667978 -0.951382 0.050749
-4.300680 -0.608273 0.050546
-4.656586 -0.445913 0.048343
-4.068696 -8.789348 0.044849
-3.828864 -9.133412 0.046586
-3.851092 -8.982667 0.041632
-3.647117 -9.164637 0.049973
-5.509161 -5.725410 0.039746
-5.508797 -5.443338 0.037578
-5.411292 -5.544830 0.046608
-3.045630 -7.608498 0.044630
-2.289194 -7.819406 0.048808
-2.436856 -7.712750 0.046617
-2.132785 -7.716656 0.047919
-3.453636 -7.169661 0.041314
-3.625188 -7.184060 0.045460
-3.821799 -5.613441 0.047845
-4.201197 -5.634614 0.049236
-4.116147 -6.445074 0.048405
-4.246860 -6.563887 0.043823
-4.724524 -6.162527 0.049870
-4.581621 -6.537671 0.047866
-4.443778 -6.462734 0.043939
-5.001724 -7.590203 0.042306
-4.830295 -7.566719 0.049806
-5.088712 -7.758895 0.048181
-5.041850 -7.930726 0.045675
-4.880243 -7.965614 0.045355
-4.544757 -6.738329 0.045895
-4.375728 -6.838012 0.043511
-3.876549 -7.664556 0.044383
-3.846439 -7.463386 0.050181
-3.909100 -8.026266 0.048193
-4.050921 -6.846726 0.048386
-3.890320 -6.795504 0.043856
-3.717596 -6.910699 0.039229
-3.744995 -7.069251 0.052629
-4.444117 -8.539305 0.044206
-4.243818 -8.742742 0.043446
-4.266194 -8.571975 0.045785
-2.100576 -8.973780 0.046640
-2.257683 -9.087483 0.047656
-2.680074 -9.395138 0.038684
-2.860014 -9.395138 0.038129
-2.973954 -9.300751 0.049801
-3.164124 -9.395613 0.041481
-3.306144 -9.303062 0.049262
-2.476076 -8.101261 0.051670
-1.346850 -8.028695 0.048400
-0.383936 8.673831 0.044345
-0.085393 8.642102 0.043725
-0.202145 8.769517 0.049990
-0.631713 7.718755 0.044469
-1.786573 9.381909 0.046342
-0.693495 8.446452 0.048144
-0.848155 8.340401 0.050723
-2.132375 7.716646 0.047918
-3.821792 5.618299 0.047707
-1.980638 7.821423 0.049852
-1.826936 7.714777 0.047520
-4.627942 8.333124 0.047744
-5.499653 3.644476 0.042638
-5.404551 3.816978 0.051218
-5.500244 4.991039 0.042682
-5.511125 4.405834 0.040671
-5.503958 4.707474 0.042677
-5.408417 4.552483 0.051337
-5.508805 5.276775 0.038249
-5.402382 5.162615 0.051511
-5.208544 -3.831221 0.046384
-5.141621 -3.998624 0.047626
-5.511515 -3.922101 0.037570
-5.404376 -3.808170 0.051409
-5.241871 -4.180816 0.043164
-4.410032 -3.541607 0.044917
-5.503917 -4.700489 0.042776
-5.408334 -4.544823 0.051482
-4.939491 -5.923246 0.042278
-3.835492 -5.284251 0.051229
-4.912740 -5.071112 0.044705
-4.567329 -4.731583 0.043691
-4.761291 -4.802545 0.048466
-4.770353 -4.969761 0.046050
-4.412457 -4.834528 0.046117
-4.260397 -5.317005 0.045654
-4.240977 -5.139491 0.052463
-4.421388 -5.017108 0.047164
-4.585322 -5.081379 0.043676
-4.473148 -5.368756 0.048905
-4.617662 -5.255513 0.046669
-4.820125 -5.257277 0.041991
-5.393816 -3.222964 0.049460
-5.501426 -3.075454 0.043480
-5.390322 -2.935476 0.044882
-5.194107 -3.213386 0.043535
-5.083795 -3.661663 0.048932
-5.172018 -3.515626 0.048991
-5.079448 -3.353551 0.048237
-4.889355 -3.283533 0.045444
-4.751614 -3.369392 0.050826
-5.150290 -4.361632 0.047080
-4.984041 -4.352835 0.045422
-5.221602 -4.540616 0.045251
-5.104709 -4.707949 0.047451
-4.862632 -4.505996 0.043349
-4.911989 -4.682126 0.049539
-4.566620 -3.061695 0.050190
-4.429736 -2.952728 0.045652
-4.558792 -3.252155 0.048758
-4.419582 -3.341394 0.044753
-4.231311 -3.283157 0.046018
-4.232107 -2.982798 0.044948
-4.140972 -3.124129 0.052239
-4.079943 -4.094175 0.045666
-4.203055 -3.916020 0.047929
-4.125377 -3.754658 0.050571
-3.827612 -3.281738 0.048268
-3.924761 -3.440214 0.049716
-3.909632 4.466181 0.049836
-3.912524 4.802172 0.045378
-3.828367 4.635029 0.049275
-4.224950 4.753676 0.052019
-4.088881 4.855364 0.044076
-4.546602 4.547951 0.052843
-4.385757 4.470222 0.042849
-4.218987 4.573375 0.043992
-4.080026 4.446742 0.044651
-4.153121 4.263496 0.042576
-4.340327 4.281237 0.045465
-5.501526 3.084421 0.043530
-5.392142 3.522840 0.046581
-5.499155 3.369457 0.043563
-5.394014 3.233373 0.049219
-4.126717 2.821953 0.045202
-3.835621 2.656504 0.049439
-3.934871 2.808991 0.052517
-4.239340 2.107788 0.050190
-3.837103 2.030546 0.048817
-4.417872 2.197569 0.048479
-4.566141 2.088381 0.048472
-4.434729 4.149525 0.044081
-5.141773 4.007826 0.047541
-5.208759 3.840835 0.046241
-0.265431 -0.245586 0.070558
-4.231054 3.293867 0.045906
-4.140601 3.134815 0.052121
-4.114376 3.447701 0.045530
-3.926816 3.130076 0.045957
-3.827567 3.291188 0.048221
-3.924674 3.449761 0.049617
-4.217856 3.605126 0.045412
-4.370639 3.954217 0.042985
-4.517392 3.831932 0.048106
-3.920906 3.774679 0.045714
-3.823798 3.940434 0.047777
-4.202974 3.925296 0.047793
-4.125286 3.764156 0.050487
-4.079858 4.102863 0.045589
-3.905063 4.107478 0.047601
-5.201033 1.284479 0.043013
-4.880965 1.483428 0.047129
-5.514060 1.417400 0.039124
-5.486211 1.144957 0.045232
-5.393604 1.255535 0.043037
-3.814511 -2.335486 0.043347
-4.106379 -2.206412 0.043722
-3.924861 -2.167515 0.046622
-4.559777 -1.874549 0.048753
-4.732107 -1.766265 0.048912
-5.084679 -2.738677 0.049881
-5.171071 -2.913777 0.045624
-5.082466 -3.044177 0.047532
-4.890004 -3.077523 0.045414
-4.760091 -2.972923 0.049501
-4.586273 -2.670942 0.048764
-4.766387 -2.773540 0.049545
-4.904377 -2.664953 0.047927
-4.893419 -2.458351 0.045280
-5.488155 -2.245106 0.045794
-5.394844 -2.370257 0.042343
-5.513355 -2.517810 0.040565
-5.402252 -2.655502 0.045911
-5.210619 -2.613800 0.042290
-5.203211 -2.425162 0.041694
-3.921701 -0.409342 0.047252
-4.127653 0.339434 0.048479
-4.112327 0.168154 0.046893
-5.384911 -0.627663 0.051895
-5.388278 -0.983219 0.051439
-5.515593 0.168896 0.036092
-5.386200 0.080986 0.051763
-5.019820 -0.450745 0.049714
-5.183647 -0.362564 0.044153
-5.184574 -0.185175 0.044262
-4.831432 -0.360559 0.046976
-5.514733 -1.245845 0.035045
-4.544122 -1.475995 0.049143
-4.724905 -1.569672 0.048575
-5.193173 -1.265956 0.042897
-5.037492 -1.178366 0.051726
-5.061095 -1.559662 0.050118
-5.202799 -1.456452 0.045391
-4.873958 -1.468018 0.047578
-4.859981 -1.277218 0.046862
-0.401460 -8.043846 0.046028
-0.531761 -8.144467 0.052497
-0.713292 -8.035281 0.047017
-0.462663 -7.828339 0.047261
-0.631831 -7.718756 0.044480
-0.752159 -7.825076 0.049208
-0.849433 -8.751746 0.050188
-0.858172 -8.958977 0.050387
-1.025443 -9.062400 0.047435
-1.172708 -8.958041 0.049815
-1.798027 -8.747977 0.048558
-4.132325 -0.684490 0.046232
-3.820748 -0.850005 0.046711
-3.943212 -0.581951 0.049001
-3.779240 -0.669947 0.047736
-4.523627 -1.280088 0.047920
-4.690434 -1.182965 0.050304
-3.702331 -1.121739 0.041258
-4.105883 -1.793690 0.042791
-3.925755 -1.860695 0.047472
-3.815404 -1.714920 0.042474
-4.293748 -0.427515 0.047145
-4.291158 -0.085208 0.047614
-4.473540 -0.174904 0.046950
-4.472088 -0.350591 0.048419
-4.103884 -0.331123 0.048223
-4.099842 -0.164504 0.047030
-3.903204 -8.691808 0.042657
-3.755422 -8.815305 0.040587
-3.601612 -8.758474 0.050235
-5.508797 -5.270992 0.038326
-2.997622 -7.927701 0.048838
-2.950470 -7.763800 0.044841
-2.834789 -8.041787 0.044779
-2.758151 -7.700314 0.041940
-2.610702 -7.803064 0.051750
-2.640188 -7.980636 0.043614
-3.914220 -5.784791 0.049380
-4.097874 -5.796572 0.047444
-4.400664 -5.985347 0.046004
-4.517888 -6.156731 0.046890
-4.415608 -6.285167 0.046297
-4.199019 -5.966018 0.043880
-4.208464 -6.272804 0.042790
-4.109098 -6.125038 0.051667
-5.413305 -6.764881 0.051674
-5.059429 -6.295778 0.047816
-4.773442 -6.468767 0.046613
-4.846726 -6.304322 0.051158
-5.184215 -6.454759 0.047685
-5.266381 -7.740464 0.039637
-4.852173 -8.152921 0.040779
-4.456505 -8.356027 0.048880
-4.283452 -8.228110 0.045133
-4.628931 -8.331993 0.047782
-4.664713 -8.169492 0.045852
-4.500667 -7.624579 0.045194
-4.571855 -7.998013 0.042265
-4.689172 -7.699187 0.049051
-4.715872 -7.865648 0.043435
-4.464409 -7.433077 0.048145
-4.382282 -7.032815 0.047088
-4.684858 -6.828595 0.044770
-5.512272 -6.887986 0.037768
-5.512272 -7.063540 0.036804
-5.509036 -7.364472 0.041419
-5.448222 -7.519560 0.044889
-5.300047 -7.542767 0.043781
-5.414641 -7.178059 0.052321
-5.142574 -7.444559 0.042054
-2.591057 -9.106107 0.047547
-2.420711 -9.001421 0.047688
-3.290646 -9.120886 0.046855
-3.466577 -9.045175 0.044493
-3.455680 -8.867436 0.049602
-0.857450 -8.135152 0.051073
-1.029829 -8.030474 0.048062
-1.180190 -8.132308 0.050150
-0.848470 -8.340415 0.050736
-1.500730 -8.130807 0.049800
-1.821005 -8.130495 0.049988
-1.663925 -8.027440 0.048502
-1.814475 -8.335893 0.049637
-0.113002 8.318690 0.050834
-0.198395 8.447261 0.045692
-0.531557 8.144472 0.052481
-0.380186 8.465363 0.046264
-0.520984 8.350389 0.052150
-0.751979 7.825069 0.049190
-0.713063 8.035270 0.047001
-0.857150 8.135136 0.051060
-0.920269 7.716315 0.045711
-0.087208 7.707072 0.038095
-1.946784 9.065232 0.048853
-2.079413 9.386313 0.044918
-1.938821 9.278222 0.048393
-1.980863 8.029481 0.048271
-1.820436 8.130467 0.049971
-1.649931 8.438435 0.048674
-1.958142 8.644711 0.048888
-1.968217 8.439092 0.048562
-1.813873 8.335868 0.049621
-1.493315 8.336405 0.049719
-2.142176 8.135637 0.050515
-2.136093 8.339847 0.049912
-1.012700 8.441217 0.048622
-1.331691 8.439790 0.048703
-1.171990 8.337786 0.050041
-1.328351 8.646097 0.049158
-1.011936 8.647086 0.048855
-1.167886 8.749961 0.049243
-1.793745 8.956356 0.049006
-1.483606 8.749183 0.048753
-1.643562 8.644906 0.049117
-1.797429 8.747958 0.048544
-3.919649 5.128880 0.045316
-3.835492 5.290017 0.051097
-3.930618 5.448724 0.051506
-4.126365 5.458341 0.048177
-4.096007 5.065802 0.043437
-1.521209 7.715008 0.047279
-1.670160 7.819785 0.049505
-1.663435 8.027417 0.048489
-1.500256 8.130789 0.049786
-4.455394 8.357309 0.048833
-4.282158 8.229697 0.045087
-5.511565 4.103441 0.036856
-5.511565 3.929750 0.037477
-5.207408 5.198657 0.046176
-4.820297 5.264080 0.041860
-5.104380 6.009558 0.043490
-5.230565 5.853370 0.041550
-5.408372 5.864327 0.052673
-4.201144 5.639986 0.049129
-5.511084 -4.398351 0.040719
-5.511515 -4.095828 0.036816
-5.415932 -4.213328 0.052359
-5.505876 -6.027101 0.042355
-5.392789 -6.165786 0.046030
-5.408370 -5.859302 0.052754
-5.230536 -5.848017 0.041621
-5.169037 -6.154310 0.050640
-5.104289 -6.004341 0.043589
-3.810782 -4.959925 0.044114
-4.088779 -4.848236 0.044178
-3.912455 -4.795205 0.045472
-4.095932 -5.059115 0.043533
-3.919608 -5.122627 0.045393
-5.092666 -5.032061 0.050160
-5.184960 -4.866302 0.049653
-5.207272 -5.192046 0.046304
-5.402315 -5.156299 0.051646
-5.500184 -4.984647 0.042790
-5.397435 -4.854635 0.048004
-4.375230 -5.661193 0.041609
-4.513153 -5.530948 0.045833
-4.678488 -5.631467 0.043082
-4.650977 -5.828847 0.042141
-4.473552 -5.842480 0.047000
-4.906935 -5.384096 0.049243
-4.836389 -5.573491 0.050083
-5.211693 -5.510683 0.048692
-5.114155 -5.357916 0.045756
-5.131728 -5.679979 0.047192
-4.963645 -5.716607 0.042204
-4.885892 -3.677526 0.050069
-4.744275 -3.552071 0.046342
-4.836110 -3.859651 0.046912
-4.670009 -3.920968 0.042272
-4.517420 -3.821819 0.048133
-4.541903 -3.635047 0.049613
-3.807949 -4.279518 0.043572
-3.905117 -4.099001 0.047691
-4.617824 5.262319 0.046567
-4.473183 5.375100 0.048749
-4.260459 5.323250 0.045540
-4.241070 5.146215 0.052344
-4.691182 4.442932 0.043005
-4.567439 4.739676 0.043608
-4.412557 4.842248 0.046011
-4.585582 5.088603 0.043592
-4.421552 5.024349 0.047056
-5.513639 2.526073 0.040772
-5.063970 1.577095 0.050265
-5.203881 1.477463 0.043822
-5.396452 1.542403 0.048296
-4.884557 1.874212 0.046216
-5.064050 1.771159 0.050085
-5.204097 1.864803 0.043235
-4.254552 2.690779 0.046208
-4.244003 2.507781 0.051956
-4.424016 2.390961 0.045435
-3.814172 2.344265 0.043373
-3.923126 2.494362 0.045791
-4.104423 2.425161 0.043500
-3.924608 2.177615 0.046520
-4.105905 2.218560 0.043646
-3.477900 -0.890377 0.044277
-1.695657 -0.340622 0.045441
-0.483339 -0.344560 0.049212
-0.667521 -0.245159 0.054849
-0.833298 -0.340599 0.049194
-1.055825 -0.047041 0.053732
-1.028734 -0.241282 0.056274
-1.481340 -0.241306 0.057508
-0.404251 0.328844 0.050071
-0.205910 0.233458 0.053188
-0.107670 0.039098 0.047954
-0.269779 -0.063409 0.062408
-1.792063 0.341297 0.051271
-1.083710 0.340908 0.051016
-2.032129 -0.340165 0.049291
-1.810723 -0.046157 0.053517
-1.836700 -0.240788 0.056139
-3.923643 -2.484148 0.045960
-4.127295 -2.810675 0.045304
-4.255181 -2.678676 0.046309
-4.244618 -2.495337 0.052099
-4.105160 -2.413388 0.043478
-4.747507 -2.366285 0.049943
-4.741650 -2.163209 0.048285
-4.424607 -2.377366 0.045521
-4.578350 -2.470289 0.048631
-4.418004 -2.183436 0.048628
-4.565891 -2.073283 0.048648
-5.513772 -1.966930 0.039773
-5.395260 -2.096995 0.047792
-5.396444 -1.808740 0.043726
-3.907968 -0.078199 0.047385
-3.915872 0.085465 0.048486
-3.734242 0.174802 0.047509
-5.515232 -0.891017 0.036329
-5.515232 -0.714923 0.036126
-5.030880 -0.991827 0.049651
-5.187060 -0.897593 0.044767
-5.020331 -0.629562 0.050448
-5.183693 -0.718131 0.043917
-5.515593 0.345475 0.036275
-5.388188 0.437167 0.051509
-5.515043 0.875300 0.036743
-5.394587 0.979880 0.050624
-5.515043 0.700470 0.035341
-5.387637 0.617935 0.052122
-4.317633 0.433494 0.047170
-5.489339 -1.692208 0.044155
-5.397406 -1.529359 0.050341
-5.514733 -1.419664 0.036864
-2.136804 -8.339875 0.049932
-1.968868 -8.439121 0.048575
-2.108263 -8.761673 0.050095
-1.958787 -8.644739 0.048903
-1.484110 -8.749187 0.048766
-1.644113 -8.644918 0.049132
-1.493816 -8.336420 0.049732
-1.650481 -8.438452 0.048689
-4.351994 -1.181242 0.049723
-4.334052 -0.986752 0.048029
-4.005670 -0.954740 0.044725
-4.153276 -0.877221 0.050217
-4.481450 -0.710902 0.047399
-4.493872 -0.896650 0.049400
-4.659017 -0.625466 0.050017
-4.834374 -0.718929 0.046550
-4.678621 -0.994018 0.048767
-4.841556 -0.901732 0.048081
-3.830718 -1.404292 0.045410
-3.919455 -1.543733 0.045764
-3.877416 -1.224934 0.045329
-4.027984 -1.159312 0.049213
-4.193532 -1.276283 0.048119
-4.223092 -1.478250 0.049891
-4.099584 -1.583095 0.043906
-3.539075 -8.005717 0.045993
-3.211256 -8.189795 0.048556
-3.183901 -7.994601 0.047970
-3.349817 -7.906761 0.048486
-3.913123 -8.194101 0.045978
-3.908077 -8.527774 0.046041
-4.095945 -8.454546 0.044172
-4.100814 -8.293960 0.047282
-3.546954 -8.177181 0.048167
-3.385051 -8.273419 0.045711
-3.730761 -8.269141 0.045975
-3.730585 -8.442228 0.046688
-3.410176 -8.472582 0.049179
-3.571902 -8.549431 0.043775
-3.820400 -6.291120 0.047166
-3.912821 -6.125938 0.046569
-3.819087 -5.955135 0.046974
-5.507700 -6.588160 0.041553
-5.493581 -6.304256 0.044983
-5.394614 -6.451762 0.049273
-4.361513 -7.735296 0.045105
-4.077010 -7.945981 0.045033
-4.263670 -8.047965 0.050566
-4.406001 -7.942268 0.050503
-4.191815 -7.649397 0.047972
-4.049644 -7.754384 0.050051
-4.155538 -7.446625 0.045950
-4.288978 -7.341022 0.044615
-3.983257 -7.350443 0.047490
-4.249899 -7.137509 0.047108
-4.078591 -7.050925 0.046313
-3.945390 -7.158255 0.042789
-4.774141 -7.382953 0.043359
-4.596761 -7.323917 0.046485
-4.553712 -7.127168 0.044532
-4.687260 -7.022631 0.043055
-5.230142 -6.779134 0.045557
-5.114138 -6.605410 0.045554
-4.916068 -6.610874 0.048312
-4.864348 -6.770044 0.043256
-5.109957 -7.286569 0.047983
-5.233848 -7.137551 0.045908
-4.912953 -7.248446 0.044786
-4.869119 -7.084874 0.044980
-5.148316 -6.948374 0.047514
-4.980592 -6.933820 0.043501
-0.857865 8.958979 0.050373
-0.716180 9.064479 0.046882
-0.695222 8.651927 0.047785
-0.849118 8.751744 0.050175
-0.526461 8.764332 0.052251
-0.538673 8.969649 0.050914
-0.178954 9.388020 0.039249
-0.093426 9.278201 0.046170
-0.352427 9.388020 0.040358
-0.460901 9.281342 0.047848
-0.404182 9.078661 0.045084
-0.093426 9.061891 0.044771
-0.210179 8.969029 0.054338
-0.095971 8.013253 0.042985
-0.208974 8.131697 0.052422
-0.401338 8.043848 0.046016
-0.183180 7.816649 0.046830
-0.462577 7.828332 0.047241
-0.357421 7.719577 0.042916
-2.379276 9.390743 0.042668
-2.244453 9.287056 0.049639
-2.562141 9.295921 0.050427
-1.029510 8.030458 0.048048
-1.179805 8.132292 0.050137
-1.346447 8.028679 0.048387
-1.053712 7.821837 0.049540
-1.218234 7.715523 0.046715
-1.360675 7.820531 0.049502
-0.914384 9.382148 0.045001
-0.631176 9.383322 0.043315
-0.751964 9.275470 0.048497
-1.045842 9.274578 0.048891
-1.025106 9.062401 0.047421
-1.172309 8.958042 0.049801
-3.045293 7.608768 0.044569
-3.257147 8.578210 0.048122
-5.040991 7.931773 0.045657
-5.087751 7.760138 0.048127
-3.743903 7.070818 0.052500
-3.907687 8.027924 0.048158
-3.646269 9.334946 0.042444
-4.043519 8.959790 0.040343
-4.443159 8.540291 0.044171
-5.507660 6.591282 0.041438
-5.512159 6.890140 0.037678
-5.413153 6.767837 0.051557
-5.229782 6.782500 0.045493
-5.113819 6.609341 0.045486
-5.092862 5.039125 0.050046
-5.185128 4.873673 0.049529
-4.913007 5.078271 0.044580
-4.770622 4.977242 0.045979
-4.761473 4.810416 0.048323
-4.906922 5.390490 0.049128
-5.131658 5.685673 0.047138
-5.114178 5.364213 0.045642
-5.211603 5.516556 0.048603
-5.505921 6.031642 0.042242
-5.394529 6.455585 0.049209
-5.493535 6.308149 0.044868
-5.392789 6.170262 0.045932
-5.184058 6.458980 0.047604
-5.059331 6.300418 0.047717
-5.169056 6.159136 0.050534
-5.509118 5.730499 0.039686
-5.508805 5.448894 0.037549
-5.411256 5.550425 0.046524
-4.513088 5.537042 0.045782
-4.375144 5.666837 0.041523
-3.823835 -3.931823 0.047865
-3.920983 -3.765634 0.045819
-3.823815 -3.608620 0.047626
-4.617006 4.133169 0.044541
-4.717014 4.244756 0.043355
-4.901211 4.193508 0.041583
-4.967281 4.020454 0.046299
-4.670084 3.930791 0.042185
-4.836161 3.869324 0.046807
-5.495555 2.810967 0.044779
-5.390414 2.946487 0.044713
-5.402527 2.667095 0.045421
-5.210838 2.628418 0.042211
-5.514196 1.972792 0.040389
-5.489059 1.694740 0.045295
-5.396588 1.821263 0.044330
-5.487947 2.252389 0.046233
-5.394918 2.382009 0.042552
-5.395476 2.109725 0.046575
-5.202985 2.056203 0.042900
-5.203230 2.440728 0.041654
-5.065804 2.359471 0.050200
-5.065002 2.160691 0.049777
-4.741414 2.178911 0.048139
-4.886622 2.072343 0.047100
-5.194330 3.225309 0.043411
-4.577718 2.484369 0.048483
-4.892856 2.473720 0.045140
-4.746846 2.381506 0.049749
-3.925421 1.871204 0.046954
-3.503845 0.914148 0.043331
-3.581045 -0.585489 0.049414
-3.432474 -0.704543 0.052411
-3.066739 0.470732 0.045902
-3.013805 0.284714 0.051172
-3.826082 -2.966819 0.047648
-3.835799 -2.646949 0.049409
-3.935214 -2.798706 0.052678
-0.680546 -0.052030 0.053896
-0.500712 0.030745 0.050795
-0.536944 0.228639 0.057188
-0.873414 0.046771 0.052602
-0.893073 0.240703 0.055553
-0.736436 0.339795 0.049070
-1.170864 -0.340683 0.045473
-1.369025 -0.340683 0.043090
-1.621970 0.047817 0.052650
-1.617494 0.241772 0.055023
-1.437381 0.340475 0.051909
-1.433630 -0.047497 0.054667
-1.254885 0.241383 0.055137
-1.246659 0.047367 0.052581
-1.994696 0.049169 0.053020
-1.980511 0.242668 0.055165
-2.143317 0.341371 0.049524
-5.063423 -1.752266 0.050726
-5.204166 -1.844807 0.043258
-4.883487 -1.857215 0.046301
-4.886916 -2.055425 0.047430
-5.065668 -2.143586 0.050071
-5.202981 -2.037917 0.043089
-5.198428 0.903223 0.045029
-5.191478 0.716108 0.043147
-4.509491 0.719694 0.047265
-4.170074 0.702396 0.046120
-4.331709 0.618957 0.050238
-4.481172 0.172258 0.046735
-4.487739 0.350687 0.048745
-1.328805 -8.646102 0.049172
-1.012293 -8.647092 0.048870
-1.168296 -8.749964 0.049256
-1.013056 -8.441230 0.048637
-1.172397 -8.337800 0.050053
-1.332143 -8.439800 0.048717
-2.871832 -8.209791 0.048873
-3.062019 -8.290898 0.046635
-2.278739 -8.470164 0.050607
-2.260279 -8.686343 0.044399
-2.415619 -8.812388 0.046663
-2.585087 -8.738038 0.048579
-3.258342 -8.577515 0.048149
-3.274136 -8.763326 0.045319
-3.083981 -8.479456 0.046332
-2.924226 -8.573544 0.047699
-2.590278 9.106222 0.047531
-2.679571 9.395178 0.038690
-2.859555 9.395178 0.038109
-3.163663 9.395692 0.041455
-3.305588 9.303268 0.049227
-2.973333 9.300871 0.049757
-2.517455 8.264039 0.042956
-2.288668 7.819384 0.048786
-2.436448 7.712738 0.046624
-2.298245 8.030317 0.049508
-2.475285 8.101271 0.051655
-1.202706 9.382431 0.045841
-2.949927 7.764011 0.044833
-2.757808 7.700315 0.041972
-2.610132 7.803053 0.051719
-2.639393 7.980653 0.043613
-2.748899 8.486802 0.045990
-2.718498 8.311551 0.043305
-2.923160 8.573937 0.047689
-3.082809 8.480005 0.046299
-5.265655 7.741284 0.039654
-5.447890 7.520268 0.044886
-5.299343 7.543940 0.043788
-5.508839 7.365390 0.041350
-5.512159 7.065261 0.036798
-5.414331 7.179887 0.052264
-5.141653 7.446281 0.042012
-5.000628 7.591911 0.042242
-4.879204 7.966930 0.045324
-4.851215 8.153969 0.040763
-4.663618 8.170818 0.045805
-3.716857 6.911602 0.039372
-3.453040 7.170185 0.041263
-3.624353 7.185134 0.045445
-4.380887 7.036146 0.047048
-4.374624 6.841644 0.043451
-4.686044 7.025957 0.043013
-4.552398 7.130410 0.044469
-4.248472 7.140465 0.047032
-3.943986 7.160498 0.042729
-4.077052 7.053583 0.046292
-3.981996 7.352688 0.047416
-3.828383 9.133874 0.046552
-3.850409 8.983343 0.041581
-3.646566 9.165092 0.049933
-4.067843 8.790168 0.044828
-4.242998 8.743518 0.043418
-4.265152 8.573000 0.045740
-4.846712 6.308986 0.051015
-3.820552 6.293908 0.047033
-5.104829 4.715746 0.047341
-5.221695 4.548711 0.045166
-4.862656 4.514411 0.043299
-4.912110 4.690170 0.049409
-5.150404 4.370159 0.046986
-4.984084 4.361435 0.045368
-4.836327 5.579543 0.049972
-4.678438 5.637516 0.043023
-4.963637 5.722383 0.042150
-4.939557 5.928706 0.042202
-4.889287 3.295287 0.045347
-4.885865 3.687817 0.049914
-5.079580 3.365016 0.048107
-5.172251 3.526462 0.048850
-5.083970 3.671955 0.048776
-5.084527 2.752749 0.049652
-4.903970 2.679307 0.047799
-5.171074 2.926946 0.045463
-5.082502 3.056816 0.047385
-4.889838 3.090076 0.045274
-4.238979 1.905090 0.050614
-4.106357 1.807682 0.043100
-4.102653 1.599090 0.043876
-4.230852 1.495574 0.050308
-3.921717 1.554968 0.045886
-3.833399 1.410932 0.046830
-3.814985 1.721832 0.042782
-3.891322 1.240387 0.045060
-3.862459 0.881406 0.045823
-3.717325 1.134840 0.039642
-3.698719 0.978057 0.049165
-3.475484 0.743647 0.050001
-3.401228 0.383346 0.048797
-3.286304 0.692645 0.045307
-3.249496 0.511349 0.051162
-3.760049 0.345980 0.048803
-3.596293 0.449631 0.049051
-3.633741 0.628636 0.047533
-3.825842 0.702486 0.048009
-3.957005 0.427924 0.047745
-3.985350 0.605423 0.048022
-2.798310 0.225350 0.065473
-2.343379 0.242142 0.056491
-5.053814 1.191563 0.051353
-5.050226 1.002515 0.050233
-4.873656 1.290880 0.046565
-4.862698 0.910310 0.047478
-5.022117 -0.095245 0.049709
-4.832802 -0.182447 0.046792
-4.659407 -0.092114 0.048538
-4.662458 0.086054 0.049045
-4.853447 0.723380 0.046583
-4.681049 0.629048 0.050204
-4.673373 0.445503 0.048421
-5.034024 0.628471 0.051275
-2.719504 -8.311360 0.043306
-2.749936 -8.486557 0.046008
-2.581475 -8.566596 0.042464
-2.518349 -8.263982 0.042968
-2.430468 -8.424767 0.043071
-3.113858 -9.030484 0.046396
-3.108244 -8.850662 0.048207
-2.939186 -9.117797 0.046554
-2.932695 -8.758940 0.046078
-2.762895 -9.022430 0.048109
-2.762017 -8.843394 0.046049
-2.938371 9.118015 0.046528
-2.931699 8.759303 0.046049
-2.761094 8.843629 0.046037
-2.762057 9.022623 0.048081
-3.289889 9.121287 0.046829
-3.454732 8.868148 0.049576
-3.465820 9.045741 0.044450
-3.273092 8.763976 0.045283
-3.107293 8.851137 0.048191
-3.113002 9.030855 0.046365
-2.107563 8.761668 0.050081
-2.099890 8.973792 0.046621
-2.256967 9.087524 0.047642
-2.419926 9.001512 0.047666
-2.584181 8.738212 0.048555
-2.580524 8.566750 0.042458
-2.414792 8.812495 0.046649
-2.259506 8.686384 0.044376
-2.277961 8.470182 0.050589
-2.429591 8.424832 0.043048
-1.494330 9.382682 0.046197
-1.640940 9.274591 0.049101
-1.342707 9.275112 0.048955
-1.640149 9.062027 0.047808
-1.483877 8.957907 0.049427
-1.333045 9.062901 0.047737
-3.545568 8.178338 0.048131
-3.383702 8.274348 0.045678
-3.408864 8.473460 0.049145
-3.717514 7.931308 0.046151
-3.537758 8.006913 0.045969
-3.348700 7.907700 0.048446
-2.833837 8.041962 0.044783
-2.870772 8.210092 0.048851
-2.996694 7.928058 0.048825
-3.182806 7.995280 0.047947
-3.209997 8.190503 0.048524
-3.060822 8.291411 0.046617
-4.772979 7.385477 0.043301
-4.829170 7.568814 0.049756
-4.595487 7.326796 0.046444
-4.868066 7.087902 0.044950
-4.911912 7.251035 0.044701
-5.147716 6.951390 0.047482
-4.979739 6.937049 0.043471
-5.233259 7.139949 0.045847
-5.109128 7.288742 0.047897
-4.099445 8.295445 0.047220
-4.094674 8.455766 0.044129
-3.911688 8.195613 0.045932
-3.729326 8.270422 0.045939
-4.773169 6.473065 0.046518
-4.915550 6.614857 0.048223
-4.863536 6.773675 0.043214
-4.581246 6.541833 0.047742
-4.683812 6.832251 0.044727
-4.543903 6.742201 0.045803
-3.912991 6.129672 0.046496
-3.819105 5.959062 0.046827
-3.914231 5.789408 0.049283
-4.097836 5.801478 0.047318
-4.199077 5.970608 0.043749
-4.109357 6.129147 0.051547
-4.215025 6.741886 0.051495
-4.049867 6.849506 0.048357
-3.889756 6.797206 0.043829
-3.830640 6.623938 0.049335
-3.924526 6.465207 0.050270
-4.744146 3.562800 0.046232
-4.751460 3.380774 0.050647
-4.409904 3.552161 0.044818
-4.541751 3.645448 0.049443
-4.419309 3.352401 0.044645
-4.558470 3.263664 0.048618
-4.759711 2.985785 0.049384
-4.765847 2.787191 0.049365
-4.429153 2.964881 0.045539
-4.566169 3.073886 0.050027
-4.442453 2.774056 0.045198
-4.585604 2.684466 0.048583
-4.561616 1.890235 0.048513
-4.412986 1.796725 0.047055
-4.731312 1.585913 0.048540
-4.734824 1.782633 0.048649
-4.553680 1.492590 0.048943
-4.408562 1.595801 0.046595
-4.190941 0.897616 0.049285
-4.042833 0.979563 0.044966
-4.211684 1.295323 0.048430
-4.053090 1.181761 0.048856
-3.339657 -0.324505 0.052286
-3.544583 -0.408596 0.048334
-3.721269 -0.320446 0.049252
-3.711577 -0.155921 0.047668
-3.252580 -0.660652 0.044777
-3.196224 -0.457508 0.055425
-2.483866 0.340771 0.045511
-2.683217 0.340771 0.043506
-2.937330 -0.097446 0.056011
-2.747811 0.028517 0.052056
-4.837215 0.174533 0.046512
-4.841564 0.355554 0.047416
-5.185833 0.171457 0.043951
-5.023480 0.083568 0.050101
-5.187821 0.351059 0.044393
-5.029816 0.444190 0.049669
-3.348290 7.737382 0.046428
-3.200556 7.595987 0.046674
-3.245827 7.398175 0.044361
-3.398846 7.366861 0.042169
-3.875224 7.666377 0.044355
-3.712379 7.761213 0.047692
-3.845223 7.465279 0.050128
-3.687664 7.387406 0.040714
-3.537498 7.493792 0.045710
-3.532213 7.666501 0.045746
-4.570592 7.999736 0.042217
-4.714644 7.867382 0.043397
-4.687942 7.701284 0.048972
-3.902132 8.692793 0.042645
-3.906808 8.528908 0.045999
-3.729217 8.443396 0.046658
-3.570621 8.550425 0.043749
-3.600543 8.759346 0.050203
-3.754463 8.816202 0.040567
-4.443834 6.466851 0.043840
-4.415927 6.289354 0.046180
-4.208897 6.276703 0.042732
-4.246892 6.567461 0.043744
-4.116504 6.448526 0.048334
-4.518051 6.161410 0.046740
-4.724619 6.167482 0.049736
-4.784800 5.982864 0.051199
-4.650992 5.834513 0.042075
-4.473500 5.847941 0.046895
-4.400741 5.990219 0.045854
-4.523539 0.909270 0.048720
-4.366624 1.003752 0.048037
-4.711718 1.197077 0.049868
-4.704349 1.005554 0.049002
-4.541395 1.296301 0.047926
-4.377110 1.199260 0.049042
-3.320393 -0.148096 0.050121
-3.156465 0.146276 0.051506
-3.130488 -0.039051 0.055428
-3.361130 0.204290 0.049210
-3.530389 0.099397 0.050115
-3.515628 -0.067662 0.048953
-2.556619 -0.049306 0.053062
-2.369200 0.048898 0.053917
-2.194779 -0.240075 0.055438
-2.183323 -0.045371 0.052537
-3.034300 -0.435993 0.042364
-2.919666 -0.275358 0.049637
-4.499332 7.626965 0.045147
-4.463069 7.435813 0.048087
-4.154154 7.449053 0.045903
-4.287565 7.343746 0.044562
-2.377684 -0.339910 0.050724
-2.553648 -0.243410 0.054449
-2.727177 -0.343500 0.049437
-4.048279 7.756448 0.049999
-4.190437 7.651715 0.047915
-4.075606 7.947900 0.044992
-4.360111 7.737559 0.045051
-4.262321 8.049841 0.050514
-4.404668 7.944233 0.050446
-4.949898 8.181916 -0.000000
