0.090888 -0.339570 0.041075
4.525393 -6.912121 0.046794
4.529794 -7.098886 0.047481
2.532453 -8.309819 0.048257
1.350861 -7.674769 0.047028
1.743449 9.236656 0.047745
1.898192 9.132984 0.047635
1.492412 7.567169 0.044899
0.028340 0.149364 0.024601
0.199253 -0.238448 0.049257
0.136705 -0.042847 0.046321
0.287145 0.052212 0.051871
0.385647 -0.338878 0.043460
0.086004 -7.553810 0.036306
3.922625 -4.588819 0.041421
5.298221 -6.999547 0.042442
5.205753 -6.321812 0.044992
5.296776 -6.462383 0.042735
5.233808 -7.435608 0.042291
5.313483 -7.270282 0.038057
5.199482 -7.148717 0.050040
4.361342 -7.211504 0.047703
4.039300 -7.185562 0.043447
4.198460 -7.115185 0.049583
4.872095 -6.908519 0.049450
4.688189 -6.814042 0.042321
3.372974 -8.745029 0.040895
2.993005 -8.835836 0.048297
4.777396 -7.889452 0.041981
4.587409 -7.922277 0.043150
3.871038 -7.061866 0.046085
3.868093 -6.890205 0.045524
3.697813 -6.765704 0.048520
3.519203 -6.798142 0.046474
4.555280 -5.446716 0.044558
4.554922 -5.801147 0.044659
5.018107 -6.265758 0.040709
5.019754 -6.078117 0.040861
4.883701 -5.987914 0.047707
3.348134 -8.048531 0.043006
3.076525 -7.686311 0.041794
3.211472 -7.795266 0.043302
3.182632 -7.962468 0.046225
2.389912 -7.988950 0.047895
2.384410 -8.198914 0.047164
2.859785 -7.419304 0.040240
2.211146 -8.925661 0.047714
1.745784 -9.236630 0.047801
1.900830 -9.132919 0.047717
2.060131 -8.821865 0.047791
1.758545 -8.616868 0.048095
1.751720 -8.823497 0.048000
1.904105 -8.925898 0.047688
0.101262 -8.516860 0.047316
0.187511 -8.350399 0.046954
0.079904 -9.143032 0.042100
0.197419 -9.260117 0.042244
1.210790 -7.567571 0.044905
2.222661 -8.510446 0.047290
2.066215 -8.614345 0.048028
1.917014 -8.511749 0.047374
1.925828 -8.303825 0.047710
2.081862 -8.197685 0.047217
2.229495 -8.301711 0.047923
1.779889 -8.201081 0.046824
1.786974 -7.991383 0.047188
1.640489 -7.886860 0.046652
0.103359 8.821410 0.048320
0.101124 8.516877 0.047257
0.204483 8.661098 0.044615
0.079843 9.143038 0.042060
0.197182 9.260100 0.042190
0.183202 8.962460 0.040105
0.095569 7.858407 0.042231
0.181690 8.003800 0.051079
0.373876 8.348498 0.045688
0.086121 8.193085 0.042574
0.187245 8.350367 0.046894
1.349181 7.674721 0.046947
1.344747 7.888210 0.046406
1.590487 9.133631 0.047717
1.434991 9.236975 0.047763
1.281715 9.133747 0.047791
1.282816 8.928373 0.047382
1.438578 8.825504 0.048256
1.592973 8.927534 0.047591
2.665240 9.238107 0.047198
2.380075 8.199165 0.047048
1.776184 7.566944 0.044597
1.637462 7.674113 0.047215
1.755630 8.616933 0.048019
1.901209 8.926001 0.047618
1.748952 8.823576 0.047916
1.922540 8.303881 0.047621
1.913755 8.511842 0.047280
2.078250 8.197782 0.047111
2.225527 8.301894 0.047826
2.056853 8.822008 0.047700
2.218783 8.510643 0.047187
2.062721 8.614492 0.047947
3.286722 9.245480 0.045228
2.527719 8.310365 0.048170
1.125811 9.236772 0.047929
0.819528 9.232429 0.049250
0.974194 9.129200 0.048121
0.498149 8.521022 0.048263
0.414877 8.667112 0.046968
1.607689 8.515142 0.047101
1.446616 8.619754 0.048387
1.488581 7.993331 0.046764
1.638066 7.886785 0.046575
1.784167 7.991338 0.047095
1.776950 8.201075 0.046732
1.620224 8.307244 0.047704
1.477956 8.204054 0.046257
1.300691 8.517958 0.046842
1.319496 8.310155 0.047697
4.981503 7.661308 0.047011
1.015814 -0.340676 0.047224
0.622875 0.243550 0.052018
0.454849 0.342156 0.045852
0.128476 0.342268 0.044039
0.278915 0.244424 0.053735
0.181702 -7.666446 0.047684
0.353472 -7.572635 0.043471
3.646601 -4.394363 0.044558
3.736272 -4.536553 0.044947
3.621893 -4.673516 0.038947
4.060130 -4.489583 0.048086
3.622399 -4.117420 0.039422
3.736779 -4.260696 0.042959
3.923790 -4.779454 0.041536
3.647766 -4.949165 0.043965
3.737436 -4.823707 0.042924
4.326254 -5.257459 0.041306
4.530958 -5.281380 0.040860
4.675369 -5.159949 0.048331
4.619571 -5.008489 0.041251
4.230249 -5.412141 0.042834
4.372313 -5.699621 0.048060
4.373527 -5.536252 0.040459
5.022365 -4.353645 0.041307
5.210600 -4.339047 0.047635
4.866315 -7.074839 0.043978
5.006107 -7.185795 0.041571
4.686810 -7.167128 0.040688
5.019994 -6.823771 0.040729
5.018549 -6.637586 0.040508
5.207588 -6.870280 0.042967
5.321589 -6.730470 0.037927
5.206143 -6.591103 0.043049
3.301033 -8.582464 0.040523
3.324452 -8.216881 0.045331
3.487747 -8.296728 0.044988
3.464007 -8.460564 0.041056
3.672879 -8.982815 0.041912
4.160823 -8.352514 0.046209
2.976797 -9.237910 0.047168
3.288125 -9.245007 0.045262
3.460132 -9.178883 0.044144
3.482662 -9.024679 0.041696
3.131992 -9.142917 0.045609
3.321565 -8.891068 0.046858
3.142902 -8.943182 0.047111
4.397559 -7.390057 0.045388
4.502206 -7.755045 0.041925
4.339321 -8.307027 0.045697
4.543973 -8.086234 0.048627
4.367506 -8.121679 0.048365
3.988388 -7.370389 0.048477
3.096285 -7.207893 0.044967
3.044490 -7.381702 0.050494
3.154845 -7.512973 0.040648
3.736047 -6.593221 0.045603
4.868509 -5.224292 0.048409
4.878832 -6.545031 0.047924
4.878779 -6.360233 0.047630
4.696371 -6.636739 0.045736
4.544971 -6.539826 0.046017
4.550145 -5.980192 0.047162
4.703363 -6.079327 0.043546
4.700089 -6.264006 0.045015
4.548742 -6.351890 0.045937
3.005507 -8.045840 0.043237
2.686107 -8.218992 0.046380
2.240029 -7.882872 0.047813
2.222453 -7.672343 0.048717
1.937944 -7.885252 0.047048
2.086893 -7.988811 0.047349
2.061355 -7.566560 0.043648
1.929980 -7.673531 0.047880
2.341510 -7.565783 0.041559
2.545541 -7.890959 0.048130
2.514715 -7.678321 0.049617
2.615623 -7.572538 0.042376
2.895107 -7.740866 0.046575
2.788722 -7.605130 0.044959
2.693692 -8.010095 0.048131
2.852927 -7.933193 0.047975
2.053365 -9.236289 0.047791
2.360223 -9.236774 0.047590
2.207654 -9.133063 0.047497
2.828610 -8.933467 0.046568
2.823312 -9.135806 0.047430
2.668068 -9.237896 0.047243
2.514684 -9.134670 0.047391
0.086249 -8.193105 0.042631
0.095698 -7.858462 0.042292
0.181948 -8.003884 0.051143
0.204745 -8.661113 0.044673
0.103484 -8.821384 0.048378
0.183387 -8.962474 0.040147
0.415433 -8.667157 0.047041
0.928466 -7.566073 0.044107
1.063618 -7.673644 0.046740
0.891546 -8.198168 0.045636
1.055493 -7.887728 0.046909
0.910453 -7.987282 0.044321
0.374412 -8.348565 0.045751
0.728146 -8.284106 0.046333
0.682701 -8.488720 0.047561
0.498850 -8.521070 0.048328
1.639516 -7.674169 0.047311
1.778038 -7.566971 0.044609
1.494037 -7.567198 0.044938
1.346662 -7.888282 0.046475
1.490811 -7.993401 0.046852
1.198465 -7.995168 0.046214
1.127368 -9.236754 0.047995
0.820662 -9.232419 0.049318
0.975539 -9.129173 0.048207
1.284730 -8.928332 0.047455
1.592726 -9.133591 0.047799
1.595387 -8.927479 0.047661
1.440829 -8.825465 0.048337
1.436955 -9.236961 0.047824
1.283516 -9.133715 0.047874
3.646153 4.431778 0.043338
0.518883 9.236324 0.048593
0.377231 9.156424 0.040041
0.676341 9.128753 0.044931
0.363251 8.975846 0.042882
0.493802 8.840810 0.048898
0.665240 8.913816 0.046906
0.435949 8.190669 0.042679
0.344887 8.003252 0.041889
0.353136 7.572582 0.043406
0.085945 7.553814 0.036283
0.181514 7.666396 0.047604
1.209454 7.567551 0.044854
2.050722 9.236328 0.047743
2.207783 8.925855 0.047649
2.511466 9.134971 0.047278
2.357375 9.236864 0.047547
2.204668 9.133192 0.047403
2.083411 7.988851 0.047251
1.934917 7.885214 0.046955
1.927538 7.673492 0.047766
2.059389 7.566548 0.043694
3.621094 5.926166 0.034958
3.129401 9.143802 0.045488
2.974415 9.238323 0.047113
2.820155 9.136430 0.047303
2.514364 8.929964 0.047280
2.363388 8.824520 0.047428
2.368521 8.616824 0.048174
2.522909 8.519275 0.046683
2.385646 7.989179 0.047782
2.236259 7.882977 0.047692
2.339667 7.565849 0.041727
2.219617 7.672397 0.048585
2.680799 8.219950 0.046200
0.806188 8.810402 0.051163
1.124672 8.824308 0.049358
0.971955 8.922110 0.046297
1.134510 8.619642 0.048820
0.927463 7.566069 0.044054
1.062308 7.673620 0.046670
3.458743 9.179792 0.043995
0.479069 -0.043505 0.047753
0.638866 0.050100 0.050408
0.515024 -0.238994 0.050485
0.821655 -0.046066 0.048333
0.695123 -0.340117 0.045878
0.841957 -0.240793 0.050603
0.345401 -8.003383 0.041953
0.436603 -8.190769 0.042732
0.606486 -8.158661 0.043607
4.914501 -4.513263 0.044579
4.993107 -4.652384 0.043859
4.723359 -4.854681 0.043838
4.897461 -4.825731 0.050942
4.400070 -4.303242 0.045321
4.730837 -4.474966 0.042279
4.245501 -4.211504 0.044048
4.062615 -4.301565 0.047313
3.925618 -4.211515 0.041617
4.726895 -4.277370 0.042347
4.585727 -4.198353 0.048718
4.908124 -4.210855 0.044438
3.625278 -3.567303 0.040079
4.061690 -4.867062 0.047147
4.069366 -5.058919 0.049812
4.266808 -5.111625 0.047787
4.415714 -4.984087 0.041218
3.936012 -5.160858 0.042559
3.626439 -5.219511 0.038502
3.741982 -5.097812 0.046418
4.216034 -5.780560 0.043711
5.310194 -4.190668 0.040408
5.302474 -3.924344 0.041679
5.200446 -4.052304 0.044635
4.883586 -3.909009 0.049737
4.986611 -4.057893 0.045935
4.986186 -7.655126 0.047250
4.811570 -7.709221 0.044071
5.039011 -7.484347 0.048575
4.925312 -7.356099 0.041629
4.648962 -7.619395 0.042198
4.730546 -7.346036 0.043724
4.609747 -7.456348 0.047685
2.998490 -8.638740 0.047808
3.152337 -8.524310 0.049712
2.838004 -8.533243 0.047109
2.838407 -8.333835 0.046953
3.152016 -8.322562 0.042223
2.998572 -8.237585 0.049580
4.123030 -8.531328 0.043989
4.010567 -8.232138 0.045416
3.672116 -8.207909 0.042538
3.829054 -8.301039 0.044813
4.286255 -7.507263 0.043278
4.093129 -7.504753 0.048367
4.351687 -7.709204 0.046798
3.296757 -6.984867 0.040761
3.267518 -7.161209 0.044010
3.485342 -6.956552 0.042882
3.348272 -7.521714 0.042592
3.387936 -7.700863 0.040357
4.372808 -6.630787 0.044992
4.040826 -6.814941 0.045380
4.361411 -6.825779 0.046821
4.202931 -6.916225 0.045494
3.621876 -6.467126 0.037961
3.642398 -6.193033 0.041386
3.732052 -6.306968 0.041755
4.884701 -5.800517 0.047805
4.877103 -5.420831 0.046603
4.708284 -5.521824 0.045185
4.709140 -5.712886 0.043141
5.207401 -6.042854 0.041658
5.298424 -5.929325 0.041235
5.321199 -6.194608 0.037404
5.208870 -5.771102 0.047884
5.022224 -5.699491 0.042059
5.015482 -5.510866 0.040538
5.202128 -5.415094 0.049113
2.676842 -8.830350 0.047924
2.680751 -8.627223 0.047778
2.367191 -8.824166 0.047543
2.518160 -8.929464 0.047345
2.527501 -8.518642 0.046826
2.372623 -8.616471 0.048250
1.183895 -8.206376 0.045648
1.022016 -8.309823 0.047517
0.677224 -9.128757 0.045007
0.519580 -9.236339 0.048653
0.377668 -9.156456 0.040096
0.363636 -8.975899 0.042937
0.494419 -8.840853 0.048969
0.666096 -8.913829 0.046985
0.817301 -8.608265 0.049884
0.807348 -8.810391 0.051258
0.993216 -8.515306 0.046563
1.136306 -8.619630 0.048897
1.126395 -8.824272 0.049440
0.973352 -8.922074 0.046373
3.624282 5.237693 0.035607
3.736092 4.578540 0.045678
3.622161 4.705593 0.037649
3.624282 5.405971 0.034106
3.740572 5.487968 0.047658
3.621094 5.755268 0.033388
3.737384 5.671451 0.048355
2.675978 8.628263 0.047695
2.824583 8.934585 0.046504
2.672566 8.831256 0.047780
2.858351 7.420704 0.040034
2.511555 7.678479 0.049526
2.613828 7.572630 0.042455
2.540892 7.891228 0.047988
2.890370 7.742943 0.046441
2.785937 7.606267 0.044697
2.688401 8.010799 0.048036
2.847263 7.934726 0.047904
2.999297 8.048512 0.043122
1.196740 7.995116 0.046135
1.054028 7.887696 0.046845
1.182114 8.206338 0.045572
0.640661 7.557301 0.041227
0.772647 7.663370 0.046405
0.470451 7.669883 0.049328
0.462026 7.861347 0.042877
3.670338 8.985186 0.041711
3.480033 9.026656 0.041462
4.806073 7.716763 0.043721
1.173867 -0.240947 0.050747
3.620900 2.514978 0.038786
4.726580 4.326480 0.041898
4.399202 4.353228 0.044835
4.585372 4.249307 0.048149
3.622730 4.159575 0.038721
3.736661 4.305145 0.042153
3.625236 3.617590 0.039512
3.647971 3.348238 0.044453
3.740984 3.483403 0.042603
0.763688 -7.870535 0.047576
0.623121 -7.955977 0.042093
0.641326 -7.557337 0.041283
0.773576 -7.663410 0.046471
0.471004 -7.669973 0.049421
0.462687 -7.861487 0.042942
5.003462 -5.138318 0.040983
5.014373 -4.958712 0.042374
5.319241 -5.158326 0.034275
5.198701 -5.239086 0.046342
5.312628 -4.471003 0.039220
5.202999 -4.624721 0.043063
4.394837 -4.475677 0.044862
4.237781 -4.571957 0.043699
4.583963 -4.728982 0.040266
4.584436 -4.568384 0.049900
4.238177 -4.758802 0.045173
4.394760 -4.823120 0.044859
4.574285 -4.020448 0.044729
4.698633 -3.891539 0.043259
4.057051 -5.463168 0.050863
3.934287 -5.350754 0.042727
4.044050 -5.668217 0.045349
3.646041 -5.487375 0.042066
3.740258 -5.378521 0.042601
4.375110 -6.252567 0.046130
4.046111 -6.056011 0.047595
4.373239 -6.065547 0.046292
4.221738 -5.967441 0.044316
3.901869 -8.761561 0.041754
3.619340 -8.547473 0.042644
3.800018 -8.476766 0.044038
3.943738 -8.586680 0.044924
3.573869 -8.714902 0.040918
3.712678 -8.819077 0.045433
4.028772 -8.056355 0.046434
4.207213 -7.991382 0.046818
4.207840 -7.814895 0.045729
4.042093 -7.689735 0.043538
3.727315 -7.167942 0.046594
3.576338 -7.122690 0.041170
3.795263 -7.368419 0.043333
3.682614 -7.484473 0.045056
3.431241 -7.254621 0.041821
3.469569 -7.415926 0.047214
3.691442 -8.029805 0.048102
3.530755 -7.950274 0.043954
3.541718 -7.769808 0.047137
3.866584 -7.947151 0.043817
3.715099 -7.659205 0.046808
3.879278 -7.757019 0.050657
5.322668 -5.498244 0.033042
5.322668 -5.665627 0.034412
1.321569 -8.310191 0.047780
1.622881 -8.307258 0.047789
1.480288 -8.204102 0.046340
1.610350 -8.515122 0.047187
1.448968 -8.619736 0.048461
1.302779 -8.517961 0.046924
3.934106 5.391672 0.042096
4.058523 4.537122 0.047615
3.921924 4.636491 0.041076
3.647355 4.974228 0.042378
3.737294 4.861641 0.041461
3.739414 5.132970 0.047642
3.932948 5.204954 0.043193
3.923126 4.826568 0.040969
3.622105 6.472733 0.037964
3.731659 6.037635 0.048801
3.642787 6.200031 0.041618
3.732669 6.319281 0.041817
2.832645 8.534894 0.046928
2.832656 8.335492 0.046851
3.145650 8.325898 0.042137
2.992291 8.240127 0.049445
3.481261 8.301651 0.044847
3.317833 8.221251 0.045231
5.296677 6.482576 0.042026
5.232093 7.440457 0.041829
5.035552 7.492440 0.047870
1.020482 8.309800 0.047435
0.991683 8.515301 0.046489
0.681714 8.488680 0.047489
0.816079 8.608258 0.049796
3.457860 8.465073 0.041018
4.771867 7.895528 0.041854
4.581384 7.929541 0.042933
4.200897 7.824070 0.045446
3.735232 6.603741 0.044682
4.355873 7.226206 0.047310
4.525547 7.115329 0.047079
0.986732 0.048968 0.050363
1.165088 -0.046030 0.048638
1.341444 -0.340271 0.047878
5.218616 2.896374 0.042196
4.730813 4.521375 0.041761
4.907965 4.259535 0.043873
4.986348 4.108176 0.045315
5.199209 3.828360 0.047276
4.883196 3.961957 0.049072
4.899555 3.658272 0.044161
4.993994 3.808493 0.043539
4.244816 4.262153 0.043539
4.061524 4.350767 0.046775
3.925493 4.261272 0.041160
3.617854 3.070848 0.038077
3.733603 3.215220 0.042387
5.302593 -4.733253 0.040151
5.319241 -4.992743 0.035007
5.209613 -4.893897 0.045451
3.926842 -4.024841 0.041251
3.738003 -3.976874 0.043649
3.647826 -3.840375 0.044972
3.740881 -3.706063 0.042927
3.621939 -5.752233 0.034357
3.735758 -5.653202 0.048494
3.916787 -5.748355 0.041359
3.913144 -5.949268 0.041385
3.621939 -5.921804 0.034104
3.732116 -6.023686 0.049604
3.916269 -6.337855 0.041114
4.049300 -6.244790 0.047932
4.226797 -6.343240 0.043784
4.228266 -6.533524 0.044793
3.920264 -6.530013 0.040649
4.054764 -6.627233 0.047620
4.236025 4.618338 0.043214
4.393411 4.523059 0.044331
4.583814 4.614032 0.049283
4.583746 4.771348 0.039570
4.068254 5.100695 0.048849
4.060552 4.911842 0.046826
4.266070 5.149847 0.047025
4.415686 5.023032 0.040658
4.394169 4.865019 0.044336
4.236852 4.802981 0.044569
3.176220 7.966414 0.046103
3.341398 8.053382 0.042903
5.297919 7.010951 0.041657
5.313048 7.276075 0.037232
5.198746 7.159719 0.049560
5.321356 6.746314 0.037338
5.205810 6.610433 0.042678
5.207053 6.885683 0.042427
5.004726 7.199010 0.041044
4.864255 7.090413 0.043564
4.922488 7.367348 0.041347
4.726641 7.358397 0.043465
4.683536 7.182173 0.040421
4.358089 6.845253 0.046413
4.521867 6.931034 0.046326
5.322688 5.695402 0.034141
0.605593 8.158574 0.043561
0.727084 8.284061 0.046261
0.890248 8.198138 0.045572
0.909168 7.987256 0.044255
0.622221 7.955876 0.042045
0.762632 7.870481 0.047515
2.993157 8.640923 0.047704
3.146526 8.527291 0.049616
3.295309 8.586067 0.040410
3.139065 8.944946 0.046999
2.988507 8.837621 0.048133
3.317675 8.893487 0.046669
3.368102 8.748407 0.040717
4.538240 8.092659 0.048430
3.294412 6.986885 0.040755
4.642740 7.628862 0.042005
4.604104 7.467855 0.047269
4.495575 7.764116 0.041696
4.344782 7.719176 0.046521
4.279170 7.518574 0.043004
4.391325 7.402507 0.045160
4.118232 8.536031 0.043833
3.822715 8.306917 0.044650
3.665420 8.213809 0.042408
4.200476 7.999248 0.046610
4.021887 8.063645 0.046202
4.004187 8.238465 0.045226
4.155148 8.358166 0.046024
4.333762 8.312658 0.045544
4.361390 8.128560 0.048072
0.778799 0.341394 0.045300
0.959867 0.242977 0.051964
3.246302 -0.712820 0.045960
3.620893 1.964997 0.038667
3.646999 1.690923 0.044187
3.735670 1.823709 0.042106
3.736262 1.556743 0.041654
4.596012 -3.721002 0.042852
5.319551 2.743769 0.037609
5.311287 3.017057 0.038649
5.296605 2.484095 0.042415
5.203934 2.620213 0.042320
3.735157 2.103036 0.041953
3.735165 2.372930 0.042709
3.646487 2.238692 0.044213
5.310159 4.237401 0.039756
5.302369 3.975272 0.041036
5.200306 4.101623 0.044029
5.006908 3.516419 0.045771
5.314360 3.287975 0.035375
5.213425 3.184975 0.047605
5.309062 3.711495 0.038563
5.314360 3.449453 0.035737
5.211200 3.549774 0.044954
4.573850 4.073369 0.044238
4.698078 3.945521 0.042736
3.919238 5.778504 0.040535
3.913512 5.973790 0.041560
3.859564 7.954601 0.043621
3.523974 7.956286 0.043822
3.684568 8.036313 0.047937
5.321123 6.218250 0.036905
5.205578 6.344531 0.044615
4.870235 6.926771 0.048949
5.019014 6.842319 0.040280
4.695187 6.659225 0.045342
4.685837 6.834236 0.041857
4.878342 6.567822 0.047435
5.017772 6.658381 0.040156
5.322688 5.529489 0.032707
5.202540 5.447637 0.048496
3.425610 7.259578 0.041722
3.041535 7.384505 0.050325
3.094000 7.210059 0.044894
3.263880 7.164401 0.043782
4.192618 7.130087 0.049190
4.032294 7.197831 0.043182
4.198513 6.933429 0.045111
4.036982 6.831457 0.044977
3.570222 7.128502 0.040985
3.720125 7.175573 0.046421
3.694762 6.773107 0.048302
3.863152 6.902491 0.044839
3.864359 7.072206 0.045927
3.516968 6.800628 0.046712
3.481399 6.960419 0.042751
3.898058 8.765109 0.041609
3.613624 8.552087 0.042552
3.794320 8.481772 0.043902
3.938875 8.591185 0.044802
3.708910 8.822411 0.045282
3.569032 8.718801 0.040817
2.984801 0.459472 0.054449
3.054125 0.662121 0.043269
1.507368 -0.241293 0.050766
1.667988 -0.341022 0.047360
2.827727 0.437327 0.038611
2.373566 0.048669 0.049370
2.548055 -0.030359 0.047993
2.721791 0.097679 0.051795
2.711916 0.276544 0.044287
3.603929 -0.820686 0.043252
3.645830 -1.629896 0.042151
3.622109 -1.900981 0.037846
3.735716 -1.742539 0.041678
2.599509 -0.227265 0.059711
2.801739 -0.282649 0.046921
3.370799 0.534067 0.050932
3.227352 0.686787 0.047568
3.275836 0.870200 0.046756
3.448271 0.901982 0.048251
2.897496 0.040576 0.051128
2.925989 -0.142846 0.046525
3.310181 0.380050 0.044324
3.400971 0.230271 0.044060
3.246155 0.093841 0.043106
3.097410 0.330122 0.043579
3.064587 0.154446 0.043610
3.569560 -0.644921 0.045639
3.387941 -0.583549 0.044256
4.649223 0.499153 0.043530
3.921935 1.503317 0.039510
4.883087 1.470340 0.047808
5.319694 -2.677814 0.038133
5.199347 -3.774890 0.047928
4.994293 -3.753966 0.044139
5.218384 -2.831175 0.042578
5.027638 -3.146649 0.041172
4.404147 -3.752450 0.044084
4.066413 -3.930543 0.047209
4.248073 -4.027157 0.045958
4.391200 -3.940990 0.042994
3.647983 -3.294268 0.045016
3.741039 -3.428531 0.042956
3.734158 -2.589366 0.043688
4.219750 -3.099217 0.042888
4.058503 -3.200215 0.049007
5.298010 1.948547 0.042264
4.886482 1.845417 0.047230
4.885939 2.034460 0.047186
5.321630 1.680692 0.037169
5.207417 1.808298 0.044669
5.021090 1.750482 0.040667
5.021142 1.562221 0.040437
5.207470 1.528861 0.041762
4.914892 4.557998 0.044041
4.993611 4.694759 0.043194
5.022553 4.399889 0.040874
5.203336 4.666068 0.042317
5.312852 4.513727 0.038543
5.210789 4.384309 0.047044
5.319186 5.192713 0.034051
5.199038 5.273372 0.045712
4.723854 4.894788 0.043127
4.897854 4.866090 0.050205
5.014543 4.996777 0.041801
4.619861 5.046152 0.040775
4.675616 5.195531 0.047616
4.869186 5.259250 0.047751
5.003911 5.174405 0.040468
4.925039 3.360685 0.045503
5.028396 3.209891 0.040581
3.936543 3.533783 0.041407
4.247821 4.079961 0.045405
4.390685 3.995099 0.042598
3.730772 2.928934 0.042595
3.645140 2.791201 0.044000
3.733818 2.655665 0.042225
4.885959 2.413322 0.046660
4.554626 2.588680 0.043323
4.060512 5.499145 0.049849
4.048832 5.702493 0.044515
4.219439 5.812294 0.043372
4.544432 6.563239 0.045506
4.549420 6.377072 0.045488
4.371304 6.652469 0.044505
4.552313 6.008434 0.046603
3.535520 7.776093 0.047053
3.463954 7.421620 0.046938
3.150925 7.516843 0.040532
3.072175 7.689718 0.041710
3.205991 7.799403 0.043265
3.382715 7.706178 0.040182
3.343739 7.526657 0.042459
1.992514 -0.341587 0.045859
1.841869 -0.242609 0.050942
2.176961 -0.243321 0.051745
2.200683 -0.049825 0.050057
1.093712 0.341583 0.042358
1.855106 -0.048509 0.049226
2.029473 0.046009 0.048956
3.621533 -2.452990 0.038892
2.374575 0.243736 0.049945
2.539188 0.343573 0.046183
3.920382 -0.812270 0.045507
3.776530 -0.903044 0.042883
3.283787 -0.890374 0.042914
3.496246 -1.109658 0.041390
3.459794 -0.936869 0.044924
3.735365 -2.026210 0.045105
3.645479 -2.175022 0.043546
3.734789 -2.302441 0.043006
4.059384 -1.677994 0.047856
3.921383 -1.771627 0.040858
4.056924 -2.053417 0.047589
3.921032 -1.961733 0.041077
3.072858 -0.675714 0.043447
3.030230 -0.495415 0.046236
2.860351 -0.465605 0.042429
4.845174 0.748381 0.046306
4.657292 0.668775 0.044703
3.621485 1.419221 0.038703
3.489070 1.091341 0.046094
3.562670 0.577765 0.048854
3.591659 0.762267 0.046628
4.303144 0.678410 0.045564
4.505282 0.931610 0.047177
4.491590 0.758402 0.045300
3.167415 -0.355720 0.045843
3.121786 -0.186107 0.044606
3.274861 -0.063290 0.047645
3.351683 -0.406748 0.046140
3.895718 -0.623131 0.044305
3.717499 -0.538139 0.044449
3.578222 0.188476 0.049974
4.287566 0.184057 0.044054
4.468659 0.257079 0.046074
4.471263 0.423241 0.045727
4.290886 0.512871 0.044222
4.644946 0.165261 0.043591
4.996766 -0.016035 0.042050
5.195875 -0.107625 0.048783
5.194425 0.230540 0.048588
4.995316 0.152213 0.041425
4.833099 0.408980 0.046739
4.831425 0.241250 0.046696
5.323852 -1.060095 0.034804
4.546747 1.292350 0.045319
4.340509 1.023758 0.044163
4.365974 1.204509 0.045841
4.224136 1.303014 0.043786
5.298062 1.415756 0.041070
5.322564 1.154689 0.034419
5.208404 1.259288 0.047094
4.710565 -1.676514 0.044376
4.391507 -1.491401 0.046166
5.321887 -2.144163 0.038258
5.203554 -2.552188 0.042717
4.883810 -2.341926 0.047192
5.018494 -2.242765 0.040821
5.296082 -2.414860 0.043230
5.205747 -2.286950 0.043405
5.309094 -3.656673 0.039065
5.314261 -3.391518 0.035990
5.211133 -3.492277 0.045655
5.310912 -2.954311 0.039283
5.314261 -3.228680 0.035794
5.212951 -3.123096 0.048416
4.375669 -3.184877 0.046340
4.408872 -3.375769 0.046094
5.032945 -2.811400 0.040607
4.940161 -2.958089 0.048977
5.018116 -2.623995 0.038894
4.885624 -2.540636 0.050211
4.231616 -2.330027 0.043910
4.056161 -2.241738 0.047756
3.919693 -2.340843 0.040805
3.919062 -2.530997 0.040983
3.733893 -3.156755 0.043379
3.914155 -3.105271 0.040155
3.911020 -2.914874 0.040690
3.936608 -3.476255 0.041925
4.073811 -3.385838 0.046599
3.936451 -3.658076 0.041952
4.073143 -3.748141 0.046455
4.267751 -3.656215 0.046664
4.268261 -3.475733 0.046442
5.321839 2.216649 0.037668
5.207626 2.078234 0.043019
5.206221 2.357414 0.043080
5.019352 2.313796 0.040340
5.020757 2.127228 0.040656
5.302707 4.772234 0.039582
5.319186 5.028582 0.034664
5.209670 4.931613 0.044896
5.033573 2.878221 0.040092
4.941216 3.023819 0.048502
4.706251 2.696429 0.046645
5.018891 2.692245 0.038365
4.887786 2.610496 0.049359
4.686137 3.643626 0.048632
4.595459 3.777411 0.042355
4.403550 3.808574 0.043496
4.267412 3.713230 0.046099
3.936261 3.713332 0.041447
4.072791 3.803171 0.045847
3.738197 4.024877 0.043662
3.927030 4.076074 0.040771
4.066065 3.983377 0.046657
3.647690 3.886921 0.044161
3.740703 3.757352 0.042150
3.919438 2.603578 0.040667
4.235183 2.406785 0.043212
3.920784 2.418037 0.040254
4.059449 2.321161 0.046988
4.375611 5.730760 0.047325
4.557385 5.830506 0.044294
4.227530 6.555154 0.044446
4.052784 6.645965 0.047145
3.919424 6.547633 0.040264
3.916861 6.357035 0.040600
5.209014 5.800104 0.047289
5.298548 5.956345 0.040678
5.207449 6.068672 0.041195
4.700556 6.289944 0.044534
4.704426 6.106578 0.043051
4.878724 6.384708 0.047120
5.017921 6.290192 0.040299
5.019793 6.104355 0.040424
4.884465 6.015506 0.047154
3.708830 7.666566 0.046517
3.787801 7.376643 0.043058
3.676241 7.491614 0.044896
4.086147 7.515331 0.048026
3.980992 7.380625 0.048450
4.035024 7.698913 0.043332
3.872280 7.765047 0.050485
1.291627 0.243419 0.052655
1.711587 0.242602 0.051682
1.336138 0.049815 0.051015
1.510841 -0.046124 0.048953
1.684697 0.048247 0.049985
2.215303 0.340163 0.046856
2.043084 0.240930 0.051108
1.895607 0.340767 0.045264
3.625611 -1.365774 0.035683
3.739219 -1.468256 0.047870
3.660653 -1.186394 0.040603
3.796803 -1.095963 0.044524
2.309510 -0.341734 0.042692
2.497844 -0.341734 0.040589
3.729004 0.466570 0.048196
3.734276 0.293937 0.048675
3.921893 0.537087 0.045647
3.926449 0.201804 0.045105
4.102601 0.441102 0.045210
4.101885 0.278452 0.046846
3.950583 0.026832 0.046769
5.002243 -0.361000 0.041104
5.323344 -0.369582 0.034585
5.195823 -0.278385 0.049208
4.040002 -0.530447 0.045052
4.010778 -0.341122 0.045224
4.649190 -0.004336 0.045096
4.668343 -0.356741 0.043667
4.842648 -0.270800 0.048434
4.837119 -0.096595 0.046309
4.683842 -0.539468 0.045243
4.569254 -1.204060 0.046602
4.565957 -1.394953 0.045849
4.712201 -1.487241 0.044374
4.084544 -0.912303 0.043775
4.404195 -1.109422 0.044688
5.323396 0.141522 0.034361
5.323396 -0.028395 0.033558
5.322564 0.987954 0.032852
5.197599 0.910291 0.049212
5.323379 0.479101 0.033633
5.194409 0.398029 0.048617
5.323379 0.648171 0.033960
5.198414 0.736880 0.048291
5.000979 0.657213 0.041921
4.996974 0.487432 0.041108
4.709998 1.753981 0.044002
4.706551 1.567165 0.043782
4.555206 1.477836 0.045786
3.729618 1.276745 0.041749
3.670028 1.118042 0.047845
3.915291 1.319671 0.040308
4.043275 1.219123 0.046062
4.879147 1.286564 0.046907
5.018138 1.188817 0.042711
4.694152 1.197903 0.044741
4.678152 1.017914 0.043533
4.852342 0.924313 0.048582
5.007332 1.006555 0.040100
4.561553 -1.772955 0.046151
4.235583 -1.958738 0.044101
4.237692 -1.773420 0.044517
4.388739 -1.680130 0.046249
5.321588 -1.599884 0.037908
5.207252 -1.731342 0.045041
5.297886 -1.872117 0.043097
5.207550 -2.004801 0.043565
4.884668 -1.960558 0.047810
5.020297 -2.054729 0.041179
4.886181 -1.770104 0.047861
5.021513 -1.674578 0.040856
4.559833 -2.338370 0.047041
4.710535 -2.249415 0.045065
4.383965 -2.237530 0.045111
4.387169 -2.054562 0.046716
4.709590 -2.056083 0.043816
4.562092 -1.962069 0.046431
4.518874 -3.072401 0.042778
4.683220 -3.120385 0.041302
4.788267 -2.947058 0.039529
4.686500 -3.585592 0.049312
4.601068 -3.426887 0.045567
4.732212 -3.283978 0.045788
4.924736 -3.299211 0.046149
4.899828 -3.601086 0.044744
5.006920 -3.457614 0.046436
4.227601 -2.518954 0.044274
4.211256 -2.903751 0.042445
4.046873 -2.814350 0.048324
4.051515 -2.620818 0.046628
3.618132 -3.013898 0.038467
3.644848 -2.731306 0.044166
3.730758 -2.866855 0.042911
4.732459 3.346351 0.045179
4.600910 3.487439 0.044816
3.922211 2.050555 0.040524
4.060883 2.137587 0.046400
3.922724 1.868135 0.040231
4.712030 2.130847 0.043244
4.388110 2.314613 0.044294
4.713455 2.323142 0.044382
4.563657 2.412568 0.046491
4.530935 5.315011 0.040376
4.556011 5.478429 0.044361
4.375573 5.568299 0.040080
4.325565 5.292447 0.040742
4.231081 5.446485 0.042360
4.709324 5.552984 0.044538
5.016046 5.542706 0.040021
4.877818 5.453286 0.046231
4.710660 5.742600 0.042645
5.022519 5.729260 0.041548
4.885627 5.829456 0.047227
4.048040 6.082303 0.046464
4.050379 6.267549 0.047536
4.224373 5.996817 0.043797
4.375473 6.093211 0.045753
4.376450 6.278484 0.045572
4.227688 6.367336 0.043186
1.583868 0.341836 0.041647
1.398940 0.341836 0.040043
4.064351 -1.492044 0.047802
3.929853 -1.393843 0.041909
4.245426 -1.398742 0.043963
4.254818 -1.207655 0.045452
3.952395 -1.200930 0.042995
4.096285 -1.108044 0.045130
3.798850 -0.070759 0.047352
3.618662 -0.001249 0.044620
3.685505 -0.360450 0.045501
3.834501 -0.256116 0.044740
3.470116 -0.116585 0.045498
3.501308 -0.290430 0.045702
5.323344 -0.540674 0.033843
5.323852 -0.889899 0.032877
4.336424 -0.347567 0.044519
4.483594 -0.083346 0.045218
4.497218 -0.261546 0.047691
4.161253 -0.249945 0.046681
4.298257 0.013230 0.046580
4.136709 -0.067348 0.045166
5.204277 -0.809087 0.049463
5.203768 -0.627155 0.048437
5.010188 -0.538678 0.042616
4.866092 -0.631205 0.046777
4.535198 -0.631308 0.045934
4.550368 -0.820519 0.047050
4.393955 -0.916530 0.044511
4.232838 -0.819023 0.046181
4.212958 -0.626306 0.045217
4.358906 -0.534602 0.045612
4.716892 -1.106628 0.043978
4.708246 -0.915978 0.043817
5.019931 -0.907909 0.040266
4.875327 -0.818504 0.048885
5.211388 -1.169868 0.047765
5.027042 -1.098494 0.042222
4.891083 -1.199740 0.047809
5.023384 -1.483207 0.041044
4.889689 -1.389459 0.047681
5.299758 -1.328929 0.041583
5.209124 -1.447027 0.042621
4.003464 1.037868 0.044136
4.135187 0.768868 0.044874
4.158860 0.941007 0.046770
3.942220 0.699313 0.045289
3.778320 0.813297 0.048068
3.815890 0.979712 0.043567
4.703964 -2.626572 0.047296
4.675779 -2.797649 0.041731
4.551447 -2.516817 0.043995
4.371564 -2.604903 0.044645
4.511560 -2.879159 0.041458
4.359861 -2.796168 0.047145
4.683934 3.185003 0.040873
4.677211 2.865634 0.041262
4.789334 3.013265 0.039091
3.914054 3.167797 0.039746
3.911224 2.980325 0.040242
4.060684 1.589447 0.047031
4.062065 1.772849 0.046446
4.234902 1.489692 0.043259
4.385199 1.576673 0.045597
4.240012 2.042695 0.043224
4.391503 2.134097 0.046062
4.389597 1.763955 0.045465
4.240681 1.860377 0.044016
4.563051 1.851934 0.045654
4.565626 2.039757 0.045727
4.073736 3.445483 0.045972
4.058629 3.262336 0.048271
4.268076 3.535091 0.045710
4.408742 3.437021 0.045437
4.374149 2.676072 0.043911
4.230253 2.592132 0.043750
4.053172 2.692049 0.045797
4.048005 2.882120 0.047763
4.519733 3.137756 0.042287
4.376090 3.248686 0.045767
4.220317 3.163609 0.042437
4.212523 2.970865 0.041884
4.513023 2.946548 0.041000
4.361586 2.864733 0.046583
-0.353138 -7.572582 0.043406
-0.086122 -8.193086 0.042574
-0.181692 -8.003800 0.051080
-0.470455 -7.669884 0.049329
-0.095570 -7.858408 0.042231
-0.085945 -7.553814 0.036283
-0.181515 -7.666396 0.047605
-1.435003 -9.236975 0.047763
-1.281726 -9.133747 0.047791
-0.103360 -8.821410 0.048320
-0.676346 -9.128753 0.044931
-0.640665 -7.557301 0.041227
-0.344890 -8.003253 0.041889
-0.462030 -7.861348 0.042878
-0.435954 -8.190670 0.042679
-1.438592 -8.825504 0.048256
-1.282828 -8.928373 0.047383
-1.398936 -0.341836 0.040043
-1.590501 -9.133631 0.047718
-1.592988 -8.927534 0.047591
-1.125821 -9.236772 0.047929
-0.819535 -9.232428 0.049251
-0.974203 -9.129200 0.048121
-0.079843 -9.143038 0.042060
-0.183203 -8.962460 0.040106
-0.363253 -8.975847 0.042883
-0.187246 -8.350367 0.046894
-0.373880 -8.348499 0.045688
-0.101125 -8.516877 0.047258
-0.204485 -8.661098 0.044616
-0.493806 -8.840810 0.048898
-0.414880 -8.667112 0.046969
-0.498154 -8.521022 0.048264
-0.681720 -8.488680 0.047489
-0.665245 -8.913816 0.046907
-0.772653 -7.663370 0.046405
-0.890256 -8.198138 0.045572
-0.727090 -8.284061 0.046261
-0.605598 -8.158575 0.043561
-0.909176 -7.987256 0.044255
-0.622226 -7.955877 0.042045
-0.762639 -7.870482 0.047515
-1.182125 -8.206338 0.045572
-1.020492 -8.309800 0.047435
-0.028338 -0.149364 0.024599
-0.986726 -0.048968 0.050363
-1.165081 0.046030 0.048638
-1.291621 -0.243419 0.052655
-1.336130 -0.049815 0.051015
-0.622870 -0.243550 0.052018
-2.974430 -9.238320 0.047113
-2.820174 -9.136426 0.047303
-2.665257 -9.238106 0.047198
-2.511486 -9.134970 0.047279
-2.357393 -9.236864 0.047548
-2.204686 -9.133191 0.047403
-1.748969 -8.823575 0.047916
-1.901227 -8.926000 0.047618
-1.755648 -8.616933 0.048019
-1.913775 -8.511842 0.047281
-0.471004 7.669973 0.049421
-2.207656 9.133063 0.047497
-2.360225 9.236774 0.047590
-1.592727 9.133591 0.047799
-1.904107 8.925898 0.047688
-1.929981 7.673531 0.047880
-1.937945 7.885252 0.047048
-5.203000 4.624731 0.043063
-4.361426 -8.128520 0.048074
-4.495614 -7.764063 0.041698
-5.309067 -3.711348 0.038562
-5.302375 -3.975134 0.041036
-5.199220 -3.828214 0.047275
-5.311289 -3.016903 0.038649
-5.028404 -3.209732 0.040580
-5.314362 -3.287823 0.035375
-5.213429 -3.184820 0.047604
-5.314362 -3.449303 0.035737
-5.211207 -3.549622 0.044952
-0.136702 0.042847 0.046321
-0.287140 -0.052213 0.051871
-0.385645 0.338878 0.043460
-0.090888 0.339570 0.041075
-0.199252 0.238448 0.049257
-3.738003 3.976889 0.043648
-4.908124 4.210869 0.044438
-5.022365 4.353657 0.041306
-5.319552 -2.743616 0.037609
-5.218618 -2.896219 0.042195
-4.563661 -2.412428 0.046490
-4.235185 -2.406659 0.043211
-4.388112 -2.314482 0.044293
-5.323379 -0.478994 0.033632
-1.743463 -9.236656 0.047745
-2.050738 -9.236328 0.047743
-1.898209 -9.132983 0.047635
-0.197184 -9.260100 0.042190
-0.518888 -9.236324 0.048593
-0.377234 -9.156424 0.040041
-0.806195 -8.810402 0.051164
-0.816086 -8.608258 0.049796
-0.971963 -8.922110 0.046298
-1.124683 -8.824307 0.049359
-0.991693 -8.515301 0.046489
-1.134521 -8.619642 0.048821
-0.927469 -7.566069 0.044055
-3.618132 3.013917 0.038467
-4.056923 2.053450 0.047589
-4.211255 2.903776 0.042445
-1.510833 0.046123 0.048953
-1.507361 0.241293 0.050766
-1.684689 -0.048248 0.049985
-1.855097 0.048509 0.049225
-3.097394 -0.330106 0.043579
-3.796805 1.095989 0.044523
-3.776532 0.903068 0.042882
-3.778297 -0.813256 0.048068
-4.059449 -2.321050 0.046986
-4.060885 -2.137482 0.046399
-3.922213 -2.050461 0.040523
-0.778795 -0.341394 0.045300
-0.959862 -0.242977 0.051963
-1.093708 -0.341583 0.042358
-0.454845 -0.342156 0.045852
-0.128473 -0.342268 0.044039
-0.278910 -0.244424 0.053735
-2.824607 -8.934579 0.046504
-3.286730 -9.245477 0.045228
-3.129417 -9.143797 0.045489
-2.339678 -7.565848 0.041726
-2.062742 -8.614491 0.047947
-2.207803 -8.925854 0.047650
-2.056873 -8.822007 0.047700
-1.319508 -8.310155 0.047698
-1.607705 -8.515142 0.047101
-1.446630 -8.619754 0.048388
-1.300704 -8.517958 0.046843
-0.641326 7.557337 0.041283
-3.622399 4.117434 0.039422
-0.353472 7.572635 0.043471
-1.745785 9.236630 0.047801
-1.900832 9.132919 0.047717
-2.053366 9.236289 0.047791
-0.197419 9.260117 0.042244
-0.101262 8.516860 0.047316
-0.204746 8.661113 0.044673
-1.127369 9.236754 0.047995
-1.436956 9.236961 0.047824
-1.283517 9.133715 0.047874
-1.778039 7.566971 0.044609
-4.394759 4.823130 0.044859
-2.061355 7.566560 0.043648
-3.288125 9.245007 0.045262
-3.131993 9.142917 0.045609
-2.514685 9.134670 0.047391
-4.339322 8.307026 0.045697
-5.310912 2.954339 0.039282
-5.212950 3.123122 0.048416
-5.200446 4.052319 0.044634
-4.883585 3.909026 0.049737
-4.986611 4.057908 0.045934
-5.310194 4.190682 0.040408
-5.312629 4.471013 0.039219
-5.210600 4.339059 0.047635
-5.302593 4.733261 0.040151
-3.613658 -8.552059 0.042552
-3.708867 -7.666523 0.046519
-5.232103 -7.440428 0.041832
-4.771900 -7.895492 0.041855
-4.538274 -8.092621 0.048431
-4.581420 -7.929498 0.042935
-3.898080 -8.765088 0.041610
-4.333795 -8.312625 0.045545
-5.209004 -5.799976 0.047291
-5.199021 -5.273259 0.045715
-5.202521 -5.447514 0.048500
-5.296676 -6.482471 0.042029
-4.224347 -5.996583 0.043797
-4.375429 -6.093008 0.045759
-4.376430 -6.278304 0.045576
-3.516981 -6.800614 0.046710
-4.600933 -3.487264 0.044813
-4.732476 -3.346184 0.045179
-5.006920 -3.516261 0.045770
-4.925051 -3.360525 0.045502
-4.408767 -3.436844 0.045435
-4.376108 -3.248518 0.045765
-4.220329 -3.163453 0.042436
-4.686165 -3.643455 0.048631
-4.994017 -3.808338 0.043539
-4.899577 -3.658111 0.044159
-3.646182 -4.431837 0.043372
-1.173861 0.240947 0.050746
-1.015809 0.340676 0.047224
-1.341438 0.340271 0.047878
-0.515020 0.238994 0.050485
-0.821649 0.046065 0.048333
-0.638860 -0.050100 0.050408
-0.479065 0.043505 0.047752
-0.841953 0.240793 0.050602
-0.695119 0.340116 0.045878
-3.647826 3.840390 0.044971
-3.740881 3.706080 0.042926
-4.219749 3.099242 0.042888
-3.646601 4.394374 0.044558
-3.736778 4.260709 0.042959
-4.993107 4.652395 0.043859
-4.914501 4.513275 0.044579
-4.723359 4.854690 0.043838
-4.897461 4.825740 0.050942
-4.583963 4.728992 0.040266
-4.885624 2.540668 0.050210
-4.940160 2.958116 0.048977
-5.027638 3.146675 0.041171
-4.235581 1.958772 0.044101
-4.388734 1.680168 0.046248
-4.237687 1.773456 0.044516
-3.921031 1.961768 0.041076
-1.667981 0.341022 0.047360
-1.841861 0.242609 0.050941
-2.176952 0.243321 0.051744
-2.309503 0.341734 0.042693
-1.992507 0.341587 0.045860
-2.497840 0.341734 0.040589
-4.706550 -1.567038 0.043781
-4.709998 -1.753850 0.044001
-5.322564 -1.154565 0.034418
-5.208404 -1.259161 0.047093
-4.883086 -1.470210 0.047807
-5.021142 -1.562085 0.040436
-4.555205 -1.477717 0.045785
-4.385199 -1.576560 0.045596
-4.158846 -0.940924 0.046769
-4.941224 -3.023660 0.048500
-5.033579 -2.878064 0.040091
-5.321839 -2.216501 0.037667
-5.203936 -2.620059 0.042319
-5.296606 -2.483944 0.042414
-5.206223 -2.357263 0.043079
-4.887792 -2.610343 0.049358
-5.018896 -2.692090 0.038364
-4.240015 -2.042581 0.043222
-4.391506 -2.133972 0.046061
-4.240683 -1.860268 0.044016
-4.389598 -1.763839 0.045464
-4.563053 -1.851807 0.045653
-4.565630 -2.039627 0.045726
-4.713459 -2.322999 0.044381
-4.885963 -2.413173 0.046659
-5.019354 -2.313646 0.040339
-4.712033 -2.130708 0.043243
-4.230255 -2.591999 0.043749
-4.212528 -2.970718 0.041884
-4.101864 -0.278403 0.046845
-3.926429 -0.201766 0.045104
-4.483576 0.083405 0.045217
-4.468643 -0.257008 0.046073
-4.287547 -0.184000 0.044053
-4.298238 -0.013176 0.046579
-4.837107 0.096668 0.046308
-4.649175 0.004405 0.045096
-4.644932 -0.165185 0.043590
-4.535189 0.631361 0.045933
-4.358895 0.534653 0.045612
-4.497202 0.261603 0.047691
-4.336410 0.347618 0.044519
-4.393949 0.916579 0.044511
-4.550361 0.820570 0.047049
-4.866084 0.631263 0.046776
-4.842636 0.270867 0.048433
-4.668330 0.356801 0.043667
-4.683831 0.539525 0.045242
-5.207550 2.004841 0.043564
-1.209462 -7.567551 0.044855
-1.062316 -7.673620 0.046671
-1.196750 -7.995116 0.046136
-1.054037 -7.887696 0.046845
-4.056161 2.241770 0.047755
-4.359860 2.796195 0.047145
-4.703963 2.626602 0.047296
-3.621532 2.453011 0.038893
-3.734789 2.302467 0.043006
-3.919692 2.340874 0.040805
-3.911019 2.914898 0.040690
-4.046873 2.814376 0.048324
-3.734158 2.589390 0.043687
-4.051514 2.620846 0.046627
-3.919061 2.531025 0.040982
-3.644848 2.731327 0.044166
-3.730757 2.866877 0.042911
-3.660656 1.186409 0.040603
-3.569561 0.644938 0.045639
-3.603932 0.820702 0.043251
-3.310163 -0.380032 0.044323
-3.400954 -0.230251 0.044059
-3.578205 -0.188452 0.049973
-3.734256 -0.293906 0.048674
-3.728982 -0.466537 0.048195
-3.227339 -0.686775 0.047568
-3.370780 -0.534048 0.050932
-3.591637 -0.762241 0.046628
-3.562649 -0.577740 0.048853
-2.984790 -0.459462 0.054449
-3.054118 -0.662114 0.043269
-4.053173 -2.691925 0.045796
-3.911221 -2.980200 0.040242
-4.048007 -2.881989 0.047762
-3.617850 -3.070782 0.038078
-3.730769 -2.928839 0.042590
-3.645141 -2.791130 0.044001
-2.832677 -8.534885 0.046929
-2.993189 -8.640910 0.047705
-2.988534 -8.837611 0.048134
-3.139088 -8.944935 0.046999
-2.236282 -7.882977 0.047692
-2.219634 -7.672396 0.048585
-2.059401 -7.566548 0.043694
-2.218807 -8.510642 0.047187
-2.225551 -8.301893 0.047827
-2.676006 -8.628257 0.047695
-2.522936 -8.519272 0.046684
-2.368546 -8.616822 0.048175
-2.672592 -8.831250 0.047781
-2.514387 -8.929962 0.047281
-2.363411 -8.824518 0.047429
-0.095698 7.858462 0.042292
-0.086004 7.553810 0.036306
-0.181702 7.666446 0.047684
-0.079904 9.143032 0.042100
-0.103484 8.821384 0.048378
-0.183387 8.962475 0.040147
-0.377668 9.156456 0.040096
-0.363636 8.975899 0.042937
-0.086249 8.193105 0.042631
-0.187511 8.350399 0.046954
-0.374412 8.348565 0.045751
-0.181948 8.003884 0.051143
-1.210790 7.567571 0.044905
-3.647766 4.949173 0.043965
-4.367507 8.121678 0.048365
-5.207588 6.870281 0.042967
-0.763689 7.870535 0.047576
-0.773577 7.663410 0.046471
-1.063619 7.673644 0.046740
-0.928467 7.566073 0.044107
-1.639517 7.674169 0.047311
-1.350862 7.674769 0.047028
-1.494038 7.567198 0.044938
-3.142903 8.943182 0.047111
-2.518162 8.929464 0.047345
-2.668069 9.237896 0.047243
-2.976798 9.237910 0.047168
-2.823314 9.135806 0.047430
-4.123031 8.531326 0.043989
-4.160824 8.352513 0.046209
-4.010568 8.232137 0.045416
-3.672118 8.207908 0.042538
-3.829055 8.301038 0.044813
-5.314261 3.391541 0.035990
-5.314261 3.228704 0.035793
-4.726895 4.277384 0.042347
-4.585727 4.198368 0.048717
-4.584436 4.568396 0.049899
-4.730837 4.474979 0.042278
-5.302474 3.924361 0.041678
-5.211133 3.492298 0.045654
-4.994292 3.753984 0.044139
-5.309094 3.656693 0.039064
-5.199346 3.774908 0.047928
-4.415714 4.984095 0.041218
-4.619571 5.008497 0.041250
-3.872322 -7.765001 0.050486
-3.859606 -7.954557 0.043622
-4.200516 -7.999202 0.046611
-4.021928 -8.063602 0.046203
-2.385671 -7.989177 0.047783
-2.527747 -8.310362 0.048171
-2.380101 -8.199163 0.047049
-3.684609 -8.036275 0.047938
-3.665460 -8.213774 0.042409
-4.642778 -7.628806 0.042006
-4.806107 -7.716718 0.043723
-4.981531 -7.661271 0.047013
-5.035572 -7.492391 0.047874
-4.355907 -7.226121 0.047312
-4.391363 -7.402435 0.045162
-4.604138 -7.467788 0.047272
-3.981035 -7.380565 0.048450
-3.458751 -9.179787 0.043996
-4.118261 -8.536003 0.043834
-4.155182 -8.358133 0.046025
-4.004225 -8.238428 0.045227
-3.938904 -8.591158 0.044803
-3.794354 -8.481743 0.043903
-3.822753 -8.306883 0.044651
-5.016010 -5.542572 0.040024
-5.022493 -5.729120 0.041553
-4.877763 -5.453146 0.046234
-4.709250 -5.552824 0.044544
-5.322684 -5.695285 0.034141
-5.322684 -5.529372 0.032709
-5.319184 -5.028471 0.034665
-5.319184 -5.192602 0.034052
-4.058587 -4.536790 0.047615
-5.209668 -4.931504 0.044897
-4.399259 -4.353018 0.044832
-5.298543 -5.956224 0.040680
-5.297920 -7.010888 0.041661
-5.313050 -7.276042 0.037236
-5.198748 -7.159654 0.049563
-5.207054 -6.885595 0.042431
-5.017772 -6.658256 0.040158
-5.019016 -6.842206 0.040283
-5.321356 -6.746230 0.037341
-5.205810 -6.610325 0.042680
-3.642793 -6.200190 0.041591
-4.048042 -6.082119 0.046480
-3.914054 -3.167661 0.039746
-4.058641 -3.262185 0.048270
-3.733602 -3.215121 0.042388
-4.595499 -3.777231 0.042352
-3.736117 -4.578269 0.045603
-3.923045 -4.825998 0.040971
-3.921960 -4.635993 0.041054
-3.625277 3.567319 0.040079
-3.733893 3.156775 0.043378
-3.914154 3.105293 0.040155
-4.058502 3.200237 0.049006
-3.647983 3.294286 0.045016
-3.741038 3.428549 0.042956
-3.936451 3.658094 0.041952
-3.936608 3.476274 0.041924
-4.073810 3.385859 0.046599
-4.238176 4.758813 0.045173
-4.061689 4.867072 0.047147
-3.925617 4.211529 0.041616
-3.926842 4.024856 0.041251
-5.218384 2.831205 0.042577
-5.032945 2.811430 0.040607
-5.018115 2.624027 0.038893
-5.321886 2.144203 0.038258
-5.205746 2.286987 0.043405
-4.511558 2.879186 0.041458
-4.788266 2.947085 0.039528
-4.675778 2.797677 0.041731
-4.683219 3.120410 0.041301
-4.375668 3.184901 0.046340
-4.518873 3.072427 0.042778
-3.952393 1.200965 0.042994
-4.096280 1.108085 0.045130
-4.387167 2.054595 0.046715
-4.059377 1.678030 0.047855
-3.921378 1.771664 0.040858
-3.929848 1.393880 0.041909
-4.064343 1.492084 0.047802
-3.735712 1.742567 0.041679
-3.246303 0.712826 0.045960
-3.351679 0.406761 0.046140
-3.387941 0.583561 0.044255
-3.072859 0.675717 0.043446
-3.064572 -0.154431 0.043609
-3.274849 0.063305 0.047645
-3.246140 -0.093825 0.043106
-5.321630 -1.680555 0.037168
-5.298062 -1.415626 0.041069
-5.207470 -1.528727 0.041760
-5.298010 -1.948405 0.042263
-5.207627 -2.078088 0.043017
-5.207418 -1.808157 0.044669
-4.886483 -1.845279 0.047229
-5.021090 -1.750342 0.040666
-4.885941 -2.034318 0.047185
-5.020758 -2.127081 0.040655
-5.323379 -0.648060 0.033959
-5.322564 -0.987834 0.032852
-4.135170 -0.768794 0.044873
-4.102581 -0.441047 0.045208
-3.942199 -0.699259 0.045287
-3.921871 -0.537042 0.045646
-4.471249 -0.423163 0.045726
-4.290870 -0.512799 0.044221
-4.303131 -0.678329 0.045563
-4.546744 -1.292235 0.045318
-4.365969 -1.204405 0.045840
-4.340500 -1.023660 0.044162
-3.815871 -0.979661 0.043565
-4.003449 -1.037793 0.044135
-3.670015 -1.118012 0.047845
-3.729616 -1.276702 0.041747
-4.234902 -1.489590 0.043258
-4.224133 -1.302916 0.043786
-4.043267 -1.219040 0.046062
-3.915289 -1.319598 0.040306
-4.062067 -1.772754 0.046444
-3.922726 -1.868047 0.040230
-4.060686 -1.589355 0.047030
-3.921939 -1.503239 0.039508
-3.735671 -1.823643 0.042104
-4.789345 -3.013103 0.039090
-4.683950 -3.184835 0.040872
-4.519748 -3.137588 0.042286
-4.212950 0.626351 0.045216
-4.232831 0.819068 0.046181
-4.084540 0.912343 0.043775
-3.920380 0.812302 0.045506
-3.717496 0.538163 0.044448
-3.895715 0.623162 0.044304
-4.039994 0.530486 0.045051
-4.831416 -0.241163 0.046695
-5.194406 -0.397926 0.048615
-5.010183 0.538740 0.042616
-5.002236 0.361068 0.041103
-5.323343 0.540748 0.033842
-5.203766 0.627221 0.048437
-5.323343 0.369661 0.034585
-5.195819 0.278461 0.049207
-5.209123 1.447077 0.042620
-5.020296 2.054767 0.041178
-4.710534 2.249449 0.045065
-5.018493 2.242800 0.040820
-4.883809 2.341960 0.047191
-5.299757 1.328985 0.041582
-5.323851 0.889966 0.032877
-5.204274 0.809149 0.049462
-5.323851 1.060158 0.034803
-5.211386 1.169924 0.047765
-3.622109 1.900999 0.037847
-3.735365 2.026239 0.045103
-3.645479 2.175043 0.043546
-4.227600 2.518983 0.044273
-4.371563 2.604932 0.044645
-4.231615 2.330058 0.043910
-4.383964 2.237562 0.045110
-4.551446 2.516847 0.043995
-4.559832 2.338402 0.047040
-3.496248 1.109663 0.041389
-3.459797 0.936878 0.044924
-3.283788 0.890378 0.042913
-2.711907 -0.276538 0.044288
-2.539183 -0.343573 0.046184
-2.827722 -0.437322 0.038611
-2.215297 -0.340163 0.046856
-2.374567 -0.243736 0.049945
-2.373555 -0.048669 0.049369
-2.200672 0.049824 0.050056
-2.029463 -0.046010 0.048956
-2.043077 -0.240930 0.051108
-3.620893 -1.964941 0.038666
-3.735158 -2.102960 0.041953
-3.646487 -2.238627 0.044212
-3.920783 -2.417931 0.040253
-3.919437 -2.603466 0.040666
-3.735164 -2.372846 0.042707
-3.620899 -2.514909 0.038785
-3.733818 -2.655576 0.042225
-1.477970 -8.204054 0.046258
-1.620240 -8.307244 0.047705
-1.492422 -7.567170 0.044899
-1.349191 -7.674721 0.046947
-1.344758 -7.888210 0.046406
-1.488595 -7.993332 0.046765
-0.519580 9.236339 0.048653
-0.975540 9.129173 0.048207
-0.820663 9.232419 0.049318
-0.677224 9.128757 0.045007
-0.606487 8.158661 0.043607
-0.436603 8.190769 0.042732
-0.623121 7.955977 0.042093
-0.462687 7.861487 0.042942
-0.345401 8.003383 0.041953
-3.626439 5.219517 0.038502
-3.741982 5.097820 0.046418
-5.322668 5.665630 0.034412
-5.015482 5.510871 0.040538
-5.321199 6.194609 0.037404
-5.208870 5.771105 0.047884
-5.298424 5.929327 0.041234
-5.207401 6.042856 0.041658
-4.884701 5.800521 0.047805
-5.022224 5.699494 0.042059
-4.883701 5.987917 0.047707
-5.019754 6.078120 0.040861
-4.703363 6.079330 0.043546
-4.550145 5.980195 0.047162
-4.700089 6.264008 0.045015
-4.986187 7.655125 0.047250
-4.543974 8.086233 0.048627
-5.321589 6.730471 0.037927
-5.298221 6.999548 0.042442
-4.548742 6.351892 0.045937
-5.205753 6.321813 0.044992
-5.018107 6.265760 0.040709
-4.878780 6.360235 0.047630
-5.296776 6.462384 0.042735
-5.206143 6.591104 0.043049
-0.728147 8.284106 0.046333
-1.284731 8.928332 0.047455
-1.055494 7.887728 0.046909
-0.910454 7.987282 0.044321
-0.891547 8.198168 0.045636
-1.022017 8.309823 0.047517
-1.183896 8.206376 0.045648
-1.346663 7.888282 0.046475
-1.198466 7.995168 0.046215
-3.301035 8.582463 0.040523
-3.464009 8.460564 0.041056
-3.487749 8.296727 0.044988
-3.460132 9.178883 0.044144
-3.619341 8.547472 0.042643
-3.901870 8.761560 0.041754
-3.943739 8.586679 0.044924
-3.800019 8.476765 0.044038
-2.367193 8.824165 0.047543
-2.211147 8.925660 0.047714
-2.060133 8.821865 0.047791
-2.828612 8.933466 0.046568
-2.676844 8.830350 0.047924
-2.993007 8.835836 0.048297
-4.207214 7.991381 0.046818
-4.028773 8.056354 0.046434
-4.228266 6.533525 0.044793
-3.296757 6.984867 0.040761
-3.485342 6.956552 0.042882
-3.096285 7.207893 0.044967
-3.267518 7.161209 0.044010
-4.675368 5.159956 0.048330
-4.877103 5.420836 0.046603
-4.868509 5.224298 0.048408
-4.279212 -7.518508 0.043005
-4.344823 -7.719118 0.046523
-4.200938 -7.824016 0.045447
-4.086188 -7.515269 0.048028
-4.035066 -7.698860 0.043333
-2.540919 -7.891227 0.047989
-2.511574 -7.678478 0.049527
-2.613839 -7.572630 0.042455
-2.832690 -8.335482 0.046852
-2.680830 -8.219945 0.046202
-2.847297 -7.934717 0.047904
-2.688432 -8.010795 0.048037
-3.535557 -7.776056 0.047054
-3.524015 -7.956251 0.043823
-3.094013 -7.210047 0.044895
-2.785953 -7.606260 0.044698
-2.890398 -7.742931 0.046442
-2.858360 -7.420695 0.040035
-3.041552 -7.384488 0.050326
-4.525573 -7.115232 0.047081
-4.870243 -6.926659 0.048952
-3.463987 -7.421587 0.046940
-3.676278 -7.491572 0.044897
-3.787844 -7.376596 0.043060
-3.720167 -7.175530 0.046422
-3.480048 -9.026645 0.041464
-3.368131 -8.748387 0.040718
-3.317699 -8.893473 0.046670
-3.569061 -8.718778 0.040818
-3.670353 -8.985172 0.041712
-3.708933 -8.822391 0.045283
-4.675563 -5.195370 0.047619
-5.014531 -4.996661 0.041804
-4.897844 -4.865968 0.050205
-5.003885 -5.174284 0.040470
-4.869137 -5.259113 0.047753
-5.017914 -6.290050 0.040303
-5.019780 -6.104211 0.040426
-5.207443 -6.068544 0.041197
-5.321122 -6.218136 0.036906
-5.205576 -6.344410 0.044616
-4.885588 -5.829303 0.047228
-4.884437 -6.015347 0.047159
-4.710592 -5.742433 0.042650
-4.557313 -5.830310 0.044292
-4.552262 -6.008236 0.046608
-4.704391 -6.106403 0.043054
-4.878340 -6.567679 0.047438
-4.878715 -6.384556 0.047122
-4.549409 -6.376902 0.045490
-4.700536 -6.289773 0.044538
-3.919217 -5.778300 0.040541
-3.913577 -5.973670 0.041540
-3.621147 -5.926533 0.034930
-3.731717 -6.037732 0.048810
-4.236066 -4.618090 0.043211
-4.393455 -4.522856 0.044331
-4.583834 -4.613872 0.049282
-4.730835 -4.521235 0.041761
-3.864398 -7.072147 0.045928
-4.198543 -6.933333 0.045113
-4.192654 -7.130002 0.049193
-4.032335 -7.197760 0.043183
-3.694779 -6.773064 0.048304
-3.863181 -6.902420 0.044843
-4.037007 -6.831364 0.044980
-3.647267 -4.974544 0.042357
-3.737202 -4.861428 0.041517
-3.622157 -4.705723 0.037700
-4.268260 3.475754 0.046442
-4.408871 3.375791 0.046094
-3.922625 4.588831 0.041421
-3.621893 4.673526 0.038947
-3.736272 4.536564 0.044947
-3.737436 4.823717 0.042923
-3.923789 4.779465 0.041536
-4.060129 4.489595 0.048085
-4.062615 4.301579 0.047313
-4.237781 4.571969 0.043698
-4.245500 4.211519 0.044048
-4.394836 4.475690 0.044862
-4.400070 4.303256 0.045321
-4.248073 4.027173 0.045958
-4.267750 3.656234 0.046663
-4.073143 3.748159 0.046455
-4.066412 3.930560 0.047209
-5.319694 2.677845 0.038132
-5.203554 2.552221 0.042716
-5.296082 2.414895 0.043230
-4.732210 3.284002 0.045787
-4.924735 3.299235 0.046148
-4.686499 3.585612 0.049311
-4.601067 3.426909 0.045567
-5.006920 3.457636 0.046436
-4.899827 3.601106 0.044744
-3.645826 1.629911 0.042150
-3.625612 1.365785 0.035684
-3.739216 1.468279 0.047869
-2.860350 0.465607 0.042428
-3.030229 0.495419 0.046236
-3.167411 0.355729 0.045843
-3.121778 0.186117 0.044605
-2.721778 -0.097671 0.051794
-2.897482 -0.040564 0.051128
-2.925978 0.142855 0.046524
-2.801733 0.282653 0.046920
-2.599500 0.227268 0.059710
-2.548041 0.030362 0.047993
-4.694149 -1.197785 0.044740
-4.879146 -1.286439 0.046906
-5.018136 -1.188692 0.042710
-3.621487 -1.419193 0.038701
-3.647000 -1.690878 0.044184
-3.736265 -1.556689 0.041655
-3.489061 -1.091332 0.046094
-3.448256 -0.901966 0.048250
-3.275828 -0.870191 0.046756
-4.374152 -2.675927 0.043910
-4.554631 -2.588533 0.043322
-4.361592 -2.864581 0.046581
-4.513033 -2.946386 0.040999
-4.706258 -2.696275 0.046644
-4.677220 -2.865474 0.041260
-3.685499 0.360473 0.045500
-3.618648 0.001273 0.044620
-3.470106 0.116604 0.045498
-3.501302 0.290448 0.045701
-5.323395 -0.141426 0.034361
-5.194422 -0.230444 0.048587
-5.323395 0.028485 0.033557
-5.195871 0.107709 0.048782
-4.996759 0.016116 0.042049
-4.995310 -0.152124 0.041424
-4.565953 1.394997 0.045849
-4.569250 1.204107 0.046602
-4.391501 1.491442 0.046166
-4.245421 1.398784 0.043963
-4.404190 1.109468 0.044687
-4.254813 1.207699 0.045452
-5.321588 1.599934 0.037907
-5.297886 1.872161 0.043096
-5.207251 1.731387 0.045041
-4.889687 1.389506 0.047681
-5.023383 1.483253 0.041043
-4.712198 1.487284 0.044373
-5.021511 1.674621 0.040856
-4.875321 0.818559 0.048885
-5.019927 0.907964 0.040266
-4.708240 0.916030 0.043816
-4.716888 1.106677 0.043978
-4.891080 1.199789 0.047809
-5.027039 1.098546 0.042222
-1.895602 -0.340767 0.045263
-1.583864 -0.341836 0.041647
-1.711580 -0.242603 0.051682
-2.083432 -7.988851 0.047252
-2.078271 -8.197781 0.047112
-1.922560 -8.303880 0.047622
-1.776968 -8.201075 0.046733
-3.621939 5.752237 0.034356
-3.735758 5.653207 0.048493
-3.646041 5.487380 0.042066
-3.740258 5.378528 0.042601
-4.266807 5.111633 0.047787
-4.069365 5.058928 0.049812
-3.936011 5.160866 0.042559
-3.934287 5.350762 0.042726
-5.319241 4.992749 0.035007
-5.209613 4.893905 0.045451
-5.014373 4.958720 0.042374
-5.003462 5.138325 0.040983
-5.319241 5.158331 0.034275
-5.198701 5.239092 0.046342
-5.322668 5.498248 0.033042
-5.202128 5.415099 0.049112
-3.519203 6.798142 0.046474
-4.049300 6.244793 0.047931
-4.373240 6.065550 0.046292
-4.226797 6.343242 0.043784
-4.375110 6.252570 0.046130
-3.642398 6.193035 0.041386
-3.621939 5.921807 0.034104
-3.732116 6.023689 0.049604
-3.916269 6.337857 0.041114
-3.732052 6.306970 0.041755
-3.621876 6.467127 0.037961
-5.233808 7.435608 0.042291
-5.313483 7.270282 0.038057
-5.199482 7.148717 0.050040
-5.039012 7.484347 0.048575
-4.777397 7.889451 0.041981
-4.811571 7.709220 0.044071
-4.587410 7.922276 0.043150
-3.988389 7.370388 0.048477
-4.529794 7.098886 0.047481
-4.361342 7.211504 0.047702
-5.018549 6.637587 0.040508
-4.878832 6.545032 0.047924
-5.019994 6.823771 0.040729
-4.872096 6.908519 0.049450
-0.666096 8.913829 0.046986
-0.682702 8.488720 0.047561
-0.494420 8.840853 0.048969
-0.498850 8.521070 0.048328
-0.415433 8.667157 0.047041
-0.993217 8.515306 0.046563
-1.136307 8.619630 0.048897
-0.807348 8.810391 0.051258
-0.817301 8.608265 0.049884
-0.973353 8.922074 0.046373
-1.126396 8.824272 0.049440
-1.758546 8.616868 0.048095
-1.751721 8.823497 0.048000
-1.595388 8.927479 0.047661
-1.440830 8.825465 0.048337
-1.321570 8.310191 0.047780
-1.610352 8.515122 0.047187
-1.302780 8.517961 0.046924
-1.448969 8.619736 0.048461
-1.779891 8.201081 0.046824
-1.490812 7.993402 0.046852
-1.622882 8.307258 0.047789
-1.480289 8.204102 0.046340
-1.786975 7.991383 0.047188
-1.640490 7.886860 0.046652
-3.482663 9.024678 0.041696
-3.372976 8.745029 0.040895
-3.321567 8.891067 0.046858
-3.573870 8.714901 0.040918
-3.672880 8.982815 0.041912
-3.712679 8.819076 0.045433
-2.372625 8.616471 0.048250
-2.222454 7.672343 0.048717
-2.341511 7.565783 0.041558
-4.093130 7.504753 0.048366
-4.042093 7.689734 0.043538
-4.207841 7.814894 0.045729
-3.866586 7.947150 0.043817
-3.691443 8.029804 0.048102
-3.715100 7.659205 0.046808
-3.879279 7.757018 0.050657
-3.348272 7.521713 0.042592
-3.341438 -8.053354 0.042903
-3.176258 -7.966391 0.046103
-2.999334 -8.048497 0.043123
-2.992328 -8.240113 0.049445
-3.206024 -7.799379 0.043265
-3.072201 -7.689698 0.041711
-3.150948 -7.516821 0.040533
-3.343765 -7.526628 0.042459
-3.382746 -7.706147 0.040183
-4.371320 -6.652336 0.044509
-4.685849 -6.834110 0.041860
-4.358112 -6.845140 0.046415
-4.521889 -6.930920 0.046329
-4.695190 -6.659081 0.045345
-4.544438 -6.563087 0.045508
-5.004732 -7.198930 0.041047
-4.864264 -7.090318 0.043567
-4.922503 -7.367281 0.041349
-4.726663 -7.358324 0.043466
-4.683554 -7.182083 0.040423
-3.481422 -6.960396 0.042752
-3.570258 -7.128469 0.040986
-3.425643 -7.259549 0.041722
-3.294426 -6.986873 0.040755
-3.263901 -7.164382 0.043783
-4.619811 -5.045993 0.040773
-4.723822 -4.894653 0.043133
-4.583732 -4.771197 0.039571
-3.621147 -5.755766 0.033404
-3.737357 -5.671595 0.048335
-3.932944 -5.204419 0.043166
-3.934110 -5.391246 0.042078
-3.739424 -5.132830 0.047578
-3.624379 -5.238138 0.035681
-3.740589 -5.487912 0.047711
-3.624379 -5.406392 0.034095
-4.265995 -5.149580 0.047019
-4.415604 -5.022833 0.040663
-4.060433 -4.911438 0.046826
-4.068111 -5.100274 0.048874
-4.236827 -4.802733 0.044565
-4.394113 -4.864823 0.044339
-4.325505 -5.292207 0.040748
-4.555927 -5.478260 0.044358
-4.530865 -5.314838 0.040381
-5.302706 -4.772122 0.039583
-5.310164 -4.237275 0.039756
-5.200317 -4.101489 0.044029
-4.883227 -3.961803 0.049071
-4.986372 -4.108035 0.045314
-4.907992 -4.259400 0.043874
-4.698122 -3.945352 0.042734
-4.573902 -4.073186 0.044235
-4.585419 -4.249130 0.048148
-4.726616 -4.326330 0.041898
-3.622125 -6.472764 0.037947
-3.735258 -6.603678 0.044692
-3.732695 -6.319285 0.041812
-3.647974 -3.348176 0.044458
-4.391200 3.941007 0.042993
-4.404146 3.752469 0.044083
-4.596012 3.721021 0.042851
-4.698632 3.891557 0.043259
-4.574284 4.020465 0.044729
-5.007330 -1.006434 0.040100
-5.198413 -0.736766 0.048290
-5.197598 -0.910172 0.049211
-3.950566 -0.026794 0.046768
-3.798836 0.070790 0.047351
-3.834492 0.256146 0.044740
-4.136692 0.067393 0.045165
-4.161239 0.249991 0.046680
-4.010768 0.341160 0.045223
-4.884667 1.960597 0.047810
-4.886180 1.770145 0.047860
-4.562090 1.962106 0.046430
-4.709588 2.056119 0.043816
-4.561550 1.772994 0.046150
-4.710562 1.676555 0.044375
-1.638081 -7.886786 0.046575
-1.784184 -7.991339 0.047095
-1.934935 -7.885215 0.046956
-1.927553 -7.673492 0.047766
-1.776195 -7.566944 0.044597
-1.637475 -7.674113 0.047216
-3.916787 5.748360 0.041359
-4.221738 5.967445 0.044316
-3.913145 5.949272 0.041385
-4.046111 6.056015 0.047595
-4.530958 5.281387 0.040860
-4.326254 5.257466 0.041306
-3.697813 6.765704 0.048519
-3.736047 6.593222 0.045603
-4.054764 6.627234 0.047620
-3.920265 6.530015 0.040649
-4.925312 7.356099 0.041629
-4.730546 7.346036 0.043724
-4.686810 7.167127 0.040688
-4.866315 7.074839 0.043978
-5.006108 7.185795 0.041571
-3.576338 7.122690 0.041169
-3.727315 7.167942 0.046594
-3.469569 7.415925 0.047214
-3.431241 7.254621 0.041821
-3.682614 7.484472 0.045056
-3.795263 7.368419 0.043333
-4.198461 7.115185 0.049583
-4.039301 7.185562 0.043447
-4.202931 6.916225 0.045494
-4.040827 6.814942 0.045379
-3.871038 7.061866 0.046085
-3.868093 6.890206 0.045524
-4.688190 6.814043 0.042321
-4.372809 6.630788 0.044992
-4.544972 6.539827 0.046017
-4.696371 6.636740 0.045736
-4.525393 6.912122 0.046794
-4.361411 6.825780 0.046821
-2.680753 8.627222 0.047778
-2.527503 8.518642 0.046826
-2.532455 8.309819 0.048257
-2.384411 8.198914 0.047164
-2.086895 7.988811 0.047349
-2.240030 7.882872 0.047813
-2.389914 7.988950 0.047895
-1.925829 8.303825 0.047710
-2.081864 8.197685 0.047217
-2.229497 8.301711 0.047923
-2.222663 8.510446 0.047290
-1.917015 8.511749 0.047374
-2.066216 8.614345 0.048028
-2.615623 7.572538 0.042376
-2.514716 7.678321 0.049617
-2.545543 7.890959 0.048130
-3.324453 8.216880 0.045331
-4.648962 7.619395 0.042198
-4.609748 7.456347 0.047685
-4.502207 7.755045 0.041925
-4.351688 7.709203 0.046798
-4.397560 7.390057 0.045388
-4.286256 7.507263 0.043278
-2.859786 7.419304 0.040240
-3.044490 7.381702 0.050494
-3.154846 7.512973 0.040648
-3.076526 7.686311 0.041794
-2.788723 7.605130 0.044959
-2.895108 7.740866 0.046575
-3.145687 -8.325878 0.042137
-3.295343 -8.586045 0.040410
-3.146561 -8.527274 0.049616
-3.317873 -8.221225 0.045231
-3.457897 -8.465047 0.041018
-3.481300 -8.301622 0.044848
-4.375493 -5.730520 0.047336
-4.375450 -5.568078 0.040079
-4.219361 -5.812021 0.043367
-4.048696 -5.702187 0.044522
-4.060357 -5.498816 0.049867
-4.230979 -5.446208 0.042362
-5.312854 -4.513611 0.038543
-5.210795 -4.384190 0.047045
-5.203338 -4.665956 0.042317
-5.022568 -4.399768 0.040874
-4.993612 -4.694646 0.043195
-4.914901 -4.557879 0.044041
-4.050392 -6.267423 0.047536
-3.916905 -6.356940 0.040596
-4.227698 -6.367184 0.043189
-4.227559 -6.555031 0.044444
-4.052815 -6.645865 0.047148
-3.919467 -6.547535 0.040264
-3.740977 -3.483293 0.042593
-3.625226 -3.617544 0.039516
-3.740705 -3.757235 0.042151
-3.736672 -4.304969 0.042161
-3.936265 -3.713135 0.041445
-4.268096 -3.534908 0.045709
-4.073749 -3.445314 0.045968
-3.936538 -3.533612 0.041407
-4.852338 -0.924198 0.048581
-4.678147 -1.017802 0.043532
-4.491581 -0.758307 0.045299
-4.505274 -0.931507 0.047176
-4.709140 5.712890 0.043141
-4.554922 5.801151 0.044659
-4.708284 5.521829 0.045185
-4.555280 5.446721 0.044558
-4.216034 5.780564 0.043711
-4.372313 5.699626 0.048059
-4.373526 5.536257 0.040459
-4.044050 5.668222 0.045349
-4.057050 5.463174 0.050863
-4.230248 5.412148 0.042834
-3.211473 7.795266 0.043302
-3.182634 7.962467 0.046225
-3.348135 8.048530 0.043006
-3.530756 7.950273 0.043954
-3.541719 7.769807 0.047137
-3.387937 7.700862 0.040357
-3.152017 8.322562 0.042223
-2.838006 8.533243 0.047109
-3.152339 8.524309 0.049712
-2.998492 8.638740 0.047808
-2.686109 8.218992 0.046380
-3.005508 8.045839 0.043237
-2.838409 8.333835 0.046953
-2.998574 8.237584 0.049580
-2.693694 8.010095 0.048131
-2.852929 7.933193 0.047975
-3.647701 -3.886894 0.044174
-3.738191 -4.024725 0.043631
-3.622712 -4.159576 0.038732
-3.927042 -4.075794 0.040771
-4.244878 -4.261904 0.043540
-4.061595 -4.350441 0.046768
-3.925523 -4.260920 0.041158
-4.649214 -0.499062 0.043529
-4.657286 -0.668676 0.044701
-4.996970 -0.487330 0.041107
-4.833091 -0.408886 0.046738
-5.000977 -0.657103 0.041920
-4.845170 -0.748273 0.046305
-4.390744 -3.994891 0.042597
-4.247880 -4.079720 0.045401
-4.403600 -3.808373 0.043493
-4.267446 -3.713027 0.046096
-4.072826 -3.802957 0.045845
-4.066117 -3.983131 0.046651
