1.516782 -8.166102 0.046968
0.639841 8.165477 0.043457
6.092610 -7.842966 0.041410
5.556489 -8.457974 0.048506
1.798751 9.834037 0.046982
1.645687 9.727947 0.048961
0.092952 -0.343316 0.040441
0.927085 -8.167036 0.045411
0.693770 8.893324 0.047416
0.849986 8.794634 0.050362
0.761230 8.272504 0.048408
0.926548 8.167027 0.045373
0.863615 8.587492 0.050112
0.723026 8.481953 0.046999
6.019059 -8.011004 0.044710
3.763429 9.844241 0.041658
3.461063 9.843147 0.038813
3.580658 9.747389 0.050411
0.086731 9.844103 0.037428
0.183217 9.731558 0.048135
0.096486 9.536517 0.043047
0.685957 9.099795 0.048383
1.499679 9.833910 0.046748
1.342550 9.727480 0.049045
1.202756 9.833570 0.046173
0.460719 -9.719685 0.046401
1.358877 -8.272738 0.048858
1.219582 -8.166636 0.046408
1.058542 -8.273672 0.048777
1.343806 -8.483238 0.047835
2.398137 -9.834385 0.046290
0.084684 8.903510 0.044023
0.789699 0.342388 0.048489
1.640150 9.517922 0.048025
5.797078 -8.241661 0.043611
5.609086 -8.278968 0.050485
5.849905 -8.053750 0.044554
5.739363 -7.895551 0.046548
5.341830 -8.688104 0.045497
5.376812 -8.502438 0.049118
5.159128 -8.742359 0.046382
5.006735 -8.639502 0.043898
4.309565 -9.262096 0.046358
4.319402 -9.083246 0.048758
2.861418 -8.270431 0.044982
2.991523 9.838560 0.042728
3.284056 9.843147 0.038333
3.176037 9.741708 0.050244
2.864851 9.734086 0.049668
3.823344 7.842566 0.041688
4.544870 7.663919 0.041535
4.569802 7.851423 0.041896
4.402135 7.955396 0.043950
4.686203 7.557041 0.050443
5.364125 7.494349 0.047783
6.091037 5.954068 0.041806
5.990197 5.104642 0.051942
5.689903 4.976569 0.045778
5.803077 5.132864 0.045164
4.406851 5.366942 0.048289
4.769400 6.113513 0.048157
5.150365 6.672884 0.045925
4.933359 6.195757 0.044580
5.086362 6.078011 0.052040
4.953761 6.396336 0.043684
5.115510 6.477393 0.050880
4.804560 5.340325 0.044223
5.001277 5.354611 0.044797
4.995275 4.998797 0.044907
5.056347 5.897731 0.046348
5.021104 5.537301 0.045189
0.355952 9.827455 0.043557
0.397307 -9.498981 0.046442
0.109370 -9.229248 0.049201
0.205908 -9.411699 0.051744
0.627015 -9.832243 0.043667
0.356069 -9.827442 0.043577
1.795911 -9.413885 0.049261
6.089648 -3.029217 0.041493
4.391275 -4.340978 0.043618
4.493569 -4.174598 0.044784
0.544202 -8.574222 0.050618
0.723656 -8.481986 0.047033
0.640167 -8.165492 0.043493
0.761736 -8.272528 0.048449
0.118114 -8.585493 0.056353
0.864417 -8.587520 0.050151
1.033953 -8.484698 0.047572
1.179923 -8.588162 0.049755
0.850816 -8.794648 0.050394
3.763837 -9.844015 0.042014
4.076388 -9.845679 0.042381
4.244684 -9.777233 0.044116
4.268871 -9.609292 0.047390
3.912045 -9.749694 0.049376
0.094326 8.269995 0.046744
0.181055 8.159870 0.038977
0.357001 8.159870 0.040095
0.466665 8.265346 0.047930
0.109275 9.229265 0.049159
0.193959 9.093359 0.045996
0.205761 9.411731 0.051700
0.511527 9.191610 0.051811
0.374726 9.071408 0.046128
6.096855 0.149889 0.040347
5.985313 0.981827 0.049744
6.078289 2.008739 0.044995
5.978322 2.161421 0.047539
6.090486 3.340239 0.041419
0.098103 0.341675 0.043407
4.412503 4.703161 0.049616
2.293139 0.340671 0.047518
1.967800 0.341416 0.043678
2.100412 0.242087 0.053779
1.774964 0.341416 0.041869
0.701604 -0.338691 0.047448
2.071717 0.047240 0.052036
1.329042 9.517522 0.047866
1.480633 9.413927 0.049512
1.515841 8.166085 0.046934
1.801569 8.793298 0.048852
1.957810 8.896347 0.048923
5.511157 -8.126689 0.042840
5.588607 -7.931182 0.042272
5.989307 -7.693787 0.050371
5.805215 -7.703626 0.042248
6.086697 -7.545168 0.042686
5.984671 -7.390893 0.046080
6.088321 -6.238135 0.042665
5.018010 -3.944920 0.043762
4.822892 -3.995795 0.042962
5.989248 -6.088748 0.050352
5.795672 -6.084885 0.046788
4.455912 -9.565482 0.045078
4.657600 -9.348037 0.048342
4.476308 -9.385576 0.049904
5.218490 -8.386721 0.046194
5.031115 -8.469530 0.047251
5.116775 -8.919925 0.043768
5.691093 -7.546951 0.047851
5.773160 -7.382836 0.048752
4.480756 -8.973566 0.049774
4.483074 -8.766362 0.042019
4.655084 -8.651869 0.044631
4.814421 -8.728481 0.045162
1.493711 -8.586726 0.049439
2.119780 -8.585993 0.049452
2.117931 -8.165851 0.047398
2.713881 -8.172026 0.048489
3.006245 -8.158405 0.045037
3.558778 9.562625 0.046458
2.695156 9.835525 0.045207
2.098341 9.834152 0.046884
1.949468 9.728189 0.048912
5.113680 8.923005 0.043711
4.075668 9.845887 0.042197
4.243369 9.777823 0.044092
4.266613 9.610687 0.047312
3.909898 9.750128 0.049465
4.799794 6.525710 0.050921
4.677463 8.481532 0.045016
4.861261 8.388733 0.044456
4.810228 8.732509 0.045067
4.650534 8.656035 0.044561
4.375300 8.135610 0.045011
4.534662 8.223841 0.045716
4.515920 8.400608 0.045666
4.340876 8.502973 0.043898
6.086291 7.550663 0.042439
5.471188 7.793465 0.042057
5.689378 7.555224 0.047745
5.508867 7.601957 0.046550
5.772117 7.391578 0.048509
5.987607 7.097430 0.051106
6.087801 7.270479 0.041528
5.984092 7.398372 0.045923
5.366278 7.307824 0.050999
4.297645 7.378880 0.043003
5.155582 8.746017 0.046268
5.002638 8.643736 0.043808
5.026741 8.474465 0.047112
5.318556 7.890858 0.042044
4.875939 7.637023 0.043282
5.186378 7.806940 0.046717
5.034658 7.529167 0.050549
5.194268 7.601939 0.042745
5.186936 4.223856 0.044509
5.989436 6.103352 0.050130
5.783183 5.779396 0.047388
5.984036 5.492804 0.049292
6.082960 5.665650 0.042001
5.983997 5.791049 0.049193
5.388093 5.806710 0.044772
5.168839 5.599404 0.044547
5.192986 5.787618 0.045716
5.486916 5.949596 0.051684
5.703305 6.274609 0.050195
5.696904 5.938901 0.045075
5.796117 6.099839 0.046547
6.091076 5.220798 0.037799
6.091076 5.390230 0.037625
4.503222 5.202829 0.046011
4.714141 5.195515 0.054454
4.801197 5.039730 0.043870
4.406371 5.039323 0.048132
4.508874 4.868400 0.052595
4.692782 4.876121 0.044949
5.155580 5.245695 0.047176
5.152461 5.084644 0.047307
5.505208 5.040899 0.045176
5.356109 4.968938 0.049468
5.348548 4.804251 0.043496
4.483457 6.187173 0.043470
4.648170 6.233948 0.042847
4.658163 6.445566 0.041520
4.406802 6.019245 0.047816
4.835438 5.639629 0.045134
4.701543 5.516770 0.045258
4.712589 5.909882 0.046950
4.846533 5.811845 0.049755
4.514753 5.536074 0.053722
4.417902 5.699776 0.051188
4.514704 5.862390 0.048282
0.460488 9.719725 0.046350
0.397029 9.499042 0.046400
0.522027 9.400841 0.053368
0.626751 9.832270 0.043637
0.096538 -9.536506 0.043070
0.086749 -9.844104 0.037435
0.183287 -9.731546 0.048164
0.194098 -9.093339 0.046019
0.084728 -8.903499 0.044051
0.202842 -8.771113 0.048730
0.837796 -9.206644 0.050742
0.522474 -9.400768 0.053429
0.911007 -9.832664 0.045249
0.745892 -9.724907 0.048481
0.704763 -9.514136 0.046534
0.845488 -9.411810 0.051179
1.646786 -9.727906 0.049025
1.481996 -9.413896 0.049558
1.641599 -9.517878 0.048070
1.010530 -8.899126 0.048811
1.170101 -8.795462 0.049317
1.005345 -9.104684 0.048575
1.161086 -9.207221 0.049725
1.799610 -9.834016 0.046978
2.255102 -9.728515 0.049111
2.099218 -9.834130 0.046845
1.950801 -9.728146 0.048993
1.952288 -9.518043 0.048182
1.803240 -8.793392 0.048890
1.796662 -9.206506 0.048889
2.435777 -8.798093 0.048834
5.987883 -3.173342 0.050528
4.412294 -4.005969 0.050073
0.094415 -8.270016 0.046777
0.181162 -8.159918 0.039004
0.357162 -8.159918 0.040131
0.466963 -8.265410 0.047969
0.409077 -8.464682 0.045069
0.212529 -8.469288 0.043298
3.594912 -9.206193 0.047068
3.914109 -9.567248 0.045410
3.746434 -9.476113 0.047123
3.762558 -9.301015 0.046703
3.950532 -9.224859 0.045558
4.122938 -9.328002 0.047967
4.102639 -9.495292 0.045180
3.616646 -9.028125 0.047460
3.511803 -8.214348 0.043229
3.328206 -8.148172 0.041866
3.182130 -8.422507 0.042798
3.172336 -8.246577 0.048491
2.427265 -9.209740 0.048811
2.421712 -9.416319 0.048934
2.263032 -9.518808 0.048281
2.108636 -9.414321 0.049051
2.990938 -9.838759 0.042227
2.867039 -9.734327 0.049859
2.695522 -9.835568 0.044964
2.560002 -9.729953 0.049363
2.893007 -9.530279 0.048808
2.575647 -9.521594 0.048522
2.737134 -9.423161 0.048627
0.117965 8.585493 0.056274
0.212291 8.469229 0.043268
0.202649 8.771088 0.048687
0.528030 8.778389 0.052459
0.383416 8.864659 0.043812
0.543656 8.574160 0.050577
0.408685 8.464581 0.045042
5.155672 0.010730 0.048163
5.347413 -0.079252 0.049082
5.990486 0.009167 0.045736
5.981761 0.302773 0.044267
6.074905 0.428327 0.044494
5.976356 0.595786 0.055224
6.096302 -1.935133 0.037051
5.625895 -1.685586 0.047907
5.769606 -1.769710 0.045295
5.627756 -2.061200 0.048650
5.769905 -1.952586 0.044593
5.978081 -2.210414 0.049624
5.972817 -2.030335 0.050616
6.090033 2.289103 0.041658
6.093081 2.585654 0.037211
5.993113 2.470907 0.052961
6.093081 2.757731 0.037838
5.647080 2.040405 0.050523
5.760524 2.186664 0.050094
5.816819 2.502373 0.041581
5.695940 2.345812 0.045317
5.531026 2.424544 0.042728
5.713736 2.675706 0.047114
5.545773 2.635810 0.042675
4.412674 3.703390 0.049687
4.819673 3.733028 0.043295
4.809603 3.559068 0.051398
1.371366 -0.341137 0.050058
5.441774 2.035312 0.049658
4.830071 1.394194 0.049812
5.777281 0.944826 0.050161
4.886443 1.003094 0.047413
5.073316 1.065723 0.045102
5.032766 1.377705 0.050415
5.145198 1.221029 0.051620
4.361214 0.531205 0.051207
4.403788 -2.316486 0.046138
4.403401 -2.657271 0.047193
4.676124 -2.447516 0.045736
4.497189 -2.475970 0.050180
0.105311 -0.045320 0.046596
0.198262 -0.240329 0.048455
0.387649 -0.337013 0.044692
0.513449 -0.235704 0.051939
1.890832 -0.047494 0.050927
1.539178 -0.241868 0.052619
1.164665 9.413545 0.050095
0.836990 9.206690 0.050702
1.009575 8.899116 0.048767
1.004392 9.104701 0.048533
1.159969 9.207241 0.049685
1.815674 8.165815 0.047247
1.660591 8.271900 0.048766
1.652404 8.481998 0.047938
1.805202 8.585833 0.049289
1.492426 8.586665 0.049395
1.168998 8.795429 0.049283
2.712725 8.171974 0.048495
6.087975 -7.262815 0.041754
5.987885 -7.088067 0.051309
6.089911 -6.974346 0.038387
5.984786 -6.405318 0.051499
4.493435 -4.508669 0.045025
4.412159 -4.676813 0.049987
5.344279 -8.096965 0.043749
5.212353 -8.205061 0.050568
4.682118 -8.476962 0.045087
4.865836 -8.383602 0.044548
5.474484 -7.785673 0.042083
5.511119 -7.593365 0.046737
5.322544 -7.883343 0.042211
5.800550 -7.063763 0.043570
5.689128 -7.230454 0.046894
4.696206 -9.190604 0.041738
4.623470 -9.024793 0.039299
4.890068 -9.156253 0.041293
4.935087 -8.982787 0.044028
4.785126 -8.894200 0.041643
1.963691 -8.481655 0.047971
1.653727 -8.482066 0.047972
1.806732 -8.585929 0.049336
1.661727 -8.271942 0.048808
1.816777 -8.165840 0.047276
1.965736 -8.271691 0.048767
2.269725 -8.272097 0.048720
2.418663 -8.166247 0.047394
2.570854 -8.278273 0.048984
2.273619 -8.482276 0.047836
2.432976 -8.589867 0.050124
2.581274 -8.491715 0.046703
3.889676 -8.191083 0.047884
4.061848 -8.117730 0.044812
4.051834 -7.601099 0.040638
3.991956 -7.792196 0.048062
4.107486 -7.919742 0.045983
3.824804 -7.841268 0.041817
3.616837 -8.062272 0.041484
3.768162 -8.042167 0.048378
3.998552 8.688892 0.046888
3.819271 8.768210 0.049050
3.766168 8.043821 0.048194
3.615819 8.063113 0.041318
2.397384 9.834389 0.046399
2.253510 9.728541 0.049002
2.558105 9.729914 0.049209
1.794194 9.413900 0.049213
1.950449 9.518077 0.048127
1.794869 9.206475 0.048839
1.954421 9.102982 0.048945
4.453982 9.567273 0.044978
3.742058 9.477700 0.046983
3.910407 9.568350 0.045367
4.099422 9.496973 0.045027
4.050253 7.602563 0.040617
4.273778 7.847607 0.041317
4.358275 7.661909 0.040556
4.249319 7.545169 0.052861
3.989673 7.794200 0.047947
4.104242 7.922505 0.045918
4.887370 9.158915 0.041232
4.931897 8.985924 0.043960
4.781390 8.897708 0.041619
3.886670 8.193602 0.047790
3.858821 8.385680 0.047095
4.058415 8.120651 0.044748
4.201116 8.225967 0.045123
4.014884 8.503326 0.046495
4.185434 8.416563 0.048209
6.092244 7.845615 0.041088
5.988535 7.698870 0.050194
5.803598 7.710225 0.042165
6.089806 6.814405 0.037973
6.089806 6.983555 0.038293
5.362770 6.918874 0.050705
5.344633 6.735390 0.047837
5.483908 6.603335 0.049062
5.022547 7.339964 0.047561
5.182938 7.043172 0.046415
5.184310 7.226210 0.045820
5.338497 8.691564 0.045436
5.214427 8.391894 0.046082
5.553375 8.461664 0.048419
5.373240 8.506712 0.048944
5.340008 8.103531 0.043538
5.208081 8.211102 0.050443
4.869931 8.207230 0.049477
5.029066 8.112170 0.043748
4.704876 8.123262 0.043082
4.713181 7.931058 0.047223
4.877985 7.823536 0.046175
5.028814 7.920680 0.046053
5.021497 3.975721 0.043443
5.168115 3.719258 0.045628
5.015752 3.802164 0.045567
5.189358 4.062102 0.046057
5.366122 3.789972 0.043997
5.381620 3.959260 0.050084
4.494207 4.536676 0.044690
5.529445 4.044453 0.044499
5.706552 3.989234 0.046427
6.088399 6.251631 0.042339
5.793340 6.444972 0.044739
5.986522 6.716979 0.046111
6.086716 6.543127 0.040645
5.985115 6.418481 0.051233
5.680829 6.616362 0.047689
5.772411 6.763723 0.050510
5.671967 5.615175 0.050684
5.486865 5.631795 0.045279
5.693777 5.294718 0.046401
5.773857 5.453982 0.050209
5.354580 5.504131 0.045559
5.361149 5.333111 0.049432
5.507128 5.244022 0.044857
5.535737 6.272581 0.042244
5.428852 6.429916 0.044158
5.254722 6.366480 0.043405
5.245975 6.167679 0.043226
5.418562 6.108506 0.043758
6.089122 4.930000 0.041246
5.764175 4.814028 0.049365
6.077152 4.648909 0.044260
5.976274 4.795681 0.050002
5.006037 4.813149 0.044536
5.155662 4.734309 0.046328
5.161544 4.554971 0.044226
4.818092 4.736474 0.044357
4.386655 6.360836 0.041770
4.416794 6.689032 0.051049
4.493450 6.519879 0.043334
0.528574 -8.778437 0.052495
0.383762 -8.864697 0.043849
0.694427 -8.893328 0.047462
0.686592 -9.099766 0.048423
0.375018 -9.071387 0.046170
0.511995 -9.191565 0.051856
1.500437 -9.833891 0.046764
1.042058 -9.726215 0.049117
1.203361 -9.833551 0.046200
1.343422 -9.727442 0.049101
1.330169 -9.517476 0.047906
1.165717 -9.413502 0.050140
1.017668 -9.516132 0.047427
1.327480 -8.898007 0.048986
1.487207 -8.794195 0.048993
1.643731 -8.896998 0.048987
1.640462 -9.103512 0.048934
1.480109 -9.206909 0.049180
1.323651 -9.104207 0.048840
2.746221 -8.604941 0.050303
2.883338 -8.489904 0.049666
3.037959 -8.553808 0.043036
6.088236 -3.324100 0.042103
5.980953 -3.771052 0.051612
6.078420 -3.603438 0.043149
5.976656 -3.477806 0.048217
5.800625 -3.157179 0.043163
6.101565 -2.289939 0.034564
6.101565 -2.467463 0.036083
6.083837 -2.751307 0.041907
5.983485 -2.872092 0.045258
5.995403 -2.580613 0.048584
3.282505 -9.842461 0.038493
3.177957 -9.741220 0.050372
3.563661 -9.561021 0.046425
3.460277 -9.842461 0.039536
3.583128 -9.746476 0.050427
3.456405 -8.929780 0.045973
3.135468 -8.712640 0.040096
3.862042 -8.383046 0.047180
3.357237 -8.490693 0.043104
3.340006 -8.659758 0.043632
3.490975 -8.746973 0.048404
3.673027 -8.661593 0.044531
3.531039 -8.380940 0.048043
3.695860 -8.464625 0.048594
2.271934 -9.104633 0.048925
1.959697 -8.896468 0.048978
1.956388 -9.103068 0.048989
2.111985 -9.206725 0.048830
2.119279 -8.793343 0.048937
2.275919 -8.897851 0.049173
5.005127 -0.085748 0.049579
5.390475 -0.264367 0.048611
6.083631 -0.138073 0.043379
6.083272 1.441354 0.043782
6.083862 1.157937 0.041947
5.977134 1.279454 0.050067
6.081657 1.726096 0.044663
5.969946 1.872130 0.050214
5.974929 1.577019 0.049393
5.756535 1.878553 0.047193
5.793997 0.256698 0.041625
5.491134 0.030211 0.048621
5.802722 0.059351 0.042655
5.680326 -0.050819 0.049828
6.091451 0.880531 0.037345
6.091451 0.710696 0.037972
5.633751 -1.492209 0.050761
5.632030 -1.103209 0.051645
6.096302 -1.760353 0.036643
5.972518 -1.672679 0.050040
4.415891 -1.686264 0.046514
5.342874 -2.314298 0.050012
5.994581 2.867259 0.046666
5.791531 2.839088 0.050067
6.091500 3.040532 0.040068
5.991986 3.180121 0.052088
5.248152 2.687297 0.042952
5.408131 2.761230 0.050816
5.397700 2.959427 0.047472
1.457184 0.341171 0.044443
1.531313 -0.047363 0.050693
1.663536 0.242587 0.054891
1.709642 0.048523 0.052983
0.847432 -0.239149 0.052500
0.818800 -0.043428 0.049846
1.031697 -0.340458 0.049073
1.191043 -0.241595 0.052469
4.416443 1.429874 0.049388
4.412190 2.050610 0.048613
5.377080 2.360000 0.051768
5.324944 2.177920 0.048406
5.231848 2.497332 0.042464
5.116451 2.165250 0.045885
5.052428 2.470810 0.044651
4.989167 2.320808 0.048244
4.743468 1.076920 0.046558
4.715462 1.259358 0.047312
4.510724 1.280417 0.044101
5.779485 0.632588 0.045707
5.686549 0.794708 0.044737
5.131322 0.203160 0.048596
5.139167 1.540270 0.048469
5.344043 1.865517 0.048378
3.650081 -0.470383 0.045908
4.340584 -0.326113 0.048504
4.811014 0.000624 0.049662
4.655770 -0.107374 0.049752
4.716633 -1.787287 0.046719
4.516383 -1.819655 0.049600
4.504279 -2.139276 0.046878
4.410491 -1.995306 0.046880
5.229490 -2.640477 0.042835
5.034676 -2.404421 0.044487
5.210578 -2.442007 0.044282
5.500870 -2.386931 0.043376
5.649215 -2.256364 0.051553
5.796627 -2.327829 0.040116
5.813949 -2.520504 0.042317
4.411782 -3.665460 0.049999
4.697760 -3.841836 0.045020
4.514076 -3.836283 0.056278
4.415983 -2.995004 0.050944
4.509384 -2.826067 0.053379
0.237919 0.245156 0.061066
0.245127 0.054810 0.058753
0.445157 0.343481 0.047401
0.611888 0.245869 0.054631
0.623402 0.053844 0.053341
0.463879 -0.038890 0.048158
1.715325 -0.340730 0.050666
2.060332 -0.341513 0.050326
1.888649 -0.242243 0.052522
0.704197 9.514210 0.046496
0.844730 9.411873 0.051133
1.016828 9.516189 0.047388
0.745461 9.724956 0.048431
0.910576 9.832686 0.045217
1.041410 9.726256 0.049065
2.116719 8.165808 0.047374
1.964435 8.271624 0.048723
1.962150 8.481543 0.047939
1.033085 8.484667 0.047537
1.178879 8.588122 0.049715
1.342708 8.483191 0.047799
1.057813 8.273651 0.048735
1.218835 8.166624 0.046371
1.357936 8.272709 0.048817
1.642171 8.896937 0.048938
1.485827 8.794139 0.048957
1.326228 8.897973 0.048941
1.638861 9.103480 0.048891
1.478669 9.206909 0.049136
1.322381 9.104200 0.048798
6.086465 -6.531275 0.041016
6.089911 -6.804356 0.038177
5.986376 -6.705497 0.046504
5.782834 -5.763046 0.047623
5.696390 -5.923167 0.045340
4.406429 -6.005803 0.048107
4.664809 -4.450811 0.043578
4.664944 -4.236000 0.043518
4.810583 -4.160423 0.051099
5.185544 -4.033573 0.046385
6.092533 -3.880890 0.037575
6.092533 -4.050774 0.036936
6.090104 -4.345309 0.041149
5.976897 -4.480228 0.050555
5.992637 -4.165567 0.053063
5.766368 -4.461785 0.049399
5.653627 -4.627718 0.054638
5.763013 -4.792978 0.049624
5.688772 -4.955863 0.046078
5.503845 -5.020216 0.045509
6.076793 -4.628613 0.044538
5.975650 -4.775430 0.050301
6.090926 -5.938991 0.042102
5.983795 -5.775007 0.049469
5.802333 -5.113255 0.045430
4.520518 -8.396291 0.045737
4.205055 -8.222548 0.045178
4.277190 -7.844297 0.041330
5.033653 -8.106000 0.043861
4.874511 -8.201731 0.049547
5.190003 -7.799369 0.046783
4.881987 -7.817259 0.046200
5.033038 -7.913930 0.046207
5.772144 -6.751571 0.050888
5.688345 -6.911355 0.046310
4.334974 -8.694207 0.049021
4.345383 -8.499044 0.043960
4.189543 -8.412946 0.048288
4.018703 -8.500091 0.046555
4.119397 9.330584 0.047915
2.572554 9.521446 0.048412
3.758184 9.303263 0.046695
3.612723 9.030091 0.047422
3.590609 9.208190 0.047055
3.797224 8.951894 0.045853
3.963435 9.054254 0.048677
3.946508 9.227524 0.045454
6.018169 8.013092 0.044630
5.506247 6.993737 0.043537
5.688252 7.240493 0.046717
5.508383 7.199649 0.044130
5.800033 7.074237 0.043382
5.688121 6.922888 0.046124
4.846774 7.280558 0.044842
4.669149 7.389779 0.046413
4.486313 7.312464 0.046966
4.391704 4.371027 0.043391
6.092952 4.071205 0.036749
6.092952 3.901430 0.037395
6.079586 3.623018 0.042754
5.980072 3.493670 0.048803
5.982538 3.790694 0.051523
5.776226 3.824453 0.049602
5.474971 4.652908 0.045308
5.655257 4.650191 0.054103
5.356734 4.502344 0.044932
5.375713 4.331482 0.050139
5.525960 4.254920 0.044636
6.090689 4.366018 0.040899
5.977841 4.501234 0.050260
5.993641 4.186353 0.052932
5.813552 4.156249 0.043932
5.700804 4.318850 0.046175
5.768045 4.484169 0.049168
4.666152 4.478269 0.043221
4.806129 4.562781 0.049981
5.006368 4.299866 0.043535
4.999956 4.460119 0.046262
2.588863 -9.110589 0.048976
2.744798 -9.218735 0.049035
2.593390 -8.905723 0.049199
2.755536 -8.810724 0.049165
5.765644 -3.472458 0.048363
5.689966 -3.302588 0.046843
5.693041 -2.981818 0.046068
5.774137 -2.840856 0.046536
5.388284 -2.723692 0.050690
5.527369 -2.597855 0.044847
5.693036 -2.659963 0.049871
3.219526 -9.544925 0.048531
3.058474 -9.438416 0.048358
3.409808 -9.280981 0.045848
3.394682 -9.460710 0.049304
4.537306 -0.396893 0.048611
4.695586 -0.290590 0.048322
5.630511 -0.910666 0.052386
5.741889 -0.240609 0.045930
5.595760 -0.344695 0.052501
5.614726 -0.529321 0.053192
6.063799 -0.407689 0.047617
5.957430 -0.277679 0.049661
5.781395 -1.198766 0.045616
5.779048 -1.391947 0.043888
6.097888 -1.404149 0.035196
5.974104 -1.488293 0.052674
6.068564 -0.958209 0.045615
6.097888 -1.229867 0.037045
5.976452 -1.120830 0.051403
3.832172 -0.508309 0.050486
3.868234 -0.689217 0.045689
3.984284 -0.377548 0.048370
4.180151 -0.438140 0.049262
4.822436 -1.595919 0.053399
5.434884 -1.989185 0.049540
5.298347 -2.111715 0.048781
5.433322 -1.796446 0.048944
5.771766 3.491573 0.049011
5.485730 3.647348 0.045124
5.664968 3.654681 0.053135
5.706229 2.999662 0.045034
5.529415 3.052316 0.044137
5.809765 3.167422 0.043760
5.699958 3.325442 0.045635
5.524159 3.261279 0.043454
5.162343 3.544648 0.044353
5.358355 3.493457 0.043137
5.372695 3.332387 0.049804
4.999910 3.453594 0.045386
5.075973 2.778745 0.044592
4.945607 2.644642 0.041607
4.776051 2.673111 0.049332
4.404081 2.711529 0.047229
1.318698 0.242380 0.053992
1.346720 0.047909 0.052274
1.174261 -0.047053 0.050429
0.986284 0.049805 0.052170
1.128652 0.341209 0.047640
0.968696 0.243596 0.053607
4.785937 2.336817 0.044485
4.705763 2.190654 0.048726
4.505387 2.204969 0.046553
4.403196 2.373548 0.046515
4.679643 2.515287 0.046191
4.497278 2.537703 0.048691
4.820127 2.023619 0.047386
5.027586 2.014224 0.049471
5.037589 1.699697 0.049123
5.138348 1.857098 0.048296
4.414514 1.737859 0.048971
4.516704 1.890033 0.047827
4.520957 1.582245 0.047812
4.724265 1.877357 0.048162
4.729846 1.567623 0.046768
4.830964 1.710561 0.049439
4.533616 0.801290 0.048727
4.553658 0.973276 0.044326
4.351083 0.716691 0.050762
4.419210 1.104095 0.049793
5.643128 0.335921 0.054005
5.634021 0.504707 0.044612
5.462662 0.219604 0.044996
5.294591 0.302572 0.049330
4.717910 0.707940 0.049145
4.880929 0.806100 0.043460
5.188949 0.898091 0.045362
5.066851 0.748228 0.048334
5.100426 0.575512 0.050261
5.442821 0.589176 0.044835
5.283856 0.503358 0.051835
5.370328 0.907225 0.052952
5.478803 0.768342 0.046364
5.343844 1.549109 0.049430
5.447962 1.716955 0.048635
5.655147 1.724899 0.049877
5.761829 1.569400 0.048449
2.238616 -0.243339 0.052389
2.247818 -0.049335 0.050971
4.251527 1.077042 0.046122
4.047294 0.845108 0.051067
4.203443 0.861625 0.050605
3.138696 0.242790 0.052031
2.967891 0.340580 0.049969
3.593524 -0.290755 0.048995
3.503238 0.075921 0.051755
3.974832 0.649745 0.055006
3.943121 -0.201534 0.048650
3.734451 -0.152668 0.051355
3.697428 0.018465 0.051302
4.810391 -1.933791 0.047800
5.020210 -1.917550 0.053079
5.107177 -2.078925 0.048799
4.975802 -2.243923 0.048430
4.782373 -2.258886 0.045934
4.703929 -2.110129 0.049446
4.494180 -3.495714 0.045641
4.667143 -3.434798 0.044385
4.392398 -3.328819 0.043990
4.498382 -3.159878 0.046341
4.671344 -3.217598 0.044125
5.061188 -2.725276 0.045354
4.695919 -2.807715 0.047241
4.768871 -2.610465 0.049795
4.933994 -2.582333 0.042105
2.579404 8.491466 0.046676
2.569427 8.278148 0.048956
2.417430 8.166175 0.047376
2.268316 8.271983 0.048676
5.486323 -5.614417 0.045523
5.506051 -5.224414 0.045162
5.671476 -5.597772 0.051019
5.773361 -5.435947 0.050536
5.693044 -5.275611 0.046725
4.514182 -5.847395 0.048663
4.711706 -5.895014 0.047409
4.845782 -5.795858 0.050061
4.713316 -5.174549 0.054930
4.508203 -4.843931 0.052903
4.502720 -5.181568 0.046319
4.406043 -5.016366 0.048462
5.168143 -5.582248 0.044781
5.154449 -5.226200 0.047562
5.360088 -5.314246 0.049785
5.353873 -5.486324 0.045809
4.406677 -5.347172 0.048663
4.417754 -5.683147 0.051611
4.514431 -5.517923 0.054126
5.372699 -4.305961 0.050467
5.003632 -4.272674 0.043959
5.183475 -4.196699 0.044874
5.377383 -3.931359 0.050381
5.659496 -3.629591 0.054004
5.773040 -3.802554 0.049420
5.811435 -4.133695 0.044143
5.703418 -3.964734 0.046905
5.525436 -4.017925 0.044794
5.522821 -4.229400 0.044932
5.698373 -4.294994 0.046646
6.088857 -4.910668 0.041506
5.989781 -5.085607 0.052296
6.090924 -5.202604 0.037983
6.082868 -5.649068 0.042253
5.983792 -5.475283 0.049595
6.090924 -5.372493 0.037761
4.379515 -8.131646 0.045074
4.539137 -8.219291 0.045779
4.406012 -7.951383 0.044006
4.709413 -8.118092 0.043161
4.573726 -7.846627 0.041976
4.717504 -7.925690 0.047301
5.509308 -7.188951 0.044359
5.506589 -6.982147 0.043731
5.680123 -6.603110 0.047983
5.702635 -6.260031 0.050421
5.792675 -6.431078 0.044989
4.149720 -8.975397 0.046680
4.162974 -8.793563 0.047868
4.002543 -8.685544 0.046947
3.967479 -9.051104 0.048685
3.801239 -8.949192 0.045890
3.823049 -8.765467 0.049090
4.619898 9.028127 0.039285
4.306301 9.265050 0.046275
4.473695 9.388025 0.049830
4.655190 9.350421 0.048253
4.693321 9.193428 0.041683
3.238816 9.166835 0.050163
3.214725 9.545650 0.048465
3.389918 9.462326 0.049327
3.405623 9.282328 0.045785
2.744059 8.604713 0.050258
3.669578 8.663645 0.044485
3.692796 8.466681 0.048557
2.586016 9.110205 0.048927
2.911804 8.923473 0.049546
2.590788 8.905324 0.049132
2.752945 8.810380 0.049102
2.418996 9.416172 0.048881
2.260673 9.518791 0.048206
2.106485 9.414290 0.049000
2.109782 9.206619 0.048769
2.269551 9.104431 0.048879
2.424577 9.209482 0.048736
5.794734 8.244691 0.043571
5.507474 8.132565 0.042792
5.606039 8.283276 0.050340
5.848066 8.057472 0.044458
5.585306 7.937857 0.042321
5.737203 7.901349 0.046534
4.392443 7.021523 0.044683
4.513657 7.143002 0.045597
4.499237 6.832811 0.043375
4.494361 4.205869 0.044632
4.666305 4.265480 0.043190
4.412657 4.039232 0.049679
4.825401 4.027347 0.042660
4.812695 4.189739 0.050748
4.699982 3.876088 0.044554
4.515331 3.871330 0.055791
2.908503 -9.126757 0.048670
3.066307 -9.239320 0.048934
3.097380 -8.863041 0.052290
2.914714 -8.923612 0.049582
3.267348 -8.992966 0.044669
3.242485 -9.166100 0.050217
4.999015 -3.242368 0.047228
5.027943 -2.892876 0.047919
4.814225 -3.130074 0.051712
4.827798 -2.947183 0.047743
5.379889 -2.921474 0.047922
5.513169 -3.019186 0.044219
5.187850 -3.005859 0.047258
5.172495 -3.172459 0.044772
5.511506 -3.228894 0.043552
5.362871 -3.297782 0.050168
5.011977 -3.769615 0.045812
4.994617 -3.417385 0.045642
4.816347 -3.697925 0.043486
4.805626 -3.522291 0.051674
4.570677 -0.575767 0.048372
4.775780 -0.859622 0.050038
4.755184 -0.662233 0.046819
5.431475 -0.637837 0.048030
5.442495 -0.825667 0.047870
6.096152 -0.681706 0.040053
5.969951 -0.551996 0.049060
5.974716 -0.840354 0.045735
5.778141 -0.809221 0.044986
5.773376 -0.615705 0.044540
5.003694 -1.584490 0.046797
5.296717 -1.706558 0.047514
5.107709 -1.759617 0.045578
4.944775 -1.169532 0.052038
5.279405 -0.938486 0.051412
4.945268 -0.960177 0.047367
5.101003 -0.854788 0.050093
5.041922 2.940317 0.047401
5.203670 3.047065 0.046880
5.183921 3.211062 0.044401
5.007149 3.281078 0.046640
4.821400 3.173449 0.051864
4.836424 2.996685 0.046698
4.700919 2.863582 0.046849
4.511313 2.879584 0.052059
4.417232 3.043200 0.050812
4.729445 0.533501 0.048979
4.555281 0.441364 0.048891
4.582111 0.260750 0.049986
4.776436 0.181321 0.047998
4.946200 0.287379 0.051480
4.926038 0.458945 0.046031
5.768195 1.260625 0.048172
5.661234 1.414906 0.048068
5.666892 1.102107 0.048822
5.467685 1.090872 0.046243
5.358188 1.237043 0.048285
5.450434 1.402559 0.049271
3.140864 0.047817 0.050860
2.962175 -0.049223 0.052308
2.937150 -0.243136 0.053940
3.325253 -0.036901 0.051489
3.378516 -0.232444 0.060296
2.603668 -0.048987 0.051440
2.784195 0.046751 0.050639
2.445674 0.241672 0.052806
2.429049 0.046513 0.051132
2.628177 0.341001 0.049160
2.792079 0.241581 0.052546
2.404323 -0.341826 0.049505
2.588144 -0.243322 0.052683
2.743647 -0.341496 0.047951
3.269387 -0.341640 0.042162
3.073848 -0.341640 0.044388
3.675144 0.367467 0.051923
3.489364 0.260059 0.049514
3.309212 0.342210 0.049453
4.103138 -0.086144 0.049722
4.422559 0.149731 0.051715
4.304734 -0.150132 0.048731
4.461641 -0.037696 0.048019
2.430980 8.589588 0.050069
2.433478 8.797779 0.048792
2.118006 8.585823 0.049399
2.271888 8.482078 0.047807
2.117300 8.793163 0.048898
2.273679 8.897609 0.049112
4.700954 -5.498589 0.045612
4.834782 -5.622468 0.045409
4.803796 -5.320819 0.044519
5.000376 -5.335700 0.045148
5.020284 -5.519670 0.045413
4.691622 -4.852475 0.045296
4.800059 -5.017890 0.044065
5.473140 -4.629395 0.045586
5.354453 -4.477572 0.045149
5.360986 -3.760569 0.044349
5.479230 -3.617839 0.045436
5.351250 -3.461187 0.043431
5.163114 -3.687478 0.045750
5.156476 -3.510881 0.044626
5.366184 -7.485257 0.047922
5.367616 -7.297753 0.051223
5.197008 -7.593590 0.042892
5.483154 -6.590026 0.049356
4.476858 8.977117 0.049708
4.315673 9.086657 0.048722
4.330540 8.698087 0.048937
4.478654 8.770225 0.041986
4.158766 8.797243 0.047821
4.145695 8.978921 0.046608
3.054286 9.438274 0.048237
2.888926 9.529858 0.048635
2.733680 9.422829 0.048575
3.062672 9.239458 0.048890
2.905192 9.126490 0.048568
2.741561 9.218278 0.048946
2.881367 8.489725 0.049642
2.860010 8.270303 0.044924
3.005220 8.158330 0.045048
3.094348 8.863322 0.052208
3.263881 8.993717 0.044634
3.452802 8.931111 0.045933
3.487610 8.748349 0.048392
4.847960 7.094996 0.048144
4.697680 7.034755 0.042788
5.007925 6.784560 0.048609
5.022361 6.971364 0.046130
4.819104 6.718442 0.047578
4.683260 6.845006 0.045594
4.408741 -0.680746 0.048549
4.214937 -0.613899 0.047240
4.055132 -0.734215 0.049231
4.083432 -0.906679 0.044400
5.089218 -0.658004 0.047936
4.912887 -0.566004 0.050244
5.234566 -0.365028 0.049800
5.256599 -0.553872 0.051848
5.040958 -0.276390 0.048855
4.886661 -0.373234 0.049160
5.453138 -1.400870 0.049120
5.308677 -1.504359 0.045286
5.449069 -1.205051 0.047306
5.284460 -1.125327 0.048292
5.125714 -1.434196 0.047519
5.105565 -1.250984 0.050552
4.517629 -1.513966 0.047322
4.411738 -1.392378 0.043931
4.723924 -1.455990 0.046887
4.779512 -1.263858 0.047692
4.674942 3.261799 0.043629
4.500361 3.206338 0.046165
4.393128 3.372263 0.043813
4.495802 3.536564 0.045040
4.670384 3.474903 0.044023
3.812224 0.654471 0.038422
3.675061 0.517308 0.037436
4.238585 0.211494 0.046849
4.204069 0.412353 0.054931
4.033145 0.453778 0.045220
4.076070 0.088055 0.049506
3.870621 0.308662 0.045934
3.879030 0.143798 0.049690
5.151253 -5.063629 0.047685
4.994076 -4.977018 0.045245
5.354686 -4.947477 0.049807
5.347062 -4.781366 0.043840
4.804655 -4.537366 0.050269
4.816699 -4.712501 0.044639
4.997838 -4.434806 0.046585
5.159436 -4.530441 0.044460
5.004600 -4.790317 0.044775
5.154153 -4.710817 0.046583
4.879265 -7.630125 0.043424
5.037321 -7.521016 0.050668
4.482560 -6.175332 0.043632
5.185467 -7.216109 0.046038
5.024348 -7.331039 0.047753
5.534592 -6.257911 0.042477
5.427664 -6.415874 0.044353
5.362532 -6.907049 0.051013
5.343873 -6.722889 0.048139
5.183102 -7.032208 0.046647
5.021841 -6.960923 0.046363
3.337022 8.660488 0.043600
3.035697 8.553696 0.043000
3.132681 8.712856 0.040127
4.439641 -0.854298 0.045531
4.622174 -0.946708 0.046272
4.295189 -1.122868 0.042060
4.274137 -0.959915 0.048338
4.626399 -1.141589 0.048441
4.464919 -1.212132 0.043680
4.848125 -7.086133 0.048365
4.848266 -7.272348 0.045040
5.006621 -6.773405 0.048940
5.149223 -6.660530 0.046167
4.386132 -6.350699 0.041904
5.055430 -5.882091 0.046666
5.192289 -5.771280 0.045955
5.417439 -6.093449 0.043961
5.486199 -5.933851 0.051996
5.387490 -5.790375 0.044998
3.354711 8.491190 0.043130
3.510313 8.215032 0.043219
3.528517 8.382086 0.048000
3.327387 8.148191 0.041943
3.170936 8.246521 0.048425
3.180056 8.422465 0.042784
4.251653 -7.542682 0.052905
4.361480 -7.658334 0.040571
4.548390 -7.659377 0.041574
4.689447 -7.551305 0.050543
4.671421 -7.383506 0.046614
4.817752 -6.708331 0.047756
4.492537 -6.510776 0.043414
4.767969 -6.099987 0.048419
4.646578 -6.221898 0.043078
4.656555 -6.435026 0.041755
4.798209 -6.514639 0.051242
5.253260 -6.352673 0.043588
5.114099 -6.464467 0.051175
4.951954 -6.383650 0.043904
4.931692 -6.182127 0.044869
5.085076 -6.063387 0.052326
5.244499 -6.153117 0.043437
4.298980 -7.377276 0.042748
4.487718 -7.308745 0.046970
4.416405 -6.681813 0.051421
4.513479 -7.138782 0.045845
4.391922 -7.018125 0.044978
4.697040 -7.027328 0.042900
4.681888 -6.837044 0.045955
4.498327 -6.826490 0.043522
-0.100904 -0.341401 0.044771
-0.639773 -8.165479 0.043442
-0.466436 -8.265340 0.047914
-0.084708 -8.903866 0.044015
-0.217415 -0.163628 0.087646
-2.116351 -8.165807 0.047367
-5.994781 -6.718303 0.047523
-6.091549 -7.846719 0.040924
-5.986492 -7.700695 0.050393
-5.794569 -8.244286 0.043711
-6.017510 -8.013131 0.044814
-5.847071 -8.057277 0.044475
-4.655376 -9.350338 0.048256
-4.693357 -9.193345 0.041671
-4.407399 -2.073056 0.047616
-3.769481 -0.451689 0.055220
-0.096405 -9.536632 0.042994
-0.355825 -9.827728 0.043435
-0.086724 -9.844004 0.037463
-0.183129 -9.731732 0.047997
-0.910176 -9.832717 0.045205
-0.460197 -9.719797 0.046350
-0.703841 -9.513952 0.046472
-0.626431 -9.832069 0.043684
-0.744997 -9.724786 0.048442
-0.094201 -8.270050 0.046710
-0.180987 -8.159861 0.038999
-0.357001 -8.159861 0.040097
-0.109327 -9.229530 0.049147
-0.194035 -9.093961 0.045996
-0.205732 -9.412256 0.051713
-0.396827 -9.499425 0.046315
-0.521906 -9.400863 0.053239
-0.374730 -9.072032 0.046120
-0.511505 -9.191868 0.051795
-0.202448 -8.771481 0.048727
-0.117740 -8.585673 0.056167
-0.211941 -8.469334 0.043240
-0.543014 -8.574203 0.050574
-0.408163 -8.464624 0.045049
-0.527487 -8.778464 0.052451
-0.383143 -8.865021 0.043817
-0.405828 -0.165144 0.063186
-0.492735 -0.342917 0.044786
-2.526784 0.238118 0.058294
-1.815345 -8.165816 0.047235
-1.964000 -8.271622 0.048722
-3.762675 9.844313 0.041670
-2.571263 9.521473 0.048406
-2.556824 9.729929 0.049202
-2.396098 9.834390 0.046380
-2.252299 9.728534 0.048993
-5.552922 8.461694 0.048512
-5.582283 7.938049 0.042236
-5.605030 8.283483 0.050291
-5.505751 8.132513 0.042853
-6.090257 -6.539409 0.039958
-5.502774 -7.195090 0.043300
-6.094524 -6.992175 0.037363
-6.094524 -6.820120 0.036559
-6.078405 -4.655817 0.044243
-5.362464 -7.291786 0.053052
-5.360035 -7.487147 0.047356
-4.419941 -6.673723 0.051633
-4.420412 -5.710947 0.051036
-6.084942 -7.554890 0.042306
-5.315967 -7.887289 0.042300
-5.683746 -7.554849 0.048018
-5.502725 -7.599389 0.046517
-5.800152 -7.710448 0.042108
-5.467534 -7.790586 0.042284
-5.734770 -7.900618 0.046804
-5.583174 -7.936216 0.042221
-5.339280 -8.100851 0.043661
-5.506748 -8.130914 0.042867
-5.553748 -8.460711 0.048539
-5.605842 -8.282324 0.050332
-4.473760 -9.388096 0.049823
-4.099243 -9.497057 0.045028
-5.114107 -8.922709 0.043712
-4.932060 -8.985744 0.044024
-4.887466 -9.158670 0.041278
-4.542864 -7.667264 0.041566
-5.029733 -8.109702 0.043614
-5.208247 -8.208720 0.050596
-4.331479 -8.698627 0.049027
-4.401010 -7.958226 0.044009
-4.712992 -7.932610 0.046983
-4.568486 -7.854715 0.041878
-4.479604 -8.770139 0.041950
-4.620040 -9.027984 0.039245
-4.477380 -8.977180 0.049686
-4.651701 -8.655622 0.044547
-4.811105 -8.732139 0.045089
-4.781667 -8.897459 0.041628
-4.272074 -7.850081 0.041326
-4.247707 -7.547050 0.052819
-4.356231 -7.664670 0.040593
-4.057365 -8.122643 0.044750
-4.102704 -7.924485 0.045958
-3.336341 -8.660996 0.043615
-3.757816 -9.303487 0.046679
-0.926241 8.167011 0.045339
-0.760759 8.272485 0.048388
-3.693251 -0.035995 0.055133
-4.865389 -0.086184 0.047049
-4.672951 -0.163774 0.046419
-4.710507 -1.908522 0.052941
-4.502794 -1.906572 0.045945
-4.405395 -1.749632 0.046780
-4.007657 -0.698541 0.052225
-3.830524 -0.656546 0.044091
-3.611464 -0.432797 0.041169
-0.116511 0.033570 0.051696
-4.407315 2.736314 0.048060
-0.763348 0.338829 0.050628
-0.553282 0.027018 0.052530
-0.566762 0.223268 0.063035
-1.116112 0.340201 0.050231
-0.939524 0.239030 0.058653
-1.540033 -0.236689 0.058844
-1.366596 -0.339653 0.050082
-2.703777 0.340118 0.050453
-2.528371 0.044136 0.053758
-2.352232 0.338001 0.050925
-1.805298 0.340356 0.043875
-2.007394 0.340356 0.046745
-2.157847 0.238356 0.059016
-4.405445 1.755407 0.047124
-4.502885 1.914713 0.045715
-4.407440 2.079497 0.047839
-4.711140 1.919641 0.052896
-4.800023 2.080742 0.045302
-5.124048 1.848127 0.049169
-2.694425 -9.835531 0.045199
-2.396674 -9.834390 0.046388
-2.557457 -9.729920 0.049215
-2.268877 -9.104420 0.048871
-2.733038 -9.422858 0.048573
-2.571944 -9.521465 0.048415
-2.418343 -9.416183 0.048875
-2.423886 -9.209494 0.048735
-1.515570 -8.166085 0.046919
-1.660184 -8.271901 0.048765
-4.397142 -3.386294 0.045098
-5.376508 -3.495706 0.044092
-5.022450 -3.278115 0.048345
-2.693809 9.835539 0.045195
-1.815032 8.165810 0.047227
-2.990197 9.838599 0.042729
-2.863547 9.734138 0.049658
-3.404081 9.282753 0.045756
-4.243059 9.777962 0.044106
-4.075275 9.845966 0.042222
-3.909137 9.750280 0.049474
-5.338107 8.102644 0.043602
-5.027838 7.918032 0.046362
-5.338339 8.691837 0.045428
-5.372838 8.506807 0.049001
-0.909964 9.832720 0.045192
-0.626292 9.832064 0.043675
-0.744814 9.724784 0.048428
-0.109302 9.229541 0.049134
-0.117693 8.585679 0.056143
-1.159205 9.207200 0.049659
-1.003773 9.104597 0.048515
-2.097171 9.834144 0.046862
-1.479663 9.413896 0.049489
-1.793769 9.206436 0.048822
-1.804196 8.585797 0.049273
-1.800501 8.793251 0.048842
-5.793945 8.245099 0.043697
-5.734206 7.902204 0.046798
-6.017281 8.013696 0.044788
-5.846590 8.058284 0.044447
-5.976505 2.360029 0.042547
-5.767768 -7.394046 0.048686
-5.684106 -7.248512 0.044504
-6.087682 -7.278589 0.041170
-5.982624 -7.403840 0.045605
-5.992206 -7.106989 0.049807
-5.803486 -7.086706 0.044265
-6.081815 -6.252082 0.043462
-5.982072 -6.413657 0.051683
-5.979651 -4.804503 0.049953
-5.771398 -4.821252 0.048974
-5.701743 -4.985385 0.045641
-4.413151 -4.048687 0.050112
-5.020561 -3.977552 0.044078
-4.824626 -4.028308 0.044603
-4.807781 -4.199330 0.051143
-5.017425 -4.987507 0.043983
-5.184775 -4.070843 0.046519
-4.683192 -7.560558 0.050160
-4.664178 -7.391429 0.047178
-4.296689 -7.380120 0.043211
-4.482970 -7.312873 0.046683
-4.505263 -6.506901 0.044091
-4.823483 -5.043689 0.043261
-5.339207 -8.690937 0.045448
-5.373784 -8.505672 0.049052
-5.215237 -8.390550 0.046066
-5.156225 -8.745588 0.046328
-5.003616 -8.643303 0.043821
-5.028052 -8.473530 0.047214
-3.283413 -9.843131 0.038368
-3.460563 -9.843131 0.038853
-3.389322 -9.462367 0.049337
-4.454036 -9.567255 0.044990
-4.243311 -9.777802 0.044128
-4.266536 -9.610719 0.047315
-4.315998 -9.086969 0.048708
-4.306322 -9.265263 0.046272
-4.119304 -9.330760 0.047919
-3.946317 -9.227779 0.045458
-4.075532 -9.845884 0.042223
-3.910107 -9.568392 0.045377
-3.741668 -9.477802 0.046998
-3.763110 -9.844253 0.041680
-3.909622 -9.750137 0.049490
-3.558288 -9.562678 0.046444
-3.580216 -9.747384 0.050427
-3.963359 -9.054747 0.048644
-4.159279 -8.798132 0.047791
-4.146022 -8.979433 0.046650
-4.374827 -8.137907 0.044995
-4.200553 -8.227920 0.045117
-4.185492 -8.418220 0.048230
-4.341559 -8.503899 0.043842
-4.705975 -8.123475 0.043195
-4.862936 -8.387908 0.044445
-4.871608 -8.205911 0.049587
-4.679097 -8.481165 0.045017
-4.517080 -8.400953 0.045739
-4.535287 -8.225262 0.045549
-2.267867 -8.271969 0.048673
-2.417059 -8.166163 0.047375
-3.131926 -8.713181 0.040115
-3.822610 -7.843420 0.041657
-3.988363 -7.795616 0.047867
-4.049210 -7.603592 0.040616
-3.354021 -8.491674 0.043199
-3.327148 -8.148301 0.042011
-3.765398 -8.044855 0.048088
-3.615506 -8.063570 0.041308
-3.885813 -8.195208 0.047791
-3.527882 -8.382796 0.047976
-3.509880 -8.215520 0.043296
-3.590113 -9.208505 0.047056
-3.404998 -9.282509 0.045769
-0.542846 8.574181 0.050562
-0.722235 8.481919 0.046980
-0.639675 8.165474 0.043431
-4.411043 4.727208 0.049400
-4.803736 4.585108 0.050743
-6.070521 2.235502 0.045984
-5.457277 2.040320 0.047737
-5.642277 2.129719 0.049620
-6.099452 -0.354879 0.035988
-6.099452 -0.178607 0.035837
-5.282100 0.982419 0.048090
-5.256463 0.614092 0.049306
-6.099488 0.173920 0.036113
-5.236302 -0.092146 0.048094
-5.412244 -0.179411 0.046493
-5.412208 -0.353377 0.046380
-5.049389 -0.174145 0.046523
-3.720817 0.144447 0.051697
-5.098993 0.889230 0.047596
-5.082836 0.706035 0.047346
-4.869646 0.080006 0.047710
-5.248212 0.435349 0.048050
-5.415592 0.170392 0.046309
-5.419633 0.346768 0.046735
-5.238684 0.083033 0.048471
-5.056028 0.167223 0.046333
-5.061514 0.343162 0.048461
-5.125187 -1.440968 0.048985
-5.441824 -1.256322 0.046458
-4.152977 -0.578155 0.049301
-4.977852 -1.725526 0.046081
-4.792226 -1.759327 0.044456
-4.982562 -1.528917 0.044279
-4.056138 -0.886147 0.044063
-4.281291 -1.119177 0.041167
-4.243656 -0.946403 0.050357
-3.497093 -0.094629 0.056700
-3.488388 -0.272920 0.050570
-6.098360 -1.236033 0.035111
-1.645125 -9.727932 0.048961
-1.480067 -9.413904 0.049501
-1.639560 -9.517898 0.048022
-0.844421 -9.411817 0.051106
-0.418179 0.324439 0.053103
-0.099776 0.343865 0.043164
-0.216287 0.228304 0.059126
-5.308466 2.142839 0.048033
-5.123330 2.043796 0.051167
-4.985471 2.139206 0.044853
-4.987133 2.340726 0.044504
-0.756362 -0.050671 0.055316
-0.946018 0.045780 0.054186
-1.171664 -0.239570 0.058139
-1.146119 -0.046035 0.054124
-1.716437 -0.337036 0.051125
-4.716214 -2.552007 0.052598
-4.505985 -2.236533 0.050952
-4.408586 -2.405994 0.048263
-4.506060 -2.565193 0.046028
-4.805347 -2.694727 0.045278
-4.802543 2.397658 0.045971
-4.715529 2.561545 0.052581
-4.690067 2.240801 0.044904
-4.505738 2.244484 0.050829
-4.505612 2.573325 0.045909
-4.408298 2.413122 0.048271
-1.732860 0.050680 0.057552
-1.685407 0.241050 0.062910
-1.533064 -0.042662 0.053513
-1.334082 0.047909 0.054455
-1.310569 0.240895 0.058047
-1.462097 0.340694 0.046766
-2.133187 0.044946 0.054079
-2.280593 -0.240725 0.061633
-2.329159 -0.049392 0.056617
-1.932340 -0.043424 0.054042
-2.061229 -0.340076 0.046974
-1.908949 -0.237113 0.059572
-5.136836 1.458485 0.048778
-5.291531 1.172370 0.049582
-5.123707 1.263438 0.046803
-3.930277 0.200025 0.048168
-5.120180 -1.833306 0.049421
-5.122034 -2.030094 0.051257
-5.307555 -2.128892 0.048199
-5.455858 -2.025863 0.047948
-5.783986 -1.440168 0.045138
-5.453575 -1.446911 0.047591
-5.303131 -1.543454 0.047895
-5.639326 -1.541127 0.050093
-5.639040 -1.731430 0.050208
-5.302834 -1.739183 0.048415
-5.452991 -1.832943 0.047372
-5.641608 -2.115202 0.049755
-5.643663 -2.311986 0.051208
-2.109130 -9.206599 0.048766
-1.793582 -9.413874 0.049206
-1.651859 -8.481990 0.047933
-2.271332 -8.482053 0.047805
-2.430363 -8.589570 0.050063
-2.432799 -8.797774 0.048783
-2.273020 -8.897589 0.049105
-1.218628 -8.166611 0.046350
-1.357561 -8.272696 0.048816
-4.682899 -3.484359 0.044458
-4.501768 -3.546798 0.045606
-4.414626 -3.712714 0.050352
-4.517777 -3.879283 0.056594
-4.704603 -3.877682 0.045181
-5.181339 -3.535359 0.045600
-5.026219 -3.446209 0.046923
-5.024080 -3.799260 0.046156
-5.173506 -3.720626 0.044821
-4.829621 -3.728946 0.043504
-4.823926 -3.561163 0.050483
-6.082687 -3.625230 0.042282
-5.985852 -3.798621 0.049720
-2.416702 8.166151 0.047372
-2.578283 8.491456 0.046668
-2.712019 8.171991 0.048515
-2.568560 8.278142 0.048950
-3.237179 9.167145 0.050139
-3.262266 8.994176 0.044616
-4.665576 6.833965 0.042896
-4.495385 6.820786 0.043942
-4.385351 7.015594 0.042436
-3.282873 9.843167 0.038373
-3.174764 9.741765 0.050226
-3.213349 9.545763 0.048447
-3.388496 9.462550 0.049314
-3.557528 9.562866 0.046426
-3.460073 9.843167 0.038841
-3.579627 9.747480 0.050402
-4.266074 9.611063 0.047287
-5.155307 8.746530 0.046292
-5.207079 8.210362 0.050561
-5.214146 8.391939 0.046032
-4.870345 8.207398 0.049566
-5.028465 8.111387 0.043580
-0.086709 9.844001 0.037458
-0.193998 9.093981 0.045989
-0.084695 8.903880 0.044007
-0.202388 8.771483 0.048716
-0.521769 9.400869 0.053218
-0.844188 9.411816 0.051093
-0.703653 9.513948 0.046460
-0.836554 9.206525 0.050647
-0.094174 8.270045 0.046701
-0.180955 8.159846 0.038991
-0.356954 8.159846 0.040086
-0.466346 8.265320 0.047901
-0.408040 8.464593 0.045041
-0.211867 8.469318 0.043231
-1.637844 9.103432 0.048871
-1.477712 9.206865 0.049116
-1.321529 9.104140 0.048775
-1.641162 8.896884 0.048914
-1.797726 9.834027 0.046957
-1.948363 9.728171 0.048902
-1.644706 9.727930 0.048949
-1.949318 9.518046 0.048114
-1.639122 9.517892 0.048011
-1.793097 9.413866 0.049194
-1.498812 9.833902 0.046722
-1.040678 9.726289 0.049047
-1.202041 9.833569 0.046148
-1.341701 9.727471 0.049030
-1.328136 9.517503 0.047853
-1.163861 9.413532 0.050062
-1.016063 9.516221 0.047385
-2.417689 9.416179 0.048862
-2.423221 9.209482 0.048723
-2.259451 9.518779 0.048197
-2.105277 9.414264 0.048981
-1.057245 8.273617 0.048724
-1.218412 8.166607 0.046339
-6.091461 7.847424 0.040836
-6.083718 5.691592 0.041912
-6.090301 6.542645 0.039856
-5.776486 3.518632 0.046747
-5.676218 3.355999 0.047293
-6.095984 2.507300 0.040728
-5.643711 2.326090 0.050969
-5.782971 2.411529 0.041739
-5.524169 5.053840 0.044526
-4.817502 4.753182 0.042925
-5.786679 -6.442262 0.045268
-5.665569 -6.291109 0.049655
-5.456892 -5.967174 0.050414
-5.812626 -5.147399 0.044244
-5.307843 -6.098356 0.048069
-5.178135 -7.213721 0.047482
-4.826176 -7.092809 0.050820
-4.837328 -7.284183 0.043919
-5.016327 -7.339024 0.046582
-4.817300 -6.697385 0.050063
-4.495159 -6.819118 0.043996
-4.665216 -6.831885 0.042972
-4.673913 -7.027875 0.041777
-4.503856 -7.140693 0.045276
-4.385218 -7.014712 0.042508
-6.091246 -4.940736 0.041011
-6.092630 -5.236405 0.037333
-5.993876 -5.119500 0.052321
-4.824312 -5.601207 0.050391
-4.816853 -5.214608 0.051705
-5.184065 -5.074953 0.046099
-5.524155 -5.047883 0.044614
-5.376356 -4.968395 0.050462
-5.362964 -4.798191 0.043500
-4.873731 -7.636927 0.042807
-5.184219 -7.801642 0.046191
-5.193096 -7.592697 0.043193
-5.033717 -7.522639 0.051443
-4.877909 -7.821529 0.046365
-5.029017 -7.916186 0.046404
-4.395322 -6.357355 0.044227
-4.390868 -4.383723 0.043368
-4.494018 -4.216214 0.045240
-4.663999 -4.277678 0.043460
-4.413677 -5.058948 0.049829
-3.175422 -9.741710 0.050234
-3.214126 -9.545651 0.048458
-2.990810 -9.838579 0.042728
-2.864219 -9.734110 0.049670
-2.888346 -9.529892 0.048641
-3.053641 -9.438302 0.048233
-3.797001 -8.952532 0.045865
-3.612255 -9.030582 0.047406
-3.487079 -8.748938 0.048403
-3.452261 -8.931601 0.045931
-3.093622 -8.863482 0.052194
-3.061936 -9.239453 0.048890
-3.263219 -8.993960 0.044624
-3.238098 -9.166945 0.050160
-2.590062 -8.905356 0.049126
-2.752179 -8.810451 0.049085
-2.911012 -8.923525 0.049527
-2.585292 -9.110245 0.048917
-2.740843 -9.218326 0.048940
-2.904447 -9.126511 0.048567
-3.034950 -8.553894 0.043003
-3.170513 -8.246637 0.048438
-3.179385 -8.422733 0.042820
-1.008865 8.898962 0.048725
-0.849204 8.794493 0.050345
-0.862734 8.587409 0.050105
-1.032262 8.484581 0.047517
-4.413093 4.055793 0.050018
-4.824364 4.035919 0.044524
-4.807544 4.206681 0.051043
-4.414518 3.720255 0.050271
-4.829386 3.737120 0.043423
-4.704345 3.885416 0.045090
-4.517610 3.886797 0.056441
-5.976644 2.089148 0.047289
-5.781675 2.029803 0.043205
-5.072248 -0.876679 0.048145
-4.907160 -0.971057 0.048925
-4.929062 -1.153118 0.047419
-5.105987 -1.245798 0.046555
-5.260343 -0.970638 0.047876
-5.272180 -1.157697 0.050223
-6.098902 -0.706588 0.035984
-6.098902 -0.882281 0.036039
-5.416820 -0.703470 0.045954
-5.424145 -0.883818 0.047870
-5.971031 -1.153462 0.052275
-5.971573 -0.972765 0.051255
-5.619417 -1.161856 0.051585
-5.775828 -1.251486 0.042976
-5.613575 -0.976411 0.049181
-5.770528 -0.885344 0.044589
-5.969086 -0.443125 0.051320
-5.968536 -0.618736 0.051702
-5.767491 -0.707007 0.043649
-5.767195 -0.355007 0.043925
-5.602367 -0.441336 0.049165
-5.603213 -0.617726 0.050057
-5.431038 0.705671 0.045866
-5.440519 0.890803 0.047501
-6.099488 0.350545 0.035827
-6.099263 0.704765 0.036015
-5.767705 -0.179833 0.043846
-5.768707 0.170704 0.043697
-5.602914 -0.092196 0.049174
-5.603880 0.082428 0.049431
-5.969596 -0.091679 0.051438
-5.969632 0.084234 0.051356
-5.238351 -0.612363 0.048980
-5.234584 -0.438660 0.048027
-5.057581 -0.698753 0.047412
-5.047707 -0.346694 0.048032
-3.385356 0.324958 0.050838
-3.584121 0.282884 0.050412
-3.645480 0.467990 0.044972
-4.435338 0.873339 0.045781
-4.450596 -1.225477 0.043549
-4.595416 -1.157387 0.050298
-4.681934 -1.578025 0.045383
-4.764663 -1.260582 0.049783
-4.798962 -1.441212 0.046057
-4.407421 -1.414358 0.045941
-4.502816 -1.570280 0.052626
-4.114967 -0.401992 0.047787
-3.908605 -0.317521 0.052275
-3.887284 -0.143733 0.049164
-4.291728 -0.315550 0.048999
-4.493199 -0.404201 0.046730
-4.676636 -0.327622 0.047895
-4.873500 -0.600936 0.050430
-4.867394 -0.422580 0.046690
-2.896936 0.239658 0.058358
-3.050774 0.339540 0.047554
-3.262872 0.224498 0.060900
-3.301612 0.027428 0.052899
-3.299244 -0.343737 0.050313
-2.400664 -0.340649 0.043713
-2.601697 -0.340649 0.046165
-1.798170 -9.834028 0.046968
-2.252867 -9.728534 0.049006
-2.097685 -9.834144 0.046872
-1.948858 -9.728173 0.048914
-1.949836 -9.518052 0.048125
-2.260050 -9.518783 0.048207
-2.105845 -9.414272 0.048994
-1.499179 -9.833903 0.046734
-1.040938 -9.726286 0.049060
-1.202329 -9.833569 0.046160
-1.342041 -9.727473 0.049043
-1.328494 -9.517507 0.047864
-1.016339 -9.516219 0.047397
-1.164183 -9.413536 0.050074
-0.692435 -0.342917 0.042459
-0.808608 -0.242833 0.058823
-1.023809 -0.339917 0.046392
-4.407474 -2.728708 0.048059
-4.987541 -2.328873 0.044551
-4.803253 -2.387209 0.046105
-4.690498 -2.230935 0.044988
-4.799625 -2.069408 0.045378
-4.985100 -2.126583 0.044964
-4.998563 -2.716587 0.045578
-5.012810 -2.910025 0.045112
-4.700968 -2.873385 0.045294
-4.513248 -2.894179 0.052679
-4.827894 -3.003226 0.046395
-4.502916 -3.221253 0.046292
-4.415774 -3.059276 0.050427
-4.821305 -3.182529 0.049759
-4.684047 -3.273819 0.044572
-5.312752 1.559487 0.047893
-5.308736 1.754767 0.048173
-5.456828 1.847917 0.047087
-4.685154 0.163018 0.046352
-3.973212 0.376623 0.048649
-3.865204 0.688880 0.044939
-3.825112 0.506151 0.050912
-4.051886 0.737747 0.049733
-4.991459 1.546720 0.044269
-4.794526 1.773013 0.044281
-4.982687 1.741082 0.045997
-4.464714 1.239731 0.043749
-4.808022 1.459021 0.046286
-4.686441 1.592774 0.045085
-4.505614 1.580095 0.052530
-4.410169 1.420558 0.047557
-4.082700 0.910032 0.043282
-4.274972 0.972436 0.048901
-4.296609 1.131887 0.039703
-6.070829 -1.679993 0.044655
-6.098360 -1.409865 0.036574
-5.979189 -1.515976 0.050487
-5.976985 -1.792192 0.043321
-5.781496 -1.823417 0.043613
-5.781198 -2.014269 0.043680
-5.316200 -2.323789 0.048760
-5.466559 -2.417543 0.046012
-5.133121 -2.427280 0.052572
-5.140936 -2.611837 0.047136
-5.482805 -2.621225 0.048709
-5.340262 -2.712027 0.049787
-6.078736 -3.054976 0.044876
-5.654094 -3.021968 0.053307
-5.459469 -3.344085 0.053123
-6.080922 -2.781473 0.044177
-5.969658 -2.914111 0.046582
-5.670300 -2.703960 0.049177
-5.752471 -2.883121 0.045470
-1.794257 -9.206449 0.048833
-1.953795 -9.102954 0.048938
-1.804621 -8.585819 0.049285
-1.961602 -8.481536 0.047935
-2.117418 -8.585804 0.049393
-2.116670 -8.793135 0.048896
-1.957193 -8.896322 0.048914
-1.800960 -8.793274 0.048851
-1.491840 -8.586640 0.049392
-1.342157 -8.483162 0.047796
-0.760910 -8.272494 0.048400
-0.722425 -8.481933 0.046991
-0.926399 -8.167015 0.045350
-1.057458 -8.273626 0.048735
-6.087042 -3.339426 0.042856
-5.975778 -3.199934 0.049475
-5.979729 -3.500503 0.049722
-5.776401 -3.509074 0.046866
-5.676259 -3.345978 0.047412
-5.768323 -3.197916 0.045972
-5.779009 -3.837329 0.049664
-5.489414 -3.661036 0.045357
-5.672516 -3.672510 0.051801
-5.365161 -3.798668 0.045077
-5.379949 -3.970593 0.049661
-2.429808 8.589537 0.050050
-2.432180 8.797745 0.048772
-1.961174 8.481513 0.047926
-1.963634 8.271608 0.048711
-2.116930 8.585775 0.049381
-2.270850 8.482021 0.047798
-2.116007 8.165798 0.047362
-2.267466 8.271950 0.048663
-2.742745 8.604772 0.050227
-3.131094 8.713260 0.040126
-3.092751 8.863607 0.052172
-3.004591 8.158318 0.045074
-2.859131 8.270309 0.044905
-3.178740 8.422717 0.042815
-3.170073 8.246620 0.048419
-3.034260 8.553882 0.042992
-2.880134 8.489776 0.049642
-3.451259 8.931937 0.045917
-3.962387 9.055443 0.048628
-3.795975 8.953144 0.045845
-3.589166 9.208871 0.047036
-3.611257 9.031024 0.047397
-4.145011 8.980256 0.046626
-3.061073 9.239579 0.048877
-3.052829 9.438400 0.048214
-2.732295 9.422888 0.048556
-2.887594 9.529942 0.048630
-2.584581 9.110236 0.048903
-2.740080 9.218348 0.048931
-2.903623 9.126581 0.048547
-2.910215 8.923577 0.049517
-2.589376 8.905338 0.049114
-2.751466 8.810446 0.049072
-6.087625 7.280616 0.041113
-5.192329 7.595010 0.043152
-5.466632 7.792742 0.042280
-5.183205 7.803725 0.046174
-5.314860 7.889362 0.042253
-5.362109 7.294623 0.052984
-5.502111 7.601779 0.046467
-5.359463 7.489683 0.047321
-5.478515 6.345797 0.046673
-5.699860 6.622195 0.047681
-5.661164 5.981266 0.049400
-5.775669 5.815174 0.045762
-6.082125 5.978197 0.043530
-5.975843 5.822598 0.052747
-5.799666 6.772232 0.046959
-5.992121 7.109501 0.049750
-5.994797 6.721423 0.047422
-5.522386 6.997231 0.043011
-5.502534 7.198078 0.043237
-5.683855 7.251264 0.044456
-5.803334 7.089551 0.044206
-5.710578 6.940547 0.044188
-5.177815 7.216567 0.047415
-5.147270 7.043414 0.046353
-4.974490 6.977122 0.041899
-5.426613 6.868700 0.049510
-5.261987 6.893148 0.041922
-5.414742 6.536558 0.043403
-5.514999 6.661979 0.044609
-5.210813 6.571011 0.048159
-5.146444 6.720879 0.043368
-4.974528 6.777881 0.044817
-4.817653 6.700124 0.050024
-4.420035 6.675674 0.051530
-4.505438 6.509341 0.044056
-4.395404 6.360024 0.044161
-5.324693 6.261794 0.045774
-5.146240 6.403579 0.044316
-4.493202 6.190761 0.044057
-4.407799 6.030098 0.047540
-5.525739 5.261331 0.044263
-5.676868 5.645721 0.051845
-5.008650 5.502794 0.049181
-5.375031 5.345553 0.050871
-3.326890 8.148302 0.042034
-3.509425 8.215706 0.043292
-4.453611 9.567652 0.044960
-4.534025 8.226474 0.045531
-4.704704 8.124873 0.043173
-4.876781 7.823255 0.046358
-4.711767 7.934084 0.046961
-4.567358 7.856024 0.041855
-5.113323 8.923485 0.043694
-4.886808 9.159318 0.041259
-4.931262 8.986524 0.044002
-0.096383 9.536638 0.042983
-0.205685 9.412278 0.051701
-0.396731 9.499444 0.046299
-0.183093 9.731740 0.047982
-0.355756 9.827739 0.043422
-0.460092 9.719803 0.046336
-0.527321 8.778444 0.052440
-0.383037 8.865014 0.043807
-0.693181 8.893266 0.047394
-0.685623 9.099663 0.048329
-0.374647 9.072048 0.046107
-0.511373 9.191875 0.051781
-1.953269 9.102936 0.048927
-2.108556 9.206584 0.048754
-2.268263 9.104401 0.048859
-1.956684 8.896298 0.048902
-2.116135 8.793106 0.048885
-2.272427 8.897561 0.049093
-1.357292 8.272687 0.048804
-1.659863 8.271890 0.048754
-1.515301 8.166080 0.046909
-1.651488 8.481972 0.047924
-5.986350 5.519748 0.049786
-5.779675 5.481302 0.050264
-5.704699 5.316918 0.046035
-6.087096 3.348233 0.042774
-6.082737 3.633394 0.042184
-5.979833 3.509566 0.049521
-5.985925 3.806826 0.049558
-5.140320 2.623340 0.047017
-5.132755 2.439449 0.052390
-5.316229 2.336973 0.048646
-5.466473 2.430826 0.045874
-5.339758 2.723818 0.049642
-5.482437 2.633781 0.048522
-6.078410 4.662318 0.044152
-4.413668 5.064439 0.049729
-4.514711 4.898962 0.056163
-4.698392 4.900945 0.044645
-5.799653 -6.768908 0.047046
-5.699737 -6.618618 0.047735
-5.514854 -6.658433 0.044682
-5.710677 -6.937403 0.044234
-5.522502 -6.994019 0.043065
-5.426596 -6.865338 0.049576
-6.083701 -5.686844 0.041995
-6.092630 -5.407270 0.037534
-5.986331 -5.514664 0.049888
-6.082094 -5.973957 0.043631
-5.973908 -6.116359 0.048129
-5.975795 -5.818042 0.052840
-5.775585 -5.810537 0.045837
-5.753055 -6.126781 0.050244
-5.661031 -5.976873 0.049499
-5.676798 -5.640767 0.051938
-5.704688 -5.311396 0.046111
-5.779639 -5.476093 0.050365
-5.525715 -5.255714 0.044341
-5.414478 -6.532878 0.043456
-5.210506 -6.567474 0.048227
-5.145873 -6.399906 0.044379
-5.478251 -6.341910 0.046745
-5.324385 -6.257853 0.045835
-4.845911 -5.789098 0.048948
-5.050121 -5.865763 0.048670
-5.100681 -6.041581 0.045312
-5.146151 -6.717531 0.043417
-4.974167 -6.774854 0.044887
-4.974347 -6.974287 0.041947
-5.261865 -6.889840 0.042003
-5.147306 -7.040359 0.046412
-4.992603 -6.361102 0.046208
-4.963953 -6.162274 0.046792
-4.683156 -6.429864 0.041944
-4.825136 -6.503216 0.051655
-5.661615 -4.654653 0.053476
-5.483475 -4.651478 0.044932
-5.014060 -4.813019 0.045401
-5.167309 -4.730261 0.045839
-4.493047 -6.187643 0.044124
-4.716789 -5.902962 0.046503
-4.518136 -5.867424 0.049104
-4.407725 -6.026629 0.047618
-4.670940 -6.225796 0.043865
-4.784270 -6.100320 0.048665
-4.491946 -4.552645 0.045215
-4.411078 -4.721071 0.049497
-4.817520 -4.746948 0.042999
-4.698439 -4.895008 0.044731
-4.514755 -4.893072 0.056298
-4.661926 -4.494935 0.043679
-4.803817 -4.578480 0.050838
-4.394439 -5.386385 0.043958
-4.504851 -5.553866 0.046691
-4.681904 -5.504232 0.043690
-4.675169 -5.293127 0.044148
-4.498116 -5.227075 0.045186
-3.669151 -8.664528 0.044506
-3.819079 -8.769140 0.049034
-3.858335 -8.387136 0.047082
-3.692274 -8.467708 0.048589
-4.014826 -8.504871 0.046500
-3.998693 -8.690055 0.046921
-3.004915 -8.158336 0.045069
-2.743372 -8.604780 0.050240
-2.880730 -8.489793 0.049646
-2.578819 -8.491481 0.046674
-2.859567 -8.270331 0.044922
-2.568981 -8.278157 0.048957
-2.712369 -8.171994 0.048510
-1.484848 8.794079 0.048949
-1.177981 8.588029 0.049699
-1.325347 8.897900 0.048912
-1.168115 8.795326 0.049281
-1.491479 8.586621 0.049381
-1.341845 8.483145 0.047786
-4.493950 4.223155 0.045147
-4.663864 4.284718 0.043365
-4.390858 4.390324 0.043303
-4.491901 4.559099 0.045146
-4.661815 4.501652 0.043591
-4.997869 2.727375 0.045493
-5.012127 2.920552 0.045045
-4.804731 2.704735 0.045207
-5.153873 2.993141 0.045289
-5.339054 2.900443 0.044909
-5.467737 3.033571 0.045841
-4.823598 3.569770 0.050384
-6.096122 1.959965 0.039988
-5.770102 0.347370 0.044077
-5.773030 0.705587 0.043388
-5.609316 0.435470 0.049170
-5.612470 0.615630 0.050411
-5.971027 0.437524 0.051310
-5.970801 0.615580 0.051621
-6.099263 0.881356 0.036091
-4.889988 0.425181 0.046754
-4.903059 0.609311 0.050100
-4.741168 0.692914 0.045839
-4.700010 0.332254 0.048268
-4.099225 0.096673 0.049762
-4.083798 -0.066642 0.048331
-4.281880 -0.153988 0.046865
-4.305253 0.169930 0.046862
-4.479665 -0.078792 0.046742
-4.487612 0.081812 0.048019
-4.703951 -0.677042 0.045989
-4.722944 -0.869237 0.050652
-4.575599 -0.948102 0.044002
-4.393144 -0.843420 0.046753
-4.350946 -0.662777 0.047321
-4.514408 -0.575265 0.048954
-2.914656 0.046278 0.054337
-2.723083 -0.047245 0.054195
-2.747201 -0.240696 0.057630
-2.945110 -0.340047 0.050275
-3.107233 -0.050911 0.053824
-3.113569 -0.243784 0.055615
-5.170761 -3.171300 0.045249
-5.154532 -2.982513 0.045375
-5.365573 -3.196650 0.044810
-5.339611 -2.889264 0.044999
-5.468133 -3.022596 0.045968
-6.098865 1.412644 0.036807
-6.098865 1.238466 0.034624
-4.331661 0.338974 0.048569
-4.207150 0.620711 0.047313
-4.168569 0.442316 0.048565
-4.398330 0.693899 0.047587
-4.556963 0.596621 0.047824
-4.528876 0.420091 0.047322
-4.620372 1.178266 0.049586
-4.782853 1.279375 0.049781
-4.612632 0.971325 0.044091
-4.759829 0.888177 0.049494
-4.953161 1.172026 0.046731
-4.937877 0.987769 0.048883
-6.096156 -1.951588 0.039505
-6.070530 -2.226316 0.045754
-5.976686 -2.076591 0.048024
-6.095888 -2.497649 0.040605
-5.986810 -2.632291 0.045465
-5.976418 -2.348120 0.042450
-5.782985 -2.397476 0.041826
-5.793376 -2.585768 0.042924
-1.478118 -9.206878 0.049127
-1.638286 -9.103447 0.048883
-1.641592 -8.896904 0.048926
-1.485234 -8.794099 0.048959
-6.093165 -3.903404 0.037389
-6.093165 -4.075008 0.037389
-6.091084 -4.371221 0.041096
-5.979490 -4.507702 0.049791
-5.994249 -4.193124 0.052260
-5.770952 -4.489789 0.048984
-3.818026 8.769817 0.049023
-3.740877 9.478102 0.046978
-3.756930 9.303904 0.046660
-3.909438 9.568683 0.045359
-3.945433 9.228355 0.045435
-4.118533 9.331340 0.047893
-4.098591 9.497470 0.045000
-4.515805 8.402079 0.045717
-4.473157 9.388666 0.049796
-4.305563 9.265946 0.046247
-4.315086 9.087774 0.048688
-4.654808 9.350899 0.048230
-4.692659 9.194026 0.041654
-5.683285 7.557134 0.047986
-5.767474 7.396442 0.048619
-5.799730 7.712253 0.042086
-5.982458 7.405844 0.045562
-6.084833 7.556344 0.042241
-5.986293 7.702061 0.050342
-6.081841 6.255813 0.043359
-5.973966 6.120429 0.048049
-5.982142 6.417284 0.051618
-5.786832 6.446025 0.045197
-5.665744 6.295048 0.049576
-5.753179 6.130923 0.050158
-6.094496 6.822800 0.036499
-6.094496 6.994615 0.037342
-4.503884 7.141775 0.045212
-4.674075 7.029804 0.041750
-4.826113 7.095203 0.050766
-5.457050 5.971574 0.050323
-5.308092 6.102494 0.047973
-4.671238 6.229056 0.043801
-4.992998 6.364668 0.046144
-4.683475 6.432729 0.041889
-4.825498 6.506265 0.051568
-5.050274 5.870152 0.048583
-5.100941 6.045723 0.045239
-4.964299 6.166111 0.046707
-4.784564 6.104035 0.048589
-4.420434 5.715180 0.050937
-4.518233 5.871345 0.048996
-4.824383 5.605905 0.050303
-4.846030 5.793493 0.048869
-4.716962 5.906987 0.046390
-5.181149 5.244352 0.045435
-5.007892 5.327589 0.043559
-4.816859 5.219980 0.051608
-4.823457 5.049350 0.043191
-3.987705 7.796172 0.047832
-4.048763 7.603995 0.040606
-3.764811 8.045316 0.048033
-3.615205 8.063804 0.041258
-3.822192 7.843780 0.041616
-6.092632 5.241823 0.037277
-6.092632 5.412471 0.037493
-5.653892 3.033177 0.053148
-5.768300 3.208560 0.045841
-6.078734 3.064327 0.044861
-5.975831 3.209861 0.049309
-5.793327 2.599048 0.042821
-5.670031 2.716565 0.048988
-5.752300 2.895028 0.045302
-5.986861 2.643817 0.045150
-6.080878 2.791184 0.044243
-5.969612 2.924879 0.046368
-6.091270 4.946680 0.040925
-5.979680 4.810838 0.049856
-5.993902 5.125229 0.052212
-5.812644 5.153199 0.044169
-5.771435 4.827662 0.048880
-5.701767 4.991473 0.045572
-5.779068 3.845878 0.049523
-5.672533 3.681513 0.051699
-5.489353 3.670038 0.045240
-5.661643 4.661397 0.053354
-5.483494 4.658130 0.044841
-4.675225 5.298319 0.044065
-4.498143 5.232304 0.045113
-4.394475 5.391255 0.043892
-4.504910 5.558486 0.046612
-4.681992 5.509039 0.043604
-5.189184 -5.760926 0.046461
-5.388793 -5.805562 0.043547
-5.494146 -5.645493 0.045894
-4.998179 -4.307638 0.044252
-4.996287 -4.469531 0.045757
-5.163239 -4.555241 0.044010
-5.179238 -4.229907 0.044012
-5.372717 -4.336965 0.050064
-5.358610 -4.500406 0.043359
-5.459268 3.353957 0.052968
-5.365196 3.206913 0.044722
-5.376356 3.505115 0.044020
-5.170233 3.181463 0.045143
-5.181171 3.544505 0.045482
-5.025893 3.455379 0.046817
-5.021933 3.287803 0.048219
-4.501559 3.554620 0.045535
-4.682506 3.492772 0.044384
-5.981758 1.524556 0.050123
-6.072893 1.686161 0.044128
-5.979015 1.803730 0.043842
-5.784047 1.839044 0.043557
-5.644200 1.746557 0.049822
-5.455478 1.270022 0.046445
-5.463570 1.462091 0.047081
-5.646926 1.556011 0.050136
-5.789516 1.453061 0.044767
-5.626500 0.983015 0.049257
-5.777580 0.887839 0.044423
-5.632029 1.172282 0.051226
-5.782712 1.261402 0.042630
-5.975351 0.974423 0.050972
-5.974954 1.158719 0.051783
-1.325700 -8.897919 0.048924
-1.159527 -9.207210 0.049671
-1.321889 -9.104154 0.048787
-5.813657 -4.164037 0.043976
-5.526938 -4.054465 0.044271
-5.705730 -3.998828 0.045822
-5.525243 -4.261772 0.044394
-5.701955 -4.324221 0.045762
-3.527111 8.383109 0.047964
-3.691355 8.468262 0.048578
-3.668139 8.665063 0.044491
-3.353244 8.491802 0.043207
-3.335439 8.661195 0.043607
-3.486089 8.749303 0.048400
-3.884927 8.195901 0.047763
-3.857385 8.387844 0.047055
-4.677826 8.482359 0.044996
-4.861688 8.389278 0.044419
-5.002535 8.644404 0.043794
-5.026875 8.474844 0.047172
-4.478438 8.771102 0.041940
-4.619146 9.028804 0.039240
-4.476390 8.978050 0.049668
-4.650483 8.656691 0.044528
-4.780716 8.898336 0.041621
-4.810004 8.733171 0.045060
-4.482565 7.313867 0.046680
-4.296314 7.380555 0.043277
-4.541855 7.668504 0.041555
-4.355313 7.665637 0.040584
-4.247045 7.547729 0.052807
-4.836866 7.286439 0.043866
-5.032948 7.524894 0.051410
-5.015788 7.341511 0.046526
-4.872767 7.638832 0.042767
-4.682250 7.562142 0.050129
-4.663509 7.393131 0.047129
-5.388895 5.810177 0.043493
-5.494208 5.650416 0.045823
-5.362416 5.511753 0.043969
-5.169292 5.585757 0.044105
-5.189269 5.765527 0.046398
-5.184079 5.080759 0.046016
-5.376391 4.974470 0.050374
-5.362980 4.804512 0.043450
-5.017421 4.993366 0.043908
-5.014090 4.819187 0.045330
-5.167337 4.736622 0.045773
-4.101764 7.925242 0.045937
-4.373622 8.138966 0.044974
-4.399892 7.959304 0.043996
-4.271089 7.850973 0.041318
-4.199421 8.228828 0.045102
-4.056367 8.123435 0.044729
-6.093188 3.910918 0.037319
-6.093188 4.082376 0.037378
-6.091117 4.378243 0.041027
-5.979527 4.514640 0.049671
-5.994304 4.200622 0.052146
-5.771005 4.496896 0.048884
-5.365028 3.807365 0.044993
-5.020266 3.985561 0.044005
-5.023862 3.807599 0.046069
-5.173352 3.729374 0.044757
-5.379858 3.978844 0.049566
-5.184586 4.078816 0.046414
-5.374988 -5.340168 0.050973
-5.362379 -5.506695 0.044043
-5.181136 -5.238896 0.045527
-5.007866 -5.322369 0.043645
-5.008590 -5.497863 0.049261
-5.169252 -5.580917 0.044171
-4.397041 3.393925 0.045040
-4.512923 2.902423 0.052564
-4.415609 3.067082 0.050370
-4.502650 3.229309 0.046165
-4.700423 2.882625 0.045233
-4.827282 3.012944 0.046268
-4.820729 3.191873 0.049649
-4.683597 3.282451 0.044477
-1.168429 -8.795345 0.049290
-0.862970 -8.587425 0.050116
-1.178280 -8.588047 0.049710
-1.032514 -8.484597 0.047528
-4.158162 8.799023 0.047772
-4.330285 8.699593 0.049003
-3.997589 8.690883 0.046897
-4.013732 8.505710 0.046484
-4.340309 8.504903 0.043823
-4.184328 8.419160 0.048202
-5.702029 4.331671 0.045673
-5.525300 4.269338 0.044308
-5.813739 4.171795 0.043896
-5.705765 4.006940 0.045733
-5.526965 4.062476 0.044177
-5.358591 4.507242 0.043283
-5.372718 4.344227 0.049944
-5.179110 4.237336 0.043898
-5.163225 4.561845 0.043929
-4.996211 4.476336 0.045668
-4.997970 4.314843 0.044145
-0.693374 -8.893280 0.047407
-0.849445 -8.794511 0.050355
-1.009138 -8.898980 0.048738
-1.004047 -9.104609 0.048526
-0.685805 -9.099674 0.048341
-0.836785 -9.206533 0.050660
