2.073736 -8.610247 0.051508
4.522952 5.977546 0.050824
4.515039 4.711199 0.050430
2.245721 -8.711524 0.050625
2.029304 -8.407818 0.050633
1.917067 -8.713723 0.049352
0.086232 7.971235 0.044680
4.624404 5.423101 0.042314
4.521781 5.596886 0.049763
3.680179 4.721128 0.049028
3.575037 4.884694 0.049734
3.675679 5.040015 0.049072
4.320458 5.951011 0.047305
4.214739 6.121331 0.050525
4.623620 4.576036 0.043735
3.985519 5.183230 0.049021
3.882879 5.030718 0.049375
4.623086 4.860145 0.044329
4.215972 -5.801519 0.048808
0.045800 0.157774 0.038503
0.165957 -0.034406 0.050529
0.338508 0.055025 0.054534
1.230079 0.340938 0.050796
4.513879 4.414309 0.050567
3.053611 3.377712 0.051444
3.349169 3.577981 0.050550
3.251451 3.410190 0.049002
3.448310 1.208986 0.049388
1.837310 -8.305924 0.045395
1.803326 -8.096411 0.047664
1.277079 -8.710437 0.048328
0.968263 -8.709561 0.047156
1.103111 -8.604998 0.050356
1.338049 -7.982911 0.049261
1.648080 -7.986543 0.048905
1.498321 -8.090010 0.049258
1.184124 -8.087061 0.050224
0.883947 -8.293995 0.050560
1.206899 -8.294966 0.049418
1.066078 -8.396851 0.049460
4.143814 -7.298543 0.041758
3.945142 -7.358120 0.050406
3.793652 -7.244249 0.045593
3.604245 -7.299019 0.050299
3.209919 -7.355756 0.050076
2.769532 -8.662652 0.043082
2.588205 -8.726634 0.046661
2.410521 -8.623159 0.050107
2.443610 -8.434846 0.050797
2.140602 -8.299393 0.044211
2.326843 -8.313509 0.044793
2.790973 -8.499664 0.051133
2.642735 -8.375334 0.044918
4.625868 -6.435928 0.042735
3.760522 -6.716819 0.048810
3.939293 -6.660628 0.047813
3.845803 -7.050454 0.047403
3.715556 -6.915471 0.046959
4.317755 -6.589673 0.046370
4.627791 -6.719823 0.042409
4.521993 -6.576817 0.048779
3.605578 -6.613484 0.049148
3.255593 -6.649749 0.043803
3.412019 -6.721791 0.047626
2.837009 -6.234558 0.037415
0.484721 8.610739 0.049302
1.016378 7.773946 0.049221
0.849274 7.671841 0.051458
0.112003 7.645613 0.050213
0.198235 7.777909 0.046805
0.209649 7.459502 0.053011
0.531455 7.474824 0.053132
0.403548 7.372744 0.046764
1.277513 8.710434 0.048354
1.103545 8.604986 0.050384
0.791843 8.604922 0.049953
0.667589 8.710370 0.045212
0.968540 8.709552 0.047185
2.985067 8.455241 0.043411
1.066699 8.396833 0.049485
1.023180 7.982238 0.049223
1.421199 8.607184 0.050477
1.594011 8.711750 0.049073
1.744780 8.610435 0.050472
2.030555 8.407470 0.050699
2.142142 8.298772 0.044285
4.625575 6.149637 0.042323
4.515525 5.302955 0.049936
4.622788 5.143323 0.043955
4.514207 5.008099 0.050262
4.300557 5.016481 0.048506
4.301403 5.325905 0.048900
4.195015 5.174654 0.049269
4.629044 5.868710 0.039272
4.629044 5.699149 0.039031
3.373310 4.569643 0.049254
3.578450 4.564244 0.049711
3.353421 3.917642 0.049981
3.253605 3.748351 0.049873
3.053799 3.781372 0.051391
4.311665 6.274792 0.047602
4.626099 6.432072 0.043065
4.520007 6.276563 0.049083
4.302470 4.705050 0.048525
4.196866 4.862377 0.049504
3.886625 4.713769 0.049447
3.988685 4.868039 0.049073
4.011482 -6.477792 0.048007
4.213023 -6.446493 0.047752
4.319820 -5.956071 0.047117
4.522576 -5.983595 0.050657
4.311101 -6.278585 0.047482
4.214144 -6.125795 0.050444
4.625508 -6.155608 0.041936
4.519709 -6.280875 0.048990
0.364216 -7.045023 0.043742
0.161672 0.344590 0.049749
0.334222 0.247205 0.055042
0.097936 -0.333483 0.046944
0.218094 -0.232329 0.055231
0.534469 -0.043251 0.052228
2.358501 -0.641977 0.042959
1.828319 -0.344176 0.052461
4.621926 4.296554 0.042483
4.633166 4.023348 0.037987
4.523425 4.123300 0.049392
4.359922 3.749057 0.040712
3.990690 4.550687 0.049197
4.301182 4.392051 0.048332
4.198353 4.547629 0.049915
4.630929 3.548516 0.041915
4.633166 3.851365 0.038244
4.532428 3.725734 0.055863
3.059777 3.063228 0.050431
2.953755 3.192018 0.043675
2.957689 2.893464 0.046054
2.951523 3.667761 0.040325
2.951523 3.488784 0.040099
3.650527 3.405613 0.046684
3.541146 3.570016 0.047553
3.566763 3.249264 0.050852
3.375113 2.925399 0.049618
3.267847 3.084609 0.050090
3.359665 3.245877 0.048246
2.612988 0.894346 0.044708
3.683871 1.484070 0.048939
3.620064 1.299644 0.050570
3.892107 1.514540 0.047243
4.013248 1.365345 0.049692
3.573589 1.626917 0.051836
3.374093 1.627492 0.052131
3.268810 1.484511 0.047456
3.307464 1.292232 0.048136
1.708694 -8.405112 0.050714
1.420602 -8.607196 0.050446
1.387455 -8.399872 0.050173
1.524951 -8.299065 0.047777
1.593423 -8.711759 0.049048
1.744019 -8.610482 0.050431
0.188333 -8.715450 0.040753
0.372600 -8.715450 0.041793
0.097361 -8.605751 0.048061
0.667457 -8.710393 0.045182
0.791567 -8.604954 0.049922
0.484567 -8.610843 0.049274
0.744284 -8.397536 0.048668
1.645414 -7.774522 0.048802
0.097634 -7.338754 0.043560
0.089116 -7.032292 0.039016
0.186751 -7.142315 0.047851
0.086184 -7.971135 0.044672
0.931767 -7.041879 0.046516
3.810063 -7.632656 0.039066
3.934781 -7.507938 0.038998
3.601808 -7.836595 0.042235
3.350743 -7.513816 0.045625
3.543206 -7.482007 0.046720
3.659840 -7.639468 0.050179
2.873134 -7.242023 0.049774
3.020833 -7.378103 0.049636
2.464947 -7.532953 0.048199
2.649675 -7.475965 0.049359
2.680174 -7.295882 0.047931
2.520209 -7.168192 0.049417
2.624689 -6.466795 0.043717
2.974449 -6.480693 0.043877
2.817959 -6.393574 0.050889
2.900573 -7.061971 0.049348
3.072783 -6.968989 0.050085
3.087517 -6.763396 0.044217
2.942699 -6.675713 0.049019
3.484648 -7.177483 0.042510
3.282785 -7.202411 0.045638
3.224054 -7.030938 0.043234
3.543807 -6.987731 0.046976
3.395214 -6.897385 0.044146
1.950321 -7.988979 0.049549
2.095604 -8.090067 0.044360
2.388548 -8.114584 0.045091
2.250121 -7.990095 0.047414
2.441146 -7.719771 0.048656
2.267121 -7.792255 0.048376
2.331999 -7.219432 0.047985
2.307236 -7.404110 0.049688
2.984280 -8.455988 0.043351
4.560375 -6.877965 0.043527
4.165315 -7.132463 0.048822
4.018794 -6.998245 0.047340
4.350659 -7.086576 0.043499
4.381059 -6.912702 0.048525
4.067317 -6.807071 0.047534
4.244238 -6.767415 0.046565
0.097424 8.605732 0.048065
0.188387 8.715369 0.040782
0.372653 8.715369 0.041832
0.419795 8.411971 0.046620
0.205573 8.102992 0.050738
0.119341 8.291211 0.056790
0.216764 8.406964 0.044449
0.696575 7.779418 0.048961
0.381616 7.799565 0.047185
0.520938 7.682864 0.052895
0.388954 8.009508 0.044959
0.715743 7.363774 0.047566
0.857925 7.464237 0.051724
0.097646 7.338876 0.043583
0.089105 7.032330 0.039027
0.186752 7.142360 0.047860
3.880662 5.345519 0.049224
2.328344 8.312688 0.044836
1.388270 8.399861 0.050198
1.207738 8.294958 0.049457
1.339179 7.982953 0.049297
1.185100 8.087071 0.050254
2.953943 3.964733 0.043728
3.256625 4.086321 0.048805
3.268670 4.411307 0.050163
3.362524 4.249225 0.048131
3.056953 4.100392 0.051684
3.060493 4.417302 0.050488
2.954676 4.269291 0.045317
4.025536 6.129744 0.045817
4.514217 -2.158876 0.049646
4.626021 -3.303501 0.041987
4.522880 -3.131749 0.051669
4.319852 -3.098948 0.048557
4.215160 -2.935622 0.048711
3.703780 -3.099855 0.050868
3.916622 -3.090302 0.047031
4.004732 -2.935180 0.050382
3.045162 -3.476063 0.055667
4.624068 -4.596370 0.042277
4.518935 -4.425955 0.050700
4.515079 -4.722432 0.050738
4.195418 -4.869296 0.049246
4.302189 -4.710959 0.048915
3.919962 -6.318548 0.052014
4.024545 -6.134459 0.045754
3.271702 -4.418036 0.049408
4.505720 -1.211431 0.050545
4.304203 -1.326723 0.043085
4.510086 -1.035373 0.052173
4.155048 -1.243674 0.054404
4.515939 -0.105893 0.051987
2.526805 -0.668865 0.054582
2.585322 -0.867387 0.045732
2.952091 -1.986885 0.045116
3.063073 -1.821264 0.052780
2.957470 -2.590774 0.045536
3.967419 -1.317942 0.048457
3.796463 -1.197046 0.047381
3.678444 -2.141221 0.050699
2.962649 -1.682355 0.046324
2.944804 -1.385722 0.040164
3.055786 -1.508519 0.051797
2.977393 -1.189003 0.044448
2.810011 -1.100012 0.044596
2.764020 -0.912605 0.051015
2.909666 -0.790823 0.048752
3.385998 -1.537731 0.051398
3.246634 -1.436810 0.046756
3.605847 -1.266223 0.046747
3.584156 -1.443310 0.047935
0.521466 0.342615 0.051348
1.062218 0.242875 0.053837
0.878191 0.341937 0.051403
0.709930 0.050866 0.053121
0.701212 0.244552 0.054117
1.640141 -0.246877 0.052818
3.583085 2.608513 0.049945
3.375066 2.284122 0.050279
2.957574 2.291197 0.046992
3.886953 4.395464 0.049387
3.681159 4.401663 0.048986
3.569874 4.244980 0.050785
4.080568 3.853979 0.043280
3.987589 4.231031 0.049544
4.194156 4.230676 0.050283
4.308352 4.079680 0.051027
4.245587 3.916771 0.046748
4.622437 1.989719 0.043811
3.885958 3.097731 0.049325
3.680825 3.091674 0.049210
3.685727 2.771688 0.049126
3.580993 2.929077 0.049864
4.079141 3.642181 0.043455
3.984223 3.263210 0.049879
4.241922 3.580867 0.046886
3.862853 3.413501 0.050537
3.916814 3.577715 0.047176
4.623932 2.988048 0.042403
4.626784 2.711381 0.039542
4.519049 2.818685 0.050807
4.619931 3.267181 0.044162
4.519193 3.408122 0.048434
4.512196 3.115410 0.051493
4.298732 3.104269 0.048454
4.302693 3.417149 0.050455
4.189967 3.265067 0.050136
4.200394 2.946550 0.049951
4.308975 2.788328 0.049241
3.892964 2.778423 0.049722
3.993364 2.941869 0.049507
3.421357 0.398152 0.047012
3.236967 0.296423 0.049379
3.432073 0.992029 0.044816
3.423134 0.587479 0.051938
2.959146 1.691041 0.046276
2.953990 1.397784 0.044123
3.061470 1.526351 0.048455
3.060038 0.377543 0.047928
2.865671 0.283364 0.050453
3.759418 1.168240 0.045900
3.944366 1.203471 0.045528
4.217868 1.380042 0.048425
0.111863 -7.645459 0.050136
0.198047 -7.777900 0.046803
0.209497 -7.459447 0.052967
0.381279 -7.799681 0.047151
0.205400 -8.103082 0.050675
0.119216 -8.291172 0.056730
0.216576 -8.407068 0.044431
0.555123 -8.304291 0.051447
0.419517 -8.412160 0.046602
0.535414 -8.100048 0.053875
0.388631 -8.009679 0.044924
3.437251 -7.848777 0.048626
3.302821 -7.683458 0.049472
2.602253 -6.635396 0.049092
2.387097 -6.858864 0.049030
2.412981 -6.684703 0.045815
2.548977 -6.990221 0.048649
2.736381 -6.937859 0.047880
2.763773 -6.757195 0.048031
1.814722 -7.457820 0.049422
1.980697 -7.361081 0.048334
2.130813 -7.476477 0.049695
2.114499 -7.677804 0.048443
1.802555 -7.669966 0.049646
1.952217 -7.774555 0.047535
1.851292 -7.038729 0.048628
1.999200 -7.151267 0.051329
2.200409 -6.899387 0.046747
2.174080 -7.081985 0.050867
0.863691 8.087254 0.051526
0.704190 7.986540 0.048325
0.744721 8.397487 0.048691
0.884572 8.293963 0.050595
0.555541 8.304167 0.051484
0.535891 8.099929 0.053899
1.033290 7.358129 0.048806
0.759669 7.151664 0.049603
2.957484 4.571432 0.046197
2.414198 6.683293 0.045830
2.954877 5.172096 0.043137
3.989360 5.495497 0.049600
4.216874 5.796063 0.048857
4.200605 5.484458 0.048648
4.312104 5.635293 0.049040
2.945013 6.671481 0.049009
2.766165 6.753772 0.048156
2.626266 6.464873 0.043613
2.604251 6.632860 0.049228
2.201142 6.898548 0.046837
2.388559 6.857102 0.049138
3.192700 8.241403 0.044502
3.015335 8.277263 0.049255
2.390310 8.113500 0.045100
1.646843 7.774507 0.048829
1.804141 7.669747 0.049710
1.526034 8.299027 0.047833
1.709732 8.405035 0.050750
1.838652 8.305714 0.045478
1.804899 8.096164 0.047706
1.499580 8.090005 0.049290
1.649525 7.986463 0.048960
2.246462 8.711356 0.050680
1.917783 8.713685 0.049380
2.074638 8.610042 0.051590
2.588634 8.726399 0.046724
2.643955 8.374372 0.044958
2.444781 8.434100 0.050832
2.411325 8.622755 0.050181
2.769931 8.662292 0.043154
2.791797 8.498921 0.051223
4.621550 -2.298577 0.043781
4.520713 -2.749388 0.050671
4.310374 -2.779634 0.049686
4.623854 -2.578107 0.042211
4.513737 -2.452856 0.051224
4.201256 -2.618328 0.049937
4.301478 -2.462831 0.048382
4.624334 -2.019299 0.043214
3.684190 -4.407532 0.049108
3.270697 -3.781424 0.051102
3.066629 -4.109014 0.050817
4.628526 -2.854240 0.038881
4.628526 -3.021950 0.038958
4.521716 -4.048637 0.049841
4.216843 -3.262334 0.050234
4.024041 -3.254130 0.047707
3.929493 -3.431707 0.052553
4.024658 -3.607039 0.047342
2.947461 -3.352986 0.038626
2.947461 -3.172025 0.039382
3.329011 -3.613128 0.046618
3.212450 -3.444365 0.040412
3.325545 -3.271955 0.046659
4.626534 -4.154061 0.039372
4.626534 -4.320561 0.039399
4.628735 -5.877115 0.038902
4.628735 -5.709069 0.038936
4.310900 -5.640932 0.049000
4.520907 -5.604945 0.049963
4.623839 -5.434317 0.042123
4.622678 -4.876477 0.043575
3.611201 -6.450916 0.044571
3.751183 -6.317079 0.043310
4.008963 -5.810939 0.048878
3.923212 -5.974156 0.048093
2.953238 -5.343071 0.040447
2.863406 0.104415 0.051155
2.703860 -0.014309 0.050886
4.635618 -1.287002 0.036951
4.635618 -1.461404 0.038429
4.217323 -1.653504 0.052201
4.326355 -1.511323 0.046669
4.311507 -1.837668 0.046039
4.527872 -1.570434 0.047774
4.623921 -1.737962 0.042149
4.516589 -1.863016 0.050754
4.639984 -0.933050 0.038122
4.639984 -0.753065 0.036135
3.805542 -1.027470 0.050406
3.831389 -0.660345 0.049120
4.312463 -0.950066 0.044467
4.158943 -1.043075 0.049666
3.986597 -0.757344 0.047044
3.980393 -0.947768 0.047926
3.815193 -0.098185 0.049463
3.640909 -0.185858 0.046353
3.653095 -0.371061 0.048528
3.834025 -0.470608 0.048103
4.640346 -0.203646 0.037558
4.640346 -0.384877 0.036917
4.174590 -0.665173 0.049943
4.321905 -0.762588 0.045039
4.519528 -0.667909 0.051975
4.519891 -0.477141 0.051428
3.992193 -0.379568 0.047211
3.985547 -0.192348 0.046379
4.177549 -0.477134 0.050394
4.325228 -0.383779 0.044437
4.166952 -0.099897 0.051190
4.321276 -0.193763 0.043922
4.160211 0.085553 0.050006
3.165644 -0.516618 0.045213
3.300980 -0.377616 0.045216
3.492366 -0.455099 0.046937
2.605979 -0.343891 0.049734
2.655620 -0.529160 0.049448
2.926956 -0.273759 0.047562
2.748873 -0.216688 0.050963
2.988225 -0.477703 0.052192
2.859783 -0.605901 0.050872
3.359384 -2.009053 0.044943
3.566109 -2.002795 0.046486
3.590579 -1.819870 0.045396
3.394411 -1.714187 0.045364
3.262334 -1.833257 0.048164
3.063197 -2.451624 0.050632
2.957394 -2.291459 0.046285
3.057818 -2.140495 0.049841
3.265851 -2.150671 0.050510
2.959195 -2.884062 0.044247
3.064998 -2.759859 0.050819
3.054989 -3.062669 0.049936
3.265786 -3.104693 0.052040
3.585483 -2.951256 0.049816
3.379912 -2.951860 0.049809
3.274919 -2.785633 0.049305
3.916093 -1.812357 0.045250
3.727010 -1.747853 0.048054
3.729000 -1.547749 0.044980
4.034093 -1.643355 0.047479
3.921647 -1.491558 0.048584
3.090329 -0.894207 0.046648
3.112065 -1.104980 0.048525
3.431379 -1.153824 0.052450
3.270323 -1.229990 0.045181
0.759490 -0.340352 0.050251
0.420926 -0.338846 0.047748
0.564752 -0.239199 0.054793
0.900246 -0.046798 0.052442
0.919524 -0.242069 0.053856
1.075555 0.047826 0.052704
1.263932 -0.050145 0.052561
2.519848 0.027168 0.050988
2.436557 0.186538 0.046549
1.465814 -0.342701 0.052194
1.109070 -0.341716 0.051486
1.278168 -0.244417 0.053269
3.272996 2.764638 0.049148
3.376234 2.605140 0.049879
3.272786 2.446578 0.048897
3.063641 2.754085 0.050390
2.957619 2.593116 0.046801
3.063526 2.445107 0.050127
3.271597 2.127613 0.048465
3.272544 1.806636 0.047425
3.373296 1.959089 0.051139
3.064937 1.828345 0.050093
2.957458 1.989343 0.046683
3.063365 2.136158 0.050106
3.685210 2.452433 0.049072
3.580638 2.286605 0.050189
4.302289 2.160096 0.048437
4.515121 2.146907 0.050330
4.194274 2.000359 0.049432
3.985555 1.675464 0.049709
3.654678 4.088399 0.046469
3.544125 3.923964 0.047820
3.919388 3.916025 0.047419
3.866600 4.080649 0.050664
3.636286 3.746709 0.052718
3.799627 3.746519 0.040274
3.273822 -0.215067 0.048070
3.237873 0.123498 0.048239
3.453021 -0.107348 0.047701
3.435610 0.055423 0.047642
3.077216 -0.150125 0.049717
3.058679 0.025670 0.048245
3.259860 0.666229 0.045951
3.081154 0.558022 0.048929
2.920732 0.655264 0.049962
3.273934 0.870243 0.050466
2.736882 0.581297 0.046912
2.584373 0.712366 0.050716
2.511617 0.343004 0.050373
2.702938 0.389876 0.051791
2.404907 0.675022 0.046734
2.366095 0.497082 0.048299
4.323770 1.230455 0.045063
4.522319 1.261539 0.050195
4.627507 1.427397 0.042580
0.403301 -7.372756 0.046740
0.468903 -7.154771 0.047515
0.640729 -7.044748 0.045433
0.759395 -7.151626 0.049559
1.015507 -7.773886 0.049185
1.022324 -7.982216 0.049189
0.862969 -8.087266 0.051502
0.703597 -7.986563 0.048289
1.032621 -7.358039 0.048778
1.232875 -7.040971 0.047600
1.063012 -7.147849 0.050009
3.394559 -8.034881 0.044609
3.118572 -7.716189 0.048637
2.799211 -7.612897 0.048549
2.977409 -7.568893 0.048123
1.181106 7.461033 0.050543
1.172845 7.669246 0.050658
1.333726 7.773420 0.049045
1.491445 7.668515 0.050133
1.500541 7.459577 0.049764
1.351083 7.356268 0.049220
0.640840 7.044758 0.045449
0.469006 7.154788 0.047560
0.364213 7.045030 0.043748
1.063427 7.147907 0.050050
0.931987 7.041906 0.046538
3.265517 5.059735 0.050491
3.369957 4.892231 0.049128
3.269958 4.734064 0.049799
3.059701 5.044480 0.051778
3.062308 4.729857 0.051302
2.956491 4.872770 0.045352
2.738445 6.934857 0.047944
2.550892 6.987754 0.048767
2.175200 7.080964 0.050996
2.692466 8.190132 0.048113
2.870575 8.136703 0.047885
2.555257 8.050672 0.048585
1.953964 7.774031 0.047564
2.251973 7.989083 0.047439
2.097380 8.089343 0.044398
1.952040 7.988491 0.049596
3.276597 6.439337 0.051018
3.438589 6.348815 0.044367
3.089363 6.758977 0.044289
3.257222 6.644755 0.043841
3.486112 7.174201 0.042620
3.141047 6.357766 0.040248
2.977321 6.475690 0.043910
2.820488 6.389994 0.051097
2.838572 6.232290 0.037029
2.953281 5.465297 0.040099
3.056491 5.360291 0.052186
3.680403 5.669662 0.050364
3.893629 5.655827 0.048354
3.924025 5.968919 0.048178
4.009643 5.805558 0.049011
3.567481 5.521231 0.049320
3.569666 5.204426 0.049705
3.672010 5.357419 0.049231
3.364584 5.216609 0.048828
3.260383 5.389549 0.051363
3.360936 5.541179 0.048314
3.988830 -2.292639 0.049241
3.881572 -2.127799 0.050596
3.991561 -1.968969 0.051804
4.203746 -1.984132 0.049164
4.298710 -2.149056 0.048866
4.193784 -2.298733 0.050414
4.200762 -4.555493 0.049268
4.308518 -4.396551 0.049253
3.992852 -4.559249 0.049157
3.891826 -4.403657 0.049554
3.583492 -4.248816 0.049840
3.383456 -3.931958 0.050202
3.376730 -4.253520 0.049971
3.277089 -4.098795 0.048683
2.957656 -4.264181 0.046520
2.957099 -4.565654 0.046124
3.063088 -4.418477 0.050775
2.960640 -3.966069 0.046767
2.949368 -3.668717 0.043463
3.058341 -3.805315 0.048656
4.626849 -3.877167 0.041542
4.313739 -3.429462 0.048936
4.216101 -3.596590 0.050175
4.317432 -3.760476 0.048223
4.520716 -3.745454 0.052044
4.625534 -3.589934 0.042817
4.519888 -3.437828 0.051702
3.651017 -3.607663 0.047196
3.489214 -3.546877 0.043714
3.766880 -3.434665 0.040478
3.648585 -3.266641 0.047422
3.487654 -3.332973 0.043517
4.199112 -5.490054 0.048571
4.298864 -5.022395 0.048675
4.193133 -5.180688 0.049137
4.299676 -5.331590 0.048921
4.514396 -5.311840 0.050179
4.622224 -5.156646 0.043559
4.513235 -5.018103 0.050559
3.436784 -6.354565 0.044281
3.138411 -6.363718 0.040391
3.274736 -6.445092 0.050872
3.652239 -6.140675 0.045027
3.719684 -5.981841 0.049449
3.466241 -6.169732 0.045684
3.360884 -5.224373 0.049014
2.953238 -5.163889 0.041451
4.637140 0.691707 0.037463
4.515976 0.079917 0.052036
4.314573 0.177496 0.045217
3.615480 0.161057 0.047017
3.602134 0.330861 0.048397
3.807175 0.085960 0.049433
3.970789 0.177246 0.046593
3.787132 0.443480 0.049281
3.964091 0.364961 0.048362
3.483460 -0.633748 0.044829
3.621911 -0.916148 0.047594
3.641553 -0.739446 0.049474
3.438364 -0.973325 0.045341
3.281026 -0.675843 0.044773
3.255572 -0.838719 0.052435
3.687585 -2.783844 0.049537
3.890569 -2.454866 0.049831
3.893992 -2.777320 0.049653
3.995301 -2.616457 0.049470
2.208449 0.164701 0.046946
2.006744 -0.266221 0.047819
1.994712 -0.078248 0.055513
2.165754 -0.011008 0.049983
2.137371 -0.426132 0.038852
2.282991 -0.431748 0.054042
2.401654 -0.273366 0.053912
2.360537 -0.104686 0.044741
1.439458 0.044820 0.052634
1.418943 0.240854 0.054296
1.574598 0.339916 0.049202
1.628021 -0.053627 0.052882
1.804167 0.037046 0.051779
1.771259 0.234555 0.055648
3.680530 2.131344 0.048820
3.675401 1.807310 0.047980
3.576657 1.960338 0.050644
3.879131 1.825386 0.049374
3.886133 2.143063 0.049522
3.985989 1.990133 0.048745
4.206349 2.629030 0.049967
4.309108 2.473023 0.048995
4.201158 2.313690 0.049463
3.997369 2.623806 0.049163
3.892256 2.460991 0.049683
3.993287 2.306883 0.049107
4.624351 2.269273 0.042215
4.626784 2.544377 0.039279
4.519468 2.441795 0.050237
3.129418 0.946363 0.044932
3.000577 1.215107 0.045613
3.146711 1.151395 0.045114
2.954922 0.839591 0.045283
2.828048 1.118088 0.042157
2.799686 0.947604 0.049569
4.622571 1.709880 0.044034
4.513341 1.853757 0.049619
4.518412 1.561104 0.049096
4.298011 1.851208 0.048263
4.307321 1.544834 0.048104
4.196150 1.691061 0.048594
0.857246 -7.464161 0.051691
0.715264 -7.363719 0.047534
0.695959 -7.779408 0.048930
0.848514 -7.671780 0.051433
0.520424 -7.682895 0.052867
0.530996 -7.474825 0.053093
1.180230 -7.460934 0.050507
1.171848 -7.669163 0.050632
1.332591 -7.773343 0.049007
1.490196 -7.668420 0.050099
1.372485 -7.146392 0.049949
1.539776 -7.040421 0.048389
1.684906 -7.144151 0.049498
1.666838 -7.353427 0.049565
1.499454 -7.459472 0.049726
1.350230 -7.356166 0.049192
3.191625 -8.242457 0.044455
3.014153 -8.278383 0.049203
3.224444 -8.057265 0.049398
3.082888 -7.903891 0.047795
1.816099 7.457707 0.049429
1.667897 7.353529 0.049598
1.982198 7.360568 0.048412
2.000113 7.150933 0.051331
1.851671 7.038762 0.048625
1.685554 7.144219 0.049548
1.540135 7.040456 0.048400
1.373020 7.146458 0.049992
1.233179 7.041001 0.047618
2.132635 7.475492 0.049744
2.116359 7.676916 0.048484
2.269028 7.791116 0.048425
3.284389 7.199108 0.045696
3.211787 7.352876 0.050172
3.022771 7.375459 0.049732
2.875053 7.239308 0.049844
2.902515 7.058848 0.049454
3.074585 6.965259 0.050125
3.225553 7.027152 0.043302
2.906724 7.947125 0.048275
2.979396 7.566632 0.048180
3.612681 6.446095 0.044633
3.921096 6.314227 0.052064
3.752646 6.312358 0.043348
3.605841 7.296276 0.050384
4.628176 6.718173 0.042697
4.522608 6.574113 0.048806
4.560884 6.877146 0.043539
4.381993 6.911119 0.048601
2.953281 5.643234 0.041266
3.262549 5.722210 0.052167
3.058786 5.765831 0.054020
2.957172 5.943036 0.044906
3.158669 6.140889 0.045498
3.013028 6.101108 0.045784
3.653790 6.135257 0.045091
3.720728 5.976301 0.049417
3.593120 5.826775 0.046599
3.468060 6.163717 0.045682
3.323690 6.037361 0.048954
3.381812 5.859375 0.049256
3.997442 -4.243309 0.049055
4.206224 -4.239959 0.049654
4.311822 -4.080661 0.049855
4.213672 -3.924213 0.048070
3.688443 -4.088542 0.049011
3.894756 -4.086910 0.049442
3.706678 -3.771490 0.050356
3.588047 -3.926409 0.050139
3.917706 -3.773824 0.046632
4.005388 -3.927112 0.050327
3.892898 -5.661113 0.048401
3.988119 -5.500814 0.049499
2.956903 -5.943164 0.046001
3.322198 -6.044330 0.048795
3.011505 -6.105748 0.045625
3.156416 -6.147789 0.045465
3.261946 -5.068332 0.050792
3.057507 -5.046057 0.051917
3.061367 -4.730950 0.051283
2.955936 -4.866629 0.044679
3.578565 -4.569196 0.049923
3.372839 -4.574996 0.049504
3.268494 -4.740733 0.049932
3.367501 -4.898687 0.049151
3.983280 -5.189078 0.048970
3.878830 -5.350740 0.049209
3.566683 -5.210146 0.049652
3.670091 -5.362635 0.049242
4.626479 1.142886 0.041129
4.531952 0.968164 0.046627
4.637140 0.868032 0.037541
4.640384 0.160976 0.035908
4.640384 0.340708 0.037921
4.504165 0.610225 0.050150
4.507410 0.439613 0.051845
4.306007 0.357461 0.043965
4.144947 0.453232 0.049843
4.332210 0.901160 0.046210
4.304423 0.719547 0.042383
4.146608 0.644707 0.053061
4.053403 1.032511 0.044696
4.228188 1.044799 0.051832
3.775109 0.614441 0.048606
3.591888 0.691150 0.046127
3.926099 0.889659 0.045027
3.953729 0.727398 0.049548
3.586753 0.891685 0.052851
3.742344 0.977238 0.044693
3.580790 -2.314654 0.047884
3.685656 -2.463459 0.050172
3.583981 -2.631574 0.048867
3.376885 -2.632758 0.049180
3.374921 -2.317845 0.047852
3.272692 -2.467834 0.049659
2.186533 0.470885 0.044173
2.103946 0.294970 0.049304
1.905039 0.334639 0.047151
2.690919 -8.191368 0.048074
2.869031 -8.138094 0.047841
2.904947 -7.948795 0.048220
2.553499 -8.051955 0.048536
2.589098 -7.854982 0.047489
2.762434 -7.805096 0.048603
2.443112 7.718309 0.048699
2.801211 7.610861 0.048611
2.591005 7.853448 0.047532
2.764362 7.803331 0.048658
2.333781 7.217756 0.048069
2.309130 7.402649 0.049744
2.522056 7.165992 0.049492
2.466938 7.531266 0.048265
2.682147 7.293554 0.048014
2.651681 7.473935 0.049420
3.084641 7.902135 0.047846
3.120465 7.714111 0.048707
3.395805 8.033616 0.044637
3.225858 8.055853 0.049445
3.606855 6.609101 0.049289
3.545059 6.984175 0.047097
3.396498 6.893354 0.044191
3.413388 6.717239 0.047781
3.935720 7.506821 0.039076
3.811078 7.631464 0.039040
3.946357 7.356375 0.050533
3.795105 7.241709 0.045708
3.544900 7.479576 0.046798
3.661234 7.637748 0.050225
3.352568 7.511269 0.045730
3.304620 7.681331 0.049536
3.603027 7.835228 0.042249
3.438744 7.847118 0.048689
4.351408 7.085487 0.043552
4.144702 7.297301 0.041846
4.166398 7.130686 0.048903
4.213933 6.443092 0.047846
4.318785 6.586904 0.046490
4.012568 6.474114 0.048125
4.245461 6.764937 0.046627
3.593036 -5.832807 0.046491
3.680499 -5.675296 0.050174
3.566981 -5.526892 0.049383
3.381547 -5.866239 0.049237
3.572096 -4.890417 0.049918
3.672340 -5.045835 0.049137
3.678815 -4.726664 0.049076
3.880197 -5.036662 0.049380
3.986604 -4.875172 0.049014
3.885466 -4.720592 0.049496
4.068569 6.804231 0.047622
3.716827 6.912103 0.047053
3.761733 6.713143 0.048919
3.940527 6.657221 0.047906
3.847144 7.047562 0.047477
4.020091 6.995612 0.047412
3.263632 -5.730990 0.051623
2.954135 -5.638348 0.043329
3.059371 -5.769902 0.053381
3.055706 -5.449406 0.051949
3.258913 -5.399124 0.051418
3.361602 -5.549153 0.048075
3.619201 7.962613 -0.000000
4.530299 7.051514 0.000000
-0.208684 -7.139136 0.057951
-0.081439 -7.040143 0.038532
-2.953458 2.761780 0.044384
-0.097654 0.344023 0.042176
-4.631889 5.202213 0.052215
-3.064796 5.280681 0.053239
-2.958464 5.144559 0.043301
-4.525676 5.373487 0.054503
-3.273040 5.267061 0.050809
-3.377939 5.100225 0.049625
-4.199811 7.228721 0.044552
-4.653994 6.646268 0.046001
-4.643446 6.266143 0.049241
-4.565774 6.449518 0.046326
-2.275114 8.715681 0.047699
-2.114491 8.612767 0.048337
-2.308981 8.127792 0.048672
-2.289726 8.322611 0.048350
-2.120370 8.410705 0.048375
-0.381082 -7.033993 0.040519
-3.993838 -5.397298 0.045873
-0.107010 0.045335 0.047300
-0.204664 0.239537 0.049957
-0.402718 0.335514 0.047207
-3.189005 0.931374 0.047714
-4.643719 0.525237 0.045821
-4.630122 4.512931 0.051918
-2.813454 6.430362 0.050271
-2.970966 6.561177 0.048871
-2.836345 6.260744 0.044682
-3.698699 4.619637 0.051092
-3.592217 4.778783 0.050867
-4.529503 4.679678 0.051762
-4.328367 5.000935 0.053400
-4.631047 4.855300 0.052035
-4.531269 5.024131 0.052154
-2.957034 4.860271 0.040075
-3.063832 4.969849 0.052545
-2.957034 4.691206 0.040088
-3.275063 4.939136 0.051899
-3.380064 4.776737 0.050933
-4.625453 5.550000 0.054550
-3.909838 4.947538 0.050656
-3.588028 5.098193 0.051686
-3.697305 4.939150 0.050357
-4.593174 6.838697 0.041037
-4.394111 6.457225 0.050199
-3.155520 6.506168 0.048462
-4.548632 6.080904 0.049426
-4.636852 5.902031 0.051190
-4.530639 5.722905 0.053328
-0.389342 8.708594 0.045407
-0.526013 8.610917 0.054725
-0.709437 8.717323 0.045933
-0.856946 8.609174 0.049399
-2.980253 8.451153 0.044944
-2.602366 8.722482 0.045881
-2.778558 8.656493 0.043581
-2.793617 8.491026 0.047742
-2.437797 8.623163 0.047644
-2.626158 8.366006 0.046219
-2.446530 8.432154 0.047452
-1.957275 8.712086 0.048561
-0.668649 7.042183 0.041134
-0.852540 8.395046 0.052628
-0.641317 7.781182 0.045174
-0.738481 7.982476 0.045787
-0.915071 7.957929 0.047195
-1.527054 7.977612 0.048564
-1.232246 7.766327 0.047520
-1.891089 7.367644 0.050469
-1.938059 7.156128 0.056478
-1.859259 7.778944 0.049377
-2.157381 8.011286 0.048605
-1.720969 7.460713 0.050027
-1.708095 7.667775 0.050033
-1.544787 7.768285 0.048522
-1.389403 7.662423 0.050973
-1.967884 8.302385 0.048797
-1.670375 8.084613 0.049614
-1.839272 7.986455 0.048588
-1.985639 8.097784 0.049250
-1.021408 -8.706825 0.049216
-0.857709 -8.609090 0.049459
-1.332382 -8.710201 0.048794
-1.170986 -8.602026 0.050916
-0.187359 -7.623649 0.044080
-0.088892 -7.441367 0.045884
-0.216137 -7.320510 0.046111
-0.098467 -7.770615 0.048072
-0.091025 -8.103959 0.044437
-0.189491 -7.954558 0.050192
-4.632143 -5.185061 0.052572
-4.531822 -5.005555 0.052476
-3.596744 -4.439448 0.051202
-4.400906 -7.029387 0.042859
-3.594676 -7.835256 0.046087
-3.729146 -7.092095 0.049240
-3.901242 -5.245337 0.051853
-3.881569 -5.551021 0.048506
-4.320526 -3.966787 0.052009
-4.629683 -4.146883 0.052203
-4.526037 -3.974365 0.052089
-4.214264 -3.793659 0.051829
-3.068308 -0.513945 0.052030
-4.212458 3.821718 0.051444
-4.317227 3.662531 0.052501
-3.749551 3.241111 0.047118
-3.594726 4.457102 0.050947
-2.960274 3.826846 0.044073
-3.059873 2.595939 0.052377
-2.958081 2.460600 0.044014
-3.269455 2.247321 0.052881
-3.061827 2.276935 0.054658
-0.255440 -0.052873 0.059916
-2.849380 1.132737 0.041773
-3.692552 1.635665 0.051092
-3.579139 1.779940 0.051489
-3.369186 2.085209 0.050787
-3.199919 1.143481 0.053099
-3.030873 1.230036 0.048436
-2.966912 1.395616 0.046372
-3.009096 0.860652 0.050054
-2.838517 0.975461 0.050866
-2.619221 0.747860 0.051007
-2.639545 0.916613 0.045305
-1.392671 7.457880 0.048963
-1.560928 7.356680 0.051210
-1.551921 7.148698 0.054195
-1.397268 7.042483 0.041573
-2.464399 7.201017 0.048459
-2.511554 7.019988 0.049024
-2.266756 7.241454 0.050360
-2.134588 7.093207 0.049675
-1.679330 7.041214 0.039930
-1.842474 7.041214 0.038047
-2.368100 6.875337 0.050362
-2.188778 6.908120 0.045908
-3.372750 5.428747 0.050104
-2.957999 5.438153 0.044228
-3.023539 6.194707 0.049107
-3.185203 6.309315 0.050824
-4.015770 5.110785 0.049478
-4.225773 5.142538 0.047909
-4.322462 5.337007 0.053879
-4.205350 5.456625 0.046536
-2.742501 6.791682 0.048872
-2.700636 6.974924 0.049197
-2.930863 6.745108 0.049296
-3.077472 6.883676 0.049602
-3.366371 7.168938 0.047940
-3.510270 7.317688 0.049439
-3.475213 7.503029 0.047143
-3.796830 7.632772 0.045816
-3.621376 7.656378 0.048593
-3.591765 7.838200 0.046002
-2.998649 8.280588 0.047852
-3.623406 6.751598 0.049284
-3.261755 6.835815 0.048334
-3.404273 6.979600 0.050071
-3.584365 6.940427 0.048492
-3.299700 6.642237 0.050618
-3.481259 6.597193 0.049815
-4.334144 6.651143 0.045753
-4.444988 6.835865 0.047497
-4.398666 7.032129 0.042932
-4.240207 7.037306 0.048066
-3.804136 6.720337 0.048904
-4.162948 6.670804 0.049595
-3.940663 6.882449 0.049013
-4.115333 6.860703 0.047108
-3.850125 6.534848 0.049361
-4.034268 6.507062 0.048577
-3.632584 6.057919 0.049940
-3.768505 6.202806 0.050088
-3.421912 6.082968 0.050989
-3.369698 6.258939 0.052197
-3.521574 6.410748 0.048945
-3.709710 6.379664 0.050285
-4.210364 5.642791 0.046234
-4.332439 5.758460 0.053671
-0.108776 8.424161 0.046604
-0.092868 8.720388 0.039539
-0.201644 8.613982 0.051240
-0.090919 8.104106 0.044389
-0.199695 8.296017 0.050250
-1.331366 8.710231 0.048752
-1.020631 8.706851 0.049166
-1.169943 8.602082 0.050853
-1.484791 8.605610 0.049531
-1.643765 8.710379 0.048895
-1.798580 8.607465 0.048924
-1.488464 8.396253 0.049522
-1.803309 8.399826 0.049031
-1.652168 8.293383 0.049088
-1.227287 7.352972 0.051700
-0.949061 7.038074 0.037272
-0.848559 7.145257 0.054986
-1.114113 7.038074 0.039284
-1.240893 7.145557 0.053583
-0.381111 7.033927 0.040582
-0.537408 7.141110 0.051164
-0.555294 7.352355 0.053779
-0.406284 7.426663 0.042884
-0.373516 7.962913 0.046639
-0.189227 7.954829 0.050112
-0.473227 7.770247 0.049831
-0.377808 7.615305 0.047311
-0.098309 7.770735 0.048014
-0.187179 7.623876 0.044050
-1.043807 8.076412 0.050082
-1.357332 8.081323 0.049771
-1.217908 7.975899 0.047755
-1.336949 8.291195 0.049583
-1.171853 8.392403 0.049480
-1.018135 8.283044 0.050242
-2.225143 7.423516 0.051068
-2.046005 7.486785 0.050627
-2.027049 7.691022 0.049301
-2.178803 7.812035 0.049302
-2.383692 7.562068 0.048646
-2.356308 7.746350 0.049404
-0.709965 -8.717265 0.045991
-1.486088 -8.605534 0.049594
-1.490052 -8.396150 0.049561
-0.108922 -8.424088 0.046674
-0.199947 -8.295829 0.050346
-0.526511 -8.610808 0.054802
-0.538335 -7.141039 0.051282
-1.710805 -7.667503 0.050081
-1.397797 -7.042490 0.041656
-3.184737 -8.245020 0.045827
-3.207197 -8.070151 0.048101
-3.389025 -8.040381 0.046145
-3.415450 -7.862073 0.048388
-3.048358 -7.927074 0.047297
-4.625613 -5.536043 0.054957
-4.531242 -5.710649 0.053635
-4.526090 -5.358116 0.054888
-4.205763 -5.443142 0.046809
-4.323124 -5.322156 0.054344
-4.631345 -4.834887 0.052391
-4.008558 -3.784426 0.051448
-3.387207 -4.436398 0.050925
-3.060705 -3.640043 0.053541
-4.243311 -7.033306 0.048144
-3.904462 -7.065566 0.047478
-4.119066 -6.855066 0.047223
-3.944758 -6.876302 0.049175
-4.644176 -6.258922 0.049359
-4.637296 -5.891263 0.051439
-4.549805 -6.071878 0.049545
-4.655062 -6.643244 0.045960
-4.594643 -6.836988 0.040832
-4.447577 -6.832534 0.047522
-4.567571 -6.444038 0.046234
-2.974771 -6.557028 0.048977
-2.815995 -6.427655 0.050395
-3.370845 -7.163882 0.048046
-4.363351 -6.090936 0.052706
-3.712977 -6.371127 0.050550
-3.853962 -6.526963 0.049562
-3.808295 -6.713220 0.049082
-4.016716 -5.095758 0.049871
-4.226674 -5.126734 0.048260
-4.329318 -4.983188 0.053820
-3.423269 -6.073854 0.051331
-3.678566 -5.563765 0.050254
-3.584128 -5.734203 0.049900
-3.077547 -5.903151 0.054661
-3.271559 -5.589999 0.051035
-3.291798 -5.923160 0.050957
-3.379387 -5.749922 0.051332
-4.626438 -2.457586 0.052140
-4.630624 -3.129900 0.051429
-4.529862 -3.299278 0.052125
-4.330662 -3.298294 0.050780
-4.223459 -3.463466 0.050006
-4.319013 -3.631595 0.052974
-4.315693 -2.616103 0.052526
-4.525508 -2.620287 0.050724
-4.630737 -2.789694 0.051122
-4.529694 -2.956829 0.052054
-4.523560 -1.961594 0.051249
-4.627258 -2.127534 0.051771
-4.522029 -2.290981 0.051776
-4.314689 -1.957042 0.051634
-4.004238 -1.779674 0.051733
-4.213095 -1.789611 0.051015
-3.586824 -1.748366 0.051613
-4.000629 -2.441923 0.051309
-4.209407 -2.118073 0.051658
-4.207644 -2.448493 0.051964
-4.313049 -2.286073 0.051457
-3.690226 -2.589682 0.052740
-3.753526 -2.995453 0.047595
-3.895854 -2.607691 0.053028
-3.587253 -2.408829 0.050351
-4.528457 -4.314469 0.051989
-4.630441 -4.489154 0.052289
-4.530120 -4.657879 0.052086
-4.219933 -4.129361 0.051539
-4.324219 -4.304525 0.052503
-4.631411 -0.793624 0.050313
-3.133353 0.544389 0.051393
-2.784253 0.621346 0.049816
-2.975156 0.675290 0.049665
-2.424472 0.699524 0.047157
-3.098638 -0.326272 0.050186
-2.958805 -0.199631 0.053970
-4.538702 1.365879 0.048832
-4.639537 1.194533 0.047654
-4.630832 1.532272 0.050053
-4.627334 1.859313 0.050982
-4.526499 1.696817 0.049920
-3.889002 1.988628 0.051071
-3.679330 1.961224 0.050860
-3.576096 2.108287 0.051041
-4.323022 4.328489 0.052108
-4.525315 4.003024 0.051718
-4.319217 3.994068 0.051566
-4.218468 4.154094 0.051183
-4.629361 4.174169 0.051802
-4.527817 4.339608 0.051644
-4.015609 4.794989 0.050950
-4.221318 4.486341 0.050542
-3.909557 4.627455 0.050721
-4.013908 4.471233 0.051387
-4.325493 4.664207 0.052675
-4.224135 4.816633 0.049532
-4.630337 3.506550 0.051059
-4.627621 3.839127 0.052009
-4.526291 3.670984 0.050637
-4.528868 3.336244 0.051672
-4.006374 3.810295 0.050951
-3.897747 3.636074 0.052475
-3.277250 4.613332 0.051724
-3.385430 4.452842 0.050579
-3.065452 4.581606 0.053083
-2.960084 4.407522 0.043728
-2.951243 3.537091 0.039496
-3.059850 3.653698 0.053304
-2.951243 3.362673 0.038660
-3.385051 3.805841 0.049684
-3.691369 3.636723 0.052603
-3.592980 3.807540 0.049971
-3.271075 3.635023 0.053373
-3.749338 3.023860 0.047243
-3.605882 2.939705 0.046946
-2.955413 1.993532 0.041053
-2.955413 2.167717 0.040267
-3.375832 2.417530 0.049814
-3.571294 2.757631 0.050396
-3.361359 2.739027 0.046101
-3.269995 2.582484 0.053597
-2.900514 -0.614942 0.049009
-2.788676 -0.934151 0.053859
-2.930266 -0.816666 0.046444
-2.775349 -0.232197 0.047045
-0.090878 -0.340869 0.040540
-0.239308 -0.241720 0.066221
-4.256360 1.218182 0.045808
-4.340504 1.372100 0.051250
-4.059056 1.209191 0.046833
-3.936925 1.350008 0.050166
-3.663717 0.725045 0.049298
-3.316439 0.603232 0.048249
-3.511016 0.868150 0.050330
-3.338151 0.804854 0.052555
-4.534691 0.687369 0.048336
-4.622639 0.854693 0.052103
-4.345531 1.037175 0.046444
-4.530509 1.019747 0.053687
-3.993338 0.471914 0.049901
-4.348119 0.634923 0.046878
-3.946822 0.094009 0.047816
-4.233996 -0.133749 0.046156
-3.813824 0.398579 0.050424
-3.794634 0.205300 0.054446
-3.472688 0.467506 0.052035
-3.647101 0.526022 0.050018
-2.958245 1.695238 0.044725
-3.073490 1.543618 0.058375
-3.283955 1.561102 0.053070
-3.061991 1.870928 0.055721
-3.374854 1.747764 0.051004
-3.268135 1.905969 0.053357
-4.634457 -0.110369 0.048956
-4.522933 0.363336 0.047958
-4.299773 0.036302 0.051956
-4.610880 0.207598 0.054945
-4.513670 0.056508 0.051222
-4.150146 0.164045 0.052183
-4.336360 0.426668 0.046007
-4.177471 0.348672 0.055343
-2.406514 6.691546 0.046374
-2.622682 6.475564 0.046004
-2.591832 6.652954 0.050196
-3.920954 5.863612 0.050279
-4.001076 5.704069 0.045989
-3.706365 5.892218 0.049168
-3.583218 5.745023 0.049649
-3.064314 5.596914 0.053941
-3.270821 5.601129 0.050825
-3.378367 5.760461 0.051073
-3.290844 5.932705 0.050651
-3.182402 7.210195 0.049625
-3.036021 7.068718 0.048660
-2.847548 7.113392 0.049527
-3.688628 7.285569 0.047333
-3.900389 7.070929 0.047371
-3.724821 7.097646 0.049085
-4.034661 7.240598 0.048192
-3.999491 7.429050 0.045429
-3.829026 7.447305 0.048381
-3.182759 8.246885 0.045727
-2.649144 8.190245 0.048590
-2.835000 8.144699 0.046891
-2.488771 8.061574 0.047829
-2.514676 7.879383 0.048696
-4.284446 6.293077 0.047386
-4.095799 6.323253 0.050257
-4.361295 6.100131 0.052390
-4.251315 5.956813 0.047087
-3.970451 6.174182 0.049198
-4.049118 6.000688 0.049368
-0.463451 8.116170 0.045063
-0.660326 8.124799 0.047269
-0.705576 8.317355 0.044752
-0.526558 8.425077 0.046289
-0.387937 8.299998 0.047990
-1.065369 7.445682 0.048031
-1.073595 7.654494 0.051519
-0.930522 7.745583 0.044017
-0.893777 7.345450 0.049247
-0.731753 7.453621 0.050385
-0.760272 7.644942 0.047988
-0.088870 7.441432 0.045867
-0.215654 7.320543 0.046048
-0.081583 7.040125 0.038594
-0.208367 7.139052 0.057702
-1.644967 -8.710333 0.048931
-2.387405 -7.560231 0.048752
-2.359731 -7.744815 0.049473
-2.575505 -7.513532 0.049202
-2.733105 -7.649806 0.048960
-2.181914 -7.811001 0.049359
-2.030146 -7.690285 0.049391
-1.861953 -7.778484 0.049430
-0.389634 -8.708543 0.045463
-0.092905 -8.720384 0.039556
-0.201827 -8.613928 0.051326
-0.733424 -7.453370 0.050486
-0.761460 -7.644790 0.048060
-0.407100 -7.426476 0.042971
-0.556899 -7.352147 0.053918
-0.378321 -7.614908 0.047430
-0.374003 -7.962536 0.046695
-0.473941 -7.769852 0.049901
-0.642202 -7.780894 0.045225
-0.463946 -8.115843 0.045110
-0.388357 -8.299734 0.048043
-0.527114 -8.424873 0.046345
-1.173098 -8.392319 0.049527
-1.338459 -8.291109 0.049652
-1.395450 -7.457930 0.049027
-0.668438 -7.042046 0.040921
-2.603054 -8.722205 0.045930
-2.276221 -8.715486 0.047744
-2.439061 -8.622691 0.047727
-2.779268 -8.655983 0.043676
-2.448376 -8.431263 0.047504
-2.407916 -6.690189 0.046441
-2.594167 -6.650689 0.050320
-2.624268 -6.474002 0.045975
-2.228876 -7.422265 0.051123
-2.049435 -7.486133 0.050666
-3.908787 -3.947514 0.051888
-3.911147 -4.280818 0.051485
-4.013900 -4.119321 0.051673
-3.701803 -3.946117 0.052254
-3.702899 -4.275996 0.051699
-3.598668 -4.113102 0.050756
-3.607498 -3.289311 0.047653
-3.753638 -3.214339 0.047438
-3.900427 -3.610064 0.052830
-3.934873 -3.279713 0.050018
-4.010579 -3.451168 0.053596
-2.960532 -4.396892 0.044207
-4.002661 -7.425635 0.045463
-4.202687 -7.225449 0.044545
-4.038146 -7.236473 0.048294
-3.799981 -7.629484 0.045882
-3.624768 -7.652814 0.048719
-3.832588 -7.443359 0.048501
-3.479117 -7.498848 0.047246
-3.692758 -7.280726 0.047436
-3.514498 -7.312885 0.049597
-4.166697 -6.664437 0.049776
-4.337613 -6.645824 0.045885
-4.397188 -6.451072 0.050433
-4.287339 -6.285014 0.047552
-4.038056 -6.499416 0.048796
-4.099123 -6.314743 0.050598
-2.970857 -6.014547 0.045389
-3.024963 -6.190446 0.049121
-2.837770 -6.259129 0.044488
-2.614554 -7.334169 0.050068
-3.186737 -7.205597 0.049761
-2.808692 -7.290964 0.048405
-3.973194 -6.164732 0.049412
-3.771142 -6.193569 0.050393
-3.634433 -6.048330 0.050159
-3.707703 -5.881917 0.049451
-4.253122 -5.946163 0.047329
-4.211009 -5.630099 0.046494
-4.333522 -5.746491 0.054073
-4.051181 -5.990229 0.049724
-4.001827 -5.692194 0.046199
-3.922399 -5.852652 0.050534
-3.524883 -6.402581 0.049112
-3.159411 -6.500580 0.048496
-3.371884 -6.250547 0.052510
-3.187828 -6.302522 0.051097
-3.266288 -6.830288 0.048426
-3.303902 -6.635856 0.050853
-3.485319 -6.589833 0.050001
-3.627746 -6.744636 0.049460
-3.408852 -6.973876 0.050263
-3.588894 -6.934247 0.048629
-3.911085 -4.931733 0.050960
-3.700633 -4.602459 0.051427
-3.593838 -4.763072 0.051177
-3.698529 -4.924037 0.050688
-2.958089 -5.431445 0.044467
-2.958357 -5.728324 0.043633
-3.064779 -5.588410 0.054244
-3.373149 -5.416661 0.050387
-3.575415 -5.406147 0.050406
-3.685821 -5.241441 0.048697
-3.588739 -5.084167 0.051923
-3.279015 -4.598041 0.051915
-3.381757 -4.761704 0.051195
-2.957655 -4.682366 0.040767
-3.066520 -4.569265 0.053413
-4.630905 -3.471301 0.051462
-4.628021 -3.808090 0.052433
-4.527259 -3.638447 0.051016
-4.222173 -2.776252 0.049837
-4.009349 -2.774411 0.053009
-3.935211 -2.939446 0.049932
-4.330945 -2.947571 0.050394
-4.049766 -3.113375 0.046423
-4.232675 -3.119659 0.053498
-4.627969 -1.797558 0.051491
-4.631317 -1.129615 0.050476
-4.531062 -0.959967 0.050865
-4.020049 -1.450607 0.051212
-3.907482 -1.609191 0.050931
-3.609187 -1.421880 0.049813
-3.698061 -1.592833 0.052626
-3.397568 -1.398857 0.053099
-3.609506 -2.913765 0.047270
-3.574498 -2.732266 0.050493
-3.689258 -1.923580 0.051921
-3.585085 -2.079464 0.051235
-3.689705 -2.255842 0.052323
-3.897250 -1.938530 0.051820
-4.000825 -2.109499 0.051436
-3.897453 -2.270927 0.052107
-4.638392 -0.455175 0.048166
-4.541182 -0.278513 0.050584
-4.354619 -0.281686 0.048656
-4.538137 -0.623580 0.048922
-4.232380 -1.120911 0.051520
-4.332113 -0.953768 0.050026
-4.253840 -0.449450 0.045833
-4.340148 -0.614682 0.051300
-4.234473 -0.778527 0.050505
-4.044519 -0.755862 0.047229
-4.041296 -0.212467 0.045802
-3.903750 -0.112453 0.055574
-4.057205 -0.410028 0.047051
-3.953558 -0.552595 0.053452
-2.823029 -1.115058 0.042629
-2.961088 -1.398161 0.045089
-3.004516 -1.218567 0.049488
-3.260124 -3.288096 0.049423
-3.406209 -3.174351 0.047345
-3.408330 -3.017691 0.047516
-3.379598 -2.396332 0.050412
-2.746847 0.438856 0.050395
-3.099201 0.361352 0.049330
-3.015309 -0.003373 0.047827
-2.867186 0.129736 0.049670
-2.903598 0.309763 0.050274
-4.625769 2.507711 0.051617
-4.204124 2.495710 0.051185
-3.994207 2.159836 0.050339
-4.630198 3.169793 0.050929
-4.313351 2.661264 0.051912
-4.524398 2.667228 0.050101
-4.630296 2.834464 0.050586
-4.528827 2.998563 0.051527
-4.221014 3.495242 0.049647
-4.328609 3.333387 0.050379
-4.007617 3.480208 0.053103
-3.931248 3.309036 0.049754
-3.906761 3.970825 0.051585
-3.909241 4.301562 0.051186
-4.012096 4.142274 0.051235
-3.699744 3.967421 0.051838
-3.700917 4.295249 0.051318
-3.596755 4.132557 0.050499
-3.282909 3.962184 0.051445
-3.387850 4.129020 0.050512
-3.282715 4.287451 0.051230
-3.069167 4.273856 0.053183
-2.960750 4.117755 0.044928
-3.069357 3.964514 0.053504
-3.062116 3.250246 0.057345
-3.262109 2.914160 0.049273
-3.405028 3.039355 0.047332
-2.962540 3.067862 0.045370
-3.064331 2.923458 0.056352
-3.603951 3.313623 0.047323
-3.570466 3.488575 0.049520
-3.358102 3.488574 0.045384
-3.402884 3.196021 0.047091
-3.257750 3.306680 0.049054
-2.602940 -0.879866 0.046324
-2.383989 -0.665408 0.045295
-2.562798 -0.697664 0.049162
-2.718782 -0.550224 0.053987
-2.669533 -0.386474 0.046636
-2.328689 -0.463641 0.056596
-2.458249 -0.332146 0.046297
-3.063550 -3.236508 0.057979
-1.079200 0.342355 0.050999
-1.809998 0.348211 0.052470
-1.972796 0.234725 0.055368
-4.318549 1.696922 0.051278
-4.224683 1.538598 0.047852
-4.208534 1.855499 0.049463
-3.997062 1.840994 0.050233
-3.900804 1.669316 0.050255
-4.018409 1.525497 0.049436
-3.526947 1.069279 0.049792
-3.695132 1.120896 0.049343
-3.406414 1.411546 0.052811
-3.364996 1.218090 0.052328
-3.610726 1.453932 0.050446
-3.737494 1.312093 0.050111
-4.003146 0.653454 0.047389
-3.840248 0.779141 0.050440
-4.200632 0.914536 0.045854
-4.199037 0.738466 0.055535
-3.855733 0.973864 0.050235
-4.020225 1.024245 0.045771
-3.598481 0.139005 0.051780
-3.443258 0.273768 0.050484
-3.252858 0.226457 0.049998
-3.205378 0.041758 0.051242
-3.575006 5.418744 0.050179
-3.677928 5.575688 0.049994
-3.685385 5.255026 0.048405
-3.881197 5.563340 0.048300
-3.993484 5.410600 0.045645
-3.900593 5.259229 0.051590
-2.970651 6.017800 0.045097
-3.076966 5.909842 0.054042
-2.957982 5.733383 0.043086
-3.292230 7.537072 0.049247
-3.143318 7.392987 0.047922
-3.386521 8.042838 0.046049
-3.412399 7.865111 0.048267
-3.204615 8.072575 0.047986
-3.259027 7.717331 0.047263
-1.800056 -8.607304 0.048989
-1.958532 -8.711971 0.048602
-2.115977 -8.612457 0.048409
-0.739335 -7.982278 0.045826
-0.661017 -8.124543 0.047334
-1.019239 -8.282943 0.050322
-0.853428 -8.394916 0.052681
-0.706287 -8.317156 0.044822
-1.547155 -7.768174 0.048589
-1.391786 -7.662481 0.051029
-1.529104 -7.977525 0.048618
-1.359059 -8.081282 0.049822
-0.931846 -7.745559 0.044070
-1.075388 -7.654602 0.051624
-1.234173 -7.766428 0.047568
-1.219496 -7.975877 0.047832
-0.916171 -7.957836 0.047262
-1.045037 -8.076329 0.050144
-0.849735 -7.145352 0.055084
-1.242644 -7.145796 0.053609
-0.896158 -7.345567 0.049312
-1.067735 -7.446031 0.048082
-1.230184 -7.353306 0.051699
-2.981615 -8.449930 0.045048
-3.000661 -8.278827 0.047959
-2.795006 -8.489976 0.047843
-2.628107 -8.364770 0.046305
-2.160098 -8.010336 0.048687
-2.311582 -8.126662 0.048726
-2.291888 -8.321729 0.048429
-2.122329 -8.410128 0.048423
-2.270133 -7.239813 0.050399
-2.514517 -7.017221 0.049116
-2.467711 -7.198416 0.048605
-2.370070 -6.873501 0.050478
-3.284127 -4.271267 0.051400
-3.389433 -4.111423 0.050895
-3.284143 -3.945303 0.051633
-3.069947 -4.260537 0.053421
-3.386755 -3.787208 0.050122
-3.272731 -3.617658 0.053618
-3.360415 -3.469040 0.045893
-3.595179 -3.786343 0.050224
-3.573291 -3.465625 0.049946
-3.694033 -3.613379 0.053058
-2.961082 -4.106135 0.045194
-2.960557 -3.815033 0.044119
-3.069972 -3.950744 0.053695
-2.921683 -7.608416 0.048239
-2.958221 -7.428937 0.049730
-3.147436 -7.388807 0.048043
-3.077324 -7.749070 0.048866
-3.262589 -7.713839 0.047367
-3.296163 -7.533055 0.049373
-3.081803 -6.879023 0.049735
-3.040258 -7.064325 0.048776
-2.851428 -7.109563 0.049629
-2.934777 -6.741039 0.049411
-2.745901 -6.788352 0.048969
-2.704097 -6.971573 0.049307
-4.017072 -4.777582 0.051361
-4.222709 -4.464752 0.050906
-4.015670 -4.451085 0.051791
-3.911311 -4.609274 0.051045
-4.225348 -4.798061 0.049903
-4.326626 -4.643421 0.053062
-2.957655 -4.852383 0.040322
-3.378257 -5.086649 0.049951
-3.275965 -4.925151 0.052150
-3.273072 -5.254438 0.051078
-3.064358 -4.959131 0.052789
-3.064792 -5.270811 0.053502
-2.958370 -5.137002 0.043209
-4.630377 -1.465515 0.050787
-4.526680 -1.631531 0.050867
-4.530028 -1.297134 0.051132
-4.330039 -1.294629 0.050300
-4.224386 -1.459615 0.050670
-4.320677 -1.628136 0.051396
-3.068906 -1.544289 0.056036
-3.280148 -1.552125 0.053038
-3.380530 -1.730682 0.051169
-3.774190 -0.530991 0.050646
-3.688460 -0.725286 0.049271
-3.105424 -0.922069 0.045959
-3.468738 -1.073286 0.050517
-3.327131 -1.223947 0.050290
-3.145321 -1.143063 0.048633
-3.949238 -0.922374 0.053025
-3.772548 -0.913401 0.047778
-4.039460 -1.112180 0.048767
-3.932782 -1.276891 0.050703
-3.731342 -1.264521 0.051891
-3.661330 -1.090838 0.048652
-3.060912 -2.583579 0.052517
-3.264574 -2.894768 0.049437
-3.364062 -2.717897 0.046297
-3.272136 -2.562817 0.053824
-3.275438 -1.891514 0.052848
-3.377558 -2.065083 0.051197
-3.274524 -2.228963 0.052912
-2.551198 0.390669 0.050149
-2.393854 0.524822 0.050477
-2.202043 0.481440 0.047182
-2.165040 0.295184 0.052539
-4.311446 2.016765 0.051192
-4.205180 2.173469 0.050537
-4.310132 2.337750 0.050911
-4.522296 2.020683 0.050471
-4.626628 2.183424 0.051233
-4.520730 2.343787 0.051066
-3.685960 2.619300 0.051801
-3.891458 2.643760 0.052554
-3.995799 2.484348 0.050449
-3.890835 2.312755 0.051600
-3.682395 2.288610 0.051244
-3.581861 2.435742 0.050181
-4.219714 2.817390 0.049229
-4.006146 2.811248 0.052082
-3.931759 2.971994 0.049715
-4.329292 2.987453 0.049850
-4.046439 3.146510 0.046125
-4.230404 3.155827 0.053074
-2.095582 -0.094246 0.053755
-1.935316 0.041605 0.048454
-1.747964 -0.033914 0.051253
-2.954143 -2.753330 0.043931
-2.963403 -3.057289 0.045454
-3.065879 -2.909439 0.056945
-2.951814 -3.526308 0.039342
-2.951814 -3.352537 0.038970
-1.242768 0.248062 0.052546
-1.439251 0.345708 0.051699
-1.608632 0.253918 0.050877
-1.584077 0.064913 0.052505
-0.732377 0.339949 0.049158
-0.882983 0.242303 0.053869
-0.532149 0.235462 0.054641
-0.482525 0.041279 0.049293
-0.430812 -0.340850 0.044896
-1.726926 -0.235458 0.052625
-2.954193 7.432670 0.049634
-2.804804 7.294552 0.048275
-2.610737 7.337113 0.050009
-2.571643 7.516102 0.049109
-2.859735 7.968244 0.048467
-3.045239 7.929821 0.047201
-3.073773 7.752305 0.048749
-2.917852 7.611729 0.048132
-2.699784 7.831598 0.048230
-2.729367 7.652599 0.048855
-1.114074 -7.038306 0.039552
-0.948693 -7.038306 0.037330
-2.862796 -7.965816 0.048574
-2.837560 -8.142700 0.046977
-2.651615 -8.188598 0.048676
-2.703184 -7.829202 0.048315
-2.517911 -7.877512 0.048788
-2.491578 -8.060024 0.047907
-1.969987 -8.301880 0.048867
-1.654035 -8.293186 0.049153
-1.805159 -8.399542 0.049076
-1.672487 -8.084389 0.049662
-1.841685 -7.986019 0.048658
-1.988062 -8.097155 0.049300
-1.553935 -7.148529 0.054211
-1.680043 -7.041039 0.039833
-1.894472 -7.367170 0.050532
-1.724034 -7.460339 0.050099
-1.564048 -7.356460 0.051260
-2.136660 -7.092312 0.049849
-1.940440 -7.155800 0.056405
-1.843367 -7.041039 0.038101
-2.189791 -6.907194 0.046055
-3.559503 -0.042616 0.050031
-3.712583 -0.182783 0.053016
-3.659336 -0.363874 0.049975
-3.456019 -0.395480 0.050606
-3.306565 -0.264325 0.048363
-3.356801 -0.092552 0.051516
-3.521040 -0.731668 0.046347
-3.231033 -0.831898 0.047428
-3.412536 -0.902232 0.045382
-3.223669 -0.625497 0.044623
-3.403453 -0.568980 0.048335
-2.507453 0.213224 0.049479
-2.631357 -0.084291 0.045741
-2.666690 0.081384 0.051277
-2.313107 0.161121 0.048646
-2.281128 -0.035189 0.053521
-2.440141 -0.148762 0.047831
-1.393090 -0.034331 0.051127
-1.221162 0.057029 0.052132
-0.652958 -0.047983 0.054495
-0.617377 -0.241265 0.057647
-0.853188 0.048555 0.051806
-1.027798 -0.042427 0.052864
-1.053038 -0.238115 0.056860
-1.563968 -0.335672 0.046904
-1.394019 -0.233372 0.055372
-1.247330 -0.337700 0.045039
-1.878511 -0.339786 0.045335
-2.162515 -0.439527 0.042987
-2.059815 -0.274094 0.047506
-2.958435 -2.456502 0.042888
-3.064585 -2.268371 0.054560
-2.957816 -2.168157 0.040811
-2.959485 -1.697471 0.045149
-3.065635 -1.866139 0.055075
-2.957816 -1.993679 0.042533
-0.935196 -0.340415 0.040353
-0.752800 -0.340415 0.041385
