5.120556 7.150147 0.001612
5.011397 7.259306 0.001612
4.902239 7.368464 0.001612
4.793080 7.477623 0.001612
4.683922 7.586781 0.001612
4.574763 7.695940 0.001612
4.465605 7.805098 0.001612
4.356446 7.914257 0.001612
4.247288 8.023415 0.001612
4.138129 8.132574 0.001612
4.028971 8.241732 0.001612
3.919812 8.350891 0.001612
3.810654 8.460049 0.001612
3.701495 8.569208 0.001612
3.592337 8.678366 0.001612
3.483178 8.787525 0.001612
3.374020 8.896683 0.001612
3.264861 9.005842 0.001612
3.155703 9.115000 0.001612
3.005431 9.115000 0.001612
2.855160 9.115000 0.001612
2.704888 9.115000 0.001612
2.554617 9.115000 0.001612
2.404345 9.115000 0.001612
2.254073 9.115000 0.001612
2.103802 9.115000 0.001612
1.953530 9.115000 0.001612
1.803259 9.115000 0.001612
1.652987 9.115000 0.001612
1.502716 9.115000 0.001612
1.352444 9.115000 0.001612
1.202172 9.115000 0.001612
1.051901 9.115000 0.001612
0.901629 9.115000 0.001612
0.751358 9.115000 0.001612
0.601086 9.115000 0.001612
0.450815 9.115000 0.001612
0.300543 9.115000 0.001612
0.150272 9.115000 0.001612
0.000000 9.115000 0.001612
-0.150272 9.115000 0.001612
-0.300543 9.115000 0.001612
-0.450815 9.115000 0.001612
-0.601086 9.115000 0.001612
-0.751358 9.115000 0.001612
-0.901629 9.115000 0.001612
-1.051901 9.115000 0.001612
-1.202172 9.115000 0.001612
-1.352444 9.115000 0.001612
-1.502716 9.115000 0.001612
-1.652987 9.115000 0.001612
-1.803259 9.115000 0.001612
-1.953530 9.115000 0.001612
-2.103802 9.115000 0.001612
-2.254073 9.115000 0.001612
-2.404345 9.115000 0.001612
-2.554617 9.115000 0.001612
-2.704888 9.115000 0.001612
-2.855160 9.115000 0.001612
-3.005431 9.115000 0.001612
-3.155703 9.115000 0.001612
-3.264861 9.005842 0.001612
-3.374020 8.896683 0.001612
-3.483178 8.787525 0.001612
-3.592337 8.678366 0.001612
-3.701495 8.569208 0.001612
-3.810654 8.460049 0.001612
-3.919812 8.350891 0.001612
-4.028971 8.241732 0.001612
-4.138129 8.132574 0.001612
-4.247288 8.023415 0.001612
-4.356446 7.914257 0.001612
-4.465605 7.805098 0.001612
-4.574763 7.695940 0.001612
-4.683922 7.586781 0.001612
-4.793080 7.477623 0.001612
-4.902239 7.368464 0.001612
-5.011397 7.259306 0.001612
-5.120556 7.150147 0.001612
-5.120556 6.999618 0.001612
-5.120556 6.849088 0.001612
-5.120556 6.698559 0.001612
-5.120556 6.548030 0.001612
-5.120556 6.397500 0.001612
-5.120556 6.246971 0.001612
-5.120556 6.096441 0.001612
-5.120556 5.945912 0.001612
-5.120556 5.795382 0.001612
-5.120556 5.644853 0.001612
-5.120556 5.494324 0.001612
-5.120556 5.343794 0.001612
-5.120556 5.193265 0.001612
-5.120556 5.042735 0.001612
-5.120556 4.892206 0.001612
-5.120556 4.741677 0.001612
-5.120556 4.591147 0.001612
-5.120556 4.440618 0.001612
-5.120556 4.290088 0.001612
-5.120556 4.139559 0.001612
-5.120556 3.989029 0.001612
-5.120556 3.838500 0.001612
-5.120556 3.687971 0.001612
-5.120556 3.537441 0.001612
-5.120556 3.386912 0.001612
-5.120556 3.236382 0.001612
-5.120556 3.085853 0.001612
-5.120556 2.935324 0.001612
-5.120556 2.784794 0.001612
-5.120556 2.634265 0.001612
-5.120556 2.483735 0.001612
-5.120556 2.333206 0.001612
-5.120556 2.182677 0.001612
-5.120556 2.032147 0.001612
-5.120556 1.881618 0.001612
-5.120556 1.731088 0.001612
-5.120556 1.580559 0.001612
-5.120556 1.430029 0.001612
-5.120556 1.279500 0.001612
-5.120556 1.128971 0.001612
-5.120556 0.978441 0.001612
-5.120556 0.827912 0.001612
-5.120556 0.677382 0.001612
-5.120556 0.526853 0.001612
-5.120556 0.376324 0.001612
-5.120556 0.225794 0.001612
-5.120556 0.075265 0.001612
-5.120556 -0.075265 0.001612
-5.120556 -0.225794 0.001612
-5.120556 -0.376324 0.001612
-5.120556 -0.526853 0.001612
-5.120556 -0.677382 0.001612
-5.120556 -0.827912 0.001612
-5.120556 -0.978441 0.001612
-5.120556 -1.128971 0.001612
-5.120556 -1.279500 0.001612
-5.120556 -1.430029 0.001612
-5.120556 -1.580559 0.001612
-5.120556 -1.731088 0.001612
-5.120556 -1.881618 0.001612
-5.120556 -2.032147 0.001612
-5.120556 -2.182677 0.001612
-5.120556 -2.333206 0.001612
-5.120556 -2.483735 0.001612
-5.120556 -2.634265 0.001612
-5.120556 -2.784794 0.001612
-5.120556 -2.935324 0.001612
-5.120556 -3.085853 0.001612
-5.120556 -3.236382 0.001612
-5.120556 -3.386912 0.001612
-5.120556 -3.537441 0.001612
-5.120556 -3.687971 0.001612
-5.120556 -3.838500 0.001612
-5.120556 -3.989029 0.001612
-5.120556 -4.139559 0.001612
-5.120556 -4.290088 0.001612
-5.120556 -4.440618 0.001612
-5.120556 -4.591147 0.001612
-5.120556 -4.741677 0.001612
-5.120556 -4.892206 0.001612
-5.120556 -5.042735 0.001612
-5.120556 -5.193265 0.001612
-5.120556 -5.343794 0.001612
-5.120556 -5.494324 0.001612
-5.120556 -5.644853 0.001612
-5.120556 -5.795382 0.001612
-5.120556 -5.945912 0.001612
-5.120556 -6.096441 0.001612
-5.120556 -6.246971 0.001612
-5.120556 -6.397500 0.001612
-5.120556 -6.548030 0.001612
-5.120556 -6.698559 0.001612
-5.120556 -6.849088 0.001612
-5.120556 -6.999618 0.001612
-5.120556 -7.150147 0.001612
-5.011397 -7.259306 0.001612
-4.902239 -7.368464 0.001612
-4.793080 -7.477623 0.001612
-4.683922 -7.586781 0.001612
-4.574763 -7.695940 0.001612
-4.465605 -7.805098 0.001612
-4.356446 -7.914257 0.001612
-4.247288 -8.023415 0.001612
-4.138129 -8.132574 0.001612
-4.028971 -8.241732 0.001612
-3.919812 -8.350891 0.001612
-3.810654 -8.460049 0.001612
-3.701495 -8.569208 0.001612
-3.592337 -8.678366 0.001612
-3.483178 -8.787525 0.001612
-3.374020 -8.896683 0.001612
-3.264861 -9.005842 0.001612
-3.155703 -9.115000 0.001612
-3.005431 -9.115000 0.001612
-2.855160 -9.115000 0.001612
-2.704888 -9.115000 0.001612
-2.554617 -9.115000 0.001612
-2.404345 -9.115000 0.001612
-2.254073 -9.115000 0.001612
-2.103802 -9.115000 0.001612
-1.953530 -9.115000 0.001612
-1.803259 -9.115000 0.001612
-1.652987 -9.115000 0.001612
-1.502716 -9.115000 0.001612
-1.352444 -9.115000 0.001612
-1.202172 -9.115000 0.001612
-1.051901 -9.115000 0.001612
-0.901629 -9.115000 0.001612
-0.751358 -9.115000 0.001612
-0.601086 -9.115000 0.001612
-0.450815 -9.115000 0.001612
-0.300543 -9.115000 0.001612
-0.150272 -9.115000 0.001612
0.000000 -9.115000 0.001612
0.150272 -9.115000 0.001612
0.300543 -9.115000 0.001612
0.450815 -9.115000 0.001612
0.601086 -9.115000 0.001612
0.751358 -9.115000 0.001612
0.901629 -9.115000 0.001612
1.051901 -9.115000 0.001612
1.202172 -9.115000 0.001612
1.352444 -9.115000 0.001612
1.502716 -9.115000 0.001612
1.652987 -9.115000 0.001612
1.803259 -9.115000 0.001612
1.953530 -9.115000 0.001612
2.103802 -9.115000 0.001612
2.254073 -9.115000 0.001612
2.404345 -9.115000 0.001612
2.554617 -9.115000 0.001612
2.704888 -9.115000 0.001612
2.855160 -9.115000 0.001612
3.005431 -9.115000 0.001612
3.155703 -9.115000 0.001612
3.264861 -9.005842 0.001612
3.374020 -8.896683 0.001612
3.483178 -8.787525 0.001612
3.592337 -8.678366 0.001612
3.701495 -8.569208 0.001612
3.810654 -8.460049 0.001612
3.919812 -8.350891 0.001612
4.028971 -8.241732 0.001612
4.138129 -8.132574 0.001612
4.247288 -8.023415 0.001612
4.356446 -7.914257 0.001612
4.465605 -7.805098 0.001612
4.574763 -7.695940 0.001612
4.683922 -7.586781 0.001612
4.793080 -7.477623 0.001612
4.902239 -7.368464 0.001612
5.011397 -7.259306 0.001612
5.120556 -7.150147 0.001612
5.120556 -6.999618 0.001612
5.120556 -6.849088 0.001612
5.120556 -6.698559 0.001612
5.120556 -6.548030 0.001612
5.120556 -6.397500 0.001612
5.120556 -6.246971 0.001612
5.120556 -6.096441 0.001612
5.120556 -5.945912 0.001612
5.120556 -5.795382 0.001612
5.120556 -5.644853 0.001612
5.120556 -5.494324 0.001612
5.120556 -5.343794 0.001612
5.120556 -5.193265 0.001612
5.120556 -5.042735 0.001612
5.120556 -4.892206 0.001612
5.120556 -4.741677 0.001612
5.120556 -4.591147 0.001612
5.120556 -4.440618 0.001612
5.120556 -4.290088 0.001612
5.120556 -4.139559 0.001612
5.120556 -3.989029 0.001612
5.120556 -3.838500 0.001612
5.120556 -3.687971 0.001612
5.120556 -3.537441 0.001612
5.120556 -3.386912 0.001612
5.120556 -3.236382 0.001612
5.120556 -3.085853 0.001612
5.120556 -2.935324 0.001612
5.120556 -2.784794 0.001612
5.120556 -2.634265 0.001612
5.120556 -2.483735 0.001612
5.120556 -2.333206 0.001612
5.120556 -2.182677 0.001612
5.120556 -2.032147 0.001612
5.120556 -1.881618 0.001612
5.120556 -1.731088 0.001612
5.120556 -1.580559 0.001612
5.120556 -1.430029 0.001612
5.120556 -1.279500 0.001612
5.120556 -1.128971 0.001612
5.120556 -0.978441 0.001612
5.120556 -0.827912 0.001612
5.120556 -0.677382 0.001612
5.120556 -0.526853 0.001612
5.120556 -0.376324 0.001612
5.120556 -0.225794 0.001612
5.120556 -0.075265 0.001612
5.120556 0.075265 0.001612
5.120556 0.225794 0.001612
5.120556 0.376324 0.001612
5.120556 0.526853 0.001612
5.120556 0.677382 0.001612
5.120556 0.827912 0.001612
5.120556 0.978441 0.001612
5.120556 1.128971 0.001612
5.120556 1.279500 0.001612
5.120556 1.430029 0.001612
5.120556 1.580559 0.001612
5.120556 1.731088 0.001612
5.120556 1.881618 0.001612
5.120556 2.032147 0.001612
5.120556 2.182677 0.001612
5.120556 2.333206 0.001612
5.120556 2.483735 0.001612
5.120556 2.634265 0.001612
5.120556 2.784794 0.001612
5.120556 2.935324 0.001612
5.120556 3.085853 0.001612
5.120556 3.236382 0.001612
5.120556 3.386912 0.001612
5.120556 3.537441 0.001612
5.120556 3.687971 0.001612
5.120556 3.838500 0.001612
5.120556 3.989029 0.001612
5.120556 4.139559 0.001612
5.120556 4.290088 0.001612
5.120556 4.440618 0.001612
5.120556 4.591147 0.001612
5.120556 4.741677 0.001612
5.120556 4.892206 0.001612
5.120556 5.042735 0.001612
5.120556 5.193265 0.001612
5.120556 5.343794 0.001612
5.120556 5.494324 0.001612
5.120556 5.644853 0.001612
5.120556 5.795382 0.001612
5.120556 5.945912 0.001612
5.120556 6.096441 0.001612
5.120556 6.246971 0.001612
5.120556 6.397500 0.001612
5.120556 6.548030 0.001612
5.120556 6.698559 0.001612
5.120556 6.849088 0.001612
5.120556 6.999618 0.001612
3.240556 6.399853 0.000804
3.121249 6.519160 0.000804
3.001942 6.638466 0.000804
2.882635 6.757773 0.000804
2.763329 6.877080 0.000804
2.644022 6.996387 0.000804
2.524715 7.115693 0.000804
2.405408 7.235000 0.000804
2.255070 7.235000 0.000804
2.104732 7.235000 0.000804
1.954394 7.235000 0.000804
1.804056 7.235000 0.000804
1.653718 7.235000 0.000804
1.503380 7.235000 0.000804
1.353042 7.235000 0.000804
1.202704 7.235000 0.000804
1.052366 7.235000 0.000804
0.902028 7.235000 0.000804
0.751690 7.235000 0.000804
0.601352 7.235000 0.000804
0.451014 7.235000 0.000804
0.300676 7.235000 0.000804
0.150338 7.235000 0.000804
0.000000 7.235000 0.000804
-0.150338 7.235000 0.000804
-0.300676 7.235000 0.000804
-0.451014 7.235000 0.000804
-0.601352 7.235000 0.000804
-0.751690 7.235000 0.000804
-0.902028 7.235000 0.000804
-1.052366 7.235000 0.000804
-1.202704 7.235000 0.000804
-1.353042 7.235000 0.000804
-1.503380 7.235000 0.000804
-1.653718 7.235000 0.000804
-1.804056 7.235000 0.000804
-1.954394 7.235000 0.000804
-2.104732 7.235000 0.000804
-2.255070 7.235000 0.000804
-2.405408 7.235000 0.000804
-2.524715 7.115693 0.000804
-2.644022 6.996387 0.000804
-2.763329 6.877080 0.000804
-2.882635 6.757773 0.000804
-3.001942 6.638466 0.000804
-3.121249 6.519160 0.000804
-3.240556 6.399853 0.000804
-3.240556 6.249126 0.000804
-3.240556 6.098400 0.000804
-3.240556 5.947673 0.000804
-3.240556 5.796946 0.000804
-3.240556 5.646220 0.000804
-3.240556 5.495493 0.000804
-3.240556 5.344766 0.000804
-3.240556 5.194040 0.000804
-3.240556 5.043313 0.000804
-3.240556 4.892586 0.000804
-3.240556 4.741860 0.000804
-3.240556 4.591133 0.000804
-3.240556 4.440407 0.000804
-3.240556 4.289680 0.000804
-3.240556 4.138953 0.000804
-3.240556 3.988227 0.000804
-3.240556 3.837500 0.000804
-3.240556 3.686773 0.000804
-3.240556 3.536047 0.000804
-3.240556 3.385320 0.000804
-3.240556 3.234593 0.000804
-3.240556 3.083867 0.000804
-3.240556 2.933140 0.000804
-3.240556 2.782414 0.000804
-3.240556 2.631687 0.000804
-3.240556 2.480960 0.000804
-3.240556 2.330234 0.000804
-3.240556 2.179507 0.000804
-3.240556 2.028780 0.000804
-3.240556 1.878054 0.000804
-3.240556 1.727327 0.000804
-3.240556 1.576600 0.000804
-3.240556 1.425874 0.000804
-3.240556 1.275147 0.000804
-3.121249 1.155840 0.000804
-3.001942 1.036534 0.000804
-2.882635 0.917227 0.000804
-2.763329 0.797920 0.000804
-2.644022 0.678613 0.000804
-2.524715 0.559307 0.000804
-2.405408 0.440000 0.000804
-2.255070 0.440000 0.000804
-2.104732 0.440000 0.000804
-1.954394 0.440000 0.000804
-1.804056 0.440000 0.000804
-1.653718 0.440000 0.000804
-1.503380 0.440000 0.000804
-1.353042 0.440000 0.000804
-1.202704 0.440000 0.000804
-1.052366 0.440000 0.000804
-0.902028 0.440000 0.000804
-0.751690 0.440000 0.000804
-0.601352 0.440000 0.000804
-0.451014 0.440000 0.000804
-0.300676 0.440000 0.000804
-0.150338 0.440000 0.000804
0.000000 0.440000 0.000804
0.150338 0.440000 0.000804
0.300676 0.440000 0.000804
0.451014 0.440000 0.000804
0.601352 0.440000 0.000804
0.751690 0.440000 0.000804
0.902028 0.440000 0.000804
1.052366 0.440000 0.000804
1.202704 0.440000 0.000804
1.353042 0.440000 0.000804
1.503380 0.440000 0.000804
1.653718 0.440000 0.000804
1.804056 0.440000 0.000804
1.954394 0.440000 0.000804
2.104732 0.440000 0.000804
2.255070 0.440000 0.000804
2.405408 0.440000 0.000804
2.524715 0.559307 0.000804
2.644022 0.678613 0.000804
2.763329 0.797920 0.000804
2.882635 0.917227 0.000804
3.001942 1.036534 0.000804
3.121249 1.155840 0.000804
3.240556 1.275147 0.000804
3.240556 1.425874 0.000804
3.240556 1.576600 0.000804
3.240556 1.727327 0.000804
3.240556 1.878054 0.000804
3.240556 2.028780 0.000804
3.240556 2.179507 0.000804
3.240556 2.330234 0.000804
3.240556 2.480960 0.000804
3.240556 2.631687 0.000804
3.240556 2.782414 0.000804
3.240556 2.933140 0.000804
3.240556 3.083867 0.000804
3.240556 3.234593 0.000804
3.240556 3.385320 0.000804
3.240556 3.536047 0.000804
3.240556 3.686773 0.000804
3.240556 3.837500 0.000804
3.240556 3.988227 0.000804
3.240556 4.138953 0.000804
3.240556 4.289680 0.000804
3.240556 4.440407 0.000804
3.240556 4.591133 0.000804
3.240556 4.741860 0.000804
3.240556 4.892586 0.000804
3.240556 5.043313 0.000804
3.240556 5.194040 0.000804
3.240556 5.344766 0.000804
3.240556 5.495493 0.000804
3.240556 5.646220 0.000804
3.240556 5.796946 0.000804
3.240556 5.947673 0.000804
3.240556 6.098400 0.000804
3.240556 6.249126 0.000804
3.240556 -1.275147 0.000804
3.121249 -1.155840 0.000804
3.001942 -1.036534 0.000804
2.882635 -0.917227 0.000804
2.763329 -0.797920 0.000804
2.644022 -0.678613 0.000804
2.524715 -0.559307 0.000804
2.405408 -0.440000 0.000804
2.255070 -0.440000 0.000804
2.104732 -0.440000 0.000804
1.954394 -0.440000 0.000804
1.804056 -0.440000 0.000804
1.653718 -0.440000 0.000804
1.503380 -0.440000 0.000804
1.353042 -0.440000 0.000804
1.202704 -0.440000 0.000804
1.052366 -0.440000 0.000804
0.902028 -0.440000 0.000804
0.751690 -0.440000 0.000804
0.601352 -0.440000 0.000804
0.451014 -0.440000 0.000804
0.300676 -0.440000 0.000804
0.150338 -0.440000 0.000804
0.000000 -0.440000 0.000804
-0.150338 -0.440000 0.000804
-0.300676 -0.440000 0.000804
-0.451014 -0.440000 0.000804
-0.601352 -0.440000 0.000804
-0.751690 -0.440000 0.000804
-0.902028 -0.440000 0.000804
-1.052366 -0.440000 0.000804
-1.202704 -0.440000 0.000804
-1.353042 -0.440000 0.000804
-1.503380 -0.440000 0.000804
-1.653718 -0.440000 0.000804
-1.804056 -0.440000 0.000804
-1.954394 -0.440000 0.000804
-2.104732 -0.440000 0.000804
-2.255070 -0.440000 0.000804
-2.405408 -0.440000 0.000804
-2.524715 -0.559307 0.000804
-2.644022 -0.678613 0.000804
-2.763329 -0.797920 0.000804
-2.882635 -0.917227 0.000804
-3.001942 -1.036534 0.000804
-3.121249 -1.155840 0.000804
-3.240556 -1.275147 0.000804
-3.240556 -1.425874 0.000804
-3.240556 -1.576600 0.000804
-3.240556 -1.727327 0.000804
-3.240556 -1.878054 0.000804
-3.240556 -2.028780 0.000804
-3.240556 -2.179507 0.000804
-3.240556 -2.330234 0.000804
-3.240556 -2.480960 0.000804
-3.240556 -2.631687 0.000804
-3.240556 -2.782414 0.000804
-3.240556 -2.933140 0.000804
-3.240556 -3.083867 0.000804
-3.240556 -3.234593 0.000804
-3.240556 -3.385320 0.000804
-3.240556 -3.536047 0.000804
-3.240556 -3.686773 0.000804
-3.240556 -3.837500 0.000804
-3.240556 -3.988227 0.000804
-3.240556 -4.138953 0.000804
-3.240556 -4.289680 0.000804
-3.240556 -4.440407 0.000804
-3.240556 -4.591133 0.000804
-3.240556 -4.741860 0.000804
-3.240556 -4.892586 0.000804
-3.240556 -5.043313 0.000804
-3.240556 -5.194040 0.000804
-3.240556 -5.344766 0.000804
-3.240556 -5.495493 0.000804
-3.240556 -5.646220 0.000804
-3.240556 -5.796946 0.000804
-3.240556 -5.947673 0.000804
-3.240556 -6.098400 0.000804
-3.240556 -6.249126 0.000804
-3.240556 -6.399853 0.000804
-3.121249 -6.519160 0.000804
-3.001942 -6.638466 0.000804
-2.882635 -6.757773 0.000804
-2.763329 -6.877080 0.000804
-2.644022 -6.996387 0.000804
-2.524715 -7.115693 0.000804
-2.405408 -7.235000 0.000804
-2.255070 -7.235000 0.000804
-2.104732 -7.235000 0.000804
-1.954394 -7.235000 0.000804
-1.804056 -7.235000 0.000804
-1.653718 -7.235000 0.000804
-1.503380 -7.235000 0.000804
-1.353042 -7.235000 0.000804
-1.202704 -7.235000 0.000804
-1.052366 -7.235000 0.000804
-0.902028 -7.235000 0.000804
-0.751690 -7.235000 0.000804
-0.601352 -7.235000 0.000804
-0.451014 -7.235000 0.000804
-0.300676 -7.235000 0.000804
-0.150338 -7.235000 0.000804
-0.000000 -7.235000 0.000804
0.150338 -7.235000 0.000804
0.300676 -7.235000 0.000804
0.451014 -7.235000 0.000804
0.601352 -7.235000 0.000804
0.751690 -7.235000 0.000804
0.902028 -7.235000 0.000804
1.052366 -7.235000 0.000804
1.202704 -7.235000 0.000804
1.353042 -7.235000 0.000804
1.503380 -7.235000 0.000804
1.653718 -7.235000 0.000804
1.804056 -7.235000 0.000804
1.954394 -7.235000 0.000804
2.104732 -7.235000 0.000804
2.255070 -7.235000 0.000804
2.405408 -7.235000 0.000804
2.524715 -7.115693 0.000804
2.644022 -6.996387 0.000804
2.763329 -6.877080 0.000804
2.882635 -6.757773 0.000804
3.001942 -6.638466 0.000804
3.121249 -6.519160 0.000804
3.240556 -6.399853 0.000804
3.240556 -6.249126 0.000804
3.240556 -6.098400 0.000804
3.240556 -5.947673 0.000804
3.240556 -5.796946 0.000804
3.240556 -5.646220 0.000804
3.240556 -5.495493 0.000804
3.240556 -5.344766 0.000804
3.240556 -5.194040 0.000804
3.240556 -5.043313 0.000804
3.240556 -4.892586 0.000804
3.240556 -4.741860 0.000804
3.240556 -4.591133 0.000804
3.240556 -4.440407 0.000804
3.240556 -4.289680 0.000804
3.240556 -4.138953 0.000804
3.240556 -3.988227 0.000804
3.240556 -3.837500 0.000804
3.240556 -3.686773 0.000804
3.240556 -3.536047 0.000804
3.240556 -3.385320 0.000804
3.240556 -3.234593 0.000804
3.240556 -3.083867 0.000804
3.240556 -2.933140 0.000804
3.240556 -2.782414 0.000804
3.240556 -2.631687 0.000804
3.240556 -2.480960 0.000804
3.240556 -2.330234 0.000804
3.240556 -2.179507 0.000804
3.240556 -2.028780 0.000804
3.240556 -1.878054 0.000804
3.240556 -1.727327 0.000804
3.240556 -1.576600 0.000804
3.240556 -1.425874 0.000804
