5.315000 7.300147 0.001612
5.205842 7.409306 0.001612
5.096683 7.518464 0.001612
4.987525 7.627623 0.001612
4.878366 7.736781 0.001612
4.769208 7.845940 0.001612
4.660049 7.955098 0.001612
4.550891 8.064257 0.001612
4.441732 8.173415 0.001612
4.332574 8.282574 0.001612
4.223415 8.391732 0.001612
4.114257 8.500891 0.001612
4.005098 8.610049 0.001612
3.895940 8.719208 0.001612
3.786781 8.828366 0.001612
3.677623 8.937525 0.001612
3.568464 9.046683 0.001612
3.459306 9.155842 0.001612
3.350147 9.265000 0.001612
3.197868 9.265000 0.001612
3.045588 9.265000 0.001612
2.893309 9.265000 0.001612
2.741030 9.265000 0.001612
2.588750 9.265000 0.001612
2.436471 9.265000 0.001612
2.284191 9.265000 0.001612
2.131912 9.265000 0.001612
1.979632 9.265000 0.001612
1.827353 9.265000 0.001612
1.675074 9.265000 0.001612
1.522794 9.265000 0.001612
1.370515 9.265000 0.001612
1.218235 9.265000 0.001612
1.065956 9.265000 0.001612
0.913677 9.265000 0.001612
0.761397 9.265000 0.001612
0.609118 9.265000 0.001612
0.456838 9.265000 0.001612
0.304559 9.265000 0.001612
0.152279 9.265000 0.001612
0.000000 9.265000 0.001612
-0.152279 9.265000 0.001612
-0.304559 9.265000 0.001612
-0.456838 9.265000 0.001612
-0.609118 9.265000 0.001612
-0.761397 9.265000 0.001612
-0.913677 9.265000 0.001612
-1.065956 9.265000 0.001612
-1.218235 9.265000 0.001612
-1.370515 9.265000 0.001612
-1.522794 9.265000 0.001612
-1.675074 9.265000 0.001612
-1.827353 9.265000 0.001612
-1.979632 9.265000 0.001612
-2.131912 9.265000 0.001612
-2.284191 9.265000 0.001612
-2.436471 9.265000 0.001612
-2.588750 9.265000 0.001612
-2.741030 9.265000 0.001612
-2.893309 9.265000 0.001612
-3.045588 9.265000 0.001612
-3.197868 9.265000 0.001612
-3.350147 9.265000 0.001612
-3.459306 9.155842 0.001612
-3.568464 9.046683 0.001612
-3.677623 8.937525 0.001612
-3.786781 8.828366 0.001612
-3.895940 8.719208 0.001612
-4.005098 8.610049 0.001612
-4.114257 8.500891 0.001612
-4.223415 8.391732 0.001612
-4.332574 8.282574 0.001612
-4.441732 8.173415 0.001612
-4.550891 8.064257 0.001612
-4.660049 7.955098 0.001612
-4.769208 7.845940 0.001612
-4.878366 7.736781 0.001612
-4.987525 7.627623 0.001612
-5.096683 7.518464 0.001612
-5.205842 7.409306 0.001612
-5.315000 7.300147 0.001612
-5.315000 7.149629 0.001612
-5.315000 6.999110 0.001612
-5.315000 6.848592 0.001612
-5.315000 6.698073 0.001612
-5.315000 6.547555 0.001612
-5.315000 6.397036 0.001612
-5.315000 6.246518 0.001612
-5.315000 6.095999 0.001612
-5.315000 5.945481 0.001612
-5.315000 5.794962 0.001612
-5.315000 5.644444 0.001612
-5.315000 5.493925 0.001612
-5.315000 5.343407 0.001612
-5.315000 5.192888 0.001612
-5.315000 5.042370 0.001612
-5.315000 4.891851 0.001612
-5.315000 4.741333 0.001612
-5.315000 4.590814 0.001612
-5.315000 4.440296 0.001612
-5.315000 4.289777 0.001612
-5.315000 4.139259 0.001612
-5.315000 3.988740 0.001612
-5.315000 3.838222 0.001612
-5.315000 3.687703 0.001612
-5.315000 3.537185 0.001612
-5.315000 3.386666 0.001612
-5.315000 3.236148 0.001612
-5.315000 3.085629 0.001612
-5.315000 2.935111 0.001612
-5.315000 2.784592 0.001612
-5.315000 2.634074 0.001612
-5.315000 2.483555 0.001612
-5.315000 2.333037 0.001612
-5.315000 2.182518 0.001612
-5.315000 2.032000 0.001612
-5.315000 1.881481 0.001612
-5.315000 1.730963 0.001612
-5.315000 1.580444 0.001612
-5.315000 1.429926 0.001612
-5.315000 1.279407 0.001612
-5.315000 1.128889 0.001612
-5.315000 0.978370 0.001612
-5.315000 0.827852 0.001612
-5.315000 0.677333 0.001612
-5.315000 0.526815 0.001612
-5.315000 0.376296 0.001612
-5.315000 0.225778 0.001612
-5.315000 0.075259 0.001612
-5.315000 -0.075259 0.001612
-5.315000 -0.225778 0.001612
-5.315000 -0.376296 0.001612
-5.315000 -0.526815 0.001612
-5.315000 -0.677333 0.001612
-5.315000 -0.827852 0.001612
-5.315000 -0.978370 0.001612
-5.315000 -1.128889 0.001612
-5.315000 -1.279407 0.001612
-5.315000 -1.429926 0.001612
-5.315000 -1.580444 0.001612
-5.315000 -1.730963 0.001612
-5.315000 -1.881481 0.001612
-5.315000 -2.032000 0.001612
-5.315000 -2.182518 0.001612
-5.315000 -2.333037 0.001612
-5.315000 -2.483555 0.001612
-5.315000 -2.634074 0.001612
-5.315000 -2.784592 0.001612
-5.315000 -2.935111 0.001612
-5.315000 -3.085629 0.001612
-5.315000 -3.236148 0.001612
-5.315000 -3.386666 0.001612
-5.315000 -3.537185 0.001612
-5.315000 -3.687703 0.001612
-5.315000 -3.838222 0.001612
-5.315000 -3.988740 0.001612
-5.315000 -4.139259 0.001612
-5.315000 -4.289777 0.001612
-5.315000 -4.440296 0.001612
-5.315000 -4.590814 0.001612
-5.315000 -4.741333 0.001612
-5.315000 -4.891851 0.001612
-5.315000 -5.042370 0.001612
-5.315000 -5.192888 0.001612
-5.315000 -5.343407 0.001612
-5.315000 -5.493925 0.001612
-5.315000 -5.644444 0.001612
-5.315000 -5.794962 0.001612
-5.315000 -5.945481 0.001612
-5.315000 -6.095999 0.001612
-5.315000 -6.246518 0.001612
-5.315000 -6.397036 0.001612
-5.315000 -6.547555 0.001612
-5.315000 -6.698073 0.001612
-5.315000 -6.848592 0.001612
-5.315000 -6.999110 0.001612
-5.315000 -7.149629 0.001612
-5.315000 -7.300147 0.001612
-5.205842 -7.409306 0.001612
-5.096683 -7.518464 0.001612
-4.987525 -7.627623 0.001612
-4.878366 -7.736781 0.001612
-4.769208 -7.845940 0.001612
-4.660049 -7.955098 0.001612
-4.550891 -8.064257 0.001612
-4.441732 -8.173415 0.001612
-4.332574 -8.282574 0.001612
-4.223415 -8.391732 0.001612
-4.114257 -8.500891 0.001612
-4.005098 -8.610049 0.001612
-3.895940 -8.719208 0.001612
-3.786781 -8.828366 0.001612
-3.677623 -8.937525 0.001612
-3.568464 -9.046683 0.001612
-3.459306 -9.155842 0.001612
-3.350147 -9.265000 0.001612
-3.197868 -9.265000 0.001612
-3.045588 -9.265000 0.001612
-2.893309 -9.265000 0.001612
-2.741030 -9.265000 0.001612
-2.588750 -9.265000 0.001612
-2.436471 -9.265000 0.001612
-2.284191 -9.265000 0.001612
-2.131912 -9.265000 0.001612
-1.979632 -9.265000 0.001612
-1.827353 -9.265000 0.001612
-1.675074 -9.265000 0.001612
-1.522794 -9.265000 0.001612
-1.370515 -9.265000 0.001612
-1.218235 -9.265000 0.001612
-1.065956 -9.265000 0.001612
-0.913677 -9.265000 0.001612
-0.761397 -9.265000 0.001612
-0.609118 -9.265000 0.001612
-0.456838 -9.265000 0.001612
-0.304559 -9.265000 0.001612
-0.152279 -9.265000 0.001612
0.000000 -9.265000 0.001612
0.152279 -9.265000 0.001612
0.304559 -9.265000 0.001612
0.456838 -9.265000 0.001612
0.609118 -9.265000 0.001612
0.761397 -9.265000 0.001612
0.913677 -9.265000 0.001612
1.065956 -9.265000 0.001612
1.218235 -9.265000 0.001612
1.370515 -9.265000 0.001612
1.522794 -9.265000 0.001612
1.675074 -9.265000 0.001612
1.827353 -9.265000 0.001612
1.979632 -9.265000 0.001612
2.131912 -9.265000 0.001612
2.284191 -9.265000 0.001612
2.436471 -9.265000 0.001612
2.588750 -9.265000 0.001612
2.741030 -9.265000 0.001612
2.893309 -9.265000 0.001612
3.045588 -9.265000 0.001612
3.197868 -9.265000 0.001612
3.350147 -9.265000 0.001612
3.459306 -9.155842 0.001612
3.568464 -9.046683 0.001612
3.677623 -8.937525 0.001612
3.786781 -8.828366 0.001612
3.895940 -8.719208 0.001612
4.005098 -8.610049 0.001612
4.114257 -8.500891 0.001612
4.223415 -8.391732 0.001612
4.332574 -8.282574 0.001612
4.441732 -8.173415 0.001612
4.550891 -8.064257 0.001612
4.660049 -7.955098 0.001612
4.769208 -7.845940 0.001612
4.878366 -7.736781 0.001612
4.987525 -7.627623 0.001612
5.096683 -7.518464 0.001612
5.205842 -7.409306 0.001612
5.315000 -7.300147 0.001612
5.315000 -7.149629 0.001612
5.315000 -6.999110 0.001612
5.315000 -6.848592 0.001612
5.315000 -6.698073 0.001612
5.315000 -6.547555 0.001612
5.315000 -6.397036 0.001612
5.315000 -6.246518 0.001612
5.315000 -6.095999 0.001612
5.315000 -5.945481 0.001612
5.315000 -5.794962 0.001612
5.315000 -5.644444 0.001612
5.315000 -5.493925 0.001612
5.315000 -5.343407 0.001612
5.315000 -5.192888 0.001612
5.315000 -5.042370 0.001612
5.315000 -4.891851 0.001612
5.315000 -4.741333 0.001612
5.315000 -4.590814 0.001612
5.315000 -4.440296 0.001612
5.315000 -4.289777 0.001612
5.315000 -4.139259 0.001612
5.315000 -3.988740 0.001612
5.315000 -3.838222 0.001612
5.315000 -3.687703 0.001612
5.315000 -3.537185 0.001612
5.315000 -3.386666 0.001612
5.315000 -3.236148 0.001612
5.315000 -3.085629 0.001612
5.315000 -2.935111 0.001612
5.315000 -2.784592 0.001612
5.315000 -2.634074 0.001612
5.315000 -2.483555 0.001612
5.315000 -2.333037 0.001612
5.315000 -2.182518 0.001612
5.315000 -2.032000 0.001612
5.315000 -1.881481 0.001612
5.315000 -1.730963 0.001612
5.315000 -1.580444 0.001612
5.315000 -1.429926 0.001612
5.315000 -1.279407 0.001612
5.315000 -1.128889 0.001612
5.315000 -0.978370 0.001612
5.315000 -0.827852 0.001612
5.315000 -0.677333 0.001612
5.315000 -0.526815 0.001612
5.315000 -0.376296 0.001612
5.315000 -0.225778 0.001612
5.315000 -0.075259 0.001612
5.315000 0.075259 0.001612
5.315000 0.225778 0.001612
5.315000 0.376296 0.001612
5.315000 0.526815 0.001612
5.315000 0.677333 0.001612
5.315000 0.827852 0.001612
5.315000 0.978370 0.001612
5.315000 1.128889 0.001612
5.315000 1.279407 0.001612
5.315000 1.429926 0.001612
5.315000 1.580444 0.001612
5.315000 1.730963 0.001612
5.315000 1.881481 0.001612
5.315000 2.032000 0.001612
5.315000 2.182518 0.001612
5.315000 2.333037 0.001612
5.315000 2.483555 0.001612
5.315000 2.634074 0.001612
5.315000 2.784592 0.001612
5.315000 2.935111 0.001612
5.315000 3.085629 0.001612
5.315000 3.236148 0.001612
5.315000 3.386666 0.001612
5.315000 3.537185 0.001612
5.315000 3.687703 0.001612
5.315000 3.838222 0.001612
5.315000 3.988740 0.001612
5.315000 4.139259 0.001612
5.315000 4.289777 0.001612
5.315000 4.440296 0.001612
5.315000 4.590814 0.001612
5.315000 4.741333 0.001612
5.315000 4.891851 0.001612
5.315000 5.042370 0.001612
5.315000 5.192888 0.001612
5.315000 5.343407 0.001612
5.315000 5.493925 0.001612
5.315000 5.644444 0.001612
5.315000 5.794962 0.001612
5.315000 5.945481 0.001612
5.315000 6.095999 0.001612
5.315000 6.246518 0.001612
5.315000 6.397036 0.001612
5.315000 6.547555 0.001612
5.315000 6.698073 0.001612
5.315000 6.848592 0.001612
5.315000 6.999110 0.001612
5.315000 7.149629 0.001612
3.435000 6.549853 0.000804
3.315693 6.669160 0.000804
3.196387 6.788466 0.000804
3.077080 6.907773 0.000804
2.957773 7.027080 0.000804
2.838466 7.146387 0.000804
2.719160 7.265693 0.000804
2.599853 7.385000 0.000804
2.446920 7.385000 0.000804
2.293988 7.385000 0.000804
2.141055 7.385000 0.000804
1.988123 7.385000 0.000804
1.835190 7.385000 0.000804
1.682258 7.385000 0.000804
1.529325 7.385000 0.000804
1.376393 7.385000 0.000804
1.223460 7.385000 0.000804
1.070528 7.385000 0.000804
0.917595 7.385000 0.000804
0.764663 7.385000 0.000804
0.611730 7.385000 0.000804
0.458798 7.385000 0.000804
0.305865 7.385000 0.000804
0.152933 7.385000 0.000804
-0.000000 7.385000 0.000804
-0.152933 7.385000 0.000804
-0.305865 7.385000 0.000804
-0.458798 7.385000 0.000804
-0.611730 7.385000 0.000804
-0.764663 7.385000 0.000804
-0.917595 7.385000 0.000804
-1.070528 7.385000 0.000804
-1.223460 7.385000 0.000804
-1.376393 7.385000 0.000804
-1.529325 7.385000 0.000804
-1.682258 7.385000 0.000804
-1.835190 7.385000 0.000804
-1.988123 7.385000 0.000804
-2.141055 7.385000 0.000804
-2.293988 7.385000 0.000804
-2.446920 7.385000 0.000804
-2.599853 7.385000 0.000804
-2.719160 7.265693 0.000804
-2.838466 7.146387 0.000804
-2.957773 7.027080 0.000804
-3.077080 6.907773 0.000804
-3.196387 6.788466 0.000804
-3.315693 6.669160 0.000804
-3.435000 6.549853 0.000804
-3.435000 6.399147 0.000804
-3.435000 6.248441 0.000804
-3.435000 6.097735 0.000804
-3.435000 5.947029 0.000804
-3.435000 5.796323 0.000804
-3.435000 5.645618 0.000804
-3.435000 5.494912 0.000804
-3.435000 5.344206 0.000804
-3.435000 5.193500 0.000804
-3.435000 5.042794 0.000804
-3.435000 4.892088 0.000804
-3.435000 4.741382 0.000804
-3.435000 4.590676 0.000804
-3.435000 4.439971 0.000804
-3.435000 4.289265 0.000804
-3.435000 4.138559 0.000804
-3.435000 3.987853 0.000804
-3.435000 3.837147 0.000804
-3.435000 3.686441 0.000804
-3.435000 3.535735 0.000804
-3.435000 3.385029 0.000804
-3.435000 3.234324 0.000804
-3.435000 3.083618 0.000804
-3.435000 2.932912 0.000804
-3.435000 2.782206 0.000804
-3.435000 2.631500 0.000804
-3.435000 2.480794 0.000804
-3.435000 2.330088 0.000804
-3.435000 2.179382 0.000804
-3.435000 2.028677 0.000804
-3.435000 1.877971 0.000804
-3.435000 1.727265 0.000804
-3.435000 1.576559 0.000804
-3.435000 1.425853 0.000804
-3.435000 1.275147 0.000804
-3.315693 1.155840 0.000804
-3.196387 1.036534 0.000804
-3.077080 0.917227 0.000804
-2.957773 0.797920 0.000804
-2.838466 0.678613 0.000804
-2.719160 0.559307 0.000804
-2.599853 0.440000 0.000804
-2.446920 0.440000 0.000804
-2.293988 0.440000 0.000804
-2.141055 0.440000 0.000804
-1.988123 0.440000 0.000804
-1.835190 0.440000 0.000804
-1.682258 0.440000 0.000804
-1.529325 0.440000 0.000804
-1.376393 0.440000 0.000804
-1.223460 0.440000 0.000804
-1.070528 0.440000 0.000804
-0.917595 0.440000 0.000804
-0.764663 0.440000 0.000804
-0.611730 0.440000 0.000804
-0.458798 0.440000 0.000804
-0.305865 0.440000 0.000804
-0.152933 0.440000 0.000804
0.000000 0.440000 0.000804
0.152933 0.440000 0.000804
0.305865 0.440000 0.000804
0.458798 0.440000 0.000804
0.611730 0.440000 0.000804
0.764663 0.440000 0.000804
0.917595 0.440000 0.000804
1.070528 0.440000 0.000804
1.223460 0.440000 0.000804
1.376393 0.440000 0.000804
1.529325 0.440000 0.000804
1.682258 0.440000 0.000804
1.835190 0.440000 0.000804
1.988123 0.440000 0.000804
2.141055 0.440000 0.000804
2.293988 0.440000 0.000804
2.446920 0.440000 0.000804
2.599853 0.440000 0.000804
2.719160 0.559307 0.000804
2.838466 0.678613 0.000804
2.957773 0.797920 0.000804
3.077080 0.917227 0.000804
3.196387 1.036534 0.000804
3.315693 1.155840 0.000804
3.435000 1.275147 0.000804
3.435000 1.425853 0.000804
3.435000 1.576559 0.000804
3.435000 1.727265 0.000804
3.435000 1.877971 0.000804
3.435000 2.028677 0.000804
3.435000 2.179382 0.000804
3.435000 2.330088 0.000804
3.435000 2.480794 0.000804
3.435000 2.631500 0.000804
3.435000 2.782206 0.000804
3.435000 2.932912 0.000804
3.435000 3.083618 0.000804
3.435000 3.234324 0.000804
3.435000 3.385029 0.000804
3.435000 3.535735 0.000804
3.435000 3.686441 0.000804
3.435000 3.837147 0.000804
3.435000 3.987853 0.000804
3.435000 4.138559 0.000804
3.435000 4.289265 0.000804
3.435000 4.439971 0.000804
3.435000 4.590676 0.000804
3.435000 4.741382 0.000804
3.435000 4.892088 0.000804
3.435000 5.042794 0.000804
3.435000 5.193500 0.000804
3.435000 5.344206 0.000804
3.435000 5.494912 0.000804
3.435000 5.645618 0.000804
3.435000 5.796323 0.000804
3.435000 5.947029 0.000804
3.435000 6.097735 0.000804
3.435000 6.248441 0.000804
3.435000 6.399147 0.000804
3.435000 -1.275147 0.000804
3.315693 -1.155840 0.000804
3.196387 -1.036534 0.000804
3.077080 -0.917227 0.000804
2.957773 -0.797920 0.000804
2.838466 -0.678613 0.000804
2.719160 -0.559307 0.000804
2.599853 -0.440000 0.000804
2.446920 -0.440000 0.000804
2.293988 -0.440000 0.000804
2.141055 -0.440000 0.000804
1.988123 -0.440000 0.000804
1.835190 -0.440000 0.000804
1.682258 -0.440000 0.000804
1.529325 -0.440000 0.000804
1.376393 -0.440000 0.000804
1.223460 -0.440000 0.000804
1.070528 -0.440000 0.000804
0.917595 -0.440000 0.000804
0.764663 -0.440000 0.000804
0.611730 -0.440000 0.000804
0.458798 -0.440000 0.000804
0.305865 -0.440000 0.000804
0.152933 -0.440000 0.000804
0.000000 -0.440000 0.000804
-0.152933 -0.440000 0.000804
-0.305865 -0.440000 0.000804
-0.458798 -0.440000 0.000804
-0.611730 -0.440000 0.000804
-0.764663 -0.440000 0.000804
-0.917595 -0.440000 0.000804
-1.070528 -0.440000 0.000804
-1.223460 -0.440000 0.000804
-1.376393 -0.440000 0.000804
-1.529325 -0.440000 0.000804
-1.682258 -0.440000 0.000804
-1.835190 -0.440000 0.000804
-1.988123 -0.440000 0.000804
-2.141055 -0.440000 0.000804
-2.293988 -0.440000 0.000804
-2.446920 -0.440000 0.000804
-2.599853 -0.440000 0.000804
-2.719160 -0.559307 0.000804
-2.838466 -0.678613 0.000804
-2.957773 -0.797920 0.000804
-3.077080 -0.917227 0.000804
-3.196387 -1.036534 0.000804
-3.315693 -1.155840 0.000804
-3.435000 -1.275147 0.000804
-3.435000 -1.425853 0.000804
-3.435000 -1.576559 0.000804
-3.435000 -1.727265 0.000804
-3.435000 -1.877971 0.000804
-3.435000 -2.028677 0.000804
-3.435000 -2.179382 0.000804
-3.435000 -2.330088 0.000804
-3.435000 -2.480794 0.000804
-3.435000 -2.631500 0.000804
-3.435000 -2.782206 0.000804
-3.435000 -2.932912 0.000804
-3.435000 -3.083618 0.000804
-3.435000 -3.234324 0.000804
-3.435000 -3.385029 0.000804
-3.435000 -3.535735 0.000804
-3.435000 -3.686441 0.000804
-3.435000 -3.837147 0.000804
-3.435000 -3.987853 0.000804
-3.435000 -4.138559 0.000804
-3.435000 -4.289265 0.000804
-3.435000 -4.439971 0.000804
-3.435000 -4.590676 0.000804
-3.435000 -4.741382 0.000804
-3.435000 -4.892088 0.000804
-3.435000 -5.042794 0.000804
-3.435000 -5.193500 0.000804
-3.435000 -5.344206 0.000804
-3.435000 -5.494912 0.000804
-3.435000 -5.645618 0.000804
-3.435000 -5.796323 0.000804
-3.435000 -5.947029 0.000804
-3.435000 -6.097735 0.000804
-3.435000 -6.248441 0.000804
-3.435000 -6.399147 0.000804
-3.435000 -6.549853 0.000804
-3.315693 -6.669160 0.000804
-3.196387 -6.788466 0.000804
-3.077080 -6.907773 0.000804
-2.957773 -7.027080 0.000804
-2.838466 -7.146387 0.000804
-2.719160 -7.265693 0.000804
-2.599853 -7.385000 0.000804
-2.446920 -7.385000 0.000804
-2.293988 -7.385000 0.000804
-2.141055 -7.385000 0.000804
-1.988123 -7.385000 0.000804
-1.835190 -7.385000 0.000804
-1.682258 -7.385000 0.000804
-1.529325 -7.385000 0.000804
-1.376393 -7.385000 0.000804
-1.223460 -7.385000 0.000804
-1.070528 -7.385000 0.000804
-0.917595 -7.385000 0.000804
-0.764663 -7.385000 0.000804
-0.611730 -7.385000 0.000804
-0.458798 -7.385000 0.000804
-0.305865 -7.385000 0.000804
-0.152933 -7.385000 0.000804
0.000000 -7.385000 0.000804
0.152933 -7.385000 0.000804
0.305865 -7.385000 0.000804
0.458798 -7.385000 0.000804
0.611730 -7.385000 0.000804
0.764663 -7.385000 0.000804
0.917595 -7.385000 0.000804
1.070528 -7.385000 0.000804
1.223460 -7.385000 0.000804
1.376393 -7.385000 0.000804
1.529325 -7.385000 0.000804
1.682258 -7.385000 0.000804
1.835190 -7.385000 0.000804
1.988123 -7.385000 0.000804
2.141055 -7.385000 0.000804
2.293988 -7.385000 0.000804
2.446920 -7.385000 0.000804
2.599853 -7.385000 0.000804
2.719160 -7.265693 0.000804
2.838466 -7.146387 0.000804
2.957773 -7.027080 0.000804
3.077080 -6.907773 0.000804
3.196387 -6.788466 0.000804
3.315693 -6.669160 0.000804
3.435000 -6.549853 0.000804
3.435000 -6.399147 0.000804
3.435000 -6.248441 0.000804
3.435000 -6.097735 0.000804
3.435000 -5.947029 0.000804
3.435000 -5.796323 0.000804
3.435000 -5.645618 0.000804
3.435000 -5.494912 0.000804
3.435000 -5.344206 0.000804
3.435000 -5.193500 0.000804
3.435000 -5.042794 0.000804
3.435000 -4.892088 0.000804
3.435000 -4.741382 0.000804
3.435000 -4.590676 0.000804
3.435000 -4.439971 0.000804
3.435000 -4.289265 0.000804
3.435000 -4.138559 0.000804
3.435000 -3.987853 0.000804
3.435000 -3.837147 0.000804
3.435000 -3.686441 0.000804
3.435000 -3.535735 0.000804
3.435000 -3.385029 0.000804
3.435000 -3.234324 0.000804
3.435000 -3.083618 0.000804
3.435000 -2.932912 0.000804
3.435000 -2.782206 0.000804
3.435000 -2.631500 0.000804
3.435000 -2.480794 0.000804
3.435000 -2.330088 0.000804
3.435000 -2.179382 0.000804
3.435000 -2.028677 0.000804
3.435000 -1.877971 0.000804
3.435000 -1.727265 0.000804
3.435000 -1.576559 0.000804
3.435000 -1.425853 0.000804
