5.234865 7.422708 0.018690
5.014596 7.642978 0.018690
4.794326 7.863248 0.018690
4.574056 8.083517 0.018690
4.353787 8.303787 0.018690
4.133517 8.524056 0.018690
3.913248 8.744326 0.018690
3.692978 8.964596 0.018690
3.472708 9.184865 0.018690
3.209729 9.295000 0.018341
2.904041 9.295000 0.018341
2.598352 9.295000 0.018341
2.292664 9.295000 0.018341
1.986975 9.295000 0.018341
1.681287 9.295000 0.018341
1.375598 9.295000 0.018341
1.069910 9.295000 0.018341
0.764221 9.295000 0.018341
0.458533 9.295000 0.018341
0.152844 9.295000 0.018341
-0.152844 9.295000 0.018341
-0.458533 9.295000 0.018341
-0.764221 9.295000 0.018341
-1.069910 9.295000 0.018341
-1.375598 9.295000 0.018341
-1.681287 9.295000 0.018341
-1.986975 9.295000 0.018341
-2.292664 9.295000 0.018341
-2.598352 9.295000 0.018341
-2.904041 9.295000 0.018341
-3.209729 9.295000 0.018341
-3.472708 9.184865 0.018690
-3.692978 8.964596 0.018690
-3.913248 8.744326 0.018690
-4.133517 8.524056 0.018690
-4.353787 8.303787 0.018690
-4.574056 8.083517 0.018690
-4.794326 7.863248 0.018690
-5.014596 7.642978 0.018690
-5.234865 7.422708 0.018690
-5.345000 7.160228 0.018281
-5.345000 6.855538 0.018281
-5.345000 6.550847 0.018281
-5.345000 6.246157 0.018281
-5.345000 5.941466 0.018281
-5.345000 5.636775 0.018281
-5.345000 5.332085 0.018281
-5.345000 5.027394 0.018281
-5.345000 4.722704 0.018281
-5.345000 4.418013 0.018281
-5.345000 4.113323 0.018281
-5.345000 3.808632 0.018281
-5.345000 3.503942 0.018281
-5.345000 3.199251 0.018281
-5.345000 2.894560 0.018281
-5.345000 2.589870 0.018281
-5.345000 2.285179 0.018281
-5.345000 1.980489 0.018281
-5.345000 1.675798 0.018281
-5.345000 1.371108 0.018281
-5.345000 1.066417 0.018281
-5.345000 0.761726 0.018281
-5.345000 0.457036 0.018281
-5.345000 0.152345 0.018281
-5.345000 -0.152345 0.018281
-5.345000 -0.457036 0.018281
-5.345000 -0.761726 0.018281
-5.345000 -1.066417 0.018281
-5.345000 -1.371108 0.018281
-5.345000 -1.675798 0.018281
-5.345000 -1.980489 0.018281
-5.345000 -2.285179 0.018281
-5.345000 -2.589870 0.018281
-5.345000 -2.894560 0.018281
-5.345000 -3.199251 0.018281
-5.345000 -3.503942 0.018281
-5.345000 -3.808632 0.018281
-5.345000 -4.113323 0.018281
-5.345000 -4.418013 0.018281
-5.345000 -4.722704 0.018281
-5.345000 -5.027394 0.018281
-5.345000 -5.332085 0.018281
-5.345000 -5.636775 0.018281
-5.345000 -5.941466 0.018281
-5.345000 -6.246157 0.018281
-5.345000 -6.550847 0.018281
-5.345000 -6.855538 0.018281
-5.345000 -7.160228 0.018281
-5.234865 -7.422708 0.018690
-5.014596 -7.642978 0.018690
-4.794326 -7.863248 0.018690
-4.574056 -8.083517 0.018690
-4.353787 -8.303787 0.018690
-4.133517 -8.524056 0.018690
-3.913248 -8.744326 0.018690
-3.692978 -8.964596 0.018690
-3.472708 -9.184865 0.018690
-3.209729 -9.295000 0.018341
-2.904041 -9.295000 0.018341
-2.598352 -9.295000 0.018341
-2.292664 -9.295000 0.018341
-1.986975 -9.295000 0.018341
-1.681287 -9.295000 0.018341
-1.375598 -9.295000 0.018341
-1.069910 -9.295000 0.018341
-0.764221 -9.295000 0.018341
-0.458533 -9.295000 0.018341
-0.152844 -9.295000 0.018341
0.152844 -9.295000 0.018341
0.458533 -9.295000 0.018341
0.764221 -9.295000 0.018341
1.069910 -9.295000 0.018341
1.375598 -9.295000 0.018341
1.681287 -9.295000 0.018341
1.986975 -9.295000 0.018341
2.292664 -9.295000 0.018341
2.598352 -9.295000 0.018341
2.904041 -9.295000 0.018341
3.209729 -9.295000 0.018341
3.472708 -9.184865 0.018690
3.692978 -8.964596 0.018690
3.913248 -8.744326 0.018690
4.133517 -8.524056 0.018690
4.353787 -8.303787 0.018690
4.574056 -8.083517 0.018690
4.794326 -7.863248 0.018690
5.014596 -7.642978 0.018690
5.234865 -7.422708 0.018690
5.345000 -7.160228 0.018281
5.345000 -6.855538 0.018281
5.345000 -6.550847 0.018281
5.345000 -6.246157 0.018281
5.345000 -5.941466 0.018281
5.345000 -5.636775 0.018281
5.345000 -5.332085 0.018281
5.345000 -5.027394 0.018281
5.345000 -4.722704 0.018281
5.345000 -4.418013 0.018281
5.345000 -4.113323 0.018281
5.345000 -3.808632 0.018281
5.345000 -3.503942 0.018281
5.345000 -3.199251 0.018281
5.345000 -2.894560 0.018281
5.345000 -2.589870 0.018281
5.345000 -2.285179 0.018281
5.345000 -1.980489 0.018281
5.345000 -1.675798 0.018281
5.345000 -1.371108 0.018281
5.345000 -1.066417 0.018281
5.345000 -0.761726 0.018281
5.345000 -0.457036 0.018281
5.345000 -0.152345 0.018281
5.345000 0.152345 0.018281
5.345000 0.457036 0.018281
5.345000 0.761726 0.018281
5.345000 1.066417 0.018281
5.345000 1.371108 0.018281
5.345000 1.675798 0.018281
5.345000 1.980489 0.018281
5.345000 2.285179 0.018281
5.345000 2.589870 0.018281
5.345000 2.894560 0.018281
5.345000 3.199251 0.018281
5.345000 3.503942 0.018281
5.345000 3.808632 0.018281
5.345000 4.113323 0.018281
5.345000 4.418013 0.018281
5.345000 4.722704 0.018281
5.345000 5.027394 0.018281
5.345000 5.332085 0.018281
5.345000 5.636775 0.018281
5.345000 5.941466 0.018281
5.345000 6.246157 0.018281
5.345000 6.550847 0.018281
5.345000 6.855538 0.018281
5.345000 7.160228 0.018281
3.268738 6.673689 0.023124
2.996213 6.946213 0.023124
2.723689 7.218738 0.023124
2.435225 7.355000 0.018264
2.130822 7.355000 0.018264
1.826419 7.355000 0.018264
1.522016 7.355000 0.018264
1.217612 7.355000 0.018264
0.913209 7.355000 0.018264
0.608806 7.355000 0.018264
0.304403 7.355000 0.018264
-0.000000 7.355000 0.018264
-0.304403 7.355000 0.018264
-0.608806 7.355000 0.018264
-0.913209 7.355000 0.018264
-1.217612 7.355000 0.018264
-1.522016 7.355000 0.018264
-1.826419 7.355000 0.018264
-2.130822 7.355000 0.018264
-2.435225 7.355000 0.018264
-2.723689 7.218738 0.023124
-2.996213 6.946213 0.023124
-3.268738 6.673689 0.023124
-3.405000 6.383019 0.018529
-3.405000 6.074204 0.018529
-3.405000 5.765389 0.018529
-3.405000 5.456574 0.018529
-3.405000 5.147759 0.018529
-3.405000 4.838945 0.018529
-3.405000 4.530130 0.018529
-3.405000 4.221315 0.018529
-3.405000 3.912500 0.018529
-3.405000 3.603685 0.018529
-3.405000 3.294870 0.018529
-3.405000 2.986055 0.018529
-3.405000 2.677241 0.018529
-3.405000 2.368426 0.018529
-3.405000 2.059611 0.018529
-3.405000 1.750796 0.018529
-3.405000 1.441981 0.018529
-3.268738 1.151311 0.023124
-2.996213 0.878787 0.023124
-2.723689 0.606262 0.023124
-2.435225 0.470000 0.018264
-2.130822 0.470000 0.018264
-1.826419 0.470000 0.018264
-1.522016 0.470000 0.018264
-1.217612 0.470000 0.018264
-0.913209 0.470000 0.018264
-0.608806 0.470000 0.018264
-0.304403 0.470000 0.018264
0.000000 0.470000 0.018264
0.304403 0.470000 0.018264
0.608806 0.470000 0.018264
0.913209 0.470000 0.018264
1.217612 0.470000 0.018264
1.522016 0.470000 0.018264
1.826419 0.470000 0.018264
2.130822 0.470000 0.018264
2.435225 0.470000 0.018264
2.723689 0.606262 0.023124
2.996213 0.878787 0.023124
3.268738 1.151311 0.023124
3.405000 1.441981 0.018529
3.405000 1.750796 0.018529
3.405000 2.059611 0.018529
3.405000 2.368426 0.018529
3.405000 2.677241 0.018529
3.405000 2.986055 0.018529
3.405000 3.294870 0.018529
3.405000 3.603685 0.018529
3.405000 3.912500 0.018529
3.405000 4.221315 0.018529
3.405000 4.530130 0.018529
3.405000 4.838945 0.018529
3.405000 5.147759 0.018529
3.405000 5.456574 0.018529
3.405000 5.765389 0.018529
3.405000 6.074204 0.018529
3.405000 6.383019 0.018529
3.268738 -1.151311 0.023124
2.996213 -0.878787 0.023124
2.723689 -0.606262 0.023124
2.435225 -0.470000 0.018264
2.130822 -0.470000 0.018264
1.826419 -0.470000 0.018264
1.522016 -0.470000 0.018264
1.217612 -0.470000 0.018264
0.913209 -0.470000 0.018264
0.608806 -0.470000 0.018264
0.304403 -0.470000 0.018264
0.000000 -0.470000 0.018264
-0.304403 -0.470000 0.018264
-0.608806 -0.470000 0.018264
-0.913209 -0.470000 0.018264
-1.217612 -0.470000 0.018264
-1.522016 -0.470000 0.018264
-1.826419 -0.470000 0.018264
-2.130822 -0.470000 0.018264
-2.435225 -0.470000 0.018264
-2.723689 -0.606262 0.023124
-2.996213 -0.878787 0.023124
-3.268738 -1.151311 0.023124
-3.405000 -1.441981 0.018529
-3.405000 -1.750796 0.018529
-3.405000 -2.059611 0.018529
-3.405000 -2.368426 0.018529
-3.405000 -2.677241 0.018529
-3.405000 -2.986055 0.018529
-3.405000 -3.294870 0.018529
-3.405000 -3.603685 0.018529
-3.405000 -3.912500 0.018529
-3.405000 -4.221315 0.018529
-3.405000 -4.530130 0.018529
-3.405000 -4.838945 0.018529
-3.405000 -5.147759 0.018529
-3.405000 -5.456574 0.018529
-3.405000 -5.765389 0.018529
-3.405000 -6.074204 0.018529
-3.405000 -6.383019 0.018529
-3.268738 -6.673689 0.023124
-2.996213 -6.946213 0.023124
-2.723689 -7.218738 0.023124
-2.435225 -7.355000 0.018264
-2.130822 -7.355000 0.018264
-1.826419 -7.355000 0.018264
-1.522016 -7.355000 0.018264
-1.217612 -7.355000 0.018264
-0.913209 -7.355000 0.018264
-0.608806 -7.355000 0.018264
-0.304403 -7.355000 0.018264
0.000000 -7.355000 0.018264
0.304403 -7.355000 0.018264
0.608806 -7.355000 0.018264
0.913209 -7.355000 0.018264
1.217612 -7.355000 0.018264
1.522016 -7.355000 0.018264
1.826419 -7.355000 0.018264
2.130822 -7.355000 0.018264
2.435225 -7.355000 0.018264
2.723689 -7.218738 0.023124
2.996213 -6.946213 0.023124
3.268738 -6.673689 0.023124
3.405000 -6.383019 0.018529
3.405000 -6.074204 0.018529
3.405000 -5.765389 0.018529
3.405000 -5.456574 0.018529
3.405000 -5.147759 0.018529
3.405000 -4.838945 0.018529
3.405000 -4.530130 0.018529
3.405000 -4.221315 0.018529
3.405000 -3.912500 0.018529
3.405000 -3.603685 0.018529
3.405000 -3.294870 0.018529
3.405000 -2.986055 0.018529
3.405000 -2.677241 0.018529
3.405000 -2.368426 0.018529
3.405000 -2.059611 0.018529
3.405000 -1.750796 0.018529
3.405000 -1.441981 0.018529
