4.457087 6.822708 0.018690
4.236818 7.042978 0.018690
4.016548 7.263248 0.018690
3.796279 7.483517 0.018690
3.576009 7.703787 0.018690
3.355739 7.924056 0.018690
3.135470 8.144326 0.018690
2.915200 8.364596 0.018690
2.694931 8.584865 0.018690
2.432749 8.695000 0.018246
2.128655 8.695000 0.018246
1.824562 8.695000 0.018246
1.520468 8.695000 0.018246
1.216375 8.695000 0.018246
0.912281 8.695000 0.018246
0.608187 8.695000 0.018246
0.304094 8.695000 0.018246
0.000000 8.695000 0.018246
-0.304094 8.695000 0.018246
-0.608187 8.695000 0.018246
-0.912281 8.695000 0.018246
-1.216375 8.695000 0.018246
-1.520468 8.695000 0.018246
-1.824562 8.695000 0.018246
-2.128655 8.695000 0.018246
-2.432749 8.695000 0.018246
-2.694931 8.584865 0.018690
-2.915200 8.364596 0.018690
-3.135470 8.144326 0.018690
-3.355739 7.924056 0.018690
-3.576009 7.703787 0.018690
-3.796279 7.483517 0.018690
-4.016548 7.263248 0.018690
-4.236818 7.042978 0.018690
-4.457087 6.822708 0.018690
-4.567222 6.560015 0.018307
-4.567222 6.254898 0.018307
-4.567222 5.949781 0.018307
-4.567222 5.644664 0.018307
-4.567222 5.339547 0.018307
-4.567222 5.034430 0.018307
-4.567222 4.729313 0.018307
-4.567222 4.424196 0.018307
-4.567222 4.119079 0.018307
-4.567222 3.813962 0.018307
-4.567222 3.508845 0.018307
-4.567222 3.203728 0.018307
-4.567222 2.898611 0.018307
-4.567222 2.593494 0.018307
-4.567222 2.288377 0.018307
-4.567222 1.983260 0.018307
-4.567222 1.678143 0.018307
-4.567222 1.373026 0.018307
-4.567222 1.067909 0.018307
-4.567222 0.762792 0.018307
-4.567222 0.457675 0.018307
-4.567222 0.152558 0.018307
-4.567222 -0.152558 0.018307
-4.567222 -0.457675 0.018307
-4.567222 -0.762792 0.018307
-4.567222 -1.067909 0.018307
-4.567222 -1.373026 0.018307
-4.567222 -1.678143 0.018307
-4.567222 -1.983260 0.018307
-4.567222 -2.288377 0.018307
-4.567222 -2.593494 0.018307
-4.567222 -2.898611 0.018307
-4.567222 -3.203728 0.018307
-4.567222 -3.508845 0.018307
-4.567222 -3.813962 0.018307
-4.567222 -4.119079 0.018307
-4.567222 -4.424196 0.018307
-4.567222 -4.729313 0.018307
-4.567222 -5.034430 0.018307
-4.567222 -5.339547 0.018307
-4.567222 -5.644664 0.018307
-4.567222 -5.949781 0.018307
-4.567222 -6.254898 0.018307
-4.567222 -6.560015 0.018307
-4.457087 -6.822708 0.018690
-4.236818 -7.042978 0.018690
-4.016548 -7.263248 0.018690
-3.796279 -7.483517 0.018690
-3.576009 -7.703787 0.018690
-3.355739 -7.924056 0.018690
-3.135470 -8.144326 0.018690
-2.915200 -8.364596 0.018690
-2.694931 -8.584865 0.018690
-2.432749 -8.695000 0.018246
-2.128655 -8.695000 0.018246
-1.824562 -8.695000 0.018246
-1.520468 -8.695000 0.018246
-1.216375 -8.695000 0.018246
-0.912281 -8.695000 0.018246
-0.608187 -8.695000 0.018246
-0.304094 -8.695000 0.018246
0.000000 -8.695000 0.018246
0.304094 -8.695000 0.018246
0.608187 -8.695000 0.018246
0.912281 -8.695000 0.018246
1.216375 -8.695000 0.018246
1.520468 -8.695000 0.018246
1.824562 -8.695000 0.018246
2.128655 -8.695000 0.018246
2.432749 -8.695000 0.018246
2.694931 -8.584865 0.018690
2.915200 -8.364596 0.018690
3.135470 -8.144326 0.018690
3.355739 -7.924056 0.018690
3.576009 -7.703787 0.018690
3.796279 -7.483517 0.018690
4.016548 -7.263248 0.018690
4.236818 -7.042978 0.018690
4.457087 -6.822708 0.018690
4.567222 -6.560015 0.018307
4.567222 -6.254898 0.018307
4.567222 -5.949781 0.018307
4.567222 -5.644664 0.018307
4.567222 -5.339547 0.018307
4.567222 -5.034430 0.018307
4.567222 -4.729313 0.018307
4.567222 -4.424196 0.018307
4.567222 -4.119079 0.018307
4.567222 -3.813962 0.018307
4.567222 -3.508845 0.018307
4.567222 -3.203728 0.018307
4.567222 -2.898611 0.018307
4.567222 -2.593494 0.018307
4.567222 -2.288377 0.018307
4.567222 -1.983260 0.018307
4.567222 -1.678143 0.018307
4.567222 -1.373026 0.018307
4.567222 -1.067909 0.018307
4.567222 -0.762792 0.018307
4.567222 -0.457675 0.018307
4.567222 -0.152558 0.018307
4.567222 0.152558 0.018307
4.567222 0.457675 0.018307
4.567222 0.762792 0.018307
4.567222 1.067909 0.018307
4.567222 1.373026 0.018307
4.567222 1.678143 0.018307
4.567222 1.983260 0.018307
4.567222 2.288377 0.018307
4.567222 2.593494 0.018307
4.567222 2.898611 0.018307
4.567222 3.203728 0.018307
4.567222 3.508845 0.018307
4.567222 3.813962 0.018307
4.567222 4.119079 0.018307
4.567222 4.424196 0.018307
4.567222 4.729313 0.018307
4.567222 5.034430 0.018307
4.567222 5.339547 0.018307
4.567222 5.644664 0.018307
4.567222 5.949781 0.018307
4.567222 6.254898 0.018307
4.567222 6.560015 0.018307
2.490960 6.073689 0.023124
2.218435 6.346213 0.023124
1.945911 6.618738 0.023124
1.645135 6.755000 0.019742
1.316108 6.755000 0.019742
0.987081 6.755000 0.019742
0.658054 6.755000 0.019742
0.329027 6.755000 0.019742
0.000000 6.755000 0.019742
-0.329027 6.755000 0.019742
-0.658054 6.755000 0.019742
-0.987081 6.755000 0.019742
-1.316108 6.755000 0.019742
-1.645135 6.755000 0.019742
-1.945911 6.618738 0.023124
-2.218435 6.346213 0.023124
-2.490960 6.073689 0.023124
-2.627222 5.782431 0.018599
-2.627222 5.472441 0.018599
-2.627222 5.162451 0.018599
-2.627222 4.852461 0.018599
-2.627222 4.542471 0.018599
-2.627222 4.232480 0.018599
-2.627222 3.922490 0.018599
-2.627222 3.612500 0.018599
-2.627222 3.302510 0.018599
-2.627222 2.992520 0.018599
-2.627222 2.682529 0.018599
-2.627222 2.372539 0.018599
-2.627222 2.062549 0.018599
-2.627222 1.752559 0.018599
-2.627222 1.442569 0.018599
-2.490960 1.151311 0.023124
-2.218435 0.878787 0.023124
-1.945911 0.606262 0.023124
-1.645135 0.470000 0.019742
-1.316108 0.470000 0.019742
-0.987081 0.470000 0.019742
-0.658054 0.470000 0.019742
-0.329027 0.470000 0.019742
0.000000 0.470000 0.019742
0.329027 0.470000 0.019742
0.658054 0.470000 0.019742
0.987081 0.470000 0.019742
1.316108 0.470000 0.019742
1.645135 0.470000 0.019742
1.945911 0.606262 0.023124
2.218435 0.878787 0.023124
2.490960 1.151311 0.023124
2.627222 1.442569 0.018599
2.627222 1.752559 0.018599
2.627222 2.062549 0.018599
2.627222 2.372539 0.018599
2.627222 2.682529 0.018599
2.627222 2.992520 0.018599
2.627222 3.302510 0.018599
2.627222 3.612500 0.018599
2.627222 3.922490 0.018599
2.627222 4.232480 0.018599
2.627222 4.542471 0.018599
2.627222 4.852461 0.018599
2.627222 5.162451 0.018599
2.627222 5.472441 0.018599
2.627222 5.782431 0.018599
2.490960 -1.151311 0.023124
2.218435 -0.878787 0.023124
1.945911 -0.606262 0.023124
1.645135 -0.470000 0.019742
1.316108 -0.470000 0.019742
0.987081 -0.470000 0.019742
0.658054 -0.470000 0.019742
0.329027 -0.470000 0.019742
0.000000 -0.470000 0.019742
-0.329027 -0.470000 0.019742
-0.658054 -0.470000 0.019742
-0.987081 -0.470000 0.019742
-1.316108 -0.470000 0.019742
-1.645135 -0.470000 0.019742
-1.945911 -0.606262 0.023124
-2.218435 -0.878787 0.023124
-2.490960 -1.151311 0.023124
-2.627222 -1.442569 0.018599
-2.627222 -1.752559 0.018599
-2.627222 -2.062549 0.018599
-2.627222 -2.372539 0.018599
-2.627222 -2.682529 0.018599
-2.627222 -2.992520 0.018599
-2.627222 -3.302510 0.018599
-2.627222 -3.612500 0.018599
-2.627222 -3.922490 0.018599
-2.627222 -4.232480 0.018599
-2.627222 -4.542471 0.018599
-2.627222 -4.852461 0.018599
-2.627222 -5.162451 0.018599
-2.627222 -5.472441 0.018599
-2.627222 -5.782431 0.018599
-2.490960 -6.073689 0.023124
-2.218435 -6.346213 0.023124
-1.945911 -6.618738 0.023124
-1.645135 -6.755000 0.019742
-1.316108 -6.755000 0.019742
-0.987081 -6.755000 0.019742
-0.658054 -6.755000 0.019742
-0.329027 -6.755000 0.019742
0.000000 -6.755000 0.019742
0.329027 -6.755000 0.019742
0.658054 -6.755000 0.019742
0.987081 -6.755000 0.019742
1.316108 -6.755000 0.019742
1.645135 -6.755000 0.019742
1.945911 -6.618738 0.023124
2.218435 -6.346213 0.023124
2.490960 -6.073689 0.023124
2.627222 -5.782431 0.018599
2.627222 -5.472441 0.018599
2.627222 -5.162451 0.018599
2.627222 -4.852461 0.018599
2.627222 -4.542471 0.018599
2.627222 -4.232480 0.018599
2.627222 -3.922490 0.018599
2.627222 -3.612500 0.018599
2.627222 -3.302510 0.018599
2.627222 -2.992520 0.018599
2.627222 -2.682529 0.018599
2.627222 -2.372539 0.018599
2.627222 -2.062549 0.018599
2.627222 -1.752559 0.018599
2.627222 -1.442569 0.018599
