0.048234 0.160227 0.040344
0.206993 -0.230312 0.053472
0.163289 -0.030882 0.048752
3.865867 7.268217 0.040866
2.768717 -3.630424 0.044280
0.091938 -0.332537 0.044460
2.429383 -8.573601 0.042530
2.276898 -8.481087 0.046757
2.749255 -4.471316 0.035920
2.749255 -4.642444 0.034952
2.854345 -4.752424 0.053233
2.762312 -4.931484 0.042041
1.803371 -6.967004 0.046728
0.082826 7.610915 0.043361
0.205591 7.475365 0.047639
4.446907 -1.900313 0.037418
4.332404 -2.026974 0.044324
0.164405 0.346097 0.049090
4.332893 -1.748134 0.041532
3.439803 0.179282 0.045235
3.939976 7.077811 0.041610
4.114806 7.006268 0.043464
2.745824 -3.345869 0.039436
2.857318 -3.494345 0.043757
2.108391 -8.572486 0.043580
1.947707 -8.477495 0.047083
1.176705 -8.562717 0.044263
1.312486 -8.464589 0.046571
1.291537 -8.266835 0.045398
1.124966 -8.157074 0.047514
1.801745 -7.680728 0.044656
2.689489 -8.004132 0.045096
3.359644 -7.775267 0.041689
0.082821 -7.610905 0.043358
3.031193 -5.089087 0.040703
2.850223 -5.053991 0.040940
3.038408 -5.280970 0.039604
2.857438 -5.343870 0.044635
2.745133 -5.215300 0.038767
1.636715 -6.867565 0.044519
1.119991 -7.955885 0.048233
0.205575 -7.475352 0.047635
4.114592 -7.006582 0.043442
4.424740 -5.773977 0.042608
3.757107 -6.649286 0.045269
3.887458 -6.762867 0.042701
4.016512 -5.851796 0.047421
3.838121 -5.937561 0.044527
0.890518 8.557690 0.044017
0.672671 6.887321 0.044929
0.089997 6.892578 0.043568
0.122765 7.297570 0.057743
2.214631 6.513198 0.040173
1.290209 6.891864 0.050254
0.982907 8.247517 0.045594
1.125079 8.157069 0.047520
1.013679 8.455404 0.046261
1.176775 8.562715 0.044267
1.947828 8.477472 0.047089
0.994180 7.626265 0.049628
1.120108 7.955885 0.048236
0.972922 7.837831 0.045782
4.422719 -2.168729 0.042777
4.145630 -1.967228 0.040621
4.146119 -1.780455 0.040453
4.006415 -1.690293 0.047177
3.706679 -3.464050 0.049282
3.521484 -3.724518 0.043663
3.515818 -3.560132 0.044949
3.703442 -3.306593 0.039663
3.514542 -3.217358 0.044535
3.536555 -3.056223 0.041046
3.713631 -3.824616 0.049016
4.438115 -3.773890 0.038963
4.447928 -4.965689 0.034151
4.336341 -5.068106 0.047766
0.332898 0.059985 0.052761
0.334014 0.251094 0.051625
0.520183 0.344997 0.050546
1.702811 0.056917 0.047878
1.403336 0.255571 0.047519
1.238421 0.347056 0.051731
4.423208 -1.633936 0.041489
4.448264 -1.370045 0.034755
4.334250 -1.477619 0.047020
3.647884 -0.971676 0.046115
3.635398 -0.611769 0.046511
2.765357 -1.382202 0.041660
3.826050 -1.787762 0.044149
3.652934 -1.152457 0.046298
4.333283 2.291849 0.042642
4.135302 1.222011 0.040248
4.143928 1.404496 0.042392
4.325007 -0.427436 0.048480
3.976137 -0.430187 0.046755
4.130737 -0.341580 0.041528
4.449120 -0.340915 0.033972
4.447943 1.200643 0.032894
4.324882 1.123464 0.048779
3.083085 0.351139 0.045191
2.947050 -0.448604 0.047078
1.801935 7.680654 0.044661
1.949417 8.295771 0.044184
3.795916 6.470867 0.043527
3.661672 6.196764 0.046958
3.644446 6.371973 0.045382
4.357520 6.757974 0.044332
4.061549 6.695995 0.045006
4.179822 6.819376 0.043686
3.757289 6.648555 0.045279
3.887646 6.762231 0.042723
3.831089 6.957156 0.045297
2.771132 -2.509549 0.045041
2.767595 -1.941401 0.043667
2.861656 -4.359546 0.051323
2.769624 -4.193382 0.043093
1.949259 -8.295815 0.044179
1.788767 -8.570009 0.044173
1.477009 -8.566872 0.044312
1.624693 -8.471881 0.046864
1.613934 -8.282758 0.044958
1.779560 -8.199206 0.047043
1.783376 -8.023663 0.044441
1.445302 -8.179995 0.047204
0.982818 -8.247518 0.045591
0.890471 -8.557690 0.044013
1.013608 -8.455407 0.046255
2.153445 -7.537396 0.045819
1.810302 -7.506253 0.045509
1.651181 -7.398930 0.043245
1.977822 -7.258711 0.043883
1.983081 -7.434150 0.044398
1.801752 -7.148662 0.045255
1.647889 -7.216779 0.042947
2.862386 -8.104430 0.044215
3.061132 -8.040389 0.048228
2.769528 -5.497507 0.045105
3.032736 -4.714220 0.041928
2.632178 -6.113974 0.042665
2.613674 -6.291500 0.048561
0.374864 -6.881447 0.040682
0.089996 -6.892578 0.043567
0.191132 -6.989025 0.044452
0.223890 -7.181909 0.044973
0.122754 -7.297562 0.057737
1.282748 -7.877780 0.046137
1.441488 -7.992129 0.046097
1.623775 -7.746523 0.043973
1.613937 -7.919350 0.046693
1.150203 -7.549528 0.044475
1.291697 -7.682994 0.046559
1.479123 -7.451400 0.042555
1.460275 -7.624517 0.046846
1.193272 -7.333193 0.051953
1.353613 -7.293542 0.042388
1.448957 -6.974424 0.051344
1.461751 -7.141980 0.042208
3.595078 -7.510728 0.048029
3.425913 -7.577436 0.040987
3.865584 -7.268579 0.040842
3.666130 -7.023328 0.040632
3.581789 -7.205505 0.040102
3.672367 -7.330233 0.046622
3.939732 -7.078236 0.041583
3.830856 -6.957713 0.045284
4.179674 -6.819777 0.043652
4.061415 -6.696585 0.044990
4.357440 -6.758206 0.044308
4.123702 -6.513332 0.043144
4.421743 -6.321614 0.043165
4.438331 -6.590423 0.038668
4.322851 -6.468740 0.048772
3.182770 -5.553169 0.046513
3.178108 -5.372338 0.047391
3.346510 -4.772205 0.041277
3.170678 -5.010095 0.048040
3.168100 -4.847895 0.041023
3.494510 -6.101361 0.043611
3.457700 -6.449832 0.044185
3.319393 -6.184747 0.045833
3.299827 -6.358130 0.044391
3.690487 -5.655175 0.045462
3.687277 -5.837370 0.045531
3.362146 -5.643149 0.043899
3.515517 -5.556746 0.045594
3.360006 -5.826429 0.043592
3.510168 -5.922221 0.045566
4.447741 -6.049698 0.038095
4.335259 -5.906793 0.044068
4.151118 -5.951282 0.040863
4.332261 -6.192581 0.043327
4.148120 -6.142463 0.040630
3.988400 -6.402026 0.047096
4.003409 -6.224251 0.048715
3.828015 -6.118834 0.042858
3.795762 -6.471697 0.043501
3.644268 -6.372872 0.045362
3.661512 -6.197783 0.046931
0.094723 8.254542 0.043152
0.199473 8.118881 0.050625
0.104750 7.940373 0.048193
0.187576 7.795067 0.045576
1.072944 7.202743 0.049158
0.802239 6.990987 0.049104
1.115968 6.995530 0.050603
0.977654 6.888666 0.047457
0.223906 7.181919 0.044975
0.191138 6.989029 0.044456
0.431531 7.176662 0.045641
0.374871 6.881451 0.040685
0.492500 6.983772 0.048399
2.769509 5.496728 0.045161
2.153657 7.537246 0.045825
0.852195 7.506954 0.050107
0.564975 7.284098 0.049773
0.887903 7.299766 0.048727
0.755512 7.194874 0.048136
2.108483 8.572472 0.043583
2.429443 8.573583 0.042532
2.277007 8.481055 0.046763
1.783558 8.023609 0.044446
1.779726 8.199164 0.047049
1.788866 8.570000 0.044177
1.803462 6.966969 0.046727
1.636750 6.867568 0.044518
1.449017 6.974432 0.051350
1.461842 7.141992 0.042211
1.479258 7.451393 0.042556
1.150306 7.549541 0.044479
1.193362 7.333207 0.051957
1.353713 7.293555 0.042392
4.448264 -1.201477 0.032724
4.326845 -1.125590 0.048531
4.419443 -2.707622 0.043715
4.337985 -3.646717 0.045813
4.114186 -3.366022 0.042596
4.008488 -2.243532 0.047337
4.008594 -2.057766 0.046999
3.833582 -2.331010 0.042750
3.828717 -1.968463 0.043410
3.679397 -2.244463 0.044051
3.674426 -2.067681 0.046583
3.357842 -3.282185 0.045022
3.355880 -3.467502 0.043288
3.041533 -3.450987 0.041443
3.177369 -3.550253 0.047842
4.017159 -3.199647 0.050210
3.842946 -3.177478 0.043447
3.739664 -3.027799 0.041377
4.117716 -3.947741 0.043297
4.327797 -3.927449 0.041978
4.425635 -5.230815 0.040940
4.016991 -5.662921 0.047442
3.841809 -5.566491 0.043839
4.150434 -4.992684 0.042292
4.139169 -4.803139 0.040406
1.753690 0.250345 0.046592
1.605684 0.348515 0.053029
3.171539 1.809222 0.047639
2.767584 1.939059 0.043588
3.347034 1.705301 0.043595
2.750330 2.784736 0.040517
2.345331 -0.041444 0.041196
0.396356 -0.337775 0.044816
2.172983 -0.093393 0.048051
2.025526 0.029654 0.045057
1.844946 -0.046491 0.045658
1.527256 -0.035774 0.047965
1.375788 0.064710 0.050872
0.711172 -0.338234 0.047135
0.514183 -0.037679 0.049616
0.533937 -0.236009 0.052502
0.877382 0.345760 0.051085
1.047989 0.252816 0.049183
0.692128 0.250757 0.050441
0.687245 0.059189 0.051702
3.990171 -1.143913 0.047982
4.138440 -1.226324 0.040161
3.815295 -1.240438 0.044073
3.822502 -1.422337 0.044293
4.004784 -1.509273 0.047343
4.145844 -1.409786 0.042195
3.317288 -1.157832 0.045743
3.483396 -1.246196 0.045061
3.166969 -1.434150 0.047487
3.149523 -1.249365 0.045439
3.289682 -0.435239 0.045650
3.116223 -0.350314 0.044464
3.311960 -0.976251 0.045508
3.473019 -0.883835 0.045145
3.466009 -0.703503 0.044765
3.296085 -0.614804 0.046072
2.598610 -0.643573 0.045175
2.984697 -1.150298 0.046534
2.820434 -1.219122 0.043011
3.171819 -1.813856 0.047586
3.171603 -2.000809 0.046750
3.346831 -2.083470 0.043921
3.497626 -1.984501 0.045823
3.348029 -1.711091 0.043694
3.498608 -1.799076 0.045757
3.345416 -1.525411 0.043973
3.494079 -1.428991 0.045906
3.672740 -1.701556 0.045798
3.670824 -1.517150 0.045562
4.447858 2.435364 0.037897
4.422787 1.630981 0.041457
4.447943 1.368652 0.034605
4.333508 1.473959 0.047106
4.422648 2.164675 0.042743
4.448976 -0.685337 0.033784
4.324863 -0.601095 0.048509
4.448976 -0.856603 0.034227
4.327557 -0.948655 0.048125
3.794442 -0.344047 0.044175
3.630936 -0.433591 0.045782
3.450898 -0.168745 0.044601
3.455144 -0.345759 0.045158
4.449120 -0.169296 0.034068
4.448939 0.174017 0.033875
4.448939 0.345220 0.034140
2.908941 0.439439 0.045183
3.086423 0.181915 0.047209
3.110265 -0.172310 0.045956
3.271879 0.093581 0.044393
3.279478 -0.080220 0.045693
3.786091 0.351021 0.044091
3.359928 7.774974 0.041700
1.810485 7.506172 0.045513
1.651334 7.398891 0.043250
1.978012 7.258590 0.043888
1.983277 7.434030 0.044405
1.801899 7.148598 0.045264
1.648013 7.216757 0.042948
2.291535 8.303260 0.043638
2.124599 8.212976 0.046245
3.672674 7.329822 0.046645
3.595394 7.510388 0.048044
3.426229 7.577085 0.040998
3.577784 6.723517 0.043768
3.828138 6.117753 0.042882
2.745796 -2.228878 0.039339
2.859705 -2.369962 0.043406
3.041198 -2.304829 0.040879
2.856169 -2.076296 0.044810
3.037661 -2.109860 0.040858
3.389539 -2.930147 0.047517
2.750272 -2.787423 0.040500
2.864182 -2.645219 0.043547
3.058082 -2.694193 0.042444
3.038433 -1.726176 0.040287
2.854487 -1.501801 0.042276
3.036195 -1.532150 0.040582
2.746352 -1.661794 0.038433
2.856725 -1.791649 0.044362
2.858643 -4.071473 0.042669
2.857736 -3.778852 0.045689
2.746242 -3.914427 0.038812
2.124425 -8.213041 0.046238
2.291380 -8.303323 0.043632
2.476612 -8.228387 0.044997
2.495895 -8.066886 0.044323
0.972826 -7.837824 0.045778
0.994090 -7.626254 0.049624
0.852122 -7.506943 0.050103
0.672655 -6.887318 0.044927
0.492483 -6.983765 0.048396
0.431505 -7.176650 0.045638
0.564935 -7.284087 0.049769
0.615044 -8.560257 0.041651
0.727624 -8.452946 0.046038
0.451392 -8.440535 0.044464
1.979153 -6.909348 0.044082
2.003500 -6.738727 0.043292
2.833452 -8.269213 0.046594
2.608524 -8.497867 0.044638
2.641271 -8.330416 0.044563
3.041250 -5.649265 0.040828
2.855619 -5.620584 0.039827
2.743313 -5.780733 0.039312
4.444579 -4.458539 0.034167
4.321727 -4.536630 0.046266
4.447928 -4.797435 0.033457
4.325077 -4.710308 0.049690
3.061983 -4.399514 0.047901
3.127973 -4.557474 0.041252
3.319441 -4.597529 0.042792
3.455992 -4.496609 0.044788
2.437270 -6.328826 0.046588
1.290171 -6.891859 0.050252
0.350083 8.545281 0.045608
0.085351 8.570248 0.036392
0.180074 8.450530 0.049978
0.615072 8.560252 0.041655
0.727670 8.452942 0.046042
0.451416 8.440533 0.044470
0.365915 7.770391 0.045843
0.690517 7.603504 0.046404
0.383930 7.567026 0.043055
0.535688 7.485540 0.053040
2.179806 6.683177 0.042640
1.979269 6.909257 0.044091
2.003566 6.738663 0.043299
1.291658 8.266822 0.045402
1.445446 8.179972 0.047210
1.312582 8.464581 0.046578
1.614080 8.282730 0.044962
1.477099 8.566866 0.044317
1.624808 8.471866 0.046870
1.460425 7.624497 0.046851
1.291824 7.682993 0.046563
1.282884 7.877771 0.046143
1.441643 7.992104 0.046101
1.623950 7.746478 0.043977
1.614110 7.919307 0.046699
4.447934 -2.439456 0.037890
4.330154 -2.575819 0.043042
4.333431 -2.296728 0.042634
4.143274 -2.524517 0.040386
4.146550 -2.339728 0.040796
4.442379 -2.966025 0.039005
4.324600 -2.834217 0.040632
4.330841 -3.100704 0.042203
4.127442 -2.892612 0.040395
4.133683 -3.067709 0.040624
4.437092 -3.495710 0.039982
4.425684 -3.232432 0.042389
4.325553 -3.365812 0.043105
3.855444 -3.551867 0.041702
4.037828 -3.506670 0.044548
4.150088 -3.657467 0.040550
4.040137 -3.804931 0.043863
3.856731 -3.748047 0.041796
4.005583 -2.617261 0.046301
3.995306 -2.809437 0.048071
3.798436 -2.876230 0.047228
3.833954 -2.519950 0.044415
4.426904 -4.033706 0.040293
4.444579 -4.292787 0.034934
4.334261 -4.194021 0.045533
4.447231 -5.500928 0.037455
4.334749 -5.629297 0.045154
4.151086 -5.569088 0.040597
4.335644 -5.344333 0.042022
4.151981 -5.376614 0.040533
3.507284 -4.843112 0.044357
3.038391 1.721985 0.040232
2.856810 1.788704 0.044442
2.224551 0.699850 0.044858
4.002390 1.503045 0.047387
3.818694 1.415495 0.044492
3.667464 1.509881 0.045626
2.745897 2.226384 0.039334
2.856259 2.073316 0.044833
2.778631 -0.373364 0.043337
2.480990 -0.170699 0.041633
2.451296 -0.364140 0.047674
2.602026 -0.473380 0.046770
1.031096 -0.338195 0.048025
1.189806 -0.235723 0.050245
0.863495 -0.236429 0.051377
0.859322 -0.037336 0.049116
1.197695 -0.035334 0.048304
1.034812 0.061288 0.051489
2.783382 -0.717231 0.044934
2.799459 -0.881021 0.044025
2.955218 -0.622279 0.044209
3.130793 -0.703555 0.044473
3.139659 -0.884669 0.045907
2.980161 -0.967183 0.043261
4.442336 2.962298 0.039036
4.330097 2.571216 0.043213
4.419462 2.703696 0.043726
4.324575 2.829976 0.040657
4.446844 1.896593 0.037326
4.332269 2.021994 0.044496
4.332408 1.743485 0.041422
3.977999 -0.606377 0.047283
4.132455 -0.691429 0.041065
3.806242 -0.877991 0.044410
3.800766 -0.698416 0.043684
3.986169 -0.962246 0.046777
4.135149 -0.867723 0.041604
3.791769 -0.168787 0.043798
3.786867 0.178480 0.044134
3.620520 0.092909 0.045360
3.624017 -0.081316 0.046085
4.323849 -0.082398 0.048529
4.323668 0.089716 0.048494
4.129579 -0.168162 0.041325
4.127994 0.176994 0.041530
3.970902 0.091534 0.046561
3.972306 -0.081508 0.046962
4.448751 0.687328 0.033754
4.131259 0.867010 0.041762
4.448751 0.857869 0.034141
4.325690 0.948322 0.048194
2.718810 0.364533 0.046078
2.549228 0.465842 0.046628
2.413030 0.130319 0.041753
2.411325 0.749282 0.046711
2.573948 0.637026 0.045082
2.926519 0.095477 0.043314
2.942762 -0.084946 0.045071
2.733050 0.189795 0.050396
2.602383 0.102797 0.038829
2.780301 -0.187710 0.047193
2.633391 -0.094286 0.042635
2.745847 3.343318 0.039463
2.749257 4.640850 0.034962
2.749257 4.469630 0.035950
2.745113 5.214231 0.038802
2.857400 5.342862 0.044659
2.608595 8.497821 0.044646
2.134692 8.042412 0.044204
2.150808 7.708261 0.044078
1.971878 7.779527 0.045197
1.963342 7.949652 0.045324
3.291397 7.468751 0.046588
3.276841 7.281522 0.046620
2.835814 7.584463 0.045850
3.181066 7.771847 0.042744
3.136670 7.573077 0.040762
2.988006 7.486379 0.046799
4.438354 6.590122 0.038715
3.380692 6.990835 0.040339
3.582091 7.205011 0.040117
3.402225 7.183911 0.040998
3.666397 7.022750 0.040643
3.543449 6.902788 0.043284
3.457919 6.449031 0.044207
3.429883 6.622887 0.044545
3.169689 -2.381563 0.044627
3.182096 -2.583538 0.050098
3.497145 -2.347068 0.047544
3.341379 -2.269255 0.043000
2.772256 -3.065007 0.045347
2.865306 -2.928484 0.043890
2.860857 -3.203696 0.043694
3.182870 -3.173196 0.046938
3.045072 -3.259247 0.041126
3.192555 -2.982293 0.049095
3.059205 -2.880735 0.042207
3.713428 -3.989970 0.040974
3.997864 -4.711755 0.047011
3.651733 -4.560158 0.042617
3.675955 -4.731985 0.046330
3.833214 -4.811621 0.045048
3.175712 -3.737146 0.047160
3.040294 -3.834133 0.041118
3.359888 -3.818781 0.044552
3.041201 -4.029867 0.041290
0.094718 -8.254538 0.043151
0.350072 -8.545278 0.045608
0.085349 -8.570249 0.036391
0.180068 -8.450526 0.049977
0.199458 -8.118873 0.050621
0.104740 -7.940366 0.048189
0.187561 -7.795056 0.045573
2.328307 -7.807283 0.046043
2.320736 -7.971282 0.044425
2.134498 -8.042501 0.044197
2.150599 -7.708394 0.044071
1.971678 -7.779624 0.045192
1.963147 -7.949732 0.045318
1.072875 -7.202730 0.049153
0.887840 -7.299755 0.048723
0.755467 -7.194866 0.048133
0.802208 -6.990982 0.049100
0.977627 -6.888663 0.047454
1.115921 -6.995523 0.050597
3.183187 -5.917329 0.046170
3.043807 -5.830145 0.040254
3.158232 -6.096508 0.042880
2.975889 -6.172919 0.043157
2.815212 -6.066533 0.045571
2.858175 -5.902937 0.042997
2.179682 -6.683299 0.042634
2.214546 -6.513283 0.040170
2.333069 -6.775934 0.040305
2.403242 -6.483608 0.040129
2.482704 -6.650168 0.038848
3.254420 -6.708795 0.042396
3.543184 -6.903396 0.043282
3.577558 -6.724199 0.043749
3.429646 -6.623572 0.044536
3.180784 -7.772126 0.042726
3.051581 -7.867938 0.049803
2.964045 -7.284624 0.046577
3.291080 -7.469113 0.046579
3.136369 -7.573385 0.040753
2.987720 -7.486656 0.046788
2.326477 -7.464590 0.045113
0.808630 7.929227 0.050939
0.668210 7.814211 0.048419
0.495366 7.899611 0.050827
0.813644 8.137729 0.048874
0.681568 8.240868 0.046033
0.411751 8.102795 0.054389
0.493684 8.228460 0.046138
3.515531 5.555389 0.045622
3.517871 5.374935 0.044893
4.018985 5.281667 0.047449
4.016739 5.092296 0.047519
3.842923 5.377774 0.043779
3.693930 5.286085 0.045475
3.840829 5.002563 0.043226
3.694082 5.100245 0.046214
3.517830 -5.020314 0.045283
3.517882 -5.376396 0.044858
3.359849 -5.281968 0.045084
3.359634 -5.111608 0.041600
2.746448 1.659942 0.038341
3.342793 1.518547 0.044112
3.489748 1.421317 0.045998
2.195231 0.532388 0.045878
2.357285 0.410636 0.046789
2.298997 0.247990 0.048467
2.007242 0.487025 0.044943
2.083840 0.199275 0.044307
1.954140 0.316557 0.047679
3.171534 1.996539 0.046780
3.037834 2.106146 0.040883
2.425979 -0.751200 0.048592
2.242069 -0.705836 0.046284
1.349963 -0.337528 0.048290
1.509321 -0.237623 0.048052
4.143199 2.519258 0.040449
3.833513 2.325454 0.042828
4.146385 2.334130 0.040833
4.008311 2.237742 0.047425
4.127427 2.888079 0.040438
3.739769 3.023671 0.041417
3.389799 2.926331 0.047579
3.536714 3.052365 0.041107
3.514701 3.213779 0.044573
3.358028 3.278869 0.045077
3.497444 1.792843 0.045915
3.670919 1.694652 0.045875
4.323140 0.432632 0.048420
4.322953 0.604019 0.048600
4.127466 0.348707 0.041451
4.128521 0.693248 0.041120
3.969597 0.435787 0.046600
3.970840 0.608941 0.047184
2.434521 0.915103 0.042642
3.108297 0.692257 0.044154
3.122661 0.872691 0.046407
2.926321 0.606885 0.045340
2.760911 0.703163 0.045762
4.330809 3.096766 0.042297
4.133660 3.063448 0.040666
2.860941 3.200862 0.043728
2.772316 3.062317 0.045377
2.865424 2.925549 0.043940
3.059445 2.877368 0.042256
3.192800 2.978825 0.049162
3.045204 3.256193 0.041166
3.183042 3.169951 0.046982
3.041639 3.448072 0.041484
2.768751 3.628025 0.044321
2.857376 3.491693 0.043812
2.854344 4.750843 0.053289
3.032720 4.712508 0.041966
2.762310 4.930116 0.042080
2.850200 5.052716 0.040976
2.769647 4.191415 0.043136
2.861681 4.357609 0.051388
2.476777 8.228293 0.045006
2.641401 8.330326 0.044569
2.833592 8.269088 0.046605
2.770345 6.593207 0.047618
2.403395 6.483453 0.040133
2.437383 6.328711 0.046588
2.333264 6.775747 0.040311
2.482923 6.649953 0.038858
2.623384 6.704748 0.047160
3.098448 7.183791 0.042485
2.964339 7.284322 0.046587
4.421766 6.320977 0.043213
4.322897 6.468161 0.048804
4.003511 6.223275 0.048744
3.988515 6.401180 0.047118
4.123791 6.512631 0.043176
3.300077 6.357339 0.044410
3.117215 6.436903 0.043015
4.424748 5.772783 0.042652
4.335283 5.905684 0.044092
4.151173 5.950135 0.040885
4.447757 6.048778 0.038131
4.332301 6.191722 0.043359
4.148191 6.141459 0.040656
4.017023 5.661542 0.047475
4.016561 5.850549 0.047451
3.690513 5.653805 0.045494
3.841846 5.565038 0.043867
3.687335 5.836110 0.045557
3.838206 5.936350 0.044554
4.425632 5.229138 0.040976
4.152003 5.375071 0.040563
4.335651 5.342774 0.042058
4.151119 5.567682 0.040621
4.447241 5.499495 0.037488
4.334766 5.627967 0.045177
3.499436 -2.508501 0.039899
3.682059 -2.594835 0.044066
3.656818 -2.758939 0.040745
3.451030 -2.784432 0.040988
3.356077 -2.632664 0.042573
4.125919 -4.431117 0.040981
3.987963 -4.513410 0.049139
4.138453 -4.254259 0.042190
3.746973 -4.282221 0.041878
3.799091 -4.441450 0.048141
4.021015 -4.114237 0.051423
3.848616 -4.131421 0.043639
3.202426 -4.271366 0.043885
3.184657 -4.104597 0.047997
3.404967 -4.328405 0.043796
3.548590 -4.232727 0.042886
3.529318 -4.061588 0.043702
3.367926 -3.990497 0.043299
0.493641 -8.228463 0.046134
0.411712 -8.102791 0.054382
0.813564 -8.137730 0.048870
0.681508 -8.240875 0.046029
0.808547 -7.929225 0.050935
2.774961 -6.411682 0.043978
2.954142 -6.340542 0.046532
3.116919 -6.437514 0.042992
3.099566 -6.614440 0.047164
2.929854 -6.888923 0.046065
2.931879 -6.699313 0.043665
2.623123 -6.705008 0.047152
2.770052 -6.593527 0.047600
2.691645 -7.839397 0.047662
2.854992 -7.767244 0.042372
2.835545 -7.584704 0.045839
2.667522 -7.485162 0.045409
2.505622 -7.738151 0.043859
2.500946 -7.566456 0.045763
3.098131 -7.184140 0.042475
3.082660 -6.992636 0.043399
3.401898 -7.184370 0.040985
3.276517 -7.281901 0.046606
3.380391 -6.991354 0.040331
3.239539 -6.897381 0.046371
2.322077 -7.290483 0.044481
2.321232 -6.942159 0.045028
2.143786 -7.187850 0.046015
2.143497 -7.020145 0.042652
3.182729 5.552035 0.046537
3.362129 5.641924 0.043931
3.359808 5.280539 0.045112
3.031152 5.087744 0.040741
3.038351 5.279783 0.039634
3.178068 5.371105 0.047433
3.842908 -5.379351 0.043745
3.693950 -5.287684 0.045446
4.018984 -5.283307 0.047415
4.016739 -5.094074 0.047476
3.840825 -5.004396 0.043192
3.694112 -5.101963 0.046178
3.791211 0.698195 0.043628
3.143363 1.241419 0.045737
3.035573 1.527671 0.040577
3.164480 1.428153 0.047294
2.764766 1.380530 0.041361
2.853992 1.498900 0.042244
2.441208 -0.920587 0.042199
2.629915 -0.976750 0.045925
2.646355 -1.131735 0.039332
1.825752 -0.241654 0.047066
1.665681 -0.340095 0.047437
4.005678 2.612189 0.046370
3.995428 2.804763 0.048134
3.798614 2.871774 0.047320
3.834065 2.514773 0.044464
3.041466 2.301218 0.040890
3.169968 2.377643 0.044659
2.859891 2.366962 0.043479
3.058344 2.690744 0.042486
3.182414 2.579723 0.050162
2.771216 2.506860 0.045046
2.864324 2.642223 0.043585
3.451389 2.780277 0.041052
3.356474 2.628485 0.042642
3.499747 2.503855 0.039934
3.682351 2.589987 0.044116
3.657150 2.754414 0.040789
3.497327 2.342133 0.047618
3.341609 2.264684 0.043018
3.679378 2.238947 0.044089
3.674076 2.061722 0.046693
3.346806 2.078652 0.043972
3.497222 1.978876 0.045847
3.824693 1.781108 0.044266
3.828072 1.962143 0.043500
4.004933 1.683887 0.047356
4.145372 1.774359 0.040473
4.008173 2.051656 0.047084
4.145233 1.961092 0.040749
2.967289 0.956777 0.043761
2.817800 1.216071 0.042980
2.978264 1.143574 0.046222
2.787515 0.872621 0.043827
2.643059 1.128958 0.039923
2.623748 0.972305 0.045858
4.437074 3.492525 0.040028
4.425695 3.228950 0.042423
4.325548 3.362225 0.043158
4.114191 3.362230 0.042657
3.703549 3.302936 0.039717
3.706782 3.460665 0.049338
3.842986 3.173515 0.043510
4.017190 3.195636 0.050291
3.515964 3.556987 0.044994
3.356058 3.464348 0.043334
3.177507 3.547309 0.047885
3.175833 3.734354 0.047211
3.319422 4.595567 0.042827
3.127961 4.555566 0.041279
3.062010 4.397462 0.047960
2.496087 8.066755 0.044331
2.505846 7.737966 0.043867
2.328518 7.807132 0.046049
2.320937 7.971158 0.044433
2.855241 7.767019 0.042383
2.691867 7.839199 0.047670
2.689689 8.003963 0.045107
2.862570 8.104263 0.044224
3.061337 8.040186 0.048244
3.051829 7.867705 0.049813
2.632304 6.113852 0.042655
2.613878 6.291297 0.048586
2.815368 6.066167 0.045578
2.775262 6.411361 0.043989
2.954456 6.340050 0.046542
2.976137 6.172300 0.043184
2.321449 6.941962 0.045036
2.143999 7.187689 0.046022
2.143694 7.019986 0.042657
2.930169 6.888574 0.046075
2.932203 6.698936 0.043676
3.239849 6.896913 0.046376
3.082988 6.992258 0.043410
3.099879 6.613943 0.047172
3.254706 6.708236 0.042410
4.444577 4.290468 0.034962
4.139182 4.801109 0.040442
4.150447 4.990832 0.042324
4.447930 4.963807 0.034170
4.336340 5.066307 0.047806
4.447930 4.795452 0.033477
4.325075 4.708229 0.049736
4.444577 4.456305 0.034176
4.321722 4.534372 0.046321
3.997871 4.709664 0.047047
3.675947 4.729999 0.046367
3.833225 4.809654 0.045088
3.856739 3.744912 0.041838
3.855460 3.548474 0.041745
4.037809 3.503093 0.044589
0.365885 -7.770381 0.045839
0.495318 -7.899608 0.050822
0.668146 -7.814209 0.048415
0.690457 -7.603498 0.046400
0.383899 -7.567015 0.043052
0.535644 -7.485530 0.053037
2.484335 -7.027785 0.043753
2.484891 -7.208405 0.044843
2.781495 -6.994530 0.045937
2.636591 -6.916401 0.041731
2.800215 -7.198726 0.043315
2.655867 -7.301217 0.045725
3.041162 5.648327 0.040868
3.043785 5.829280 0.040274
2.855550 5.619851 0.039839
2.743263 5.780336 0.039350
2.858173 5.902437 0.043028
3.510264 5.921058 0.045591
3.360039 5.825286 0.043618
3.494669 6.100309 0.043636
3.319600 6.183827 0.045857
3.158419 6.095641 0.042903
3.183263 5.916351 0.046193
3.168079 4.846223 0.041062
3.170655 5.008570 0.048084
3.346487 4.770359 0.041313
3.507277 4.841261 0.044395
3.517809 5.018598 0.045316
3.359594 5.110043 0.041640
3.618115 0.437629 0.045433
3.621992 0.611649 0.046580
3.449884 0.699154 0.044537
3.438174 0.351462 0.045255
3.266913 0.434985 0.044699
3.274745 0.608657 0.046587
3.797260 0.874926 0.044687
3.809409 1.234226 0.044099
3.984478 1.139291 0.048210
3.979627 0.959433 0.046609
3.475978 1.238107 0.045137
3.644407 1.145402 0.046558
3.637111 0.965960 0.045913
3.307905 1.148602 0.045990
3.298178 0.966671 0.045411
3.458953 0.876734 0.045603
1.981308 -0.334024 0.044520
2.004785 -0.510497 0.039403
2.147960 -0.261909 0.039918
2.290613 -0.403400 0.040999
2.201994 -0.553549 0.041696
3.040381 3.831507 0.041152
2.746263 3.912242 0.038851
2.857792 3.776394 0.045723
2.858688 4.069248 0.042729
3.041277 4.027400 0.041332
3.184721 4.102169 0.048047
3.202460 4.269134 0.043930
2.326702 7.464405 0.045120
2.322309 7.290289 0.044488
2.501182 7.566254 0.045771
2.667776 7.484931 0.045417
4.150022 3.654037 0.040591
4.438078 3.771001 0.039018
4.337930 3.643473 0.045878
4.040093 3.801734 0.043914
3.521568 3.721600 0.043713
3.713665 3.821718 0.049067
3.713469 3.987260 0.041019
3.359988 3.816008 0.044599
3.367980 3.987930 0.043341
3.529364 4.059065 0.043747
3.848658 4.128772 0.043687
4.125928 4.428721 0.041016
3.987970 4.511132 0.049196
3.456002 4.494498 0.044830
3.651737 4.558029 0.042657
3.404992 4.326169 0.043843
3.548637 4.230340 0.042925
3.799114 4.439151 0.048194
3.747024 4.279791 0.041909
2.484592 7.027556 0.043758
2.485148 7.208179 0.044852
2.636869 6.916136 0.041742
2.781796 6.994233 0.045945
2.800507 7.198448 0.043325
2.656136 7.300973 0.045733
4.426899 4.031131 0.040332
4.327756 3.924565 0.042067
4.334254 4.191476 0.045579
4.117679 3.944735 0.043356
4.138460 4.251661 0.042236
4.021028 4.111486 0.051479
-4.444440 -6.552705 0.043970
-4.438561 -3.682132 0.047165
-0.086658 -0.244178 0.038201
-3.725310 -5.080950 0.047077
-4.456670 -5.914019 0.041287
-4.022982 -4.455438 0.050700
-4.431080 -6.234542 0.048059
-4.350528 -6.079489 0.044694
-4.338298 -6.398344 0.050657
-4.051741 -6.103797 0.049495
-4.183493 -6.016642 0.042224
-4.369645 -6.732813 0.045408
-4.146285 -2.140725 0.050345
-4.338939 -2.199483 0.054138
-4.146701 -2.536401 0.044722
-2.768673 -3.833264 0.044956
-0.111776 -7.650688 0.038371
-1.011155 -7.299557 0.047953
-1.283641 -7.579967 0.042073
-1.409458 -8.466763 0.047045
-1.412008 -8.271382 0.045723
-0.827639 -7.605337 0.048198
-1.130490 -7.629382 0.050029
-0.999765 -7.503272 0.048082
-0.509982 -7.813539 0.051093
-0.204226 -7.819890 0.051239
-0.383837 -7.916105 0.040975
-3.372092 -4.575667 0.042566
-4.030398 -6.304268 0.048086
-4.149919 -6.435350 0.046706
-4.446634 -1.900795 0.037615
-4.446634 -2.084972 0.037464
-4.352372 -1.774677 0.052602
-0.208914 -0.342139 0.053838
-0.400417 -0.245772 0.045932
-0.086658 -0.048307 0.038181
-4.441402 -0.974616 0.045037
-4.331085 -1.137138 0.047326
-1.559664 8.567244 0.043966
-1.867424 8.569199 0.043001
-1.719744 8.471443 0.047118
-0.401865 6.886694 0.043501
-1.127552 7.629150 0.049903
-0.203868 7.819841 0.051135
-4.055940 -5.683877 0.049817
-4.184962 -5.800245 0.042048
-4.351997 -5.749193 0.046469
-4.432549 -5.587832 0.047997
-4.349171 -5.430265 0.045346
-3.876407 -5.170894 0.045326
-3.879925 -5.370010 0.045722
-4.049919 -5.475858 0.048217
-4.176114 -5.375195 0.042977
-3.541703 -4.821749 0.045844
-3.531477 -4.638897 0.047205
-3.720353 -4.893085 0.047018
-3.868873 -4.778878 0.046404
-3.697357 -4.516093 0.046594
-3.856103 -4.584738 0.045393
-4.336928 -3.841559 0.047874
-4.453844 -5.266660 0.042261
-4.044997 -5.064244 0.049035
-4.174711 -5.162698 0.042780
-4.042421 -4.860094 0.049363
-4.431146 -4.946567 0.048498
-4.347767 -5.105133 0.045537
-3.822392 -2.534519 0.043777
-4.001791 -2.261038 0.048558
-4.008683 -2.425415 0.045824
-3.664901 -2.472705 0.046379
-4.440160 -2.702589 0.045582
-4.429527 -2.387204 0.046053
-4.332464 -2.525810 0.052751
-4.443191 -3.017639 0.045292
-4.346129 -2.849821 0.044445
-3.324622 -3.425395 0.042830
-2.868428 -3.678081 0.046148
-3.154236 -3.499108 0.043878
-3.088337 -3.650718 0.049420
-2.761701 -4.115014 0.044319
-2.873152 -3.960683 0.047189
-4.448528 -3.356034 0.044418
-4.354497 -3.180581 0.049266
-4.349867 -3.520516 0.045819
-4.158040 -3.509141 0.048416
-0.115879 -7.120452 0.039851
-0.094631 -7.385354 0.036725
-0.210511 -7.245772 0.048213
-0.206407 -7.537059 0.046661
-1.165996 -6.987819 0.047900
-1.164754 -7.193703 0.049526
-1.420965 -7.893048 0.048166
-1.424608 -7.719716 0.041734
-2.173083 -8.567147 0.042319
-2.641945 -8.480203 0.044264
-2.464809 -8.565573 0.041058
-2.345160 -8.467720 0.045929
-1.257964 -7.970954 0.044861
-1.258222 -8.166164 0.046360
-1.108457 -7.847036 0.044102
-0.804485 -8.453338 0.047277
-1.100041 -8.257064 0.046575
-1.258222 -8.564673 0.044585
-0.960906 -8.560519 0.045102
-1.102591 -8.460192 0.047191
-1.562430 -8.567090 0.044048
-2.038043 -8.471108 0.046629
-1.870200 -8.568961 0.043054
-1.723088 -8.471051 0.047262
-2.062019 -8.281756 0.044483
-0.672372 -8.557819 0.044884
-0.093105 -8.587478 0.032480
-0.092450 -7.905350 0.031052
-0.092450 -8.061825 0.034046
-2.766851 -4.711006 0.045665
-3.189433 -4.667760 0.043203
-3.895314 -5.976580 0.043692
-3.898044 -5.773056 0.043960
-3.432270 -5.631206 0.047086
-3.735306 -5.461375 0.046035
-3.747403 -5.656403 0.048364
-3.596489 -5.741195 0.043192
-3.911439 -6.695203 0.046683
-4.138610 -6.971096 0.045349
-4.199562 -6.775233 0.047516
-4.085978 -6.632130 0.045478
-3.314358 -6.585057 0.043813
-3.745621 -6.057785 0.047674
-3.597436 -5.939053 0.043948
-3.792631 -6.569262 0.045773
-3.613335 -6.643648 0.045732
-3.491049 -6.523139 0.046297
-3.541994 -6.329487 0.045149
-3.847648 -6.375108 0.045811
-3.719299 -6.255841 0.047097
-3.186755 -6.450400 0.046992
-3.646746 -7.471245 0.045146
-3.254151 -6.775609 0.047641
-3.466193 -7.541403 0.044384
-3.393822 -7.733152 0.043416
-3.194219 -7.792747 0.049997
-1.509698 -7.139776 0.042749
-1.377925 -7.419204 0.041847
-1.341349 -7.260418 0.049957
-0.209425 0.048725 0.053804
-0.553947 0.044703 0.051375
-0.400928 -0.050778 0.046070
-4.126059 -1.466479 0.050340
-3.749456 -0.443791 0.046508
-2.871039 2.099954 0.048978
-0.556738 0.241669 0.052267
-4.431840 5.608520 0.047463
-3.191621 5.217814 0.049884
-4.442960 -1.582214 0.042834
-4.332642 -1.442593 0.049719
-4.426905 -1.278744 0.048011
-3.787121 -0.093572 0.046325
-4.345719 -0.811998 0.050726
-3.982588 0.945099 0.054287
-3.986494 0.744488 0.051358
-2.170723 8.567409 0.042320
-2.034748 8.471608 0.046529
-1.254558 7.971158 0.044735
-0.954819 8.142801 0.044632
-0.963441 7.927849 0.046986
-1.105488 7.846948 0.043953
-0.532792 6.988686 0.050796
-0.528184 7.192932 0.051028
-0.707482 6.886992 0.045795
-0.850705 6.990541 0.049720
-0.997428 7.502901 0.047925
-1.009062 7.299222 0.047804
-0.697899 7.296154 0.045865
-0.845730 7.195457 0.049310
-0.515546 7.603963 0.049520
-0.813713 7.812194 0.049003
-0.689440 7.502062 0.046273
-0.825637 7.605044 0.048076
-0.092347 7.905115 0.031005
-0.092347 8.061620 0.034032
-3.990974 -4.266887 0.048703
-4.115203 -4.137158 0.049031
-4.435589 -3.999380 0.047922
-4.322844 -4.158525 0.051036
-4.424477 -4.309707 0.050529
-4.164605 -4.533381 0.043259
-4.340239 -4.465791 0.045806
-4.452984 -4.623598 0.042674
-4.171274 -4.743896 0.043653
-4.346907 -4.788881 0.046752
-3.801583 -2.181174 0.044511
-3.650984 -2.283736 0.046619
-4.047361 -2.719689 0.043184
-4.139092 -2.856329 0.052214
-3.713591 -2.836638 0.047802
-3.850437 -2.712795 0.046338
-3.596024 -3.156168 0.043766
-3.745513 -3.019826 0.050855
-3.788116 -3.418633 0.049334
-3.623417 -3.354534 0.043925
-3.527744 -3.679312 0.048717
-3.478723 -3.493766 0.050218
-3.340317 -4.398822 0.043830
-0.396824 -7.294987 0.042211
-0.690919 -7.502257 0.046400
-0.516685 -7.604013 0.049659
-0.392721 -7.500033 0.042391
-1.495024 -6.969410 0.049754
-1.327917 -6.884167 0.046581
-1.662773 -6.870243 0.042584
-1.016994 -6.888652 0.047276
-0.402206 -6.886731 0.043559
-0.095587 -6.863649 0.033830
-0.211467 -6.965379 0.050940
-1.593535 -7.639778 0.044884
-1.572867 -7.464511 0.042089
-1.919534 -7.636925 0.044769
-1.758418 -7.727745 0.046554
-2.237858 -8.185200 0.047143
-2.385959 -8.275125 0.043791
-0.957134 -8.142890 0.044775
-0.965808 -7.928072 0.047118
-0.668513 -8.130465 0.045186
-0.803263 -8.238837 0.048794
-0.815715 -7.812483 0.049125
-0.672292 -7.918928 0.044718
-1.736231 -8.282455 0.044656
-1.578123 -8.183112 0.046973
-1.587338 -7.999989 0.044422
-1.755864 -7.914623 0.045432
-1.907319 -8.191013 0.046166
-1.917738 -8.006305 0.045606
-0.111589 -8.327851 0.037697
-0.204039 -8.189221 0.050870
-0.204694 -8.480445 0.051292
-0.386943 -8.557967 0.042936
-0.508653 -8.450786 0.049766
-0.506016 -8.237932 0.049111
-0.383650 -8.128962 0.042515
-2.862162 -4.564394 0.050082
-3.049819 -4.548796 0.042673
-2.752534 -4.410433 0.042615
-2.857012 -4.254590 0.045529
-3.143341 -4.382264 0.042712
-3.060162 -4.242020 0.047010
-2.746344 -5.003144 0.040406
-2.855972 -4.864431 0.045248
-3.291968 -5.719674 0.042207
-3.117023 -5.653078 0.041616
-3.408989 -6.213179 0.045670
-3.230440 -6.272174 0.043461
-3.438108 -6.020802 0.046980
-3.296859 -5.911411 0.041798
-3.896685 -7.218228 0.045219
-3.962393 -7.024856 0.046876
-3.848806 -6.892066 0.045512
-3.715563 -7.279971 0.046413
-3.081596 -6.827652 0.043477
-3.123638 -7.973723 0.050214
-2.918977 -7.637786 0.042822
-3.098070 -7.659953 0.043397
-1.910178 -7.449223 0.045577
-1.701801 -7.198827 0.043605
-1.728393 -7.364776 0.047978
-2.410685 -6.840308 0.044973
-2.756977 -3.556397 0.041349
-3.430637 -3.094423 0.049590
-3.303929 -3.224419 0.042693
-0.734466 -0.055061 0.049027
-1.083319 -0.250771 0.048660
-0.732724 0.340009 0.047003
-0.093005 0.342538 0.040790
-0.215773 0.244198 0.054211
-0.410067 0.341660 0.044823
-2.573557 0.215298 0.044830
-2.551944 0.416675 0.052819
-2.745507 0.148708 0.049536
-3.087585 -0.041190 0.049824
-4.064209 -1.628871 0.043778
-4.081813 -1.956711 0.044017
-4.180205 -1.797448 0.044872
-4.120429 -1.136724 0.050306
-4.009666 -1.302216 0.053569
-4.443516 2.039575 0.043905
-3.792783 2.220435 0.043951
-3.080887 2.738101 0.049216
-2.863868 2.712984 0.044096
-3.036658 2.434600 0.042864
-3.156701 2.599315 0.042488
-2.853246 2.410782 0.049247
-2.756271 2.550381 0.041804
-2.754197 2.247458 0.042443
-2.710934 0.525440 0.048988
-4.444273 3.122018 0.037713
-3.153569 3.523241 0.043627
-4.437071 3.746714 0.045010
-4.334383 3.890757 0.048219
-4.452934 5.292836 0.041923
-4.347552 5.453256 0.045090
-4.046858 5.496598 0.047895
-4.173183 5.397857 0.042612
-3.379130 5.113642 0.044944
-1.574082 8.183724 0.046817
-1.732126 8.283152 0.044559
-4.053082 5.702734 0.049542
-3.844864 6.389043 0.045416
-2.168687 6.569146 0.041134
-3.798276 0.086330 0.048506
-3.587044 -0.348618 0.048664
-3.606855 -0.169476 0.049601
-3.432555 -0.066355 0.048635
-3.253609 -0.149138 0.048848
-3.443827 0.115806 0.047718
-3.629282 0.192587 0.049469
-4.447510 -0.051416 0.042781
-4.418824 0.246912 0.049554
-4.329112 0.105367 0.046373
-3.988047 0.358328 0.051955
-4.137587 0.063474 0.044660
-3.987823 0.167468 0.052040
-4.441540 -0.647695 0.045101
-4.110894 -0.500164 0.048599
-4.134717 -0.131227 0.044629
-4.326242 -0.195303 0.046649
-3.955946 -0.378210 0.047924
-3.973799 -0.207134 0.053227
-4.415954 -0.346588 0.051215
-4.320272 -0.487015 0.049500
-4.127928 1.033271 0.043471
-1.254979 8.166415 0.046211
-1.097287 8.257156 0.046472
-1.408478 8.271770 0.045622
-1.100149 8.460268 0.047050
-1.255806 8.564756 0.044491
-1.406443 8.466999 0.046899
-0.959063 8.560513 0.045014
-0.203721 8.189194 0.050779
-0.115700 7.120327 0.039777
-0.095553 6.863617 0.033804
-0.211253 6.965311 0.050855
-0.111522 7.650497 0.038282
-1.015933 6.888549 0.047211
-4.135239 -3.825678 0.048755
-4.026259 -3.962132 0.046558
-4.045046 -3.654876 0.045514
-3.820387 -3.912776 0.046754
-3.848491 -3.611797 0.046375
-3.732812 -3.733244 0.046506
-4.185578 -3.176438 0.041905
-4.067235 -3.020004 0.042777
-3.899202 -3.092645 0.042565
-4.087783 -3.340516 0.043756
-3.914412 -3.293086 0.042315
-3.409636 -3.806919 0.047421
-3.201926 -3.790202 0.047759
-3.086495 -3.944985 0.046256
-3.178194 -4.086745 0.045259
-3.464206 -4.276860 0.046591
-3.706955 -4.031909 0.047402
-3.501273 -3.979983 0.046391
-3.385262 -4.105028 0.046331
-3.661861 -4.330900 0.047099
-3.788599 -4.210994 0.046501
-0.533508 -6.988796 0.050932
-0.529083 -7.193083 0.051125
-0.851921 -6.990717 0.049845
-0.708236 -6.887065 0.045869
-0.847324 -7.195738 0.049399
-0.699213 -7.296373 0.045994
-2.253655 -8.004010 0.044703
-2.088234 -7.915858 0.045882
-2.087476 -7.733356 0.046534
-2.703983 -8.291935 0.045367
-2.567645 -8.184710 0.046693
-2.887802 -8.223336 0.046952
-2.937950 -8.033180 0.048311
-3.186377 -4.833277 0.050263
-3.040573 -4.921785 0.042136
-3.379262 -4.924036 0.044071
-2.748456 -5.575616 0.038855
-2.781880 -6.066798 0.042342
-2.913270 -6.188318 0.046410
-3.011636 -5.807710 0.041483
-3.087872 -6.134805 0.047611
-3.125172 -5.966419 0.042179
-2.751713 -5.877440 0.036388
-2.842947 -5.768999 0.050260
-2.963893 -6.691606 0.044449
-2.780736 -6.736894 0.046154
-3.008845 -6.504907 0.045936
-2.877929 -6.380193 0.043809
-2.615542 -6.125482 0.043308
-2.336809 -6.530738 0.047028
-2.459123 -6.660132 0.043968
-2.392721 -6.343724 0.042230
-2.567276 -6.303117 0.045175
-2.646033 -6.606310 0.043245
-2.698274 -6.436308 0.045371
-3.553851 -6.836160 0.045184
-3.670513 -6.958637 0.045713
-3.371358 -6.906203 0.045413
-3.602979 -7.153170 0.045465
-3.422552 -7.217153 0.044886
-3.307593 -7.092663 0.044867
-3.354584 -7.414112 0.047734
-3.186064 -7.473066 0.042275
-2.065667 -7.363460 0.045589
-2.384854 -7.205242 0.046076
-1.848763 -6.934199 0.042658
-1.873116 -7.092416 0.047437
-2.229353 -6.908863 0.045349
-2.212523 -7.093813 0.044628
-2.055197 -7.172602 0.048064
-2.170679 -6.567498 0.041301
-1.961038 -6.784969 0.040004
-2.111661 -6.765448 0.047681
-2.872356 -2.077463 0.048967
-2.755025 -2.227802 0.042410
-0.556368 -0.343632 0.052191
-0.737398 -0.248403 0.048214
-0.908326 -0.344771 0.051348
-1.686175 0.340526 0.045336
-1.073895 -0.058398 0.050247
-0.895971 0.040943 0.049759
-0.891437 0.239048 0.051252
-2.391934 0.468402 0.042669
-3.091192 0.147512 0.046218
-3.268489 0.221725 0.050593
-3.270146 0.396621 0.046113
-3.079889 0.497763 0.047964
-2.911616 0.248854 0.047695
-2.898656 0.424209 0.047703
-4.051593 -0.980615 0.044142
-4.053008 -0.667256 0.045598
-4.166566 -0.818410 0.044180
-3.829249 -1.303598 0.044705
-2.445357 -0.101584 0.049534
-2.419620 0.087899 0.046095
-2.618855 -0.159815 0.044009
-2.927569 -0.125478 0.043845
-2.765068 -0.036923 0.044964
-3.226367 -0.330282 0.045551
-3.385501 -0.426642 0.049937
-4.350279 1.877005 0.048339
-3.510637 2.812700 0.047990
-3.819174 2.571199 0.043384
-3.538913 1.434053 0.044939
-3.398809 1.171057 0.046806
-3.548991 1.255600 0.045286
-3.788739 1.024107 0.050137
-3.746688 1.188726 0.043460
-4.004069 2.461148 0.045613
-3.994061 2.298138 0.047953
-4.137195 2.184000 0.047717
-4.427523 2.346435 0.047057
-4.333817 2.203457 0.048724
-2.764819 2.828777 0.042641
-3.415183 2.064827 0.044544
-3.142110 2.293802 0.044941
-3.075540 2.122481 0.046621
-3.216335 2.001657 0.047145
-3.078374 0.660803 0.045500
-2.401776 0.850180 0.051825
-2.167433 0.664269 0.039721
-2.335511 0.662826 0.050590
-4.434534 4.052364 0.046367
-4.452005 4.661662 0.042125
-3.915977 3.325374 0.042711
-4.444273 2.940865 0.038058
-3.377769 2.931398 0.047038
-3.181042 2.894155 0.047318
-2.751120 3.108804 0.036783
-2.858717 3.002497 0.049608
-3.027972 3.368615 0.041835
-3.057921 3.042758 0.046915
-3.127639 3.207717 0.045497
-2.751120 3.282354 0.036549
-2.850656 3.396460 0.051036
-3.142637 4.403254 0.042518
-3.048854 4.569160 0.042554
-2.861606 4.582992 0.049850
-3.087538 3.673597 0.049161
-3.786849 4.238863 0.046033
-3.705332 4.059617 0.047048
-4.321197 4.201144 0.051031
-4.112918 4.172313 0.048396
-3.989006 4.298138 0.048449
-4.161696 4.565858 0.042951
-4.020312 4.485916 0.050248
-4.423886 4.353982 0.049303
-4.338669 4.503581 0.045489
-3.660109 4.356370 0.046878
-3.339059 4.420974 0.043641
-3.462984 4.300396 0.046312
-4.446334 3.436674 0.041425
-4.346184 3.576563 0.047462
-4.353386 3.243189 0.050678
-4.186050 3.211179 0.041800
-4.153244 3.547996 0.048264
-4.086060 3.376097 0.043288
-3.526061 3.706342 0.048395
-3.787441 3.449917 0.048882
-3.044134 5.137972 0.041537
-3.039405 4.942336 0.041853
-3.545938 5.199101 0.045490
-3.876217 5.390953 0.045328
-3.872645 5.193389 0.045041
-3.721743 5.103285 0.046747
-3.376235 4.945865 0.043870
-3.187410 4.688799 0.043038
-3.183997 4.854401 0.050002
-3.369900 4.597885 0.042395
-3.388205 7.739305 0.043148
-3.179863 7.481310 0.042083
-3.118593 7.978697 0.049972
-3.092029 7.666838 0.043187
-3.188567 7.798863 0.049684
-2.424002 7.744064 0.046247
-2.463260 8.565869 0.041114
-2.342308 8.468278 0.045875
-1.912718 8.007643 0.045481
-2.082834 7.917797 0.045716
-2.057658 8.282771 0.044372
-1.902717 8.192072 0.046014
-1.751054 7.915662 0.045309
-1.753588 7.728860 0.046447
-1.583007 8.000663 0.044317
-1.416983 7.893453 0.048043
-1.914391 7.638634 0.044618
-2.243504 7.651680 0.044051
-2.081973 7.735591 0.046404
-3.894850 5.790856 0.043612
-3.892527 5.993059 0.043391
-4.049480 6.118919 0.049097
-4.028135 6.317823 0.047766
-3.788935 6.581964 0.045445
-3.641137 7.477688 0.044879
-3.460427 7.548538 0.044077
-3.348624 7.422568 0.047520
-3.416668 7.226801 0.044593
-3.075930 6.839016 0.043205
-3.301604 7.103398 0.044664
-3.183222 6.466057 0.046686
-3.228308 6.289461 0.043297
-2.861483 5.466397 0.050762
-2.587140 7.652843 0.045498
-2.568181 7.482026 0.042552
-2.912739 7.643992 0.042593
-2.777341 7.743310 0.049778
-3.058031 7.351115 0.044639
-2.893965 7.440958 0.042239
-2.739608 7.369460 0.050813
-3.002937 7.034265 0.047384
-3.111728 7.168970 0.046973
-2.747595 5.585728 0.037474
-2.747595 5.763643 0.034881
-2.613243 6.128397 0.043612
-2.405312 6.845097 0.044849
-3.804838 0.459763 0.047127
-3.635620 0.375160 0.050230
-3.806064 0.651718 0.048174
-3.451823 0.473276 0.048468
-4.447451 0.542003 0.042307
-4.329053 0.395078 0.046433
-4.326274 0.694012 0.046131
-4.134973 0.645241 0.044137
-4.137753 0.451036 0.044582
-4.444312 1.119483 0.042963
-4.416045 0.834869 0.049778
-4.323135 0.972717 0.043789
-0.111375 8.327760 0.037651
-0.386387 8.557998 0.042853
-0.093008 8.587443 0.032460
-0.204383 8.480441 0.051194
-0.383024 8.129050 0.042417
-0.670815 7.918809 0.044594
-0.383171 7.916203 0.040873
-0.508845 7.813559 0.050961
-0.392075 7.500052 0.042299
-0.206070 7.537005 0.046592
-0.094549 7.385204 0.036668
-0.396253 7.294929 0.042124
-0.210249 7.245699 0.048185
-3.159797 -1.228111 0.047601
-2.995577 -1.131692 0.049203
-3.052495 -1.721112 0.042271
-3.200927 -1.796011 0.050721
-3.176403 -1.417896 0.048613
-3.045246 -1.522874 0.043022
-3.572983 -1.921763 0.047976
-3.767255 -2.000440 0.049454
-3.902992 -1.896291 0.044154
-3.889062 -1.693778 0.044984
-2.433440 -7.913404 0.046800
-2.599330 -8.004178 0.045728
-2.783291 -7.738348 0.049970
-2.785815 -7.921247 0.048438
-3.045773 -5.116967 0.041807
-3.063162 -5.487723 0.047231
-2.863284 -5.448973 0.050228
-2.861172 -5.160363 0.043259
-2.772050 -5.288725 0.045715
-3.064477 -7.342746 0.044718
-2.900479 -7.433990 0.042386
-2.746112 -7.363228 0.051054
-3.009247 -7.024884 0.047471
-3.118037 -7.159301 0.047267
-2.249297 -7.648552 0.044252
-2.236844 -7.466357 0.045650
-2.398706 -7.386929 0.046112
-2.429840 -7.740447 0.046411
-2.574525 -7.476998 0.042702
-2.593206 -7.648322 0.045722
-2.765211 -2.808000 0.042781
-3.465581 -2.210656 0.049323
-3.421908 -2.029416 0.044814
-3.220476 -1.970737 0.047416
-3.078538 -2.093962 0.046866
-2.774553 -1.942303 0.046152
-2.865862 -1.791928 0.046982
-1.749560 -0.044003 0.047563
-1.784181 -0.237862 0.051951
-1.542871 0.238169 0.049515
-1.234664 0.037349 0.048752
-1.414564 -0.062539 0.050636
-1.569700 0.037320 0.049062
-1.055158 0.339039 0.047542
-1.373531 0.337643 0.047296
-1.220460 0.236682 0.050768
-3.720262 -0.625216 0.050598
-3.868866 -0.726728 0.043705
-3.867589 -0.922360 0.044949
-1.966507 0.431694 0.045339
-2.107039 0.451137 0.044439
-1.865922 0.266255 0.046696
-2.236359 0.329610 0.044038
-2.242432 0.150484 0.050635
-1.902478 0.082575 0.050925
-2.083704 0.022366 0.049656
-2.996044 -0.941004 0.046726
-2.815670 -0.858923 0.046563
-4.443985 1.716443 0.043675
-4.139739 1.221877 0.044094
-4.334945 1.264083 0.045151
-4.427855 1.416368 0.047290
-4.334618 1.558101 0.045225
-4.069229 2.003516 0.044493
-4.172614 1.860403 0.043571
-3.459351 2.247152 0.048590
-3.327072 2.355304 0.042923
-3.644676 2.321978 0.046194
-3.661059 2.509732 0.046111
-3.339589 2.548944 0.043388
-3.488250 2.628547 0.048914
-3.384988 1.713454 0.044787
-3.380981 1.534059 0.046711
-3.200268 1.825951 0.049853
-2.890754 0.768070 0.048088
-2.704548 0.706261 0.048518
-2.557071 0.859856 0.048787
-3.052989 1.749565 0.042978
-2.747713 1.676212 0.040392
-2.774064 1.959711 0.046685
-2.864554 1.813953 0.045650
-4.430411 4.978017 0.047828
-4.346122 5.132875 0.045354
-4.345194 4.821587 0.046562
-4.039252 4.886971 0.049064
-4.168220 4.774013 0.043271
-4.041857 5.089182 0.048711
-4.171754 5.188004 0.042453
-3.747703 3.051921 0.050858
-3.902710 3.124684 0.042584
-3.714079 2.870440 0.047497
-3.849807 2.747755 0.046027
-4.070732 3.052202 0.042651
-4.347148 2.833642 0.045668
-4.140942 2.886824 0.052937
-4.047277 2.751566 0.042715
-4.143784 2.568288 0.044151
-4.440097 2.650156 0.041317
-4.330398 2.520059 0.054196
-3.304216 3.251461 0.042597
-3.624188 3.383835 0.043961
-3.597716 3.186528 0.043724
-3.431224 3.123745 0.049308
-3.324506 3.451480 0.042742
-3.477986 3.521070 0.049805
-3.201047 3.813465 0.047439
-3.408312 3.832072 0.047067
-3.384382 4.128489 0.046087
-3.499991 4.005216 0.046011
-3.059760 4.262912 0.046868
-3.177581 4.108724 0.045001
-3.085925 3.966845 0.046091
-2.756759 3.576495 0.041270
-2.868044 3.699006 0.045920
-4.131575 3.863731 0.048317
-4.023446 3.996507 0.046146
-4.041324 3.691121 0.045328
-3.818017 3.943086 0.046257
-3.845604 3.643766 0.046094
-3.730426 3.762955 0.046112
-2.771109 5.301475 0.044815
-2.860299 5.177593 0.042859
-2.766380 4.727491 0.045132
-2.855570 4.882445 0.045378
-2.746412 5.017822 0.039939
-3.538043 4.844565 0.045537
-3.528294 4.662187 0.046994
-3.865039 4.804420 0.045985
-3.716743 4.916527 0.046801
-3.852625 4.611520 0.045180
-3.694579 4.541249 0.046271
-2.933112 8.037444 0.048080
-2.780451 7.925462 0.048169
-2.640034 8.481260 0.044195
-2.884127 8.226508 0.046804
-2.700505 8.294054 0.045309
-2.248274 8.006062 0.044535
-2.427910 7.916240 0.046577
-2.381774 8.276313 0.043697
-2.233100 8.186607 0.046994
-2.594158 8.007171 0.045579
-2.563197 8.186698 0.046511
-1.280203 7.579913 0.041945
-1.374547 7.419134 0.041758
-1.420564 7.720006 0.041667
-1.589122 7.640413 0.044789
-1.568832 7.464950 0.042054
-1.724175 7.365740 0.047831
-1.905268 7.450977 0.045469
-1.326670 6.884054 0.046542
-1.164384 6.987603 0.047759
-1.162489 7.193360 0.049428
-1.338536 7.260198 0.049849
-3.743468 6.074068 0.047360
-3.717149 6.271149 0.046771
-3.539607 6.345058 0.044869
-3.407488 6.230231 0.045271
-3.436629 6.038414 0.046736
-3.595067 5.956160 0.043668
-4.147430 6.446476 0.046228
-4.367896 6.736382 0.045328
-3.548932 6.848254 0.044856
-3.365957 6.918264 0.045134
-3.249074 6.788587 0.047401
-3.310435 6.599566 0.043557
-3.609254 6.656809 0.045412
-3.487640 6.537797 0.045943
-2.841915 5.869874 0.050951
-3.086441 6.154016 0.047148
-2.779585 6.076836 0.042631
-2.909869 6.204041 0.045764
-2.833537 7.059989 0.042210
-2.715957 7.204419 0.041031
-2.722989 6.907449 0.041570
-2.530894 7.135390 0.041698
-2.540109 6.955619 0.042867
-3.004154 6.518226 0.045505
-2.872668 6.391655 0.044016
-2.958223 6.702164 0.044432
-2.774682 6.744873 0.045930
-2.333145 6.533992 0.046757
-2.453761 6.665165 0.043876
-2.390494 6.345885 0.042248
-2.563165 6.307779 0.044936
-2.692307 6.443832 0.045233
-2.640252 6.613111 0.043147
-3.449316 0.646440 0.046324
-3.428688 0.992134 0.045688
-3.620920 0.912057 0.046432
-3.634339 0.740279 0.050616
-3.258916 0.906742 0.048962
-3.266124 0.732826 0.046306
-0.801399 8.238728 0.048693
-0.667122 8.130391 0.045055
-0.505006 8.237989 0.048970
-0.507707 8.450814 0.049631
-0.671206 8.557815 0.044794
-0.802781 8.453328 0.047137
-3.712575 -1.453824 0.044286
-3.733900 -1.623126 0.050509
-3.514958 -1.397783 0.045296
-3.365658 -1.500012 0.047345
-3.382933 -1.679889 0.044806
-3.553557 -1.746961 0.045834
-3.209890 -5.367300 0.045574
-3.194613 -5.196683 0.050110
-3.382298 -5.092260 0.045252
-3.549697 -5.177838 0.045730
-3.404053 -5.444187 0.043963
-3.556175 -5.359148 0.047244
-2.839892 -7.052295 0.042366
-2.722381 -7.197843 0.041106
-2.729083 -6.900350 0.041666
-2.545942 -6.949942 0.042990
-2.536942 -7.129926 0.041839
-2.751212 -3.088970 0.036943
-2.859201 -2.980203 0.049962
-3.028317 -3.345107 0.041907
-3.127778 -3.182312 0.045713
-3.058417 -3.017396 0.047039
-2.850967 -3.375032 0.051302
-2.751212 -3.262390 0.036406
-2.865097 -2.689687 0.044655
-2.757108 -2.529549 0.042038
-2.854910 -2.387411 0.049686
-2.825549 -1.210190 0.045282
-1.623680 -0.347515 0.051584
-1.263445 -0.346000 0.051176
-1.433922 -0.253515 0.048326
-1.969384 -0.302511 0.050070
-2.115988 -0.168860 0.048530
-2.300453 -0.230225 0.049207
-3.532158 -0.704286 0.048057
-3.359809 -0.600884 0.048426
-3.166984 -0.855889 0.049048
-3.171449 -0.677441 0.046339
-2.802372 -0.684887 0.048884
-2.686528 -0.338381 0.043869
-2.987211 -0.588520 0.048523
-2.883664 -0.318747 0.042916
-3.016437 -0.415603 0.052194
-3.856006 1.341130 0.045622
-4.026939 1.362721 0.052972
-3.726107 1.494031 0.043342
-4.128908 1.546659 0.046415
-4.060610 1.688399 0.042869
-3.564165 1.960292 0.047284
-3.550038 1.784626 0.044991
-3.756440 2.041075 0.048595
-3.889752 1.938294 0.042858
-3.733225 1.665208 0.049462
-3.880665 1.738094 0.043516
-2.601410 1.073717 0.046908
-3.196348 1.452478 0.049349
-3.053076 1.555487 0.042558
-3.204098 1.267929 0.047524
-2.864642 1.520682 0.045159
-2.774151 1.391908 0.045540
-2.872879 3.980939 0.047038
-2.768507 3.852967 0.044786
-1.698167 7.199354 0.043610
-1.661568 6.870187 0.042642
-1.493052 6.969242 0.049580
-1.506813 7.139628 0.042711
-2.224569 6.912509 0.045178
-1.846434 6.935020 0.042599
-1.869271 7.093800 0.047304
-2.108561 6.767732 0.047308
-1.959550 6.785986 0.039781
-2.060508 7.366025 0.045419
-2.231163 7.469771 0.045508
-2.207537 7.097384 0.044430
-2.050519 7.175234 0.047934
-2.392700 7.391338 0.045918
-2.379064 7.209742 0.045919
-3.206304 5.387952 0.045239
-3.060001 5.509468 0.047294
-4.455853 5.929616 0.040981
-4.350471 5.767499 0.046307
-4.182327 5.818149 0.041707
-4.181047 6.032132 0.041899
-4.349192 6.093404 0.044444
-4.443581 6.557652 0.043422
-4.430561 6.245247 0.047428
-4.336919 6.407658 0.050308
-4.134831 6.976275 0.045183
-3.907367 6.705974 0.046309
-4.196396 6.781619 0.047182
-4.082591 6.641707 0.045208
-3.891675 7.224343 0.044988
-3.597439 7.162451 0.045180
-3.710105 7.287368 0.046076
-3.665350 6.969038 0.045406
-3.844105 6.901603 0.045217
-3.957764 7.031991 0.046526
-3.331526 -2.321556 0.043069
-3.145915 -2.263541 0.045314
-3.039618 -2.406651 0.043109
-2.446869 -0.914561 0.045650
-2.638880 -0.966070 0.048818
-2.649225 -1.126649 0.041882
-2.007159 -0.486495 0.046357
-2.349157 -0.411950 0.045450
-2.430036 -0.750494 0.047502
-2.236331 -0.707022 0.046567
-2.202467 -0.534570 0.051316
-2.561733 -0.461875 0.052507
-2.608749 -0.627967 0.048675
-3.520962 -0.878602 0.044932
-3.696879 -1.157766 0.043508
-3.707788 -0.995165 0.051587
-3.503333 -1.222739 0.044349
-3.337428 -1.135182 0.048394
-3.344148 -0.953648 0.047830
-2.758628 1.082223 0.045558
-2.859784 1.242279 0.044833
-2.900495 0.930171 0.044866
-3.080907 0.996820 0.044233
-3.055969 1.179084 0.046427
-2.752448 4.428147 0.042350
-2.856820 4.273973 0.045420
-2.761595 4.133879 0.044094
-3.114285 5.674474 0.041411
-3.289240 5.739001 0.041997
-3.010086 5.829779 0.041254
-3.295336 5.930343 0.041546
-3.124328 5.986716 0.042032
-3.428823 5.650063 0.046883
-3.731672 5.481090 0.045804
-3.552295 5.379341 0.046878
-3.400170 5.464021 0.043818
-3.744081 5.674857 0.048135
-3.593357 5.759151 0.042889
-3.082834 -2.710524 0.049520
-3.159553 -2.569626 0.042848
-3.182164 -2.866030 0.047740
-3.511697 -2.779507 0.048364
-3.378233 -2.900950 0.047276
-3.491053 -2.593850 0.049250
-3.343080 -2.515781 0.043713
-2.748531 -1.662040 0.039631
-2.858612 -1.497237 0.044674
-2.767304 -1.378097 0.042428
