4.731667 6.850147 0.001612
4.622508 6.959306 0.001612
4.513350 7.068464 0.001612
4.404191 7.177623 0.001612
4.295033 7.286781 0.001612
4.185874 7.395940 0.001612
4.076716 7.505098 0.001612
3.967557 7.614257 0.001612
3.858399 7.723415 0.001612
3.749240 7.832574 0.001612
3.640082 7.941732 0.001612
3.530923 8.050891 0.001612
3.421765 8.160049 0.001612
3.312606 8.269208 0.001612
3.203448 8.378366 0.001612
3.094289 8.487525 0.001612
2.985131 8.596683 0.001612
2.875972 8.705842 0.001612
2.766814 8.815000 0.001612
2.613102 8.815000 0.001612
2.459390 8.815000 0.001612
2.305678 8.815000 0.001612
2.151966 8.815000 0.001612
1.998254 8.815000 0.001612
1.844543 8.815000 0.001612
1.690831 8.815000 0.001612
1.537119 8.815000 0.001612
1.383407 8.815000 0.001612
1.229695 8.815000 0.001612
1.075983 8.815000 0.001612
0.922271 8.815000 0.001612
0.768559 8.815000 0.001612
0.614848 8.815000 0.001612
0.461136 8.815000 0.001612
0.307424 8.815000 0.001612
0.153712 8.815000 0.001612
0.000000 8.815000 0.001612
-0.153712 8.815000 0.001612
-0.307424 8.815000 0.001612
-0.461136 8.815000 0.001612
-0.614848 8.815000 0.001612
-0.768559 8.815000 0.001612
-0.922271 8.815000 0.001612
-1.075983 8.815000 0.001612
-1.229695 8.815000 0.001612
-1.383407 8.815000 0.001612
-1.537119 8.815000 0.001612
-1.690831 8.815000 0.001612
-1.844543 8.815000 0.001612
-1.998254 8.815000 0.001612
-2.151966 8.815000 0.001612
-2.305678 8.815000 0.001612
-2.459390 8.815000 0.001612
-2.613102 8.815000 0.001612
-2.766814 8.815000 0.001612
-2.875972 8.705842 0.001612
-2.985131 8.596683 0.001612
-3.094289 8.487525 0.001612
-3.203448 8.378366 0.001612
-3.312606 8.269208 0.001612
-3.421765 8.160049 0.001612
-3.530923 8.050891 0.001612
-3.640082 7.941732 0.001612
-3.749240 7.832574 0.001612
-3.858399 7.723415 0.001612
-3.967557 7.614257 0.001612
-4.076716 7.505098 0.001612
-4.185874 7.395940 0.001612
-4.295033 7.286781 0.001612
-4.404191 7.177623 0.001612
-4.513350 7.068464 0.001612
-4.622508 6.959306 0.001612
-4.731667 6.850147 0.001612
-4.731667 6.699595 0.001612
-4.731667 6.549042 0.001612
-4.731667 6.398489 0.001612
-4.731667 6.247936 0.001612
-4.731667 6.097384 0.001612
-4.731667 5.946831 0.001612
-4.731667 5.796278 0.001612
-4.731667 5.645726 0.001612
-4.731667 5.495173 0.001612
-4.731667 5.344620 0.001612
-4.731667 5.194068 0.001612
-4.731667 5.043515 0.001612
-4.731667 4.892962 0.001612
-4.731667 4.742410 0.001612
-4.731667 4.591857 0.001612
-4.731667 4.441304 0.001612
-4.731667 4.290752 0.001612
-4.731667 4.140199 0.001612
-4.731667 3.989646 0.001612
-4.731667 3.839093 0.001612
-4.731667 3.688541 0.001612
-4.731667 3.537988 0.001612
-4.731667 3.387435 0.001612
-4.731667 3.236883 0.001612
-4.731667 3.086330 0.001612
-4.731667 2.935777 0.001612
-4.731667 2.785225 0.001612
-4.731667 2.634672 0.001612
-4.731667 2.484119 0.001612
-4.731667 2.333567 0.001612
-4.731667 2.183014 0.001612
-4.731667 2.032461 0.001612
-4.731667 1.881909 0.001612
-4.731667 1.731356 0.001612
-4.731667 1.580803 0.001612
-4.731667 1.430251 0.001612
-4.731667 1.279698 0.001612
-4.731667 1.129145 0.001612
-4.731667 0.978592 0.001612
-4.731667 0.828040 0.001612
-4.731667 0.677487 0.001612
-4.731667 0.526934 0.001612
-4.731667 0.376382 0.001612
-4.731667 0.225829 0.001612
-4.731667 0.075276 0.001612
-4.731667 -0.075276 0.001612
-4.731667 -0.225829 0.001612
-4.731667 -0.376382 0.001612
-4.731667 -0.526934 0.001612
-4.731667 -0.677487 0.001612
-4.731667 -0.828040 0.001612
-4.731667 -0.978592 0.001612
-4.731667 -1.129145 0.001612
-4.731667 -1.279698 0.001612
-4.731667 -1.430251 0.001612
-4.731667 -1.580803 0.001612
-4.731667 -1.731356 0.001612
-4.731667 -1.881909 0.001612
-4.731667 -2.032461 0.001612
-4.731667 -2.183014 0.001612
-4.731667 -2.333567 0.001612
-4.731667 -2.484119 0.001612
-4.731667 -2.634672 0.001612
-4.731667 -2.785225 0.001612
-4.731667 -2.935777 0.001612
-4.731667 -3.086330 0.001612
-4.731667 -3.236883 0.001612
-4.731667 -3.387435 0.001612
-4.731667 -3.537988 0.001612
-4.731667 -3.688541 0.001612
-4.731667 -3.839093 0.001612
-4.731667 -3.989646 0.001612
-4.731667 -4.140199 0.001612
-4.731667 -4.290752 0.001612
-4.731667 -4.441304 0.001612
-4.731667 -4.591857 0.001612
-4.731667 -4.742410 0.001612
-4.731667 -4.892962 0.001612
-4.731667 -5.043515 0.001612
-4.731667 -5.194068 0.001612
-4.731667 -5.344620 0.001612
-4.731667 -5.495173 0.001612
-4.731667 -5.645726 0.001612
-4.731667 -5.796278 0.001612
-4.731667 -5.946831 0.001612
-4.731667 -6.097384 0.001612
-4.731667 -6.247936 0.001612
-4.731667 -6.398489 0.001612
-4.731667 -6.549042 0.001612
-4.731667 -6.699595 0.001612
-4.731667 -6.850147 0.001612
-4.622508 -6.959306 0.001612
-4.513350 -7.068464 0.001612
-4.404191 -7.177623 0.001612
-4.295033 -7.286781 0.001612
-4.185874 -7.395940 0.001612
-4.076716 -7.505098 0.001612
-3.967557 -7.614257 0.001612
-3.858399 -7.723415 0.001612
-3.749240 -7.832574 0.001612
-3.640082 -7.941732 0.001612
-3.530923 -8.050891 0.001612
-3.421765 -8.160049 0.001612
-3.312606 -8.269208 0.001612
-3.203448 -8.378366 0.001612
-3.094289 -8.487525 0.001612
-2.985131 -8.596683 0.001612
-2.875972 -8.705842 0.001612
-2.766814 -8.815000 0.001612
-2.613102 -8.815000 0.001612
-2.459390 -8.815000 0.001612
-2.305678 -8.815000 0.001612
-2.151966 -8.815000 0.001612
-1.998254 -8.815000 0.001612
-1.844543 -8.815000 0.001612
-1.690831 -8.815000 0.001612
-1.537119 -8.815000 0.001612
-1.383407 -8.815000 0.001612
-1.229695 -8.815000 0.001612
-1.075983 -8.815000 0.001612
-0.922271 -8.815000 0.001612
-0.768559 -8.815000 0.001612
-0.614848 -8.815000 0.001612
-0.461136 -8.815000 0.001612
-0.307424 -8.815000 0.001612
-0.153712 -8.815000 0.001612
0.000000 -8.815000 0.001612
0.153712 -8.815000 0.001612
0.307424 -8.815000 0.001612
0.461136 -8.815000 0.001612
0.614848 -8.815000 0.001612
0.768559 -8.815000 0.001612
0.922271 -8.815000 0.001612
1.075983 -8.815000 0.001612
1.229695 -8.815000 0.001612
1.383407 -8.815000 0.001612
1.537119 -8.815000 0.001612
1.690831 -8.815000 0.001612
1.844543 -8.815000 0.001612
1.998254 -8.815000 0.001612
2.151966 -8.815000 0.001612
2.305678 -8.815000 0.001612
2.459390 -8.815000 0.001612
2.613102 -8.815000 0.001612
2.766814 -8.815000 0.001612
2.875972 -8.705842 0.001612
2.985131 -8.596683 0.001612
3.094289 -8.487525 0.001612
3.203448 -8.378366 0.001612
3.312606 -8.269208 0.001612
3.421765 -8.160049 0.001612
3.530923 -8.050891 0.001612
3.640082 -7.941732 0.001612
3.749240 -7.832574 0.001612
3.858399 -7.723415 0.001612
3.967557 -7.614257 0.001612
4.076716 -7.505098 0.001612
4.185874 -7.395940 0.001612
4.295033 -7.286781 0.001612
4.404191 -7.177623 0.001612
4.513350 -7.068464 0.001612
4.622508 -6.959306 0.001612
4.731667 -6.850147 0.001612
4.731667 -6.699595 0.001612
4.731667 -6.549042 0.001612
4.731667 -6.398489 0.001612
4.731667 -6.247936 0.001612
4.731667 -6.097384 0.001612
4.731667 -5.946831 0.001612
4.731667 -5.796278 0.001612
4.731667 -5.645726 0.001612
4.731667 -5.495173 0.001612
4.731667 -5.344620 0.001612
4.731667 -5.194068 0.001612
4.731667 -5.043515 0.001612
4.731667 -4.892962 0.001612
4.731667 -4.742410 0.001612
4.731667 -4.591857 0.001612
4.731667 -4.441304 0.001612
4.731667 -4.290752 0.001612
4.731667 -4.140199 0.001612
4.731667 -3.989646 0.001612
4.731667 -3.839093 0.001612
4.731667 -3.688541 0.001612
4.731667 -3.537988 0.001612
4.731667 -3.387435 0.001612
4.731667 -3.236883 0.001612
4.731667 -3.086330 0.001612
4.731667 -2.935777 0.001612
4.731667 -2.785225 0.001612
4.731667 -2.634672 0.001612
4.731667 -2.484119 0.001612
4.731667 -2.333567 0.001612
4.731667 -2.183014 0.001612
4.731667 -2.032461 0.001612
4.731667 -1.881909 0.001612
4.731667 -1.731356 0.001612
4.731667 -1.580803 0.001612
4.731667 -1.430251 0.001612
4.731667 -1.279698 0.001612
4.731667 -1.129145 0.001612
4.731667 -0.978592 0.001612
4.731667 -0.828040 0.001612
4.731667 -0.677487 0.001612
4.731667 -0.526934 0.001612
4.731667 -0.376382 0.001612
4.731667 -0.225829 0.001612
4.731667 -0.075276 0.001612
4.731667 0.075276 0.001612
4.731667 0.225829 0.001612
4.731667 0.376382 0.001612
4.731667 0.526934 0.001612
4.731667 0.677487 0.001612
4.731667 0.828040 0.001612
4.731667 0.978592 0.001612
4.731667 1.129145 0.001612
4.731667 1.279698 0.001612
4.731667 1.430251 0.001612
4.731667 1.580803 0.001612
4.731667 1.731356 0.001612
4.731667 1.881909 0.001612
4.731667 2.032461 0.001612
4.731667 2.183014 0.001612
4.731667 2.333567 0.001612
4.731667 2.484119 0.001612
4.731667 2.634672 0.001612
4.731667 2.785225 0.001612
4.731667 2.935777 0.001612
4.731667 3.086330 0.001612
4.731667 3.236883 0.001612
4.731667 3.387435 0.001612
4.731667 3.537988 0.001612
4.731667 3.688541 0.001612
4.731667 3.839093 0.001612
4.731667 3.989646 0.001612
4.731667 4.140199 0.001612
4.731667 4.290752 0.001612
4.731667 4.441304 0.001612
4.731667 4.591857 0.001612
4.731667 4.742410 0.001612
4.731667 4.892962 0.001612
4.731667 5.043515 0.001612
4.731667 5.194068 0.001612
4.731667 5.344620 0.001612
4.731667 5.495173 0.001612
4.731667 5.645726 0.001612
4.731667 5.796278 0.001612
4.731667 5.946831 0.001612
4.731667 6.097384 0.001612
4.731667 6.247936 0.001612
4.731667 6.398489 0.001612
4.731667 6.549042 0.001612
4.731667 6.699595 0.001612
2.851667 6.099853 0.000804
2.732360 6.219160 0.000804
2.613053 6.338466 0.000804
2.493746 6.457773 0.000804
2.374440 6.577080 0.000804
2.255133 6.696387 0.000804
2.135826 6.815693 0.000804
2.016519 6.935000 0.000804
1.861403 6.935000 0.000804
1.706286 6.935000 0.000804
1.551169 6.935000 0.000804
1.396052 6.935000 0.000804
1.240935 6.935000 0.000804
1.085818 6.935000 0.000804
0.930701 6.935000 0.000804
0.775584 6.935000 0.000804
0.620468 6.935000 0.000804
0.465351 6.935000 0.000804
0.310234 6.935000 0.000804
0.155117 6.935000 0.000804
0.000000 6.935000 0.000804
-0.155117 6.935000 0.000804
-0.310234 6.935000 0.000804
-0.465351 6.935000 0.000804
-0.620468 6.935000 0.000804
-0.775584 6.935000 0.000804
-0.930701 6.935000 0.000804
-1.085818 6.935000 0.000804
-1.240935 6.935000 0.000804
-1.396052 6.935000 0.000804
-1.551169 6.935000 0.000804
-1.706286 6.935000 0.000804
-1.861403 6.935000 0.000804
-2.016519 6.935000 0.000804
-2.135826 6.815693 0.000804
-2.255133 6.696387 0.000804
-2.374440 6.577080 0.000804
-2.493746 6.457773 0.000804
-2.613053 6.338466 0.000804
-2.732360 6.219160 0.000804
-2.851667 6.099853 0.000804
-2.851667 5.949081 0.000804
-2.851667 5.798309 0.000804
-2.851667 5.647537 0.000804
-2.851667 5.496765 0.000804
-2.851667 5.345993 0.000804
-2.851667 5.195221 0.000804
-2.851667 5.044448 0.000804
-2.851667 4.893676 0.000804
-2.851667 4.742904 0.000804
-2.851667 4.592132 0.000804
-2.851667 4.441360 0.000804
-2.851667 4.290588 0.000804
-2.851667 4.139816 0.000804
-2.851667 3.989044 0.000804
-2.851667 3.838272 0.000804
-2.851667 3.687500 0.000804
-2.851667 3.536728 0.000804
-2.851667 3.385956 0.000804
-2.851667 3.235184 0.000804
-2.851667 3.084412 0.000804
-2.851667 2.933640 0.000804
-2.851667 2.782868 0.000804
-2.851667 2.632096 0.000804
-2.851667 2.481324 0.000804
-2.851667 2.330552 0.000804
-2.851667 2.179779 0.000804
-2.851667 2.029007 0.000804
-2.851667 1.878235 0.000804
-2.851667 1.727463 0.000804
-2.851667 1.576691 0.000804
-2.851667 1.425919 0.000804
-2.851667 1.275147 0.000804
-2.732360 1.155840 0.000804
-2.613053 1.036534 0.000804
-2.493746 0.917227 0.000804
-2.374440 0.797920 0.000804
-2.255133 0.678613 0.000804
-2.135826 0.559307 0.000804
-2.016519 0.440000 0.000804
-1.861403 0.440000 0.000804
-1.706286 0.440000 0.000804
-1.551169 0.440000 0.000804
-1.396052 0.440000 0.000804
-1.240935 0.440000 0.000804
-1.085818 0.440000 0.000804
-0.930701 0.440000 0.000804
-0.775584 0.440000 0.000804
-0.620468 0.440000 0.000804
-0.465351 0.440000 0.000804
-0.310234 0.440000 0.000804
-0.155117 0.440000 0.000804
0.000000 0.440000 0.000804
0.155117 0.440000 0.000804
0.310234 0.440000 0.000804
0.465351 0.440000 0.000804
0.620468 0.440000 0.000804
0.775584 0.440000 0.000804
0.930701 0.440000 0.000804
1.085818 0.440000 0.000804
1.240935 0.440000 0.000804
1.396052 0.440000 0.000804
1.551169 0.440000 0.000804
1.706286 0.440000 0.000804
1.861403 0.440000 0.000804
2.016519 0.440000 0.000804
2.135826 0.559307 0.000804
2.255133 0.678613 0.000804
2.374440 0.797920 0.000804
2.493746 0.917227 0.000804
2.613053 1.036534 0.000804
2.732360 1.155840 0.000804
2.851667 1.275147 0.000804
2.851667 1.425919 0.000804
2.851667 1.576691 0.000804
2.851667 1.727463 0.000804
2.851667 1.878235 0.000804
2.851667 2.029007 0.000804
2.851667 2.179779 0.000804
2.851667 2.330552 0.000804
2.851667 2.481324 0.000804
2.851667 2.632096 0.000804
2.851667 2.782868 0.000804
2.851667 2.933640 0.000804
2.851667 3.084412 0.000804
2.851667 3.235184 0.000804
2.851667 3.385956 0.000804
2.851667 3.536728 0.000804
2.851667 3.687500 0.000804
2.851667 3.838272 0.000804
2.851667 3.989044 0.000804
2.851667 4.139816 0.000804
2.851667 4.290588 0.000804
2.851667 4.441360 0.000804
2.851667 4.592132 0.000804
2.851667 4.742904 0.000804
2.851667 4.893676 0.000804
2.851667 5.044448 0.000804
2.851667 5.195221 0.000804
2.851667 5.345993 0.000804
2.851667 5.496765 0.000804
2.851667 5.647537 0.000804
2.851667 5.798309 0.000804
2.851667 5.949081 0.000804
2.851667 -1.275147 0.000804
2.732360 -1.155840 0.000804
2.613053 -1.036534 0.000804
2.493746 -0.917227 0.000804
2.374440 -0.797920 0.000804
2.255133 -0.678613 0.000804
2.135826 -0.559307 0.000804
2.016519 -0.440000 0.000804
1.861403 -0.440000 0.000804
1.706286 -0.440000 0.000804
1.551169 -0.440000 0.000804
1.396052 -0.440000 0.000804
1.240935 -0.440000 0.000804
1.085818 -0.440000 0.000804
0.930701 -0.440000 0.000804
0.775584 -0.440000 0.000804
0.620468 -0.440000 0.000804
0.465351 -0.440000 0.000804
0.310234 -0.440000 0.000804
0.155117 -0.440000 0.000804
0.000000 -0.440000 0.000804
-0.155117 -0.440000 0.000804
-0.310234 -0.440000 0.000804
-0.465351 -0.440000 0.000804
-0.620468 -0.440000 0.000804
-0.775584 -0.440000 0.000804
-0.930701 -0.440000 0.000804
-1.085818 -0.440000 0.000804
-1.240935 -0.440000 0.000804
-1.396052 -0.440000 0.000804
-1.551169 -0.440000 0.000804
-1.706286 -0.440000 0.000804
-1.861403 -0.440000 0.000804
-2.016519 -0.440000 0.000804
-2.135826 -0.559307 0.000804
-2.255133 -0.678613 0.000804
-2.374440 -0.797920 0.000804
-2.493746 -0.917227 0.000804
-2.613053 -1.036534 0.000804
-2.732360 -1.155840 0.000804
-2.851667 -1.275147 0.000804
-2.851667 -1.425919 0.000804
-2.851667 -1.576691 0.000804
-2.851667 -1.727463 0.000804
-2.851667 -1.878235 0.000804
-2.851667 -2.029007 0.000804
-2.851667 -2.179779 0.000804
-2.851667 -2.330552 0.000804
-2.851667 -2.481324 0.000804
-2.851667 -2.632096 0.000804
-2.851667 -2.782868 0.000804
-2.851667 -2.933640 0.000804
-2.851667 -3.084412 0.000804
-2.851667 -3.235184 0.000804
-2.851667 -3.385956 0.000804
-2.851667 -3.536728 0.000804
-2.851667 -3.687500 0.000804
-2.851667 -3.838272 0.000804
-2.851667 -3.989044 0.000804
-2.851667 -4.139816 0.000804
-2.851667 -4.290588 0.000804
-2.851667 -4.441360 0.000804
-2.851667 -4.592132 0.000804
-2.851667 -4.742904 0.000804
-2.851667 -4.893676 0.000804
-2.851667 -5.044448 0.000804
-2.851667 -5.195221 0.000804
-2.851667 -5.345993 0.000804
-2.851667 -5.496765 0.000804
-2.851667 -5.647537 0.000804
-2.851667 -5.798309 0.000804
-2.851667 -5.949081 0.000804
-2.851667 -6.099853 0.000804
-2.732360 -6.219160 0.000804
-2.613053 -6.338466 0.000804
-2.493746 -6.457773 0.000804
-2.374440 -6.577080 0.000804
-2.255133 -6.696387 0.000804
-2.135826 -6.815693 0.000804
-2.016519 -6.935000 0.000804
-1.861403 -6.935000 0.000804
-1.706286 -6.935000 0.000804
-1.551169 -6.935000 0.000804
-1.396052 -6.935000 0.000804
-1.240935 -6.935000 0.000804
-1.085818 -6.935000 0.000804
-0.930701 -6.935000 0.000804
-0.775584 -6.935000 0.000804
-0.620468 -6.935000 0.000804
-0.465351 -6.935000 0.000804
-0.310234 -6.935000 0.000804
-0.155117 -6.935000 0.000804
0.000000 -6.935000 0.000804
0.155117 -6.935000 0.000804
0.310234 -6.935000 0.000804
0.465351 -6.935000 0.000804
0.620468 -6.935000 0.000804
0.775584 -6.935000 0.000804
0.930701 -6.935000 0.000804
1.085818 -6.935000 0.000804
1.240935 -6.935000 0.000804
1.396052 -6.935000 0.000804
1.551169 -6.935000 0.000804
1.706286 -6.935000 0.000804
1.861403 -6.935000 0.000804
2.016519 -6.935000 0.000804
2.135826 -6.815693 0.000804
2.255133 -6.696387 0.000804
2.374440 -6.577080 0.000804
2.493746 -6.457773 0.000804
2.613053 -6.338466 0.000804
2.732360 -6.219160 0.000804
2.851667 -6.099853 0.000804
2.851667 -5.949081 0.000804
2.851667 -5.798309 0.000804
2.851667 -5.647537 0.000804
2.851667 -5.496765 0.000804
2.851667 -5.345993 0.000804
2.851667 -5.195221 0.000804
2.851667 -5.044448 0.000804
2.851667 -4.893676 0.000804
2.851667 -4.742904 0.000804
2.851667 -4.592132 0.000804
2.851667 -4.441360 0.000804
2.851667 -4.290588 0.000804
2.851667 -4.139816 0.000804
2.851667 -3.989044 0.000804
2.851667 -3.838272 0.000804
2.851667 -3.687500 0.000804
2.851667 -3.536728 0.000804
2.851667 -3.385956 0.000804
2.851667 -3.235184 0.000804
2.851667 -3.084412 0.000804
2.851667 -2.933640 0.000804
2.851667 -2.782868 0.000804
2.851667 -2.632096 0.000804
2.851667 -2.481324 0.000804
2.851667 -2.330552 0.000804
2.851667 -2.179779 0.000804
2.851667 -2.029007 0.000804
2.851667 -1.878235 0.000804
2.851667 -1.727463 0.000804
2.851667 -1.576691 0.000804
2.851667 -1.425919 0.000804
