4.722745 1.518456 0.047623
3.247041 -1.510157 0.043080
3.431946 -1.549578 0.041360
2.174146 -8.873350 0.044128
2.495047 -8.871724 0.044180
2.339986 -8.780074 0.045174
3.591539 -8.191462 0.041697
3.652258 -8.001848 0.051609
3.807816 -7.989547 0.036066
4.224560 3.164877 0.045186
4.836760 1.406592 0.035871
0.081988 8.135489 0.042763
4.830752 6.866367 0.041279
4.762437 7.030879 0.040869
3.564401 -1.456380 0.048152
2.997486 -0.650778 0.045842
4.835740 3.611909 0.039437
4.534892 2.968327 0.041455
4.722061 2.918464 0.043346
4.836641 -3.069238 0.039309
2.012516 -8.783072 0.045766
2.812150 -8.873304 0.043263
2.660889 -8.780028 0.044582
4.711684 -5.850645 0.044410
4.386180 -5.979423 0.048196
4.183964 -5.999054 0.046834
4.410846 -5.688161 0.045585
4.490249 -5.836730 0.047249
4.815419 -5.994476 0.044995
3.258420 -4.672809 0.045792
3.424774 -8.211243 0.046827
2.983664 -8.806637 0.040787
3.010095 -8.638525 0.046107
4.105583 -6.172145 0.046149
3.840188 -6.397982 0.046408
3.908263 -6.217520 0.046648
3.568032 -7.342757 0.044080
4.827161 -6.566515 0.042743
3.796588 -7.613250 0.044461
0.087768 0.048075 0.038815
0.087768 0.243353 0.038312
0.213613 -0.050838 0.054409
0.914602 0.344257 0.051789
3.760243 3.442371 0.044181
4.080314 3.263324 0.046351
4.836760 1.234365 0.033378
3.869684 -0.724428 0.045543
4.534354 1.447973 0.043043
4.395424 1.545843 0.047939
4.812096 1.676803 0.042728
4.811723 2.226595 0.044203
4.811424 2.782867 0.044750
4.397328 2.874458 0.047916
4.073655 2.684925 0.046334
4.221990 2.971600 0.044298
4.074658 2.877356 0.046822
3.901397 2.590001 0.046619
0.468109 8.763783 0.047041
0.963130 7.932371 0.046650
0.796514 7.825728 0.048725
0.084499 7.179946 0.036103
0.494818 7.628679 0.052731
0.103166 7.807150 0.047307
0.185155 7.950063 0.044690
1.359547 8.758814 0.046670
2.494601 8.871742 0.044182
2.811813 8.873394 0.043259
2.660314 8.780136 0.044554
0.411154 8.568844 0.044100
0.200746 8.269359 0.046651
0.984523 8.137476 0.046450
1.222063 8.859152 0.046405
3.579980 3.528700 0.048506
3.161100 3.594826 0.043533
2.173726 8.873347 0.044128
2.339439 8.780089 0.045152
2.353468 8.596507 0.044465
2.197575 8.509829 0.044953
4.826815 6.573095 0.042617
4.731456 6.727083 0.044680
4.550807 7.239384 0.041589
4.591686 7.065562 0.044723
2.219114 8.328412 0.045476
3.159767 -3.037902 0.042120
3.135739 -3.475896 0.033444
3.135739 -3.305463 0.035296
3.249395 -3.197373 0.047741
4.721426 -2.928910 0.043374
3.156554 -1.386456 0.042163
3.184012 -0.726925 0.045640
3.137589 -4.541538 0.038414
3.157975 -4.266724 0.041642
3.249453 -4.387281 0.044132
3.160603 -2.492485 0.043711
3.136598 -1.663409 0.038639
3.572439 -2.031520 0.048073
3.250560 -1.798666 0.045168
3.160072 -1.940187 0.043845
3.435464 -1.743196 0.040896
3.570757 -1.839927 0.048332
0.640830 -8.861466 0.042884
1.222266 -8.859154 0.046414
0.468180 -8.763773 0.047050
2.354149 -8.596515 0.044467
2.398594 -8.234134 0.044524
2.419190 -8.051770 0.045627
4.812816 4.165320 0.043881
4.836748 3.061272 0.039312
4.495039 4.019070 0.043946
4.707698 4.038033 0.045273
4.820993 3.896783 0.042556
4.730621 3.757630 0.043092
4.545505 3.723588 0.040750
4.423217 3.843779 0.048076
4.211357 4.159411 0.044456
4.390089 4.163642 0.053874
1.847285 -8.874722 0.043891
1.359808 -8.758818 0.046683
1.522579 -8.864664 0.045909
1.677664 -8.774386 0.049131
2.022410 -8.603165 0.044704
2.198203 -8.509884 0.044967
2.219748 -8.328533 0.045481
2.858292 -8.521009 0.043478
2.551821 -8.322952 0.045058
2.680600 -8.595845 0.044242
2.528921 -8.503982 0.045142
4.822376 -5.720377 0.043049
4.823745 -6.275896 0.043495
4.724796 -6.420486 0.045389
4.713053 -6.129191 0.046193
4.505250 -6.128054 0.044160
3.892263 -4.285510 0.043924
4.732675 -4.607244 0.048449
4.827704 -4.435522 0.039655
4.713140 -4.312608 0.046402
0.992902 -7.298801 0.045012
0.963645 -7.512749 0.045245
1.098741 -7.606887 0.045826
3.069105 -8.286884 0.044793
2.733162 -8.239507 0.044716
2.887954 -8.345700 0.046682
3.187377 -8.597200 0.042305
3.388394 -8.390880 0.043045
3.216725 -8.420867 0.046908
4.220346 -6.306829 0.045759
4.440349 -6.592731 0.045943
4.417796 -6.282369 0.046973
4.526650 -6.428096 0.044075
3.901643 -6.715214 0.044652
3.961959 -6.528799 0.044644
4.255946 -6.623196 0.044137
4.144797 -6.483021 0.046133
3.785972 -6.097092 0.045639
3.658428 -6.454637 0.044460
4.227586 -5.624439 0.043071
3.918381 -5.387974 0.042656
3.166943 -4.810653 0.044784
3.607049 -4.886927 0.051360
3.783175 -5.243610 0.045888
3.807211 -4.941256 0.048165
3.877523 -5.093999 0.043969
1.151674 -7.189494 0.043738
2.202136 -7.467646 0.040854
3.449897 -7.212428 0.043282
3.550261 -7.853554 0.042511
3.620575 -7.671880 0.045027
3.508477 -7.537198 0.044809
3.341424 -7.588182 0.042102
3.225137 -7.457597 0.042783
3.274054 -7.276285 0.044863
3.146374 -7.159543 0.043321
2.969092 -7.235427 0.043137
3.056774 -7.534181 0.041407
2.928410 -7.428752 0.045335
4.554398 -7.234657 0.041693
4.473897 -6.913230 0.043333
4.543918 -6.738365 0.042883
4.763928 -7.027734 0.040948
4.594957 -7.059502 0.044743
4.831534 -6.862856 0.041398
4.732585 -6.719759 0.044996
4.303404 -6.950997 0.044741
4.189023 -6.806597 0.044236
4.017558 -6.852837 0.044735
3.736303 -7.288007 0.044884
3.852760 -7.423818 0.044522
3.791408 -7.094962 0.044376
3.960950 -7.043273 0.044415
0.095321 -0.341945 0.042060
0.221166 -0.244527 0.055256
0.406874 0.047733 0.046205
0.743465 0.247549 0.048846
0.210820 0.340356 0.055176
0.404081 0.243648 0.046837
0.560506 0.343292 0.052719
4.837324 -0.865964 0.035379
4.835795 -1.406337 0.038301
4.837324 -0.694206 0.033245
4.033424 -0.451314 0.046819
4.038782 -0.633868 0.047370
3.876626 -0.908127 0.045861
4.051710 -1.001648 0.047097
4.398335 2.114073 0.048269
4.397267 1.733683 0.048648
4.835860 1.950640 0.038531
4.721472 2.080909 0.045164
4.534924 2.020115 0.041364
4.721844 1.795141 0.042610
4.535296 1.829219 0.041359
4.836479 2.504553 0.039199
4.721792 2.643397 0.044033
4.722091 2.356892 0.043227
3.579105 3.155389 0.047722
3.904165 2.973128 0.046363
3.907251 3.165819 0.046743
3.758890 3.256447 0.045283
3.161578 3.046682 0.044460
3.135877 2.216124 0.039157
3.161150 2.493516 0.044623
3.250916 2.356292 0.043878
4.213572 1.451874 0.045267
3.437723 2.304763 0.041218
3.575439 2.399397 0.048069
3.160033 1.938263 0.044094
3.249799 2.070186 0.043330
3.436606 2.115594 0.041392
3.572878 2.019691 0.047957
0.095103 8.758939 0.046381
0.118758 8.448780 0.055862
0.213861 8.564000 0.042759
0.181544 8.867314 0.037998
0.357256 8.867314 0.039243
0.177874 7.298649 0.048928
0.379690 7.536146 0.044933
0.093375 7.494606 0.042444
0.196542 7.627995 0.049470
1.522304 8.864662 0.045900
1.533894 8.318082 0.041144
1.506960 8.479744 0.050502
1.342315 8.550746 0.047621
1.177455 8.443465 0.049392
1.153480 8.240525 0.048892
1.285137 8.114801 0.049164
1.437208 8.161590 0.041634
2.983252 8.806894 0.040732
3.186528 8.597905 0.042247
3.009325 8.638996 0.046084
0.544900 8.460389 0.049243
0.838253 8.240124 0.050032
1.059759 8.754142 0.048067
1.032383 8.546524 0.046588
0.724035 8.550318 0.046241
0.862138 8.446232 0.048947
3.159770 4.134983 0.041921
3.440193 3.245002 0.041319
3.439715 3.432389 0.041278
3.251435 3.470384 0.042780
3.136446 3.320930 0.038834
3.251913 3.187467 0.044112
1.397645 7.774683 0.045228
1.400908 7.581239 0.046403
1.101699 7.820259 0.048992
1.254749 7.899641 0.043206
4.819261 5.170830 0.041475
4.541309 6.749355 0.042736
4.469854 6.923322 0.043155
3.065410 7.728494 0.041357
2.246070 7.806022 0.042939
2.252212 7.971938 0.046502
3.899935 -2.990353 0.046474
4.835532 -3.617107 0.039349
4.729832 -3.763253 0.043008
4.491135 -4.025691 0.043874
3.882908 -1.277081 0.045717
4.213052 -1.280531 0.044455
4.054561 -1.186519 0.047492
4.810895 -2.791721 0.044944
4.070898 -2.893942 0.046874
2.423238 0.028526 0.045574
2.571239 -0.095523 0.048733
3.001643 -0.479805 0.047604
2.850074 -0.368984 0.048295
3.542345 -0.901515 0.046514
3.548207 -1.269495 0.046164
3.715216 -0.998061 0.046310
3.718647 -1.182144 0.046583
3.199618 -0.891598 0.044513
3.026293 -0.983709 0.046597
3.039462 -1.136091 0.038916
3.381498 -0.981351 0.043908
3.215218 -1.227878 0.043639
3.383929 -1.165249 0.047038
3.247939 -4.107148 0.047505
3.136075 -3.998067 0.035342
3.136075 -3.828039 0.033492
2.634921 -0.708900 0.046766
2.821601 -0.756369 0.049467
2.834802 -0.924626 0.042294
1.734220 -0.338194 0.048979
3.136348 -2.216623 0.038896
3.250309 -2.075706 0.043979
3.250841 -2.361880 0.043667
3.437427 -2.316721 0.041225
3.436896 -2.126333 0.041320
1.768707 0.062909 0.050810
1.032598 -8.546528 0.046598
0.763050 -8.756456 0.047348
0.928545 -8.859990 0.044915
1.059947 -8.754144 0.048078
1.177715 -8.443475 0.049402
1.342606 -8.550754 0.047633
0.095123 -8.758932 0.046390
0.181570 -8.867307 0.038004
0.357299 -8.867307 0.039250
0.081999 -8.135468 0.042769
0.838445 -8.240139 0.050041
0.678755 -8.141973 0.045344
0.724178 -8.550319 0.046249
0.862325 -8.446237 0.048957
4.810560 3.339424 0.044934
4.720188 3.473625 0.041647
4.721196 3.204137 0.043551
4.535071 3.536557 0.039702
4.401086 3.452892 0.049340
4.399034 3.255648 0.047286
4.534027 3.156240 0.041247
3.915983 3.546443 0.048052
4.245689 3.760674 0.046141
4.087692 3.458023 0.047448
4.233991 3.556819 0.043311
4.263204 4.545101 0.042888
3.963446 4.787258 0.045777
4.274207 4.747778 0.042803
4.150163 4.854511 0.045618
4.828522 4.438882 0.039698
4.715227 4.313702 0.047044
4.505159 4.330986 0.045963
4.438768 4.482106 0.043979
4.724718 5.000357 0.048809
4.733979 4.614283 0.049278
4.554293 4.640223 0.042520
4.452819 4.797873 0.044855
4.525654 4.960701 0.046336
1.679590 -8.597555 0.042456
1.859104 -8.517985 0.045896
1.534246 -8.318124 0.041151
1.507303 -8.479770 0.050510
1.743010 -8.085681 0.043587
1.727005 -8.261432 0.042039
1.879577 -8.343508 0.044903
2.064428 -8.247337 0.044741
3.446757 -4.611018 0.041559
3.590920 -4.694802 0.048600
3.437789 -4.418806 0.042474
3.567883 -4.313404 0.047930
3.763810 -4.580710 0.045779
3.749742 -4.391524 0.044848
4.831083 -4.720300 0.036286
4.831083 -4.889025 0.035866
4.084171 -4.330663 0.042784
4.499953 -4.332114 0.045877
4.202403 -4.170742 0.044381
4.383649 -4.169946 0.053765
4.550256 -4.631944 0.042532
4.448742 -4.786886 0.044655
4.432097 -4.479728 0.043142
4.820981 -5.160217 0.040739
4.725953 -4.987551 0.047213
4.526032 -4.945565 0.045745
0.093381 -7.494596 0.042445
0.345691 -7.203691 0.044498
0.084498 -7.179948 0.036103
0.177880 -7.298639 0.048927
0.444368 -7.307821 0.043083
2.754739 -8.063386 0.046154
2.593994 -7.964467 0.044898
3.138982 -5.603912 0.038965
3.147874 -5.886723 0.040281
3.240745 -5.755254 0.044206
3.165696 -5.338900 0.044595
3.258566 -5.471500 0.043133
3.596807 -5.280260 0.051332
3.900462 -5.558637 0.046791
3.852462 -5.922311 0.045911
4.053133 -5.869648 0.048583
4.079047 -5.694748 0.046725
0.875672 -7.194307 0.043571
0.715511 -7.298436 0.045904
0.605742 -7.189130 0.040741
2.415248 -7.697790 0.046200
2.383986 -7.537993 0.042261
2.749920 -7.696416 0.043350
2.596218 -7.776306 0.049809
2.757777 -7.507944 0.045864
2.049954 -7.178853 0.043553
2.196567 -7.279800 0.044664
2.385873 -7.053959 0.044373
2.360824 -7.223446 0.040981
2.484786 -7.387645 0.040873
2.635690 -7.364588 0.046991
3.727200 -6.770401 0.044876
3.605755 -6.640641 0.045025
3.673572 -6.959713 0.044362
3.500332 -7.022428 0.045502
4.136844 -7.656506 0.039452
3.931449 -7.865914 0.035645
3.943287 -7.721168 0.047533
4.345732 -7.444651 0.041235
4.379336 -7.273844 0.045704
4.249401 -7.136455 0.043727
4.078413 -7.182492 0.044819
4.162713 -7.494762 0.046690
4.025328 -7.369991 0.044195
0.563313 -0.046517 0.052228
0.743479 0.053654 0.049531
0.909029 -0.042877 0.050436
1.796367 0.254436 0.047721
1.630577 0.346451 0.051979
2.097515 0.055927 0.048231
2.240606 -0.047512 0.046246
1.919757 -0.037171 0.048345
2.218737 -0.242415 0.047416
1.898697 -0.238489 0.048320
2.054586 -0.340295 0.047995
4.217120 -1.467667 0.045131
4.810940 -1.134609 0.042775
4.720624 -1.250355 0.042306
4.722153 -0.975307 0.048094
4.533331 -1.282244 0.041289
4.391574 -1.187727 0.049112
4.715691 -0.616673 0.049726
4.837788 0.182464 0.034697
4.527291 -0.717672 0.040924
4.378020 -0.631588 0.048970
4.533753 -0.904549 0.043019
4.390468 -1.002546 0.048305
4.203109 -0.726397 0.044702
4.209095 -0.910479 0.044868
4.518877 0.358698 0.042157
4.527319 1.259776 0.040978
4.715710 1.158032 0.050239
3.750112 2.113621 0.044713
4.072733 2.303145 0.046566
3.900388 2.398862 0.046413
3.751556 2.304159 0.044761
4.219596 1.828374 0.044733
3.898284 2.018087 0.046574
4.221037 2.017868 0.044920
4.072074 2.112908 0.046464
4.397803 2.684432 0.048062
4.535097 2.589944 0.041319
4.221463 2.589143 0.044719
4.221550 2.398502 0.044786
4.398189 2.304470 0.048079
4.535396 2.400623 0.041373
3.578523 2.967637 0.048400
3.576329 2.589408 0.048073
3.753456 2.685309 0.044717
3.755221 2.876004 0.044924
3.570704 1.828817 0.048352
0.605709 7.189108 0.040731
0.444333 7.307811 0.043065
0.345684 7.203702 0.044502
0.715439 7.298410 0.045895
0.669191 7.509646 0.044911
0.800046 7.619482 0.049235
3.140893 5.071074 0.035541
3.140893 4.905516 0.035073
3.024103 6.398708 0.039242
1.846933 8.874720 0.043885
2.012066 8.783067 0.045749
1.679201 8.597533 0.042451
1.677314 8.774383 0.049114
1.858639 8.517936 0.045886
2.021885 8.603132 0.044699
3.279922 8.063778 0.046807
3.422770 8.212599 0.046744
3.386958 8.392003 0.043012
3.215444 8.421691 0.046882
0.678607 8.141956 0.045333
0.658261 7.932665 0.047694
0.376496 8.176478 0.042156
0.523358 8.258134 0.052043
0.360905 7.973086 0.044924
0.487420 7.845452 0.049453
0.928406 8.859990 0.044906
0.640748 8.861469 0.042876
0.762927 8.756459 0.047337
3.250701 4.026901 0.041389
3.137042 3.866615 0.037558
3.252030 3.744623 0.046339
3.916691 3.727458 0.044304
4.090718 4.014269 0.043221
4.100098 3.842893 0.048780
3.136406 4.398944 0.034496
3.250065 4.300585 0.048249
3.441497 4.378234 0.043562
3.136406 4.568170 0.034265
3.152783 5.872592 0.041488
3.246548 5.168891 0.044385
4.724217 6.430906 0.045059
4.823513 6.284391 0.043504
4.718499 6.140319 0.045419
4.815937 5.440464 0.043706
4.709086 5.285598 0.046783
4.505761 5.852464 0.045465
4.399710 5.708377 0.047199
4.499034 5.557460 0.045292
4.710099 5.566562 0.047218
4.092155 5.900180 0.044870
4.191782 5.732511 0.046891
3.884354 5.936425 0.045859
4.297498 6.962379 0.044491
1.564816 7.845302 0.046498
1.573990 8.017048 0.041393
3.589451 8.193216 0.041685
3.805131 7.991969 0.036176
3.649299 8.004209 0.051383
3.096383 8.108970 0.047108
3.067717 8.287479 0.044734
4.132878 7.660380 0.039320
3.928625 7.868475 0.035601
3.939023 7.725076 0.047145
4.018175 7.376677 0.044251
4.157292 7.500454 0.046365
4.070673 7.190937 0.044502
4.242700 7.145736 0.043704
4.341267 7.449479 0.041115
4.374177 7.280501 0.045515
3.546566 7.855442 0.042588
3.343870 7.895628 0.049152
3.246997 7.763809 0.041009
3.574139 -2.987202 0.048775
3.751405 -2.893688 0.044852
3.436494 -3.271155 0.042490
3.574513 -3.175403 0.047760
4.809903 -3.346365 0.044962
4.720433 -3.213254 0.043321
4.719324 -3.480973 0.041570
4.220997 -3.179758 0.045338
4.218638 -2.987073 0.044359
4.532429 -3.167904 0.041250
4.396201 -3.268284 0.047416
4.533422 -2.981194 0.041530
4.394834 -2.888889 0.047936
4.230595 -3.570720 0.043446
4.241581 -3.773524 0.046249
4.533510 -3.545875 0.039687
4.398391 -3.464516 0.049336
4.544018 -3.731619 0.040684
4.419885 -3.853063 0.048480
4.820411 -3.900451 0.042471
4.811547 -4.166193 0.043856
4.705847 -4.041444 0.045050
4.534180 -2.039451 0.041373
4.811165 -2.234968 0.044757
4.721386 -2.094620 0.044080
4.720968 -1.534277 0.045231
4.533675 -1.471925 0.041485
4.395986 -1.564544 0.048231
4.534299 -1.850739 0.041362
4.396074 -1.753939 0.048226
4.836650 -2.513357 0.039348
4.721435 -2.655090 0.043606
4.721705 -2.369289 0.043372
3.748847 -2.127746 0.044645
2.480791 0.199181 0.044904
2.745059 -0.044153 0.041780
2.881205 -0.174922 0.042221
3.566119 -4.122286 0.046475
3.434511 -4.030279 0.042881
1.588817 -0.037642 0.048669
1.575389 -0.237426 0.050084
1.244924 -0.239138 0.050786
1.409217 -0.339232 0.049054
1.437535 -8.161624 0.041640
1.397981 -7.774723 0.045238
1.574346 -8.017106 0.041400
1.565182 -7.845362 0.046506
0.103193 -7.807135 0.047316
0.185192 -7.950038 0.044697
0.196574 -7.627975 0.049482
0.360976 -7.973071 0.044934
0.379749 -7.536148 0.044944
0.200785 -8.269335 0.046663
0.118785 -8.448767 0.055877
0.213909 -8.563984 0.042768
0.411236 -8.568825 0.044107
0.545015 -8.460381 0.049253
0.376569 -8.176463 0.042165
0.523472 -8.258133 0.052051
1.886348 -7.275422 0.045201
1.740665 -7.181569 0.043651
4.831569 4.896099 0.036040
4.831569 4.726877 0.035954
2.076866 -8.073412 0.043158
2.246617 -7.806425 0.042940
2.252782 -7.972244 0.046508
1.908021 -7.993831 0.044754
4.102490 -4.492252 0.047562
4.253015 -4.547402 0.042578
3.951923 -4.804706 0.045947
3.924651 -4.636284 0.044338
4.143028 -4.857456 0.045450
4.266281 -4.744185 0.042491
4.408680 -5.089341 0.045494
4.236641 -5.426694 0.043430
4.106022 -5.326340 0.045776
4.208138 -5.043933 0.046582
4.087345 -5.143926 0.043218
4.531431 -5.543286 0.041658
4.422786 -5.385127 0.045457
4.507751 -5.241419 0.046881
4.720131 -5.270310 0.043775
4.825261 -5.432318 0.041093
4.721526 -5.561587 0.048647
2.938569 -7.991318 0.046905
3.098144 -8.108623 0.047076
3.067748 -7.729466 0.041343
2.931527 -7.812510 0.048429
3.282144 -8.062969 0.046847
3.346912 -7.894894 0.049150
3.250173 -7.764204 0.040952
2.805702 -6.621407 0.041725
2.990747 -6.565438 0.045922
3.257482 -6.042753 0.045897
3.346212 -6.407737 0.044908
3.522353 -6.330713 0.047935
3.462042 -6.035352 0.044506
3.581822 -6.153629 0.046710
3.468433 -4.985866 0.043500
3.467186 -5.165606 0.043418
3.263968 -4.937895 0.043792
3.143136 -5.073939 0.040010
3.262721 -5.209271 0.044240
3.746881 -5.611863 0.043805
3.724795 -5.800636 0.045156
3.578433 -5.477850 0.045863
3.444657 -5.542554 0.039858
3.538525 -5.857139 0.045662
3.426836 -5.733071 0.041772
2.591098 -6.841130 0.043046
2.558727 -7.017368 0.044337
2.899513 -6.920527 0.042150
2.769114 -6.794258 0.045978
2.847353 -7.113828 0.047264
2.684583 -7.163798 0.041433
3.306514 -6.602677 0.043299
3.429983 -6.711656 0.045422
3.378187 -6.904132 0.042953
3.129596 -6.677735 0.042651
3.074950 -6.859972 0.045271
3.200072 -6.977390 0.044228
0.420193 -0.342582 0.045463
0.569080 -0.243143 0.052553
3.560931 1.445080 0.047807
2.146922 0.249555 0.047109
1.996823 0.347985 0.053095
2.347566 0.316772 0.048378
2.395979 -0.512105 0.039902
2.374626 -0.335693 0.045248
2.544497 -0.264838 0.040381
2.595847 -0.556917 0.042147
2.687186 -0.407530 0.041691
3.746152 -1.745884 0.044876
4.067102 -1.560582 0.046310
3.743315 -1.555955 0.044374
3.891382 -1.464008 0.046769
4.837836 -0.342818 0.034894
4.716203 -0.436335 0.048969
4.837836 -0.168318 0.034423
4.363574 0.447435 0.047514
4.365249 0.626072 0.048268
4.186999 0.716163 0.044404
4.837788 0.357235 0.034767
4.713309 0.445873 0.049251
4.837613 0.881613 0.034945
4.716562 0.976041 0.048871
4.837613 0.707484 0.034401
4.713133 0.622267 0.049556
4.520378 0.713730 0.041698
4.523806 0.893375 0.042617
4.064109 1.544811 0.046302
4.068290 1.733471 0.046715
3.886440 1.449260 0.046722
3.740274 1.542580 0.044494
3.895942 1.828144 0.046546
3.745595 1.732804 0.044674
3.439040 2.870068 0.041237
3.438612 2.682534 0.041406
3.251342 2.914718 0.043349
3.135876 2.770150 0.039155
3.250914 2.630250 0.043517
4.193115 0.897558 0.045359
4.204342 1.265751 0.044717
4.379159 1.171523 0.049145
4.374794 0.987112 0.047542
3.483107 0.353508 0.046014
1.278571 7.289368 0.044927
1.254819 7.492805 0.044653
1.098506 7.606868 0.045814
0.963470 7.512733 0.045236
2.559077 7.016152 0.044375
2.414588 7.697228 0.046205
1.440034 7.184881 0.043625
3.579288 3.714011 0.047909
3.439619 3.807808 0.041432
3.760259 3.808697 0.044783
3.438289 3.998300 0.041410
3.937956 4.615684 0.044324
3.775875 4.549437 0.046361
4.094797 4.315937 0.042804
4.113670 4.480259 0.048208
3.268616 4.826107 0.047766
3.264130 4.655320 0.050338
3.606152 4.651402 0.047856
3.455561 4.563743 0.041245
3.151766 5.331963 0.039327
4.821097 5.999909 0.043947
4.820273 5.718039 0.043737
4.715259 5.853023 0.046018
4.437573 6.608172 0.045494
4.525122 6.443711 0.043919
4.400422 5.106013 0.047325
4.489312 5.260436 0.047767
4.385097 5.406200 0.049295
4.203542 5.049917 0.047164
4.071750 5.137616 0.043878
4.086802 5.607266 0.044618
4.180792 5.431872 0.047522
4.061002 5.314606 0.045224
3.857289 5.354700 0.042432
3.471706 6.009933 0.046915
3.202407 6.307710 0.044173
3.155667 6.144516 0.040962
3.262339 6.019858 0.049697
1.742625 8.085583 0.043576
1.879122 8.343409 0.044896
1.726618 8.261344 0.042036
1.907606 7.993656 0.044752
2.063907 8.247188 0.044731
2.076385 8.073197 0.043152
3.143633 7.155531 0.043136
3.054250 7.532272 0.041406
2.929846 7.811976 0.048420
2.937038 7.991247 0.046858
2.748710 7.695663 0.043299
2.595362 7.775777 0.049804
2.528111 8.504032 0.045118
2.679795 8.596008 0.044242
2.857367 8.521367 0.043445
2.886843 8.346065 0.046690
3.790892 7.617118 0.044500
3.615518 7.673992 0.045020
3.845629 7.428644 0.044362
3.250420 -2.921474 0.042628
3.437145 -2.889409 0.041231
3.437981 -2.698570 0.041281
3.136763 -2.766005 0.038220
3.251256 -2.636943 0.045144
3.902672 -3.183355 0.046974
3.754516 -3.274891 0.045252
4.075994 -3.279629 0.046441
4.083401 -3.474360 0.047635
4.836332 -1.957569 0.039128
4.811284 -1.680667 0.044108
4.721504 -1.809058 0.043106
3.749430 -2.319329 0.044827
3.573553 -2.413490 0.048136
3.573692 -2.605117 0.048331
3.750122 -2.702442 0.044820
4.534413 -2.416948 0.041420
4.395546 -2.699838 0.048059
4.534143 -2.605006 0.041371
3.857677 -0.359314 0.045826
3.852494 -0.178049 0.045428
3.034764 -0.098304 0.043067
2.753498 0.411637 0.047533
3.133454 0.188697 0.051197
3.003029 0.100525 0.039381
2.696556 0.248078 0.049262
2.812823 0.128793 0.042392
4.082469 -4.030943 0.043474
4.094274 -3.859223 0.049059
3.892087 -4.106118 0.044304
3.747801 -4.021014 0.044712
3.439476 -3.837588 0.040887
3.252567 -3.557936 0.048704
3.252904 -3.744428 0.049342
3.439666 -3.461285 0.040953
1.091402 0.249342 0.049322
1.085816 0.056103 0.050644
1.250991 -0.040718 0.049533
1.270677 0.345086 0.051633
1.442812 0.251537 0.048953
1.428712 0.058972 0.051079
1.153743 -8.240534 0.048904
1.285430 -8.114819 0.049176
0.984745 -8.137490 0.046459
0.963351 -7.932386 0.046661
1.101958 -7.820273 0.049002
1.255040 -7.899661 0.043216
0.487537 -7.845466 0.049464
0.658413 -7.932697 0.047702
0.796709 -7.825761 0.048733
0.494928 -7.628711 0.052744
0.800220 -7.619509 0.049245
0.669316 -7.509690 0.044917
1.883350 -7.460519 0.042818
1.903062 -7.817017 0.044739
1.728888 -7.737123 0.043340
1.722393 -7.559608 0.046935
2.052524 -7.551796 0.046456
2.065742 -7.730778 0.043337
1.561921 -7.474404 0.043837
1.255056 -7.492833 0.044662
1.401214 -7.581279 0.046418
1.278732 -7.289388 0.044942
1.440163 -7.184893 0.043633
1.577194 -7.281463 0.045352
3.155719 -6.154381 0.040332
3.201121 -6.319824 0.044071
3.022573 -6.402467 0.040043
1.080144 -0.339906 0.048881
0.909424 -0.240467 0.051466
0.749640 -0.340561 0.048049
3.155581 1.383718 0.041892
2.805146 0.751667 0.047472
2.826529 0.917249 0.042896
2.398327 0.487833 0.045604
2.616392 0.701228 0.045423
2.588493 0.533799 0.046479
4.218790 -1.846144 0.044852
4.068686 -1.749664 0.046688
3.896817 -2.033288 0.046657
3.895803 -1.843019 0.046474
4.713835 0.094358 0.049224
4.713883 -0.082469 0.049408
4.519404 0.181955 0.042236
4.019395 0.625050 0.047418
3.666372 0.440370 0.045626
3.872927 1.262290 0.045810
4.041366 1.171718 0.047452
4.034504 0.987935 0.046672
1.151577 7.189487 0.043731
0.875612 7.194302 0.043565
0.992788 7.298789 0.045000
2.899957 6.916880 0.042147
2.992931 6.560073 0.046211
2.591555 6.840158 0.042934
2.806704 6.619452 0.041443
2.770153 6.791752 0.046137
2.756592 7.506778 0.045834
2.635134 7.363389 0.046893
2.926569 7.426868 0.045222
2.967393 7.232614 0.043095
2.846798 7.111242 0.047119
2.684516 7.162108 0.041427
1.728469 7.737031 0.043330
1.902624 7.816850 0.044725
2.065260 7.730475 0.043340
2.052104 7.551551 0.046422
1.576997 7.281425 0.045336
1.883012 7.460415 0.042814
1.740524 7.181544 0.043642
1.886149 7.275360 0.045188
1.561624 7.474346 0.043830
1.722014 7.559519 0.046917
2.049845 7.178816 0.043545
2.385994 7.053486 0.044311
3.576186 4.276462 0.047277
3.572343 4.088251 0.047091
3.903182 4.261932 0.044278
3.759974 4.360007 0.044551
3.901695 4.082582 0.044238
3.754643 3.992445 0.044858
3.460242 5.407995 0.043779
3.257063 5.446098 0.047267
3.258080 5.731449 0.047519
3.151408 5.600458 0.040813
3.777452 5.805390 0.046671
3.563659 5.538873 0.046222
3.880272 5.643899 0.044766
3.770550 5.508600 0.048383
3.571222 5.839185 0.046165
3.467152 5.707967 0.046306
3.447783 5.103324 0.044712
3.556181 5.228295 0.048089
3.615956 4.842971 0.049730
3.469852 4.926099 0.041656
3.746336 5.205272 0.046392
3.811168 4.912581 0.048709
3.866094 5.067532 0.042963
4.199854 6.028884 0.046352
4.418351 6.303148 0.045763
4.405533 6.005302 0.046111
4.512432 6.146271 0.044833
3.584858 6.139919 0.047499
3.791276 6.100206 0.045716
4.251167 6.639706 0.043719
4.182548 6.819945 0.044227
2.753648 8.063295 0.046181
2.732118 8.239603 0.044686
2.593108 7.964138 0.044883
2.418476 8.051505 0.045629
2.397855 8.233988 0.044506
2.550958 8.322930 0.045068
3.728840 7.290544 0.044909
3.494382 7.018254 0.045676
3.756606 -3.462351 0.044592
3.579775 -3.552993 0.048430
3.579248 -3.742804 0.048008
3.912170 -3.565546 0.048036
3.912056 -3.747606 0.044485
3.755965 -3.834223 0.045110
4.070173 -2.701620 0.046327
4.218625 -2.605699 0.044818
3.897926 -2.606784 0.046683
3.897373 -2.415298 0.046523
4.396177 -2.132491 0.048106
4.396091 -2.321845 0.048042
4.219012 -2.035984 0.044765
4.069921 -2.129774 0.046473
4.069894 -2.320201 0.046515
4.218899 -2.415765 0.044794
3.357461 -0.633592 0.044856
3.533913 -0.718428 0.045204
3.699842 -0.631276 0.046821
3.693192 -0.448716 0.046519
3.250346 1.793263 0.045282
3.136424 1.661262 0.038605
3.434980 1.733810 0.040796
3.430527 1.540298 0.041349
3.245894 1.504761 0.042734
3.308545 0.442383 0.046060
3.118074 0.365498 0.046848
2.946816 0.467376 0.047451
2.970566 0.639977 0.045717
3.034871 1.131677 0.039768
3.017874 0.976364 0.046547
3.211174 1.222041 0.043639
4.365205 0.092658 0.047428
4.023778 -0.088266 0.047129
3.839190 0.179388 0.046177
3.836739 0.356213 0.046027
4.015549 0.446388 0.046411
4.019104 0.091529 0.046229
4.181478 0.358864 0.044872
4.182582 0.180830 0.044975
3.673872 0.617749 0.047310
3.848085 0.712255 0.045276
3.857078 0.893745 0.046267
2.360883 7.222824 0.040973
2.196492 7.279542 0.044643
2.201887 7.467223 0.040892
2.383561 7.537353 0.042222
2.484583 7.386771 0.040862
3.599420 6.634417 0.045193
3.652546 6.449199 0.044350
3.345924 6.391028 0.045484
3.519007 6.316249 0.048169
3.130852 6.669866 0.042714
3.305541 6.591820 0.042544
3.425498 6.702260 0.045806
3.373891 6.897585 0.042702
3.197510 6.971653 0.044328
3.074429 6.854374 0.044962
4.140327 6.500813 0.045832
4.108365 6.195422 0.045319
4.219962 6.328717 0.045279
3.955850 6.540181 0.044096
3.907587 6.230499 0.045880
3.834708 6.403162 0.046848
3.719483 6.770389 0.044693
3.893751 6.722190 0.044908
4.009608 6.863061 0.044263
3.666053 6.958900 0.044404
3.952531 7.050696 0.044556
3.783244 7.098335 0.044122
3.444520 7.209659 0.043138
3.561787 7.342513 0.044066
3.270151 7.272868 0.045013
3.221592 7.455354 0.042638
3.337377 7.587119 0.042189
3.503203 7.537488 0.044743
3.519305 -0.360426 0.045129
3.182201 -0.193069 0.047993
3.180211 -0.380508 0.043916
3.349503 -0.458148 0.047950
3.158563 0.707993 0.046505
3.184488 0.878798 0.044313
3.325284 0.612276 0.045996
3.507346 0.700781 0.044870
4.521406 -0.173823 0.041780
4.367158 -0.086293 0.048061
4.373942 -0.447443 0.047564
4.523725 -0.353190 0.042351
4.193673 -0.359699 0.045107
4.189209 -0.177916 0.044427
3.374833 1.153943 0.046640
3.539956 1.256405 0.046429
3.365144 0.966014 0.044377
3.521280 0.883714 0.046944
3.705787 1.166935 0.046632
3.696800 0.982173 0.046103
3.513015 -0.179672 0.046721
3.673088 0.090946 0.045235
3.681720 -0.086697 0.046485
3.345202 -0.089955 0.045738
3.487372 0.180909 0.048074
3.328190 0.092982 0.043992
4.452199 7.474059 -0.000000
4.316853 7.609405 0.000000
-4.721597 6.111971 0.046938
-0.723995 8.544062 0.046568
-0.466488 8.760731 0.047452
-3.776986 -7.852517 0.043927
-3.862939 7.511459 0.040909
-4.810702 6.263857 0.046092
-4.837006 5.978641 0.039312
-4.560615 7.240180 0.040089
-4.498956 6.905887 0.042931
-4.835713 6.854921 0.040877
-4.768285 7.022836 0.041004
-4.608651 7.057006 0.043103
-4.346196 6.943859 0.041077
-4.379270 7.270868 0.047923
-4.334942 7.440660 0.044424
-4.166955 7.483560 0.044239
-4.274547 7.125667 0.040456
-4.006043 7.384484 0.041721
-3.980852 7.211660 0.049338
-4.102568 7.100008 0.041363
-1.351628 8.750955 0.048370
-1.336341 8.539722 0.047084
-0.863659 8.438175 0.049595
-1.166233 8.228922 0.048430
-1.175234 8.436290 0.049396
-1.030896 8.540754 0.047115
-1.213816 8.858563 0.046372
-1.054190 8.751794 0.048089
-0.095304 8.756015 0.047120
-0.180988 8.865884 0.038217
-0.355290 8.865884 0.039526
-0.529534 8.249297 0.052043
-0.119318 8.441055 0.056942
-0.214623 8.557859 0.043637
-0.546281 8.452676 0.050146
-0.411504 8.562576 0.044618
-0.095677 7.489733 0.042907
-0.085286 7.179667 0.036332
-0.180963 7.295408 0.048846
-2.461857 -8.876349 0.044310
-3.761766 -8.033252 0.040473
-3.939907 -7.820838 0.045934
-0.095281 0.341896 0.042063
-0.221081 0.244510 0.055229
-0.213551 0.050923 0.054337
-4.140706 7.660465 0.039999
-3.922193 7.837280 0.046531
-3.952791 7.681595 0.042211
-3.710184 7.459336 0.048055
-4.829708 6.547200 0.042313
-4.739311 6.700487 0.046129
-4.714299 6.396199 0.045832
-4.562187 6.717284 0.041757
-4.508579 6.413866 0.045527
-4.446864 6.581664 0.044218
-4.223954 6.809087 0.041286
-4.261391 6.635496 0.043392
-4.112287 6.530962 0.045946
-4.069464 6.901289 0.040013
-3.424610 6.111470 0.041016
-3.538487 5.974734 0.044132
-3.710090 6.051733 0.039551
-3.855941 5.986384 0.049078
-3.685358 6.253970 0.041860
-3.802725 6.353451 0.046744
-3.510045 6.283195 0.041887
-1.809072 8.865859 0.045964
-1.509115 8.857392 0.047527
-1.648891 8.758251 0.045656
-1.484519 8.433728 0.048858
-1.639582 8.545821 0.048418
-2.126714 8.870835 0.045360
-1.958267 8.771695 0.046614
-0.922495 8.858231 0.045268
-0.759536 8.753078 0.047890
-0.636806 8.859847 0.043211
-0.682265 7.926519 0.048543
-1.007535 8.126069 0.048919
-0.692889 8.133366 0.047168
-0.849300 8.230858 0.049859
-0.107757 7.798921 0.048798
-0.507348 7.838575 0.051503
-0.203434 7.619702 0.051156
-3.543975 8.235799 0.042299
-2.128590 -8.871280 0.045273
-2.289799 -8.782628 0.047045
-3.152880 -8.606757 0.045323
-3.369397 -8.430255 0.039514
-3.181188 -8.451844 0.043616
-4.151311 -7.644361 0.040530
-3.967358 -7.662800 0.042080
-4.192243 -0.879668 0.045113
-4.373896 -0.968201 0.046973
-4.527061 -1.237789 0.040694
-4.378253 -1.151357 0.048830
-0.568742 0.243170 0.052492
-0.419989 0.342614 0.045413
-0.749138 0.340556 0.048011
-0.087751 -0.048083 0.038812
-0.087751 -0.243313 0.038280
-0.210721 -0.340254 0.055196
-0.562959 0.046530 0.052185
-0.406676 -0.047613 0.046140
-0.403845 -0.243561 0.046814
-3.562056 7.567087 0.048489
-3.799119 7.127165 0.042124
-3.671556 7.247866 0.045913
-4.817407 5.693477 0.042682
-4.728301 5.815637 0.043123
-4.405267 5.587352 0.045064
-3.145679 5.897116 0.038567
-3.141969 6.170997 0.035190
-3.241537 6.067497 0.047228
-3.575981 5.670383 0.049560
-3.466937 5.813772 0.045489
-3.157634 5.632331 0.041975
-3.257202 5.780128 0.046048
-3.757999 5.678517 0.042854
-3.878310 5.822449 0.041974
-4.073337 5.771319 0.042940
-3.137327 3.294748 0.038757
-3.136399 4.534209 0.033532
-3.249835 4.618949 0.047385
-3.136399 4.365464 0.035028
-3.585491 4.766897 0.044587
-3.917115 4.738148 0.043218
-3.777127 4.832325 0.043224
-3.159548 4.791662 0.041676
-3.451218 4.887859 0.045214
-3.509401 5.057600 0.042606
-3.252890 4.895150 0.044517
-3.139453 5.064013 0.037563
-4.033676 6.105691 0.043079
-4.365785 6.303497 0.045033
-4.154967 6.366761 0.044607
-4.005192 6.270521 0.044697
-4.537417 5.463245 0.046849
-4.836356 5.409886 0.035046
-4.727652 5.518947 0.051696
-4.816381 4.646950 0.043388
-4.724164 4.792502 0.046604
-3.620979 6.646590 0.043705
-3.931094 6.818700 0.046413
-3.936480 6.621964 0.041537
-3.776692 6.540694 0.049778
-3.782465 6.932924 0.044701
-3.632137 6.842084 0.044982
-1.644676 8.124749 0.049811
-1.320284 7.921453 0.048965
-1.324740 8.126028 0.049297
-1.481919 8.227402 0.047832
-1.791220 8.248244 0.049678
-1.783526 8.462990 0.043952
-1.942032 8.581255 0.045205
-2.104333 8.501319 0.047558
-1.641981 7.922116 0.049648
-1.474768 7.820195 0.048347
-1.766877 7.190255 0.046032
-1.314162 7.509929 0.046751
-1.322587 7.299070 0.048203
-1.468370 7.614634 0.049580
-1.618823 7.509031 0.046856
-1.475156 7.192172 0.046213
-1.617183 7.297427 0.047154
-3.435511 6.580598 0.051335
-3.386642 6.415552 0.047583
-3.201639 6.347327 0.040140
-3.378355 7.466135 0.044928
-1.913027 7.292598 0.046671
-0.831965 7.819251 0.050534
-1.155342 7.613624 0.050096
-1.155065 7.819588 0.049150
-1.000824 7.921310 0.048414
-0.371748 7.962072 0.045773
-0.191614 7.938896 0.045614
-0.383310 8.165947 0.043396
-0.083857 8.125006 0.043693
-0.203175 8.258558 0.047750
-0.351063 7.200741 0.044174
-1.184645 7.191899 0.045520
-3.137885 3.830979 0.038062
-3.200398 8.022945 0.044771
-2.903415 8.240428 0.048874
-3.352716 8.446433 0.038649
-3.370749 8.281916 0.043554
-3.159565 8.466961 0.039603
-3.058844 8.302873 0.039976
-3.202458 8.185397 0.042047
-3.559567 8.070763 0.044445
-3.737674 8.039141 0.043310
-3.747217 7.862813 0.047902
-3.571233 7.738430 0.044389
-3.384281 7.954427 0.043356
-3.386404 7.798423 0.045744
-2.793880 8.877123 0.044182
-2.967906 8.814823 0.040238
-3.141561 8.612075 0.046214
-2.964117 8.645989 0.048939
-1.959422 -8.772831 0.046611
-2.971786 -8.812017 0.040511
-2.976572 -8.640610 0.049430
-2.798219 -8.875211 0.044596
-2.630636 -8.786560 0.046136
-3.387351 -8.249726 0.044968
-3.550748 -8.212935 0.045286
-3.579932 -8.052511 0.042979
-0.636469 -8.859981 0.043130
-0.758819 -8.753351 0.047772
-0.722771 -8.544541 0.046481
-0.861938 -8.438805 0.049452
-0.921936 -8.858370 0.045188
-0.466046 -8.761044 0.047347
-0.083683 -8.125580 0.043589
-3.154809 -5.648035 0.041153
-4.337988 -7.433176 0.044629
-4.170852 -7.469726 0.042973
-4.767865 -7.022471 0.040965
-3.605953 -7.747654 0.041968
-3.477429 -7.879118 0.042617
-4.000247 -7.366988 0.041971
-3.865724 -7.491091 0.041286
-2.831956 0.922029 0.042290
-2.817612 0.753039 0.048950
-2.632556 0.706946 0.046512
-4.533767 -1.423888 0.042883
-4.834918 -2.459997 0.039034
-4.718074 -2.314236 0.042601
-4.834941 -5.235350 0.035521
-4.742111 -5.114171 0.049632
-3.745619 -4.481436 0.043414
-3.520834 5.366468 0.040963
-3.460738 5.509965 0.045586
-3.252125 5.505558 0.044067
-3.140602 5.361184 0.038969
-3.233944 5.201953 0.049114
-3.405564 5.202830 0.040541
-3.909652 4.564493 0.043369
-3.435173 4.516758 0.041056
-3.572500 4.590353 0.047272
-3.760565 4.306458 0.045156
-3.756674 4.482126 0.043529
-4.223609 5.864610 0.044474
-4.206318 6.035048 0.044095
-4.545447 5.853213 0.042367
-4.412648 5.767884 0.047381
-4.538743 6.051504 0.041206
-4.388652 6.136613 0.049298
-4.833894 4.930881 0.039304
-4.836356 5.236117 0.035139
-4.744139 5.112088 0.050848
-4.580175 5.129040 0.040479
-4.482157 5.284136 0.041988
-4.316008 5.219165 0.041295
-4.113508 4.791458 0.042052
-4.145954 4.951075 0.048019
-4.303583 5.018661 0.041916
-4.521505 4.804780 0.046792
-4.467271 4.960111 0.041488
-3.879247 5.537891 0.041693
-4.184289 5.323318 0.046710
-4.218289 5.512397 0.043476
-4.075397 5.599637 0.043035
-2.022324 8.035249 0.042095
-1.941151 8.196523 0.042332
-2.095759 8.331332 0.041607
-2.223255 8.076726 0.042182
-2.259219 8.249362 0.044323
-1.973591 7.877375 0.050489
-1.793621 7.814026 0.049223
-1.776861 7.606501 0.048323
-1.921372 7.497240 0.045477
-3.307333 6.714500 0.042035
-3.132102 6.707366 0.042729
-2.682362 7.355874 0.047228
-3.516059 7.181427 0.043540
-3.370986 7.291945 0.046147
-3.493295 6.969887 0.044547
-3.353959 6.908295 0.041832
-2.524502 7.372188 0.042832
-0.455757 7.306786 0.045869
-0.393414 7.531423 0.046738
-0.517194 7.626485 0.054492
-0.619059 7.191045 0.042414
-3.250425 4.257213 0.048811
-3.160137 4.097796 0.041943
-3.251911 3.982844 0.041697
-3.435763 4.323766 0.041462
-3.576981 4.221693 0.047592
-2.457881 8.875266 0.044612
-2.286523 8.781101 0.046941
-2.280377 8.602024 0.044514
-2.624435 8.787388 0.045468
-2.368810 7.974430 0.047642
-2.558000 8.056285 0.045651
-1.809688 -8.866552 0.045796
-1.508753 -8.857928 0.047386
-1.648652 -8.759479 0.045566
-2.284996 -8.605917 0.044173
-0.095353 -7.490018 0.042805
-0.350324 -7.200883 0.044130
-0.085173 -7.179689 0.036292
-0.180526 -7.295572 0.048753
-0.617384 -7.190957 0.042257
-0.454313 -7.306840 0.045594
-0.095136 -8.756230 0.047021
-0.180831 -8.866062 0.038153
-0.355126 -8.866062 0.039446
-0.545107 -8.453283 0.050008
-0.410732 -8.563155 0.044534
-0.528118 -8.249968 0.051953
-0.382290 -8.166656 0.043260
-0.202663 -8.259217 0.047613
-0.118980 -8.441506 0.056722
-0.214116 -8.558341 0.043531
-0.107324 -7.799400 0.048631
-0.191006 -7.939498 0.045514
-0.202677 -7.620141 0.050972
-0.391839 -7.531652 0.046518
-0.514883 -7.626636 0.054272
-0.505347 -7.839013 0.051282
-0.370633 -7.962690 0.045652
-3.138450 -5.065358 0.038802
-3.503096 -5.069039 0.042124
-3.136317 -4.350705 0.034629
-3.248470 -5.529643 0.044439
-3.139772 -5.370984 0.039190
-3.232111 -5.217462 0.049917
-3.401018 -5.222286 0.040704
-3.249950 -5.815280 0.048555
-3.141253 -5.916960 0.035632
-3.243993 -6.198260 0.052085
-3.141253 -6.083370 0.035615
-4.377329 -7.265686 0.048208
-4.264207 -7.122358 0.040518
-4.560664 -7.237445 0.040344
-4.606326 -7.055861 0.043829
-4.834839 -6.855444 0.041095
-4.830400 -6.548952 0.042197
-4.739128 -6.702329 0.045656
-4.558956 -6.720700 0.042652
-4.334344 -6.945461 0.042500
-4.493128 -6.907205 0.042929
-4.717316 -6.396144 0.046472
-4.085447 -7.097497 0.041245
-3.964019 -7.202032 0.048455
-4.185719 -0.700557 0.043815
-4.016031 -0.613498 0.046589
-4.523434 -0.875470 0.042243
-3.160095 1.927324 0.043516
-4.033469 -0.967977 0.045897
-4.527158 -1.985386 0.041404
-4.529134 -1.799043 0.041604
-4.719682 -1.766254 0.041991
-4.834941 -5.407764 0.035215
-4.820668 -4.389727 0.042527
-3.898899 -4.561065 0.043646
-4.833281 -4.935665 0.039131
-4.175201 -5.319744 0.047417
-4.212939 -5.504714 0.043271
-4.458736 -4.955937 0.041244
-4.291468 -5.011088 0.041852
-4.305991 -5.210521 0.041067
-4.573803 -5.126416 0.040915
-4.474918 -5.274801 0.042893
-3.673519 -5.127455 0.041120
-4.003009 -5.255615 0.042033
-4.810233 -3.835310 0.044796
-4.810743 -3.283459 0.044670
-4.088797 -4.491988 0.042279
-4.216215 -4.632491 0.043927
-4.398647 -3.943798 0.048775
-4.422690 -4.328112 0.047151
-3.157675 -4.080521 0.041678
-3.247881 -4.246251 0.049296
-3.430135 -4.319308 0.041263
-4.072958 -3.761255 0.046020
-3.898081 -3.665365 0.046926
-3.748854 -3.754724 0.045087
-1.408122 0.339238 0.049035
-0.560150 -0.343307 0.052687
-3.135603 2.750831 0.038711
-4.245987 3.489839 0.042595
-4.249558 3.682676 0.042331
-4.110697 3.777443 0.048362
-4.717648 4.504916 0.046385
-3.692455 5.314147 0.041251
-3.851819 5.381575 0.047811
-3.682171 5.121375 0.040936
-3.815625 5.017063 0.046678
-3.988058 5.082503 0.042100
-4.013969 5.254242 0.041979
-2.812996 6.613100 0.042605
-3.040853 6.409530 0.045118
-3.010350 6.570166 0.049042
-2.779181 6.787382 0.044945
-2.718181 7.159046 0.044133
-2.576640 7.009885 0.044750
-2.600957 6.835475 0.044907
-2.831697 7.493231 0.046934
-3.017347 7.431431 0.044721
-3.197070 7.697221 0.044994
-3.198198 7.536277 0.046568
-2.062648 7.187343 0.045428
-2.214624 7.283164 0.045984
-2.380681 7.214532 0.042091
-2.397000 7.049057 0.047046
-0.837769 7.614716 0.051059
-0.697915 7.509894 0.046168
-1.006905 7.510811 0.046537
-0.737438 7.299091 0.047624
-1.027783 7.299944 0.048356
-0.898169 7.193045 0.044601
-2.446991 8.516952 0.045022
-2.434407 8.334277 0.046956
-2.587633 8.243496 0.044070
-2.619691 8.608152 0.046274
-2.785346 8.529053 0.043479
-2.765873 8.347072 0.047888
-2.434940 7.525430 0.044486
-2.485597 7.689829 0.048750
-2.327559 7.807126 0.044090
-2.241443 7.470117 0.041467
-2.133270 7.751549 0.043111
-2.097812 7.578938 0.050680
-1.213157 -8.858781 0.046288
-1.350683 -8.751709 0.048223
-1.053228 -8.752151 0.047966
-1.029278 -8.541396 0.047026
-2.454710 -8.522634 0.045066
-2.628291 -8.609557 0.045408
-2.780035 -8.350865 0.047906
-2.800661 -8.526801 0.044604
-2.979829 -7.456196 0.042734
-3.218747 -8.153310 0.042064
-2.859479 -8.041789 0.042815
-3.081938 -8.286072 0.041927
-2.917145 -8.238455 0.049783
-2.844469 0.365896 0.047970
-2.874933 0.172191 0.041931
-3.027981 0.095825 0.042845
-3.659981 -0.437650 0.045115
-3.017690 -7.294988 0.048571
-3.381114 -7.509175 0.047794
-3.577923 -7.579487 0.048045
-3.708994 -7.450970 0.046588
-3.185090 -6.387273 0.043706
-3.136317 -4.520191 0.034169
-3.444673 -4.898736 0.046054
-3.576576 -4.771838 0.044748
-3.246800 -4.614935 0.047431
-3.563091 -4.593886 0.047681
-3.429055 -4.518506 0.041201
-3.248933 -4.899879 0.046286
-3.156594 -4.784372 0.041099
-3.841619 -5.387159 0.048483
-3.682958 -5.322295 0.041465
-3.453649 -5.536978 0.047337
-3.513858 -5.383143 0.041132
-4.813027 -6.261683 0.045569
-4.449479 -6.586077 0.043706
-4.516567 -6.414898 0.045102
-4.811243 -1.651306 0.042292
-4.722299 -1.493719 0.047759
-4.837166 -1.384327 0.035192
-4.715593 -1.137208 0.049463
-4.837166 -1.213916 0.033016
-4.716322 -0.958045 0.048535
-4.837896 -0.864835 0.034707
-4.011193 -0.439474 0.046080
-4.179193 -0.350682 0.044330
-3.830983 -0.353230 0.045745
-4.837896 -0.691344 0.034163
-3.136434 1.653900 0.038074
-3.250418 1.782915 0.044920
-4.203846 -1.244653 0.044330
-4.040716 -1.149806 0.047226
-3.666743 -0.613921 0.047204
-3.842583 -0.703526 0.045267
-3.853497 -0.878894 0.045183
-4.834550 -1.919407 0.038238
-4.809267 -2.188907 0.044079
-4.717706 -2.045401 0.045051
-4.726405 -5.513837 0.051079
-4.534691 -5.455209 0.046520
-4.403502 -5.575899 0.045213
-4.414935 -5.755562 0.047473
-4.817575 -5.688382 0.042474
-4.836115 -4.106622 0.039197
-4.720237 -3.967663 0.041298
-4.730672 -4.249760 0.042658
-4.534785 -4.027131 0.039583
-4.545220 -4.212442 0.040629
-4.135462 -4.946772 0.048291
-4.104427 -4.785153 0.042274
-3.806964 -5.018778 0.047143
-3.977794 -5.082074 0.042336
-3.768445 -4.833464 0.043380
-3.908240 -4.735141 0.043762
-4.814224 -4.657674 0.043685
-4.708781 -4.527637 0.044698
-4.721394 -4.803512 0.045818
-4.515157 -4.811540 0.045407
-4.395460 -4.641404 0.051878
-4.496254 -4.503339 0.043569
-4.836876 -3.559343 0.039075
-4.720999 -3.700386 0.043121
-4.721508 -3.417795 0.042836
-4.836779 -3.007446 0.038995
-4.721411 -3.146254 0.043366
-3.248180 -3.964798 0.042433
-3.433540 -3.934149 0.041030
-3.136616 -3.807151 0.038191
-3.566328 -4.216717 0.047879
-3.569434 -4.029993 0.048602
-3.747777 -4.303464 0.045236
-3.749598 -3.940720 0.043923
-4.095541 -4.326457 0.048598
-4.243744 -4.245225 0.045604
-3.907800 -4.217562 0.043509
-3.906516 -4.041542 0.048236
-4.230136 -4.046223 0.043042
-4.080649 -3.951435 0.047151
-3.896414 -3.476552 0.045607
-4.385676 -2.076655 0.048208
-4.202147 -1.983237 0.045316
-4.048328 -2.074377 0.045858
-1.573830 0.237455 0.049963
-3.147153 -1.962716 0.040587
-3.144716 -2.685131 0.038843
-4.426386 3.138947 0.041597
-4.529457 2.969890 0.041439
-4.826982 3.081824 0.041042
-4.816703 2.793471 0.043840
-4.717574 2.942737 0.050652
-4.813640 2.228736 0.043838
-3.160921 2.476288 0.044057
-3.250413 2.611293 0.043175
-3.437778 2.661199 0.041043
-3.771492 3.952103 0.044603
-3.582619 4.041086 0.047828
-3.442886 3.950532 0.041387
-4.104557 3.399956 0.048250
-3.253172 3.162141 0.043350
-3.438813 2.847179 0.040868
-3.578259 2.941463 0.047622
-3.161956 3.024423 0.044117
-3.251448 2.893398 0.042889
-4.827378 4.368857 0.040812
-4.826396 4.079913 0.039144
-4.727663 4.204841 0.048973
-4.113615 3.963700 0.047885
-3.922072 4.222231 0.043220
-3.927361 4.048483 0.047120
-2.874454 7.127037 0.043870
-3.024284 7.262066 0.045931
-3.066704 6.892702 0.042315
-2.911137 6.929784 0.045440
-3.197767 7.192722 0.045301
-3.203504 7.020611 0.041680
-2.667219 7.754584 0.046681
-2.828942 7.665432 0.047690
-2.698371 7.953736 0.048117
-2.865546 8.034303 0.043083
-3.018915 7.934296 0.046626
-3.013463 7.764577 0.044823
-1.638458 -8.548429 0.048264
-0.734751 -7.299016 0.047383
-0.694724 -7.509883 0.045990
-0.833788 -7.615023 0.050883
-2.391160 -7.054217 0.046206
-2.365459 -7.219819 0.041252
-2.197270 -7.284143 0.044524
-2.776134 -7.674530 0.044584
-2.786314 -7.494699 0.043520
-2.659729 -7.360927 0.048971
-2.495352 -7.379044 0.042245
-2.960378 -7.757565 0.042709
-2.996810 -7.923106 0.047065
-3.251002 -7.646356 0.046493
-3.086567 -7.619693 0.044552
-3.319287 -7.848132 0.047219
-3.191284 -7.987010 0.047468
-2.394641 0.511042 0.039642
-2.592973 0.554728 0.041918
-2.682799 0.404780 0.041302
-3.302506 -0.441185 0.045600
-3.321323 -0.094410 0.043647
-3.480800 -0.181426 0.047600
-3.476844 -0.352488 0.045676
-3.647107 -7.237836 0.048884
-3.767609 -7.113001 0.043245
-3.012286 -6.425632 0.044756
-3.083139 -6.928188 0.047543
-3.121841 -6.745017 0.044240
-2.804335 -6.636791 0.045316
-2.980009 -6.603071 0.045302
-4.210904 -6.812076 0.041268
-4.260211 -6.639196 0.044331
-4.050777 -6.902286 0.040356
-4.519270 -0.172846 0.041846
-4.838138 -0.342903 0.034684
-4.838138 -0.168538 0.034343
-4.713847 -0.083416 0.048891
-3.666428 -0.092103 0.044816
-3.833474 -0.178745 0.045672
-3.573469 2.005094 0.047478
-3.899706 1.818579 0.046214
-3.873097 -1.235258 0.044592
-4.211310 -1.429530 0.045011
-4.390405 -1.706770 0.047965
-4.392422 -1.522333 0.047821
-4.204900 -1.799695 0.045395
-3.319135 -0.610111 0.045730
-3.500234 -0.697685 0.044466
-4.729479 -5.809522 0.043144
-4.549197 -5.843593 0.041847
-4.544649 -6.043482 0.041075
-4.838015 -5.974697 0.039029
-4.724931 -6.107861 0.046469
-4.396222 -3.750643 0.047117
-4.533121 -3.652607 0.041023
-4.220020 -3.662888 0.044743
-4.533631 -3.467325 0.041219
-4.810044 -2.732255 0.044546
-4.720711 -2.863384 0.042860
-4.718850 -2.593345 0.043695
-3.569958 -3.651868 0.047794
-3.434807 -3.742019 0.040992
-3.249447 -3.678895 0.045051
-3.745203 -3.192445 0.042984
-3.744886 -3.376546 0.045670
-3.567657 -3.462502 0.048293
-3.432014 -3.358567 0.040562
-3.564339 -3.083144 0.048884
-3.428380 -3.163310 0.041083
-3.253913 -2.812315 0.052719
-3.155308 -2.971257 0.042974
-3.245321 -3.107622 0.043400
-3.136124 -3.251717 0.039001
-3.158942 -3.532183 0.043485
-3.248955 -3.399164 0.044778
-1.732888 0.338218 0.048992
-2.739032 0.042233 0.041476
-2.614987 -0.700787 0.045082
-2.586369 -0.533447 0.046204
-3.866107 -1.976883 0.048354
-3.246398 -1.834264 0.044640
-3.541690 -1.717715 0.041887
-3.457800 -1.854531 0.049609
-3.242683 -2.513477 0.044400
-3.245120 -2.134650 0.050465
-3.452906 -2.471379 0.050478
-1.269937 -0.345109 0.051613
-1.587070 0.037629 0.048586
-1.427365 -0.059031 0.051027
-1.441754 -0.251602 0.048866
-1.249834 0.040702 0.049468
-0.908726 0.240462 0.051403
-1.079336 0.339907 0.048848
-1.243831 0.239144 0.050704
-4.837069 2.510570 0.039211
-4.727661 2.650392 0.043417
-4.724598 2.359177 0.043631
-3.575710 2.567249 0.047555
-3.575103 2.379727 0.047477
-3.754319 2.847975 0.044425
-3.752805 2.659742 0.044132
-3.901804 2.564260 0.046131
-4.837665 1.235169 0.033311
-4.838388 0.181008 0.034678
-4.714097 0.091531 0.048957
-3.175120 0.189998 0.047585
-3.337924 0.087211 0.045374
-3.545990 1.255179 0.045735
-3.156234 1.380609 0.041458
-3.246558 1.498372 0.042042
-3.526810 0.709916 0.044845
-3.536028 0.891194 0.046003
-3.714807 1.167762 0.045961
-3.709237 0.985557 0.045835
-4.538263 1.444352 0.042714
-3.135811 2.201935 0.038681
-3.250620 2.339627 0.043446
-3.249794 2.056608 0.042776
-3.436552 2.100097 0.040926
-3.437378 2.287287 0.040835
-4.729351 3.909383 0.043960
-4.435252 3.728653 0.043363
-4.520444 3.874862 0.048933
-3.445953 3.765814 0.041085
-3.254978 3.705964 0.044630
-3.163204 3.563890 0.043798
-3.254420 3.439438 0.042412
-4.235376 3.113402 0.042709
-4.097157 3.214570 0.046946
-3.911906 3.128400 0.045154
-3.903481 2.940952 0.045642
-3.766934 3.221754 0.045192
-3.444726 3.217624 0.041478
-3.582448 3.127793 0.047178
-3.445973 3.400500 0.041081
-4.543053 4.184114 0.042193
-4.432879 4.024665 0.044220
-4.252772 4.066571 0.042245
-0.895454 -7.193059 0.044465
-1.002003 -7.511126 0.046312
-1.180736 -7.191970 0.045438
-1.023641 -7.300029 0.048050
-1.782799 -8.466449 0.043964
-1.942727 -8.583779 0.045068
-2.107093 -8.505515 0.047651
-1.478824 -8.230466 0.047830
-1.321212 -8.128183 0.049084
-1.163404 -8.230265 0.048367
-1.173141 -8.437381 0.049234
-1.334618 -8.541064 0.047016
-1.482493 -8.436232 0.048677
-1.004685 -8.127047 0.048741
-0.690926 -8.133994 0.046995
-0.847081 -8.231572 0.049781
-0.997130 -7.922233 0.048316
-0.679812 -7.927004 0.048440
-0.828412 -7.819768 0.050315
-2.054553 -7.187264 0.045878
-1.759998 -7.190774 0.046332
-1.900318 -7.293038 0.045557
-2.681875 -7.968081 0.045756
-2.634962 -7.766363 0.046365
-3.490070 -7.202877 0.043204
-3.186819 -7.251125 0.044686
-3.355148 -7.345699 0.042929
-3.213562 -7.064030 0.042954
-3.395973 -7.031425 0.044045
-3.755234 -6.927630 0.045397
-3.916974 -6.821451 0.045110
-2.771425 -6.811172 0.044400
-2.594043 -6.843392 0.044706
-2.566570 -7.020279 0.044516
-2.908398 -6.960623 0.044444
-2.869692 -7.140329 0.044576
-2.705246 -7.167764 0.042773
-4.067675 -5.597374 0.043673
-3.868547 -5.543948 0.041580
-4.399960 -6.126658 0.048596
-4.379492 -6.299339 0.045877
-3.424013 -6.164213 0.042241
-3.539433 -6.310830 0.042896
-3.713995 -6.245137 0.042617
-4.519024 -0.347352 0.041866
-4.520470 -0.697970 0.041391
-4.713359 -0.607054 0.049157
-4.713600 -0.432287 0.048784
-4.364408 -0.611590 0.047782
-4.362720 -0.435739 0.046978
-3.674646 0.083483 0.046043
-3.505619 0.175781 0.046328
-3.511792 0.354952 0.044758
-3.564136 1.439577 0.047509
-3.431651 1.532335 0.040911
-3.744300 1.536782 0.044079
-3.748108 1.723391 0.044233
-3.435512 1.723206 0.040491
-3.571804 1.817056 0.047836
-3.033496 -1.131751 0.039463
-4.060100 -1.520495 0.045847
-4.055708 -1.706223 0.045659
-3.739264 -1.504105 0.042140
-3.885018 -1.421070 0.046586
-3.729372 -1.689579 0.043407
-3.870734 -1.792271 0.047212
-4.068853 -3.382793 0.046279
-4.217581 -3.473239 0.044226
-4.394293 -3.375713 0.047468
-4.527344 -2.538207 0.041632
-4.526567 -2.354216 0.041417
-4.384718 -2.260483 0.047922
-3.541693 -2.609751 0.042257
-3.568033 -2.906721 0.044099
-3.440666 -2.779034 0.042262
-3.145355 -1.682747 0.040846
-2.942169 -0.467006 0.046967
-3.112355 -0.365226 0.046441
-2.749734 -0.411592 0.047201
-2.996678 -0.102065 0.039068
-3.127216 -0.189513 0.050781
-2.806827 -0.129976 0.042059
-2.691820 -0.248358 0.048819
-2.371986 0.334557 0.044847
-2.540024 0.262821 0.040153
-2.565793 0.093979 0.048386
-3.723973 -2.068711 0.042998
-3.542717 -2.011480 0.043541
-3.722794 -2.262395 0.042534
-3.429281 -2.163149 0.042644
-3.538462 -2.317041 0.043662
-3.144078 -2.247387 0.036825
-3.144078 -2.414171 0.036702
-2.397220 -0.487534 0.045237
-0.742938 -0.053689 0.049494
-0.908309 0.042858 0.050380
-0.742959 -0.247578 0.048797
-0.914044 -0.344271 0.051759
-1.090636 -0.249381 0.049263
-1.084922 -0.056141 0.050603
-3.901047 2.004396 0.045821
-3.751113 2.097245 0.044233
-3.751921 2.284688 0.044227
-3.901527 2.376729 0.045803
-4.403926 2.108057 0.047815
-4.076012 2.285318 0.045524
-4.226422 2.009822 0.044403
-4.076340 2.100427 0.046235
-4.073321 1.726902 0.046215
-4.224744 1.822114 0.044294
-4.401987 1.729248 0.048240
-4.400274 1.542271 0.047429
-4.813379 1.677850 0.042330
-4.837665 1.407671 0.035346
-4.724932 1.516766 0.047462
-4.836389 1.951932 0.038301
-4.723918 2.079877 0.044859
-4.538962 2.016135 0.041005
-4.538701 1.825034 0.040890
-4.723657 1.793913 0.042048
-4.544891 2.591262 0.040957
-4.228280 2.383801 0.045233
-4.541828 2.397905 0.040526
-4.406113 2.297145 0.047696
-4.717943 1.156242 0.049208
-4.531273 1.256330 0.040557
-4.384990 1.168998 0.048500
-4.838388 0.356001 0.034401
-3.845857 0.173610 0.045013
-3.212774 1.220565 0.043400
-3.379721 1.153790 0.046466
-3.375329 0.972011 0.043658
-3.193267 0.884708 0.044152
-3.021830 0.978978 0.046182
-3.036945 1.133056 0.039303
-3.342242 0.452813 0.047491
-3.350420 0.627064 0.044453
-3.173266 0.376428 0.043609
-3.177576 0.721039 0.045269
-2.995663 0.475959 0.047164
-2.991795 0.646319 0.045426
-3.870038 0.895542 0.045432
-4.044736 0.987428 0.046427
-3.892345 1.445695 0.046207
-3.880998 1.261072 0.045377
-4.069768 1.540627 0.045930
-4.219478 1.448862 0.044699
-4.050126 1.170753 0.046784
-4.211183 1.263610 0.044355
-4.829066 3.810064 0.036788
-4.829066 3.641901 0.036650
-4.542566 3.570773 0.042159
-4.727473 3.533739 0.049384
-4.512910 3.268727 0.048645
-4.427133 3.426709 0.043679
-4.824518 3.359705 0.040763
-4.725389 3.238757 0.043493
-3.588065 3.677263 0.047640
-3.588644 3.495354 0.047974
-3.926824 3.683121 0.045928
-3.773872 3.772998 0.045637
-3.924255 3.498471 0.045513
-3.771881 3.406438 0.045203
-4.226022 4.642884 0.043421
-4.404642 4.642600 0.050448
-4.099625 4.501031 0.041942
-4.508568 4.488289 0.046988
-4.433687 4.331502 0.043515
-4.108153 4.334436 0.048964
-4.252599 4.263559 0.042162
-1.149462 -7.614469 0.049935
-1.149965 -7.820832 0.048868
-1.467687 -7.823206 0.047909
-1.315329 -7.923563 0.048945
-2.214840 -7.473631 0.040948
-2.401448 -7.530592 0.043343
-2.455312 -7.697258 0.048234
-3.640287 -6.618501 0.042731
-3.294926 -6.710036 0.044143
-3.438635 -6.860602 0.047612
-3.609674 -6.811463 0.048650
-3.325898 -6.529732 0.045823
-3.500220 -6.487335 0.048321
-4.229688 -5.850922 0.043880
-4.072991 -5.763918 0.042251
-4.219260 -6.022130 0.043821
-4.050178 -6.089996 0.042310
-3.567000 -5.691774 0.049630
-3.747990 -5.687779 0.042602
-3.456962 -5.851685 0.048282
-3.528285 -6.002503 0.042634
-3.710446 -6.051811 0.042015
-3.863309 -5.978565 0.047201
-3.875695 -5.823695 0.041787
-4.030873 -6.256829 0.046549
-3.847554 -6.338724 0.043976
-4.127295 -6.530321 0.044354
-4.179488 -6.361644 0.043567
-3.813058 -6.535583 0.046698
-3.944184 -6.622366 0.041911
-3.204962 -1.226957 0.042765
-3.434698 -1.546184 0.042343
-3.556748 -1.420164 0.044242
-3.150521 -1.391254 0.041326
-3.249766 -1.531483 0.051269
-3.511903 -0.881047 0.047158
-3.357401 -0.965033 0.043507
-3.689326 -0.972650 0.046673
-3.701679 -1.147185 0.044520
-3.531085 -1.249056 0.047368
-3.364230 -1.158507 0.047517
-3.153586 -0.706424 0.046014
-3.180184 -0.877984 0.044353
-3.015547 -0.976252 0.046303
-2.966771 -0.639277 0.045501
-2.825133 -0.916618 0.042659
-2.802955 -0.751204 0.047143
-4.047490 -2.257433 0.045847
-4.200351 -2.350120 0.045340
-3.864090 -2.353623 0.048515
-1.629716 -0.346493 0.051979
-2.476352 -0.199447 0.044601
-2.345118 -0.316768 0.048050
-2.418120 -0.029319 0.045263
-4.402049 2.847858 0.044344
-4.407396 2.672531 0.048422
-4.221317 2.929616 0.042144
-4.074673 2.843336 0.046222
-4.074510 2.654878 0.045561
-4.226501 2.565830 0.042896
-4.838293 0.882285 0.034683
-4.718572 0.974817 0.048520
-4.838293 0.707333 0.034455
-3.850632 0.352522 0.045437
-3.692435 0.622279 0.046337
-3.685594 0.441566 0.046052
-3.862454 0.713542 0.045062
-4.363270 -0.087083 0.046915
-4.179497 -0.176531 0.044606
-4.013988 -0.090838 0.045855
-4.018152 0.085932 0.046491
-1.306930 -7.510872 0.046449
-1.316565 -7.299469 0.047833
-1.607919 -7.511249 0.046485
-1.459791 -7.616877 0.049385
-1.469907 -7.192500 0.046291
-1.608399 -7.298274 0.046530
-2.076229 -7.583087 0.050047
-1.763624 -7.610084 0.047876
-1.904424 -7.499374 0.045057
-3.731400 -2.639745 0.043169
-3.870103 -2.538428 0.047450
-3.747148 -2.825582 0.042343
-1.766651 -0.062956 0.050709
-1.794908 -0.254507 0.047576
-1.995870 -0.348014 0.053141
-2.144613 -0.249714 0.046788
-4.715513 0.442798 0.048861
-4.715417 0.619798 0.049010
-2.307032 -7.817081 0.043949
-2.114557 -7.759871 0.042879
-3.895921 -3.102231 0.045937
-3.894173 -2.911792 0.046476
-4.068044 -3.192573 0.046205
-2.236377 0.047153 0.045982
-2.094104 -0.055921 0.048028
-1.917104 0.037330 0.048255
-2.216012 0.242186 0.047222
-2.053217 0.340459 0.048036
-1.896582 0.238677 0.048110
-4.524660 0.710041 0.041397
-4.201706 0.895488 0.044743
-4.380902 0.984200 0.047191
-4.527814 0.890107 0.042041
-4.522410 0.353675 0.041937
-4.185136 0.175537 0.044171
-4.520995 0.177400 0.041651
-4.364744 0.088216 0.047488
-2.358925 -7.985107 0.046831
-2.554118 -8.067001 0.045814
-2.594613 -8.253120 0.043465
-2.441658 -8.342132 0.047167
-1.640817 -8.129702 0.049557
-1.962500 -7.885641 0.050568
-1.788826 -8.253488 0.049469
-1.635564 -7.927060 0.049723
-1.783373 -7.819567 0.048797
-4.532937 -2.908862 0.041110
-4.216875 -3.095921 0.044464
-4.533636 -3.094728 0.041226
-4.394396 -3.188614 0.047844
-4.195858 0.713158 0.044021
-4.188531 0.353484 0.044549
-4.371900 0.621804 0.047829
-4.369555 0.442438 0.047178
-4.026323 0.442790 0.046193
-4.031305 0.623098 0.046901
-1.940772 -8.204309 0.042846
-2.017773 -8.045743 0.042084
-2.099110 -8.339007 0.041250
-2.263961 -8.258906 0.043835
-2.221723 -8.087999 0.042290
-4.388430 -2.628523 0.047393
-4.392162 -2.814427 0.047983
-4.203287 -2.534169 0.045506
-4.056439 -2.626286 0.045304
-4.064761 -2.813813 0.046053
-4.215341 -2.907599 0.044619
