4.943199 7.197708 0.018690
4.722929 7.417978 0.018690
4.502659 7.638248 0.018690
4.282390 7.858517 0.018690
4.062120 8.078787 0.018690
3.841851 8.299056 0.018690
3.621581 8.519326 0.018690
3.401311 8.739596 0.018690
3.181042 8.959865 0.018690
2.917362 9.070000 0.018425
2.610271 9.070000 0.018425
2.303180 9.070000 0.018425
1.996090 9.070000 0.018425
1.688999 9.070000 0.018425
1.381908 9.070000 0.018425
1.074817 9.070000 0.018425
0.767727 9.070000 0.018425
0.460636 9.070000 0.018425
0.153545 9.070000 0.018425
-0.153545 9.070000 0.018425
-0.460636 9.070000 0.018425
-0.767727 9.070000 0.018425
-1.074817 9.070000 0.018425
-1.381908 9.070000 0.018425
-1.688999 9.070000 0.018425
-1.996090 9.070000 0.018425
-2.303180 9.070000 0.018425
-2.610271 9.070000 0.018425
-2.917362 9.070000 0.018425
-3.181042 8.959865 0.018690
-3.401311 8.739596 0.018690
-3.621581 8.519326 0.018690
-3.841851 8.299056 0.018690
-4.062120 8.078787 0.018690
-4.282390 7.858517 0.018690
-4.502659 7.638248 0.018690
-4.722929 7.417978 0.018690
-4.943199 7.197708 0.018690
-5.053333 6.936774 0.018096
-5.053333 6.635175 0.018096
-5.053333 6.333576 0.018096
-5.053333 6.031978 0.018096
-5.053333 5.730379 0.018096
-5.053333 5.428780 0.018096
-5.053333 5.127181 0.018096
-5.053333 4.825582 0.018096
-5.053333 4.523983 0.018096
-5.053333 4.222384 0.018096
-5.053333 3.920785 0.018096
-5.053333 3.619187 0.018096
-5.053333 3.317588 0.018096
-5.053333 3.015989 0.018096
-5.053333 2.714390 0.018096
-5.053333 2.412791 0.018096
-5.053333 2.111192 0.018096
-5.053333 1.809593 0.018096
-5.053333 1.507994 0.018096
-5.053333 1.206396 0.018096
-5.053333 0.904797 0.018096
-5.053333 0.603198 0.018096
-5.053333 0.301599 0.018096
-5.053333 0.000000 0.018096
-5.053333 -0.301599 0.018096
-5.053333 -0.603198 0.018096
-5.053333 -0.904797 0.018096
-5.053333 -1.206396 0.018096
-5.053333 -1.507994 0.018096
-5.053333 -1.809593 0.018096
-5.053333 -2.111192 0.018096
-5.053333 -2.412791 0.018096
-5.053333 -2.714390 0.018096
-5.053333 -3.015989 0.018096
-5.053333 -3.317588 0.018096
-5.053333 -3.619187 0.018096
-5.053333 -3.920785 0.018096
-5.053333 -4.222384 0.018096
-5.053333 -4.523983 0.018096
-5.053333 -4.825582 0.018096
-5.053333 -5.127181 0.018096
-5.053333 -5.428780 0.018096
-5.053333 -5.730379 0.018096
-5.053333 -6.031978 0.018096
-5.053333 -6.333576 0.018096
-5.053333 -6.635175 0.018096
-5.053333 -6.936774 0.018096
-4.943199 -7.197708 0.018690
-4.722929 -7.417978 0.018690
-4.502659 -7.638248 0.018690
-4.282390 -7.858517 0.018690
-4.062120 -8.078787 0.018690
-3.841851 -8.299056 0.018690
-3.621581 -8.519326 0.018690
-3.401311 -8.739596 0.018690
-3.181042 -8.959865 0.018690
-2.917362 -9.070000 0.018425
-2.610271 -9.070000 0.018425
-2.303180 -9.070000 0.018425
-1.996090 -9.070000 0.018425
-1.688999 -9.070000 0.018425
-1.381908 -9.070000 0.018425
-1.074817 -9.070000 0.018425
-0.767727 -9.070000 0.018425
-0.460636 -9.070000 0.018425
-0.153545 -9.070000 0.018425
0.153545 -9.070000 0.018425
0.460636 -9.070000 0.018425
0.767727 -9.070000 0.018425
1.074817 -9.070000 0.018425
1.381908 -9.070000 0.018425
1.688999 -9.070000 0.018425
1.996090 -9.070000 0.018425
2.303180 -9.070000 0.018425
2.610271 -9.070000 0.018425
2.917362 -9.070000 0.018425
3.181042 -8.959865 0.018690
3.401311 -8.739596 0.018690
3.621581 -8.519326 0.018690
3.841851 -8.299056 0.018690
4.062120 -8.078787 0.018690
4.282390 -7.858517 0.018690
4.502659 -7.638248 0.018690
4.722929 -7.417978 0.018690
4.943199 -7.197708 0.018690
5.053333 -6.936774 0.018096
5.053333 -6.635175 0.018096
5.053333 -6.333576 0.018096
5.053333 -6.031978 0.018096
5.053333 -5.730379 0.018096
5.053333 -5.428780 0.018096
5.053333 -5.127181 0.018096
5.053333 -4.825582 0.018096
5.053333 -4.523983 0.018096
5.053333 -4.222384 0.018096
5.053333 -3.920785 0.018096
5.053333 -3.619187 0.018096
5.053333 -3.317588 0.018096
5.053333 -3.015989 0.018096
5.053333 -2.714390 0.018096
5.053333 -2.412791 0.018096
5.053333 -2.111192 0.018096
5.053333 -1.809593 0.018096
5.053333 -1.507994 0.018096
5.053333 -1.206396 0.018096
5.053333 -0.904797 0.018096
5.053333 -0.603198 0.018096
5.053333 -0.301599 0.018096
5.053333 0.000000 0.018096
5.053333 0.301599 0.018096
5.053333 0.603198 0.018096
5.053333 0.904797 0.018096
5.053333 1.206396 0.018096
5.053333 1.507994 0.018096
5.053333 1.809593 0.018096
5.053333 2.111192 0.018096
5.053333 2.412791 0.018096
5.053333 2.714390 0.018096
5.053333 3.015989 0.018096
5.053333 3.317588 0.018096
5.053333 3.619187 0.018096
5.053333 3.920785 0.018096
5.053333 4.222384 0.018096
5.053333 4.523983 0.018096
5.053333 4.825582 0.018096
5.053333 5.127181 0.018096
5.053333 5.428780 0.018096
5.053333 5.730379 0.018096
5.053333 6.031978 0.018096
5.053333 6.333576 0.018096
5.053333 6.635175 0.018096
5.053333 6.936774 0.018096
2.977071 6.448689 0.023124
2.704547 6.721213 0.023124
2.432022 6.993738 0.023124
2.142709 7.130000 0.018366
1.836608 7.130000 0.018366
1.530506 7.130000 0.018366
1.224405 7.130000 0.018366
0.918304 7.130000 0.018366
0.612203 7.130000 0.018366
0.306101 7.130000 0.018366
0.000000 7.130000 0.018366
-0.306101 7.130000 0.018366
-0.612203 7.130000 0.018366
-0.918304 7.130000 0.018366
-1.224405 7.130000 0.018366
-1.530506 7.130000 0.018366
-1.836608 7.130000 0.018366
-2.142709 7.130000 0.018366
-2.432022 6.993738 0.023124
-2.704547 6.721213 0.023124
-2.977071 6.448689 0.023124
-3.113333 6.155400 0.018843
-3.113333 5.841346 0.018843
-3.113333 5.527293 0.018843
-3.113333 5.213240 0.018843
-3.113333 4.899187 0.018843
-3.113333 4.585133 0.018843
-3.113333 4.271080 0.018843
-3.113333 3.957027 0.018843
-3.113333 3.642973 0.018843
-3.113333 3.328920 0.018843
-3.113333 3.014867 0.018843
-3.113333 2.700813 0.018843
-3.113333 2.386760 0.018843
-3.113333 2.072707 0.018843
-3.113333 1.758654 0.018843
-3.113333 1.444600 0.018843
-2.977071 1.151311 0.023124
-2.704547 0.878787 0.023124
-2.432022 0.606262 0.023124
-2.142709 0.470000 0.018366
-1.836608 0.470000 0.018366
-1.530506 0.470000 0.018366
-1.224405 0.470000 0.018366
-0.918304 0.470000 0.018366
-0.612203 0.470000 0.018366
-0.306101 0.470000 0.018366
-0.000000 0.470000 0.018366
0.306101 0.470000 0.018366
0.612203 0.470000 0.018366
0.918304 0.470000 0.018366
1.224405 0.470000 0.018366
1.530506 0.470000 0.018366
1.836608 0.470000 0.018366
2.142709 0.470000 0.018366
2.432022 0.606262 0.023124
2.704547 0.878787 0.023124
2.977071 1.151311 0.023124
3.113333 1.444600 0.018843
3.113333 1.758654 0.018843
3.113333 2.072707 0.018843
3.113333 2.386760 0.018843
3.113333 2.700813 0.018843
3.113333 3.014867 0.018843
3.113333 3.328920 0.018843
3.113333 3.642973 0.018843
3.113333 3.957027 0.018843
3.113333 4.271080 0.018843
3.113333 4.585133 0.018843
3.113333 4.899187 0.018843
3.113333 5.213240 0.018843
3.113333 5.527293 0.018843
3.113333 5.841346 0.018843
3.113333 6.155400 0.018843
2.977071 -1.151311 0.023124
2.704547 -0.878787 0.023124
2.432022 -0.606262 0.023124
2.142709 -0.470000 0.018366
1.836608 -0.470000 0.018366
1.530506 -0.470000 0.018366
1.224405 -0.470000 0.018366
0.918304 -0.470000 0.018366
0.612203 -0.470000 0.018366
0.306101 -0.470000 0.018366
0.000000 -0.470000 0.018366
-0.306101 -0.470000 0.018366
-0.612203 -0.470000 0.018366
-0.918304 -0.470000 0.018366
-1.224405 -0.470000 0.018366
-1.530506 -0.470000 0.018366
-1.836608 -0.470000 0.018366
-2.142709 -0.470000 0.018366
-2.432022 -0.606262 0.023124
-2.704547 -0.878787 0.023124
-2.977071 -1.151311 0.023124
-3.113333 -1.444600 0.018843
-3.113333 -1.758654 0.018843
-3.113333 -2.072707 0.018843
-3.113333 -2.386760 0.018843
-3.113333 -2.700813 0.018843
-3.113333 -3.014867 0.018843
-3.113333 -3.328920 0.018843
-3.113333 -3.642973 0.018843
-3.113333 -3.957027 0.018843
-3.113333 -4.271080 0.018843
-3.113333 -4.585133 0.018843
-3.113333 -4.899187 0.018843
-3.113333 -5.213240 0.018843
-3.113333 -5.527293 0.018843
-3.113333 -5.841346 0.018843
-3.113333 -6.155400 0.018843
-2.977071 -6.448689 0.023124
-2.704547 -6.721213 0.023124
-2.432022 -6.993738 0.023124
-2.142709 -7.130000 0.018366
-1.836608 -7.130000 0.018366
-1.530506 -7.130000 0.018366
-1.224405 -7.130000 0.018366
-0.918304 -7.130000 0.018366
-0.612203 -7.130000 0.018366
-0.306101 -7.130000 0.018366
0.000000 -7.130000 0.018366
0.306101 -7.130000 0.018366
0.612203 -7.130000 0.018366
0.918304 -7.130000 0.018366
1.224405 -7.130000 0.018366
1.530506 -7.130000 0.018366
1.836608 -7.130000 0.018366
2.142709 -7.130000 0.018366
2.432022 -6.993738 0.023124
2.704547 -6.721213 0.023124
2.977071 -6.448689 0.023124
3.113333 -6.155400 0.018843
3.113333 -5.841346 0.018843
3.113333 -5.527293 0.018843
3.113333 -5.213240 0.018843
3.113333 -4.899187 0.018843
3.113333 -4.585133 0.018843
3.113333 -4.271080 0.018843
3.113333 -3.957027 0.018843
3.113333 -3.642973 0.018843
3.113333 -3.328920 0.018843
3.113333 -3.014867 0.018843
3.113333 -2.700813 0.018843
3.113333 -2.386760 0.018843
3.113333 -2.072707 0.018843
3.113333 -1.758654 0.018843
3.113333 -1.444600 0.018843
