4.828889 6.925147 0.001612
4.719730 7.034306 0.001612
4.610572 7.143464 0.001612
4.501413 7.252623 0.001612
4.392255 7.361781 0.001612
4.283096 7.470940 0.001612
4.173938 7.580098 0.001612
4.064779 7.689257 0.001612
3.955621 7.798415 0.001612
3.846462 7.907574 0.001612
3.737304 8.016732 0.001612
3.628146 8.125891 0.001612
3.518987 8.235049 0.001612
3.409829 8.344208 0.001612
3.300670 8.453366 0.001612
3.191512 8.562525 0.001612
3.082353 8.671683 0.001612
2.973195 8.780842 0.001612
2.864036 8.890000 0.001612
2.713297 8.890000 0.001612
2.562559 8.890000 0.001612
2.411820 8.890000 0.001612
2.261081 8.890000 0.001612
2.110342 8.890000 0.001612
1.959604 8.890000 0.001612
1.808865 8.890000 0.001612
1.658126 8.890000 0.001612
1.507387 8.890000 0.001612
1.356649 8.890000 0.001612
1.205910 8.890000 0.001612
1.055171 8.890000 0.001612
0.904432 8.890000 0.001612
0.753694 8.890000 0.001612
0.602955 8.890000 0.001612
0.452216 8.890000 0.001612
0.301477 8.890000 0.001612
0.150739 8.890000 0.001612
0.000000 8.890000 0.001612
-0.150739 8.890000 0.001612
-0.301477 8.890000 0.001612
-0.452216 8.890000 0.001612
-0.602955 8.890000 0.001612
-0.753694 8.890000 0.001612
-0.904432 8.890000 0.001612
-1.055171 8.890000 0.001612
-1.205910 8.890000 0.001612
-1.356649 8.890000 0.001612
-1.507387 8.890000 0.001612
-1.658126 8.890000 0.001612
-1.808865 8.890000 0.001612
-1.959604 8.890000 0.001612
-2.110342 8.890000 0.001612
-2.261081 8.890000 0.001612
-2.411820 8.890000 0.001612
-2.562559 8.890000 0.001612
-2.713297 8.890000 0.001612
-2.864036 8.890000 0.001612
-2.973195 8.780842 0.001612
-3.082353 8.671683 0.001612
-3.191512 8.562525 0.001612
-3.300670 8.453366 0.001612
-3.409829 8.344208 0.001612
-3.518987 8.235049 0.001612
-3.628146 8.125891 0.001612
-3.737304 8.016732 0.001612
-3.846462 7.907574 0.001612
-3.955621 7.798415 0.001612
-4.064779 7.689257 0.001612
-4.173938 7.580098 0.001612
-4.283096 7.470940 0.001612
-4.392255 7.361781 0.001612
-4.501413 7.252623 0.001612
-4.610572 7.143464 0.001612
-4.719730 7.034306 0.001612
-4.828889 6.925147 0.001612
-4.828889 6.774601 0.001612
-4.828889 6.624054 0.001612
-4.828889 6.473507 0.001612
-4.828889 6.322960 0.001612
-4.828889 6.172414 0.001612
-4.828889 6.021867 0.001612
-4.828889 5.871320 0.001612
-4.828889 5.720774 0.001612
-4.828889 5.570227 0.001612
-4.828889 5.419680 0.001612
-4.828889 5.269134 0.001612
-4.828889 5.118587 0.001612
-4.828889 4.968040 0.001612
-4.828889 4.817494 0.001612
-4.828889 4.666947 0.001612
-4.828889 4.516400 0.001612
-4.828889 4.365854 0.001612
-4.828889 4.215307 0.001612
-4.828889 4.064760 0.001612
-4.828889 3.914214 0.001612
-4.828889 3.763667 0.001612
-4.828889 3.613120 0.001612
-4.828889 3.462574 0.001612
-4.828889 3.312027 0.001612
-4.828889 3.161480 0.001612
-4.828889 3.010934 0.001612
-4.828889 2.860387 0.001612
-4.828889 2.709840 0.001612
-4.828889 2.559294 0.001612
-4.828889 2.408747 0.001612
-4.828889 2.258200 0.001612
-4.828889 2.107653 0.001612
-4.828889 1.957107 0.001612
-4.828889 1.806560 0.001612
-4.828889 1.656013 0.001612
-4.828889 1.505467 0.001612
-4.828889 1.354920 0.001612
-4.828889 1.204373 0.001612
-4.828889 1.053827 0.001612
-4.828889 0.903280 0.001612
-4.828889 0.752733 0.001612
-4.828889 0.602187 0.001612
-4.828889 0.451640 0.001612
-4.828889 0.301093 0.001612
-4.828889 0.150547 0.001612
-4.828889 0.000000 0.001612
-4.828889 -0.150547 0.001612
-4.828889 -0.301093 0.001612
-4.828889 -0.451640 0.001612
-4.828889 -0.602187 0.001612
-4.828889 -0.752733 0.001612
-4.828889 -0.903280 0.001612
-4.828889 -1.053827 0.001612
-4.828889 -1.204373 0.001612
-4.828889 -1.354920 0.001612
-4.828889 -1.505467 0.001612
-4.828889 -1.656013 0.001612
-4.828889 -1.806560 0.001612
-4.828889 -1.957107 0.001612
-4.828889 -2.107653 0.001612
-4.828889 -2.258200 0.001612
-4.828889 -2.408747 0.001612
-4.828889 -2.559294 0.001612
-4.828889 -2.709840 0.001612
-4.828889 -2.860387 0.001612
-4.828889 -3.010934 0.001612
-4.828889 -3.161480 0.001612
-4.828889 -3.312027 0.001612
-4.828889 -3.462574 0.001612
-4.828889 -3.613120 0.001612
-4.828889 -3.763667 0.001612
-4.828889 -3.914214 0.001612
-4.828889 -4.064760 0.001612
-4.828889 -4.215307 0.001612
-4.828889 -4.365854 0.001612
-4.828889 -4.516400 0.001612
-4.828889 -4.666947 0.001612
-4.828889 -4.817494 0.001612
-4.828889 -4.968040 0.001612
-4.828889 -5.118587 0.001612
-4.828889 -5.269134 0.001612
-4.828889 -5.419680 0.001612
-4.828889 -5.570227 0.001612
-4.828889 -5.720774 0.001612
-4.828889 -5.871320 0.001612
-4.828889 -6.021867 0.001612
-4.828889 -6.172414 0.001612
-4.828889 -6.322960 0.001612
-4.828889 -6.473507 0.001612
-4.828889 -6.624054 0.001612
-4.828889 -6.774601 0.001612
-4.828889 -6.925147 0.001612
-4.719730 -7.034306 0.001612
-4.610572 -7.143464 0.001612
-4.501413 -7.252623 0.001612
-4.392255 -7.361781 0.001612
-4.283096 -7.470940 0.001612
-4.173938 -7.580098 0.001612
-4.064779 -7.689257 0.001612
-3.955621 -7.798415 0.001612
-3.846462 -7.907574 0.001612
-3.737304 -8.016732 0.001612
-3.628146 -8.125891 0.001612
-3.518987 -8.235049 0.001612
-3.409829 -8.344208 0.001612
-3.300670 -8.453366 0.001612
-3.191512 -8.562525 0.001612
-3.082353 -8.671683 0.001612
-2.973195 -8.780842 0.001612
-2.864036 -8.890000 0.001612
-2.713297 -8.890000 0.001612
-2.562559 -8.890000 0.001612
-2.411820 -8.890000 0.001612
-2.261081 -8.890000 0.001612
-2.110342 -8.890000 0.001612
-1.959604 -8.890000 0.001612
-1.808865 -8.890000 0.001612
-1.658126 -8.890000 0.001612
-1.507387 -8.890000 0.001612
-1.356649 -8.890000 0.001612
-1.205910 -8.890000 0.001612
-1.055171 -8.890000 0.001612
-0.904432 -8.890000 0.001612
-0.753694 -8.890000 0.001612
-0.602955 -8.890000 0.001612
-0.452216 -8.890000 0.001612
-0.301477 -8.890000 0.001612
-0.150739 -8.890000 0.001612
0.000000 -8.890000 0.001612
0.150739 -8.890000 0.001612
0.301477 -8.890000 0.001612
0.452216 -8.890000 0.001612
0.602955 -8.890000 0.001612
0.753694 -8.890000 0.001612
0.904432 -8.890000 0.001612
1.055171 -8.890000 0.001612
1.205910 -8.890000 0.001612
1.356649 -8.890000 0.001612
1.507387 -8.890000 0.001612
1.658126 -8.890000 0.001612
1.808865 -8.890000 0.001612
1.959604 -8.890000 0.001612
2.110342 -8.890000 0.001612
2.261081 -8.890000 0.001612
2.411820 -8.890000 0.001612
2.562559 -8.890000 0.001612
2.713297 -8.890000 0.001612
2.864036 -8.890000 0.001612
2.973195 -8.780842 0.001612
3.082353 -8.671683 0.001612
3.191512 -8.562525 0.001612
3.300670 -8.453366 0.001612
3.409829 -8.344208 0.001612
3.518987 -8.235049 0.001612
3.628146 -8.125891 0.001612
3.737304 -8.016732 0.001612
3.846462 -7.907574 0.001612
3.955621 -7.798415 0.001612
4.064779 -7.689257 0.001612
4.173938 -7.580098 0.001612
4.283096 -7.470940 0.001612
4.392255 -7.361781 0.001612
4.501413 -7.252623 0.001612
4.610572 -7.143464 0.001612
4.719730 -7.034306 0.001612
4.828889 -6.925147 0.001612
4.828889 -6.774601 0.001612
4.828889 -6.624054 0.001612
4.828889 -6.473507 0.001612
4.828889 -6.322960 0.001612
4.828889 -6.172414 0.001612
4.828889 -6.021867 0.001612
4.828889 -5.871320 0.001612
4.828889 -5.720774 0.001612
4.828889 -5.570227 0.001612
4.828889 -5.419680 0.001612
4.828889 -5.269134 0.001612
4.828889 -5.118587 0.001612
4.828889 -4.968040 0.001612
4.828889 -4.817494 0.001612
4.828889 -4.666947 0.001612
4.828889 -4.516400 0.001612
4.828889 -4.365854 0.001612
4.828889 -4.215307 0.001612
4.828889 -4.064760 0.001612
4.828889 -3.914214 0.001612
4.828889 -3.763667 0.001612
4.828889 -3.613120 0.001612
4.828889 -3.462574 0.001612
4.828889 -3.312027 0.001612
4.828889 -3.161480 0.001612
4.828889 -3.010934 0.001612
4.828889 -2.860387 0.001612
4.828889 -2.709840 0.001612
4.828889 -2.559294 0.001612
4.828889 -2.408747 0.001612
4.828889 -2.258200 0.001612
4.828889 -2.107653 0.001612
4.828889 -1.957107 0.001612
4.828889 -1.806560 0.001612
4.828889 -1.656013 0.001612
4.828889 -1.505467 0.001612
4.828889 -1.354920 0.001612
4.828889 -1.204373 0.001612
4.828889 -1.053827 0.001612
4.828889 -0.903280 0.001612
4.828889 -0.752733 0.001612
4.828889 -0.602187 0.001612
4.828889 -0.451640 0.001612
4.828889 -0.301093 0.001612
4.828889 -0.150547 0.001612
4.828889 0.000000 0.001612
4.828889 0.150547 0.001612
4.828889 0.301093 0.001612
4.828889 0.451640 0.001612
4.828889 0.602187 0.001612
4.828889 0.752733 0.001612
4.828889 0.903280 0.001612
4.828889 1.053827 0.001612
4.828889 1.204373 0.001612
4.828889 1.354920 0.001612
4.828889 1.505467 0.001612
4.828889 1.656013 0.001612
4.828889 1.806560 0.001612
4.828889 1.957107 0.001612
4.828889 2.107653 0.001612
4.828889 2.258200 0.001612
4.828889 2.408747 0.001612
4.828889 2.559294 0.001612
4.828889 2.709840 0.001612
4.828889 2.860387 0.001612
4.828889 3.010934 0.001612
4.828889 3.161480 0.001612
4.828889 3.312027 0.001612
4.828889 3.462574 0.001612
4.828889 3.613120 0.001612
4.828889 3.763667 0.001612
4.828889 3.914214 0.001612
4.828889 4.064760 0.001612
4.828889 4.215307 0.001612
4.828889 4.365854 0.001612
4.828889 4.516400 0.001612
4.828889 4.666947 0.001612
4.828889 4.817494 0.001612
4.828889 4.968040 0.001612
4.828889 5.118587 0.001612
4.828889 5.269134 0.001612
4.828889 5.419680 0.001612
4.828889 5.570227 0.001612
4.828889 5.720774 0.001612
4.828889 5.871320 0.001612
4.828889 6.021867 0.001612
4.828889 6.172414 0.001612
4.828889 6.322960 0.001612
4.828889 6.473507 0.001612
4.828889 6.624054 0.001612
4.828889 6.774601 0.001612
2.948889 6.174853 0.000804
2.829582 6.294160 0.000804
2.710275 6.413466 0.000804
2.590969 6.532773 0.000804
2.471662 6.652080 0.000804
2.352355 6.771387 0.000804
2.233048 6.890693 0.000804
2.113742 7.010000 0.000804
1.962760 7.010000 0.000804
1.811779 7.010000 0.000804
1.660797 7.010000 0.000804
1.509816 7.010000 0.000804
1.358834 7.010000 0.000804
1.207852 7.010000 0.000804
1.056871 7.010000 0.000804
0.905889 7.010000 0.000804
0.754908 7.010000 0.000804
0.603926 7.010000 0.000804
0.452945 7.010000 0.000804
0.301963 7.010000 0.000804
0.150982 7.010000 0.000804
0.000000 7.010000 0.000804
-0.150982 7.010000 0.000804
-0.301963 7.010000 0.000804
-0.452945 7.010000 0.000804
-0.603926 7.010000 0.000804
-0.754908 7.010000 0.000804
-0.905889 7.010000 0.000804
-1.056871 7.010000 0.000804
-1.207852 7.010000 0.000804
-1.358834 7.010000 0.000804
-1.509816 7.010000 0.000804
-1.660797 7.010000 0.000804
-1.811779 7.010000 0.000804
-1.962760 7.010000 0.000804
-2.113742 7.010000 0.000804
-2.233048 6.890693 0.000804
-2.352355 6.771387 0.000804
-2.471662 6.652080 0.000804
-2.590969 6.532773 0.000804
-2.710275 6.413466 0.000804
-2.829582 6.294160 0.000804
-2.948889 6.174853 0.000804
-2.948889 6.021737 0.000804
-2.948889 5.868621 0.000804
-2.948889 5.715505 0.000804
-2.948889 5.562390 0.000804
-2.948889 5.409274 0.000804
-2.948889 5.256158 0.000804
-2.948889 5.103042 0.000804
-2.948889 4.949926 0.000804
-2.948889 4.796811 0.000804
-2.948889 4.643695 0.000804
-2.948889 4.490579 0.000804
-2.948889 4.337463 0.000804
-2.948889 4.184347 0.000804
-2.948889 4.031232 0.000804
-2.948889 3.878116 0.000804
-2.948889 3.725000 0.000804
-2.948889 3.571884 0.000804
-2.948889 3.418768 0.000804
-2.948889 3.265653 0.000804
-2.948889 3.112537 0.000804
-2.948889 2.959421 0.000804
-2.948889 2.806305 0.000804
-2.948889 2.653189 0.000804
-2.948889 2.500074 0.000804
-2.948889 2.346958 0.000804
-2.948889 2.193842 0.000804
-2.948889 2.040726 0.000804
-2.948889 1.887610 0.000804
-2.948889 1.734495 0.000804
-2.948889 1.581379 0.000804
-2.948889 1.428263 0.000804
-2.948889 1.275147 0.000804
-2.829582 1.155840 0.000804
-2.710275 1.036534 0.000804
-2.590969 0.917227 0.000804
-2.471662 0.797920 0.000804
-2.352355 0.678613 0.000804
-2.233048 0.559307 0.000804
-2.113742 0.440000 0.000804
-1.962760 0.440000 0.000804
-1.811779 0.440000 0.000804
-1.660797 0.440000 0.000804
-1.509816 0.440000 0.000804
-1.358834 0.440000 0.000804
-1.207852 0.440000 0.000804
-1.056871 0.440000 0.000804
-0.905889 0.440000 0.000804
-0.754908 0.440000 0.000804
-0.603926 0.440000 0.000804
-0.452945 0.440000 0.000804
-0.301963 0.440000 0.000804
-0.150982 0.440000 0.000804
0.000000 0.440000 0.000804
0.150982 0.440000 0.000804
0.301963 0.440000 0.000804
0.452945 0.440000 0.000804
0.603926 0.440000 0.000804
0.754908 0.440000 0.000804
0.905889 0.440000 0.000804
1.056871 0.440000 0.000804
1.207852 0.440000 0.000804
1.358834 0.440000 0.000804
1.509816 0.440000 0.000804
1.660797 0.440000 0.000804
1.811779 0.440000 0.000804
1.962760 0.440000 0.000804
2.113742 0.440000 0.000804
2.233048 0.559307 0.000804
2.352355 0.678613 0.000804
2.471662 0.797920 0.000804
2.590969 0.917227 0.000804
2.710275 1.036534 0.000804
2.829582 1.155840 0.000804
2.948889 1.275147 0.000804
2.948889 1.428263 0.000804
2.948889 1.581379 0.000804
2.948889 1.734495 0.000804
2.948889 1.887610 0.000804
2.948889 2.040726 0.000804
2.948889 2.193842 0.000804
2.948889 2.346958 0.000804
2.948889 2.500074 0.000804
2.948889 2.653189 0.000804
2.948889 2.806305 0.000804
2.948889 2.959421 0.000804
2.948889 3.112537 0.000804
2.948889 3.265653 0.000804
2.948889 3.418768 0.000804
2.948889 3.571884 0.000804
2.948889 3.725000 0.000804
2.948889 3.878116 0.000804
2.948889 4.031232 0.000804
2.948889 4.184347 0.000804
2.948889 4.337463 0.000804
2.948889 4.490579 0.000804
2.948889 4.643695 0.000804
2.948889 4.796811 0.000804
2.948889 4.949926 0.000804
2.948889 5.103042 0.000804
2.948889 5.256158 0.000804
2.948889 5.409274 0.000804
2.948889 5.562390 0.000804
2.948889 5.715505 0.000804
2.948889 5.868621 0.000804
2.948889 6.021737 0.000804
2.948889 -1.275147 0.000804
2.829582 -1.155840 0.000804
2.710275 -1.036534 0.000804
2.590969 -0.917227 0.000804
2.471662 -0.797920 0.000804
2.352355 -0.678613 0.000804
2.233048 -0.559307 0.000804
2.113742 -0.440000 0.000804
1.962760 -0.440000 0.000804
1.811779 -0.440000 0.000804
1.660797 -0.440000 0.000804
1.509816 -0.440000 0.000804
1.358834 -0.440000 0.000804
1.207852 -0.440000 0.000804
1.056871 -0.440000 0.000804
0.905889 -0.440000 0.000804
0.754908 -0.440000 0.000804
0.603926 -0.440000 0.000804
0.452945 -0.440000 0.000804
0.301963 -0.440000 0.000804
0.150982 -0.440000 0.000804
-0.000000 -0.440000 0.000804
-0.150982 -0.440000 0.000804
-0.301963 -0.440000 0.000804
-0.452945 -0.440000 0.000804
-0.603926 -0.440000 0.000804
-0.754908 -0.440000 0.000804
-0.905889 -0.440000 0.000804
-1.056871 -0.440000 0.000804
-1.207852 -0.440000 0.000804
-1.358834 -0.440000 0.000804
-1.509816 -0.440000 0.000804
-1.660797 -0.440000 0.000804
-1.811779 -0.440000 0.000804
-1.962760 -0.440000 0.000804
-2.113742 -0.440000 0.000804
-2.233048 -0.559307 0.000804
-2.352355 -0.678613 0.000804
-2.471662 -0.797920 0.000804
-2.590969 -0.917227 0.000804
-2.710275 -1.036534 0.000804
-2.829582 -1.155840 0.000804
-2.948889 -1.275147 0.000804
-2.948889 -1.428263 0.000804
-2.948889 -1.581379 0.000804
-2.948889 -1.734495 0.000804
-2.948889 -1.887610 0.000804
-2.948889 -2.040726 0.000804
-2.948889 -2.193842 0.000804
-2.948889 -2.346958 0.000804
-2.948889 -2.500074 0.000804
-2.948889 -2.653189 0.000804
-2.948889 -2.806305 0.000804
-2.948889 -2.959421 0.000804
-2.948889 -3.112537 0.000804
-2.948889 -3.265653 0.000804
-2.948889 -3.418768 0.000804
-2.948889 -3.571884 0.000804
-2.948889 -3.725000 0.000804
-2.948889 -3.878116 0.000804
-2.948889 -4.031232 0.000804
-2.948889 -4.184347 0.000804
-2.948889 -4.337463 0.000804
-2.948889 -4.490579 0.000804
-2.948889 -4.643695 0.000804
-2.948889 -4.796811 0.000804
-2.948889 -4.949926 0.000804
-2.948889 -5.103042 0.000804
-2.948889 -5.256158 0.000804
-2.948889 -5.409274 0.000804
-2.948889 -5.562390 0.000804
-2.948889 -5.715505 0.000804
-2.948889 -5.868621 0.000804
-2.948889 -6.021737 0.000804
-2.948889 -6.174853 0.000804
-2.829582 -6.294160 0.000804
-2.710275 -6.413466 0.000804
-2.590969 -6.532773 0.000804
-2.471662 -6.652080 0.000804
-2.352355 -6.771387 0.000804
-2.233048 -6.890693 0.000804
-2.113742 -7.010000 0.000804
-1.962760 -7.010000 0.000804
-1.811779 -7.010000 0.000804
-1.660797 -7.010000 0.000804
-1.509816 -7.010000 0.000804
-1.358834 -7.010000 0.000804
-1.207852 -7.010000 0.000804
-1.056871 -7.010000 0.000804
-0.905889 -7.010000 0.000804
-0.754908 -7.010000 0.000804
-0.603926 -7.010000 0.000804
-0.452945 -7.010000 0.000804
-0.301963 -7.010000 0.000804
-0.150982 -7.010000 0.000804
0.000000 -7.010000 0.000804
0.150982 -7.010000 0.000804
0.301963 -7.010000 0.000804
0.452945 -7.010000 0.000804
0.603926 -7.010000 0.000804
0.754908 -7.010000 0.000804
0.905889 -7.010000 0.000804
1.056871 -7.010000 0.000804
1.207852 -7.010000 0.000804
1.358834 -7.010000 0.000804
1.509816 -7.010000 0.000804
1.660797 -7.010000 0.000804
1.811779 -7.010000 0.000804
1.962760 -7.010000 0.000804
2.113742 -7.010000 0.000804
2.233048 -6.890693 0.000804
2.352355 -6.771387 0.000804
2.471662 -6.652080 0.000804
2.590969 -6.532773 0.000804
2.710275 -6.413466 0.000804
2.829582 -6.294160 0.000804
2.948889 -6.174853 0.000804
2.948889 -6.021737 0.000804
2.948889 -5.868621 0.000804
2.948889 -5.715505 0.000804
2.948889 -5.562390 0.000804
2.948889 -5.409274 0.000804
2.948889 -5.256158 0.000804
2.948889 -5.103042 0.000804
2.948889 -4.949926 0.000804
2.948889 -4.796811 0.000804
2.948889 -4.643695 0.000804
2.948889 -4.490579 0.000804
2.948889 -4.337463 0.000804
2.948889 -4.184347 0.000804
2.948889 -4.031232 0.000804
2.948889 -3.878116 0.000804
2.948889 -3.725000 0.000804
2.948889 -3.571884 0.000804
2.948889 -3.418768 0.000804
2.948889 -3.265653 0.000804
2.948889 -3.112537 0.000804
2.948889 -2.959421 0.000804
2.948889 -2.806305 0.000804
2.948889 -2.653189 0.000804
2.948889 -2.500074 0.000804
2.948889 -2.346958 0.000804
2.948889 -2.193842 0.000804
2.948889 -2.040726 0.000804
2.948889 -1.887610 0.000804
2.948889 -1.734495 0.000804
2.948889 -1.581379 0.000804
2.948889 -1.428263 0.000804
