4.926111 7.000147 0.001612
4.816953 7.109306 0.001612
4.707794 7.218464 0.001612
4.598636 7.327623 0.001612
4.489477 7.436781 0.001612
4.380319 7.545940 0.001612
4.271160 7.655098 0.001612
4.162002 7.764257 0.001612
4.052843 7.873415 0.001612
3.943685 7.982574 0.001612
3.834526 8.091732 0.001612
3.725368 8.200891 0.001612
3.616209 8.310049 0.001612
3.507051 8.419208 0.001612
3.397892 8.528366 0.001612
3.288734 8.637525 0.001612
3.179575 8.746683 0.001612
3.070417 8.855842 0.001612
2.961258 8.965000 0.001612
2.809399 8.965000 0.001612
2.657539 8.965000 0.001612
2.505680 8.965000 0.001612
2.353821 8.965000 0.001612
2.201961 8.965000 0.001612
2.050102 8.965000 0.001612
1.898242 8.965000 0.001612
1.746383 8.965000 0.001612
1.594524 8.965000 0.001612
1.442664 8.965000 0.001612
1.290805 8.965000 0.001612
1.138945 8.965000 0.001612
0.987086 8.965000 0.001612
0.835227 8.965000 0.001612
0.683367 8.965000 0.001612
0.531508 8.965000 0.001612
0.379648 8.965000 0.001612
0.227789 8.965000 0.001612
0.075930 8.965000 0.001612
-0.075930 8.965000 0.001612
-0.227789 8.965000 0.001612
-0.379648 8.965000 0.001612
-0.531508 8.965000 0.001612
-0.683367 8.965000 0.001612
-0.835227 8.965000 0.001612
-0.987086 8.965000 0.001612
-1.138945 8.965000 0.001612
-1.290805 8.965000 0.001612
-1.442664 8.965000 0.001612
-1.594524 8.965000 0.001612
-1.746383 8.965000 0.001612
-1.898242 8.965000 0.001612
-2.050102 8.965000 0.001612
-2.201961 8.965000 0.001612
-2.353821 8.965000 0.001612
-2.505680 8.965000 0.001612
-2.657539 8.965000 0.001612
-2.809399 8.965000 0.001612
-2.961258 8.965000 0.001612
-3.070417 8.855842 0.001612
-3.179575 8.746683 0.001612
-3.288734 8.637525 0.001612
-3.397892 8.528366 0.001612
-3.507051 8.419208 0.001612
-3.616209 8.310049 0.001612
-3.725368 8.200891 0.001612
-3.834526 8.091732 0.001612
-3.943685 7.982574 0.001612
-4.052843 7.873415 0.001612
-4.162002 7.764257 0.001612
-4.271160 7.655098 0.001612
-4.380319 7.545940 0.001612
-4.489477 7.436781 0.001612
-4.598636 7.327623 0.001612
-4.707794 7.218464 0.001612
-4.816953 7.109306 0.001612
-4.926111 7.000147 0.001612
-4.926111 6.849606 0.001612
-4.926111 6.699066 0.001612
-4.926111 6.548525 0.001612
-4.926111 6.397984 0.001612
-4.926111 6.247443 0.001612
-4.926111 6.096902 0.001612
-4.926111 5.946362 0.001612
-4.926111 5.795821 0.001612
-4.926111 5.645280 0.001612
-4.926111 5.494739 0.001612
-4.926111 5.344198 0.001612
-4.926111 5.193658 0.001612
-4.926111 5.043117 0.001612
-4.926111 4.892576 0.001612
-4.926111 4.742035 0.001612
-4.926111 4.591494 0.001612
-4.926111 4.440954 0.001612
-4.926111 4.290413 0.001612
-4.926111 4.139872 0.001612
-4.926111 3.989331 0.001612
-4.926111 3.838790 0.001612
-4.926111 3.688250 0.001612
-4.926111 3.537709 0.001612
-4.926111 3.387168 0.001612
-4.926111 3.236627 0.001612
-4.926111 3.086086 0.001612
-4.926111 2.935546 0.001612
-4.926111 2.785005 0.001612
-4.926111 2.634464 0.001612
-4.926111 2.483923 0.001612
-4.926111 2.333382 0.001612
-4.926111 2.182842 0.001612
-4.926111 2.032301 0.001612
-4.926111 1.881760 0.001612
-4.926111 1.731219 0.001612
-4.926111 1.580678 0.001612
-4.926111 1.430138 0.001612
-4.926111 1.279597 0.001612
-4.926111 1.129056 0.001612
-4.926111 0.978515 0.001612
-4.926111 0.827974 0.001612
-4.926111 0.677434 0.001612
-4.926111 0.526893 0.001612
-4.926111 0.376352 0.001612
-4.926111 0.225811 0.001612
-4.926111 0.075270 0.001612
-4.926111 -0.075270 0.001612
-4.926111 -0.225811 0.001612
-4.926111 -0.376352 0.001612
-4.926111 -0.526893 0.001612
-4.926111 -0.677434 0.001612
-4.926111 -0.827974 0.001612
-4.926111 -0.978515 0.001612
-4.926111 -1.129056 0.001612
-4.926111 -1.279597 0.001612
-4.926111 -1.430138 0.001612
-4.926111 -1.580678 0.001612
-4.926111 -1.731219 0.001612
-4.926111 -1.881760 0.001612
-4.926111 -2.032301 0.001612
-4.926111 -2.182842 0.001612
-4.926111 -2.333382 0.001612
-4.926111 -2.483923 0.001612
-4.926111 -2.634464 0.001612
-4.926111 -2.785005 0.001612
-4.926111 -2.935546 0.001612
-4.926111 -3.086086 0.001612
-4.926111 -3.236627 0.001612
-4.926111 -3.387168 0.001612
-4.926111 -3.537709 0.001612
-4.926111 -3.688250 0.001612
-4.926111 -3.838790 0.001612
-4.926111 -3.989331 0.001612
-4.926111 -4.139872 0.001612
-4.926111 -4.290413 0.001612
-4.926111 -4.440954 0.001612
-4.926111 -4.591494 0.001612
-4.926111 -4.742035 0.001612
-4.926111 -4.892576 0.001612
-4.926111 -5.043117 0.001612
-4.926111 -5.193658 0.001612
-4.926111 -5.344198 0.001612
-4.926111 -5.494739 0.001612
-4.926111 -5.645280 0.001612
-4.926111 -5.795821 0.001612
-4.926111 -5.946362 0.001612
-4.926111 -6.096902 0.001612
-4.926111 -6.247443 0.001612
-4.926111 -6.397984 0.001612
-4.926111 -6.548525 0.001612
-4.926111 -6.699066 0.001612
-4.926111 -6.849606 0.001612
-4.926111 -7.000147 0.001612
-4.816953 -7.109306 0.001612
-4.707794 -7.218464 0.001612
-4.598636 -7.327623 0.001612
-4.489477 -7.436781 0.001612
-4.380319 -7.545940 0.001612
-4.271160 -7.655098 0.001612
-4.162002 -7.764257 0.001612
-4.052843 -7.873415 0.001612
-3.943685 -7.982574 0.001612
-3.834526 -8.091732 0.001612
-3.725368 -8.200891 0.001612
-3.616209 -8.310049 0.001612
-3.507051 -8.419208 0.001612
-3.397892 -8.528366 0.001612
-3.288734 -8.637525 0.001612
-3.179575 -8.746683 0.001612
-3.070417 -8.855842 0.001612
-2.961258 -8.965000 0.001612
-2.809399 -8.965000 0.001612
-2.657539 -8.965000 0.001612
-2.505680 -8.965000 0.001612
-2.353821 -8.965000 0.001612
-2.201961 -8.965000 0.001612
-2.050102 -8.965000 0.001612
-1.898242 -8.965000 0.001612
-1.746383 -8.965000 0.001612
-1.594524 -8.965000 0.001612
-1.442664 -8.965000 0.001612
-1.290805 -8.965000 0.001612
-1.138945 -8.965000 0.001612
-0.987086 -8.965000 0.001612
-0.835227 -8.965000 0.001612
-0.683367 -8.965000 0.001612
-0.531508 -8.965000 0.001612
-0.379648 -8.965000 0.001612
-0.227789 -8.965000 0.001612
-0.075930 -8.965000 0.001612
0.075930 -8.965000 0.001612
0.227789 -8.965000 0.001612
0.379648 -8.965000 0.001612
0.531508 -8.965000 0.001612
0.683367 -8.965000 0.001612
0.835227 -8.965000 0.001612
0.987086 -8.965000 0.001612
1.138945 -8.965000 0.001612
1.290805 -8.965000 0.001612
1.442664 -8.965000 0.001612
1.594524 -8.965000 0.001612
1.746383 -8.965000 0.001612
1.898242 -8.965000 0.001612
2.050102 -8.965000 0.001612
2.201961 -8.965000 0.001612
2.353821 -8.965000 0.001612
2.505680 -8.965000 0.001612
2.657539 -8.965000 0.001612
2.809399 -8.965000 0.001612
2.961258 -8.965000 0.001612
3.070417 -8.855842 0.001612
3.179575 -8.746683 0.001612
3.288734 -8.637525 0.001612
3.397892 -8.528366 0.001612
3.507051 -8.419208 0.001612
3.616209 -8.310049 0.001612
3.725368 -8.200891 0.001612
3.834526 -8.091732 0.001612
3.943685 -7.982574 0.001612
4.052843 -7.873415 0.001612
4.162002 -7.764257 0.001612
4.271160 -7.655098 0.001612
4.380319 -7.545940 0.001612
4.489477 -7.436781 0.001612
4.598636 -7.327623 0.001612
4.707794 -7.218464 0.001612
4.816953 -7.109306 0.001612
4.926111 -7.000147 0.001612
4.926111 -6.849606 0.001612
4.926111 -6.699066 0.001612
4.926111 -6.548525 0.001612
4.926111 -6.397984 0.001612
4.926111 -6.247443 0.001612
4.926111 -6.096902 0.001612
4.926111 -5.946362 0.001612
4.926111 -5.795821 0.001612
4.926111 -5.645280 0.001612
4.926111 -5.494739 0.001612
4.926111 -5.344198 0.001612
4.926111 -5.193658 0.001612
4.926111 -5.043117 0.001612
4.926111 -4.892576 0.001612
4.926111 -4.742035 0.001612
4.926111 -4.591494 0.001612
4.926111 -4.440954 0.001612
4.926111 -4.290413 0.001612
4.926111 -4.139872 0.001612
4.926111 -3.989331 0.001612
4.926111 -3.838790 0.001612
4.926111 -3.688250 0.001612
4.926111 -3.537709 0.001612
4.926111 -3.387168 0.001612
4.926111 -3.236627 0.001612
4.926111 -3.086086 0.001612
4.926111 -2.935546 0.001612
4.926111 -2.785005 0.001612
4.926111 -2.634464 0.001612
4.926111 -2.483923 0.001612
4.926111 -2.333382 0.001612
4.926111 -2.182842 0.001612
4.926111 -2.032301 0.001612
4.926111 -1.881760 0.001612
4.926111 -1.731219 0.001612
4.926111 -1.580678 0.001612
4.926111 -1.430138 0.001612
4.926111 -1.279597 0.001612
4.926111 -1.129056 0.001612
4.926111 -0.978515 0.001612
4.926111 -0.827974 0.001612
4.926111 -0.677434 0.001612
4.926111 -0.526893 0.001612
4.926111 -0.376352 0.001612
4.926111 -0.225811 0.001612
4.926111 -0.075270 0.001612
4.926111 0.075270 0.001612
4.926111 0.225811 0.001612
4.926111 0.376352 0.001612
4.926111 0.526893 0.001612
4.926111 0.677434 0.001612
4.926111 0.827974 0.001612
4.926111 0.978515 0.001612
4.926111 1.129056 0.001612
4.926111 1.279597 0.001612
4.926111 1.430138 0.001612
4.926111 1.580678 0.001612
4.926111 1.731219 0.001612
4.926111 1.881760 0.001612
4.926111 2.032301 0.001612
4.926111 2.182842 0.001612
4.926111 2.333382 0.001612
4.926111 2.483923 0.001612
4.926111 2.634464 0.001612
4.926111 2.785005 0.001612
4.926111 2.935546 0.001612
4.926111 3.086086 0.001612
4.926111 3.236627 0.001612
4.926111 3.387168 0.001612
4.926111 3.537709 0.001612
4.926111 3.688250 0.001612
4.926111 3.838790 0.001612
4.926111 3.989331 0.001612
4.926111 4.139872 0.001612
4.926111 4.290413 0.001612
4.926111 4.440954 0.001612
4.926111 4.591494 0.001612
4.926111 4.742035 0.001612
4.926111 4.892576 0.001612
4.926111 5.043117 0.001612
4.926111 5.193658 0.001612
4.926111 5.344198 0.001612
4.926111 5.494739 0.001612
4.926111 5.645280 0.001612
4.926111 5.795821 0.001612
4.926111 5.946362 0.001612
4.926111 6.096902 0.001612
4.926111 6.247443 0.001612
4.926111 6.397984 0.001612
4.926111 6.548525 0.001612
4.926111 6.699066 0.001612
4.926111 6.849606 0.001612
3.046111 6.249853 0.000804
2.926804 6.369160 0.000804
2.807498 6.488466 0.000804
2.688191 6.607773 0.000804
2.568884 6.727080 0.000804
2.449577 6.846387 0.000804
2.330271 6.965693 0.000804
2.210964 7.085000 0.000804
2.058484 7.085000 0.000804
1.906003 7.085000 0.000804
1.753523 7.085000 0.000804
1.601043 7.085000 0.000804
1.448563 7.085000 0.000804
1.296082 7.085000 0.000804
1.143602 7.085000 0.000804
0.991122 7.085000 0.000804
0.838641 7.085000 0.000804
0.686161 7.085000 0.000804
0.533681 7.085000 0.000804
0.381201 7.085000 0.000804
0.228720 7.085000 0.000804
0.076240 7.085000 0.000804
-0.076240 7.085000 0.000804
-0.228720 7.085000 0.000804
-0.381201 7.085000 0.000804
-0.533681 7.085000 0.000804
-0.686161 7.085000 0.000804
-0.838641 7.085000 0.000804
-0.991122 7.085000 0.000804
-1.143602 7.085000 0.000804
-1.296082 7.085000 0.000804
-1.448563 7.085000 0.000804
-1.601043 7.085000 0.000804
-1.753523 7.085000 0.000804
-1.906003 7.085000 0.000804
-2.058484 7.085000 0.000804
-2.210964 7.085000 0.000804
-2.330271 6.965693 0.000804
-2.449577 6.846387 0.000804
-2.568884 6.727080 0.000804
-2.688191 6.607773 0.000804
-2.807498 6.488466 0.000804
-2.926804 6.369160 0.000804
-3.046111 6.249853 0.000804
-3.046111 6.099104 0.000804
-3.046111 5.948356 0.000804
-3.046111 5.797607 0.000804
-3.046111 5.646858 0.000804
-3.046111 5.496110 0.000804
-3.046111 5.345361 0.000804
-3.046111 5.194612 0.000804
-3.046111 5.043864 0.000804
-3.046111 4.893115 0.000804
-3.046111 4.742366 0.000804
-3.046111 4.591618 0.000804
-3.046111 4.440869 0.000804
-3.046111 4.290120 0.000804
-3.046111 4.139372 0.000804
-3.046111 3.988623 0.000804
-3.046111 3.837874 0.000804
-3.046111 3.687126 0.000804
-3.046111 3.536377 0.000804
-3.046111 3.385628 0.000804
-3.046111 3.234880 0.000804
-3.046111 3.084131 0.000804
-3.046111 2.933382 0.000804
-3.046111 2.782634 0.000804
-3.046111 2.631885 0.000804
-3.046111 2.481136 0.000804
-3.046111 2.330388 0.000804
-3.046111 2.179639 0.000804
-3.046111 2.028890 0.000804
-3.046111 1.878142 0.000804
-3.046111 1.727393 0.000804
-3.046111 1.576644 0.000804
-3.046111 1.425896 0.000804
-3.046111 1.275147 0.000804
-2.926804 1.155840 0.000804
-2.807498 1.036534 0.000804
-2.688191 0.917227 0.000804
-2.568884 0.797920 0.000804
-2.449577 0.678613 0.000804
-2.330271 0.559307 0.000804
-2.210964 0.440000 0.000804
-2.058484 0.440000 0.000804
-1.906003 0.440000 0.000804
-1.753523 0.440000 0.000804
-1.601043 0.440000 0.000804
-1.448563 0.440000 0.000804
-1.296082 0.440000 0.000804
-1.143602 0.440000 0.000804
-0.991122 0.440000 0.000804
-0.838641 0.440000 0.000804
-0.686161 0.440000 0.000804
-0.533681 0.440000 0.000804
-0.381201 0.440000 0.000804
-0.228720 0.440000 0.000804
-0.076240 0.440000 0.000804
0.076240 0.440000 0.000804
0.228720 0.440000 0.000804
0.381201 0.440000 0.000804
0.533681 0.440000 0.000804
0.686161 0.440000 0.000804
0.838641 0.440000 0.000804
0.991122 0.440000 0.000804
1.143602 0.440000 0.000804
1.296082 0.440000 0.000804
1.448563 0.440000 0.000804
1.601043 0.440000 0.000804
1.753523 0.440000 0.000804
1.906003 0.440000 0.000804
2.058484 0.440000 0.000804
2.210964 0.440000 0.000804
2.330271 0.559307 0.000804
2.449577 0.678613 0.000804
2.568884 0.797920 0.000804
2.688191 0.917227 0.000804
2.807498 1.036534 0.000804
2.926804 1.155840 0.000804
3.046111 1.275147 0.000804
3.046111 1.425896 0.000804
3.046111 1.576644 0.000804
3.046111 1.727393 0.000804
3.046111 1.878142 0.000804
3.046111 2.028890 0.000804
3.046111 2.179639 0.000804
3.046111 2.330388 0.000804
3.046111 2.481136 0.000804
3.046111 2.631885 0.000804
3.046111 2.782634 0.000804
3.046111 2.933382 0.000804
3.046111 3.084131 0.000804
3.046111 3.234880 0.000804
3.046111 3.385628 0.000804
3.046111 3.536377 0.000804
3.046111 3.687126 0.000804
3.046111 3.837874 0.000804
3.046111 3.988623 0.000804
3.046111 4.139372 0.000804
3.046111 4.290120 0.000804
3.046111 4.440869 0.000804
3.046111 4.591618 0.000804
3.046111 4.742366 0.000804
3.046111 4.893115 0.000804
3.046111 5.043864 0.000804
3.046111 5.194612 0.000804
3.046111 5.345361 0.000804
3.046111 5.496110 0.000804
3.046111 5.646858 0.000804
3.046111 5.797607 0.000804
3.046111 5.948356 0.000804
3.046111 6.099104 0.000804
3.046111 -1.275147 0.000804
2.926804 -1.155840 0.000804
2.807498 -1.036534 0.000804
2.688191 -0.917227 0.000804
2.568884 -0.797920 0.000804
2.449577 -0.678613 0.000804
2.330271 -0.559307 0.000804
2.210964 -0.440000 0.000804
2.058484 -0.440000 0.000804
1.906003 -0.440000 0.000804
1.753523 -0.440000 0.000804
1.601043 -0.440000 0.000804
1.448563 -0.440000 0.000804
1.296082 -0.440000 0.000804
1.143602 -0.440000 0.000804
0.991122 -0.440000 0.000804
0.838641 -0.440000 0.000804
0.686161 -0.440000 0.000804
0.533681 -0.440000 0.000804
0.381201 -0.440000 0.000804
0.228720 -0.440000 0.000804
0.076240 -0.440000 0.000804
-0.076240 -0.440000 0.000804
-0.228720 -0.440000 0.000804
-0.381201 -0.440000 0.000804
-0.533681 -0.440000 0.000804
-0.686161 -0.440000 0.000804
-0.838641 -0.440000 0.000804
-0.991122 -0.440000 0.000804
-1.143602 -0.440000 0.000804
-1.296082 -0.440000 0.000804
-1.448563 -0.440000 0.000804
-1.601043 -0.440000 0.000804
-1.753523 -0.440000 0.000804
-1.906003 -0.440000 0.000804
-2.058484 -0.440000 0.000804
-2.210964 -0.440000 0.000804
-2.330271 -0.559307 0.000804
-2.449577 -0.678613 0.000804
-2.568884 -0.797920 0.000804
-2.688191 -0.917227 0.000804
-2.807498 -1.036534 0.000804
-2.926804 -1.155840 0.000804
-3.046111 -1.275147 0.000804
-3.046111 -1.425896 0.000804
-3.046111 -1.576644 0.000804
-3.046111 -1.727393 0.000804
-3.046111 -1.878142 0.000804
-3.046111 -2.028890 0.000804
-3.046111 -2.179639 0.000804
-3.046111 -2.330388 0.000804
-3.046111 -2.481136 0.000804
-3.046111 -2.631885 0.000804
-3.046111 -2.782634 0.000804
-3.046111 -2.933382 0.000804
-3.046111 -3.084131 0.000804
-3.046111 -3.234880 0.000804
-3.046111 -3.385628 0.000804
-3.046111 -3.536377 0.000804
-3.046111 -3.687126 0.000804
-3.046111 -3.837874 0.000804
-3.046111 -3.988623 0.000804
-3.046111 -4.139372 0.000804
-3.046111 -4.290120 0.000804
-3.046111 -4.440869 0.000804
-3.046111 -4.591618 0.000804
-3.046111 -4.742366 0.000804
-3.046111 -4.893115 0.000804
-3.046111 -5.043864 0.000804
-3.046111 -5.194612 0.000804
-3.046111 -5.345361 0.000804
-3.046111 -5.496110 0.000804
-3.046111 -5.646858 0.000804
-3.046111 -5.797607 0.000804
-3.046111 -5.948356 0.000804
-3.046111 -6.099104 0.000804
-3.046111 -6.249853 0.000804
-2.926804 -6.369160 0.000804
-2.807498 -6.488466 0.000804
-2.688191 -6.607773 0.000804
-2.568884 -6.727080 0.000804
-2.449577 -6.846387 0.000804
-2.330271 -6.965693 0.000804
-2.210964 -7.085000 0.000804
-2.058484 -7.085000 0.000804
-1.906003 -7.085000 0.000804
-1.753523 -7.085000 0.000804
-1.601043 -7.085000 0.000804
-1.448563 -7.085000 0.000804
-1.296082 -7.085000 0.000804
-1.143602 -7.085000 0.000804
-0.991122 -7.085000 0.000804
-0.838641 -7.085000 0.000804
-0.686161 -7.085000 0.000804
-0.533681 -7.085000 0.000804
-0.381201 -7.085000 0.000804
-0.228720 -7.085000 0.000804
-0.076240 -7.085000 0.000804
0.076240 -7.085000 0.000804
0.228720 -7.085000 0.000804
0.381201 -7.085000 0.000804
0.533681 -7.085000 0.000804
0.686161 -7.085000 0.000804
0.838641 -7.085000 0.000804
0.991122 -7.085000 0.000804
1.143602 -7.085000 0.000804
1.296082 -7.085000 0.000804
1.448563 -7.085000 0.000804
1.601043 -7.085000 0.000804
1.753523 -7.085000 0.000804
1.906003 -7.085000 0.000804
2.058484 -7.085000 0.000804
2.210964 -7.085000 0.000804
2.330271 -6.965693 0.000804
2.449577 -6.846387 0.000804
2.568884 -6.727080 0.000804
2.688191 -6.607773 0.000804
2.807498 -6.488466 0.000804
2.926804 -6.369160 0.000804
3.046111 -6.249853 0.000804
3.046111 -6.099104 0.000804
3.046111 -5.948356 0.000804
3.046111 -5.797607 0.000804
3.046111 -5.646858 0.000804
3.046111 -5.496110 0.000804
3.046111 -5.345361 0.000804
3.046111 -5.194612 0.000804
3.046111 -5.043864 0.000804
3.046111 -4.893115 0.000804
3.046111 -4.742366 0.000804
3.046111 -4.591618 0.000804
3.046111 -4.440869 0.000804
3.046111 -4.290120 0.000804
3.046111 -4.139372 0.000804
3.046111 -3.988623 0.000804
3.046111 -3.837874 0.000804
3.046111 -3.687126 0.000804
3.046111 -3.536377 0.000804
3.046111 -3.385628 0.000804
3.046111 -3.234880 0.000804
3.046111 -3.084131 0.000804
3.046111 -2.933382 0.000804
3.046111 -2.782634 0.000804
3.046111 -2.631885 0.000804
3.046111 -2.481136 0.000804
3.046111 -2.330388 0.000804
3.046111 -2.179639 0.000804
3.046111 -2.028890 0.000804
3.046111 -1.878142 0.000804
3.046111 -1.727393 0.000804
3.046111 -1.576644 0.000804
3.046111 -1.425896 0.000804
