0.097998 0.342517 0.042989
0.084575 8.203535 0.044153
0.360402 7.274901 0.045130
4.021332 3.354025 0.044363
4.816468 3.063937 0.048024
3.888724 3.472529 0.045223
2.228724 -8.940944 0.048388
2.395015 -8.845980 0.048502
2.422412 -8.651170 0.049319
2.754710 -8.674259 0.046889
2.609915 -8.568306 0.046241
3.077134 -8.882039 0.043321
2.688412 -7.503191 0.046108
2.670181 -7.709160 0.040500
2.477562 -7.766672 0.045965
2.412029 -7.943664 0.050506
2.292455 -8.544337 0.045461
2.339535 -8.342796 0.046366
2.240845 -8.006172 0.047464
2.208883 -8.219713 0.048292
2.053294 -8.301054 0.044352
0.084617 -8.203407 0.044175
0.205122 -8.337325 0.048922
4.912770 3.227516 0.041690
1.098909 8.830904 0.049771
4.210208 3.365145 0.046396
4.314744 3.505326 0.049681
3.678996 3.408817 0.047564
3.250164 3.395508 0.045603
2.239336 8.006382 0.047450
2.834271 8.311872 0.045360
2.512811 8.262281 0.049072
2.653355 8.381068 0.046658
0.464362 7.381192 0.046019
4.803869 -0.447549 0.051260
2.064940 -8.832079 0.051700
2.101275 -8.630282 0.050256
1.992766 -8.510082 0.044649
3.989644 -7.832627 0.045182
3.897248 -7.671148 0.042436
4.085076 -7.055290 0.042935
2.514327 -8.261781 0.049089
2.654750 -8.380458 0.046667
2.554859 -8.076190 0.044992
2.835690 -8.311024 0.045373
2.558480 -8.945036 0.047089
2.730672 -8.856180 0.047469
2.895578 -8.951143 0.044964
3.102731 -8.716869 0.047816
2.981359 -8.428666 0.047822
2.945213 -8.604052 0.044885
3.293370 -8.665538 0.044646
2.670723 -7.083034 0.049476
2.821061 -7.420779 0.046205
3.134160 -7.276191 0.044432
2.980584 -7.159958 0.043819
2.820012 -7.219853 0.049355
2.097901 -7.685433 0.050233
2.097672 -7.887469 0.048968
2.522501 -7.445501 0.042072
2.396082 -7.616534 0.044150
2.233717 -7.574195 0.045109
0.120506 -8.520308 0.057122
1.269976 -8.936033 0.047924
0.962527 -8.934875 0.046830
1.099360 -8.830908 0.049799
0.193160 -8.014837 0.046368
0.187683 8.941538 0.039652
0.098192 8.832573 0.048148
0.097105 7.566030 0.043666
0.088007 7.255599 0.037860
0.185112 7.370500 0.049418
0.108445 7.875730 0.049213
0.193020 8.014974 0.046349
0.205549 7.694257 0.051712
0.397515 7.605018 0.046937
4.927032 2.959375 0.036985
4.927032 2.790794 0.036071
4.813040 3.350899 0.048678
4.607659 3.340131 0.047069
4.525122 3.491878 0.043781
4.923604 3.506235 0.040731
4.924997 2.499999 0.039981
4.828696 2.679145 0.051606
4.600636 3.025875 0.050575
4.491555 3.178685 0.049930
4.304482 3.190251 0.044131
1.062265 8.623150 0.049098
2.980156 8.429519 0.047791
2.944274 8.604676 0.044863
2.608741 8.568773 0.046224
2.753775 8.674733 0.046867
1.269496 8.936030 0.047901
0.789393 8.830851 0.049337
0.962213 8.934874 0.046807
3.915398 3.651063 0.052790
3.342679 3.528377 0.048769
3.539102 3.531292 0.049764
3.235849 3.707048 0.043887
3.327735 3.868477 0.051191
2.338083 8.343098 0.046358
2.207402 8.219901 0.048264
3.758220 -1.001226 0.046184
3.916093 -0.914009 0.049494
4.608165 -1.260735 0.042350
4.619590 -1.447107 0.044849
4.927726 -1.946136 0.039784
4.811732 -1.793509 0.046290
4.156429 -2.140360 0.048480
4.474103 -1.552669 0.050509
4.283162 -1.462226 0.047839
4.137619 -1.555085 0.044593
4.129323 -1.752427 0.047245
4.932587 -0.181703 0.035695
4.932587 -0.357094 0.035927
4.442287 -0.631720 0.049462
4.256676 -0.727088 0.046472
1.905696 -8.931136 0.050931
1.416181 -8.833627 0.050245
1.586106 -8.937594 0.048539
1.740172 -8.828729 0.052616
4.924584 -5.656388 0.037179
4.592833 -5.894017 0.049752
4.472736 -6.055694 0.053064
4.908285 -6.094280 0.043634
4.924584 -5.824928 0.037715
4.809537 -5.928606 0.050495
4.925058 -6.663694 0.041830
4.918563 -6.950558 0.042806
4.820288 -6.815280 0.046180
4.844635 -7.115280 0.046097
3.957409 -5.982677 0.046710
4.280869 -6.061428 0.046063
4.160938 -5.916160 0.044820
3.243443 -4.967244 0.046662
2.246520 -7.362866 0.039368
2.491956 -7.130143 0.048589
2.435707 -7.296423 0.046626
3.728457 -7.635753 0.051415
4.179335 -7.796785 0.042860
4.138983 -7.243208 0.045059
4.386789 -7.562605 0.047975
4.213743 -7.613292 0.044206
4.043508 -7.529653 0.042650
4.009929 -7.372664 0.050257
3.243582 -6.185838 0.044953
3.137699 -6.462450 0.039467
3.304408 -6.356621 0.042867
3.621053 -6.235498 0.045532
3.475446 -6.385927 0.047384
3.499422 -6.562762 0.044831
3.488897 -7.396023 0.045713
3.805038 -7.314924 0.045695
3.669827 -7.436517 0.045559
4.617203 -6.827678 0.046201
4.536102 -6.676906 0.045669
4.238648 -6.933165 0.043542
4.338444 -6.438425 0.042931
4.221197 -6.753599 0.050524
4.354204 -6.641063 0.044013
4.806463 -6.209314 0.045922
4.637365 -6.509018 0.042970
4.587618 -6.205317 0.048606
4.516794 -6.363262 0.045644
4.921511 -6.366444 0.041996
4.823236 -6.508203 0.049891
3.924223 -7.007970 0.048902
3.773239 -7.138147 0.046422
3.322971 -8.492489 0.047915
3.508926 -8.446107 0.046067
3.545193 -8.274324 0.046161
3.390504 -8.143416 0.048240
3.168478 -8.368434 0.046417
3.199745 -8.191143 0.046852
2.788672 -7.814148 0.048683
3.056227 -8.060694 0.045441
2.879291 -8.120343 0.049024
2.738883 -8.004185 0.047047
2.996019 -7.547863 0.045072
3.148546 -7.463169 0.050403
2.981862 -7.735262 0.047508
3.109009 -7.865651 0.050960
3.342284 -7.533542 0.049119
3.731918 -8.231046 0.045053
3.943201 -8.001429 0.048560
3.764084 -8.045030 0.050010
3.033210 -6.968832 0.044765
3.131384 -6.616372 0.048831
3.322070 -6.687378 0.043659
2.701849 -6.897995 0.044191
2.936919 -6.678875 0.044622
2.903764 -6.843687 0.052835
0.098240 -8.832526 0.048175
0.218746 -8.636118 0.044332
1.062853 -8.623164 0.049124
0.855803 -8.313021 0.050830
0.881230 -8.520396 0.049395
1.917358 -8.183902 0.046840
1.618511 -7.989760 0.046740
1.776897 -7.882056 0.048317
1.929774 -7.983858 0.047652
0.108543 -7.875645 0.049247
0.374189 -8.037730 0.046459
0.696771 -8.213331 0.047369
0.534318 -8.329425 0.053283
0.386151 -8.244203 0.043954
3.243950 4.657911 0.046825
3.352466 4.503614 0.048301
3.560329 4.509715 0.047901
2.898642 0.747467 0.048147
0.089475 -0.047968 0.039492
0.089475 -0.243818 0.039365
0.766804 -0.247597 0.050442
3.340511 -3.196937 0.055206
3.539290 -3.523901 0.049868
4.287751 1.474213 0.047551
4.476240 1.565948 0.050600
4.804337 -0.094125 0.051224
4.809218 2.370985 0.049379
3.666705 3.247890 0.043996
0.744494 8.624120 0.048208
0.880668 8.520389 0.049361
0.855155 8.312981 0.050808
3.730905 8.232056 0.045022
3.544117 8.275343 0.046126
3.167304 8.369386 0.046390
3.076814 8.882281 0.043280
3.102102 8.717364 0.047774
4.823075 6.510575 0.049853
2.730021 8.856423 0.047440
2.557840 8.945140 0.047070
2.895231 8.951283 0.044946
0.663141 8.935977 0.044711
0.369679 8.941538 0.040987
0.483821 8.837515 0.048817
4.925295 4.085618 0.037055
4.911943 4.528687 0.042698
4.925295 4.253653 0.037079
4.813904 4.359619 0.051719
4.249995 3.663759 0.043684
4.075511 3.733234 0.043114
4.371185 3.813938 0.041364
4.080967 3.926641 0.041924
4.259635 3.973212 0.044729
3.235219 4.043596 0.044537
3.251850 4.351960 0.048792
3.343736 4.200345 0.045522
3.495041 3.873464 0.041743
3.766144 3.771009 0.042251
3.599577 3.714951 0.045662
4.907605 5.090866 0.044679
4.498997 4.611177 0.045454
4.478876 4.973742 0.046907
4.520930 5.749294 0.044322
4.331798 5.690844 0.044630
2.051900 8.301120 0.044347
2.227948 8.941000 0.048372
2.394167 8.846140 0.048475
2.421314 8.651462 0.049311
2.291198 8.544573 0.045456
2.096273 7.887538 0.048939
2.096650 7.685462 0.050224
1.045430 7.373901 0.048574
1.212899 7.266437 0.046954
0.919219 7.267464 0.045718
0.633783 7.266291 0.043639
0.750121 7.373755 0.048063
4.924726 -2.494490 0.040024
4.931105 -1.231952 0.034490
4.803686 -1.155581 0.051141
4.932262 -0.708449 0.035320
4.803545 -0.624741 0.051371
4.603550 -0.717433 0.043497
4.604848 -0.896008 0.044046
4.932262 -0.882769 0.036120
4.804843 -0.977636 0.050855
4.453709 -1.178229 0.051343
4.449235 -0.991448 0.048999
4.274193 -1.274158 0.046351
4.262325 -0.908240 0.046862
4.095496 -1.008687 0.049804
4.102889 -1.187823 0.047284
4.907339 -1.672094 0.042966
4.931105 -1.402898 0.036457
4.815111 -1.512898 0.049326
4.808889 -2.362479 0.049514
4.907496 -2.218779 0.043946
4.811889 -2.081101 0.046103
4.618235 -1.822801 0.042822
4.476127 -1.730068 0.046720
4.484652 -2.091102 0.046050
4.618393 -2.017922 0.043121
4.285257 -2.002880 0.042646
4.276890 -1.836968 0.048900
3.760996 -1.207356 0.051461
3.926262 -1.299275 0.049393
3.952023 -1.478469 0.046810
3.348993 -1.518814 0.047433
3.601130 -1.286098 0.046630
3.552348 -1.474358 0.046537
3.940532 -1.797763 0.044672
3.832452 -1.620771 0.046214
3.652533 -1.621760 0.052508
3.912917 -0.722549 0.046699
4.086671 -0.636074 0.050156
1.811894 -8.506495 0.045234
1.699599 -8.623346 0.050501
1.767521 -8.296411 0.043857
1.621551 -8.204070 0.049411
4.924167 -5.367867 0.040482
4.825418 -5.545729 0.050884
4.179943 -5.751582 0.048187
4.209471 -5.387006 0.046975
4.258447 -5.203762 0.046542
4.624487 -7.343183 0.044798
4.320752 -7.243555 0.042827
4.433443 -7.385141 0.050984
4.669748 -7.159356 0.044798
4.382639 -7.049273 0.043886
4.540591 -7.007032 0.048525
3.347969 -5.129088 0.049006
4.006824 -5.446960 0.046791
3.987326 -5.615558 0.048004
3.568697 -5.452461 0.049369
3.549077 -6.066653 0.048079
3.342643 -6.046298 0.044867
3.242394 -5.884852 0.045098
3.345886 -5.737558 0.049098
1.466184 -7.892826 0.049875
3.423781 -7.981621 0.043396
3.610635 -7.926512 0.044971
3.597264 -7.748855 0.043974
3.285804 -7.834305 0.044579
3.392022 -7.687137 0.043797
3.952949 -6.162742 0.044962
3.804234 -6.278728 0.050872
4.154336 -6.211098 0.044994
4.181078 -6.376755 0.051922
3.280857 -7.160482 0.044417
3.441855 -7.209942 0.048716
3.220582 -6.966898 0.043671
3.349000 -6.845581 0.051268
3.558407 -6.902882 0.044709
3.590986 -7.073659 0.046581
3.672319 -6.597310 0.046601
3.704374 -6.779228 0.047622
3.887938 -6.819827 0.045152
3.831525 -6.463704 0.045808
4.031340 -6.687581 0.045632
4.006981 -6.513376 0.045698
0.187739 -8.941499 0.039671
0.369761 -8.941499 0.041011
0.557004 -8.532818 0.050536
0.422461 -8.641052 0.045915
0.744885 -8.624100 0.048229
0.483977 -8.837460 0.048840
0.663311 -8.935960 0.044735
0.789675 -8.830835 0.049366
1.009664 -8.208215 0.048632
1.312110 -8.000981 0.048093
0.464469 -7.381221 0.046073
0.205671 -7.694162 0.051753
0.397722 -7.605006 0.046965
1.045792 -7.373943 0.048609
3.243468 4.971593 0.046564
3.344084 4.816575 0.048301
1.797562 0.339441 0.050875
1.968253 0.244272 0.049535
3.254423 0.706357 0.047928
3.063400 0.635270 0.046131
0.227598 0.244663 0.057015
0.219074 0.049745 0.056675
0.418064 -0.049357 0.048136
0.432892 0.342147 0.047247
0.216838 -0.341585 0.056405
0.578715 -0.343251 0.054421
0.415827 -0.244837 0.048216
1.312446 -0.345273 0.053429
0.944450 -0.344346 0.053492
1.125923 -0.249618 0.050702
0.774077 0.340583 0.049858
0.766484 -0.053681 0.051186
0.580631 0.046145 0.053912
0.586936 0.242730 0.054449
1.119820 -0.056359 0.052227
1.116782 0.339926 0.050784
0.939313 0.240510 0.053200
0.938026 0.042830 0.052206
4.907220 1.674603 0.043839
4.619799 1.463145 0.043691
4.930296 1.401919 0.038200
4.814183 1.523108 0.047856
4.142639 1.568064 0.044510
4.805588 0.618170 0.051383
3.936777 0.923950 0.048906
4.804296 0.083341 0.051196
4.805978 0.438262 0.051077
4.604338 -0.184061 0.043879
4.603870 -0.362095 0.043646
4.442283 -0.453573 0.049635
3.932502 0.730480 0.046564
4.907554 2.224195 0.044209
4.476917 1.744658 0.046307
4.598849 2.401659 0.048264
4.215679 2.486390 0.053679
4.063874 2.544856 0.042575
4.169603 3.060477 0.045427
4.192472 2.886021 0.054179
4.046131 2.754292 0.041887
3.991178 3.160445 0.044028
3.846279 3.118023 0.043647
3.796809 2.942957 0.046966
3.877170 2.784805 0.047070
3.524447 3.141130 0.047399
3.340315 3.204281 0.055092
3.233484 3.091769 0.036879
3.600555 2.954851 0.042757
0.520022 7.701044 0.053949
0.703206 7.584682 0.046781
0.696250 8.213304 0.047332
0.683251 8.004295 0.048743
0.373923 8.037835 0.046424
0.508960 7.913989 0.051935
0.204989 8.337473 0.048879
0.385893 8.244322 0.043920
0.533929 8.329485 0.053256
0.422240 8.641161 0.045893
0.556659 8.532892 0.050502
0.120414 8.520402 0.057066
0.218606 8.636219 0.044305
3.942096 8.002579 0.048537
3.762893 8.046263 0.049979
3.508077 8.446903 0.046035
3.322083 8.493267 0.047887
3.292763 8.666088 0.044606
4.924975 6.665441 0.041738
4.623708 7.344205 0.044786
4.918406 6.951417 0.042710
4.820048 6.816919 0.046104
4.844308 7.115971 0.046083
4.669104 7.160607 0.044765
4.432420 7.386557 0.050931
4.592787 5.897785 0.049657
4.809495 5.932039 0.050421
4.637075 6.511801 0.042926
4.921433 6.368886 0.041926
4.908239 6.097276 0.043566
4.806339 6.212257 0.045882
4.636539 3.994260 0.046206
4.825456 3.971574 0.051065
4.630665 3.653123 0.046569
4.541477 3.816751 0.047510
4.923495 3.797653 0.040332
4.823765 3.656712 0.049790
4.322851 4.124383 0.046298
4.529463 4.142619 0.044082
4.606990 4.309889 0.049787
4.481893 4.435345 0.044476
3.553514 4.195046 0.049970
3.612304 4.043284 0.042817
3.669491 4.352761 0.050256
3.934210 4.049383 0.052141
3.779500 3.975921 0.043358
4.928841 4.809273 0.040118
4.813112 4.948521 0.048544
4.623302 4.895092 0.043217
4.817450 4.651664 0.045845
4.627640 4.692584 0.043583
4.924589 5.828312 0.037685
4.924589 5.659973 0.037117
4.924194 5.371948 0.040400
4.808466 5.240498 0.051489
4.825450 5.549724 0.050783
4.638500 5.588490 0.045138
3.957422 5.986528 0.046661
3.987441 5.619837 0.047941
4.180008 5.755773 0.048102
4.160952 5.920175 0.044784
3.246908 5.578712 0.046693
3.345989 5.740445 0.049047
3.137174 6.463173 0.039586
1.415554 8.833624 0.050217
1.782410 7.677352 0.049983
1.935544 7.577124 0.045364
1.952850 7.369777 0.046818
1.819671 7.263060 0.048259
3.026161 -0.602490 0.047694
2.867631 -0.717727 0.050196
2.902628 -0.896254 0.044336
3.243309 -1.393267 0.042296
3.970411 -2.126499 0.052437
3.866229 -1.951429 0.050677
3.249017 -1.682895 0.044787
1.381391 -8.627745 0.049908
1.510744 -8.526328 0.046177
1.198679 -8.522407 0.048016
1.477069 -8.317137 0.047457
1.319955 -8.210981 0.048727
1.170917 -8.314834 0.049038
4.638473 -5.584252 0.045208
4.530548 -5.435078 0.045534
4.520936 -5.745195 0.044385
4.341804 -5.490571 0.044795
4.331774 -5.686549 0.044699
4.123597 -5.102816 0.044386
4.529336 -4.136257 0.044169
4.925241 -4.080306 0.037111
3.915510 -3.643558 0.052875
4.808393 -5.235998 0.051563
4.601719 -5.264686 0.048119
4.461951 -5.136936 0.048064
4.925241 -4.248353 0.037068
2.127626 -7.266739 0.050429
1.213181 -7.266456 0.046973
1.783482 -7.677434 0.050003
1.936587 -7.577200 0.045384
1.953509 -7.369835 0.046852
1.820052 -7.263096 0.048266
3.251814 -4.346352 0.048875
0.919400 -7.267486 0.045741
0.633874 -7.266362 0.043672
0.750349 -7.373848 0.048103
3.351351 -5.432995 0.045276
3.246825 -5.575798 0.046797
3.247859 -5.278053 0.047311
3.655363 -5.613361 0.046675
3.537077 -5.755656 0.043667
3.839761 -5.684098 0.043896
3.828849 -5.886640 0.044558
3.640020 -5.923304 0.045840
4.926813 -2.785970 0.036211
4.828205 -2.671796 0.052032
4.923547 -3.500460 0.040727
4.813107 -3.344268 0.048722
0.097128 -7.565980 0.043670
0.360421 -7.274859 0.045116
0.088003 -7.255604 0.037860
0.185131 -7.370462 0.049411
0.703635 -7.584831 0.046804
0.683807 -8.004382 0.048769
0.509391 -7.914002 0.051971
0.520413 -7.701130 0.053988
1.159116 -7.688297 0.050073
1.014514 -7.584999 0.047324
0.841408 -7.689525 0.051257
0.832602 -7.896205 0.051057
0.999428 -8.000349 0.048312
1.152836 -7.896968 0.049965
3.247859 5.281718 0.047191
3.347994 5.133296 0.048921
3.351434 5.436569 0.045204
3.544695 5.148318 0.045014
3.661951 5.316626 0.047668
3.568826 5.456455 0.049269
3.649750 4.668208 0.046953
3.542022 4.820771 0.046949
3.638107 4.990811 0.049961
3.823118 4.998573 0.045129
3.862167 4.689367 0.051026
3.939450 4.849691 0.044084
4.296753 4.689209 0.043180
4.280971 4.849265 0.047861
4.129260 4.916646 0.044205
3.864877 5.315711 0.048475
3.932632 5.155165 0.044473
4.006966 5.451524 0.046697
4.123679 5.107956 0.044329
1.684402 -0.346579 0.054050
1.487693 -0.251851 0.049919
1.979779 0.044892 0.051561
2.147790 -0.049629 0.047107
1.848651 -0.252626 0.048257
1.818700 -0.059852 0.051004
2.708482 0.696548 0.045581
2.921318 0.913891 0.043489
3.351294 1.528886 0.047032
3.245122 1.399456 0.043400
2.683043 0.522855 0.049060
3.001368 -0.428231 0.049047
2.809068 -0.348659 0.049508
2.800133 -0.165717 0.050834
3.201457 0.354910 0.047915
3.034699 0.459580 0.049141
2.844502 0.398085 0.047170
2.820621 0.213772 0.051716
3.235873 -3.700431 0.043941
3.250239 -3.388599 0.045632
3.342779 -3.521314 0.048862
4.932155 0.698513 0.034782
4.807746 1.243590 0.041129
4.613362 1.274870 0.042395
4.932545 0.170484 0.035670
4.932545 0.345813 0.035960
4.086877 -0.451100 0.047791
4.256878 -0.363966 0.046708
3.907663 -0.354455 0.048131
3.599523 0.707887 0.045328
3.761096 0.626419 0.049560
3.418681 0.611084 0.047133
3.394416 0.435326 0.047427
4.927993 1.950652 0.040143
4.812214 2.090405 0.045313
4.811879 1.803132 0.046467
4.618173 1.837977 0.042723
4.618507 2.031685 0.043007
3.970315 2.137728 0.052303
4.132178 1.765338 0.046899
4.277966 1.850196 0.048851
4.652492 2.718349 0.041689
4.538425 2.569878 0.045043
4.361994 2.623199 0.041659
4.534996 2.877281 0.041677
4.356530 2.813393 0.043051
4.484387 2.104530 0.045854
4.467726 2.278777 0.044955
4.260987 2.310187 0.042979
4.156291 2.152679 0.048275
4.285102 2.016361 0.042430
3.779578 2.608966 0.042332
3.643671 2.278381 0.045379
3.900789 2.455942 0.044034
3.847526 2.290906 0.049674
3.513017 2.801541 0.048164
3.611679 2.613808 0.047772
3.529035 2.448259 0.046083
0.840804 7.689419 0.051225
0.831911 7.896087 0.051036
1.013930 7.584929 0.047296
1.197908 8.522394 0.047983
1.380610 8.627741 0.049878
1.617351 7.989716 0.046714
1.928434 7.983844 0.047638
1.775676 7.881997 0.048297
1.915995 8.183906 0.046815
3.198366 8.192303 0.046824
3.389185 8.144624 0.048203
4.385749 7.563795 0.047955
4.008527 7.374543 0.050218
3.726994 7.637446 0.051377
3.668287 7.438375 0.045537
3.803528 7.316897 0.045660
4.083812 7.057597 0.042894
4.319592 7.245427 0.042806
4.137659 7.245238 0.045009
4.616701 6.829825 0.046139
4.535629 6.679572 0.045623
4.539856 7.008959 0.048508
4.381633 7.051426 0.043868
4.237603 6.935600 0.043524
4.462070 5.141826 0.047996
4.601850 5.269361 0.048042
4.530628 5.439578 0.045492
4.258583 5.208659 0.046475
4.341891 5.495065 0.044742
4.209625 5.391681 0.046906
4.030450 6.690381 0.045594
4.220370 6.756278 0.050484
4.353605 6.643940 0.043965
3.839905 5.688208 0.043835
3.655554 5.617295 0.046627
3.537243 5.759142 0.043603
3.640095 5.926795 0.045773
3.828942 5.890497 0.044490
3.242414 5.886935 0.044957
1.585468 8.937594 0.048518
1.629024 7.574509 0.047012
1.345510 7.370940 0.047768
1.513080 7.264504 0.047596
1.648979 7.367563 0.047215
3.445322 -1.151934 0.047140
3.290857 -1.214646 0.043222
3.091732 -0.953204 0.048655
3.120622 -1.120281 0.041783
3.848011 -2.280695 0.049773
3.554253 -1.804621 0.045562
3.659869 -1.957298 0.048715
3.354092 -1.821300 0.050654
3.233605 -3.084994 0.036839
3.233605 -2.900735 0.038011
3.544426 -0.167241 0.047098
3.178222 -0.334578 0.048013
3.739821 -0.616911 0.049695
3.734361 -0.433792 0.046834
3.549293 -0.337449 0.047451
3.371146 -0.420347 0.047424
4.129211 -4.911241 0.044262
3.864764 -5.310978 0.048561
3.932561 -5.150078 0.044534
3.661901 -5.312162 0.047772
3.544665 -5.143731 0.045100
3.934190 -4.042571 0.052216
4.322774 -4.117772 0.046383
3.327803 -3.861901 0.051289
3.553499 -4.188765 0.050067
3.235263 -4.037425 0.044623
3.343744 -4.194318 0.045624
4.075479 -3.725782 0.043175
4.259491 -3.966210 0.044807
4.080915 -3.919551 0.041968
4.907559 -5.086359 0.044761
4.478763 -4.968557 0.046986
4.296636 -4.683471 0.043244
4.280872 -4.843809 0.047942
1.345992 -7.370985 0.047803
1.629909 -7.574597 0.047032
1.513434 -7.264529 0.047609
1.649558 -7.367625 0.047253
1.470998 -7.682286 0.048909
1.323204 -7.581770 0.047787
4.912893 -3.221747 0.041578
4.926813 -2.954111 0.036820
4.816373 -3.057052 0.048163
4.923400 -3.792012 0.040386
4.823614 -3.650368 0.049899
4.636307 -3.987742 0.046295
4.825308 -3.965638 0.051199
3.968436 4.548344 0.047657
3.865182 4.370232 0.047921
3.979335 4.234952 0.046450
4.164104 4.556757 0.045610
4.189308 4.263381 0.046320
4.270823 4.407073 0.044305
1.472419 -0.059117 0.052373
1.639177 0.038929 0.050912
1.629566 0.238841 0.051549
1.458482 0.339401 0.051046
1.291067 0.040721 0.051359
1.286742 0.239327 0.052454
3.301287 1.227107 0.043015
3.282870 0.877993 0.044074
3.114522 0.973330 0.047298
3.131865 1.129914 0.040711
3.958580 1.491749 0.046719
3.937971 1.311690 0.049233
3.557304 1.488233 0.046355
2.410450 -0.283764 0.045771
2.066164 -0.346047 0.058704
2.204224 -0.247794 0.045282
2.306939 0.036352 0.045976
2.644260 0.154264 0.046638
2.466428 -0.103830 0.048457
2.631412 -0.048737 0.053753
2.494969 0.478530 0.047286
2.137054 0.344832 0.049120
2.307730 0.231432 0.052771
2.480067 0.294251 0.050996
3.559918 2.130161 0.049765
3.348688 2.134818 0.047183
4.900783 1.137835 0.045279
4.932155 0.871973 0.036388
4.809605 0.975678 0.050309
4.465085 1.188538 0.051147
4.283033 1.285079 0.046218
4.117314 1.198872 0.047043
4.113570 1.017662 0.049954
4.445398 -0.094359 0.049528
4.259525 -0.182786 0.046359
0.998648 8.000271 0.048279
1.008893 8.208156 0.048604
1.170049 8.314808 0.049010
1.318976 8.210960 0.048700
1.476004 8.317146 0.047432
1.766261 8.296411 0.043836
1.620375 8.204067 0.049388
1.509780 8.526342 0.046143
2.877756 8.121370 0.049005
3.054703 8.061934 0.045416
3.107442 7.867044 0.050933
3.487359 7.397903 0.045685
3.440330 7.211887 0.048687
3.279395 7.162336 0.044391
3.340748 7.535286 0.049085
3.147063 7.464806 0.050359
3.132739 7.277871 0.044407
3.284250 7.835830 0.044552
3.390473 7.688806 0.043779
3.422329 7.983041 0.043363
3.609250 7.927966 0.044944
3.595791 7.750494 0.043963
2.232429 7.574273 0.045066
3.771768 7.140302 0.046389
3.589498 7.075764 0.046550
3.886791 6.822414 0.045104
3.922920 7.010308 0.048895
4.178223 7.797922 0.042852
3.988417 7.833923 0.045161
3.895850 7.672705 0.042410
4.212550 7.614657 0.044171
4.042142 7.531281 0.042618
3.304027 6.358072 0.042860
3.474800 6.388416 0.047347
3.342704 6.048497 0.044804
3.243623 6.187045 0.044801
3.549131 6.069661 0.047982
3.620825 6.238552 0.045449
4.338026 6.441636 0.042897
4.280767 6.065266 0.045981
4.472605 6.059354 0.052980
4.587413 6.208589 0.048537
4.516508 6.366445 0.045610
3.952736 6.166391 0.044894
3.803776 6.282107 0.050823
4.154049 6.214741 0.044931
4.180599 6.380083 0.051856
3.830748 6.466865 0.045757
4.006258 6.516490 0.045644
3.219221 6.968657 0.043664
3.130457 6.617618 0.048812
1.904924 8.931152 0.050913
2.064042 8.832152 0.051674
1.739370 8.828746 0.052582
1.991528 8.510146 0.044639
2.100145 8.630403 0.050247
1.810736 8.506525 0.045216
1.698626 8.623376 0.050467
3.330378 -2.774335 0.051419
3.240107 -2.588534 0.042830
3.248408 -1.980298 0.045562
3.644127 -2.268901 0.045470
3.560166 -2.120573 0.049884
3.340565 -2.441796 0.050692
3.529601 -2.439370 0.046166
3.243792 -2.277648 0.044585
3.348867 -2.126895 0.047319
3.170140 -0.163784 0.048316
2.984351 -0.074494 0.048937
2.991990 0.101994 0.048955
3.182630 0.181636 0.048145
3.363048 0.089587 0.047861
3.358196 -0.079345 0.047571
3.573506 -0.693560 0.045550
3.588730 -0.886415 0.049228
3.435698 -0.958380 0.045036
3.389900 -0.593339 0.047654
3.221768 -0.681829 0.047652
3.252343 -0.854016 0.045067
3.669409 -4.346651 0.050356
3.495123 -3.866587 0.041795
3.599704 -3.707703 0.045717
3.766253 -3.763742 0.042300
3.779497 -3.968986 0.043430
3.612338 -4.036557 0.042911
4.249908 -3.656188 0.043726
4.630466 -3.646026 0.046623
4.370997 -3.806727 0.041431
4.541251 -3.809774 0.047578
4.928832 -4.804474 0.040167
4.813058 -4.943691 0.048603
4.623196 -4.889916 0.043277
4.652018 -2.708573 0.041799
3.901502 -2.445823 0.044132
4.064582 -2.534475 0.042664
3.614950 0.903253 0.048752
3.462555 0.978086 0.045021
3.463629 1.170616 0.046867
3.780799 1.015255 0.046145
3.778249 1.221785 0.050780
3.613474 1.302312 0.047044
3.340221 2.449551 0.050553
3.243627 2.284329 0.044624
2.684064 -0.672346 0.045794
2.650293 -0.477538 0.053705
2.477166 -0.447942 0.047774
3.555242 1.815359 0.045398
3.660300 1.967555 0.048693
3.656192 1.633811 0.052572
3.837191 1.633471 0.046007
3.942783 1.810062 0.044607
3.866842 1.962597 0.050518
3.249505 1.688883 0.045296
3.354566 1.829779 0.050446
3.248394 1.986631 0.045730
4.277371 0.915579 0.046496
4.609285 0.716724 0.042911
4.613302 0.900773 0.044247
4.463166 1.000249 0.049520
4.452446 0.632136 0.050065
4.102590 0.640127 0.050187
4.270667 0.731515 0.046467
3.730316 -0.084636 0.047492
3.908486 -0.175507 0.046444
4.090346 -0.090970 0.048267
1.151969 7.896905 0.049945
1.158358 7.688231 0.050047
1.465144 7.892778 0.049857
1.311140 8.000943 0.048066
1.470083 7.682216 0.048882
1.322468 7.581707 0.047765
2.994521 7.549315 0.045060
2.980291 7.736629 0.047485
2.127249 7.266717 0.050438
2.245722 7.362874 0.039302
2.979317 7.161384 0.043794
3.031996 6.970285 0.044737
2.701274 6.898584 0.044172
2.936281 6.679633 0.044679
2.902878 6.844707 0.052809
3.703123 6.781739 0.047601
3.498275 6.565188 0.044825
3.671272 6.600082 0.046548
3.556982 6.905095 0.044686
3.320784 6.689289 0.043655
3.347641 6.847539 0.051224
3.979292 -4.228387 0.046530
3.865119 -4.363955 0.048014
3.968366 -4.542348 0.047752
4.164022 -4.550752 0.045690
4.270783 -4.400901 0.044355
4.189300 -4.256929 0.046413
3.560253 -4.504040 0.047987
3.344043 -4.811746 0.048377
3.243933 -4.652914 0.046915
3.352414 -4.498187 0.048375
4.498911 -4.605501 0.045516
4.627581 -4.687198 0.043655
4.481868 -4.429440 0.044542
4.606947 -4.303953 0.049853
4.813851 -4.354081 0.051822
4.911944 -4.523563 0.042734
4.817442 -4.646519 0.045903
4.538105 -2.558948 0.045079
4.467715 -2.266267 0.045154
4.598456 -2.390160 0.048470
4.362162 -2.612368 0.041770
4.261228 -2.298075 0.043205
4.216025 -2.475388 0.053740
4.607758 -3.332406 0.047140
4.525050 -3.484255 0.043872
4.314746 -3.497464 0.049804
4.210298 -3.356939 0.046479
4.046839 -2.744536 0.041961
3.239928 2.595374 0.042776
3.233484 2.907370 0.037928
3.330079 2.781815 0.051272
4.099009 0.452903 0.047821
4.092542 0.089202 0.048622
3.733467 0.087241 0.047741
3.552428 0.173567 0.046974
3.564969 0.346032 0.047559
3.750806 0.440323 0.046713
3.918632 0.357159 0.048304
3.913833 0.176542 0.046283
2.787073 7.815222 0.048663
2.737277 8.005073 0.047037
2.410454 7.944086 0.050481
2.553248 8.076789 0.044982
2.818917 7.221011 0.049309
2.819796 7.422008 0.046153
2.434957 7.296753 0.046581
2.491574 7.130535 0.048528
2.669991 7.083789 0.049417
3.541945 -4.815662 0.047025
3.649675 -4.662683 0.047026
3.638041 -4.985803 0.050024
3.823075 -4.993334 0.045195
3.939381 -4.844197 0.044136
3.862077 -4.683687 0.051117
4.304634 -3.181651 0.044244
4.356840 -2.803471 0.043159
4.491790 -3.170327 0.050070
4.192960 -2.876551 0.054325
4.169916 -3.051568 0.045524
4.600619 -3.017495 0.050629
4.534871 -2.867962 0.041874
3.877900 -2.775442 0.047196
3.513555 -2.793118 0.048276
3.612319 -2.604891 0.047847
3.780336 -2.599549 0.042408
3.991460 -3.151755 0.044113
3.679207 -3.400958 0.047674
3.888878 -3.464576 0.045334
4.021438 -3.345770 0.044438
4.262789 0.179046 0.046142
4.264457 0.362129 0.046954
4.605364 0.175064 0.043634
4.446466 0.087300 0.049747
4.607047 0.354655 0.043785
4.449817 0.449975 0.049543
2.668569 7.710000 0.040523
2.521210 7.446006 0.042069
2.687063 7.504100 0.046103
2.394590 7.616809 0.044146
2.475979 7.767148 0.045960
3.797391 -2.934021 0.047016
3.846672 -3.109269 0.043716
3.601063 -2.946355 0.042828
3.524793 -3.133086 0.047480
3.666979 -3.239667 0.044085
4.727360 7.371120 -0.000000
4.577038 7.521443 0.000000
-4.306312 -7.260232 0.043032
-4.422042 -7.398974 0.049940
-4.909777 -6.104602 0.044619
-4.813355 -5.952098 0.048174
-4.929121 -5.358134 0.037055
-4.658908 -5.614327 0.042228
-4.929370 -3.796176 0.036273
-1.582667 8.937588 0.048478
-4.615543 -7.354555 0.044538
-4.370341 -7.072320 0.043429
-4.376439 -7.572960 0.047905
-4.604488 -2.746234 0.051205
-4.820169 -2.766105 0.045811
-0.385718 -8.245018 0.043834
-0.084393 -8.204020 0.044088
-0.205004 -8.338126 0.048684
-2.225313 -8.941185 0.048324
-1.061239 -8.622990 0.049027
-1.007893 -8.207804 0.048562
-1.267549 -8.936008 0.047869
-1.097418 -8.830857 0.049666
-1.512016 -7.264412 0.047570
-4.926912 -5.825488 0.040073
-4.929121 -5.529452 0.035576
-4.832699 -5.640536 0.051696
-4.925694 -6.677182 0.041341
-4.922724 -6.380822 0.042260
-4.809167 -6.234416 0.045740
-4.825084 -6.532248 0.048637
-4.542007 -5.781855 0.044179
-4.602241 -5.934675 0.047640
-4.370323 -5.727690 0.043058
-4.813660 -5.242117 0.053033
-3.931913 -4.907710 0.044052
-3.819706 -5.080927 0.045031
-3.940546 -5.214458 0.046832
-4.928974 -1.951256 0.039755
-4.811591 -1.810624 0.046898
-4.619676 -1.858871 0.042739
-4.804058 -4.369027 0.051051
-4.907523 -4.520255 0.044342
-0.089663 -0.243530 0.039328
-0.216780 -0.341001 0.056630
-1.413041 8.833594 0.050106
-2.667790 7.084370 0.049236
-4.825811 4.084823 0.049406
-3.855116 4.772469 0.049143
-3.629283 4.475277 0.043287
-4.809865 2.412069 0.053920
-4.818817 3.084093 0.052372
-4.841617 -7.123671 0.045512
-4.917550 -6.958448 0.042504
-4.819911 -6.833152 0.044329
-4.662786 -7.174120 0.044428
-4.614506 -6.854882 0.045354
-4.533314 -7.030626 0.048102
-4.170194 -7.806764 0.042556
-4.203013 -7.624863 0.043832
-2.974432 -7.160047 0.043409
-4.122898 -7.258226 0.044518
-3.855766 -4.765734 0.049276
-3.243068 -3.981656 0.041021
-3.243068 -4.168706 0.042928
-3.957357 -4.588543 0.052316
-4.511451 -2.613234 0.044154
-4.808214 -2.391911 0.054660
-4.909259 -2.226919 0.043229
-4.814899 -2.100080 0.045320
-4.613059 -2.439550 0.044554
-4.478250 -2.317990 0.046298
-4.481490 -2.140761 0.050996
-4.622984 -2.054702 0.043190
-4.922288 -2.668018 0.037281
-4.922288 -2.503476 0.037537
-0.120611 -8.520550 0.057168
-0.097139 -7.566113 0.043695
-0.108160 -7.876084 0.049151
-0.192552 -8.016065 0.046272
-0.205299 -7.695194 0.051621
-0.373266 -8.039049 0.046339
-0.360036 -7.275420 0.045293
-0.087846 -7.255366 0.037699
-0.184985 -7.370786 0.049615
-0.464242 -7.381289 0.045948
-0.397352 -7.605737 0.047040
-2.555524 -8.945559 0.046972
-2.391358 -8.846743 0.048307
-2.061280 -8.832218 0.051603
-1.196790 -8.522187 0.047925
-1.474418 -8.316889 0.047338
-1.317528 -8.210720 0.048626
-1.169024 -8.314542 0.048912
-1.647997 -7.367335 0.047127
-1.627792 -7.574116 0.046952
-1.780600 -7.676825 0.049858
-0.960710 -8.934849 0.046767
-0.662088 -8.935983 0.044649
-0.788473 -8.830832 0.049242
-0.880225 -8.520201 0.049286
-0.744167 -8.624051 0.048130
-0.695743 -8.213155 0.047262
-0.854645 -8.312660 0.050735
-0.533978 -8.329596 0.053179
-0.556821 -8.532951 0.050433
-3.243698 -4.803460 0.047152
-3.646182 -4.774927 0.046035
-3.502841 -8.451793 0.045793
-3.537645 -8.281533 0.045787
-3.382094 -8.150913 0.047939
-4.535225 -6.712009 0.044529
-4.640020 -6.545345 0.042252
-3.974798 -6.222336 0.042916
-4.907873 -5.079006 0.043846
-4.553897 -5.459305 0.044657
-4.612228 -5.285582 0.048417
-4.380005 -5.524904 0.043041
-4.243226 -5.424602 0.049131
-4.919868 -4.246409 0.040509
-4.929370 -3.966396 0.035702
-4.825905 -4.071693 0.049659
-0.089663 -0.047855 0.039623
-0.578032 -0.343185 0.054378
-0.415761 -0.244187 0.048332
-3.235178 -3.345999 0.043316
-1.460507 0.339566 0.051038
-4.291165 -1.275744 0.045899
-4.290048 -2.407202 0.044922
-4.176175 -2.705277 0.049227
-4.310220 -2.592653 0.045614
-4.290850 -2.036563 0.045796
-4.480546 -1.567252 0.050212
-4.480912 -1.759679 0.050009
-4.297844 -1.467489 0.047041
-4.146351 -1.559920 0.048013
-4.293580 -1.851312 0.048281
-4.141721 -1.751315 0.047363
-3.248637 1.415649 0.047229
-3.334852 1.564925 0.046332
-4.279851 -0.900470 0.047014
-0.098225 8.832688 0.048153
-0.120547 8.520564 0.057133
-0.218773 8.636454 0.044318
-1.267168 8.936006 0.047853
-0.960446 8.934847 0.046750
-1.097066 8.830852 0.049647
-4.030459 7.544723 0.042264
-2.893483 8.952103 0.044774
-2.749439 8.677147 0.046720
-2.726990 8.857756 0.047147
-1.901758 8.931050 0.050926
-1.736312 8.828639 0.052518
-1.468229 7.681826 0.048743
-1.150303 7.896645 0.049867
-2.490458 7.131147 0.048284
-2.126327 7.266513 0.050475
-4.919813 4.258680 0.040354
-4.929331 3.810044 0.036162
-4.929331 3.979810 0.035651
-3.830233 4.454778 0.047577
-3.956719 4.596218 0.052149
-4.183227 4.259318 0.052538
-4.910616 2.245240 0.042910
-3.971942 1.488643 0.047541
-3.628480 1.301067 0.048255
-4.920960 2.953199 0.039384
-4.820208 2.785311 0.045691
-4.634702 3.078503 0.041940
-4.921191 3.241226 0.040768
-4.094110 3.863220 0.045751
-4.070817 3.655614 0.043351
-3.909018 3.583307 0.049400
-3.808374 -6.320074 0.046409
-3.818132 -6.487573 0.046520
-3.622403 -6.240898 0.046474
-2.815799 -7.221067 0.049253
-2.700712 -6.898020 0.043905
-2.490818 -7.130756 0.048350
-2.668510 -7.083610 0.049313
-4.067329 -7.071628 0.042524
-4.224168 -6.955626 0.043674
-4.031762 -7.543151 0.042311
-3.995970 -7.386663 0.050197
-3.330699 -7.541798 0.049026
-3.124821 -7.278655 0.044652
-3.139097 -7.468718 0.049807
-3.270490 -7.166560 0.044128
-4.632333 -4.022412 0.047024
-3.764544 -3.294691 0.043063
-3.599953 -3.367178 0.043340
-3.904110 -3.373176 0.050635
-3.546838 -4.619439 0.052100
-3.338979 -4.301935 0.052378
-3.239245 -4.488554 0.045033
-3.339609 -4.632296 0.047158
-3.853607 -4.271773 0.044267
-3.830581 -4.447199 0.047819
-3.629646 -4.468902 0.043395
-3.656495 -4.173618 0.044959
-3.522152 -4.295140 0.046302
-4.921215 -2.935538 0.039369
-0.187506 -8.941612 0.039512
-0.098262 -8.832677 0.048169
-0.218874 -8.636426 0.044333
-0.422430 -8.641343 0.045803
-0.369077 -8.941612 0.040878
-0.483391 -8.837594 0.048729
-0.633381 -7.265869 0.043462
-0.997535 -7.999985 0.048204
-2.417758 -8.652533 0.049229
-2.893769 -8.951973 0.044798
-2.727522 -8.857532 0.047181
-1.902356 -8.931033 0.050942
-1.696397 -8.623151 0.050428
-1.413518 -8.833594 0.050128
-1.583163 -8.937586 0.048495
-1.736918 -8.828619 0.052546
-1.508062 -8.526165 0.046088
-1.378938 -8.627640 0.049810
-1.933957 -7.576570 0.045310
-3.344468 -4.953005 0.049864
-3.244104 -5.124397 0.048245
-3.637100 -5.101352 0.049448
-3.539723 -4.937329 0.046942
-3.724338 -8.238687 0.044748
-3.414813 -7.990404 0.043035
-3.381614 -7.696468 0.043617
-3.276687 -7.842561 0.044429
-4.594397 -6.245901 0.047285
-4.522890 -6.405403 0.044635
-4.483893 -6.098662 0.051874
-4.300155 -6.111636 0.044010
-4.170280 -6.264397 0.042861
-4.929237 -4.799733 0.040089
-4.813427 -4.655583 0.047132
-4.813777 -4.950184 0.046703
-4.130878 -5.138061 0.044189
-4.272737 -5.229858 0.046335
-4.124731 -4.946012 0.046351
-4.467848 -5.156437 0.048375
-3.644046 -6.064047 0.046462
-3.909672 -5.390391 0.049485
-3.753403 -5.476686 0.043245
-4.070493 -5.508738 0.044300
-3.740253 -5.682501 0.042380
-4.905951 -1.675755 0.044303
-4.931722 -0.865863 0.036199
-0.766323 -0.247386 0.050481
-4.139915 -2.324128 0.048130
-4.137478 -2.130718 0.047174
-2.138191 0.344226 0.049243
-1.632181 0.238396 0.051845
-1.799880 0.338830 0.051053
-1.970540 0.243056 0.049654
-2.496702 0.480604 0.047582
-2.822891 0.217096 0.051902
-4.457364 0.639267 0.050795
-4.475072 1.013284 0.049767
-4.136109 1.202696 0.048983
-3.962686 1.299329 0.047793
-3.797699 1.204941 0.048138
-3.257507 0.715861 0.047678
-3.641633 1.497238 0.049921
-3.511337 1.605783 0.043299
-3.820108 1.590426 0.047012
-3.823454 1.781549 0.045365
-3.229548 1.734106 0.042812
-4.100659 0.456888 0.048079
-3.917839 0.361778 0.048051
-3.551289 0.177898 0.047161
-3.202148 0.360174 0.048063
-4.931722 -0.694539 0.034429
-0.187456 8.941628 0.039500
-0.368997 8.941628 0.040863
-0.661930 8.935986 0.044633
-0.788240 8.830833 0.049223
-0.483257 8.837614 0.048713
-0.422264 8.641381 0.045790
-0.097127 7.566114 0.043690
-0.464186 7.381264 0.045921
-0.633332 7.265837 0.043446
-0.385560 8.245036 0.043817
-0.084370 8.204036 0.044075
-0.204917 8.338155 0.048662
-4.169170 7.807820 0.042539
-4.375416 7.574117 0.047875
-4.201870 7.626172 0.043785
-3.994590 7.388497 0.050143
-3.905360 7.024420 0.048602
-3.867111 6.836428 0.045007
-4.016480 6.713763 0.046013
-4.000562 6.551876 0.043121
-2.555004 8.945654 0.046951
-2.603682 8.570959 0.046054
-1.772582 7.881332 0.048159
-3.656368 7.451269 0.045209
-3.790194 7.331079 0.045089
-3.756561 7.153366 0.046263
-3.576740 7.088504 0.045939
-3.978791 7.844413 0.044720
-3.885188 7.685154 0.042106
-3.715494 7.649118 0.051109
-1.378391 8.627639 0.049789
-2.700074 6.898667 0.043875
-1.157036 7.688008 0.049956
-1.321189 7.581443 0.047693
-1.344388 7.370778 0.047669
-1.211782 7.266382 0.046907
-1.951416 7.369411 0.046677
-1.627260 7.574059 0.046935
-1.779936 7.676773 0.049839
-1.933280 7.576521 0.045289
-2.432914 7.297268 0.046330
-2.244030 7.362696 0.039073
-4.841211 7.124495 0.045479
-4.917328 6.959577 0.042360
-4.420960 7.400457 0.049837
-4.614697 7.355667 0.044508
-4.662011 7.175580 0.044360
-4.211721 6.786021 0.049130
-4.351995 6.682532 0.042773
-4.532387 7.032876 0.048057
-4.180582 5.979485 0.043926
-4.926868 5.831305 0.039925
-4.832570 5.646873 0.051533
-4.209636 5.813200 0.050795
-4.242553 5.431000 0.049053
-3.931245 4.914456 0.043956
-4.906883 1.690164 0.044282
-4.297294 1.297085 0.045836
-4.477858 1.201573 0.051031
-4.930440 1.967710 0.039459
-4.813990 1.828194 0.046910
-4.817723 2.119773 0.044837
-3.637686 2.402530 0.044362
-3.845126 2.762276 0.047749
-3.324184 3.188101 0.050655
-3.233153 3.004680 0.044162
-4.615522 2.462828 0.044280
-4.483726 2.342887 0.045852
-4.625449 1.879158 0.042186
-4.489528 2.164099 0.050839
-4.629182 2.076340 0.042640
-3.467254 0.989660 0.044533
-3.289385 0.893015 0.045288
-3.308522 1.246083 0.044128
-3.471855 1.190437 0.048635
-4.922582 2.521326 0.037326
-4.922582 2.685955 0.037314
-4.830472 3.690951 0.050933
-4.652911 3.707529 0.042229
-4.924474 3.518813 0.039861
-4.822331 3.385918 0.044998
-4.319417 4.126394 0.043854
-4.263368 3.939089 0.049043
-4.382826 3.811507 0.041757
-4.557946 3.861835 0.043978
-4.631988 4.035756 0.046863
-4.512915 4.172733 0.046201
-4.525048 3.245663 0.044884
-4.610304 3.395946 0.049884
-4.534885 3.545419 0.041837
-4.364623 3.611233 0.042041
-4.221872 3.531209 0.050325
-4.213290 3.324276 0.051133
-4.349486 3.203832 0.042781
-3.966540 3.984424 0.047303
-3.853192 4.279595 0.044221
-3.999609 4.193217 0.047724
-3.868525 -6.833893 0.045068
-3.906775 -7.022135 0.048630
-4.352712 -6.679162 0.042843
-4.212771 -6.783199 0.049194
-4.187422 -6.423065 0.050079
-4.343347 -6.481485 0.042254
-4.001697 -6.548503 0.043232
-4.017682 -6.710960 0.046064
-3.467259 -6.360538 0.049572
-4.558652 -3.847376 0.044177
-4.384298 -3.797156 0.041834
-4.143639 -4.568110 0.048368
-4.264907 -3.926465 0.049288
-4.000565 -4.184340 0.047945
-3.968438 -3.975496 0.047405
-4.096531 -3.852143 0.045819
-4.073550 -3.643755 0.043463
-3.912393 -3.573566 0.049457
-4.921032 -3.224576 0.040957
-4.818913 -3.066033 0.052627
-1.211931 -7.266395 0.046917
-1.344656 -7.370807 0.047694
-1.150786 -7.896686 0.049882
-1.309647 -8.000683 0.047989
-1.463465 -7.892434 0.049776
-1.157449 -7.688051 0.049974
-1.468757 -7.681869 0.048763
-1.321602 -7.581483 0.047708
-0.682352 -8.003999 0.048743
-0.830896 -7.895684 0.051034
-0.508136 -7.914471 0.051899
-0.519474 -7.701046 0.054106
-3.100296 -7.872130 0.050696
-2.096935 -8.630515 0.050226
-2.287368 -8.545272 0.045376
-3.075203 -8.883631 0.042947
-2.604583 -8.570526 0.046078
-2.750182 -8.676710 0.046745
-2.126579 -7.266527 0.050473
-1.818692 -7.262923 0.048252
-1.951845 -7.369450 0.046708
-3.331271 -5.276756 0.044870
-3.230501 -5.452659 0.044973
-3.588068 -5.428396 0.043210
-3.529012 -5.269387 0.050084
-3.934270 -8.010355 0.048343
-3.979896 -7.843207 0.044756
-3.755095 -8.054075 0.049709
-3.601121 -7.936412 0.044567
-3.586437 -7.759214 0.043771
-3.716804 -7.647521 0.051164
-3.886465 -7.683675 0.042143
-3.326881 -5.984495 0.047312
-3.511472 -5.949568 0.049794
-3.227174 -5.812657 0.044790
-3.571592 -5.760835 0.042768
-3.314341 -5.625252 0.048641
-3.474168 -5.608357 0.042177
-4.047076 -5.688986 0.043489
-4.210127 -5.807636 0.050924
-4.180938 -5.974216 0.043968
-3.873106 -5.776454 0.048619
-3.981800 -6.048379 0.045207
-3.837019 -5.969266 0.044071
-4.930282 -1.402065 0.038881
-4.812900 -1.531783 0.047182
-4.620618 -1.471474 0.043321
-0.098157 0.342341 0.043137
-1.288520 0.239624 0.052492
-1.292260 0.041288 0.051411
-1.120230 -0.055812 0.052199
-3.956073 -1.840816 0.048882
-3.954560 -2.034968 0.050790
-1.310152 -0.345003 0.053298
-0.943174 -0.344200 0.053413
-1.125051 -0.249203 0.050825
-3.341534 -2.221858 0.050500
-1.680692 -0.346314 0.053770
-1.641315 0.038749 0.050819
-1.486452 -0.251316 0.050188
-1.473381 -0.058417 0.052444
-4.905551 1.143128 0.043416
-4.612129 0.725732 0.042221
-4.620387 0.913887 0.044645
-4.931915 0.703393 0.034184
-4.805874 0.625148 0.051590
-4.931915 0.874586 0.036242
-4.814132 0.984495 0.049635
-2.925965 0.920025 0.042945
-3.136442 1.138471 0.039000
-3.121905 0.986180 0.048007
-3.037124 0.465671 0.049162
-3.068193 0.644300 0.046752
-2.847764 0.403461 0.047592
-2.904132 0.755300 0.048727
-2.711772 0.700695 0.045552
-2.686475 0.527485 0.049447
-3.335892 1.886770 0.045484
-3.531873 2.225098 0.044304
-3.346621 2.206805 0.052793
-3.249678 2.048946 0.048541
-3.654786 2.089076 0.046815
-3.646019 1.899856 0.050648
-3.512377 1.817277 0.042655
-3.750359 0.445605 0.046947
-3.564245 0.351901 0.047771
-3.418877 0.618779 0.047340
-3.394588 0.441721 0.047590
-4.108376 0.640689 0.049429
-4.278769 0.734792 0.046146
-4.288218 0.920654 0.046592
-4.129820 1.014554 0.048744
-4.271280 -0.716578 0.045962
-4.097763 -0.623215 0.048891
-3.911918 0.181280 0.046599
-3.731482 0.091104 0.047893
-4.119512 -0.987988 0.048090
-4.127510 -1.175698 0.049853
-3.589169 -0.884964 0.049660
-3.769819 -0.986282 0.048825
-3.921556 -0.711986 0.047352
-3.934734 -0.892867 0.047440
-3.969324 -1.454396 0.048429
-3.957162 -1.261920 0.046524
-3.784250 -1.167625 0.046907
-3.437568 -0.964219 0.044295
-0.533730 8.329600 0.053161
-0.556579 8.532967 0.050415
-0.743882 8.624047 0.048115
-0.360025 7.275427 0.045295
-0.087848 7.255363 0.037698
-0.184975 7.370790 0.049612
-3.212610 6.971009 0.043594
-3.130421 6.607548 0.050421
-3.027447 6.968230 0.044495
-2.901302 6.843251 0.052880
-2.935903 6.678096 0.044169
-3.313250 6.682124 0.046281
-3.336609 6.853291 0.050182
-3.540703 6.915942 0.044658
-3.682275 6.792811 0.047506
-3.816764 6.490909 0.046431
-3.466131 6.363209 0.049525
-3.482915 6.561143 0.043408
-3.647846 6.609179 0.047431
-3.239036 4.488545 0.045319
-3.074936 8.883848 0.042907
-3.502127 8.452490 0.045756
-2.390683 8.846891 0.048276
-2.416912 8.652805 0.049215
-2.286442 8.545503 0.045362
-2.224698 8.941237 0.048306
-2.060587 8.832287 0.051574
-2.096102 8.630639 0.050211
-2.332781 8.344167 0.046278
-1.987512 8.509743 0.044557
-3.475082 7.408329 0.045452
-3.269051 7.168435 0.044089
-3.429087 7.223278 0.048111
-3.190604 8.198435 0.046584
-3.933295 8.011399 0.048308
-1.316935 8.210706 0.048607
-1.309086 8.000660 0.047970
-1.462858 7.892406 0.049761
-1.614535 7.989197 0.046572
-0.918451 7.267489 0.045659
-1.044640 7.373872 0.048486
-0.749792 7.373326 0.047941
-1.013093 7.584833 0.047193
-0.839789 7.689149 0.051156
-0.702678 7.584025 0.046750
-1.511821 7.264395 0.047562
-1.647653 7.367294 0.047097
-1.818466 7.262898 0.048246
-4.922616 6.384413 0.042107
-4.522540 6.409509 0.044589
-4.299799 6.116635 0.043881
-4.342837 6.485379 0.042215
-4.186644 6.426981 0.049969
-4.169670 6.268957 0.042745
-4.819620 6.835303 0.044196
-4.534708 6.715340 0.044424
-4.613880 6.857517 0.045248
-4.639731 6.548975 0.042172
-4.925625 6.679635 0.041171
-4.824908 6.535483 0.048572
-4.222878 6.958112 0.043632
-4.369129 7.074654 0.043381
-4.065886 7.073846 0.042477
-4.121483 7.260209 0.044451
-4.305015 7.262147 0.043015
-4.601973 5.939878 0.047510
-4.483539 6.103505 0.051755
-4.594063 6.250219 0.047167
-4.813213 5.957293 0.048068
-4.909679 6.109315 0.044449
-4.808962 6.238615 0.045653
-4.929036 5.365581 0.036987
-4.929036 5.536380 0.035490
-4.929233 4.809430 0.039926
-4.907437 4.531106 0.044151
-4.813337 4.665737 0.046984
-4.803917 4.380557 0.050787
-4.590842 4.343677 0.048248
-4.622487 4.716631 0.043358
-4.622816 4.915811 0.043361
-4.611835 5.292905 0.048238
-4.813468 5.249889 0.052847
-4.907765 5.087533 0.043693
-4.813665 4.959204 0.046541
-4.069760 5.514694 0.044199
-4.046451 5.694554 0.043439
-3.872545 5.781392 0.048553
-3.739513 5.686992 0.042371
-4.541622 5.787579 0.044105
-4.369747 5.733553 0.042963
-4.658565 5.620561 0.042152
-4.553397 5.465921 0.044620
-4.379354 5.531213 0.042968
-4.272031 5.236717 0.046228
-4.130142 5.144930 0.044098
-4.478053 4.993490 0.047367
-4.467270 5.163915 0.048263
-4.276672 4.874646 0.047870
-4.123999 4.953283 0.046214
-4.930487 1.415006 0.039153
-4.814037 1.548101 0.046618
-4.623078 1.490157 0.042842
-4.812704 1.261193 0.044272
-4.621746 1.296960 0.042453
-4.150830 1.583366 0.048145
-4.302759 1.488441 0.046628
-4.484656 1.586126 0.049961
-4.487074 1.779538 0.049960
-4.304502 2.060326 0.044914
-3.975893 1.870862 0.047436
-4.151435 1.774461 0.047836
-4.305782 1.872948 0.047181
-3.826552 2.364731 0.045218
-4.152184 2.157892 0.047450
-3.834250 2.166823 0.044348
-3.977922 2.066915 0.048807
-3.531222 2.860692 0.047930
-3.337676 2.845355 0.047882
-3.556957 2.543219 0.051062
-3.653560 2.711178 0.047971
-3.234364 3.342955 0.042755
-3.523024 3.542248 0.051643
-3.327278 3.527520 0.045482
-3.595137 3.372070 0.043131
-3.591727 3.034403 0.044980
-3.489211 3.202487 0.041830
-3.240276 2.372334 0.046420
-3.344799 2.531316 0.046445
-3.247856 2.683939 0.048277
-4.199374 2.918433 0.051265
-4.345837 3.001971 0.042383
-4.521168 2.929963 0.044807
-4.604532 2.767666 0.050960
-4.512563 2.636740 0.043547
-3.683753 -6.790237 0.047558
-3.542202 -6.913636 0.044703
-3.649343 -6.606373 0.047491
-3.484442 -6.558514 0.043440
-3.791666 -7.329156 0.045135
-3.758042 -7.151225 0.046317
-3.657798 -7.449490 0.045249
-3.578241 -7.086383 0.045984
-3.476515 -7.406513 0.045493
-3.430583 -7.221338 0.048155
-4.223906 -3.516460 0.050360
-4.366278 -3.595538 0.042201
-4.622986 -4.906821 0.043500
-4.478488 -4.985221 0.047539
-4.622636 -4.706897 0.043494
-4.483577 -4.624979 0.047216
-4.277231 -4.866592 0.048013
-4.282668 -4.706274 0.043312
-4.247517 -4.414454 0.044262
-4.184136 -4.249174 0.052720
-4.320384 -4.114653 0.044002
-4.513455 -4.160380 0.046442
-4.591217 -4.332278 0.048450
-4.461527 -4.451831 0.045982
-3.641730 -4.018359 0.046342
-3.806714 -3.907670 0.042458
-3.773651 -3.714128 0.046024
-4.924687 -3.503474 0.039980
-4.822385 -3.369266 0.045247
-4.830724 -3.676047 0.051148
-4.653578 -3.692093 0.042339
-4.535949 -3.528906 0.041978
-4.610793 -3.378651 0.049995
-0.918545 -7.267504 0.045672
-1.044832 -7.373900 0.048508
-0.749912 -7.373373 0.047963
-1.013404 -7.584879 0.047210
-0.702896 -7.584103 0.046764
-0.840102 -7.689213 0.051176
-2.815772 -7.423002 0.045938
-2.988682 -7.552045 0.045086
-2.973952 -7.740335 0.047275
-1.808313 -8.505901 0.045157
-1.988378 -8.509666 0.044571
-2.048566 -8.300596 0.044193
-3.289261 -8.669254 0.044326
-3.317098 -8.497569 0.047647
-3.098922 -8.719945 0.047517
-2.940149 -8.607465 0.044674
-4.903392 -1.132124 0.044036
-4.810340 -1.246466 0.043952
-4.811780 -0.972515 0.049879
-4.467991 -0.995480 0.049611
-4.616182 -0.899084 0.044742
-4.471308 -1.183044 0.051549
-4.618059 -1.279011 0.042618
-0.219649 0.050388 0.056566
-0.228143 0.244723 0.057106
-0.418630 -0.048472 0.047974
-0.433732 0.342382 0.047193
-1.118223 0.340058 0.050789
-0.766828 -0.053394 0.051157
-0.938858 0.043183 0.052223
-0.581406 0.046521 0.053963
-0.588014 0.243040 0.054378
-0.775168 0.340658 0.049868
-0.940591 0.240716 0.053181
-3.636384 -2.075916 0.046810
-3.818140 -2.136162 0.044733
-3.527065 -2.229992 0.044072
-3.762475 -3.081588 0.042258
-3.892359 -2.954121 0.049740
-3.241910 -2.382982 0.046841
-2.152547 -0.051082 0.047376
-1.983361 0.042193 0.051814
-1.848141 -0.253843 0.048416
-1.821835 -0.061679 0.051600
-2.065404 -0.347529 0.058816
-2.208285 -0.248641 0.045778
-2.478594 -0.448920 0.048143
-2.413881 -0.283783 0.045955
-2.647447 0.157010 0.046782
-2.311317 0.037158 0.045863
-2.634577 -0.048112 0.054062
-2.471214 -0.103073 0.048222
-2.309781 0.231603 0.052958
-2.482549 0.296495 0.051343
-3.242957 -2.058821 0.047224
-2.802372 -0.166016 0.051044
-3.389927 -0.595571 0.047908
-3.574855 -0.693737 0.046048
-3.742327 -0.614175 0.049688
-3.937795 0.731349 0.046920
-3.617271 0.908456 0.048760
-3.791091 1.013106 0.047838
-3.949789 0.919352 0.047850
-3.600772 0.714729 0.045781
-3.762598 0.631376 0.049436
-4.261561 -0.355145 0.046444
-4.091847 -0.444305 0.048284
-4.448533 -0.442943 0.048995
-4.804695 -0.615070 0.051666
-4.609096 -0.712962 0.042499
-4.452335 -0.625466 0.050702
-4.932514 0.352797 0.035692
-4.806473 0.444981 0.050585
-4.932514 0.178888 0.035382
-4.804096 0.092364 0.050958
-4.444683 -0.085204 0.049196
-4.259103 -0.175442 0.046237
-4.090089 0.094428 0.048587
-4.088444 -0.086241 0.048345
-3.815132 -1.735036 0.045838
-3.823752 -1.540011 0.043939
-0.695434 8.213121 0.047241
-0.997101 7.999935 0.048184
-0.830530 7.895614 0.051020
-0.682052 8.003939 0.048726
-0.879846 8.520186 0.049266
-1.060825 8.622977 0.049010
-1.196276 8.522176 0.047905
-1.168487 8.314522 0.048893
-1.007436 8.207765 0.048544
-0.854247 8.312627 0.050719
-0.397248 7.605713 0.047023
-0.519281 7.700984 0.054080
-0.205239 7.695201 0.051600
-0.373125 8.039052 0.046318
-0.507914 7.914433 0.051879
-0.108112 7.876087 0.049132
-0.192482 8.016080 0.046260
-3.807326 6.323841 0.046323
-3.974150 6.226784 0.042817
-3.643598 6.067672 0.046374
-3.621625 6.244177 0.046387
-3.981403 6.053239 0.045149
-3.836552 5.973790 0.044039
-3.819067 5.086828 0.044926
-3.636546 5.106202 0.049316
-3.752631 5.481522 0.043184
-3.939877 5.220579 0.046703
-3.908973 5.396062 0.049412
-3.344157 4.955692 0.049700
-3.243533 4.804551 0.047298
-3.539207 4.941853 0.046836
-3.339236 4.634961 0.046907
-3.645598 4.780491 0.045914
-3.546251 4.624739 0.051933
-3.570981 5.764461 0.042707
-3.227043 5.814312 0.044674
-3.511060 5.952743 0.049710
-3.326639 5.986599 0.047180
-3.587367 5.432437 0.043105
-3.528473 5.273307 0.050015
-3.473538 5.611619 0.042078
-3.314020 5.627614 0.048532
-3.098405 8.720393 0.047473
-2.973963 8.433764 0.047597
-2.939400 8.608039 0.044646
-3.160577 8.374645 0.046131
-3.288757 8.669738 0.044283
-3.316366 8.498265 0.047612
-3.585171 7.760733 0.043746
-1.924789 7.983219 0.047540
-1.912223 8.183117 0.046600
-2.202553 8.220239 0.048101
-2.047625 8.300679 0.044183
-2.093455 7.685089 0.050131
-2.229294 7.574163 0.044881
-2.092319 7.887229 0.048777
-2.234682 8.006687 0.047324
-2.827614 8.315655 0.045190
-2.647294 8.383741 0.046573
-2.506864 8.264251 0.048861
-1.695709 8.623181 0.050403
-1.807524 8.505934 0.045143
-1.507414 8.526176 0.046065
-1.473747 8.316896 0.047320
-1.763056 8.295673 0.043651
-1.617575 8.203641 0.049284
-3.123469 7.280319 0.044612
-2.814705 7.424165 0.045869
-2.973195 7.161469 0.043375
-2.814766 7.222193 0.049188
-3.046835 8.067577 0.045203
-2.870459 8.125678 0.048863
-3.723469 8.239582 0.044709
-3.754066 8.055199 0.049664
-3.599945 7.937750 0.044530
-3.536741 8.282446 0.045742
-3.381008 8.152011 0.047894
-3.413616 7.991698 0.042995
-4.483229 4.634892 0.047067
-4.461004 4.462461 0.045840
-4.282176 4.715228 0.043087
-4.143012 4.576907 0.048207
-4.246887 4.424441 0.044126
-4.295222 2.433360 0.044747
-4.148706 2.352138 0.047111
-4.175858 2.728284 0.048536
-4.312094 2.618051 0.045052
-3.977026 2.650524 0.048928
-3.966745 2.459069 0.048937
-3.236248 3.847975 0.038340
-3.236248 3.657005 0.041508
-3.336051 3.958412 0.057587
-3.522070 4.301565 0.046161
-3.656341 4.180855 0.044869
-3.338839 4.304612 0.052100
-3.243136 4.166633 0.043763
-4.053066 3.249743 0.043392
-3.899849 3.384369 0.050583
-3.758522 3.303001 0.043406
-3.756322 3.089978 0.042374
-3.887384 2.967364 0.049608
-4.042799 3.045761 0.044346
-3.314734 -6.679940 0.046333
-3.131539 -6.606049 0.050492
-3.214031 -6.969167 0.043620
-3.338085 -6.851198 0.050246
-3.028719 -6.966705 0.044541
-2.902287 -6.842136 0.052937
-2.936671 -6.677207 0.044117
-3.138299 -6.453598 0.036912
-3.243040 -6.156175 0.049758
-3.304311 -6.329513 0.043946
-4.525514 -3.226498 0.045378
-4.521607 -2.908203 0.044981
-4.634988 -3.058570 0.042063
-3.336746 -3.865830 0.055129
-3.505152 -3.890826 0.042099
-3.237011 -3.660630 0.042336
-3.328856 -3.526809 0.045489
-3.526047 -3.536803 0.051502
-3.602610 -3.695620 0.045218
-2.683352 -7.505090 0.046025
-2.648345 -8.383174 0.046590
-1.618310 -8.203638 0.049304
-1.763870 -8.295663 0.043668
-1.913109 -8.183093 0.046624
-1.615238 -7.989220 0.046592
-1.773337 -7.881364 0.048178
-1.925649 -7.983212 0.047554
-3.191710 -8.197383 0.046621
-3.161519 -8.373779 0.046164
-3.048039 -8.066443 0.045234
-2.871641 -8.124732 0.048893
-2.974908 -8.432984 0.047633
-2.828703 -8.314876 0.045211
-3.961891 -2.435389 0.050018
-3.823033 -2.343172 0.044628
-3.977979 -2.631087 0.049006
-3.848712 -2.749130 0.048200
-3.640231 -2.396155 0.046187
-3.596825 -3.031408 0.045575
-3.234119 -3.009767 0.044433
-3.493547 -3.201125 0.042095
-3.325963 -3.189941 0.050358
-3.003428 -0.430743 0.049162
-2.686437 -0.674908 0.045915
-2.653168 -0.480150 0.054265
-2.812047 -0.351095 0.049943
-3.362742 0.092969 0.048088
-3.183258 0.185425 0.048407
-2.993360 0.104556 0.049171
-2.985711 -0.073433 0.049161
-3.371453 -0.421622 0.047667
-3.357933 -0.077799 0.047819
-3.178842 -0.335563 0.048192
-3.170801 -0.163333 0.048621
-3.728529 -0.081819 0.047616
-3.543527 -0.165794 0.047320
-3.549005 -0.337387 0.047688
-3.734951 -0.431773 0.047090
-3.908264 -0.350674 0.047871
-3.907320 -0.172313 0.046787
-4.932554 -0.344621 0.035672
-4.805527 -0.435989 0.050685
-4.932554 -0.170681 0.035383
-4.804137 -0.084013 0.050967
-4.604737 -0.173322 0.043312
-4.606127 -0.351358 0.043718
-4.265805 0.366421 0.046810
-4.261156 0.184459 0.046024
-4.452117 0.454696 0.049065
-4.607481 0.360994 0.043803
-4.605104 0.182287 0.043206
-4.445091 0.094028 0.049537
-3.137638 6.454519 0.037070
-3.303684 6.331160 0.043891
-3.242930 6.157343 0.049569
-3.230310 5.454389 0.044922
-3.243957 5.125998 0.048267
-3.330934 5.279264 0.044754
-3.329344 7.543466 0.048974
-3.380308 7.698020 0.043587
-2.987432 7.553421 0.045051
-3.137766 7.470299 0.049751
-3.275412 7.843969 0.044395
-2.972712 7.741615 0.047236
-3.099035 7.873423 0.050655
-2.390373 7.617309 0.043950
-2.682321 7.505938 0.046006
-2.517442 7.446927 0.041935
-3.640545 4.025608 0.046174
-3.503486 3.897561 0.041885
-3.804327 3.915556 0.042373
-3.770098 3.722044 0.046046
-3.599428 3.702579 0.045056
-4.201653 -2.898443 0.051237
-4.346928 -2.980930 0.042506
-4.047104 -3.029244 0.044358
-4.351017 -3.184826 0.042903
-4.056787 -3.235196 0.043197
-4.215425 -3.308291 0.051414
-2.433507 -7.296944 0.046369
-2.518423 -7.446441 0.041948
-2.244604 -7.362667 0.039123
-2.731681 -8.007409 0.046863
-2.781734 -7.817325 0.048652
-2.664044 -7.711122 0.040428
-3.339106 -2.851228 0.047506
-3.248320 -2.691378 0.048350
-3.346897 -2.541140 0.045945
-3.534229 -2.861685 0.047366
-3.559686 -2.546178 0.050105
-3.656232 -2.706874 0.048498
-3.124123 -1.126809 0.040498
-3.239032 -1.742235 0.046067
-3.338656 -1.899017 0.045866
-3.546552 -1.907979 0.051526
-3.627939 -1.764669 0.044058
-2.906039 -0.900412 0.044072
-2.871925 -0.722955 0.050760
-3.030037 -0.607845 0.048311
-3.097478 -0.962723 0.049315
-3.223926 -0.686614 0.047466
-3.257253 -0.864035 0.046372
-2.780512 7.818324 0.048622
-2.662848 7.711902 0.040438
-2.730459 8.008232 0.046845
-2.547184 8.078720 0.044921
-2.405229 7.945084 0.050342
-2.470840 7.768174 0.045821
-2.391442 -7.617039 0.043952
-2.471982 -7.767735 0.045830
-2.094295 -7.685048 0.050144
-2.230208 -7.574068 0.044922
-2.093249 -7.887151 0.048807
-2.548373 -8.078161 0.044938
-2.507976 -8.263781 0.048885
-2.235723 -8.006482 0.047343
-2.406364 -7.944689 0.050372
-2.333824 -8.343872 0.046293
-2.203580 -8.220045 0.048132
-3.243633 -1.413998 0.046279
-3.339332 -1.569043 0.052217
-3.520342 -1.582515 0.044772
-3.613819 -1.271005 0.049321
-3.641160 -1.450916 0.046352
-3.447788 -1.168918 0.050074
-3.294118 -1.232820 0.043745
