4.440000 6.625147 0.001612
4.330842 6.734306 0.001612
4.221683 6.843464 0.001612
4.112525 6.952623 0.001612
4.003366 7.061781 0.001612
3.894208 7.170940 0.001612
3.785049 7.280098 0.001612
3.675891 7.389257 0.001612
3.566732 7.498415 0.001612
3.457574 7.607574 0.001612
3.348415 7.716732 0.001612
3.239257 7.825891 0.001612
3.130098 7.935049 0.001612
3.020940 8.044208 0.001612
2.911781 8.153366 0.001612
2.802623 8.262525 0.001612
2.693464 8.371683 0.001612
2.584306 8.480842 0.001612
2.475147 8.590000 0.001612
2.325138 8.590000 0.001612
2.175129 8.590000 0.001612
2.025120 8.590000 0.001612
1.875112 8.590000 0.001612
1.725103 8.590000 0.001612
1.575094 8.590000 0.001612
1.425085 8.590000 0.001612
1.275076 8.590000 0.001612
1.125067 8.590000 0.001612
0.975058 8.590000 0.001612
0.825049 8.590000 0.001612
0.675040 8.590000 0.001612
0.525031 8.590000 0.001612
0.375022 8.590000 0.001612
0.225013 8.590000 0.001612
0.075004 8.590000 0.001612
-0.075004 8.590000 0.001612
-0.225013 8.590000 0.001612
-0.375022 8.590000 0.001612
-0.525031 8.590000 0.001612
-0.675040 8.590000 0.001612
-0.825049 8.590000 0.001612
-0.975058 8.590000 0.001612
-1.125067 8.590000 0.001612
-1.275076 8.590000 0.001612
-1.425085 8.590000 0.001612
-1.575094 8.590000 0.001612
-1.725103 8.590000 0.001612
-1.875112 8.590000 0.001612
-2.025120 8.590000 0.001612
-2.175129 8.590000 0.001612
-2.325138 8.590000 0.001612
-2.475147 8.590000 0.001612
-2.584306 8.480842 0.001612
-2.693464 8.371683 0.001612
-2.802623 8.262525 0.001612
-2.911781 8.153366 0.001612
-3.020940 8.044208 0.001612
-3.130098 7.935049 0.001612
-3.239257 7.825891 0.001612
-3.348415 7.716732 0.001612
-3.457574 7.607574 0.001612
-3.566732 7.498415 0.001612
-3.675891 7.389257 0.001612
-3.785049 7.280098 0.001612
-3.894208 7.170940 0.001612
-4.003366 7.061781 0.001612
-4.112525 6.952623 0.001612
-4.221683 6.843464 0.001612
-4.330842 6.734306 0.001612
-4.440000 6.625147 0.001612
-4.440000 6.474576 0.001612
-4.440000 6.324004 0.001612
-4.440000 6.173433 0.001612
-4.440000 6.022861 0.001612
-4.440000 5.872290 0.001612
-4.440000 5.721718 0.001612
-4.440000 5.571146 0.001612
-4.440000 5.420575 0.001612
-4.440000 5.270003 0.001612
-4.440000 5.119432 0.001612
-4.440000 4.968860 0.001612
-4.440000 4.818289 0.001612
-4.440000 4.667717 0.001612
-4.440000 4.517146 0.001612
-4.440000 4.366574 0.001612
-4.440000 4.216003 0.001612
-4.440000 4.065431 0.001612
-4.440000 3.914860 0.001612
-4.440000 3.764288 0.001612
-4.440000 3.613717 0.001612
-4.440000 3.463145 0.001612
-4.440000 3.312574 0.001612
-4.440000 3.162002 0.001612
-4.440000 3.011431 0.001612
-4.440000 2.860859 0.001612
-4.440000 2.710287 0.001612
-4.440000 2.559716 0.001612
-4.440000 2.409144 0.001612
-4.440000 2.258573 0.001612
-4.440000 2.108001 0.001612
-4.440000 1.957430 0.001612
-4.440000 1.806858 0.001612
-4.440000 1.656287 0.001612
-4.440000 1.505715 0.001612
-4.440000 1.355144 0.001612
-4.440000 1.204572 0.001612
-4.440000 1.054001 0.001612
-4.440000 0.903429 0.001612
-4.440000 0.752858 0.001612
-4.440000 0.602286 0.001612
-4.440000 0.451715 0.001612
-4.440000 0.301143 0.001612
-4.440000 0.150572 0.001612
-4.440000 0.000000 0.001612
-4.440000 -0.150572 0.001612
-4.440000 -0.301143 0.001612
-4.440000 -0.451715 0.001612
-4.440000 -0.602286 0.001612
-4.440000 -0.752858 0.001612
-4.440000 -0.903429 0.001612
-4.440000 -1.054001 0.001612
-4.440000 -1.204572 0.001612
-4.440000 -1.355144 0.001612
-4.440000 -1.505715 0.001612
-4.440000 -1.656287 0.001612
-4.440000 -1.806858 0.001612
-4.440000 -1.957430 0.001612
-4.440000 -2.108001 0.001612
-4.440000 -2.258573 0.001612
-4.440000 -2.409144 0.001612
-4.440000 -2.559716 0.001612
-4.440000 -2.710287 0.001612
-4.440000 -2.860859 0.001612
-4.440000 -3.011431 0.001612
-4.440000 -3.162002 0.001612
-4.440000 -3.312574 0.001612
-4.440000 -3.463145 0.001612
-4.440000 -3.613717 0.001612
-4.440000 -3.764288 0.001612
-4.440000 -3.914860 0.001612
-4.440000 -4.065431 0.001612
-4.440000 -4.216003 0.001612
-4.440000 -4.366574 0.001612
-4.440000 -4.517146 0.001612
-4.440000 -4.667717 0.001612
-4.440000 -4.818289 0.001612
-4.440000 -4.968860 0.001612
-4.440000 -5.119432 0.001612
-4.440000 -5.270003 0.001612
-4.440000 -5.420575 0.001612
-4.440000 -5.571146 0.001612
-4.440000 -5.721718 0.001612
-4.440000 -5.872290 0.001612
-4.440000 -6.022861 0.001612
-4.440000 -6.173433 0.001612
-4.440000 -6.324004 0.001612
-4.440000 -6.474576 0.001612
-4.440000 -6.625147 0.001612
-4.330842 -6.734306 0.001612
-4.221683 -6.843464 0.001612
-4.112525 -6.952623 0.001612
-4.003366 -7.061781 0.001612
-3.894208 -7.170940 0.001612
-3.785049 -7.280098 0.001612
-3.675891 -7.389257 0.001612
-3.566732 -7.498415 0.001612
-3.457574 -7.607574 0.001612
-3.348415 -7.716732 0.001612
-3.239257 -7.825891 0.001612
-3.130098 -7.935049 0.001612
-3.020940 -8.044208 0.001612
-2.911781 -8.153366 0.001612
-2.802623 -8.262525 0.001612
-2.693464 -8.371683 0.001612
-2.584306 -8.480842 0.001612
-2.475147 -8.590000 0.001612
-2.325138 -8.590000 0.001612
-2.175129 -8.590000 0.001612
-2.025120 -8.590000 0.001612
-1.875112 -8.590000 0.001612
-1.725103 -8.590000 0.001612
-1.575094 -8.590000 0.001612
-1.425085 -8.590000 0.001612
-1.275076 -8.590000 0.001612
-1.125067 -8.590000 0.001612
-0.975058 -8.590000 0.001612
-0.825049 -8.590000 0.001612
-0.675040 -8.590000 0.001612
-0.525031 -8.590000 0.001612
-0.375022 -8.590000 0.001612
-0.225013 -8.590000 0.001612
-0.075004 -8.590000 0.001612
0.075004 -8.590000 0.001612
0.225013 -8.590000 0.001612
0.375022 -8.590000 0.001612
0.525031 -8.590000 0.001612
0.675040 -8.590000 0.001612
0.825049 -8.590000 0.001612
0.975058 -8.590000 0.001612
1.125067 -8.590000 0.001612
1.275076 -8.590000 0.001612
1.425085 -8.590000 0.001612
1.575094 -8.590000 0.001612
1.725103 -8.590000 0.001612
1.875112 -8.590000 0.001612
2.025120 -8.590000 0.001612
2.175129 -8.590000 0.001612
2.325138 -8.590000 0.001612
2.475147 -8.590000 0.001612
2.584306 -8.480842 0.001612
2.693464 -8.371683 0.001612
2.802623 -8.262525 0.001612
2.911781 -8.153366 0.001612
3.020940 -8.044208 0.001612
3.130098 -7.935049 0.001612
3.239257 -7.825891 0.001612
3.348415 -7.716732 0.001612
3.457574 -7.607574 0.001612
3.566732 -7.498415 0.001612
3.675891 -7.389257 0.001612
3.785049 -7.280098 0.001612
3.894208 -7.170940 0.001612
4.003366 -7.061781 0.001612
4.112525 -6.952623 0.001612
4.221683 -6.843464 0.001612
4.330842 -6.734306 0.001612
4.440000 -6.625147 0.001612
4.440000 -6.474576 0.001612
4.440000 -6.324004 0.001612
4.440000 -6.173433 0.001612
4.440000 -6.022861 0.001612
4.440000 -5.872290 0.001612
4.440000 -5.721718 0.001612
4.440000 -5.571146 0.001612
4.440000 -5.420575 0.001612
4.440000 -5.270003 0.001612
4.440000 -5.119432 0.001612
4.440000 -4.968860 0.001612
4.440000 -4.818289 0.001612
4.440000 -4.667717 0.001612
4.440000 -4.517146 0.001612
4.440000 -4.366574 0.001612
4.440000 -4.216003 0.001612
4.440000 -4.065431 0.001612
4.440000 -3.914860 0.001612
4.440000 -3.764288 0.001612
4.440000 -3.613717 0.001612
4.440000 -3.463145 0.001612
4.440000 -3.312574 0.001612
4.440000 -3.162002 0.001612
4.440000 -3.011431 0.001612
4.440000 -2.860859 0.001612
4.440000 -2.710287 0.001612
4.440000 -2.559716 0.001612
4.440000 -2.409144 0.001612
4.440000 -2.258573 0.001612
4.440000 -2.108001 0.001612
4.440000 -1.957430 0.001612
4.440000 -1.806858 0.001612
4.440000 -1.656287 0.001612
4.440000 -1.505715 0.001612
4.440000 -1.355144 0.001612
4.440000 -1.204572 0.001612
4.440000 -1.054001 0.001612
4.440000 -0.903429 0.001612
4.440000 -0.752858 0.001612
4.440000 -0.602286 0.001612
4.440000 -0.451715 0.001612
4.440000 -0.301143 0.001612
4.440000 -0.150572 0.001612
4.440000 0.000000 0.001612
4.440000 0.150572 0.001612
4.440000 0.301143 0.001612
4.440000 0.451715 0.001612
4.440000 0.602286 0.001612
4.440000 0.752858 0.001612
4.440000 0.903429 0.001612
4.440000 1.054001 0.001612
4.440000 1.204572 0.001612
4.440000 1.355144 0.001612
4.440000 1.505715 0.001612
4.440000 1.656287 0.001612
4.440000 1.806858 0.001612
4.440000 1.957430 0.001612
4.440000 2.108001 0.001612
4.440000 2.258573 0.001612
4.440000 2.409144 0.001612
4.440000 2.559716 0.001612
4.440000 2.710287 0.001612
4.440000 2.860859 0.001612
4.440000 3.011431 0.001612
4.440000 3.162002 0.001612
4.440000 3.312574 0.001612
4.440000 3.463145 0.001612
4.440000 3.613717 0.001612
4.440000 3.764288 0.001612
4.440000 3.914860 0.001612
4.440000 4.065431 0.001612
4.440000 4.216003 0.001612
4.440000 4.366574 0.001612
4.440000 4.517146 0.001612
4.440000 4.667717 0.001612
4.440000 4.818289 0.001612
4.440000 4.968860 0.001612
4.440000 5.119432 0.001612
4.440000 5.270003 0.001612
4.440000 5.420575 0.001612
4.440000 5.571146 0.001612
4.440000 5.721718 0.001612
4.440000 5.872290 0.001612
4.440000 6.022861 0.001612
4.440000 6.173433 0.001612
4.440000 6.324004 0.001612
4.440000 6.474576 0.001612
2.960000 6.074853 0.000804
2.840693 6.194160 0.000804
2.721387 6.313466 0.000804
2.602080 6.432773 0.000804
2.482773 6.552080 0.000804
2.363466 6.671387 0.000804
2.244160 6.790693 0.000804
2.124853 6.910000 0.000804
1.973078 6.910000 0.000804
1.821302 6.910000 0.000804
1.669527 6.910000 0.000804
1.517752 6.910000 0.000804
1.365977 6.910000 0.000804
1.214202 6.910000 0.000804
1.062426 6.910000 0.000804
0.910651 6.910000 0.000804
0.758876 6.910000 0.000804
0.607101 6.910000 0.000804
0.455326 6.910000 0.000804
0.303550 6.910000 0.000804
0.151775 6.910000 0.000804
0.000000 6.910000 0.000804
-0.151775 6.910000 0.000804
-0.303550 6.910000 0.000804
-0.455326 6.910000 0.000804
-0.607101 6.910000 0.000804
-0.758876 6.910000 0.000804
-0.910651 6.910000 0.000804
-1.062426 6.910000 0.000804
-1.214202 6.910000 0.000804
-1.365977 6.910000 0.000804
-1.517752 6.910000 0.000804
-1.669527 6.910000 0.000804
-1.821302 6.910000 0.000804
-1.973078 6.910000 0.000804
-2.124853 6.910000 0.000804
-2.244160 6.790693 0.000804
-2.363466 6.671387 0.000804
-2.482773 6.552080 0.000804
-2.602080 6.432773 0.000804
-2.721387 6.313466 0.000804
-2.840693 6.194160 0.000804
-2.960000 6.074853 0.000804
-2.960000 5.922981 0.000804
-2.960000 5.771110 0.000804
-2.960000 5.619239 0.000804
-2.960000 5.467368 0.000804
-2.960000 5.315496 0.000804
-2.960000 5.163625 0.000804
-2.960000 5.011754 0.000804
-2.960000 4.859882 0.000804
-2.960000 4.708011 0.000804
-2.960000 4.556140 0.000804
-2.960000 4.404268 0.000804
-2.960000 4.252397 0.000804
-2.960000 4.100526 0.000804
-2.960000 3.948654 0.000804
-2.960000 3.796783 0.000804
-2.960000 3.644912 0.000804
-2.960000 3.493040 0.000804
-2.960000 3.341169 0.000804
-2.960000 3.189298 0.000804
-2.960000 3.037426 0.000804
-2.960000 2.885555 0.000804
-2.960000 2.733684 0.000804
-2.960000 2.581812 0.000804
-2.960000 2.429941 0.000804
-2.960000 2.278070 0.000804
-2.960000 2.126198 0.000804
-2.960000 1.974327 0.000804
-2.960000 1.822456 0.000804
-2.960000 1.670585 0.000804
-2.960000 1.518713 0.000804
-2.960000 1.366842 0.000804
-2.960000 1.214971 0.000804
-2.960000 1.063099 0.000804
-2.960000 0.911228 0.000804
-2.960000 0.759357 0.000804
-2.960000 0.607485 0.000804
-2.960000 0.455614 0.000804
-2.960000 0.303743 0.000804
-2.960000 0.151871 0.000804
-2.960000 0.000000 0.000804
-2.960000 -0.151871 0.000804
-2.960000 -0.303743 0.000804
-2.960000 -0.455614 0.000804
-2.960000 -0.607485 0.000804
-2.960000 -0.759357 0.000804
-2.960000 -0.911228 0.000804
-2.960000 -1.063099 0.000804
-2.960000 -1.214971 0.000804
-2.960000 -1.366842 0.000804
-2.960000 -1.518713 0.000804
-2.960000 -1.670585 0.000804
-2.960000 -1.822456 0.000804
-2.960000 -1.974327 0.000804
-2.960000 -2.126198 0.000804
-2.960000 -2.278070 0.000804
-2.960000 -2.429941 0.000804
-2.960000 -2.581812 0.000804
-2.960000 -2.733684 0.000804
-2.960000 -2.885555 0.000804
-2.960000 -3.037426 0.000804
-2.960000 -3.189298 0.000804
-2.960000 -3.341169 0.000804
-2.960000 -3.493040 0.000804
-2.960000 -3.644912 0.000804
-2.960000 -3.796783 0.000804
-2.960000 -3.948654 0.000804
-2.960000 -4.100526 0.000804
-2.960000 -4.252397 0.000804
-2.960000 -4.404268 0.000804
-2.960000 -4.556140 0.000804
-2.960000 -4.708011 0.000804
-2.960000 -4.859882 0.000804
-2.960000 -5.011754 0.000804
-2.960000 -5.163625 0.000804
-2.960000 -5.315496 0.000804
-2.960000 -5.467368 0.000804
-2.960000 -5.619239 0.000804
-2.960000 -5.771110 0.000804
-2.960000 -5.922981 0.000804
-2.960000 -6.074853 0.000804
-2.840693 -6.194160 0.000804
-2.721387 -6.313466 0.000804
-2.602080 -6.432773 0.000804
-2.482773 -6.552080 0.000804
-2.363466 -6.671387 0.000804
-2.244160 -6.790693 0.000804
-2.124853 -6.910000 0.000804
-1.973078 -6.910000 0.000804
-1.821302 -6.910000 0.000804
-1.669527 -6.910000 0.000804
-1.517752 -6.910000 0.000804
-1.365977 -6.910000 0.000804
-1.214202 -6.910000 0.000804
-1.062426 -6.910000 0.000804
-0.910651 -6.910000 0.000804
-0.758876 -6.910000 0.000804
-0.607101 -6.910000 0.000804
-0.455326 -6.910000 0.000804
-0.303550 -6.910000 0.000804
-0.151775 -6.910000 0.000804
0.000000 -6.910000 0.000804
0.151775 -6.910000 0.000804
0.303550 -6.910000 0.000804
0.455326 -6.910000 0.000804
0.607101 -6.910000 0.000804
0.758876 -6.910000 0.000804
0.910651 -6.910000 0.000804
1.062426 -6.910000 0.000804
1.214202 -6.910000 0.000804
1.365977 -6.910000 0.000804
1.517752 -6.910000 0.000804
1.669527 -6.910000 0.000804
1.821302 -6.910000 0.000804
1.973078 -6.910000 0.000804
2.124853 -6.910000 0.000804
2.244160 -6.790693 0.000804
2.363466 -6.671387 0.000804
2.482773 -6.552080 0.000804
2.602080 -6.432773 0.000804
2.721387 -6.313466 0.000804
2.840693 -6.194160 0.000804
2.960000 -6.074853 0.000804
2.960000 -5.922981 0.000804
2.960000 -5.771110 0.000804
2.960000 -5.619239 0.000804
2.960000 -5.467368 0.000804
2.960000 -5.315496 0.000804
2.960000 -5.163625 0.000804
2.960000 -5.011754 0.000804
2.960000 -4.859882 0.000804
2.960000 -4.708011 0.000804
2.960000 -4.556140 0.000804
2.960000 -4.404268 0.000804
2.960000 -4.252397 0.000804
2.960000 -4.100526 0.000804
2.960000 -3.948654 0.000804
2.960000 -3.796783 0.000804
2.960000 -3.644912 0.000804
2.960000 -3.493040 0.000804
2.960000 -3.341169 0.000804
2.960000 -3.189298 0.000804
2.960000 -3.037426 0.000804
2.960000 -2.885555 0.000804
2.960000 -2.733684 0.000804
2.960000 -2.581812 0.000804
2.960000 -2.429941 0.000804
2.960000 -2.278070 0.000804
2.960000 -2.126198 0.000804
2.960000 -1.974327 0.000804
2.960000 -1.822456 0.000804
2.960000 -1.670585 0.000804
2.960000 -1.518713 0.000804
2.960000 -1.366842 0.000804
2.960000 -1.214971 0.000804
2.960000 -1.063099 0.000804
2.960000 -0.911228 0.000804
2.960000 -0.759357 0.000804
2.960000 -0.607485 0.000804
2.960000 -0.455614 0.000804
2.960000 -0.303743 0.000804
2.960000 -0.151871 0.000804
2.960000 0.000000 0.000804
2.960000 0.151871 0.000804
2.960000 0.303743 0.000804
2.960000 0.455614 0.000804
2.960000 0.607485 0.000804
2.960000 0.759357 0.000804
2.960000 0.911228 0.000804
2.960000 1.063099 0.000804
2.960000 1.214971 0.000804
2.960000 1.366842 0.000804
2.960000 1.518713 0.000804
2.960000 1.670585 0.000804
2.960000 1.822456 0.000804
2.960000 1.974327 0.000804
2.960000 2.126198 0.000804
2.960000 2.278070 0.000804
2.960000 2.429941 0.000804
2.960000 2.581812 0.000804
2.960000 2.733684 0.000804
2.960000 2.885555 0.000804
2.960000 3.037426 0.000804
2.960000 3.189298 0.000804
2.960000 3.341169 0.000804
2.960000 3.493040 0.000804
2.960000 3.644912 0.000804
2.960000 3.796783 0.000804
2.960000 3.948654 0.000804
2.960000 4.100526 0.000804
2.960000 4.252397 0.000804
2.960000 4.404268 0.000804
2.960000 4.556140 0.000804
2.960000 4.708011 0.000804
2.960000 4.859882 0.000804
2.960000 5.011754 0.000804
2.960000 5.163625 0.000804
2.960000 5.315496 0.000804
2.960000 5.467368 0.000804
2.960000 5.619239 0.000804
2.960000 5.771110 0.000804
2.960000 5.922981 0.000804
