4.360635 6.335465 0.001612
4.251476 6.444623 0.001612
4.142318 6.553782 0.001612
4.033159 6.662940 0.001612
3.924001 6.772099 0.001612
3.814842 6.881257 0.001612
3.705684 6.990416 0.001612
3.596525 7.099574 0.001612
3.487367 7.208733 0.001612
3.378209 7.317891 0.001612
3.269050 7.427050 0.001612
3.159892 7.536208 0.001612
3.050733 7.645367 0.001612
2.941575 7.754525 0.001612
2.832416 7.863684 0.001612
2.723258 7.972842 0.001612
2.614099 8.082000 0.001612
2.504941 8.191159 0.001612
2.395782 8.300317 0.001612
2.241216 8.300317 0.001612
2.086649 8.300317 0.001612
1.932082 8.300317 0.001612
1.777516 8.300317 0.001612
1.622949 8.300317 0.001612
1.468383 8.300317 0.001612
1.313816 8.300317 0.001612
1.159249 8.300317 0.001612
1.004683 8.300317 0.001612
0.850116 8.300317 0.001612
0.695550 8.300317 0.001612
0.540983 8.300317 0.001612
0.386416 8.300317 0.001612
0.231850 8.300317 0.001612
0.077283 8.300317 0.001612
-0.077283 8.300317 0.001612
-0.231850 8.300317 0.001612
-0.386416 8.300317 0.001612
-0.540983 8.300317 0.001612
-0.695550 8.300317 0.001612
-0.850116 8.300317 0.001612
-1.004683 8.300317 0.001612
-1.159249 8.300317 0.001612
-1.313816 8.300317 0.001612
-1.468383 8.300317 0.001612
-1.622949 8.300317 0.001612
-1.777516 8.300317 0.001612
-1.932082 8.300317 0.001612
-2.086649 8.300317 0.001612
-2.241216 8.300317 0.001612
-2.395782 8.300317 0.001612
-2.504941 8.191159 0.001612
-2.614099 8.082000 0.001612
-2.723258 7.972842 0.001612
-2.832416 7.863684 0.001612
-2.941575 7.754525 0.001612
-3.050733 7.645367 0.001612
-3.159892 7.536208 0.001612
-3.269050 7.427050 0.001612
-3.378209 7.317891 0.001612
-3.487367 7.208733 0.001612
-3.596525 7.099574 0.001612
-3.705684 6.990416 0.001612
-3.814842 6.881257 0.001612
-3.924001 6.772099 0.001612
-4.033159 6.662940 0.001612
-4.142318 6.553782 0.001612
-4.251476 6.444623 0.001612
-4.360635 6.335465 0.001612
-4.360635 6.184620 0.001612
-4.360635 6.033776 0.001612
-4.360635 5.882931 0.001612
-4.360635 5.732087 0.001612
-4.360635 5.581243 0.001612
-4.360635 5.430398 0.001612
-4.360635 5.279554 0.001612
-4.360635 5.128709 0.001612
-4.360635 4.977865 0.001612
-4.360635 4.827021 0.001612
-4.360635 4.676176 0.001612
-4.360635 4.525332 0.001612
-4.360635 4.374487 0.001612
-4.360635 4.223643 0.001612
-4.360635 4.072799 0.001612
-4.360635 3.921954 0.001612
-4.360635 3.771110 0.001612
-4.360635 3.620266 0.001612
-4.360635 3.469421 0.001612
-4.360635 3.318577 0.001612
-4.360635 3.167732 0.001612
-4.360635 3.016888 0.001612
-4.360635 2.866044 0.001612
-4.360635 2.715199 0.001612
-4.360635 2.564355 0.001612
-4.360635 2.413510 0.001612
-4.360635 2.262666 0.001612
-4.360635 2.111822 0.001612
-4.360635 1.960977 0.001612
-4.360635 1.810133 0.001612
-4.360635 1.659288 0.001612
-4.360635 1.508444 0.001612
-4.360635 1.357600 0.001612
-4.360635 1.206755 0.001612
-4.360635 1.055911 0.001612
-4.360635 0.905066 0.001612
-4.360635 0.754222 0.001612
-4.360635 0.603378 0.001612
-4.360635 0.452533 0.001612
-4.360635 0.301689 0.001612
-4.360635 0.150844 0.001612
-4.360635 0.000000 0.001612
-4.360635 -0.150844 0.001612
-4.360635 -0.301689 0.001612
-4.360635 -0.452533 0.001612
-4.360635 -0.603378 0.001612
-4.360635 -0.754222 0.001612
-4.360635 -0.905066 0.001612
-4.360635 -1.055911 0.001612
-4.360635 -1.206755 0.001612
-4.360635 -1.357600 0.001612
-4.360635 -1.508444 0.001612
-4.360635 -1.659288 0.001612
-4.360635 -1.810133 0.001612
-4.360635 -1.960977 0.001612
-4.360635 -2.111822 0.001612
-4.360635 -2.262666 0.001612
-4.360635 -2.413510 0.001612
-4.360635 -2.564355 0.001612
-4.360635 -2.715199 0.001612
-4.360635 -2.866044 0.001612
-4.360635 -3.016888 0.001612
-4.360635 -3.167732 0.001612
-4.360635 -3.318577 0.001612
-4.360635 -3.469421 0.001612
-4.360635 -3.620266 0.001612
-4.360635 -3.771110 0.001612
-4.360635 -3.921954 0.001612
-4.360635 -4.072799 0.001612
-4.360635 -4.223643 0.001612
-4.360635 -4.374487 0.001612
-4.360635 -4.525332 0.001612
-4.360635 -4.676176 0.001612
-4.360635 -4.827021 0.001612
-4.360635 -4.977865 0.001612
-4.360635 -5.128709 0.001612
-4.360635 -5.279554 0.001612
-4.360635 -5.430398 0.001612
-4.360635 -5.581243 0.001612
-4.360635 -5.732087 0.001612
-4.360635 -5.882931 0.001612
-4.360635 -6.033776 0.001612
-4.360635 -6.184620 0.001612
-4.360635 -6.335465 0.001612
-4.251476 -6.444623 0.001612
-4.142318 -6.553782 0.001612
-4.033159 -6.662940 0.001612
-3.924001 -6.772099 0.001612
-3.814842 -6.881257 0.001612
-3.705684 -6.990416 0.001612
-3.596525 -7.099574 0.001612
-3.487367 -7.208733 0.001612
-3.378209 -7.317891 0.001612
-3.269050 -7.427050 0.001612
-3.159892 -7.536208 0.001612
-3.050733 -7.645367 0.001612
-2.941575 -7.754525 0.001612
-2.832416 -7.863684 0.001612
-2.723258 -7.972842 0.001612
-2.614099 -8.082000 0.001612
-2.504941 -8.191159 0.001612
-2.395782 -8.300317 0.001612
-2.241216 -8.300317 0.001612
-2.086649 -8.300317 0.001612
-1.932082 -8.300317 0.001612
-1.777516 -8.300317 0.001612
-1.622949 -8.300317 0.001612
-1.468383 -8.300317 0.001612
-1.313816 -8.300317 0.001612
-1.159249 -8.300317 0.001612
-1.004683 -8.300317 0.001612
-0.850116 -8.300317 0.001612
-0.695550 -8.300317 0.001612
-0.540983 -8.300317 0.001612
-0.386416 -8.300317 0.001612
-0.231850 -8.300317 0.001612
-0.077283 -8.300317 0.001612
0.077283 -8.300317 0.001612
0.231850 -8.300317 0.001612
0.386416 -8.300317 0.001612
0.540983 -8.300317 0.001612
0.695550 -8.300317 0.001612
0.850116 -8.300317 0.001612
1.004683 -8.300317 0.001612
1.159249 -8.300317 0.001612
1.313816 -8.300317 0.001612
1.468383 -8.300317 0.001612
1.622949 -8.300317 0.001612
1.777516 -8.300317 0.001612
1.932082 -8.300317 0.001612
2.086649 -8.300317 0.001612
2.241216 -8.300317 0.001612
2.395782 -8.300317 0.001612
2.504941 -8.191159 0.001612
2.614099 -8.082000 0.001612
2.723258 -7.972842 0.001612
2.832416 -7.863684 0.001612
2.941575 -7.754525 0.001612
3.050733 -7.645367 0.001612
3.159892 -7.536208 0.001612
3.269050 -7.427050 0.001612
3.378209 -7.317891 0.001612
3.487367 -7.208733 0.001612
3.596525 -7.099574 0.001612
3.705684 -6.990416 0.001612
3.814842 -6.881257 0.001612
3.924001 -6.772099 0.001612
4.033159 -6.662940 0.001612
4.142318 -6.553782 0.001612
4.251476 -6.444623 0.001612
4.360635 -6.335465 0.001612
4.360635 -6.184620 0.001612
4.360635 -6.033776 0.001612
4.360635 -5.882931 0.001612
4.360635 -5.732087 0.001612
4.360635 -5.581243 0.001612
4.360635 -5.430398 0.001612
4.360635 -5.279554 0.001612
4.360635 -5.128709 0.001612
4.360635 -4.977865 0.001612
4.360635 -4.827021 0.001612
4.360635 -4.676176 0.001612
4.360635 -4.525332 0.001612
4.360635 -4.374487 0.001612
4.360635 -4.223643 0.001612
4.360635 -4.072799 0.001612
4.360635 -3.921954 0.001612
4.360635 -3.771110 0.001612
4.360635 -3.620266 0.001612
4.360635 -3.469421 0.001612
4.360635 -3.318577 0.001612
4.360635 -3.167732 0.001612
4.360635 -3.016888 0.001612
4.360635 -2.866044 0.001612
4.360635 -2.715199 0.001612
4.360635 -2.564355 0.001612
4.360635 -2.413510 0.001612
4.360635 -2.262666 0.001612
4.360635 -2.111822 0.001612
4.360635 -1.960977 0.001612
4.360635 -1.810133 0.001612
4.360635 -1.659288 0.001612
4.360635 -1.508444 0.001612
4.360635 -1.357600 0.001612
4.360635 -1.206755 0.001612
4.360635 -1.055911 0.001612
4.360635 -0.905066 0.001612
4.360635 -0.754222 0.001612
4.360635 -0.603378 0.001612
4.360635 -0.452533 0.001612
4.360635 -0.301689 0.001612
4.360635 -0.150844 0.001612
4.360635 0.000000 0.001612
4.360635 0.150844 0.001612
4.360635 0.301689 0.001612
4.360635 0.452533 0.001612
4.360635 0.603378 0.001612
4.360635 0.754222 0.001612
4.360635 0.905066 0.001612
4.360635 1.055911 0.001612
4.360635 1.206755 0.001612
4.360635 1.357600 0.001612
4.360635 1.508444 0.001612
4.360635 1.659288 0.001612
4.360635 1.810133 0.001612
4.360635 1.960977 0.001612
4.360635 2.111822 0.001612
4.360635 2.262666 0.001612
4.360635 2.413510 0.001612
4.360635 2.564355 0.001612
4.360635 2.715199 0.001612
4.360635 2.866044 0.001612
4.360635 3.016888 0.001612
4.360635 3.167732 0.001612
4.360635 3.318577 0.001612
4.360635 3.469421 0.001612
4.360635 3.620266 0.001612
4.360635 3.771110 0.001612
4.360635 3.921954 0.001612
4.360635 4.072799 0.001612
4.360635 4.223643 0.001612
4.360635 4.374487 0.001612
4.360635 4.525332 0.001612
4.360635 4.676176 0.001612
4.360635 4.827021 0.001612
4.360635 4.977865 0.001612
4.360635 5.128709 0.001612
4.360635 5.279554 0.001612
4.360635 5.430398 0.001612
4.360635 5.581243 0.001612
4.360635 5.732087 0.001612
4.360635 5.882931 0.001612
4.360635 6.033776 0.001612
4.360635 6.184620 0.001612
2.880635 5.785170 0.000804
2.761328 5.904477 0.000804
2.642021 6.023784 0.000804
2.522715 6.143090 0.000804
2.403408 6.262397 0.000804
2.284101 6.381704 0.000804
2.164794 6.501011 0.000804
2.045488 6.620317 0.000804
1.893970 6.620317 0.000804
1.742453 6.620317 0.000804
1.590935 6.620317 0.000804
1.439417 6.620317 0.000804
1.287900 6.620317 0.000804
1.136382 6.620317 0.000804
0.984864 6.620317 0.000804
0.833347 6.620317 0.000804
0.681829 6.620317 0.000804
0.530312 6.620317 0.000804
0.378794 6.620317 0.000804
0.227276 6.620317 0.000804
0.075759 6.620317 0.000804
-0.075759 6.620317 0.000804
-0.227276 6.620317 0.000804
-0.378794 6.620317 0.000804
-0.530312 6.620317 0.000804
-0.681829 6.620317 0.000804
-0.833347 6.620317 0.000804
-0.984864 6.620317 0.000804
-1.136382 6.620317 0.000804
-1.287900 6.620317 0.000804
-1.439417 6.620317 0.000804
-1.590935 6.620317 0.000804
-1.742453 6.620317 0.000804
-1.893970 6.620317 0.000804
-2.045488 6.620317 0.000804
-2.164794 6.501011 0.000804
-2.284101 6.381704 0.000804
-2.403408 6.262397 0.000804
-2.522715 6.143090 0.000804
-2.642021 6.023784 0.000804
-2.761328 5.904477 0.000804
-2.880635 5.785170 0.000804
-2.880635 5.634906 0.000804
-2.880635 5.484642 0.000804
-2.880635 5.334378 0.000804
-2.880635 5.184114 0.000804
-2.880635 5.033849 0.000804
-2.880635 4.883585 0.000804
-2.880635 4.733321 0.000804
-2.880635 4.583057 0.000804
-2.880635 4.432793 0.000804
-2.880635 4.282529 0.000804
-2.880635 4.132264 0.000804
-2.880635 3.982000 0.000804
-2.880635 3.831736 0.000804
-2.880635 3.681472 0.000804
-2.880635 3.531208 0.000804
-2.880635 3.380944 0.000804
-2.880635 3.230680 0.000804
-2.880635 3.080415 0.000804
-2.880635 2.930151 0.000804
-2.880635 2.779887 0.000804
-2.880635 2.629623 0.000804
-2.880635 2.479359 0.000804
-2.880635 2.329095 0.000804
-2.880635 2.178830 0.000804
-2.880635 2.028566 0.000804
-2.880635 1.878302 0.000804
-2.880635 1.728038 0.000804
-2.880635 1.577774 0.000804
-2.880635 1.427510 0.000804
-2.880635 1.277245 0.000804
-2.880635 1.126981 0.000804
-2.880635 0.976717 0.000804
-2.880635 0.826453 0.000804
-2.880635 0.676189 0.000804
-2.880635 0.525925 0.000804
-2.880635 0.375660 0.000804
-2.880635 0.225396 0.000804
-2.880635 0.075132 0.000804
-2.880635 -0.075132 0.000804
-2.880635 -0.225396 0.000804
-2.880635 -0.375660 0.000804
-2.880635 -0.525925 0.000804
-2.880635 -0.676189 0.000804
-2.880635 -0.826453 0.000804
-2.880635 -0.976717 0.000804
-2.880635 -1.126981 0.000804
-2.880635 -1.277245 0.000804
-2.880635 -1.427510 0.000804
-2.880635 -1.577774 0.000804
-2.880635 -1.728038 0.000804
-2.880635 -1.878302 0.000804
-2.880635 -2.028566 0.000804
-2.880635 -2.178830 0.000804
-2.880635 -2.329095 0.000804
-2.880635 -2.479359 0.000804
-2.880635 -2.629623 0.000804
-2.880635 -2.779887 0.000804
-2.880635 -2.930151 0.000804
-2.880635 -3.080415 0.000804
-2.880635 -3.230680 0.000804
-2.880635 -3.380944 0.000804
-2.880635 -3.531208 0.000804
-2.880635 -3.681472 0.000804
-2.880635 -3.831736 0.000804
-2.880635 -3.982000 0.000804
-2.880635 -4.132264 0.000804
-2.880635 -4.282529 0.000804
-2.880635 -4.432793 0.000804
-2.880635 -4.583057 0.000804
-2.880635 -4.733321 0.000804
-2.880635 -4.883585 0.000804
-2.880635 -5.033849 0.000804
-2.880635 -5.184114 0.000804
-2.880635 -5.334378 0.000804
-2.880635 -5.484642 0.000804
-2.880635 -5.634906 0.000804
-2.880635 -5.785170 0.000804
-2.761328 -5.904477 0.000804
-2.642021 -6.023784 0.000804
-2.522715 -6.143090 0.000804
-2.403408 -6.262397 0.000804
-2.284101 -6.381704 0.000804
-2.164794 -6.501011 0.000804
-2.045488 -6.620317 0.000804
-1.893970 -6.620317 0.000804
-1.742453 -6.620317 0.000804
-1.590935 -6.620317 0.000804
-1.439417 -6.620317 0.000804
-1.287900 -6.620317 0.000804
-1.136382 -6.620317 0.000804
-0.984864 -6.620317 0.000804
-0.833347 -6.620317 0.000804
-0.681829 -6.620317 0.000804
-0.530312 -6.620317 0.000804
-0.378794 -6.620317 0.000804
-0.227276 -6.620317 0.000804
-0.075759 -6.620317 0.000804
0.075759 -6.620317 0.000804
0.227276 -6.620317 0.000804
0.378794 -6.620317 0.000804
0.530312 -6.620317 0.000804
0.681829 -6.620317 0.000804
0.833347 -6.620317 0.000804
0.984864 -6.620317 0.000804
1.136382 -6.620317 0.000804
1.287900 -6.620317 0.000804
1.439417 -6.620317 0.000804
1.590935 -6.620317 0.000804
1.742453 -6.620317 0.000804
1.893970 -6.620317 0.000804
2.045488 -6.620317 0.000804
2.164794 -6.501011 0.000804
2.284101 -6.381704 0.000804
2.403408 -6.262397 0.000804
2.522715 -6.143090 0.000804
2.642021 -6.023784 0.000804
2.761328 -5.904477 0.000804
2.880635 -5.785170 0.000804
2.880635 -5.634906 0.000804
2.880635 -5.484642 0.000804
2.880635 -5.334378 0.000804
2.880635 -5.184114 0.000804
2.880635 -5.033849 0.000804
2.880635 -4.883585 0.000804
2.880635 -4.733321 0.000804
2.880635 -4.583057 0.000804
2.880635 -4.432793 0.000804
2.880635 -4.282529 0.000804
2.880635 -4.132264 0.000804
2.880635 -3.982000 0.000804
2.880635 -3.831736 0.000804
2.880635 -3.681472 0.000804
2.880635 -3.531208 0.000804
2.880635 -3.380944 0.000804
2.880635 -3.230680 0.000804
2.880635 -3.080415 0.000804
2.880635 -2.930151 0.000804
2.880635 -2.779887 0.000804
2.880635 -2.629623 0.000804
2.880635 -2.479359 0.000804
2.880635 -2.329095 0.000804
2.880635 -2.178830 0.000804
2.880635 -2.028566 0.000804
2.880635 -1.878302 0.000804
2.880635 -1.728038 0.000804
2.880635 -1.577774 0.000804
2.880635 -1.427510 0.000804
2.880635 -1.277245 0.000804
2.880635 -1.126981 0.000804
2.880635 -0.976717 0.000804
2.880635 -0.826453 0.000804
2.880635 -0.676189 0.000804
2.880635 -0.525925 0.000804
2.880635 -0.375660 0.000804
2.880635 -0.225396 0.000804
2.880635 -0.075132 0.000804
2.880635 0.075132 0.000804
2.880635 0.225396 0.000804
2.880635 0.375660 0.000804
2.880635 0.525925 0.000804
2.880635 0.676189 0.000804
2.880635 0.826453 0.000804
2.880635 0.976717 0.000804
2.880635 1.126981 0.000804
2.880635 1.277245 0.000804
2.880635 1.427510 0.000804
2.880635 1.577774 0.000804
2.880635 1.728038 0.000804
2.880635 1.878302 0.000804
2.880635 2.028566 0.000804
2.880635 2.178830 0.000804
2.880635 2.329095 0.000804
2.880635 2.479359 0.000804
2.880635 2.629623 0.000804
2.880635 2.779887 0.000804
2.880635 2.930151 0.000804
2.880635 3.080415 0.000804
2.880635 3.230680 0.000804
2.880635 3.380944 0.000804
2.880635 3.531208 0.000804
2.880635 3.681472 0.000804
2.880635 3.831736 0.000804
2.880635 3.982000 0.000804
2.880635 4.132264 0.000804
2.880635 4.282529 0.000804
2.880635 4.432793 0.000804
2.880635 4.583057 0.000804
2.880635 4.733321 0.000804
2.880635 4.883585 0.000804
2.880635 5.033849 0.000804
2.880635 5.184114 0.000804
2.880635 5.334378 0.000804
2.880635 5.484642 0.000804
2.880635 5.634906 0.000804
