4.232881 6.284216 0.018690
4.012611 6.504486 0.018690
3.792342 6.724756 0.018690
3.572072 6.945025 0.018690
3.351803 7.165295 0.018690
3.131533 7.385564 0.018690
2.911263 7.605834 0.018690
2.690994 7.826104 0.018690
2.470724 8.046373 0.018690
2.203217 8.156508 0.018885
1.888472 8.156508 0.018885
1.573726 8.156508 0.018885
1.258981 8.156508 0.018885
0.944236 8.156508 0.018885
0.629491 8.156508 0.018885
0.314745 8.156508 0.018885
0.000000 8.156508 0.018885
-0.314745 8.156508 0.018885
-0.629491 8.156508 0.018885
-0.944236 8.156508 0.018885
-1.258981 8.156508 0.018885
-1.573726 8.156508 0.018885
-1.888472 8.156508 0.018885
-2.203217 8.156508 0.018885
-2.470724 8.046373 0.018690
-2.690994 7.826104 0.018690
-2.911263 7.605834 0.018690
-3.131533 7.385564 0.018690
-3.351803 7.165295 0.018690
-3.572072 6.945025 0.018690
-3.792342 6.724756 0.018690
-4.012611 6.504486 0.018690
-4.232881 6.284216 0.018690
-4.343016 6.023494 0.018070
-4.343016 5.722319 0.018070
-4.343016 5.421145 0.018070
-4.343016 5.119970 0.018070
-4.343016 4.818795 0.018070
-4.343016 4.517621 0.018070
-4.343016 4.216446 0.018070
-4.343016 3.915271 0.018070
-4.343016 3.614097 0.018070
-4.343016 3.312922 0.018070
-4.343016 3.011747 0.018070
-4.343016 2.710572 0.018070
-4.343016 2.409398 0.018070
-4.343016 2.108223 0.018070
-4.343016 1.807048 0.018070
-4.343016 1.505874 0.018070
-4.343016 1.204699 0.018070
-4.343016 0.903524 0.018070
-4.343016 0.602349 0.018070
-4.343016 0.301175 0.018070
-4.343016 0.000000 0.018070
-4.343016 -0.301175 0.018070
-4.343016 -0.602349 0.018070
-4.343016 -0.903524 0.018070
-4.343016 -1.204699 0.018070
-4.343016 -1.505874 0.018070
-4.343016 -1.807048 0.018070
-4.343016 -2.108223 0.018070
-4.343016 -2.409398 0.018070
-4.343016 -2.710572 0.018070
-4.343016 -3.011747 0.018070
-4.343016 -3.312922 0.018070
-4.343016 -3.614097 0.018070
-4.343016 -3.915271 0.018070
-4.343016 -4.216446 0.018070
-4.343016 -4.517621 0.018070
-4.343016 -4.818795 0.018070
-4.343016 -5.119970 0.018070
-4.343016 -5.421145 0.018070
-4.343016 -5.722319 0.018070
-4.343016 -6.023494 0.018070
-4.232881 -6.284216 0.018690
-4.012611 -6.504486 0.018690
-3.792342 -6.724756 0.018690
-3.572072 -6.945025 0.018690
-3.351803 -7.165295 0.018690
-3.131533 -7.385564 0.018690
-2.911263 -7.605834 0.018690
-2.690994 -7.826104 0.018690
-2.470724 -8.046373 0.018690
-2.203217 -8.156508 0.018885
-1.888472 -8.156508 0.018885
-1.573726 -8.156508 0.018885
-1.258981 -8.156508 0.018885
-0.944236 -8.156508 0.018885
-0.629491 -8.156508 0.018885
-0.314745 -8.156508 0.018885
0.000000 -8.156508 0.018885
0.314745 -8.156508 0.018885
0.629491 -8.156508 0.018885
0.944236 -8.156508 0.018885
1.258981 -8.156508 0.018885
1.573726 -8.156508 0.018885
1.888472 -8.156508 0.018885
2.203217 -8.156508 0.018885
2.470724 -8.046373 0.018690
2.690994 -7.826104 0.018690
2.911263 -7.605834 0.018690
3.131533 -7.385564 0.018690
3.351803 -7.165295 0.018690
3.572072 -6.945025 0.018690
3.792342 -6.724756 0.018690
4.012611 -6.504486 0.018690
4.232881 -6.284216 0.018690
4.343016 -6.023494 0.018070
4.343016 -5.722319 0.018070
4.343016 -5.421145 0.018070
4.343016 -5.119970 0.018070
4.343016 -4.818795 0.018070
4.343016 -4.517621 0.018070
4.343016 -4.216446 0.018070
4.343016 -3.915271 0.018070
4.343016 -3.614097 0.018070
4.343016 -3.312922 0.018070
4.343016 -3.011747 0.018070
4.343016 -2.710572 0.018070
4.343016 -2.409398 0.018070
4.343016 -2.108223 0.018070
4.343016 -1.807048 0.018070
4.343016 -1.505874 0.018070
4.343016 -1.204699 0.018070
4.343016 -0.903524 0.018070
4.343016 -0.602349 0.018070
4.343016 -0.301175 0.018070
4.343016 0.000000 0.018070
4.343016 0.301175 0.018070
4.343016 0.602349 0.018070
4.343016 0.903524 0.018070
4.343016 1.204699 0.018070
4.343016 1.505874 0.018070
4.343016 1.807048 0.018070
4.343016 2.108223 0.018070
4.343016 2.409398 0.018070
4.343016 2.710572 0.018070
4.343016 3.011747 0.018070
4.343016 3.312922 0.018070
4.343016 3.614097 0.018070
4.343016 3.915271 0.018070
4.343016 4.216446 0.018070
4.343016 4.517621 0.018070
4.343016 4.818795 0.018070
4.343016 5.119970 0.018070
4.343016 5.421145 0.018070
4.343016 5.722319 0.018070
4.343016 6.023494 0.018070
2.666754 5.735197 0.023124
2.394229 6.007721 0.023124
2.121705 6.280246 0.023124
1.832716 6.416508 0.018327
1.527263 6.416508 0.018327
1.221811 6.416508 0.018327
0.916358 6.416508 0.018327
0.610905 6.416508 0.018327
0.305453 6.416508 0.018327
0.000000 6.416508 0.018327
-0.305453 6.416508 0.018327
-0.610905 6.416508 0.018327
-0.916358 6.416508 0.018327
-1.221811 6.416508 0.018327
-1.527263 6.416508 0.018327
-1.832716 6.416508 0.018327
-2.121705 6.280246 0.023124
-2.394229 6.007721 0.023124
-2.666754 5.735197 0.023124
-2.803016 5.447612 0.018159
-2.803016 5.144967 0.018159
-2.803016 4.842322 0.018159
-2.803016 4.539676 0.018159
-2.803016 4.237031 0.018159
-2.803016 3.934386 0.018159
-2.803016 3.631741 0.018159
-2.803016 3.329096 0.018159
-2.803016 3.026451 0.018159
-2.803016 2.723806 0.018159
-2.803016 2.421161 0.018159
-2.803016 2.118516 0.018159
-2.803016 1.815871 0.018159
-2.803016 1.513225 0.018159
-2.803016 1.210580 0.018159
-2.803016 0.907935 0.018159
-2.803016 0.605290 0.018159
-2.803016 0.302645 0.018159
-2.803016 0.000000 0.018159
-2.803016 -0.302645 0.018159
-2.803016 -0.605290 0.018159
-2.803016 -0.907935 0.018159
-2.803016 -1.210580 0.018159
-2.803016 -1.513225 0.018159
-2.803016 -1.815871 0.018159
-2.803016 -2.118516 0.018159
-2.803016 -2.421161 0.018159
-2.803016 -2.723806 0.018159
-2.803016 -3.026451 0.018159
-2.803016 -3.329096 0.018159
-2.803016 -3.631741 0.018159
-2.803016 -3.934386 0.018159
-2.803016 -4.237031 0.018159
-2.803016 -4.539676 0.018159
-2.803016 -4.842322 0.018159
-2.803016 -5.144967 0.018159
-2.803016 -5.447612 0.018159
-2.666754 -5.735197 0.023124
-2.394229 -6.007721 0.023124
-2.121705 -6.280246 0.023124
-1.832716 -6.416508 0.018327
-1.527263 -6.416508 0.018327
-1.221811 -6.416508 0.018327
-0.916358 -6.416508 0.018327
-0.610905 -6.416508 0.018327
-0.305453 -6.416508 0.018327
0.000000 -6.416508 0.018327
0.305453 -6.416508 0.018327
0.610905 -6.416508 0.018327
0.916358 -6.416508 0.018327
1.221811 -6.416508 0.018327
1.527263 -6.416508 0.018327
1.832716 -6.416508 0.018327
2.121705 -6.280246 0.023124
2.394229 -6.007721 0.023124
2.666754 -5.735197 0.023124
2.803016 -5.447612 0.018159
2.803016 -5.144967 0.018159
2.803016 -4.842322 0.018159
2.803016 -4.539676 0.018159
2.803016 -4.237031 0.018159
2.803016 -3.934386 0.018159
2.803016 -3.631741 0.018159
2.803016 -3.329096 0.018159
2.803016 -3.026451 0.018159
2.803016 -2.723806 0.018159
2.803016 -2.421161 0.018159
2.803016 -2.118516 0.018159
2.803016 -1.815871 0.018159
2.803016 -1.513225 0.018159
2.803016 -1.210580 0.018159
2.803016 -0.907935 0.018159
2.803016 -0.605290 0.018159
2.803016 -0.302645 0.018159
2.803016 0.000000 0.018159
2.803016 0.302645 0.018159
2.803016 0.605290 0.018159
2.803016 0.907935 0.018159
2.803016 1.210580 0.018159
2.803016 1.513225 0.018159
2.803016 1.815871 0.018159
2.803016 2.118516 0.018159
2.803016 2.421161 0.018159
2.803016 2.723806 0.018159
2.803016 3.026451 0.018159
2.803016 3.329096 0.018159
2.803016 3.631741 0.018159
2.803016 3.934386 0.018159
2.803016 4.237031 0.018159
2.803016 4.539676 0.018159
2.803016 4.842322 0.018159
2.803016 5.144967 0.018159
2.803016 5.447612 0.018159
