4.344762 6.277528 0.001612
4.235603 6.386687 0.001612
4.126445 6.495845 0.001612
4.017286 6.605004 0.001612
3.908128 6.714162 0.001612
3.798969 6.823321 0.001612
3.689811 6.932479 0.001612
3.580652 7.041638 0.001612
3.471494 7.150796 0.001612
3.362335 7.259955 0.001612
3.253177 7.369113 0.001612
3.144019 7.478272 0.001612
3.034860 7.587430 0.001612
2.925702 7.696589 0.001612
2.816543 7.805747 0.001612
2.707385 7.914905 0.001612
2.598226 8.024064 0.001612
2.489068 8.133222 0.001612
2.379909 8.242381 0.001612
2.226367 8.242381 0.001612
2.072824 8.242381 0.001612
1.919282 8.242381 0.001612
1.765739 8.242381 0.001612
1.612196 8.242381 0.001612
1.458654 8.242381 0.001612
1.305111 8.242381 0.001612
1.151569 8.242381 0.001612
0.998026 8.242381 0.001612
0.844484 8.242381 0.001612
0.690941 8.242381 0.001612
0.537399 8.242381 0.001612
0.383856 8.242381 0.001612
0.230314 8.242381 0.001612
0.076771 8.242381 0.001612
-0.076771 8.242381 0.001612
-0.230314 8.242381 0.001612
-0.383856 8.242381 0.001612
-0.537399 8.242381 0.001612
-0.690941 8.242381 0.001612
-0.844484 8.242381 0.001612
-0.998026 8.242381 0.001612
-1.151569 8.242381 0.001612
-1.305111 8.242381 0.001612
-1.458654 8.242381 0.001612
-1.612196 8.242381 0.001612
-1.765739 8.242381 0.001612
-1.919282 8.242381 0.001612
-2.072824 8.242381 0.001612
-2.226367 8.242381 0.001612
-2.379909 8.242381 0.001612
-2.489068 8.133222 0.001612
-2.598226 8.024064 0.001612
-2.707385 7.914905 0.001612
-2.816543 7.805747 0.001612
-2.925702 7.696589 0.001612
-3.034860 7.587430 0.001612
-3.144019 7.478272 0.001612
-3.253177 7.369113 0.001612
-3.362335 7.259955 0.001612
-3.471494 7.150796 0.001612
-3.580652 7.041638 0.001612
-3.689811 6.932479 0.001612
-3.798969 6.823321 0.001612
-3.908128 6.714162 0.001612
-4.017286 6.605004 0.001612
-4.126445 6.495845 0.001612
-4.235603 6.386687 0.001612
-4.344762 6.277528 0.001612
-4.344762 6.126262 0.001612
-4.344762 5.974997 0.001612
-4.344762 5.823731 0.001612
-4.344762 5.672465 0.001612
-4.344762 5.521199 0.001612
-4.344762 5.369934 0.001612
-4.344762 5.218668 0.001612
-4.344762 5.067402 0.001612
-4.344762 4.916136 0.001612
-4.344762 4.764871 0.001612
-4.344762 4.613605 0.001612
-4.344762 4.462339 0.001612
-4.344762 4.311074 0.001612
-4.344762 4.159808 0.001612
-4.344762 4.008542 0.001612
-4.344762 3.857276 0.001612
-4.344762 3.706011 0.001612
-4.344762 3.554745 0.001612
-4.344762 3.403479 0.001612
-4.344762 3.252213 0.001612
-4.344762 3.100948 0.001612
-4.344762 2.949682 0.001612
-4.344762 2.798416 0.001612
-4.344762 2.647150 0.001612
-4.344762 2.495885 0.001612
-4.344762 2.344619 0.001612
-4.344762 2.193353 0.001612
-4.344762 2.042087 0.001612
-4.344762 1.890822 0.001612
-4.344762 1.739556 0.001612
-4.344762 1.588290 0.001612
-4.344762 1.437025 0.001612
-4.344762 1.285759 0.001612
-4.344762 1.134493 0.001612
-4.344762 0.983227 0.001612
-4.344762 0.831962 0.001612
-4.344762 0.680696 0.001612
-4.344762 0.529430 0.001612
-4.344762 0.378164 0.001612
-4.344762 0.226899 0.001612
-4.344762 0.075633 0.001612
-4.344762 -0.075633 0.001612
-4.344762 -0.226899 0.001612
-4.344762 -0.378164 0.001612
-4.344762 -0.529430 0.001612
-4.344762 -0.680696 0.001612
-4.344762 -0.831962 0.001612
-4.344762 -0.983227 0.001612
-4.344762 -1.134493 0.001612
-4.344762 -1.285759 0.001612
-4.344762 -1.437025 0.001612
-4.344762 -1.588290 0.001612
-4.344762 -1.739556 0.001612
-4.344762 -1.890822 0.001612
-4.344762 -2.042087 0.001612
-4.344762 -2.193353 0.001612
-4.344762 -2.344619 0.001612
-4.344762 -2.495885 0.001612
-4.344762 -2.647150 0.001612
-4.344762 -2.798416 0.001612
-4.344762 -2.949682 0.001612
-4.344762 -3.100948 0.001612
-4.344762 -3.252213 0.001612
-4.344762 -3.403479 0.001612
-4.344762 -3.554745 0.001612
-4.344762 -3.706011 0.001612
-4.344762 -3.857276 0.001612
-4.344762 -4.008542 0.001612
-4.344762 -4.159808 0.001612
-4.344762 -4.311074 0.001612
-4.344762 -4.462339 0.001612
-4.344762 -4.613605 0.001612
-4.344762 -4.764871 0.001612
-4.344762 -4.916136 0.001612
-4.344762 -5.067402 0.001612
-4.344762 -5.218668 0.001612
-4.344762 -5.369934 0.001612
-4.344762 -5.521199 0.001612
-4.344762 -5.672465 0.001612
-4.344762 -5.823731 0.001612
-4.344762 -5.974997 0.001612
-4.344762 -6.126262 0.001612
-4.344762 -6.277528 0.001612
-4.235603 -6.386687 0.001612
-4.126445 -6.495845 0.001612
-4.017286 -6.605004 0.001612
-3.908128 -6.714162 0.001612
-3.798969 -6.823321 0.001612
-3.689811 -6.932479 0.001612
-3.580652 -7.041638 0.001612
-3.471494 -7.150796 0.001612
-3.362335 -7.259955 0.001612
-3.253177 -7.369113 0.001612
-3.144019 -7.478272 0.001612
-3.034860 -7.587430 0.001612
-2.925702 -7.696589 0.001612
-2.816543 -7.805747 0.001612
-2.707385 -7.914905 0.001612
-2.598226 -8.024064 0.001612
-2.489068 -8.133222 0.001612
-2.379909 -8.242381 0.001612
-2.226367 -8.242381 0.001612
-2.072824 -8.242381 0.001612
-1.919282 -8.242381 0.001612
-1.765739 -8.242381 0.001612
-1.612196 -8.242381 0.001612
-1.458654 -8.242381 0.001612
-1.305111 -8.242381 0.001612
-1.151569 -8.242381 0.001612
-0.998026 -8.242381 0.001612
-0.844484 -8.242381 0.001612
-0.690941 -8.242381 0.001612
-0.537399 -8.242381 0.001612
-0.383856 -8.242381 0.001612
-0.230314 -8.242381 0.001612
-0.076771 -8.242381 0.001612
0.076771 -8.242381 0.001612
0.230314 -8.242381 0.001612
0.383856 -8.242381 0.001612
0.537399 -8.242381 0.001612
0.690941 -8.242381 0.001612
0.844484 -8.242381 0.001612
0.998026 -8.242381 0.001612
1.151569 -8.242381 0.001612
1.305111 -8.242381 0.001612
1.458654 -8.242381 0.001612
1.612196 -8.242381 0.001612
1.765739 -8.242381 0.001612
1.919282 -8.242381 0.001612
2.072824 -8.242381 0.001612
2.226367 -8.242381 0.001612
2.379909 -8.242381 0.001612
2.489068 -8.133222 0.001612
2.598226 -8.024064 0.001612
2.707385 -7.914905 0.001612
2.816543 -7.805747 0.001612
2.925702 -7.696589 0.001612
3.034860 -7.587430 0.001612
3.144019 -7.478272 0.001612
3.253177 -7.369113 0.001612
3.362335 -7.259955 0.001612
3.471494 -7.150796 0.001612
3.580652 -7.041638 0.001612
3.689811 -6.932479 0.001612
3.798969 -6.823321 0.001612
3.908128 -6.714162 0.001612
4.017286 -6.605004 0.001612
4.126445 -6.495845 0.001612
4.235603 -6.386687 0.001612
4.344762 -6.277528 0.001612
4.344762 -6.126262 0.001612
4.344762 -5.974997 0.001612
4.344762 -5.823731 0.001612
4.344762 -5.672465 0.001612
4.344762 -5.521199 0.001612
4.344762 -5.369934 0.001612
4.344762 -5.218668 0.001612
4.344762 -5.067402 0.001612
4.344762 -4.916136 0.001612
4.344762 -4.764871 0.001612
4.344762 -4.613605 0.001612
4.344762 -4.462339 0.001612
4.344762 -4.311074 0.001612
4.344762 -4.159808 0.001612
4.344762 -4.008542 0.001612
4.344762 -3.857276 0.001612
4.344762 -3.706011 0.001612
4.344762 -3.554745 0.001612
4.344762 -3.403479 0.001612
4.344762 -3.252213 0.001612
4.344762 -3.100948 0.001612
4.344762 -2.949682 0.001612
4.344762 -2.798416 0.001612
4.344762 -2.647150 0.001612
4.344762 -2.495885 0.001612
4.344762 -2.344619 0.001612
4.344762 -2.193353 0.001612
4.344762 -2.042087 0.001612
4.344762 -1.890822 0.001612
4.344762 -1.739556 0.001612
4.344762 -1.588290 0.001612
4.344762 -1.437025 0.001612
4.344762 -1.285759 0.001612
4.344762 -1.134493 0.001612
4.344762 -0.983227 0.001612
4.344762 -0.831962 0.001612
4.344762 -0.680696 0.001612
4.344762 -0.529430 0.001612
4.344762 -0.378164 0.001612
4.344762 -0.226899 0.001612
4.344762 -0.075633 0.001612
4.344762 0.075633 0.001612
4.344762 0.226899 0.001612
4.344762 0.378164 0.001612
4.344762 0.529430 0.001612
4.344762 0.680696 0.001612
4.344762 0.831962 0.001612
4.344762 0.983227 0.001612
4.344762 1.134493 0.001612
4.344762 1.285759 0.001612
4.344762 1.437025 0.001612
4.344762 1.588290 0.001612
4.344762 1.739556 0.001612
4.344762 1.890822 0.001612
4.344762 2.042087 0.001612
4.344762 2.193353 0.001612
4.344762 2.344619 0.001612
4.344762 2.495885 0.001612
4.344762 2.647150 0.001612
4.344762 2.798416 0.001612
4.344762 2.949682 0.001612
4.344762 3.100948 0.001612
4.344762 3.252213 0.001612
4.344762 3.403479 0.001612
4.344762 3.554745 0.001612
4.344762 3.706011 0.001612
4.344762 3.857276 0.001612
4.344762 4.008542 0.001612
4.344762 4.159808 0.001612
4.344762 4.311074 0.001612
4.344762 4.462339 0.001612
4.344762 4.613605 0.001612
4.344762 4.764871 0.001612
4.344762 4.916136 0.001612
4.344762 5.067402 0.001612
4.344762 5.218668 0.001612
4.344762 5.369934 0.001612
4.344762 5.521199 0.001612
4.344762 5.672465 0.001612
4.344762 5.823731 0.001612
4.344762 5.974997 0.001612
4.344762 6.126262 0.001612
2.864762 5.727234 0.000804
2.745455 5.846541 0.000804
2.626148 5.965847 0.000804
2.506842 6.085154 0.000804
2.387535 6.204461 0.000804
2.268228 6.323767 0.000804
2.148921 6.443074 0.000804
2.029615 6.562381 0.000804
1.879273 6.562381 0.000804
1.728931 6.562381 0.000804
1.578589 6.562381 0.000804
1.428247 6.562381 0.000804
1.277906 6.562381 0.000804
1.127564 6.562381 0.000804
0.977222 6.562381 0.000804
0.826880 6.562381 0.000804
0.676538 6.562381 0.000804
0.526196 6.562381 0.000804
0.375855 6.562381 0.000804
0.225513 6.562381 0.000804
0.075171 6.562381 0.000804
-0.075171 6.562381 0.000804
-0.225513 6.562381 0.000804
-0.375855 6.562381 0.000804
-0.526196 6.562381 0.000804
-0.676538 6.562381 0.000804
-0.826880 6.562381 0.000804
-0.977222 6.562381 0.000804
-1.127564 6.562381 0.000804
-1.277906 6.562381 0.000804
-1.428247 6.562381 0.000804
-1.578589 6.562381 0.000804
-1.728931 6.562381 0.000804
-1.879273 6.562381 0.000804
-2.029615 6.562381 0.000804
-2.148921 6.443074 0.000804
-2.268228 6.323767 0.000804
-2.387535 6.204461 0.000804
-2.506842 6.085154 0.000804
-2.626148 5.965847 0.000804
-2.745455 5.846541 0.000804
-2.864762 5.727234 0.000804
-2.864762 5.576517 0.000804
-2.864762 5.425800 0.000804
-2.864762 5.275084 0.000804
-2.864762 5.124367 0.000804
-2.864762 4.973650 0.000804
-2.864762 4.822934 0.000804
-2.864762 4.672217 0.000804
-2.864762 4.521500 0.000804
-2.864762 4.370784 0.000804
-2.864762 4.220067 0.000804
-2.864762 4.069350 0.000804
-2.864762 3.918634 0.000804
-2.864762 3.767917 0.000804
-2.864762 3.617200 0.000804
-2.864762 3.466484 0.000804
-2.864762 3.315767 0.000804
-2.864762 3.165050 0.000804
-2.864762 3.014334 0.000804
-2.864762 2.863617 0.000804
-2.864762 2.712900 0.000804
-2.864762 2.562184 0.000804
-2.864762 2.411467 0.000804
-2.864762 2.260750 0.000804
-2.864762 2.110033 0.000804
-2.864762 1.959317 0.000804
-2.864762 1.808600 0.000804
-2.864762 1.657883 0.000804
-2.864762 1.507167 0.000804
-2.864762 1.356450 0.000804
-2.864762 1.205733 0.000804
-2.864762 1.055017 0.000804
-2.864762 0.904300 0.000804
-2.864762 0.753583 0.000804
-2.864762 0.602867 0.000804
-2.864762 0.452150 0.000804
-2.864762 0.301433 0.000804
-2.864762 0.150717 0.000804
-2.864762 -0.000000 0.000804
-2.864762 -0.150717 0.000804
-2.864762 -0.301433 0.000804
-2.864762 -0.452150 0.000804
-2.864762 -0.602867 0.000804
-2.864762 -0.753583 0.000804
-2.864762 -0.904300 0.000804
-2.864762 -1.055017 0.000804
-2.864762 -1.205733 0.000804
-2.864762 -1.356450 0.000804
-2.864762 -1.507167 0.000804
-2.864762 -1.657883 0.000804
-2.864762 -1.808600 0.000804
-2.864762 -1.959317 0.000804
-2.864762 -2.110033 0.000804
-2.864762 -2.260750 0.000804
-2.864762 -2.411467 0.000804
-2.864762 -2.562184 0.000804
-2.864762 -2.712900 0.000804
-2.864762 -2.863617 0.000804
-2.864762 -3.014334 0.000804
-2.864762 -3.165050 0.000804
-2.864762 -3.315767 0.000804
-2.864762 -3.466484 0.000804
-2.864762 -3.617200 0.000804
-2.864762 -3.767917 0.000804
-2.864762 -3.918634 0.000804
-2.864762 -4.069350 0.000804
-2.864762 -4.220067 0.000804
-2.864762 -4.370784 0.000804
-2.864762 -4.521500 0.000804
-2.864762 -4.672217 0.000804
-2.864762 -4.822934 0.000804
-2.864762 -4.973650 0.000804
-2.864762 -5.124367 0.000804
-2.864762 -5.275084 0.000804
-2.864762 -5.425800 0.000804
-2.864762 -5.576517 0.000804
-2.864762 -5.727234 0.000804
-2.745455 -5.846541 0.000804
-2.626148 -5.965847 0.000804
-2.506842 -6.085154 0.000804
-2.387535 -6.204461 0.000804
-2.268228 -6.323767 0.000804
-2.148921 -6.443074 0.000804
-2.029615 -6.562381 0.000804
-1.879273 -6.562381 0.000804
-1.728931 -6.562381 0.000804
-1.578589 -6.562381 0.000804
-1.428247 -6.562381 0.000804
-1.277906 -6.562381 0.000804
-1.127564 -6.562381 0.000804
-0.977222 -6.562381 0.000804
-0.826880 -6.562381 0.000804
-0.676538 -6.562381 0.000804
-0.526196 -6.562381 0.000804
-0.375855 -6.562381 0.000804
-0.225513 -6.562381 0.000804
-0.075171 -6.562381 0.000804
0.075171 -6.562381 0.000804
0.225513 -6.562381 0.000804
0.375855 -6.562381 0.000804
0.526196 -6.562381 0.000804
0.676538 -6.562381 0.000804
0.826880 -6.562381 0.000804
0.977222 -6.562381 0.000804
1.127564 -6.562381 0.000804
1.277906 -6.562381 0.000804
1.428247 -6.562381 0.000804
1.578589 -6.562381 0.000804
1.728931 -6.562381 0.000804
1.879273 -6.562381 0.000804
2.029615 -6.562381 0.000804
2.148921 -6.443074 0.000804
2.268228 -6.323767 0.000804
2.387535 -6.204461 0.000804
2.506842 -6.085154 0.000804
2.626148 -5.965847 0.000804
2.745455 -5.846541 0.000804
2.864762 -5.727234 0.000804
2.864762 -5.576517 0.000804
2.864762 -5.425800 0.000804
2.864762 -5.275084 0.000804
2.864762 -5.124367 0.000804
2.864762 -4.973650 0.000804
2.864762 -4.822934 0.000804
2.864762 -4.672217 0.000804
2.864762 -4.521500 0.000804
2.864762 -4.370784 0.000804
2.864762 -4.220067 0.000804
2.864762 -4.069350 0.000804
2.864762 -3.918634 0.000804
2.864762 -3.767917 0.000804
2.864762 -3.617200 0.000804
2.864762 -3.466484 0.000804
2.864762 -3.315767 0.000804
2.864762 -3.165050 0.000804
2.864762 -3.014334 0.000804
2.864762 -2.863617 0.000804
2.864762 -2.712900 0.000804
2.864762 -2.562184 0.000804
2.864762 -2.411467 0.000804
2.864762 -2.260750 0.000804
2.864762 -2.110033 0.000804
2.864762 -1.959317 0.000804
2.864762 -1.808600 0.000804
2.864762 -1.657883 0.000804
2.864762 -1.507167 0.000804
2.864762 -1.356450 0.000804
2.864762 -1.205733 0.000804
2.864762 -1.055017 0.000804
2.864762 -0.904300 0.000804
2.864762 -0.753583 0.000804
2.864762 -0.602867 0.000804
2.864762 -0.452150 0.000804
2.864762 -0.301433 0.000804
2.864762 -0.150717 0.000804
2.864762 0.000000 0.000804
2.864762 0.150717 0.000804
2.864762 0.301433 0.000804
2.864762 0.452150 0.000804
2.864762 0.602867 0.000804
2.864762 0.753583 0.000804
2.864762 0.904300 0.000804
2.864762 1.055017 0.000804
2.864762 1.205733 0.000804
2.864762 1.356450 0.000804
2.864762 1.507167 0.000804
2.864762 1.657883 0.000804
2.864762 1.808600 0.000804
2.864762 1.959317 0.000804
2.864762 2.110033 0.000804
2.864762 2.260750 0.000804
2.864762 2.411467 0.000804
2.864762 2.562184 0.000804
2.864762 2.712900 0.000804
2.864762 2.863617 0.000804
2.864762 3.014334 0.000804
2.864762 3.165050 0.000804
2.864762 3.315767 0.000804
2.864762 3.466484 0.000804
2.864762 3.617200 0.000804
2.864762 3.767917 0.000804
2.864762 3.918634 0.000804
2.864762 4.069350 0.000804
2.864762 4.220067 0.000804
2.864762 4.370784 0.000804
2.864762 4.521500 0.000804
2.864762 4.672217 0.000804
2.864762 4.822934 0.000804
2.864762 4.973650 0.000804
2.864762 5.124367 0.000804
2.864762 5.275084 0.000804
2.864762 5.425800 0.000804
2.864762 5.576517 0.000804
