2.026583 -8.260552 0.040303
3.089630 0.000000 0.045919
2.993069 -0.158256 0.045807
3.094487 -0.312438 0.045185
2.303319 -8.260067 0.039793
2.190040 -8.162365 0.041820
2.750626 -7.762270 0.043443
4.274940 -6.259017 0.039367
3.363057 -7.271344 0.044506
0.608988 7.327859 0.043516
-3.882379 -0.183483 0.053537
-3.584258 0.098453 0.045237
-1.740232 7.592087 0.044344
-1.463038 6.867309 0.045482
-3.701915 -0.576383 0.052885
2.997926 -0.468377 0.047172
3.097697 -0.620841 0.046922
2.996279 -0.780048 0.046967
-3.304958 -0.637226 0.049370
-2.998321 -1.143250 0.050232
-3.100745 -0.975870 0.050185
-3.394042 -1.802268 0.050837
-2.995144 -3.501853 0.050282
-3.885507 -3.676219 0.050096
4.281114 -5.569678 0.034470
2.472271 -8.181176 0.041344
2.528054 -7.999634 0.042877
2.701301 -7.942848 0.043057
3.187424 -7.312612 0.044444
2.924220 -7.714436 0.043946
3.144005 -7.491539 0.044401
2.969410 -7.534881 0.043912
4.281114 -5.733400 0.035811
4.008023 -6.610621 0.045880
4.208025 -6.412063 0.045114
4.040772 -6.428051 0.044059
3.970771 0.739400 0.045624
4.169870 0.754118 0.049219
3.297015 -0.300237 0.047443
2.993069 0.158256 0.045807
4.273517 -2.200170 0.041622
3.903815 6.252693 0.047366
3.741344 6.290718 0.049874
2.472271 8.181176 0.041344
2.924220 7.714436 0.043946
2.658132 7.457320 0.043930
2.724039 7.105675 0.044885
3.363057 7.271344 0.044506
3.187424 7.312612 0.044444
3.144005 7.491539 0.044401
2.969410 7.534881 0.043912
3.050173 7.179731 0.044553
2.871427 7.227611 0.044275
2.834082 7.403834 0.044226
3.089881 7.004695 0.044807
2.468445 6.408771 0.043601
1.910155 6.771901 0.039922
1.745678 6.865612 0.045526
2.058223 6.862387 0.045470
2.303319 8.260067 0.039793
1.459096 8.261220 0.041384
1.745068 8.260713 0.040906
1.618865 8.163680 0.042869
1.392821 7.412730 0.043125
0.286746 6.773311 0.040676
0.450425 7.420831 0.043103
0.764627 7.418259 0.043126
0.759511 7.602896 0.043580
1.239180 7.322200 0.043599
1.078693 7.415373 0.043170
0.924105 7.324871 0.043579
0.579291 8.262646 0.042206
1.326844 8.164772 0.043171
-2.995218 3.162727 0.050232
-4.275279 -0.167428 0.049499
-3.982965 -0.362469 0.050637
-3.892280 -0.549917 0.051382
-4.277696 -0.502562 0.047244
-4.176467 -0.346414 0.054221
-2.992792 0.165972 0.047906
-3.386606 0.153859 0.044863
-4.174051 0.000000 0.053538
-3.974653 0.000000 0.051920
-3.296647 0.315999 0.049687
-2.998378 0.491485 0.049605
-3.094661 0.328113 0.047632
-3.404519 0.466046 0.048827
-2.483213 8.175580 0.041270
-3.205944 7.282744 0.045270
-3.164762 7.466966 0.045327
-3.378115 7.248754 0.045833
-2.894724 7.184834 0.045250
-3.067773 7.138643 0.045718
-1.756360 7.409389 0.042598
-1.437072 7.414838 0.043127
-1.446569 7.052349 0.043520
-1.606502 7.142163 0.043453
-1.601159 7.322846 0.043964
-1.333420 6.772537 0.038879
-1.047498 6.770866 0.036521
-1.157905 6.865149 0.045079
-1.625927 6.773026 0.040100
-3.802817 6.824041 0.044841
-3.630323 6.851780 0.046857
-3.589812 7.035343 0.045731
-3.416689 7.065426 0.046036
-3.495717 6.701426 0.045904
-3.605540 -0.768229 0.048760
-3.304202 -0.965059 0.049789
-3.406545 -0.791649 0.050664
-4.179944 -0.694945 0.054103
-3.988030 -0.726245 0.051458
-3.293645 -1.973928 0.050150
-2.995667 -2.146569 0.050183
-3.095451 -1.976383 0.050530
3.293410 -0.926019 0.046684
2.995780 -1.095547 0.047068
3.095551 -0.934678 0.047254
-3.404519 -0.466046 0.048827
-3.602481 -0.428623 0.046855
-3.692260 -0.223171 0.054217
-3.584258 -0.098453 0.045237
-2.998933 -0.815786 0.050054
-2.998378 -0.491485 0.049605
-3.100802 -0.650551 0.049418
-3.590898 -1.799958 0.050164
-3.296660 -1.634797 0.050105
-3.099133 -1.305593 0.050528
-4.285382 -4.713121 0.049683
-4.276018 -4.368800 0.051887
-4.184892 -4.529084 0.046379
-3.093456 -3.670152 0.049886
-3.092513 -4.009111 0.049658
-2.994820 -3.841481 0.050329
-3.404973 -5.880294 0.047129
-4.195602 -4.876124 0.047709
-4.286728 -5.078384 0.051165
-4.175638 -5.210803 0.044725
-4.279126 -5.510413 0.053736
-4.168036 -5.393565 0.046441
-2.994201 -4.182553 0.050421
-2.985402 -4.530827 0.048162
-3.278920 -4.337890 0.051925
-3.083096 -4.349603 0.047350
-2.828530 -6.035057 0.048428
-3.019503 -5.974009 0.047101
-2.719925 -7.927368 0.043213
-2.775123 -7.740929 0.043924
1.745068 -8.260713 0.040906
1.906714 -8.163012 0.042444
4.001486 -4.311606 0.042479
4.180440 -4.332094 0.051740
4.272094 -5.053786 0.039767
4.171228 -2.353307 0.049635
3.903815 -6.252693 0.047366
3.802625 -6.831214 0.044074
3.841667 -6.640907 0.047190
3.050173 -7.179731 0.044553
4.273353 0.903463 0.041861
4.273025 0.618709 0.041302
4.272137 0.342963 0.039549
4.168654 0.456696 0.048011
3.387825 0.146056 0.042579
3.281859 0.000000 0.045494
3.387825 -0.146056 0.042579
3.584754 0.093217 0.042477
3.584754 -0.093217 0.042477
4.172946 0.176134 0.043665
3.973103 0.093510 0.042354
3.388766 1.723782 0.047472
2.995075 1.732074 0.047234
3.095551 0.934678 0.047254
2.995780 1.095547 0.047068
4.174606 -1.744130 0.049732
4.274165 -1.914591 0.040657
4.171174 -2.048611 0.049685
4.008023 6.610621 0.045880
4.208025 6.412063 0.045114
4.040772 6.428051 0.044059
4.274940 6.259017 0.039367
3.576789 5.994307 0.047867
3.594175 6.179484 0.045286
3.416082 6.270472 0.043477
2.986826 3.998261 0.045918
2.701301 7.942848 0.043057
2.619866 7.636201 0.043502
2.750626 7.762270 0.043443
2.528054 7.999634 0.042877
3.711945 6.496361 0.043160
3.802625 6.831214 0.044074
3.841667 6.640907 0.047190
1.563351 7.139125 0.043212
1.555883 7.320304 0.043903
1.709150 7.410088 0.042789
1.727073 7.049137 0.043667
1.615536 6.771965 0.038745
2.052754 7.043189 0.043790
1.886082 7.136228 0.042931
1.875625 7.316000 0.044205
2.253636 6.621340 0.044136
2.234511 6.784284 0.045058
2.445391 6.567186 0.043341
2.404051 6.887820 0.043094
2.190040 8.162365 0.041820
1.943592 7.969522 0.041684
2.026583 8.260552 0.040303
1.906714 8.163012 0.042444
1.647947 7.971001 0.042040
1.811028 7.874545 0.043367
1.837267 7.685505 0.042447
1.693411 7.593884 0.043965
-1.262625 7.691967 0.042897
-1.425833 7.598206 0.044022
-1.573792 7.688912 0.042500
-0.873781 6.770866 0.035876
-1.112600 7.600234 0.043733
-0.952109 7.693954 0.042992
0.295003 7.146454 0.043269
0.294097 7.329818 0.043428
-0.468851 8.166920 0.043453
1.243930 7.138614 0.043454
1.405038 7.047965 0.043706
1.328972 6.770619 0.036373
1.438619 6.864330 0.045061
0.443833 6.868049 0.044938
0.580838 6.772992 0.039988
0.452950 7.054456 0.043321
0.610607 7.144849 0.043223
1.168874 8.261806 0.041754
1.348733 7.973299 0.042281
1.510067 7.877068 0.043550
1.381969 7.597621 0.043732
1.529293 7.688991 0.042645
4.274220 2.485319 0.040481
-2.995267 2.823742 0.050202
-3.093977 2.992750 0.050179
-3.291482 2.992348 0.050197
-4.277871 3.003740 0.050109
-4.277365 2.328479 0.049627
-4.278756 0.828694 0.043031
-4.278756 1.020489 0.041337
-4.277877 1.337712 0.044152
-3.890605 1.273743 0.050410
-4.180125 1.132571 0.054863
-3.987812 1.091375 0.052413
-4.275279 0.167428 0.049499
-3.692260 0.223171 0.054217
-3.882379 0.183483 0.053537
-3.602481 0.428623 0.046855
-4.177996 2.154516 0.050934
-3.094141 2.653786 0.050277
-2.998321 1.143250 0.050232
-3.403493 1.124723 0.051076
-3.697619 1.278222 0.051927
-3.602701 1.111372 0.049878
-3.304202 0.965059 0.049789
-3.406545 0.791649 0.050664
-3.304958 0.637226 0.049370
-3.100802 0.650551 0.049418
-2.998933 0.815786 0.050054
-3.100745 0.975870 0.050185
-2.997320 1.474550 0.050267
-3.099133 1.305593 0.050528
-3.300849 1.297877 0.050064
-1.767673 8.260496 0.040199
-1.932945 8.162234 0.041909
-2.946338 7.692331 0.044436
-2.993508 7.506980 0.044583
-2.690228 7.425993 0.044806
-2.861641 7.368949 0.044903
-2.264041 7.961860 0.040809
-2.349806 7.577932 0.042966
-3.221740 6.420192 0.048387
-2.747703 7.055262 0.045820
-3.173900 6.599114 0.045991
-3.314932 6.737306 0.047442
-3.099670 6.956971 0.046019
-3.276414 6.917744 0.046124
-3.847368 6.637868 0.047154
3.581828 -2.043182 0.047166
3.971011 -2.040649 0.047160
2.995075 -1.732074 0.047234
3.386844 -2.046150 0.047550
3.289754 -1.886867 0.047261
2.994693 -2.052586 0.047265
3.093261 -1.890578 0.047387
-3.403493 -1.124723 0.051076
-3.300849 -1.297877 0.050064
-3.398592 -1.462171 0.051112
-2.996292 -1.809385 0.050213
-2.997320 -1.474550 0.050267
-3.097104 -1.639459 0.050633
-2.995382 -2.484920 0.050186
-3.094541 -2.314834 0.050390
-3.386606 -0.153859 0.044863
-3.296647 -0.315999 0.049687
-3.280904 -0.000000 0.047643
-3.089076 -0.000000 0.048012
-2.992792 -0.165972 0.047906
-3.094661 -0.328113 0.047632
-4.277087 -1.662298 0.047538
-3.983458 -4.523419 0.051661
-3.680429 -4.345538 0.051075
-3.877448 -4.357156 0.051157
-3.688001 -3.671624 0.050425
-3.588591 -3.500370 0.049840
-3.291235 -3.667946 0.050308
-3.390564 -3.498795 0.049902
-4.278460 -3.684312 0.050347
-4.278556 -4.026670 0.050617
-4.178065 -4.193367 0.050306
-3.980930 -4.187388 0.049611
-4.180507 -3.852562 0.050016
-3.885137 -4.016145 0.050403
-3.984225 -3.848016 0.050160
-4.292591 -6.215539 0.046562
-3.802817 -6.824041 0.044841
-3.336994 -6.057963 0.047344
-3.145645 -6.105592 0.048486
-3.221740 -6.420192 0.048387
-3.086394 -6.287705 0.046506
-1.625927 -6.773026 0.040100
-2.287705 -6.564556 0.052387
-3.378115 -7.248754 0.045833
-3.099670 -6.956971 0.046019
-3.173900 -6.599114 0.045991
-4.022112 -4.857271 0.043880
-3.732594 -4.743769 0.046199
-3.910458 -4.688602 0.047156
-4.285263 -5.858254 0.050066
-4.187881 -5.711660 0.044580
-4.021080 -6.078188 0.047279
-4.201346 -6.048929 0.044580
-3.360619 -4.486219 0.043004
-3.592144 -4.666184 0.044618
-3.563624 -4.490979 0.047984
-2.483213 -8.175580 0.041270
-2.548094 -7.988083 0.042771
-2.946338 -7.692331 0.044436
-3.205944 -7.282744 0.045270
-3.164762 -7.466966 0.045327
-2.993508 -7.506980 0.044583
-3.067773 -7.138643 0.045718
-2.650881 -7.612622 0.043695
-2.043786 -8.259993 0.039608
-2.313139 -8.258116 0.039446
-2.209919 -8.159855 0.040919
-1.485744 -8.260924 0.040843
-1.932945 -8.162234 0.041909
-1.979309 -7.967339 0.041442
-1.767673 -8.260496 0.040199
-1.649108 -8.163166 0.042668
1.943592 -7.969522 0.041684
1.811028 -7.874545 0.043367
2.619866 -7.636201 0.043502
1.618865 -8.163680 0.042869
1.647947 -7.971001 0.042040
-0.019818 -7.884808 0.043556
-0.008221 -6.773335 0.040648
-0.166317 -6.868126 0.044917
3.896989 -4.150314 0.045913
4.277334 -4.503037 0.039783
3.892811 -4.482259 0.045892
4.165067 -4.931214 0.048837
4.269480 -4.780698 0.041480
4.170306 -4.640369 0.047612
3.964738 -4.640078 0.047118
3.962695 -4.958613 0.044672
3.861540 -4.807806 0.049772
4.272955 -5.317462 0.037571
4.168542 -5.216591 0.046163
4.177561 -5.486924 0.042450
4.274220 -2.485319 0.040481
4.174507 -2.656965 0.049572
3.975799 -2.687761 0.047639
4.174320 -3.039106 0.049781
2.996455 -4.334363 0.049084
3.723345 -4.430183 0.043727
3.589260 -4.511668 0.043353
3.725243 -4.214977 0.043099
3.593120 -4.140968 0.043473
3.401443 -4.406695 0.043660
3.403404 -4.251200 0.043620
3.673168 -3.822958 0.048565
3.562769 -3.965971 0.045459
3.962032 -6.089238 0.043652
4.172078 -5.836586 0.045228
4.267472 -5.992572 0.039792
4.165905 -6.111550 0.046619
3.741344 -6.290718 0.049874
3.594175 -6.179484 0.045286
3.711945 -6.496361 0.043160
3.059488 -5.948791 0.041516
3.238400 -6.036976 0.042420
2.882383 -6.000696 0.043135
1.405038 -7.047965 0.043706
1.438619 -6.864330 0.045061
4.274266 1.189060 0.040646
4.171111 1.057253 0.049525
4.174707 1.361106 0.049591
3.976537 1.390529 0.047463
3.874801 0.896272 0.048638
3.971659 1.064781 0.046609
3.876643 1.226011 0.047900
3.687748 0.217088 0.051431
3.874183 0.217381 0.052489
3.875815 0.561032 0.050116
3.970543 0.413738 0.043505
3.973103 -0.093510 0.042354
4.272137 -0.342963 0.039549
4.172946 -0.176134 0.043665
4.273353 -0.903463 0.041861
3.289754 1.886867 0.047261
2.994693 2.052586 0.047265
3.093261 1.890578 0.047387
2.996279 0.780048 0.046967
3.297015 0.300237 0.047443
3.094487 0.312438 0.045185
2.997926 0.468377 0.047172
3.097697 0.620841 0.046922
3.094003 1.570463 0.047356
2.995435 1.413048 0.047170
3.094707 1.251747 0.047347
3.291200 1.565882 0.047212
4.276949 -1.634520 0.037222
4.276949 -1.468638 0.037096
4.274266 -1.189060 0.040646
4.171111 -1.057253 0.049525
3.971659 -1.064781 0.046609
3.876643 -1.226011 0.047900
4.174707 -1.361106 0.049591
3.976537 -1.390529 0.047463
3.388766 -1.723782 0.047472
3.699408 5.852295 0.049678
4.172078 5.836586 0.045228
4.267472 5.992572 0.039792
4.165905 6.111550 0.046619
3.962032 6.089238 0.043652
3.871797 5.900234 0.052854
3.980276 5.766559 0.040764
4.281114 5.733400 0.035811
3.725243 4.214977 0.043099
2.985798 4.672967 0.045977
3.239478 6.188043 0.043398
2.996455 4.334363 0.049084
3.085745 4.502087 0.049035
3.266040 4.522755 0.045294
3.086773 4.163920 0.048986
3.401443 4.406695 0.043660
2.446242 7.701350 0.043493
2.403755 7.884206 0.042214
2.234694 7.968046 0.041158
2.108114 7.872744 0.042983
2.941787 6.883207 0.045050
2.975314 6.717241 0.044017
2.810432 6.612652 0.044315
2.754690 6.936307 0.043939
2.614398 6.669853 0.042901
2.592183 6.827543 0.044887
3.628971 6.869897 0.045873
3.583087 7.051851 0.044252
3.407227 7.092204 0.044988
3.271302 6.958436 0.044716
2.211187 7.132022 0.044106
2.386196 7.054756 0.045250
2.515115 7.339268 0.044256
2.543677 7.163847 0.043868
-1.246761 7.879245 0.043731
0.281575 8.262912 0.042286
0.433608 8.167305 0.043414
0.595109 7.883449 0.043542
0.439083 7.978021 0.042657
0.287893 7.884657 0.043549
0.290473 7.698421 0.042929
0.601120 7.696804 0.042925
0.447673 7.605139 0.043549
0.136390 7.421904 0.043123
-0.020435 7.698613 0.042945
0.135518 7.606198 0.043522
0.137806 7.055127 0.043260
0.138667 6.868392 0.044866
-0.008221 6.773335 0.040648
-0.315005 8.262746 0.042241
-0.611834 8.262429 0.042082
0.748754 6.866642 0.045001
1.086602 7.048629 0.043516
0.927265 7.141714 0.043279
0.769406 7.052091 0.043494
0.875315 8.262263 0.042033
0.733381 8.166656 0.043366
1.031351 8.165815 0.043300
0.743724 7.976742 0.042605
1.070836 7.600387 0.043620
1.220472 7.692105 0.042830
0.911133 7.694522 0.042915
1.206461 7.879706 0.043560
0.901357 7.881723 0.043537
1.047049 7.975189 0.042488
4.273517 2.200170 0.041622
4.171228 2.353307 0.049635
3.970993 2.363855 0.047170
3.873118 2.202756 0.047381
4.174507 2.656965 0.049572
4.273349 3.492928 0.041349
-3.981697 2.828614 0.050208
-4.277616 2.665373 0.049939
-4.178978 2.832155 0.050334
-4.178473 2.493239 0.050543
-4.278556 4.026670 0.050617
-3.686371 2.994482 0.050283
-3.883563 2.997010 0.050202
-4.022112 4.857271 0.043880
-4.195602 4.876124 0.047709
-4.286728 5.078384 0.051165
-4.175638 5.210803 0.044725
-4.279126 5.510413 0.053736
-4.168036 5.393565 0.046441
-3.902973 5.016509 0.048647
-3.965374 5.167781 0.045101
-3.538785 5.215382 0.047894
-4.178456 1.474675 0.053041
-3.983497 1.451903 0.051312
-3.701915 0.576383 0.052885
-3.894529 0.912770 0.050648
-3.605540 0.768229 0.048760
-3.702405 0.928289 0.052464
-3.980681 2.146954 0.050323
-4.277139 1.993662 0.048979
-4.277087 1.662298 0.047538
-4.177718 1.815359 0.051692
-2.995382 2.484920 0.050186
-2.995667 2.146569 0.050183
-3.094541 2.314834 0.050390
-3.596154 1.455867 0.050051
-3.398592 1.462171 0.051112
-2.043786 8.259993 0.039608
-2.313139 8.258116 0.039446
-2.209919 8.159855 0.040919
-2.775123 7.740929 0.043924
-2.650881 7.612622 0.043695
-2.479730 7.683602 0.043633
-2.719925 7.927368 0.043213
-2.548094 7.988083 0.042771
-2.432142 7.872625 0.042225
-1.882759 7.681736 0.042454
-2.048683 7.581774 0.043763
-2.182449 7.672196 0.042126
-2.144272 7.867102 0.042709
-1.851562 7.872394 0.043294
-1.979309 7.967339 0.041442
-2.382380 7.388329 0.044354
-2.551651 7.307371 0.044272
-2.576043 7.120755 0.045441
-2.422466 7.013714 0.045287
-3.336994 6.057963 0.047344
-3.719650 5.973025 0.047360
-2.429542 6.830960 0.045636
-2.287705 6.564556 0.052387
-2.251776 6.746736 0.046775
-2.499512 6.473626 0.044290
-2.568087 6.292405 0.047991
-2.084943 6.850571 0.043910
-1.768286 7.050605 0.043451
-1.771241 6.866509 0.045449
-1.922407 6.771737 0.040015
-4.292591 6.215539 0.046562
-3.952324 6.263177 0.045142
-4.015129 6.613158 0.043597
-4.226106 6.405325 0.041430
-4.066105 6.423704 0.047165
-3.541943 6.519727 0.047572
-3.721099 6.483910 0.045657
-3.408997 6.376685 0.046462
-3.465000 6.196568 0.047739
-3.775079 6.298673 0.047763
-3.651927 6.154374 0.046319
2.994449 -3.019107 0.047498
-3.885435 -1.626698 0.050427
-3.691078 -1.626183 0.051206
-3.596154 -1.455867 0.050051
-4.278756 -0.828694 0.043031
-4.278756 -1.020489 0.041337
-4.277877 -1.337712 0.044152
-4.178456 -1.474675 0.053041
-3.983497 -1.451903 0.051312
-4.180125 -1.132571 0.054863
-2.995267 -2.823742 0.050202
-3.094141 -2.653786 0.050277
-3.981025 -1.802531 0.050604
-4.177718 -1.815359 0.051692
-4.277139 -1.993662 0.048979
-4.277871 -3.003740 0.050109
-4.179509 -3.171570 0.050204
-3.983427 -3.508126 0.050229
-4.278146 -3.343368 0.050225
-4.180098 -3.511672 0.050096
-3.882922 -2.657005 0.050287
-3.981697 -2.828614 0.050208
-4.277616 -2.665373 0.049939
-4.178978 -2.832155 0.050334
-3.391486 -2.142960 0.050553
-3.292166 -2.313680 0.050183
-3.883563 -2.997010 0.050202
-3.687118 -3.333472 0.050310
-3.884449 -3.336633 0.050127
-3.982482 -3.168382 0.050218
-3.588932 -3.835980 0.049444
-3.687350 -4.008704 0.050556
-3.586123 -4.168329 0.048585
-3.390193 -3.833876 0.049444
-3.387619 -4.165440 0.048250
-3.290106 -4.003712 0.050461
-4.226106 -6.405325 0.041430
-3.541943 -6.519727 0.047572
-3.651927 -6.154374 0.046319
-3.408997 -6.376685 0.046462
-3.465000 -6.196568 0.047739
-3.495717 -6.701426 0.045904
-3.314932 -6.737306 0.047442
-3.276414 -6.917744 0.046124
-3.630323 -6.851780 0.046857
-3.589812 -7.035343 0.045731
-3.416689 -7.065426 0.046036
-1.771241 -6.866509 0.045449
-1.922407 -6.771737 0.040015
-1.333420 -6.772537 0.038879
-1.463038 -6.867309 0.045482
-1.446569 -7.052349 0.043520
-1.285548 -7.142027 0.043385
-1.157905 -6.865149 0.045079
-1.126503 -7.049599 0.043682
-2.251776 -6.746736 0.046775
-2.255841 -7.104928 0.044781
-2.422466 -7.013714 0.045287
-2.429542 -6.830960 0.045636
-2.096085 -7.026009 0.044652
-2.084943 -6.850571 0.043910
-3.965374 -5.167781 0.045101
-3.902973 -5.016509 0.048647
-3.723764 -4.954214 0.044302
-3.911558 -5.932334 0.046914
-3.600703 -5.837550 0.047207
-3.719650 -5.973025 0.047360
-3.994442 -5.756481 0.046564
-0.301870 -6.773045 0.039900
-1.047498 -6.770866 0.036521
-0.873781 -6.770866 0.035876
-0.772258 -6.864546 0.044307
-0.470639 -6.866725 0.044924
-0.591751 -6.771935 0.038222
-3.090825 -5.787230 0.048718
-2.986661 -5.633726 0.051824
-3.284946 -5.741144 0.048006
-3.365784 -5.565253 0.047219
-3.255005 -5.412813 0.051990
-3.070003 -5.435200 0.046007
-2.432142 -7.872625 0.042225
-2.479730 -7.683602 0.043633
-2.144272 -7.867102 0.042709
-2.264041 -7.961860 0.040809
-2.861641 -7.368949 0.044903
-2.690228 -7.425993 0.044806
-2.894724 -7.184834 0.045250
-2.551651 -7.307371 0.044272
-2.747703 -7.055262 0.045820
-2.576043 -7.120755 0.045441
-0.906546 -8.262033 0.041799
-1.359444 -8.164291 0.043204
-1.198256 -8.261620 0.041364
-1.065155 -8.165400 0.043392
-0.172175 -7.978271 0.042698
-1.930594 -7.131271 0.042421
-1.768286 -7.050605 0.043451
-1.606502 -7.142163 0.043453
-1.601159 -7.322846 0.043964
-1.851562 -7.872394 0.043294
-1.686632 -7.969960 0.041854
-0.967161 -7.140168 0.043557
-0.809408 -7.049399 0.043445
2.234694 -7.968046 0.041158
2.108114 -7.872744 0.042983
2.141454 -7.682110 0.042202
2.403755 -7.884206 0.042214
2.446242 -7.701350 0.043493
2.310521 -7.594557 0.042931
1.693411 -7.593884 0.043965
1.837267 -7.685505 0.042447
2.003170 -7.589849 0.043770
2.025790 -7.404140 0.042757
2.658132 -7.457320 0.043930
2.834082 -7.403834 0.044226
2.871427 -7.227611 0.044275
1.529293 -7.688991 0.042645
1.510067 -7.877068 0.043550
1.348733 -7.973299 0.042281
1.168874 -8.261806 0.041754
1.459096 -8.261220 0.041384
1.326844 -8.164772 0.043171
0.579291 -8.262646 0.042206
1.031351 -8.165815 0.043300
0.875315 -8.262263 0.042033
0.733381 -8.166656 0.043366
1.051579 -6.864269 0.044519
0.871590 -6.771904 0.038363
0.433608 -8.167305 0.043414
0.133555 -7.978629 0.042679
0.281575 -8.262912 0.042286
0.132712 -8.167600 0.043446
-0.020435 -7.698613 0.042945
4.279614 -4.213954 0.036278
4.279614 -4.048042 0.036064
4.271829 -3.774807 0.040388
4.174935 -3.944656 0.048636
3.867480 -3.828506 0.048705
3.971264 -3.984214 0.048788
3.985759 -5.580618 0.039783
3.980276 -5.766559 0.040764
3.871797 -5.900234 0.052854
4.276795 -2.929076 0.037143
4.276795 -2.763939 0.036955
3.386953 -3.012455 0.047130
3.678433 -2.204256 0.047512
3.875277 -2.526662 0.047325
3.970993 -2.363855 0.047170
3.873118 -2.202756 0.047381
3.879469 -2.850495 0.047789
3.975701 -3.012089 0.047698
3.875431 -3.175200 0.047359
3.680703 -3.173635 0.047896
3.583726 -3.011108 0.047206
3.682222 -2.851080 0.047473
4.274033 -3.208373 0.040503
3.288130 -3.175126 0.047585
3.092000 -3.179067 0.047278
3.239478 -6.188043 0.043398
3.416082 -6.270472 0.043477
3.106819 -5.784324 0.043285
3.669065 -4.829352 0.049117
3.558398 -4.687684 0.045639
1.154977 -6.770619 0.035946
1.328972 -6.770619 0.036373
1.615536 -6.771965 0.038745
2.341127 -7.411356 0.043937
2.194680 -7.313200 0.043607
2.211187 -7.132022 0.044106
2.515115 -7.339268 0.044256
3.880407 1.552831 0.048040
3.683830 1.555213 0.047625
3.585160 1.719233 0.047395
3.681132 1.879350 0.047685
3.683075 1.229396 0.048144
3.586391 1.396295 0.047277
3.390155 1.402415 0.047582
3.292230 1.245694 0.047022
4.277317 0.082624 0.036880
4.277317 -0.082624 0.036880
3.687748 -0.217088 0.051431
3.874183 -0.217381 0.052489
4.168654 -0.456696 0.048011
4.273025 -0.618709 0.041302
4.169870 -0.754118 0.049219
3.970543 -0.413738 0.043505
3.400432 0.444975 0.046784
3.685943 0.562252 0.049789
3.594237 0.414665 0.043883
3.297676 0.609639 0.046315
3.683830 -1.555213 0.047625
3.875630 -1.878317 0.047385
3.681132 -1.879350 0.047685
3.585160 -1.719233 0.047395
3.880407 -1.552831 0.048040
3.976234 -1.715818 0.047663
3.291200 -1.565882 0.047212
3.094707 -1.251747 0.047347
2.995435 -1.413048 0.047170
3.094003 -1.570463 0.047356
3.586391 -1.396295 0.047277
3.585770 -1.070658 0.046726
3.683075 -1.229396 0.048144
3.391161 -1.080836 0.047810
3.292230 -1.245694 0.047022
3.390155 -1.402415 0.047582
2.994986 5.333727 0.049133
3.095007 5.482747 0.045255
4.281114 5.569678 0.034470
3.896989 4.150314 0.045913
4.277334 4.503037 0.039783
4.001486 4.311606 0.042479
4.180440 4.332094 0.051740
4.170306 4.640369 0.047612
3.359924 4.697754 0.042393
3.238400 6.036976 0.042420
3.318728 5.772350 0.041759
3.397618 5.934228 0.041810
3.028929 6.401662 0.044049
3.044150 6.255711 0.040571
2.830933 6.459915 0.042131
2.865967 6.156550 0.042449
2.677766 6.201286 0.043104
2.657954 6.358700 0.043071
3.269029 4.138225 0.045617
3.403404 4.251200 0.043620
3.363424 3.962213 0.042332
3.562769 3.965971 0.045459
3.593120 4.140968 0.043473
3.288865 2.853801 0.047501
3.084009 3.828297 0.045756
2.993691 3.667752 0.047614
3.278352 3.817944 0.048946
2.003170 7.589849 0.043770
2.141454 7.682110 0.042202
2.025790 7.404140 0.042757
2.310521 7.594557 0.042931
2.341127 7.411356 0.043937
2.194680 7.313200 0.043607
3.315293 6.782980 0.045318
3.200513 6.500432 0.043424
3.167399 6.663274 0.045492
3.497101 6.734794 0.044522
3.392338 6.436910 0.045618
3.541032 6.551565 0.047108
-1.198256 8.261620 0.041364
-1.649108 8.163166 0.042668
-1.387565 7.972699 0.042161
-1.485744 8.260924 0.040843
-1.359444 8.164291 0.043204
-1.686632 7.969960 0.041854
-1.551389 7.876127 0.043819
-0.940913 7.881058 0.043648
-1.085540 7.974616 0.042467
-0.781964 7.976017 0.042615
-1.065155 8.165400 0.043392
-0.906546 8.262033 0.041799
-0.767982 8.166208 0.043449
-1.120130 7.415468 0.043316
-0.964942 7.324233 0.043546
-1.281395 7.323833 0.043813
-1.285548 7.142027 0.043385
-1.126503 7.049599 0.043682
-0.967161 7.140168 0.043557
-0.176705 7.605548 0.043550
-0.301870 6.773045 0.039900
-0.166317 6.868126 0.044917
-0.016888 8.262941 0.042300
0.132712 8.167600 0.043446
-0.168401 8.167433 0.043452
0.133555 7.978629 0.042679
-0.019818 7.884808 0.043556
-0.172175 7.978271 0.042698
0.871590 6.771904 0.038363
1.154977 6.770619 0.035946
1.051579 6.864269 0.044519
3.682222 2.851080 0.047473
3.875277 2.526662 0.047325
3.975799 2.687761 0.047639
3.879469 2.850495 0.047789
3.387020 2.691647 0.047270
3.583604 2.690273 0.047364
3.680328 2.528589 0.047603
3.971264 3.984214 0.048788
4.174935 3.944656 0.048636
4.271829 3.774807 0.040388
4.168670 3.647065 0.049989
-4.180507 3.852562 0.050016
-4.285382 4.713121 0.049683
-4.178065 4.193367 0.050306
-4.276018 4.368800 0.051887
-4.184892 4.529084 0.046379
-3.390362 3.161473 0.050110
-3.587960 3.162693 0.050044
-3.687118 3.333472 0.050310
-3.278920 4.337890 0.051925
-3.387619 4.165440 0.048250
-2.994201 4.182553 0.050421
-3.083096 4.349603 0.047350
-3.360619 4.486219 0.043004
-4.285263 5.858254 0.050066
-4.187881 5.711660 0.044580
-3.994442 5.756481 0.046564
-4.201346 6.048929 0.044580
-3.911558 5.932334 0.046914
-4.021080 6.078188 0.047279
-3.848159 5.317337 0.047382
-3.878692 5.619991 0.048625
-3.961041 5.458322 0.043424
-3.650918 5.345859 0.048701
-4.179944 0.694945 0.054103
-3.988030 0.726245 0.051458
-3.892280 0.549917 0.051382
-3.982965 0.362469 0.050637
-4.277696 0.502562 0.047244
-4.176467 0.346414 0.054221
-3.882638 2.316090 0.050375
-3.981060 2.488412 0.050227
-3.882922 2.657005 0.050287
-3.588346 2.142555 0.050228
-3.391486 2.142960 0.050553
-3.686073 2.313750 0.050438
-3.292166 2.313680 0.050183
-3.293645 1.973928 0.050150
-3.394042 1.802268 0.050837
-3.296660 1.634797 0.050105
-3.097104 1.639459 0.050633
-2.996292 1.809385 0.050213
-3.095451 1.976383 0.050530
-3.590898 1.799958 0.050164
-3.687361 1.971213 0.050696
-3.885435 1.626698 0.050427
-3.691078 1.626183 0.051206
-3.981025 1.802531 0.050604
-3.883131 1.973272 0.050444
-3.404973 5.880294 0.047129
-3.600703 5.837550 0.047207
-3.676862 5.660368 0.047101
-3.561970 5.527221 0.046195
-3.145645 6.105592 0.048486
-3.019503 5.974009 0.047101
-3.086394 6.287705 0.046506
-2.828530 6.035057 0.048428
-2.893677 6.343574 0.049144
-2.761954 6.222509 0.046175
-3.090825 5.787230 0.048718
-3.284946 5.741144 0.048006
-3.365784 5.565253 0.047219
-2.986661 5.633726 0.051824
-3.261921 4.670032 0.047462
-2.605341 6.757498 0.047288
-2.639381 6.582344 0.049875
-2.769925 6.874760 0.045647
-2.839679 6.522188 0.045429
-2.984557 6.645241 0.048386
-2.948843 6.822660 0.046505
-1.930594 7.131271 0.042421
-1.924011 7.309371 0.044855
-2.073807 7.392107 0.042875
-2.240146 7.292926 0.043648
-2.255841 7.104928 0.044781
-2.096085 7.026009 0.044652
-3.987812 -1.091375 0.052413
-3.702405 -0.928289 0.052464
-3.894529 -0.912770 0.050648
-3.890605 -1.273743 0.050410
-3.602701 -1.111372 0.049878
-3.697619 -1.278222 0.051927
-3.093977 -2.992750 0.050179
-2.995218 -3.162727 0.050232
-3.093854 -3.331531 0.050067
-3.291494 -3.330678 0.050217
-3.686371 -2.994482 0.050283
-3.587960 -3.162693 0.050044
-3.390362 -3.161473 0.050110
-3.291482 -2.992348 0.050197
-4.177996 -2.154516 0.050934
-3.981060 -2.488412 0.050227
-4.277365 -2.328479 0.049627
-4.178473 -2.493239 0.050543
-4.015129 -6.613158 0.043597
-3.847368 -6.637868 0.047154
-4.066105 -6.423704 0.047165
-3.721099 -6.483910 0.045657
-3.952324 -6.263177 0.045142
-3.775079 -6.298673 0.047763
-2.605341 -6.757498 0.047288
-2.769925 -6.874760 0.045647
-2.948843 -6.822660 0.046505
-2.984557 -6.645241 0.048386
-3.578128 -5.033991 0.044985
-3.538785 -5.215382 0.047894
-3.339059 -5.244304 0.043403
-3.848159 -5.317337 0.047382
-3.961041 -5.458322 0.043424
-3.878692 -5.619991 0.048625
-3.650918 -5.345859 0.048701
-3.561970 -5.527221 0.046195
-3.676862 -5.660368 0.047101
-2.979850 -5.260906 0.048076
-2.182449 -7.672196 0.042126
-2.349806 -7.577932 0.042966
-2.240146 -7.292926 0.043648
-2.382380 -7.388329 0.044354
-1.387565 -7.972699 0.042161
-1.551389 -7.876127 0.043819
-1.573792 -7.688912 0.042500
-0.327383 -7.883944 0.043562
1.875625 -7.316000 0.044205
1.563351 -7.139125 0.043212
1.555883 -7.320304 0.043903
1.709150 -7.410088 0.042789
1.381969 -7.597621 0.043732
1.392821 -7.412730 0.043125
1.206461 -7.879706 0.043560
1.047049 -7.975189 0.042488
1.070836 -7.600387 0.043620
1.220472 -7.692105 0.042830
1.243930 -7.138614 0.043454
1.086602 -7.048629 0.043516
1.239180 -7.322200 0.043599
1.078693 -7.415373 0.043170
-0.016888 -8.262941 0.042300
-0.315005 -8.262746 0.042241
-0.168401 -8.167433 0.043452
0.136390 -7.421904 0.043123
0.294097 -7.329818 0.043428
0.450425 -7.420831 0.043103
0.135518 -7.606198 0.043522
3.691336 -5.502435 0.051201
3.880918 -5.468054 0.050281
3.869487 -5.138081 0.049955
3.968307 -5.273488 0.042735
3.610146 -5.661711 0.043996
3.408636 -5.641845 0.048920
3.318728 -5.772350 0.041759
3.397618 -5.934228 0.041810
3.576789 -5.994307 0.047867
3.699408 -5.852295 0.049678
3.092491 -2.856511 0.047313
3.288865 -2.853801 0.047501
3.583604 -2.690273 0.047364
3.680328 -2.528589 0.047603
3.581359 -2.367281 0.047174
3.387020 -2.691647 0.047270
4.273349 -3.492928 0.041349
4.170874 -3.343275 0.049828
4.168670 -3.647065 0.049989
3.970891 -3.337120 0.047067
3.872688 -3.500913 0.047820
3.967992 -3.661206 0.046601
2.986826 -3.998261 0.045918
3.086773 -4.163920 0.048986
3.269029 -4.138225 0.045617
3.363424 -3.962213 0.042332
3.385675 -3.332670 0.046942
3.581475 -3.332526 0.046618
3.678000 -3.497885 0.048009
3.578992 -3.652629 0.046019
2.994059 -3.342637 0.047528
2.996529 -5.657573 0.050339
3.295206 -5.478993 0.045882
2.994986 -5.333727 0.049133
3.095007 -5.482747 0.045255
3.359924 -4.697754 0.042393
3.266040 -4.522755 0.045294
3.085745 -4.502087 0.049035
3.089881 -7.004695 0.044807
2.941787 -6.883207 0.045050
2.468445 -6.408771 0.043601
2.386196 -7.054756 0.045250
2.543677 -7.163847 0.043868
2.724039 -7.105675 0.044885
2.754690 -6.936307 0.043939
4.276949 1.468638 0.037096
4.276949 1.634520 0.037222
4.274165 1.914591 0.040657
4.171174 2.048611 0.049685
3.971011 2.040649 0.047160
3.875630 1.878317 0.047385
4.174606 1.744130 0.049732
3.976234 1.715818 0.047663
3.293410 0.926019 0.046684
3.391161 1.080836 0.047810
3.394117 0.760188 0.047743
3.585770 1.070658 0.046726
3.682482 0.898764 0.048656
3.588579 0.743110 0.045861
3.594237 -0.414665 0.043883
3.400432 -0.444975 0.046784
3.394117 -0.760188 0.047743
3.297676 -0.609639 0.046315
3.874801 -0.896272 0.048638
3.970771 -0.739400 0.045624
3.682482 -0.898764 0.048656
3.588579 -0.743110 0.045861
3.875815 -0.561032 0.050116
3.685943 -0.562252 0.049789
3.610146 5.661711 0.043996
3.408636 5.641845 0.048920
3.295206 5.478993 0.045882
4.272955 5.317462 0.037571
4.177561 5.486924 0.042450
3.985759 5.580618 0.039783
4.279614 4.048042 0.036064
4.279614 4.213954 0.036278
4.269480 4.780698 0.041480
3.892811 4.482259 0.045892
3.964738 4.640078 0.047118
3.723345 4.430183 0.043727
3.589260 4.511668 0.043353
3.861540 4.807806 0.049772
3.558398 4.687684 0.045639
3.669065 4.829352 0.049117
3.276813 4.844010 0.048833
3.082982 4.839890 0.045512
2.993692 5.006305 0.048360
3.092170 5.164771 0.046682
2.996529 5.657573 0.050339
3.106819 5.784324 0.043285
2.882383 6.000696 0.043135
3.059488 5.948791 0.041516
3.386953 3.012455 0.047130
3.680703 3.173635 0.047896
3.583726 3.011108 0.047206
3.092491 2.856511 0.047313
-0.331295 7.697417 0.042981
-0.634420 7.882598 0.043586
-0.327383 7.883944 0.043562
-0.477454 7.977282 0.042686
-0.800529 7.601986 0.043616
-0.641789 7.695671 0.043010
-0.488735 7.603827 0.043574
-0.805832 7.417030 0.043274
-0.591751 6.771935 0.038222
-0.470639 6.866725 0.044924
-0.772258 6.864546 0.044307
-0.809408 7.049399 0.043445
-0.491806 7.419139 0.043191
-0.650162 7.326028 0.043541
-0.651519 7.142461 0.043355
-0.493256 7.052399 0.043483
3.288662 2.532147 0.047389
3.092709 2.212133 0.047469
3.386844 2.046150 0.047550
3.581359 2.367281 0.047174
3.288366 2.209407 0.047206
3.386277 2.369465 0.047486
3.581828 2.043182 0.047166
3.678433 2.204256 0.047512
4.276795 2.763939 0.036955
4.276795 2.929076 0.037143
4.274033 3.208373 0.040503
4.170874 3.343275 0.049828
3.875431 3.175200 0.047359
3.970891 3.337120 0.047067
3.975701 3.012089 0.047698
4.174320 3.039106 0.049781
3.872688 3.500913 0.047820
3.967992 3.661206 0.046601
3.673168 3.822958 0.048565
3.867480 3.828506 0.048705
-4.278460 3.684312 0.050347
-3.983427 3.508126 0.050229
-4.179509 3.171570 0.050204
-4.278146 3.343368 0.050225
-4.180098 3.511672 0.050096
-3.982482 3.168382 0.050218
-3.884449 3.336633 0.050127
-3.984225 3.848016 0.050160
-3.885507 3.676219 0.050096
-3.563624 4.490979 0.047984
-3.910458 4.688602 0.047156
-3.983458 4.523419 0.051661
-3.588591 3.500370 0.049840
-3.688001 3.671624 0.050425
-3.588932 3.835980 0.049444
-3.723764 4.954214 0.044302
-3.578128 5.033991 0.044985
-3.732594 4.743769 0.046199
-3.592144 4.666184 0.044618
-3.392184 4.938527 0.044643
-3.397371 4.781165 0.045243
-3.390475 2.483250 0.050366
-3.390240 2.822823 0.050237
-3.291609 2.653269 0.050193
-3.587522 2.483724 0.050215
-3.587533 2.823737 0.050155
-3.685949 2.654657 0.050320
-3.255005 5.412813 0.051990
-3.070003 5.435200 0.046007
-3.339059 5.244304 0.043403
-2.979850 5.260906 0.048076
-3.251183 5.071522 0.047658
-3.076976 5.065736 0.050211
-2.985402 4.530827 0.048162
-3.082528 4.702926 0.050420
-2.993634 4.889648 0.051872
-3.685949 -2.654657 0.050320
-3.587533 -2.823737 0.050155
-3.587522 -2.483724 0.050215
-3.390475 -2.483250 0.050366
-3.291609 -2.653269 0.050193
-3.390240 -2.822823 0.050237
-3.882638 -2.316090 0.050375
-3.980681 -2.146954 0.050323
-3.686073 -2.313750 0.050438
-3.588346 -2.142555 0.050228
-3.687361 -1.971213 0.050696
-3.883131 -1.973272 0.050444
-2.499512 -6.473626 0.044290
-2.639381 -6.582344 0.049875
-2.568087 -6.292405 0.047991
-2.839679 -6.522188 0.045429
-2.761954 -6.222509 0.046175
-2.893677 -6.343574 0.049144
-3.397371 -4.781165 0.045243
-3.392184 -4.938527 0.044643
-3.082528 -4.702926 0.050420
-3.261921 -4.670032 0.047462
-2.993634 -4.889648 0.051872
-3.251183 -5.071522 0.047658
-3.076976 -5.065736 0.050211
-1.924011 -7.309371 0.044855
-2.073807 -7.392107 0.042875
-2.048683 -7.581774 0.043763
-1.756360 -7.409389 0.042598
-1.882759 -7.681736 0.042454
-1.740232 -7.592087 0.044344
-1.085540 -7.974616 0.042467
-1.246761 -7.879245 0.043731
-0.477454 -7.977282 0.042686
-0.767982 -8.166208 0.043449
-0.611834 -8.262429 0.042082
-0.468851 -8.166920 0.043453
-0.176705 -7.605548 0.043550
-0.331295 -7.697417 0.042981
1.886082 -7.136228 0.042931
1.910155 -6.771901 0.039922
1.745678 -6.865612 0.045526
1.727073 -7.049137 0.043667
2.052754 -7.043189 0.043790
2.058223 -6.862387 0.045470
0.759511 -7.602896 0.043580
0.911133 -7.694522 0.042915
0.901357 -7.881723 0.043537
0.743724 -7.976742 0.042605
0.924105 -7.324871 0.043579
0.927265 -7.141714 0.043279
0.764627 -7.418259 0.043126
0.608988 -7.327859 0.043516
0.286746 -6.773311 0.040676
0.138667 -6.868392 0.044866
0.137806 -7.055127 0.043260
0.295003 -7.146454 0.043269
3.586118 -5.333031 0.045970
3.391497 -5.329455 0.048233
3.577613 -5.005321 0.045817
3.676880 -5.163243 0.049209
2.994550 -2.696554 0.047422
3.288366 -2.209407 0.047206
3.386277 -2.369465 0.047486
3.288662 -2.532147 0.047389
3.092709 -2.212133 0.047469
2.994523 -2.374388 0.047325
3.092566 -2.534344 0.047370
3.084009 -3.828297 0.045756
2.993691 -3.667752 0.047614
3.091242 -3.502798 0.047304
3.278352 -3.817944 0.048946
3.383520 -3.651373 0.045950
3.286728 -3.496773 0.047666
2.985798 -4.672967 0.045977
2.975314 -6.717241 0.044017
2.810432 -6.612652 0.044315
3.271302 -6.958436 0.044716
3.628971 -6.869897 0.045873
3.583087 -7.051851 0.044252
3.407227 -7.092204 0.044988
2.677766 -6.201286 0.043104
2.657954 -6.358700 0.043071
2.865967 -6.156550 0.042449
2.830933 -6.459915 0.042131
3.044150 -6.255711 0.040571
3.028929 -6.401662 0.044049
2.234511 -6.784284 0.045058
2.253636 -6.621340 0.044136
2.445391 -6.567186 0.043341
2.404051 -6.887820 0.043094
2.614398 -6.669853 0.042901
2.592183 -6.827543 0.044887
3.577613 5.005321 0.045817
3.391497 5.329455 0.048233
3.288482 5.164254 0.046936
3.383836 5.009907 0.046616
4.168542 5.216591 0.046163
4.272094 5.053786 0.039767
4.165067 4.931214 0.048837
3.962695 4.958613 0.044672
3.691336 5.502435 0.051201
3.880918 5.468054 0.050281
3.586118 5.333031 0.045970
3.676880 5.163243 0.049209
3.869487 5.138081 0.049955
3.968307 5.273488 0.042735
3.288130 3.175126 0.047585
3.091242 3.502798 0.047304
2.994550 2.696554 0.047422
2.994523 2.374388 0.047325
3.092566 2.534344 0.047370
-0.335300 7.328413 0.043509
-0.020497 7.330003 0.043426
-0.177639 7.421232 0.043127
-0.335393 7.145239 0.043247
-0.019987 7.146591 0.043276
-0.177223 7.054647 0.043319
-3.680429 4.345538 0.051075
-3.877448 4.357156 0.051157
-3.980930 4.187388 0.049611
-3.885137 4.016145 0.050403
-3.586123 4.168329 0.048585
-3.687350 4.008704 0.050556
-3.291494 3.330678 0.050217
-3.390564 3.498795 0.049902
-3.093854 3.331531 0.050067
-2.995144 3.501853 0.050282
-1.262625 -7.691967 0.042897
-1.425833 -7.598206 0.044022
-1.437072 -7.414838 0.043127
-1.281395 -7.323833 0.043813
-0.940913 -7.881058 0.043648
-0.781964 -7.976017 0.042615
-0.634420 -7.882598 0.043586
-0.493256 -7.052399 0.043483
-0.651519 -7.142461 0.043355
0.290473 -7.698421 0.042929
0.595109 -7.883449 0.043542
0.447673 -7.605139 0.043549
0.601120 -7.696804 0.042925
0.439083 -7.978021 0.042657
0.287893 -7.884657 0.043549
0.452950 -7.054456 0.043321
0.610607 -7.144849 0.043223
0.580838 -6.772992 0.039988
0.443833 -6.868049 0.044938
0.748754 -6.866642 0.045001
0.769406 -7.052091 0.043494
3.082982 -4.839890 0.045512
3.276813 -4.844010 0.048833
3.092170 -5.164771 0.046682
2.993692 -5.006305 0.048360
3.383836 -5.009907 0.046616
3.288482 -5.164254 0.046936
3.497101 -6.734794 0.044522
3.541032 -6.551565 0.047108
3.392338 -6.436910 0.045618
3.315293 -6.782980 0.045318
3.200513 -6.500432 0.043424
3.167399 -6.663274 0.045492
3.383520 3.651373 0.045950
3.286728 3.496773 0.047666
3.385675 3.332670 0.046942
3.581475 3.332526 0.046618
3.678000 3.497885 0.048009
3.578992 3.652629 0.046019
2.994449 3.019107 0.047498
3.092000 3.179067 0.047278
2.994059 3.342637 0.047528
-3.390193 3.833876 0.049444
-3.291235 3.667946 0.050308
-3.290106 4.003712 0.050461
-3.093456 3.670152 0.049886
-2.994820 3.841481 0.050329
-3.092513 4.009111 0.049658
-0.964942 -7.324233 0.043546
-1.120130 -7.415468 0.043316
-1.112600 -7.600234 0.043733
-0.952109 -7.693954 0.042992
-0.335393 -7.145239 0.043247
-0.177223 -7.054647 0.043319
-0.019987 -7.146591 0.043276
-0.335300 -7.328413 0.043509
-0.020497 -7.330003 0.043426
-0.177639 -7.421232 0.043127
-0.650162 -7.326028 0.043541
-0.805832 -7.417030 0.043274
-0.491806 -7.419139 0.043191
-0.800529 -7.601986 0.043616
-0.488735 -7.603827 0.043574
-0.641789 -7.695671 0.043010
