4.376508 6.393401 0.001612
4.267349 6.502560 0.001612
4.158191 6.611718 0.001612
4.049032 6.720877 0.001612
3.939874 6.830035 0.001612
3.830715 6.939194 0.001612
3.721557 7.048352 0.001612
3.612399 7.157511 0.001612
3.503240 7.266669 0.001612
3.394082 7.375828 0.001612
3.284923 7.484986 0.001612
3.175765 7.594145 0.001612
3.066606 7.703303 0.001612
2.957448 7.812462 0.001612
2.848289 7.921620 0.001612
2.739131 8.030779 0.001612
2.629972 8.139937 0.001612
2.520814 8.249095 0.001612
2.411655 8.358254 0.001612
2.260927 8.358254 0.001612
2.110198 8.358254 0.001612
1.959470 8.358254 0.001612
1.808741 8.358254 0.001612
1.658013 8.358254 0.001612
1.507284 8.358254 0.001612
1.356556 8.358254 0.001612
1.205828 8.358254 0.001612
1.055099 8.358254 0.001612
0.904371 8.358254 0.001612
0.753642 8.358254 0.001612
0.602914 8.358254 0.001612
0.452185 8.358254 0.001612
0.301457 8.358254 0.001612
0.150728 8.358254 0.001612
0.000000 8.358254 0.001612
-0.150728 8.358254 0.001612
-0.301457 8.358254 0.001612
-0.452185 8.358254 0.001612
-0.602914 8.358254 0.001612
-0.753642 8.358254 0.001612
-0.904371 8.358254 0.001612
-1.055099 8.358254 0.001612
-1.205828 8.358254 0.001612
-1.356556 8.358254 0.001612
-1.507284 8.358254 0.001612
-1.658013 8.358254 0.001612
-1.808741 8.358254 0.001612
-1.959470 8.358254 0.001612
-2.110198 8.358254 0.001612
-2.260927 8.358254 0.001612
-2.411655 8.358254 0.001612
-2.520814 8.249095 0.001612
-2.629972 8.139937 0.001612
-2.739131 8.030779 0.001612
-2.848289 7.921620 0.001612
-2.957448 7.812462 0.001612
-3.066606 7.703303 0.001612
-3.175765 7.594145 0.001612
-3.284923 7.484986 0.001612
-3.394082 7.375828 0.001612
-3.503240 7.266669 0.001612
-3.612399 7.157511 0.001612
-3.721557 7.048352 0.001612
-3.830715 6.939194 0.001612
-3.939874 6.830035 0.001612
-4.049032 6.720877 0.001612
-4.158191 6.611718 0.001612
-4.267349 6.502560 0.001612
-4.376508 6.393401 0.001612
-4.376508 6.242968 0.001612
-4.376508 6.092535 0.001612
-4.376508 5.942102 0.001612
-4.376508 5.791669 0.001612
-4.376508 5.641236 0.001612
-4.376508 5.490803 0.001612
-4.376508 5.340370 0.001612
-4.376508 5.189937 0.001612
-4.376508 5.039504 0.001612
-4.376508 4.889071 0.001612
-4.376508 4.738639 0.001612
-4.376508 4.588206 0.001612
-4.376508 4.437773 0.001612
-4.376508 4.287340 0.001612
-4.376508 4.136907 0.001612
-4.376508 3.986474 0.001612
-4.376508 3.836041 0.001612
-4.376508 3.685608 0.001612
-4.376508 3.535175 0.001612
-4.376508 3.384742 0.001612
-4.376508 3.234309 0.001612
-4.376508 3.083876 0.001612
-4.376508 2.933443 0.001612
-4.376508 2.783010 0.001612
-4.376508 2.632577 0.001612
-4.376508 2.482144 0.001612
-4.376508 2.331711 0.001612
-4.376508 2.181278 0.001612
-4.376508 2.030845 0.001612
-4.376508 1.880412 0.001612
-4.376508 1.729979 0.001612
-4.376508 1.579546 0.001612
-4.376508 1.429113 0.001612
-4.376508 1.278680 0.001612
-4.376508 1.128247 0.001612
-4.376508 0.977814 0.001612
-4.376508 0.827381 0.001612
-4.376508 0.676948 0.001612
-4.376508 0.526515 0.001612
-4.376508 0.376082 0.001612
-4.376508 0.225649 0.001612
-4.376508 0.075216 0.001612
-4.376508 -0.075216 0.001612
-4.376508 -0.225649 0.001612
-4.376508 -0.376082 0.001612
-4.376508 -0.526515 0.001612
-4.376508 -0.676948 0.001612
-4.376508 -0.827381 0.001612
-4.376508 -0.977814 0.001612
-4.376508 -1.128247 0.001612
-4.376508 -1.278680 0.001612
-4.376508 -1.429113 0.001612
-4.376508 -1.579546 0.001612
-4.376508 -1.729979 0.001612
-4.376508 -1.880412 0.001612
-4.376508 -2.030845 0.001612
-4.376508 -2.181278 0.001612
-4.376508 -2.331711 0.001612
-4.376508 -2.482144 0.001612
-4.376508 -2.632577 0.001612
-4.376508 -2.783010 0.001612
-4.376508 -2.933443 0.001612
-4.376508 -3.083876 0.001612
-4.376508 -3.234309 0.001612
-4.376508 -3.384742 0.001612
-4.376508 -3.535175 0.001612
-4.376508 -3.685608 0.001612
-4.376508 -3.836041 0.001612
-4.376508 -3.986474 0.001612
-4.376508 -4.136907 0.001612
-4.376508 -4.287340 0.001612
-4.376508 -4.437773 0.001612
-4.376508 -4.588206 0.001612
-4.376508 -4.738639 0.001612
-4.376508 -4.889071 0.001612
-4.376508 -5.039504 0.001612
-4.376508 -5.189937 0.001612
-4.376508 -5.340370 0.001612
-4.376508 -5.490803 0.001612
-4.376508 -5.641236 0.001612
-4.376508 -5.791669 0.001612
-4.376508 -5.942102 0.001612
-4.376508 -6.092535 0.001612
-4.376508 -6.242968 0.001612
-4.376508 -6.393401 0.001612
-4.267349 -6.502560 0.001612
-4.158191 -6.611718 0.001612
-4.049032 -6.720877 0.001612
-3.939874 -6.830035 0.001612
-3.830715 -6.939194 0.001612
-3.721557 -7.048352 0.001612
-3.612399 -7.157511 0.001612
-3.503240 -7.266669 0.001612
-3.394082 -7.375828 0.001612
-3.284923 -7.484986 0.001612
-3.175765 -7.594145 0.001612
-3.066606 -7.703303 0.001612
-2.957448 -7.812462 0.001612
-2.848289 -7.921620 0.001612
-2.739131 -8.030779 0.001612
-2.629972 -8.139937 0.001612
-2.520814 -8.249095 0.001612
-2.411655 -8.358254 0.001612
-2.260927 -8.358254 0.001612
-2.110198 -8.358254 0.001612
-1.959470 -8.358254 0.001612
-1.808741 -8.358254 0.001612
-1.658013 -8.358254 0.001612
-1.507284 -8.358254 0.001612
-1.356556 -8.358254 0.001612
-1.205828 -8.358254 0.001612
-1.055099 -8.358254 0.001612
-0.904371 -8.358254 0.001612
-0.753642 -8.358254 0.001612
-0.602914 -8.358254 0.001612
-0.452185 -8.358254 0.001612
-0.301457 -8.358254 0.001612
-0.150728 -8.358254 0.001612
0.000000 -8.358254 0.001612
0.150728 -8.358254 0.001612
0.301457 -8.358254 0.001612
0.452185 -8.358254 0.001612
0.602914 -8.358254 0.001612
0.753642 -8.358254 0.001612
0.904371 -8.358254 0.001612
1.055099 -8.358254 0.001612
1.205828 -8.358254 0.001612
1.356556 -8.358254 0.001612
1.507284 -8.358254 0.001612
1.658013 -8.358254 0.001612
1.808741 -8.358254 0.001612
1.959470 -8.358254 0.001612
2.110198 -8.358254 0.001612
2.260927 -8.358254 0.001612
2.411655 -8.358254 0.001612
2.520814 -8.249095 0.001612
2.629972 -8.139937 0.001612
2.739131 -8.030779 0.001612
2.848289 -7.921620 0.001612
2.957448 -7.812462 0.001612
3.066606 -7.703303 0.001612
3.175765 -7.594145 0.001612
3.284923 -7.484986 0.001612
3.394082 -7.375828 0.001612
3.503240 -7.266669 0.001612
3.612399 -7.157511 0.001612
3.721557 -7.048352 0.001612
3.830715 -6.939194 0.001612
3.939874 -6.830035 0.001612
4.049032 -6.720877 0.001612
4.158191 -6.611718 0.001612
4.267349 -6.502560 0.001612
4.376508 -6.393401 0.001612
4.376508 -6.242968 0.001612
4.376508 -6.092535 0.001612
4.376508 -5.942102 0.001612
4.376508 -5.791669 0.001612
4.376508 -5.641236 0.001612
4.376508 -5.490803 0.001612
4.376508 -5.340370 0.001612
4.376508 -5.189937 0.001612
4.376508 -5.039504 0.001612
4.376508 -4.889071 0.001612
4.376508 -4.738639 0.001612
4.376508 -4.588206 0.001612
4.376508 -4.437773 0.001612
4.376508 -4.287340 0.001612
4.376508 -4.136907 0.001612
4.376508 -3.986474 0.001612
4.376508 -3.836041 0.001612
4.376508 -3.685608 0.001612
4.376508 -3.535175 0.001612
4.376508 -3.384742 0.001612
4.376508 -3.234309 0.001612
4.376508 -3.083876 0.001612
4.376508 -2.933443 0.001612
4.376508 -2.783010 0.001612
4.376508 -2.632577 0.001612
4.376508 -2.482144 0.001612
4.376508 -2.331711 0.001612
4.376508 -2.181278 0.001612
4.376508 -2.030845 0.001612
4.376508 -1.880412 0.001612
4.376508 -1.729979 0.001612
4.376508 -1.579546 0.001612
4.376508 -1.429113 0.001612
4.376508 -1.278680 0.001612
4.376508 -1.128247 0.001612
4.376508 -0.977814 0.001612
4.376508 -0.827381 0.001612
4.376508 -0.676948 0.001612
4.376508 -0.526515 0.001612
4.376508 -0.376082 0.001612
4.376508 -0.225649 0.001612
4.376508 -0.075216 0.001612
4.376508 0.075216 0.001612
4.376508 0.225649 0.001612
4.376508 0.376082 0.001612
4.376508 0.526515 0.001612
4.376508 0.676948 0.001612
4.376508 0.827381 0.001612
4.376508 0.977814 0.001612
4.376508 1.128247 0.001612
4.376508 1.278680 0.001612
4.376508 1.429113 0.001612
4.376508 1.579546 0.001612
4.376508 1.729979 0.001612
4.376508 1.880412 0.001612
4.376508 2.030845 0.001612
4.376508 2.181278 0.001612
4.376508 2.331711 0.001612
4.376508 2.482144 0.001612
4.376508 2.632577 0.001612
4.376508 2.783010 0.001612
4.376508 2.933443 0.001612
4.376508 3.083876 0.001612
4.376508 3.234309 0.001612
4.376508 3.384742 0.001612
4.376508 3.535175 0.001612
4.376508 3.685608 0.001612
4.376508 3.836041 0.001612
4.376508 3.986474 0.001612
4.376508 4.136907 0.001612
4.376508 4.287340 0.001612
4.376508 4.437773 0.001612
4.376508 4.588206 0.001612
4.376508 4.738639 0.001612
4.376508 4.889071 0.001612
4.376508 5.039504 0.001612
4.376508 5.189937 0.001612
4.376508 5.340370 0.001612
4.376508 5.490803 0.001612
4.376508 5.641236 0.001612
4.376508 5.791669 0.001612
4.376508 5.942102 0.001612
4.376508 6.092535 0.001612
4.376508 6.242968 0.001612
2.896508 5.843107 0.000804
2.777201 5.962414 0.000804
2.657894 6.081720 0.000804
2.538588 6.201027 0.000804
2.419281 6.320334 0.000804
2.299974 6.439640 0.000804
2.180667 6.558947 0.000804
2.061361 6.678254 0.000804
1.908667 6.678254 0.000804
1.755974 6.678254 0.000804
1.603281 6.678254 0.000804
1.450587 6.678254 0.000804
1.297894 6.678254 0.000804
1.145200 6.678254 0.000804
0.992507 6.678254 0.000804
0.839814 6.678254 0.000804
0.687120 6.678254 0.000804
0.534427 6.678254 0.000804
0.381733 6.678254 0.000804
0.229040 6.678254 0.000804
0.076347 6.678254 0.000804
-0.076347 6.678254 0.000804
-0.229040 6.678254 0.000804
-0.381733 6.678254 0.000804
-0.534427 6.678254 0.000804
-0.687120 6.678254 0.000804
-0.839814 6.678254 0.000804
-0.992507 6.678254 0.000804
-1.145200 6.678254 0.000804
-1.297894 6.678254 0.000804
-1.450587 6.678254 0.000804
-1.603281 6.678254 0.000804
-1.755974 6.678254 0.000804
-1.908667 6.678254 0.000804
-2.061361 6.678254 0.000804
-2.180667 6.558947 0.000804
-2.299974 6.439640 0.000804
-2.419281 6.320334 0.000804
-2.538588 6.201027 0.000804
-2.657894 6.081720 0.000804
-2.777201 5.962414 0.000804
-2.896508 5.843107 0.000804
-2.896508 5.691338 0.000804
-2.896508 5.539569 0.000804
-2.896508 5.387800 0.000804
-2.896508 5.236031 0.000804
-2.896508 5.084262 0.000804
-2.896508 4.932493 0.000804
-2.896508 4.780724 0.000804
-2.896508 4.628955 0.000804
-2.896508 4.477186 0.000804
-2.896508 4.325417 0.000804
-2.896508 4.173648 0.000804
-2.896508 4.021879 0.000804
-2.896508 3.870110 0.000804
-2.896508 3.718341 0.000804
-2.896508 3.566572 0.000804
-2.896508 3.414803 0.000804
-2.896508 3.263034 0.000804
-2.896508 3.111265 0.000804
-2.896508 2.959496 0.000804
-2.896508 2.807727 0.000804
-2.896508 2.655958 0.000804
-2.896508 2.504189 0.000804
-2.896508 2.352420 0.000804
-2.896508 2.200651 0.000804
-2.896508 2.048882 0.000804
-2.896508 1.897113 0.000804
-2.896508 1.745344 0.000804
-2.896508 1.593575 0.000804
-2.896508 1.441806 0.000804
-2.896508 1.290037 0.000804
-2.896508 1.138268 0.000804
-2.896508 0.986499 0.000804
-2.896508 0.834730 0.000804
-2.896508 0.682961 0.000804
-2.896508 0.531192 0.000804
-2.896508 0.379423 0.000804
-2.896508 0.227654 0.000804
-2.896508 0.075885 0.000804
-2.896508 -0.075885 0.000804
-2.896508 -0.227654 0.000804
-2.896508 -0.379423 0.000804
-2.896508 -0.531192 0.000804
-2.896508 -0.682961 0.000804
-2.896508 -0.834730 0.000804
-2.896508 -0.986499 0.000804
-2.896508 -1.138268 0.000804
-2.896508 -1.290037 0.000804
-2.896508 -1.441806 0.000804
-2.896508 -1.593575 0.000804
-2.896508 -1.745344 0.000804
-2.896508 -1.897113 0.000804
-2.896508 -2.048882 0.000804
-2.896508 -2.200651 0.000804
-2.896508 -2.352420 0.000804
-2.896508 -2.504189 0.000804
-2.896508 -2.655958 0.000804
-2.896508 -2.807727 0.000804
-2.896508 -2.959496 0.000804
-2.896508 -3.111265 0.000804
-2.896508 -3.263034 0.000804
-2.896508 -3.414803 0.000804
-2.896508 -3.566572 0.000804
-2.896508 -3.718341 0.000804
-2.896508 -3.870110 0.000804
-2.896508 -4.021879 0.000804
-2.896508 -4.173648 0.000804
-2.896508 -4.325417 0.000804
-2.896508 -4.477186 0.000804
-2.896508 -4.628955 0.000804
-2.896508 -4.780724 0.000804
-2.896508 -4.932493 0.000804
-2.896508 -5.084262 0.000804
-2.896508 -5.236031 0.000804
-2.896508 -5.387800 0.000804
-2.896508 -5.539569 0.000804
-2.896508 -5.691338 0.000804
-2.896508 -5.843107 0.000804
-2.777201 -5.962414 0.000804
-2.657894 -6.081720 0.000804
-2.538588 -6.201027 0.000804
-2.419281 -6.320334 0.000804
-2.299974 -6.439640 0.000804
-2.180667 -6.558947 0.000804
-2.061361 -6.678254 0.000804
-1.908667 -6.678254 0.000804
-1.755974 -6.678254 0.000804
-1.603281 -6.678254 0.000804
-1.450587 -6.678254 0.000804
-1.297894 -6.678254 0.000804
-1.145200 -6.678254 0.000804
-0.992507 -6.678254 0.000804
-0.839814 -6.678254 0.000804
-0.687120 -6.678254 0.000804
-0.534427 -6.678254 0.000804
-0.381733 -6.678254 0.000804
-0.229040 -6.678254 0.000804
-0.076347 -6.678254 0.000804
0.076347 -6.678254 0.000804
0.229040 -6.678254 0.000804
0.381733 -6.678254 0.000804
0.534427 -6.678254 0.000804
0.687120 -6.678254 0.000804
0.839814 -6.678254 0.000804
0.992507 -6.678254 0.000804
1.145200 -6.678254 0.000804
1.297894 -6.678254 0.000804
1.450587 -6.678254 0.000804
1.603281 -6.678254 0.000804
1.755974 -6.678254 0.000804
1.908667 -6.678254 0.000804
2.061361 -6.678254 0.000804
2.180667 -6.558947 0.000804
2.299974 -6.439640 0.000804
2.419281 -6.320334 0.000804
2.538588 -6.201027 0.000804
2.657894 -6.081720 0.000804
2.777201 -5.962414 0.000804
2.896508 -5.843107 0.000804
2.896508 -5.691338 0.000804
2.896508 -5.539569 0.000804
2.896508 -5.387800 0.000804
2.896508 -5.236031 0.000804
2.896508 -5.084262 0.000804
2.896508 -4.932493 0.000804
2.896508 -4.780724 0.000804
2.896508 -4.628955 0.000804
2.896508 -4.477186 0.000804
2.896508 -4.325417 0.000804
2.896508 -4.173648 0.000804
2.896508 -4.021879 0.000804
2.896508 -3.870110 0.000804
2.896508 -3.718341 0.000804
2.896508 -3.566572 0.000804
2.896508 -3.414803 0.000804
2.896508 -3.263034 0.000804
2.896508 -3.111265 0.000804
2.896508 -2.959496 0.000804
2.896508 -2.807727 0.000804
2.896508 -2.655958 0.000804
2.896508 -2.504189 0.000804
2.896508 -2.352420 0.000804
2.896508 -2.200651 0.000804
2.896508 -2.048882 0.000804
2.896508 -1.897113 0.000804
2.896508 -1.745344 0.000804
2.896508 -1.593575 0.000804
2.896508 -1.441806 0.000804
2.896508 -1.290037 0.000804
2.896508 -1.138268 0.000804
2.896508 -0.986499 0.000804
2.896508 -0.834730 0.000804
2.896508 -0.682961 0.000804
2.896508 -0.531192 0.000804
2.896508 -0.379423 0.000804
2.896508 -0.227654 0.000804
2.896508 -0.075885 0.000804
2.896508 0.075885 0.000804
2.896508 0.227654 0.000804
2.896508 0.379423 0.000804
2.896508 0.531192 0.000804
2.896508 0.682961 0.000804
2.896508 0.834730 0.000804
2.896508 0.986499 0.000804
2.896508 1.138268 0.000804
2.896508 1.290037 0.000804
2.896508 1.441806 0.000804
2.896508 1.593575 0.000804
2.896508 1.745344 0.000804
2.896508 1.897113 0.000804
2.896508 2.048882 0.000804
2.896508 2.200651 0.000804
2.896508 2.352420 0.000804
2.896508 2.504189 0.000804
2.896508 2.655958 0.000804
2.896508 2.807727 0.000804
2.896508 2.959496 0.000804
2.896508 3.111265 0.000804
2.896508 3.263034 0.000804
2.896508 3.414803 0.000804
2.896508 3.566572 0.000804
2.896508 3.718341 0.000804
2.896508 3.870110 0.000804
2.896508 4.021879 0.000804
2.896508 4.173648 0.000804
2.896508 4.325417 0.000804
2.896508 4.477186 0.000804
2.896508 4.628955 0.000804
2.896508 4.780724 0.000804
2.896508 4.932493 0.000804
2.896508 5.084262 0.000804
2.896508 5.236031 0.000804
2.896508 5.387800 0.000804
2.896508 5.539569 0.000804
2.896508 5.691338 0.000804
