4.265397 5.987846 0.001612
4.156238 6.097004 0.001612
4.047080 6.206163 0.001612
3.937921 6.315321 0.001612
3.828763 6.424480 0.001612
3.719604 6.533638 0.001612
3.610446 6.642797 0.001612
3.501287 6.751955 0.001612
3.392129 6.861114 0.001612
3.282970 6.970272 0.001612
3.173812 7.079430 0.001612
3.064653 7.188589 0.001612
2.955495 7.297747 0.001612
2.846336 7.406906 0.001612
2.737178 7.516064 0.001612
2.628019 7.625223 0.001612
2.518861 7.734381 0.001612
2.409703 7.843540 0.001612
2.300544 7.952698 0.001612
2.147174 7.952698 0.001612
1.993805 7.952698 0.001612
1.840435 7.952698 0.001612
1.687066 7.952698 0.001612
1.533696 7.952698 0.001612
1.380326 7.952698 0.001612
1.226957 7.952698 0.001612
1.073587 7.952698 0.001612
0.920218 7.952698 0.001612
0.766848 7.952698 0.001612
0.613478 7.952698 0.001612
0.460109 7.952698 0.001612
0.306739 7.952698 0.001612
0.153370 7.952698 0.001612
0.000000 7.952698 0.001612
-0.153370 7.952698 0.001612
-0.306739 7.952698 0.001612
-0.460109 7.952698 0.001612
-0.613478 7.952698 0.001612
-0.766848 7.952698 0.001612
-0.920218 7.952698 0.001612
-1.073587 7.952698 0.001612
-1.226957 7.952698 0.001612
-1.380326 7.952698 0.001612
-1.533696 7.952698 0.001612
-1.687066 7.952698 0.001612
-1.840435 7.952698 0.001612
-1.993805 7.952698 0.001612
-2.147174 7.952698 0.001612
-2.300544 7.952698 0.001612
-2.409703 7.843540 0.001612
-2.518861 7.734381 0.001612
-2.628019 7.625223 0.001612
-2.737178 7.516064 0.001612
-2.846336 7.406906 0.001612
-2.955495 7.297747 0.001612
-3.064653 7.188589 0.001612
-3.173812 7.079430 0.001612
-3.282970 6.970272 0.001612
-3.392129 6.861114 0.001612
-3.501287 6.751955 0.001612
-3.610446 6.642797 0.001612
-3.719604 6.533638 0.001612
-3.828763 6.424480 0.001612
-3.937921 6.315321 0.001612
-4.047080 6.206163 0.001612
-4.156238 6.097004 0.001612
-4.265397 5.987846 0.001612
-4.265397 5.836255 0.001612
-4.265397 5.684664 0.001612
-4.265397 5.533073 0.001612
-4.265397 5.381481 0.001612
-4.265397 5.229890 0.001612
-4.265397 5.078299 0.001612
-4.265397 4.926708 0.001612
-4.265397 4.775117 0.001612
-4.265397 4.623526 0.001612
-4.265397 4.471935 0.001612
-4.265397 4.320344 0.001612
-4.265397 4.168753 0.001612
-4.265397 4.017162 0.001612
-4.265397 3.865571 0.001612
-4.265397 3.713980 0.001612
-4.265397 3.562389 0.001612
-4.265397 3.410798 0.001612
-4.265397 3.259207 0.001612
-4.265397 3.107616 0.001612
-4.265397 2.956025 0.001612
-4.265397 2.804434 0.001612
-4.265397 2.652843 0.001612
-4.265397 2.501252 0.001612
-4.265397 2.349661 0.001612
-4.265397 2.198070 0.001612
-4.265397 2.046479 0.001612
-4.265397 1.894888 0.001612
-4.265397 1.743297 0.001612
-4.265397 1.591706 0.001612
-4.265397 1.440115 0.001612
-4.265397 1.288524 0.001612
-4.265397 1.136933 0.001612
-4.265397 0.985342 0.001612
-4.265397 0.833751 0.001612
-4.265397 0.682160 0.001612
-4.265397 0.530569 0.001612
-4.265397 0.378978 0.001612
-4.265397 0.227387 0.001612
-4.265397 0.075796 0.001612
-4.265397 -0.075796 0.001612
-4.265397 -0.227387 0.001612
-4.265397 -0.378978 0.001612
-4.265397 -0.530569 0.001612
-4.265397 -0.682160 0.001612
-4.265397 -0.833751 0.001612
-4.265397 -0.985342 0.001612
-4.265397 -1.136933 0.001612
-4.265397 -1.288524 0.001612
-4.265397 -1.440115 0.001612
-4.265397 -1.591706 0.001612
-4.265397 -1.743297 0.001612
-4.265397 -1.894888 0.001612
-4.265397 -2.046479 0.001612
-4.265397 -2.198070 0.001612
-4.265397 -2.349661 0.001612
-4.265397 -2.501252 0.001612
-4.265397 -2.652843 0.001612
-4.265397 -2.804434 0.001612
-4.265397 -2.956025 0.001612
-4.265397 -3.107616 0.001612
-4.265397 -3.259207 0.001612
-4.265397 -3.410798 0.001612
-4.265397 -3.562389 0.001612
-4.265397 -3.713980 0.001612
-4.265397 -3.865571 0.001612
-4.265397 -4.017162 0.001612
-4.265397 -4.168753 0.001612
-4.265397 -4.320344 0.001612
-4.265397 -4.471935 0.001612
-4.265397 -4.623526 0.001612
-4.265397 -4.775117 0.001612
-4.265397 -4.926708 0.001612
-4.265397 -5.078299 0.001612
-4.265397 -5.229890 0.001612
-4.265397 -5.381481 0.001612
-4.265397 -5.533073 0.001612
-4.265397 -5.684664 0.001612
-4.265397 -5.836255 0.001612
-4.265397 -5.987846 0.001612
-4.156238 -6.097004 0.001612
-4.047080 -6.206163 0.001612
-3.937921 -6.315321 0.001612
-3.828763 -6.424480 0.001612
-3.719604 -6.533638 0.001612
-3.610446 -6.642797 0.001612
-3.501287 -6.751955 0.001612
-3.392129 -6.861114 0.001612
-3.282970 -6.970272 0.001612
-3.173812 -7.079430 0.001612
-3.064653 -7.188589 0.001612
-2.955495 -7.297747 0.001612
-2.846336 -7.406906 0.001612
-2.737178 -7.516064 0.001612
-2.628019 -7.625223 0.001612
-2.518861 -7.734381 0.001612
-2.409703 -7.843540 0.001612
-2.300544 -7.952698 0.001612
-2.147174 -7.952698 0.001612
-1.993805 -7.952698 0.001612
-1.840435 -7.952698 0.001612
-1.687066 -7.952698 0.001612
-1.533696 -7.952698 0.001612
-1.380326 -7.952698 0.001612
-1.226957 -7.952698 0.001612
-1.073587 -7.952698 0.001612
-0.920218 -7.952698 0.001612
-0.766848 -7.952698 0.001612
-0.613478 -7.952698 0.001612
-0.460109 -7.952698 0.001612
-0.306739 -7.952698 0.001612
-0.153370 -7.952698 0.001612
0.000000 -7.952698 0.001612
0.153370 -7.952698 0.001612
0.306739 -7.952698 0.001612
0.460109 -7.952698 0.001612
0.613478 -7.952698 0.001612
0.766848 -7.952698 0.001612
0.920218 -7.952698 0.001612
1.073587 -7.952698 0.001612
1.226957 -7.952698 0.001612
1.380326 -7.952698 0.001612
1.533696 -7.952698 0.001612
1.687066 -7.952698 0.001612
1.840435 -7.952698 0.001612
1.993805 -7.952698 0.001612
2.147174 -7.952698 0.001612
2.300544 -7.952698 0.001612
2.409703 -7.843540 0.001612
2.518861 -7.734381 0.001612
2.628019 -7.625223 0.001612
2.737178 -7.516064 0.001612
2.846336 -7.406906 0.001612
2.955495 -7.297747 0.001612
3.064653 -7.188589 0.001612
3.173812 -7.079430 0.001612
3.282970 -6.970272 0.001612
3.392129 -6.861114 0.001612
3.501287 -6.751955 0.001612
3.610446 -6.642797 0.001612
3.719604 -6.533638 0.001612
3.828763 -6.424480 0.001612
3.937921 -6.315321 0.001612
4.047080 -6.206163 0.001612
4.156238 -6.097004 0.001612
4.265397 -5.987846 0.001612
4.265397 -5.836255 0.001612
4.265397 -5.684664 0.001612
4.265397 -5.533073 0.001612
4.265397 -5.381481 0.001612
4.265397 -5.229890 0.001612
4.265397 -5.078299 0.001612
4.265397 -4.926708 0.001612
4.265397 -4.775117 0.001612
4.265397 -4.623526 0.001612
4.265397 -4.471935 0.001612
4.265397 -4.320344 0.001612
4.265397 -4.168753 0.001612
4.265397 -4.017162 0.001612
4.265397 -3.865571 0.001612
4.265397 -3.713980 0.001612
4.265397 -3.562389 0.001612
4.265397 -3.410798 0.001612
4.265397 -3.259207 0.001612
4.265397 -3.107616 0.001612
4.265397 -2.956025 0.001612
4.265397 -2.804434 0.001612
4.265397 -2.652843 0.001612
4.265397 -2.501252 0.001612
4.265397 -2.349661 0.001612
4.265397 -2.198070 0.001612
4.265397 -2.046479 0.001612
4.265397 -1.894888 0.001612
4.265397 -1.743297 0.001612
4.265397 -1.591706 0.001612
4.265397 -1.440115 0.001612
4.265397 -1.288524 0.001612
4.265397 -1.136933 0.001612
4.265397 -0.985342 0.001612
4.265397 -0.833751 0.001612
4.265397 -0.682160 0.001612
4.265397 -0.530569 0.001612
4.265397 -0.378978 0.001612
4.265397 -0.227387 0.001612
4.265397 -0.075796 0.001612
4.265397 0.075796 0.001612
4.265397 0.227387 0.001612
4.265397 0.378978 0.001612
4.265397 0.530569 0.001612
4.265397 0.682160 0.001612
4.265397 0.833751 0.001612
4.265397 0.985342 0.001612
4.265397 1.136933 0.001612
4.265397 1.288524 0.001612
4.265397 1.440115 0.001612
4.265397 1.591706 0.001612
4.265397 1.743297 0.001612
4.265397 1.894888 0.001612
4.265397 2.046479 0.001612
4.265397 2.198070 0.001612
4.265397 2.349661 0.001612
4.265397 2.501252 0.001612
4.265397 2.652843 0.001612
4.265397 2.804434 0.001612
4.265397 2.956025 0.001612
4.265397 3.107616 0.001612
4.265397 3.259207 0.001612
4.265397 3.410798 0.001612
4.265397 3.562389 0.001612
4.265397 3.713980 0.001612
4.265397 3.865571 0.001612
4.265397 4.017162 0.001612
4.265397 4.168753 0.001612
4.265397 4.320344 0.001612
4.265397 4.471935 0.001612
4.265397 4.623526 0.001612
4.265397 4.775117 0.001612
4.265397 4.926708 0.001612
4.265397 5.078299 0.001612
4.265397 5.229890 0.001612
4.265397 5.381481 0.001612
4.265397 5.533073 0.001612
4.265397 5.684664 0.001612
4.265397 5.836255 0.001612
2.785397 5.437551 0.000804
2.666090 5.556858 0.000804
2.546783 5.676165 0.000804
2.427477 5.795471 0.000804
2.308170 5.914778 0.000804
2.188863 6.034085 0.000804
2.069556 6.153392 0.000804
1.950250 6.272698 0.000804
1.800230 6.272698 0.000804
1.650211 6.272698 0.000804
1.500192 6.272698 0.000804
1.350173 6.272698 0.000804
1.200154 6.272698 0.000804
1.050134 6.272698 0.000804
0.900115 6.272698 0.000804
0.750096 6.272698 0.000804
0.600077 6.272698 0.000804
0.450058 6.272698 0.000804
0.300038 6.272698 0.000804
0.150019 6.272698 0.000804
0.000000 6.272698 0.000804
-0.150019 6.272698 0.000804
-0.300038 6.272698 0.000804
-0.450058 6.272698 0.000804
-0.600077 6.272698 0.000804
-0.750096 6.272698 0.000804
-0.900115 6.272698 0.000804
-1.050134 6.272698 0.000804
-1.200154 6.272698 0.000804
-1.350173 6.272698 0.000804
-1.500192 6.272698 0.000804
-1.650211 6.272698 0.000804
-1.800230 6.272698 0.000804
-1.950250 6.272698 0.000804
-2.069556 6.153392 0.000804
-2.188863 6.034085 0.000804
-2.308170 5.914778 0.000804
-2.427477 5.795471 0.000804
-2.546783 5.676165 0.000804
-2.666090 5.556858 0.000804
-2.785397 5.437551 0.000804
-2.785397 5.286508 0.000804
-2.785397 5.135465 0.000804
-2.785397 4.984422 0.000804
-2.785397 4.833379 0.000804
-2.785397 4.682336 0.000804
-2.785397 4.531293 0.000804
-2.785397 4.380250 0.000804
-2.785397 4.229207 0.000804
-2.785397 4.078163 0.000804
-2.785397 3.927120 0.000804
-2.785397 3.776077 0.000804
-2.785397 3.625034 0.000804
-2.785397 3.473991 0.000804
-2.785397 3.322948 0.000804
-2.785397 3.171905 0.000804
-2.785397 3.020862 0.000804
-2.785397 2.869819 0.000804
-2.785397 2.718776 0.000804
-2.785397 2.567733 0.000804
-2.785397 2.416689 0.000804
-2.785397 2.265646 0.000804
-2.785397 2.114603 0.000804
-2.785397 1.963560 0.000804
-2.785397 1.812517 0.000804
-2.785397 1.661474 0.000804
-2.785397 1.510431 0.000804
-2.785397 1.359388 0.000804
-2.785397 1.208345 0.000804
-2.785397 1.057302 0.000804
-2.785397 0.906259 0.000804
-2.785397 0.755215 0.000804
-2.785397 0.604172 0.000804
-2.785397 0.453129 0.000804
-2.785397 0.302086 0.000804
-2.785397 0.151043 0.000804
-2.785397 -0.000000 0.000804
-2.785397 -0.151043 0.000804
-2.785397 -0.302086 0.000804
-2.785397 -0.453129 0.000804
-2.785397 -0.604172 0.000804
-2.785397 -0.755215 0.000804
-2.785397 -0.906259 0.000804
-2.785397 -1.057302 0.000804
-2.785397 -1.208345 0.000804
-2.785397 -1.359388 0.000804
-2.785397 -1.510431 0.000804
-2.785397 -1.661474 0.000804
-2.785397 -1.812517 0.000804
-2.785397 -1.963560 0.000804
-2.785397 -2.114603 0.000804
-2.785397 -2.265646 0.000804
-2.785397 -2.416689 0.000804
-2.785397 -2.567733 0.000804
-2.785397 -2.718776 0.000804
-2.785397 -2.869819 0.000804
-2.785397 -3.020862 0.000804
-2.785397 -3.171905 0.000804
-2.785397 -3.322948 0.000804
-2.785397 -3.473991 0.000804
-2.785397 -3.625034 0.000804
-2.785397 -3.776077 0.000804
-2.785397 -3.927120 0.000804
-2.785397 -4.078163 0.000804
-2.785397 -4.229207 0.000804
-2.785397 -4.380250 0.000804
-2.785397 -4.531293 0.000804
-2.785397 -4.682336 0.000804
-2.785397 -4.833379 0.000804
-2.785397 -4.984422 0.000804
-2.785397 -5.135465 0.000804
-2.785397 -5.286508 0.000804
-2.785397 -5.437551 0.000804
-2.666090 -5.556858 0.000804
-2.546783 -5.676165 0.000804
-2.427477 -5.795471 0.000804
-2.308170 -5.914778 0.000804
-2.188863 -6.034085 0.000804
-2.069556 -6.153392 0.000804
-1.950250 -6.272698 0.000804
-1.800230 -6.272698 0.000804
-1.650211 -6.272698 0.000804
-1.500192 -6.272698 0.000804
-1.350173 -6.272698 0.000804
-1.200154 -6.272698 0.000804
-1.050134 -6.272698 0.000804
-0.900115 -6.272698 0.000804
-0.750096 -6.272698 0.000804
-0.600077 -6.272698 0.000804
-0.450058 -6.272698 0.000804
-0.300038 -6.272698 0.000804
-0.150019 -6.272698 0.000804
-0.000000 -6.272698 0.000804
0.150019 -6.272698 0.000804
0.300038 -6.272698 0.000804
0.450058 -6.272698 0.000804
0.600077 -6.272698 0.000804
0.750096 -6.272698 0.000804
0.900115 -6.272698 0.000804
1.050134 -6.272698 0.000804
1.200154 -6.272698 0.000804
1.350173 -6.272698 0.000804
1.500192 -6.272698 0.000804
1.650211 -6.272698 0.000804
1.800230 -6.272698 0.000804
1.950250 -6.272698 0.000804
2.069556 -6.153392 0.000804
2.188863 -6.034085 0.000804
2.308170 -5.914778 0.000804
2.427477 -5.795471 0.000804
2.546783 -5.676165 0.000804
2.666090 -5.556858 0.000804
2.785397 -5.437551 0.000804
2.785397 -5.286508 0.000804
2.785397 -5.135465 0.000804
2.785397 -4.984422 0.000804
2.785397 -4.833379 0.000804
2.785397 -4.682336 0.000804
2.785397 -4.531293 0.000804
2.785397 -4.380250 0.000804
2.785397 -4.229207 0.000804
2.785397 -4.078163 0.000804
2.785397 -3.927120 0.000804
2.785397 -3.776077 0.000804
2.785397 -3.625034 0.000804
2.785397 -3.473991 0.000804
2.785397 -3.322948 0.000804
2.785397 -3.171905 0.000804
2.785397 -3.020862 0.000804
2.785397 -2.869819 0.000804
2.785397 -2.718776 0.000804
2.785397 -2.567733 0.000804
2.785397 -2.416689 0.000804
2.785397 -2.265646 0.000804
2.785397 -2.114603 0.000804
2.785397 -1.963560 0.000804
2.785397 -1.812517 0.000804
2.785397 -1.661474 0.000804
2.785397 -1.510431 0.000804
2.785397 -1.359388 0.000804
2.785397 -1.208345 0.000804
2.785397 -1.057302 0.000804
2.785397 -0.906259 0.000804
2.785397 -0.755215 0.000804
2.785397 -0.604172 0.000804
2.785397 -0.453129 0.000804
2.785397 -0.302086 0.000804
2.785397 -0.151043 0.000804
2.785397 0.000000 0.000804
2.785397 0.151043 0.000804
2.785397 0.302086 0.000804
2.785397 0.453129 0.000804
2.785397 0.604172 0.000804
2.785397 0.755215 0.000804
2.785397 0.906259 0.000804
2.785397 1.057302 0.000804
2.785397 1.208345 0.000804
2.785397 1.359388 0.000804
2.785397 1.510431 0.000804
2.785397 1.661474 0.000804
2.785397 1.812517 0.000804
2.785397 1.963560 0.000804
2.785397 2.114603 0.000804
2.785397 2.265646 0.000804
2.785397 2.416689 0.000804
2.785397 2.567733 0.000804
2.785397 2.718776 0.000804
2.785397 2.869819 0.000804
2.785397 3.020862 0.000804
2.785397 3.171905 0.000804
2.785397 3.322948 0.000804
2.785397 3.473991 0.000804
2.785397 3.625034 0.000804
2.785397 3.776077 0.000804
2.785397 3.927120 0.000804
2.785397 4.078163 0.000804
2.785397 4.229207 0.000804
2.785397 4.380250 0.000804
2.785397 4.531293 0.000804
2.785397 4.682336 0.000804
2.785397 4.833379 0.000804
2.785397 4.984422 0.000804
2.785397 5.135465 0.000804
2.785397 5.286508 0.000804
