4.137643 5.936597 0.018690
3.917373 6.156867 0.018690
3.697104 6.377136 0.018690
3.476834 6.597406 0.018690
3.256565 6.817676 0.018690
3.036295 7.037945 0.018690
2.816025 7.258215 0.018690
2.595756 7.478484 0.018690
2.375486 7.698754 0.018690
2.114328 7.808889 0.018123
1.812281 7.808889 0.018123
1.510234 7.808889 0.018123
1.208187 7.808889 0.018123
0.906141 7.808889 0.018123
0.604094 7.808889 0.018123
0.302047 7.808889 0.018123
0.000000 7.808889 0.018123
-0.302047 7.808889 0.018123
-0.604094 7.808889 0.018123
-0.906141 7.808889 0.018123
-1.208187 7.808889 0.018123
-1.510234 7.808889 0.018123
-1.812281 7.808889 0.018123
-2.114328 7.808889 0.018123
-2.375486 7.698754 0.018690
-2.595756 7.478484 0.018690
-2.816025 7.258215 0.018690
-3.036295 7.037945 0.018690
-3.256565 6.817676 0.018690
-3.476834 6.597406 0.018690
-3.697104 6.377136 0.018690
-3.917373 6.156867 0.018690
-4.137643 5.936597 0.018690
-4.247778 5.673135 0.018399
-4.247778 5.366479 0.018399
-4.247778 5.059823 0.018399
-4.247778 4.753167 0.018399
-4.247778 4.446511 0.018399
-4.247778 4.139855 0.018399
-4.247778 3.833199 0.018399
-4.247778 3.526543 0.018399
-4.247778 3.219887 0.018399
-4.247778 2.913231 0.018399
-4.247778 2.606575 0.018399
-4.247778 2.299919 0.018399
-4.247778 1.993263 0.018399
-4.247778 1.686608 0.018399
-4.247778 1.379952 0.018399
-4.247778 1.073296 0.018399
-4.247778 0.766640 0.018399
-4.247778 0.459984 0.018399
-4.247778 0.153328 0.018399
-4.247778 -0.153328 0.018399
-4.247778 -0.459984 0.018399
-4.247778 -0.766640 0.018399
-4.247778 -1.073296 0.018399
-4.247778 -1.379952 0.018399
-4.247778 -1.686608 0.018399
-4.247778 -1.993263 0.018399
-4.247778 -2.299919 0.018399
-4.247778 -2.606575 0.018399
-4.247778 -2.913231 0.018399
-4.247778 -3.219887 0.018399
-4.247778 -3.526543 0.018399
-4.247778 -3.833199 0.018399
-4.247778 -4.139855 0.018399
-4.247778 -4.446511 0.018399
-4.247778 -4.753167 0.018399
-4.247778 -5.059823 0.018399
-4.247778 -5.366479 0.018399
-4.247778 -5.673135 0.018399
-4.137643 -5.936597 0.018690
-3.917373 -6.156867 0.018690
-3.697104 -6.377136 0.018690
-3.476834 -6.597406 0.018690
-3.256565 -6.817676 0.018690
-3.036295 -7.037945 0.018690
-2.816025 -7.258215 0.018690
-2.595756 -7.478484 0.018690
-2.375486 -7.698754 0.018690
-2.114328 -7.808889 0.018123
-1.812281 -7.808889 0.018123
-1.510234 -7.808889 0.018123
-1.208187 -7.808889 0.018123
-0.906141 -7.808889 0.018123
-0.604094 -7.808889 0.018123
-0.302047 -7.808889 0.018123
0.000000 -7.808889 0.018123
0.302047 -7.808889 0.018123
0.604094 -7.808889 0.018123
0.906141 -7.808889 0.018123
1.208187 -7.808889 0.018123
1.510234 -7.808889 0.018123
1.812281 -7.808889 0.018123
2.114328 -7.808889 0.018123
2.375486 -7.698754 0.018690
2.595756 -7.478484 0.018690
2.816025 -7.258215 0.018690
3.036295 -7.037945 0.018690
3.256565 -6.817676 0.018690
3.476834 -6.597406 0.018690
3.697104 -6.377136 0.018690
3.917373 -6.156867 0.018690
4.137643 -5.936597 0.018690
4.247778 -5.673135 0.018399
4.247778 -5.366479 0.018399
4.247778 -5.059823 0.018399
4.247778 -4.753167 0.018399
4.247778 -4.446511 0.018399
4.247778 -4.139855 0.018399
4.247778 -3.833199 0.018399
4.247778 -3.526543 0.018399
4.247778 -3.219887 0.018399
4.247778 -2.913231 0.018399
4.247778 -2.606575 0.018399
4.247778 -2.299919 0.018399
4.247778 -1.993263 0.018399
4.247778 -1.686608 0.018399
4.247778 -1.379952 0.018399
4.247778 -1.073296 0.018399
4.247778 -0.766640 0.018399
4.247778 -0.459984 0.018399
4.247778 -0.153328 0.018399
4.247778 0.153328 0.018399
4.247778 0.459984 0.018399
4.247778 0.766640 0.018399
4.247778 1.073296 0.018399
4.247778 1.379952 0.018399
4.247778 1.686608 0.018399
4.247778 1.993263 0.018399
4.247778 2.299919 0.018399
4.247778 2.606575 0.018399
4.247778 2.913231 0.018399
4.247778 3.219887 0.018399
4.247778 3.526543 0.018399
4.247778 3.833199 0.018399
4.247778 4.139855 0.018399
4.247778 4.446511 0.018399
4.247778 4.753167 0.018399
4.247778 5.059823 0.018399
4.247778 5.366479 0.018399
4.247778 5.673135 0.018399
2.571516 5.387578 0.023124
2.298991 5.660102 0.023124
2.026466 5.932627 0.023124
1.732687 6.068889 0.018902
1.417653 6.068889 0.018902
1.102619 6.068889 0.018902
0.787585 6.068889 0.018902
0.472551 6.068889 0.018902
0.157517 6.068889 0.018902
-0.157517 6.068889 0.018902
-0.472551 6.068889 0.018902
-0.787585 6.068889 0.018902
-1.102619 6.068889 0.018902
-1.417653 6.068889 0.018902
-1.732687 6.068889 0.018902
-2.026466 5.932627 0.023124
-2.298991 5.660102 0.023124
-2.571516 5.387578 0.023124
-2.707778 5.096865 0.018534
-2.707778 4.787964 0.018534
-2.707778 4.479063 0.018534
-2.707778 4.170162 0.018534
-2.707778 3.861261 0.018534
-2.707778 3.552360 0.018534
-2.707778 3.243459 0.018534
-2.707778 2.934559 0.018534
-2.707778 2.625658 0.018534
-2.707778 2.316757 0.018534
-2.707778 2.007856 0.018534
-2.707778 1.698955 0.018534
-2.707778 1.390054 0.018534
-2.707778 1.081153 0.018534
-2.707778 0.772252 0.018534
-2.707778 0.463351 0.018534
-2.707778 0.154450 0.018534
-2.707778 -0.154450 0.018534
-2.707778 -0.463351 0.018534
-2.707778 -0.772252 0.018534
-2.707778 -1.081153 0.018534
-2.707778 -1.390054 0.018534
-2.707778 -1.698955 0.018534
-2.707778 -2.007856 0.018534
-2.707778 -2.316757 0.018534
-2.707778 -2.625658 0.018534
-2.707778 -2.934559 0.018534
-2.707778 -3.243459 0.018534
-2.707778 -3.552360 0.018534
-2.707778 -3.861261 0.018534
-2.707778 -4.170162 0.018534
-2.707778 -4.479063 0.018534
-2.707778 -4.787964 0.018534
-2.707778 -5.096865 0.018534
-2.571516 -5.387578 0.023124
-2.298991 -5.660102 0.023124
-2.026466 -5.932627 0.023124
-1.732687 -6.068889 0.018902
-1.417653 -6.068889 0.018902
-1.102619 -6.068889 0.018902
-0.787585 -6.068889 0.018902
-0.472551 -6.068889 0.018902
-0.157517 -6.068889 0.018902
0.157517 -6.068889 0.018902
0.472551 -6.068889 0.018902
0.787585 -6.068889 0.018902
1.102619 -6.068889 0.018902
1.417653 -6.068889 0.018902
1.732687 -6.068889 0.018902
2.026466 -5.932627 0.023124
2.298991 -5.660102 0.023124
2.571516 -5.387578 0.023124
2.707778 -5.096865 0.018534
2.707778 -4.787964 0.018534
2.707778 -4.479063 0.018534
2.707778 -4.170162 0.018534
2.707778 -3.861261 0.018534
2.707778 -3.552360 0.018534
2.707778 -3.243459 0.018534
2.707778 -2.934559 0.018534
2.707778 -2.625658 0.018534
2.707778 -2.316757 0.018534
2.707778 -2.007856 0.018534
2.707778 -1.698955 0.018534
2.707778 -1.390054 0.018534
2.707778 -1.081153 0.018534
2.707778 -0.772252 0.018534
2.707778 -0.463351 0.018534
2.707778 -0.154450 0.018534
2.707778 0.154450 0.018534
2.707778 0.463351 0.018534
2.707778 0.772252 0.018534
2.707778 1.081153 0.018534
2.707778 1.390054 0.018534
2.707778 1.698955 0.018534
2.707778 2.007856 0.018534
2.707778 2.316757 0.018534
2.707778 2.625658 0.018534
2.707778 2.934559 0.018534
2.707778 3.243459 0.018534
2.707778 3.552360 0.018534
2.707778 3.861261 0.018534
2.707778 4.170162 0.018534
2.707778 4.479063 0.018534
2.707778 4.787964 0.018534
2.707778 5.096865 0.018534
