4.023155 5.314136 0.040772
-2.038268 -7.328265 0.043579
-4.034847 5.284318 0.047330
-2.742951 -1.153578 0.050037
-2.844332 -0.984696 0.050583
3.959665 5.468792 0.045855
3.047199 1.163382 0.042370
2.856065 0.799964 0.049667
-3.121745 -6.328687 0.046706
-2.742926 -3.437481 0.050040
-1.747489 -7.328234 0.044512
-1.912106 -7.225229 0.046714
-1.942802 -7.020597 0.046075
-2.118055 -5.719940 0.051406
-3.766141 5.672638 0.045586
-3.969501 5.469601 0.044065
-3.811249 5.477676 0.047549
-4.023178 1.213672 0.050621
-4.022156 1.550319 0.050568
-3.922794 1.386298 0.050089
-3.630378 -0.181636 0.053662
-2.739158 -0.167383 0.048402
-2.743921 -0.821665 0.050066
3.326219 -6.107053 0.044757
3.133947 -6.162392 0.051133
2.408258 -7.035996 0.043069
2.437986 -6.830887 0.049050
4.017178 0.629170 0.041918
3.917313 -1.482981 0.053287
3.911602 0.468187 0.049983
4.019128 -1.658163 0.041644
3.792684 5.484172 0.050258
1.290448 7.229104 0.049599
-3.603532 5.688668 0.047516
2.748970 0.644567 0.041759
3.150723 1.043137 0.051830
3.340951 0.721300 0.049344
3.059009 0.843205 0.044709
3.153820 0.697862 0.051915
2.749634 0.919413 0.040566
2.741959 1.183696 0.037951
2.849054 1.082900 0.045367
-0.289620 -7.318313 0.048532
-0.146305 -7.205305 0.049348
-1.138848 -7.326838 0.045901
-0.859775 -7.311469 0.049621
-0.999790 -7.207038 0.045310
-0.723316 -7.198808 0.049627
-0.577417 -7.318608 0.048284
-0.435923 -7.205651 0.049285
-0.441717 -6.981051 0.048842
-1.167155 -6.904817 0.043798
-1.020452 -6.972378 0.050476
-1.261239 -6.729829 0.042889
-0.444063 -5.863054 0.049686
-0.296044 -5.974892 0.049765
-0.147596 -5.863108 0.049717
-0.296805 -6.198575 0.049791
-0.740784 -5.862640 0.049551
-0.592801 -5.974425 0.049747
-3.756998 -5.108555 0.048728
-3.693519 -5.296317 0.047246
-3.344437 -6.101693 0.046564
-3.171832 -6.135774 0.048889
-3.026115 -5.427326 0.050570
-2.741370 -4.454844 0.048957
-2.210950 -7.249600 0.045455
-2.113799 -6.935037 0.046725
-2.434660 -7.010536 0.048396
-2.255784 -7.061005 0.047775
-1.611032 -7.231527 0.046547
-1.304179 -7.042770 0.042938
-1.446706 -7.334563 0.043723
-1.296534 -7.230131 0.049832
-1.455835 -6.766446 0.043778
-1.615622 -6.659936 0.049820
-1.471466 -6.949158 0.047367
-1.628146 -7.033484 0.045928
-1.795300 -6.925558 0.048237
-1.798408 -6.734723 0.045777
-2.944666 -6.371504 0.048434
-2.817864 -6.227884 0.047604
-2.173033 -5.524111 0.043857
-2.208582 -6.046023 0.046318
-2.246288 -5.864342 0.049146
-2.568842 -5.939892 0.047357
-2.436676 -5.804198 0.047040
-2.044792 -6.139921 0.044485
-3.733817 0.713193 0.050560
-3.925234 1.047438 0.050653
-3.728351 1.060985 0.050401
-3.633991 0.896605 0.051051
-3.922773 0.000000 0.052159
-3.723134 0.000000 0.052092
-4.022656 0.173352 0.051838
-3.925599 0.349928 0.052558
-4.022656 -0.173352 0.051838
-3.332033 0.098575 0.045141
-2.841456 -0.330376 0.047906
-2.744838 -0.494426 0.050077
-2.846219 -0.654808 0.049809
-3.044776 -0.973766 0.049881
3.761792 -5.675564 0.045563
3.959665 -5.468792 0.045855
3.792684 -5.484172 0.050258
3.556928 -5.899198 0.042784
3.591802 -5.712724 0.048466
3.358480 -5.941962 0.053679
3.133336 -6.318688 0.039188
3.007566 -6.444457 0.038311
2.920546 -5.896609 0.054046
2.946526 -6.074067 0.045835
2.732487 -5.809061 0.041639
2.576375 -5.900460 0.049104
2.591028 -6.822547 0.048022
2.873149 -6.451669 0.043019
2.809475 -6.652275 0.037946
2.645923 -6.640446 0.050977
2.198848 -7.256040 0.042329
2.242956 -7.067230 0.048852
1.863800 -5.908581 0.046571
2.239480 -6.066286 0.050474
1.961661 -5.748974 0.044954
1.523795 -5.946956 0.051675
1.672256 -5.845142 0.043514
1.350680 -5.853083 0.046839
0.000725 -5.974948 0.049862
0.149059 -5.863109 0.049720
0.746206 -6.305394 0.049794
0.746980 -6.526317 0.050104
1.202989 -6.167545 0.048999
1.048350 -6.285556 0.048712
0.895613 -6.189421 0.049990
1.199520 -5.960100 0.049760
1.042235 -5.858286 0.048401
0.892967 -5.969598 0.049318
3.734622 -4.560391 0.044813
3.620844 -3.038458 0.049934
3.429561 -3.043494 0.050310
3.917337 -3.178510 0.053282
3.624643 -3.386860 0.051001
3.718465 -3.208769 0.049779
4.020724 1.370694 0.038037
4.020724 1.203798 0.038430
3.915583 1.087126 0.053446
4.017398 0.917420 0.041874
3.912037 0.773289 0.052732
3.712265 0.759392 0.047342
3.620245 -0.219536 0.052034
3.344590 -0.000000 0.049871
3.434817 -0.181073 0.051255
4.016963 0.350573 0.040303
4.020258 -1.955268 0.041659
3.916847 -1.804538 0.054189
3.445893 -2.331670 0.049496
3.896578 5.144874 0.052044
2.173288 5.512281 0.042866
2.368510 5.467081 0.056085
1.441324 7.334095 0.043977
-3.558996 5.883381 0.046165
-3.481977 5.514012 0.047360
-3.693519 5.296317 0.047246
-3.526857 5.316623 0.048087
-3.147628 0.797141 0.050708
-3.439046 0.922106 0.051041
-3.345858 0.768632 0.049201
-3.134957 0.154633 0.045291
-2.739158 0.167383 0.048402
-2.835776 0.000000 0.048746
-3.027708 0.000000 0.048088
-2.744838 0.494426 0.050077
-2.846219 0.654808 0.049809
-2.841456 0.330376 0.047906
-3.049482 0.641214 0.049573
-3.151968 0.468083 0.049159
-3.045323 0.317627 0.050523
2.855215 0.500000 0.052300
3.057121 0.510054 0.046991
3.153020 0.347943 0.051894
0.149059 5.863109 0.049720
0.746980 6.526317 0.050104
0.742495 5.862581 0.049536
0.746206 6.305394 0.049794
3.339332 0.359614 0.048947
3.434817 0.181073 0.051255
3.620245 0.219536 0.052034
3.430564 0.545163 0.049635
3.616630 0.568730 0.051620
3.710826 0.421644 0.045159
-2.746053 -1.823592 0.050555
-2.846330 -1.660701 0.052648
-2.843228 -1.320869 0.051477
-2.742817 -1.489231 0.050049
-0.001514 -7.318262 0.048600
0.286548 -7.318297 0.048533
0.143351 -7.205289 0.049334
-0.890839 -6.849284 0.050885
-0.593614 -6.866483 0.050888
-0.733719 -6.971282 0.047381
-0.899801 -6.629443 0.050035
-0.148502 -6.310134 0.049952
0.149426 -6.310110 0.049972
0.000579 -6.198291 0.049713
-1.039889 -5.858997 0.048592
-0.890746 -5.970368 0.049314
-0.893204 -6.190726 0.049886
-0.744425 -6.306081 0.049745
-0.746570 -6.527185 0.049923
-0.446006 -6.309818 0.049817
-0.593984 -6.197507 0.049715
-0.447381 -6.533434 0.050005
-0.597504 -6.642227 0.049822
-3.766141 -5.672638 0.045586
-3.969501 -5.469601 0.044065
-3.811249 -5.477676 0.047549
-4.034847 -5.284318 0.047330
-4.027766 -4.931159 0.049343
-3.940073 -5.104632 0.048219
-3.193198 -5.375699 0.048107
-3.233944 -5.173434 0.047792
-3.401707 -5.143349 0.049258
-3.526857 -5.316623 0.048087
-3.099659 -5.783766 0.049609
-2.802856 -5.693142 0.048458
-2.978297 -5.636288 0.046789
-2.747329 -5.889913 0.048189
-2.871523 -6.032864 0.048857
-3.048412 -5.983571 0.046917
-3.558996 -5.883381 0.046165
-3.391719 -5.907831 0.047998
-3.603532 -5.688668 0.047516
-3.270361 -5.742107 0.047225
-3.481977 -5.514012 0.047360
-3.316082 -5.543002 0.048078
-2.673541 -5.559518 0.047501
-2.395670 -5.301196 0.044217
-2.485848 -5.620595 0.048571
-2.350438 -5.484909 0.050609
-2.901965 -5.294289 0.045162
-2.724832 -5.369627 0.048232
-2.617009 -5.074149 0.042074
-2.582371 -5.246990 0.050473
-4.024077 -4.588398 0.050330
-3.929303 -4.757937 0.049323
-3.041933 -4.648458 0.052302
-3.153034 -4.813359 0.051827
-2.746588 -4.788879 0.047882
-2.845419 -4.642210 0.055162
-3.099014 -5.006877 0.050883
-2.934119 -5.076105 0.051979
-2.791624 -4.978602 0.046013
-2.741267 -4.114202 0.049733
-2.840097 -4.291821 0.052723
-3.626741 -3.572501 0.051347
-3.725372 -3.399596 0.050550
-3.923314 -3.400140 0.051209
-3.430709 -3.575817 0.050667
-3.334424 -3.402679 0.051487
-3.139419 -3.412453 0.051838
-4.022803 -3.230788 0.050675
-4.020884 -2.892546 0.051017
-3.921148 -3.059181 0.051555
-2.892988 -6.561707 0.046467
-2.638257 -6.280475 0.048356
-2.343557 -6.181421 0.044444
-2.513429 -6.135434 0.049154
-1.883540 -6.076242 0.052002
-4.025483 0.523467 0.050765
-4.024596 0.871422 0.050633
-3.927539 0.701557 0.051252
-3.440796 0.222189 0.053072
-3.630378 0.181636 0.053662
-3.732961 0.358212 0.050318
-3.639122 0.543386 0.051693
-3.350365 0.428702 0.047099
-3.446109 0.573324 0.052026
-4.025483 -0.523467 0.050765
-3.927539 -0.701557 0.051252
-3.732961 -0.358212 0.050318
-3.925599 -0.349928 0.052558
-3.440796 -0.222189 0.053072
-3.332033 -0.098575 0.045141
-3.134957 -0.154633 0.045291
-3.045323 -0.317627 0.050523
-4.024596 -0.871422 0.050633
-3.728351 -1.060985 0.050401
-3.626445 -1.241703 0.050730
-4.023178 -1.213672 0.050621
-3.925234 -1.047438 0.050653
-3.922794 -1.386298 0.050089
-3.722944 -1.400782 0.050109
-3.043661 -1.664646 0.049340
-3.430140 -1.269183 0.049741
-3.337101 -1.113966 0.050688
-3.141061 -1.137117 0.051476
-3.040894 -1.315338 0.049924
-3.331020 -1.464642 0.051968
-3.137814 -1.487645 0.052667
-3.633991 -0.896605 0.051051
-3.439046 -0.922106 0.051041
-3.639122 -0.543386 0.051693
-3.733817 -0.713193 0.050560
4.023155 -5.314136 0.040772
3.048837 -5.788000 0.044482
3.235464 -5.808914 0.043420
2.674889 -5.615664 0.043991
2.754679 -6.162315 0.046483
2.744087 -6.321448 0.043869
2.572587 -6.076256 0.048351
2.402089 -6.169186 0.044090
2.423245 -6.377733 0.053516
2.583151 -6.443936 0.041951
1.742221 -7.329020 0.044669
2.034554 -7.326201 0.044507
1.904437 -7.223951 0.046983
2.276710 -6.479667 0.050047
2.289528 -6.675462 0.047723
2.085071 -6.157971 0.051875
1.904888 -6.076450 0.050206
2.101146 -6.362805 0.046179
1.942033 -6.449971 0.050627
1.930295 -7.020936 0.045067
1.949434 -6.639086 0.047617
2.104520 -6.934375 0.047024
2.121364 -6.747716 0.048451
1.544389 -6.132221 0.046047
1.733939 -6.198277 0.046856
1.755010 -6.366964 0.048543
1.374744 -6.245794 0.051416
2.417186 -5.785537 0.042981
2.250789 -5.858433 0.050221
2.121026 -5.716515 0.051012
2.173288 -5.512281 0.042866
2.368510 -5.467081 0.056085
2.482645 -5.598419 0.044263
0.595585 -6.197345 0.049757
0.447181 -6.309691 0.049867
0.298069 -6.198541 0.049812
0.297556 -5.974883 0.049792
0.742495 -5.862581 0.049536
0.445602 -5.863044 0.049688
0.594520 -5.974356 0.049800
0.887658 -6.847752 0.050754
1.050639 -6.502888 0.050514
0.898676 -6.627677 0.049727
4.019116 -4.320797 0.040652
4.028538 -4.599977 0.036564
3.925114 -4.495473 0.048285
3.649630 -5.319416 0.049100
3.626218 -4.423208 0.049418
3.428914 -4.107940 0.048009
3.336875 -4.302175 0.050579
3.437767 -4.467205 0.050272
3.153583 -4.300572 0.053386
3.053156 -4.450411 0.044850
3.065083 -4.643111 0.043088
2.988977 -5.042375 0.050140
2.863625 -4.696974 0.044249
3.158411 -1.815581 0.052343
3.352470 -2.155172 0.049394
2.749484 -2.445597 0.042461
2.741680 -2.987366 0.038408
4.018829 -3.004823 0.041801
4.017039 -4.038231 0.042388
3.913616 -4.196797 0.049950
3.711210 -4.234289 0.046888
3.614797 -4.084051 0.050795
3.340332 -3.936924 0.049627
3.434184 -3.750717 0.048952
3.044678 -3.148285 0.041242
3.432572 0.907128 0.049141
3.617820 0.921654 0.051337
3.337155 1.083622 0.050905
3.715776 1.105257 0.049325
4.016963 -0.350573 0.040303
3.722298 0.096754 0.042328
3.722298 -0.096754 0.042328
4.023816 0.084494 0.037537
3.918240 0.181248 0.045589
4.023816 -0.084494 0.037537
3.918240 -0.181248 0.045589
4.020724 -1.370694 0.038037
4.020724 -1.203798 0.038430
3.911602 -0.468187 0.049983
3.710826 -0.421644 0.045159
3.339228 -1.442145 0.050909
3.718598 -1.450445 0.049747
3.150723 -1.043137 0.051830
3.059009 -0.843205 0.044709
2.856065 -0.799964 0.049667
3.920357 -2.130282 0.054011
3.726188 -2.155728 0.049478
3.633844 -2.332491 0.050047
3.440404 -2.686359 0.049135
3.340037 -2.866116 0.050603
3.159903 -2.494607 0.052104
3.351666 -2.507669 0.049549
3.761792 5.675564 0.045563
3.133336 6.318688 0.039188
3.136056 5.497336 0.047054
3.550627 4.811673 0.055072
3.917313 1.482981 0.053287
3.337644 3.223730 0.050785
2.482645 5.598419 0.044263
1.134527 7.326278 0.046066
0.286548 7.318297 0.048533
1.297727 7.040612 0.042879
0.143351 7.205289 0.049334
-2.892988 6.561707 0.046467
-2.655644 6.787631 0.048777
-2.704806 6.604208 0.050680
-3.121745 6.328687 0.046706
-2.944666 6.371504 0.048434
-2.978297 5.636288 0.046789
-3.316082 5.543002 0.048078
-2.802856 5.693142 0.048458
-2.210950 7.249600 0.045455
-1.224403 6.566800 0.053588
-3.026115 5.427326 0.050570
-3.193198 5.375699 0.048107
3.054541 0.169401 0.048712
3.150626 -0.000000 0.051886
2.745967 -0.081815 0.038078
2.748784 0.361413 0.041438
2.745967 0.081815 0.038078
2.852211 0.192926 0.052751
2.085071 6.157971 0.051875
2.121026 5.716515 0.051012
1.961661 5.748974 0.044954
1.464050 6.946175 0.047199
1.448767 6.761399 0.043965
0.856256 7.311168 0.049710
0.995427 7.206176 0.045160
0.596650 6.641858 0.049713
0.594520 5.974356 0.049800
0.297556 5.974883 0.049792
0.445602 5.863044 0.049688
0.595585 6.197345 0.049757
1.350680 5.853083 0.046839
1.391322 6.422031 0.044898
1.374744 6.245794 0.051416
-4.026039 -2.231482 0.049213
-3.631358 -2.217482 0.046013
-3.407818 -2.511340 0.048548
-3.030002 -2.567422 0.045011
-2.838818 -2.616995 0.045382
0.432832 -7.205629 0.049243
0.730620 -6.970734 0.047254
0.149075 -6.533177 0.049858
0.145515 -6.980196 0.048947
-1.045473 -6.288965 0.048790
-1.224403 -6.566800 0.053588
-1.049925 -6.506578 0.050237
-3.650493 -4.938669 0.049293
-3.461864 -4.953157 0.049923
-3.735105 -4.761524 0.049900
-3.348120 -4.789724 0.049897
-4.022554 -4.249925 0.050766
-3.924092 -4.418821 0.050032
-3.133210 -4.461288 0.050780
-3.035423 -4.292016 0.051538
-4.023051 -3.571136 0.050679
-3.331845 -3.752732 0.051301
-3.133121 -4.110180 0.050866
-3.712071 -2.713076 0.050122
-3.605307 -2.536735 0.051620
-3.712959 -2.382733 0.052174
-3.921379 -2.396683 0.048284
-4.017879 -2.560939 0.051602
-3.916224 -2.723330 0.051271
-3.617929 -2.878080 0.052708
-3.722345 -3.054969 0.050223
-3.626059 -3.226032 0.051740
-3.431142 -3.225799 0.050512
-2.655644 -6.787631 0.048777
-2.472600 -6.826914 0.047369
-2.704806 -6.604208 0.050680
-2.576877 -6.466596 0.045546
-1.667019 -5.845170 0.043945
-1.955472 -5.744042 0.042048
-1.852758 -5.904282 0.044215
-1.745778 -6.377748 0.046792
-1.715695 -6.205519 0.046024
-1.585655 -6.486369 0.048237
-1.389032 -6.429849 0.044331
-4.022156 -1.550319 0.050568
-3.622443 -1.578079 0.049568
-3.426824 -1.614458 0.047909
-3.151968 -0.468083 0.049159
-3.345858 -0.768632 0.049201
-3.350365 -0.428702 0.047099
-3.446109 -0.573324 0.052026
-3.049482 -0.641214 0.049573
-3.147628 -0.797141 0.050708
4.028538 -4.773232 0.036725
2.972227 -5.226976 0.045903
2.987043 -5.594067 0.041670
2.801154 -5.509279 0.053794
2.783246 -5.323688 0.047021
3.450986 -5.565451 0.049638
3.293095 -5.618877 0.042993
3.477921 -5.363536 0.048886
3.323124 -5.235460 0.047019
3.139148 -5.315835 0.050542
3.136056 -5.497336 0.047054
1.783526 -6.926576 0.047744
1.785822 -6.731385 0.046636
3.339374 -5.048791 0.050615
3.172148 -4.944564 0.049235
3.385328 -4.660131 0.046945
3.202051 -4.736455 0.062385
3.057762 -4.117173 0.045430
3.152472 -3.947760 0.052440
3.055539 -3.785213 0.045955
2.853192 -3.813233 0.049905
2.748177 -3.973783 0.043136
2.855813 -4.115176 0.050892
2.418864 -5.289821 0.046531
2.611769 -5.229811 0.053059
2.851697 -4.412661 0.047920
2.744061 -4.543912 0.041853
2.750176 -4.260825 0.043733
3.720778 -1.801677 0.049120
3.349014 -1.800750 0.049441
3.630021 -1.977853 0.049635
3.444253 -1.978119 0.049693
3.624344 -1.622766 0.050370
3.438348 -1.621575 0.049355
2.749201 -1.883875 0.041790
2.747555 -3.689810 0.041605
2.852213 -3.519468 0.047480
3.435104 -3.396785 0.048959
3.337644 -3.223730 0.050785
3.147839 -3.263982 0.052182
3.342989 -3.579360 0.049970
3.152204 -3.603020 0.052021
3.054515 -3.460698 0.044137
4.021047 -3.292975 0.038255
4.021047 -3.460606 0.038305
3.719783 -3.555139 0.048812
3.917316 -3.575383 0.053098
3.621440 -3.736420 0.050345
3.713472 -3.898738 0.047544
4.018809 -3.748336 0.041751
3.913308 -3.890411 0.052358
3.153820 -0.697862 0.051915
3.339332 -0.359614 0.048947
2.748970 -0.644567 0.041759
4.017178 -0.629170 0.041918
3.337155 -1.083622 0.050905
3.622203 -1.272411 0.050943
3.428829 -1.265302 0.050163
4.022639 -2.417276 0.037971
4.022639 -2.248359 0.037966
3.919337 -2.535246 0.054303
3.724711 -2.509468 0.049367
3.625498 -2.687337 0.050198
3.716413 -2.862058 0.049661
4.019238 -2.709739 0.041875
3.915528 -2.858682 0.053765
3.061730 -2.642395 0.044595
2.848989 -2.885265 0.045499
3.047329 -2.960680 0.042457
3.153126 -2.835214 0.052465
2.856792 -2.603124 0.048848
2.749848 -2.720529 0.041193
3.556928 5.899198 0.042784
3.591802 5.712724 0.048466
3.450986 5.565451 0.049638
3.293095 5.618877 0.042993
3.534575 4.992224 0.051628
3.690034 5.134773 0.047238
3.477921 5.363536 0.048886
3.649630 5.319416 0.049100
3.139148 5.315835 0.050542
3.323124 5.235460 0.047019
3.339374 5.048791 0.050615
3.385328 4.660131 0.046945
3.995963 5.032509 0.046885
3.711469 4.755930 0.042426
4.028538 4.773232 0.036725
3.901961 4.864267 0.050728
3.435104 3.396785 0.048959
3.437767 4.467205 0.050272
3.718598 1.450445 0.049747
3.428829 1.265302 0.050163
3.622203 1.272411 0.050943
3.624344 1.622766 0.050370
2.741959 1.351420 0.037086
3.160315 2.155506 0.051813
3.061495 1.993283 0.046227
2.856494 2.309202 0.050209
3.159903 2.494607 0.052104
3.061975 2.318942 0.046233
2.987043 5.594067 0.041670
2.801154 5.509279 0.053794
2.674889 5.615664 0.043991
2.732487 5.809061 0.041639
0.898676 6.627677 0.049727
1.050639 6.502888 0.050514
0.887658 6.847752 0.050754
1.255891 6.725177 0.042996
1.221857 6.561115 0.052687
1.162447 6.902136 0.043837
1.016068 6.970525 0.050401
-0.001514 7.318262 0.048600
-0.146305 7.205305 0.049348
-0.289620 7.318313 0.048532
-0.859775 7.311469 0.049621
0.000725 5.974948 0.049862
-1.970752 6.637250 0.049634
-3.344437 6.101693 0.046564
-3.171832 6.135774 0.048889
-3.048412 5.983571 0.046917
-3.391719 5.907831 0.047998
-3.270361 5.742107 0.047225
-3.099659 5.783766 0.049609
-2.673541 5.559518 0.047501
-2.485848 5.620595 0.048571
-2.436676 5.804198 0.047040
-2.434660 7.010536 0.048396
-2.472600 6.826914 0.047369
-2.255784 7.061005 0.047775
-2.113799 6.935037 0.046725
-2.138642 6.742525 0.048762
-2.318567 6.684871 0.049585
-2.038268 7.328265 0.043579
-0.744425 6.306081 0.049745
-1.049925 6.506578 0.050237
-0.893204 6.190726 0.049886
-1.045473 6.288965 0.048790
1.733939 6.198277 0.046856
1.544389 6.132221 0.046047
1.904888 6.076450 0.050206
1.863800 5.908581 0.046571
1.523795 5.946956 0.051675
1.672256 5.845142 0.043514
2.239480 6.066286 0.050474
2.576375 5.900460 0.049104
2.417186 5.785537 0.042981
2.250789 5.858433 0.050221
1.582038 6.477144 0.047000
1.605450 6.652450 0.049948
1.755010 6.366964 0.048543
1.602990 7.231846 0.046111
1.618437 7.032417 0.046194
3.007566 6.444457 0.038311
2.873149 6.451669 0.043019
2.754679 6.162315 0.046483
2.744087 6.321448 0.043869
2.572587 6.076256 0.048351
2.402089 6.169186 0.044090
0.719858 7.198499 0.049550
0.574241 7.318602 0.048287
0.432832 7.205629 0.049243
0.439138 6.980993 0.048806
0.730620 6.970734 0.047254
0.591307 6.866201 0.050858
0.447472 6.533281 0.050085
0.298069 6.198541 0.049812
0.447181 6.309691 0.049867
1.202989 6.167545 0.048999
1.199520 5.960100 0.049760
0.895613 6.189421 0.049990
1.048350 6.285556 0.048712
0.892967 5.969598 0.049318
1.042235 5.858286 0.048401
-2.735054 -2.459393 0.046568
-3.149324 -1.849379 0.055568
-3.440465 -2.154214 0.045706
-3.324578 -2.294070 0.058237
-3.449022 -1.953205 0.045949
-3.339280 -1.822194 0.053556
-2.746303 -2.780170 0.049855
0.574241 -7.318602 0.048287
0.856256 -7.311168 0.049710
0.719858 -7.198499 0.049550
0.439138 -6.980993 0.048806
0.295017 -6.868569 0.050159
0.591307 -6.866201 0.050858
0.298009 -6.645199 0.049969
0.447472 -6.533281 0.050085
0.596650 -6.641858 0.049713
-0.297034 -6.868643 0.050175
-0.298808 -6.645282 0.049992
-0.147924 -6.980235 0.048957
-0.000969 -6.868099 0.050106
-0.149130 -6.533225 0.049838
-0.000402 -6.644450 0.049883
-3.922840 -4.081067 0.050716
-4.022825 -3.911168 0.050729
-3.923336 -3.741359 0.050997
-3.724968 -3.743268 0.050568
-3.432085 -4.610235 0.050900
-3.328276 -4.446700 0.051241
-3.630441 -4.596523 0.049968
-3.724654 -4.423359 0.050561
-3.040179 -3.593984 0.050313
-3.136320 -3.761125 0.051253
-2.842367 -3.602989 0.051367
-2.741980 -3.774346 0.050039
-2.840707 -3.945171 0.051764
-3.037235 -3.940954 0.050888
-3.428061 -3.922821 0.050568
-3.625152 -3.916674 0.051171
-3.723534 -4.084664 0.050512
-3.623811 -4.258060 0.050880
-3.328422 -4.100440 0.051340
-3.425790 -4.267688 0.050495
-3.424920 -2.870825 0.049229
-3.321574 -2.680427 0.054283
-3.136157 -2.702913 0.053823
-3.334420 -3.047481 0.052120
-2.318567 -6.684871 0.049585
-2.138642 -6.742525 0.048762
-2.265190 -6.367842 0.045621
-2.373682 -6.507976 0.051922
-1.970752 -6.637250 0.049634
-2.079258 -6.345291 0.044705
-1.948089 -6.453842 0.051635
-1.198604 -6.171247 0.049105
-1.367683 -6.251908 0.051240
-1.346663 -5.853910 0.047130
-1.195478 -5.961637 0.049532
-1.516330 -5.947810 0.050964
-1.534224 -6.136199 0.046651
-4.028731 -1.887117 0.048507
-3.745969 -2.060612 0.047618
-3.932230 -2.060662 0.049719
-3.928347 -1.719677 0.048112
-3.642607 -1.900343 0.045778
-3.728484 -1.732953 0.051166
3.901961 -4.864267 0.050728
3.690034 -5.134773 0.047238
3.995963 -5.032509 0.046885
3.896578 -5.144874 0.052044
3.534575 -4.992224 0.051628
3.711469 -4.755930 0.042426
3.550627 -4.811673 0.055072
1.618437 -7.032417 0.046194
1.441324 -7.334095 0.043977
1.602990 -7.231846 0.046111
1.221857 -6.561115 0.052687
1.391322 -6.422031 0.044898
1.582038 -6.477144 0.047000
1.605450 -6.652450 0.049948
2.629195 -5.062363 0.041062
2.817421 -4.971639 0.047231
2.762103 -4.810551 0.044931
2.856494 -2.309202 0.050209
2.749549 -2.164166 0.042811
2.856210 -2.011682 0.050171
3.061975 -2.318942 0.046233
3.160315 -2.155506 0.051813
3.061495 -1.993283 0.046227
2.747197 -3.417167 0.039593
2.741680 -3.157195 0.037358
2.846338 -3.242699 0.043362
3.616630 -0.568730 0.051620
3.430564 -0.545163 0.049635
3.340951 -0.721300 0.049344
3.432572 -0.907128 0.049141
3.153020 -0.347943 0.051894
3.057121 -0.510054 0.046991
3.054541 -0.169401 0.048712
2.852211 -0.192926 0.052751
2.748784 -0.361413 0.041438
2.855215 -0.500000 0.052300
4.017398 -0.917420 0.041874
3.912037 -0.773289 0.052732
3.915583 -1.087126 0.053446
3.715776 -1.105257 0.049325
3.712265 -0.759392 0.047342
3.617820 -0.921654 0.051337
2.749634 -0.919413 0.040566
3.047199 -1.163382 0.042370
2.849054 -1.082900 0.045367
2.741959 -1.183696 0.037951
2.741959 -1.351420 0.037086
3.326219 6.107053 0.044757
3.358480 5.941962 0.053679
3.235464 5.808914 0.043420
3.133947 6.162392 0.051133
2.946526 6.074067 0.045835
2.920546 5.896609 0.054046
3.048837 5.788000 0.044482
2.783246 5.323688 0.047021
2.972227 5.226976 0.045903
4.028538 4.599977 0.036564
4.018809 3.748336 0.041751
3.624643 3.386860 0.051001
3.719783 3.555139 0.048812
4.021047 3.460606 0.038305
3.917316 3.575383 0.053098
4.017039 4.038231 0.042388
3.913308 3.890411 0.052358
3.336875 4.302175 0.050579
4.019128 1.658163 0.041644
3.351666 2.507669 0.049549
3.339228 1.442145 0.050909
3.438348 1.621575 0.049355
3.349014 1.800750 0.049441
3.158411 1.815581 0.052343
2.749549 2.164166 0.042811
2.856210 2.011682 0.050171
-0.441717 6.981051 0.048842
-0.723316 7.198808 0.049627
-0.577417 7.318608 0.048284
-0.435923 7.205651 0.049285
0.298009 6.645199 0.049969
0.145515 6.980196 0.048947
0.295017 6.868569 0.050159
-0.890839 6.849284 0.050885
-0.597504 6.642227 0.049822
-0.733719 6.971282 0.047381
-0.593614 6.866483 0.050888
-0.899801 6.629443 0.050035
-0.746570 6.527185 0.049923
-0.593984 6.197507 0.049715
-0.592801 5.974425 0.049747
0.149075 6.533177 0.049858
0.000579 6.198291 0.049713
0.149426 6.310110 0.049972
-2.079258 6.345291 0.044705
-1.948089 6.453842 0.051635
-2.582371 5.246990 0.050473
-2.934119 5.076105 0.051979
-2.901965 5.294289 0.045162
-2.724832 5.369627 0.048232
-2.343557 6.181421 0.044444
-2.576877 6.466596 0.045546
-2.265190 6.367842 0.045621
-2.373682 6.507976 0.051922
-2.747329 5.889913 0.048189
-2.568842 5.939892 0.047357
-2.871523 6.032864 0.048857
-2.513429 6.135434 0.049154
-2.817864 6.227884 0.047604
-2.638257 6.280475 0.048356
-1.261239 6.729829 0.042889
-1.446706 7.334563 0.043723
-1.747489 7.328234 0.044512
-1.611032 7.231527 0.046547
-1.912106 7.225229 0.046714
-1.942802 7.020597 0.046075
-4.023051 3.571136 0.050679
-3.940073 5.104632 0.048219
-3.756998 5.108555 0.048728
-3.650493 4.938669 0.049293
-3.735105 4.761524 0.049900
-3.923336 3.741359 0.050997
-2.845419 4.642210 0.055162
-0.147596 5.863108 0.049717
-0.296044 5.974892 0.049765
-0.444063 5.863054 0.049686
-1.198604 6.171247 0.049105
-1.195478 5.961637 0.049532
2.423245 6.377733 0.053516
2.583151 6.443936 0.041951
1.742221 7.329020 0.044669
2.034554 7.326201 0.044507
1.904437 7.223951 0.046983
2.748177 3.973783 0.043136
2.853192 3.813233 0.049905
2.747555 3.689810 0.041605
-2.845435 -2.304559 0.045436
-3.062374 -2.014985 0.048079
-2.856435 -1.993142 0.052252
-2.752921 -2.145111 0.051656
-3.036620 -2.366843 0.044253
-3.150045 -2.229238 0.059509
-2.844316 -3.265551 0.051006
-2.743929 -3.105143 0.049809
-3.042996 -3.249527 0.049412
-2.847693 -2.934950 0.050260
-3.141279 -3.061435 0.052898
-3.046362 -2.907265 0.046922
1.290448 -7.229104 0.049599
1.134527 -7.326278 0.046066
0.995427 -7.206176 0.045160
1.016068 -6.970525 0.050401
1.255891 -6.725177 0.042996
1.162447 -6.902136 0.043837
1.297727 -7.040612 0.042879
1.464050 -6.946175 0.047199
1.448767 -6.761399 0.043965
3.150323 -1.474873 0.052697
3.045817 -1.352825 0.041800
3.058840 -1.669133 0.044637
2.847673 -1.440066 0.044631
2.854914 -1.719027 0.048505
2.748253 -1.612009 0.039737
2.988977 5.042375 0.050140
3.172148 4.944564 0.049235
3.202051 4.736455 0.062385
3.065083 4.643111 0.043088
2.855813 4.115176 0.050892
3.057762 4.117173 0.045430
3.053156 4.450411 0.044850
3.153583 4.300572 0.053386
2.863625 4.696974 0.044249
4.019116 4.320797 0.040652
3.913616 4.196797 0.049950
3.711210 4.234289 0.046888
3.925114 4.495473 0.048285
3.734622 4.560391 0.044813
3.626218 4.423208 0.049418
3.342989 3.579360 0.049970
3.152204 3.603020 0.052021
3.055539 3.785213 0.045955
3.152472 3.947760 0.052440
3.720778 1.801677 0.049120
3.916847 1.804538 0.054189
3.440404 2.686359 0.049135
3.429561 3.043494 0.050310
3.340037 2.866116 0.050603
3.045817 1.352825 0.041800
3.150323 1.474873 0.052697
3.058840 1.669133 0.044637
2.847673 1.440066 0.044631
2.749201 1.883875 0.041790
2.854914 1.719027 0.048505
2.748253 1.612009 0.039737
2.852213 3.519468 0.047480
3.054515 3.460698 0.044137
3.147839 3.263982 0.052182
3.153126 2.835214 0.052465
3.061730 2.642395 0.044595
-0.000402 6.644450 0.049883
-0.297034 6.868643 0.050175
-0.147924 6.980235 0.048957
-0.000969 6.868099 0.050106
-0.296805 6.198575 0.049791
-0.148502 6.310134 0.049952
-0.446006 6.309818 0.049817
-0.149130 6.533225 0.049838
-0.447381 6.533434 0.050005
-0.298808 6.645282 0.049992
-2.395670 5.301196 0.044217
-2.350438 5.484909 0.050609
-2.173033 5.524111 0.043857
-1.020452 6.972378 0.050476
-1.167155 6.904817 0.043798
-1.304179 7.042770 0.042938
-1.296534 7.230131 0.049832
-1.138848 7.326838 0.045901
-0.999790 7.207038 0.045310
-1.471466 6.949158 0.047367
-1.628146 7.033484 0.045928
-1.455835 6.766446 0.043778
-1.615622 6.659936 0.049820
-1.798408 6.734723 0.045777
-1.795300 6.925558 0.048237
-4.022803 3.230788 0.050675
-3.923314 3.400140 0.051209
-4.027766 4.931159 0.049343
-4.024077 4.588398 0.050330
-3.929303 4.757937 0.049323
-3.099014 5.006877 0.050883
-3.461864 4.953157 0.049923
-3.401707 5.143349 0.049258
-3.233944 5.173434 0.047792
-4.022825 3.911168 0.050729
-3.724968 3.743268 0.050568
-3.626445 1.241703 0.050730
-3.722944 1.400782 0.050109
-4.028731 1.887117 0.048507
-3.928347 1.719677 0.048112
-3.044776 0.973766 0.049881
-2.791624 4.978602 0.046013
-2.746588 4.788879 0.047882
-2.617009 5.074149 0.042074
-1.745778 6.377748 0.046792
-1.585655 6.486369 0.048237
-1.389032 6.429849 0.044331
-1.367683 6.251908 0.051240
2.591028 6.822547 0.048022
2.809475 6.652275 0.037946
2.645923 6.640446 0.050977
2.198848 7.256040 0.042329
2.437986 6.830887 0.049050
2.408258 7.035996 0.043069
2.242956 7.067230 0.048852
2.418864 5.289821 0.046531
2.611769 5.229811 0.053059
2.851697 4.412661 0.047920
2.744061 4.543912 0.041853
2.750176 4.260825 0.043733
4.021047 3.292975 0.038255
3.340332 3.936924 0.049627
3.614797 4.084051 0.050795
3.428914 4.107940 0.048009
3.713472 3.898738 0.047544
3.621440 3.736420 0.050345
3.434184 3.750717 0.048952
4.020258 1.955268 0.041659
4.022639 2.417276 0.037971
4.022639 2.248359 0.037966
3.920357 2.130282 0.054011
2.747197 3.417167 0.039593
2.741680 3.157195 0.037358
2.846338 3.242699 0.043362
3.044678 3.148285 0.041242
3.047329 2.960680 0.042457
2.741680 2.987366 0.038408
2.848989 2.885265 0.045499
-2.735054 2.459393 0.046568
-2.838818 2.616995 0.045382
-3.149324 1.849379 0.055568
-3.921148 3.059181 0.051555
-3.712071 2.713076 0.050122
-3.041933 4.648458 0.052302
-3.153034 4.813359 0.051827
-3.348120 4.789724 0.049897
-3.133210 4.461288 0.050780
-3.630441 4.596523 0.049968
-3.432085 4.610235 0.050900
-3.328276 4.446700 0.051241
-3.337101 1.113966 0.050688
-3.430140 1.269183 0.049741
-3.141061 1.137117 0.051476
-3.331020 1.464642 0.051968
-3.932230 2.060662 0.049719
-4.026039 2.231482 0.049213
-3.921379 2.396683 0.048284
-3.622443 1.578079 0.049568
-3.728484 1.732953 0.051166
-3.426824 1.614458 0.047909
-3.339280 1.822194 0.053556
-3.043661 1.664646 0.049340
-3.137814 1.487645 0.052667
-3.040894 1.315338 0.049924
-2.743921 0.821665 0.050066
-2.844332 0.984696 0.050583
-2.742926 3.437481 0.050040
-2.044792 6.139921 0.044485
-2.208582 6.046023 0.046318
-2.246288 5.864342 0.049146
-2.118055 5.719940 0.051406
-1.955472 5.744042 0.042048
-1.346663 5.853910 0.047130
-1.534224 6.136199 0.046651
-1.516330 5.947810 0.050964
-1.667019 5.845170 0.043945
-1.715695 6.205519 0.046024
-1.883540 6.076242 0.052002
-1.852758 5.904282 0.044215
2.104520 6.934375 0.047024
1.785822 6.731385 0.046636
1.783526 6.926576 0.047744
1.930295 7.020936 0.045067
2.629195 5.062363 0.041062
2.817421 4.971639 0.047231
2.762103 4.810551 0.044931
4.018829 3.004823 0.041801
3.620844 3.038458 0.049934
3.718465 3.208769 0.049779
3.917337 3.178510 0.053282
3.724711 2.509468 0.049367
3.919337 2.535246 0.054303
3.625498 2.687337 0.050198
3.716413 2.862058 0.049661
4.019238 2.709739 0.041875
3.915528 2.858682 0.053765
3.445893 2.331670 0.049496
3.633844 2.332491 0.050047
3.726188 2.155728 0.049478
3.352470 2.155172 0.049394
3.444253 1.978119 0.049693
3.630021 1.977853 0.049635
2.749484 2.445597 0.042461
2.856792 2.603124 0.048848
2.749848 2.720529 0.041193
-3.139419 3.412453 0.051838
-3.030002 2.567422 0.045011
-3.062374 2.014985 0.048079
-2.845435 2.304559 0.045436
-3.036620 2.366843 0.044253
-3.150045 2.229238 0.059509
-2.856435 1.993142 0.052252
-2.752921 2.145111 0.051656
-4.020884 2.892546 0.051017
-4.017879 2.560939 0.051602
-3.916224 2.723330 0.051271
-3.724654 4.423359 0.050561
-3.924092 4.418821 0.050032
-4.022554 4.249925 0.050766
-3.922840 4.081067 0.050716
-3.331845 3.752732 0.051301
-3.745969 2.060612 0.047618
-3.642607 1.900343 0.045778
-3.449022 1.953205 0.045949
-2.746053 1.823592 0.050555
-2.846330 1.660701 0.052648
-2.746303 2.780170 0.049855
-2.741370 4.454844 0.048957
-1.039889 5.858997 0.048592
-0.740784 5.862640 0.049551
-0.890746 5.970368 0.049314
1.949434 6.639086 0.047617
2.101146 6.362805 0.046179
1.942033 6.449971 0.050627
2.276710 6.479667 0.050047
2.289528 6.675462 0.047723
2.121364 6.747716 0.048451
-3.321574 2.680427 0.054283
-3.136157 2.702913 0.053823
-3.334424 3.402679 0.051487
-3.626741 3.572501 0.051347
-3.430709 3.575817 0.050667
-3.725372 3.399596 0.050550
-3.625152 3.916674 0.051171
-3.723534 4.084664 0.050512
-3.428061 3.922821 0.050568
-3.623811 4.258060 0.050880
-3.425790 4.267688 0.050495
-3.328422 4.100440 0.051340
-3.133121 4.110180 0.050866
-2.741267 4.114202 0.049733
-3.035423 4.292016 0.051538
-2.840097 4.291821 0.052723
-3.407818 2.511340 0.048548
-3.605307 2.536735 0.051620
-3.324578 2.294070 0.058237
-3.440465 2.154214 0.045706
-3.712959 2.382733 0.052174
-3.631358 2.217482 0.046013
-2.742817 1.489231 0.050049
-2.843228 1.320869 0.051477
-2.742951 1.153578 0.050037
-2.844316 3.265551 0.051006
-2.743929 3.105143 0.049809
-3.042996 3.249527 0.049412
-2.847693 2.934950 0.050260
-3.046362 2.907265 0.046922
-3.141279 3.061435 0.052898
-3.617929 2.878080 0.052708
-3.424920 2.870825 0.049229
-3.334420 3.047481 0.052120
-3.722345 3.054969 0.050223
-3.626059 3.226032 0.051740
-3.431142 3.225799 0.050512
-2.840707 3.945171 0.051764
-3.037235 3.940954 0.050888
-2.741980 3.774346 0.050039
-2.842367 3.602989 0.051367
-3.040179 3.593984 0.050313
-3.136320 3.761125 0.051253
