4.154286 5.582290 0.001612
4.045127 5.691449 0.001612
3.935969 5.800607 0.001612
3.826810 5.909766 0.001612
3.717652 6.018924 0.001612
3.608493 6.128082 0.001612
3.499335 6.237241 0.001612
3.390176 6.346399 0.001612
3.281018 6.455558 0.001612
3.171859 6.564716 0.001612
3.062701 6.673875 0.001612
2.953542 6.783033 0.001612
2.844384 6.892192 0.001612
2.735225 7.001350 0.001612
2.626067 7.110509 0.001612
2.516908 7.219667 0.001612
2.407750 7.328826 0.001612
2.298591 7.437984 0.001612
2.189433 7.547143 0.001612
2.038438 7.547143 0.001612
1.887442 7.547143 0.001612
1.736447 7.547143 0.001612
1.585451 7.547143 0.001612
1.434456 7.547143 0.001612
1.283461 7.547143 0.001612
1.132465 7.547143 0.001612
0.981470 7.547143 0.001612
0.830475 7.547143 0.001612
0.679479 7.547143 0.001612
0.528484 7.547143 0.001612
0.377488 7.547143 0.001612
0.226493 7.547143 0.001612
0.075498 7.547143 0.001612
-0.075498 7.547143 0.001612
-0.226493 7.547143 0.001612
-0.377488 7.547143 0.001612
-0.528484 7.547143 0.001612
-0.679479 7.547143 0.001612
-0.830475 7.547143 0.001612
-0.981470 7.547143 0.001612
-1.132465 7.547143 0.001612
-1.283461 7.547143 0.001612
-1.434456 7.547143 0.001612
-1.585451 7.547143 0.001612
-1.736447 7.547143 0.001612
-1.887442 7.547143 0.001612
-2.038438 7.547143 0.001612
-2.189433 7.547143 0.001612
-2.298591 7.437984 0.001612
-2.407750 7.328826 0.001612
-2.516908 7.219667 0.001612
-2.626067 7.110509 0.001612
-2.735225 7.001350 0.001612
-2.844384 6.892192 0.001612
-2.953542 6.783033 0.001612
-3.062701 6.673875 0.001612
-3.171859 6.564716 0.001612
-3.281018 6.455558 0.001612
-3.390176 6.346399 0.001612
-3.499335 6.237241 0.001612
-3.608493 6.128082 0.001612
-3.717652 6.018924 0.001612
-3.826810 5.909766 0.001612
-3.935969 5.800607 0.001612
-4.045127 5.691449 0.001612
-4.154286 5.582290 0.001612
-4.154286 5.431417 0.001612
-4.154286 5.280545 0.001612
-4.154286 5.129672 0.001612
-4.154286 4.978799 0.001612
-4.154286 4.827927 0.001612
-4.154286 4.677054 0.001612
-4.154286 4.526181 0.001612
-4.154286 4.375308 0.001612
-4.154286 4.224436 0.001612
-4.154286 4.073563 0.001612
-4.154286 3.922690 0.001612
-4.154286 3.771818 0.001612
-4.154286 3.620945 0.001612
-4.154286 3.470072 0.001612
-4.154286 3.319199 0.001612
-4.154286 3.168327 0.001612
-4.154286 3.017454 0.001612
-4.154286 2.866581 0.001612
-4.154286 2.715709 0.001612
-4.154286 2.564836 0.001612
-4.154286 2.413963 0.001612
-4.154286 2.263091 0.001612
-4.154286 2.112218 0.001612
-4.154286 1.961345 0.001612
-4.154286 1.810472 0.001612
-4.154286 1.659600 0.001612
-4.154286 1.508727 0.001612
-4.154286 1.357854 0.001612
-4.154286 1.206982 0.001612
-4.154286 1.056109 0.001612
-4.154286 0.905236 0.001612
-4.154286 0.754364 0.001612
-4.154286 0.603491 0.001612
-4.154286 0.452618 0.001612
-4.154286 0.301745 0.001612
-4.154286 0.150873 0.001612
-4.154286 0.000000 0.001612
-4.154286 -0.150873 0.001612
-4.154286 -0.301745 0.001612
-4.154286 -0.452618 0.001612
-4.154286 -0.603491 0.001612
-4.154286 -0.754364 0.001612
-4.154286 -0.905236 0.001612
-4.154286 -1.056109 0.001612
-4.154286 -1.206982 0.001612
-4.154286 -1.357854 0.001612
-4.154286 -1.508727 0.001612
-4.154286 -1.659600 0.001612
-4.154286 -1.810472 0.001612
-4.154286 -1.961345 0.001612
-4.154286 -2.112218 0.001612
-4.154286 -2.263091 0.001612
-4.154286 -2.413963 0.001612
-4.154286 -2.564836 0.001612
-4.154286 -2.715709 0.001612
-4.154286 -2.866581 0.001612
-4.154286 -3.017454 0.001612
-4.154286 -3.168327 0.001612
-4.154286 -3.319199 0.001612
-4.154286 -3.470072 0.001612
-4.154286 -3.620945 0.001612
-4.154286 -3.771818 0.001612
-4.154286 -3.922690 0.001612
-4.154286 -4.073563 0.001612
-4.154286 -4.224436 0.001612
-4.154286 -4.375308 0.001612
-4.154286 -4.526181 0.001612
-4.154286 -4.677054 0.001612
-4.154286 -4.827927 0.001612
-4.154286 -4.978799 0.001612
-4.154286 -5.129672 0.001612
-4.154286 -5.280545 0.001612
-4.154286 -5.431417 0.001612
-4.154286 -5.582290 0.001612
-4.045127 -5.691449 0.001612
-3.935969 -5.800607 0.001612
-3.826810 -5.909766 0.001612
-3.717652 -6.018924 0.001612
-3.608493 -6.128082 0.001612
-3.499335 -6.237241 0.001612
-3.390176 -6.346399 0.001612
-3.281018 -6.455558 0.001612
-3.171859 -6.564716 0.001612
-3.062701 -6.673875 0.001612
-2.953542 -6.783033 0.001612
-2.844384 -6.892192 0.001612
-2.735225 -7.001350 0.001612
-2.626067 -7.110509 0.001612
-2.516908 -7.219667 0.001612
-2.407750 -7.328826 0.001612
-2.298591 -7.437984 0.001612
-2.189433 -7.547143 0.001612
-2.038438 -7.547143 0.001612
-1.887442 -7.547143 0.001612
-1.736447 -7.547143 0.001612
-1.585451 -7.547143 0.001612
-1.434456 -7.547143 0.001612
-1.283461 -7.547143 0.001612
-1.132465 -7.547143 0.001612
-0.981470 -7.547143 0.001612
-0.830475 -7.547143 0.001612
-0.679479 -7.547143 0.001612
-0.528484 -7.547143 0.001612
-0.377488 -7.547143 0.001612
-0.226493 -7.547143 0.001612
-0.075498 -7.547143 0.001612
0.075498 -7.547143 0.001612
0.226493 -7.547143 0.001612
0.377488 -7.547143 0.001612
0.528484 -7.547143 0.001612
0.679479 -7.547143 0.001612
0.830475 -7.547143 0.001612
0.981470 -7.547143 0.001612
1.132465 -7.547143 0.001612
1.283461 -7.547143 0.001612
1.434456 -7.547143 0.001612
1.585451 -7.547143 0.001612
1.736447 -7.547143 0.001612
1.887442 -7.547143 0.001612
2.038438 -7.547143 0.001612
2.189433 -7.547143 0.001612
2.298591 -7.437984 0.001612
2.407750 -7.328826 0.001612
2.516908 -7.219667 0.001612
2.626067 -7.110509 0.001612
2.735225 -7.001350 0.001612
2.844384 -6.892192 0.001612
2.953542 -6.783033 0.001612
3.062701 -6.673875 0.001612
3.171859 -6.564716 0.001612
3.281018 -6.455558 0.001612
3.390176 -6.346399 0.001612
3.499335 -6.237241 0.001612
3.608493 -6.128082 0.001612
3.717652 -6.018924 0.001612
3.826810 -5.909766 0.001612
3.935969 -5.800607 0.001612
4.045127 -5.691449 0.001612
4.154286 -5.582290 0.001612
4.154286 -5.431417 0.001612
4.154286 -5.280545 0.001612
4.154286 -5.129672 0.001612
4.154286 -4.978799 0.001612
4.154286 -4.827927 0.001612
4.154286 -4.677054 0.001612
4.154286 -4.526181 0.001612
4.154286 -4.375308 0.001612
4.154286 -4.224436 0.001612
4.154286 -4.073563 0.001612
4.154286 -3.922690 0.001612
4.154286 -3.771818 0.001612
4.154286 -3.620945 0.001612
4.154286 -3.470072 0.001612
4.154286 -3.319199 0.001612
4.154286 -3.168327 0.001612
4.154286 -3.017454 0.001612
4.154286 -2.866581 0.001612
4.154286 -2.715709 0.001612
4.154286 -2.564836 0.001612
4.154286 -2.413963 0.001612
4.154286 -2.263091 0.001612
4.154286 -2.112218 0.001612
4.154286 -1.961345 0.001612
4.154286 -1.810472 0.001612
4.154286 -1.659600 0.001612
4.154286 -1.508727 0.001612
4.154286 -1.357854 0.001612
4.154286 -1.206982 0.001612
4.154286 -1.056109 0.001612
4.154286 -0.905236 0.001612
4.154286 -0.754364 0.001612
4.154286 -0.603491 0.001612
4.154286 -0.452618 0.001612
4.154286 -0.301745 0.001612
4.154286 -0.150873 0.001612
4.154286 0.000000 0.001612
4.154286 0.150873 0.001612
4.154286 0.301745 0.001612
4.154286 0.452618 0.001612
4.154286 0.603491 0.001612
4.154286 0.754364 0.001612
4.154286 0.905236 0.001612
4.154286 1.056109 0.001612
4.154286 1.206982 0.001612
4.154286 1.357854 0.001612
4.154286 1.508727 0.001612
4.154286 1.659600 0.001612
4.154286 1.810472 0.001612
4.154286 1.961345 0.001612
4.154286 2.112218 0.001612
4.154286 2.263091 0.001612
4.154286 2.413963 0.001612
4.154286 2.564836 0.001612
4.154286 2.715709 0.001612
4.154286 2.866581 0.001612
4.154286 3.017454 0.001612
4.154286 3.168327 0.001612
4.154286 3.319199 0.001612
4.154286 3.470072 0.001612
4.154286 3.620945 0.001612
4.154286 3.771818 0.001612
4.154286 3.922690 0.001612
4.154286 4.073563 0.001612
4.154286 4.224436 0.001612
4.154286 4.375308 0.001612
4.154286 4.526181 0.001612
4.154286 4.677054 0.001612
4.154286 4.827927 0.001612
4.154286 4.978799 0.001612
4.154286 5.129672 0.001612
4.154286 5.280545 0.001612
4.154286 5.431417 0.001612
2.674286 5.031996 0.000804
2.554979 5.151302 0.000804
2.435672 5.270609 0.000804
2.316365 5.389916 0.000804
2.197059 5.509223 0.000804
2.077752 5.628529 0.000804
1.958445 5.747836 0.000804
1.839139 5.867143 0.000804
1.685877 5.867143 0.000804
1.532615 5.867143 0.000804
1.379354 5.867143 0.000804
1.226092 5.867143 0.000804
1.072831 5.867143 0.000804
0.919569 5.867143 0.000804
0.766308 5.867143 0.000804
0.613046 5.867143 0.000804
0.459785 5.867143 0.000804
0.306523 5.867143 0.000804
0.153262 5.867143 0.000804
0.000000 5.867143 0.000804
-0.153262 5.867143 0.000804
-0.306523 5.867143 0.000804
-0.459785 5.867143 0.000804
-0.613046 5.867143 0.000804
-0.766308 5.867143 0.000804
-0.919569 5.867143 0.000804
-1.072831 5.867143 0.000804
-1.226092 5.867143 0.000804
-1.379354 5.867143 0.000804
-1.532615 5.867143 0.000804
-1.685877 5.867143 0.000804
-1.839139 5.867143 0.000804
-1.958445 5.747836 0.000804
-2.077752 5.628529 0.000804
-2.197059 5.509223 0.000804
-2.316365 5.389916 0.000804
-2.435672 5.270609 0.000804
-2.554979 5.151302 0.000804
-2.674286 5.031996 0.000804
-2.674286 4.881787 0.000804
-2.674286 4.731578 0.000804
-2.674286 4.581369 0.000804
-2.674286 4.431160 0.000804
-2.674286 4.280952 0.000804
-2.674286 4.130743 0.000804
-2.674286 3.980534 0.000804
-2.674286 3.830325 0.000804
-2.674286 3.680116 0.000804
-2.674286 3.529907 0.000804
-2.674286 3.379699 0.000804
-2.674286 3.229490 0.000804
-2.674286 3.079281 0.000804
-2.674286 2.929072 0.000804
-2.674286 2.778863 0.000804
-2.674286 2.628654 0.000804
-2.674286 2.478446 0.000804
-2.674286 2.328237 0.000804
-2.674286 2.178028 0.000804
-2.674286 2.027819 0.000804
-2.674286 1.877610 0.000804
-2.674286 1.727401 0.000804
-2.674286 1.577193 0.000804
-2.674286 1.426984 0.000804
-2.674286 1.276775 0.000804
-2.674286 1.126566 0.000804
-2.674286 0.976357 0.000804
-2.674286 0.826149 0.000804
-2.674286 0.675940 0.000804
-2.674286 0.525731 0.000804
-2.674286 0.375522 0.000804
-2.674286 0.225313 0.000804
-2.674286 0.075104 0.000804
-2.674286 -0.075104 0.000804
-2.674286 -0.225313 0.000804
-2.674286 -0.375522 0.000804
-2.674286 -0.525731 0.000804
-2.674286 -0.675940 0.000804
-2.674286 -0.826149 0.000804
-2.674286 -0.976357 0.000804
-2.674286 -1.126566 0.000804
-2.674286 -1.276775 0.000804
-2.674286 -1.426984 0.000804
-2.674286 -1.577193 0.000804
-2.674286 -1.727401 0.000804
-2.674286 -1.877610 0.000804
-2.674286 -2.027819 0.000804
-2.674286 -2.178028 0.000804
-2.674286 -2.328237 0.000804
-2.674286 -2.478446 0.000804
-2.674286 -2.628654 0.000804
-2.674286 -2.778863 0.000804
-2.674286 -2.929072 0.000804
-2.674286 -3.079281 0.000804
-2.674286 -3.229490 0.000804
-2.674286 -3.379699 0.000804
-2.674286 -3.529907 0.000804
-2.674286 -3.680116 0.000804
-2.674286 -3.830325 0.000804
-2.674286 -3.980534 0.000804
-2.674286 -4.130743 0.000804
-2.674286 -4.280952 0.000804
-2.674286 -4.431160 0.000804
-2.674286 -4.581369 0.000804
-2.674286 -4.731578 0.000804
-2.674286 -4.881787 0.000804
-2.674286 -5.031996 0.000804
-2.554979 -5.151302 0.000804
-2.435672 -5.270609 0.000804
-2.316365 -5.389916 0.000804
-2.197059 -5.509223 0.000804
-2.077752 -5.628529 0.000804
-1.958445 -5.747836 0.000804
-1.839139 -5.867143 0.000804
-1.685877 -5.867143 0.000804
-1.532615 -5.867143 0.000804
-1.379354 -5.867143 0.000804
-1.226092 -5.867143 0.000804
-1.072831 -5.867143 0.000804
-0.919569 -5.867143 0.000804
-0.766308 -5.867143 0.000804
-0.613046 -5.867143 0.000804
-0.459785 -5.867143 0.000804
-0.306523 -5.867143 0.000804
-0.153262 -5.867143 0.000804
0.000000 -5.867143 0.000804
0.153262 -5.867143 0.000804
0.306523 -5.867143 0.000804
0.459785 -5.867143 0.000804
0.613046 -5.867143 0.000804
0.766308 -5.867143 0.000804
0.919569 -5.867143 0.000804
1.072831 -5.867143 0.000804
1.226092 -5.867143 0.000804
1.379354 -5.867143 0.000804
1.532615 -5.867143 0.000804
1.685877 -5.867143 0.000804
1.839139 -5.867143 0.000804
1.958445 -5.747836 0.000804
2.077752 -5.628529 0.000804
2.197059 -5.509223 0.000804
2.316365 -5.389916 0.000804
2.435672 -5.270609 0.000804
2.554979 -5.151302 0.000804
2.674286 -5.031996 0.000804
2.674286 -4.881787 0.000804
2.674286 -4.731578 0.000804
2.674286 -4.581369 0.000804
2.674286 -4.431160 0.000804
2.674286 -4.280952 0.000804
2.674286 -4.130743 0.000804
2.674286 -3.980534 0.000804
2.674286 -3.830325 0.000804
2.674286 -3.680116 0.000804
2.674286 -3.529907 0.000804
2.674286 -3.379699 0.000804
2.674286 -3.229490 0.000804
2.674286 -3.079281 0.000804
2.674286 -2.929072 0.000804
2.674286 -2.778863 0.000804
2.674286 -2.628654 0.000804
2.674286 -2.478446 0.000804
2.674286 -2.328237 0.000804
2.674286 -2.178028 0.000804
2.674286 -2.027819 0.000804
2.674286 -1.877610 0.000804
2.674286 -1.727401 0.000804
2.674286 -1.577193 0.000804
2.674286 -1.426984 0.000804
2.674286 -1.276775 0.000804
2.674286 -1.126566 0.000804
2.674286 -0.976357 0.000804
2.674286 -0.826149 0.000804
2.674286 -0.675940 0.000804
2.674286 -0.525731 0.000804
2.674286 -0.375522 0.000804
2.674286 -0.225313 0.000804
2.674286 -0.075104 0.000804
2.674286 0.075104 0.000804
2.674286 0.225313 0.000804
2.674286 0.375522 0.000804
2.674286 0.525731 0.000804
2.674286 0.675940 0.000804
2.674286 0.826149 0.000804
2.674286 0.976357 0.000804
2.674286 1.126566 0.000804
2.674286 1.276775 0.000804
2.674286 1.426984 0.000804
2.674286 1.577193 0.000804
2.674286 1.727401 0.000804
2.674286 1.877610 0.000804
2.674286 2.027819 0.000804
2.674286 2.178028 0.000804
2.674286 2.328237 0.000804
2.674286 2.478446 0.000804
2.674286 2.628654 0.000804
2.674286 2.778863 0.000804
2.674286 2.929072 0.000804
2.674286 3.079281 0.000804
2.674286 3.229490 0.000804
2.674286 3.379699 0.000804
2.674286 3.529907 0.000804
2.674286 3.680116 0.000804
2.674286 3.830325 0.000804
2.674286 3.980534 0.000804
2.674286 4.130743 0.000804
2.674286 4.280952 0.000804
2.674286 4.431160 0.000804
2.674286 4.581369 0.000804
2.674286 4.731578 0.000804
2.674286 4.881787 0.000804
