4.249524 5.929909 0.001612
4.140365 6.039068 0.001612
4.031207 6.148226 0.001612
3.922048 6.257385 0.001612
3.812890 6.366543 0.001612
3.703731 6.475702 0.001612
3.594573 6.584860 0.001612
3.485414 6.694019 0.001612
3.376256 6.803177 0.001612
3.267097 6.912335 0.001612
3.157939 7.021494 0.001612
3.048780 7.130652 0.001612
2.939622 7.239811 0.001612
2.830463 7.348969 0.001612
2.721305 7.458128 0.001612
2.612146 7.567286 0.001612
2.502988 7.676445 0.001612
2.393829 7.785603 0.001612
2.284671 7.894762 0.001612
2.132360 7.894762 0.001612
1.980048 7.894762 0.001612
1.827737 7.894762 0.001612
1.675425 7.894762 0.001612
1.523114 7.894762 0.001612
1.370803 7.894762 0.001612
1.218491 7.894762 0.001612
1.066180 7.894762 0.001612
0.913868 7.894762 0.001612
0.761557 7.894762 0.001612
0.609246 7.894762 0.001612
0.456934 7.894762 0.001612
0.304623 7.894762 0.001612
0.152311 7.894762 0.001612
0.000000 7.894762 0.001612
-0.152311 7.894762 0.001612
-0.304623 7.894762 0.001612
-0.456934 7.894762 0.001612
-0.609246 7.894762 0.001612
-0.761557 7.894762 0.001612
-0.913868 7.894762 0.001612
-1.066180 7.894762 0.001612
-1.218491 7.894762 0.001612
-1.370803 7.894762 0.001612
-1.523114 7.894762 0.001612
-1.675425 7.894762 0.001612
-1.827737 7.894762 0.001612
-1.980048 7.894762 0.001612
-2.132360 7.894762 0.001612
-2.284671 7.894762 0.001612
-2.393829 7.785603 0.001612
-2.502988 7.676445 0.001612
-2.612146 7.567286 0.001612
-2.721305 7.458128 0.001612
-2.830463 7.348969 0.001612
-2.939622 7.239811 0.001612
-3.048780 7.130652 0.001612
-3.157939 7.021494 0.001612
-3.267097 6.912335 0.001612
-3.376256 6.803177 0.001612
-3.485414 6.694019 0.001612
-3.594573 6.584860 0.001612
-3.703731 6.475702 0.001612
-3.812890 6.366543 0.001612
-3.922048 6.257385 0.001612
-4.031207 6.148226 0.001612
-4.140365 6.039068 0.001612
-4.249524 5.929909 0.001612
-4.249524 5.779785 0.001612
-4.249524 5.629661 0.001612
-4.249524 5.479536 0.001612
-4.249524 5.329412 0.001612
-4.249524 5.179288 0.001612
-4.249524 5.029163 0.001612
-4.249524 4.879039 0.001612
-4.249524 4.728915 0.001612
-4.249524 4.578791 0.001612
-4.249524 4.428666 0.001612
-4.249524 4.278542 0.001612
-4.249524 4.128418 0.001612
-4.249524 3.978293 0.001612
-4.249524 3.828169 0.001612
-4.249524 3.678045 0.001612
-4.249524 3.527921 0.001612
-4.249524 3.377796 0.001612
-4.249524 3.227672 0.001612
-4.249524 3.077548 0.001612
-4.249524 2.927423 0.001612
-4.249524 2.777299 0.001612
-4.249524 2.627175 0.001612
-4.249524 2.477051 0.001612
-4.249524 2.326926 0.001612
-4.249524 2.176802 0.001612
-4.249524 2.026678 0.001612
-4.249524 1.876554 0.001612
-4.249524 1.726429 0.001612
-4.249524 1.576305 0.001612
-4.249524 1.426181 0.001612
-4.249524 1.276056 0.001612
-4.249524 1.125932 0.001612
-4.249524 0.975808 0.001612
-4.249524 0.825684 0.001612
-4.249524 0.675559 0.001612
-4.249524 0.525435 0.001612
-4.249524 0.375311 0.001612
-4.249524 0.225186 0.001612
-4.249524 0.075062 0.001612
-4.249524 -0.075062 0.001612
-4.249524 -0.225186 0.001612
-4.249524 -0.375311 0.001612
-4.249524 -0.525435 0.001612
-4.249524 -0.675559 0.001612
-4.249524 -0.825684 0.001612
-4.249524 -0.975808 0.001612
-4.249524 -1.125932 0.001612
-4.249524 -1.276056 0.001612
-4.249524 -1.426181 0.001612
-4.249524 -1.576305 0.001612
-4.249524 -1.726429 0.001612
-4.249524 -1.876554 0.001612
-4.249524 -2.026678 0.001612
-4.249524 -2.176802 0.001612
-4.249524 -2.326926 0.001612
-4.249524 -2.477051 0.001612
-4.249524 -2.627175 0.001612
-4.249524 -2.777299 0.001612
-4.249524 -2.927423 0.001612
-4.249524 -3.077548 0.001612
-4.249524 -3.227672 0.001612
-4.249524 -3.377796 0.001612
-4.249524 -3.527921 0.001612
-4.249524 -3.678045 0.001612
-4.249524 -3.828169 0.001612
-4.249524 -3.978293 0.001612
-4.249524 -4.128418 0.001612
-4.249524 -4.278542 0.001612
-4.249524 -4.428666 0.001612
-4.249524 -4.578791 0.001612
-4.249524 -4.728915 0.001612
-4.249524 -4.879039 0.001612
-4.249524 -5.029163 0.001612
-4.249524 -5.179288 0.001612
-4.249524 -5.329412 0.001612
-4.249524 -5.479536 0.001612
-4.249524 -5.629661 0.001612
-4.249524 -5.779785 0.001612
-4.249524 -5.929909 0.001612
-4.140365 -6.039068 0.001612
-4.031207 -6.148226 0.001612
-3.922048 -6.257385 0.001612
-3.812890 -6.366543 0.001612
-3.703731 -6.475702 0.001612
-3.594573 -6.584860 0.001612
-3.485414 -6.694019 0.001612
-3.376256 -6.803177 0.001612
-3.267097 -6.912335 0.001612
-3.157939 -7.021494 0.001612
-3.048780 -7.130652 0.001612
-2.939622 -7.239811 0.001612
-2.830463 -7.348969 0.001612
-2.721305 -7.458128 0.001612
-2.612146 -7.567286 0.001612
-2.502988 -7.676445 0.001612
-2.393829 -7.785603 0.001612
-2.284671 -7.894762 0.001612
-2.132360 -7.894762 0.001612
-1.980048 -7.894762 0.001612
-1.827737 -7.894762 0.001612
-1.675425 -7.894762 0.001612
-1.523114 -7.894762 0.001612
-1.370803 -7.894762 0.001612
-1.218491 -7.894762 0.001612
-1.066180 -7.894762 0.001612
-0.913868 -7.894762 0.001612
-0.761557 -7.894762 0.001612
-0.609246 -7.894762 0.001612
-0.456934 -7.894762 0.001612
-0.304623 -7.894762 0.001612
-0.152311 -7.894762 0.001612
0.000000 -7.894762 0.001612
0.152311 -7.894762 0.001612
0.304623 -7.894762 0.001612
0.456934 -7.894762 0.001612
0.609246 -7.894762 0.001612
0.761557 -7.894762 0.001612
0.913868 -7.894762 0.001612
1.066180 -7.894762 0.001612
1.218491 -7.894762 0.001612
1.370803 -7.894762 0.001612
1.523114 -7.894762 0.001612
1.675425 -7.894762 0.001612
1.827737 -7.894762 0.001612
1.980048 -7.894762 0.001612
2.132360 -7.894762 0.001612
2.284671 -7.894762 0.001612
2.393829 -7.785603 0.001612
2.502988 -7.676445 0.001612
2.612146 -7.567286 0.001612
2.721305 -7.458128 0.001612
2.830463 -7.348969 0.001612
2.939622 -7.239811 0.001612
3.048780 -7.130652 0.001612
3.157939 -7.021494 0.001612
3.267097 -6.912335 0.001612
3.376256 -6.803177 0.001612
3.485414 -6.694019 0.001612
3.594573 -6.584860 0.001612
3.703731 -6.475702 0.001612
3.812890 -6.366543 0.001612
3.922048 -6.257385 0.001612
4.031207 -6.148226 0.001612
4.140365 -6.039068 0.001612
4.249524 -5.929909 0.001612
4.249524 -5.779785 0.001612
4.249524 -5.629661 0.001612
4.249524 -5.479536 0.001612
4.249524 -5.329412 0.001612
4.249524 -5.179288 0.001612
4.249524 -5.029163 0.001612
4.249524 -4.879039 0.001612
4.249524 -4.728915 0.001612
4.249524 -4.578791 0.001612
4.249524 -4.428666 0.001612
4.249524 -4.278542 0.001612
4.249524 -4.128418 0.001612
4.249524 -3.978293 0.001612
4.249524 -3.828169 0.001612
4.249524 -3.678045 0.001612
4.249524 -3.527921 0.001612
4.249524 -3.377796 0.001612
4.249524 -3.227672 0.001612
4.249524 -3.077548 0.001612
4.249524 -2.927423 0.001612
4.249524 -2.777299 0.001612
4.249524 -2.627175 0.001612
4.249524 -2.477051 0.001612
4.249524 -2.326926 0.001612
4.249524 -2.176802 0.001612
4.249524 -2.026678 0.001612
4.249524 -1.876554 0.001612
4.249524 -1.726429 0.001612
4.249524 -1.576305 0.001612
4.249524 -1.426181 0.001612
4.249524 -1.276056 0.001612
4.249524 -1.125932 0.001612
4.249524 -0.975808 0.001612
4.249524 -0.825684 0.001612
4.249524 -0.675559 0.001612
4.249524 -0.525435 0.001612
4.249524 -0.375311 0.001612
4.249524 -0.225186 0.001612
4.249524 -0.075062 0.001612
4.249524 0.075062 0.001612
4.249524 0.225186 0.001612
4.249524 0.375311 0.001612
4.249524 0.525435 0.001612
4.249524 0.675559 0.001612
4.249524 0.825684 0.001612
4.249524 0.975808 0.001612
4.249524 1.125932 0.001612
4.249524 1.276056 0.001612
4.249524 1.426181 0.001612
4.249524 1.576305 0.001612
4.249524 1.726429 0.001612
4.249524 1.876554 0.001612
4.249524 2.026678 0.001612
4.249524 2.176802 0.001612
4.249524 2.326926 0.001612
4.249524 2.477051 0.001612
4.249524 2.627175 0.001612
4.249524 2.777299 0.001612
4.249524 2.927423 0.001612
4.249524 3.077548 0.001612
4.249524 3.227672 0.001612
4.249524 3.377796 0.001612
4.249524 3.527921 0.001612
4.249524 3.678045 0.001612
4.249524 3.828169 0.001612
4.249524 3.978293 0.001612
4.249524 4.128418 0.001612
4.249524 4.278542 0.001612
4.249524 4.428666 0.001612
4.249524 4.578791 0.001612
4.249524 4.728915 0.001612
4.249524 4.879039 0.001612
4.249524 5.029163 0.001612
4.249524 5.179288 0.001612
4.249524 5.329412 0.001612
4.249524 5.479536 0.001612
4.249524 5.629661 0.001612
4.249524 5.779785 0.001612
2.769524 5.379615 0.000804
2.650217 5.498921 0.000804
2.530910 5.618228 0.000804
2.411604 5.737535 0.000804
2.292297 5.856842 0.000804
2.172990 5.976148 0.000804
2.053683 6.095455 0.000804
1.934377 6.214762 0.000804
1.779626 6.214762 0.000804
1.624876 6.214762 0.000804
1.470126 6.214762 0.000804
1.315376 6.214762 0.000804
1.160626 6.214762 0.000804
1.005876 6.214762 0.000804
0.851126 6.214762 0.000804
0.696376 6.214762 0.000804
0.541625 6.214762 0.000804
0.386875 6.214762 0.000804
0.232125 6.214762 0.000804
0.077375 6.214762 0.000804
-0.077375 6.214762 0.000804
-0.232125 6.214762 0.000804
-0.386875 6.214762 0.000804
-0.541625 6.214762 0.000804
-0.696376 6.214762 0.000804
-0.851126 6.214762 0.000804
-1.005876 6.214762 0.000804
-1.160626 6.214762 0.000804
-1.315376 6.214762 0.000804
-1.470126 6.214762 0.000804
-1.624876 6.214762 0.000804
-1.779626 6.214762 0.000804
-1.934377 6.214762 0.000804
-2.053683 6.095455 0.000804
-2.172990 5.976148 0.000804
-2.292297 5.856842 0.000804
-2.411604 5.737535 0.000804
-2.530910 5.618228 0.000804
-2.650217 5.498921 0.000804
-2.769524 5.379615 0.000804
-2.769524 5.228076 0.000804
-2.769524 5.076538 0.000804
-2.769524 4.924999 0.000804
-2.769524 4.773461 0.000804
-2.769524 4.621923 0.000804
-2.769524 4.470384 0.000804
-2.769524 4.318846 0.000804
-2.769524 4.167307 0.000804
-2.769524 4.015769 0.000804
-2.769524 3.864230 0.000804
-2.769524 3.712692 0.000804
-2.769524 3.561153 0.000804
-2.769524 3.409615 0.000804
-2.769524 3.258077 0.000804
-2.769524 3.106538 0.000804
-2.769524 2.955000 0.000804
-2.769524 2.803461 0.000804
-2.769524 2.651923 0.000804
-2.769524 2.500384 0.000804
-2.769524 2.348846 0.000804
-2.769524 2.197307 0.000804
-2.769524 2.045769 0.000804
-2.769524 1.894231 0.000804
-2.769524 1.742692 0.000804
-2.769524 1.591154 0.000804
-2.769524 1.439615 0.000804
-2.769524 1.288077 0.000804
-2.769524 1.136538 0.000804
-2.769524 0.985000 0.000804
-2.769524 0.833461 0.000804
-2.769524 0.681923 0.000804
-2.769524 0.530385 0.000804
-2.769524 0.378846 0.000804
-2.769524 0.227308 0.000804
-2.769524 0.075769 0.000804
-2.769524 -0.075769 0.000804
-2.769524 -0.227308 0.000804
-2.769524 -0.378846 0.000804
-2.769524 -0.530385 0.000804
-2.769524 -0.681923 0.000804
-2.769524 -0.833461 0.000804
-2.769524 -0.985000 0.000804
-2.769524 -1.136538 0.000804
-2.769524 -1.288077 0.000804
-2.769524 -1.439615 0.000804
-2.769524 -1.591154 0.000804
-2.769524 -1.742692 0.000804
-2.769524 -1.894231 0.000804
-2.769524 -2.045769 0.000804
-2.769524 -2.197307 0.000804
-2.769524 -2.348846 0.000804
-2.769524 -2.500384 0.000804
-2.769524 -2.651923 0.000804
-2.769524 -2.803461 0.000804
-2.769524 -2.955000 0.000804
-2.769524 -3.106538 0.000804
-2.769524 -3.258077 0.000804
-2.769524 -3.409615 0.000804
-2.769524 -3.561153 0.000804
-2.769524 -3.712692 0.000804
-2.769524 -3.864230 0.000804
-2.769524 -4.015769 0.000804
-2.769524 -4.167307 0.000804
-2.769524 -4.318846 0.000804
-2.769524 -4.470384 0.000804
-2.769524 -4.621923 0.000804
-2.769524 -4.773461 0.000804
-2.769524 -4.924999 0.000804
-2.769524 -5.076538 0.000804
-2.769524 -5.228076 0.000804
-2.769524 -5.379615 0.000804
-2.650217 -5.498921 0.000804
-2.530910 -5.618228 0.000804
-2.411604 -5.737535 0.000804
-2.292297 -5.856842 0.000804
-2.172990 -5.976148 0.000804
-2.053683 -6.095455 0.000804
-1.934377 -6.214762 0.000804
-1.779626 -6.214762 0.000804
-1.624876 -6.214762 0.000804
-1.470126 -6.214762 0.000804
-1.315376 -6.214762 0.000804
-1.160626 -6.214762 0.000804
-1.005876 -6.214762 0.000804
-0.851126 -6.214762 0.000804
-0.696376 -6.214762 0.000804
-0.541625 -6.214762 0.000804
-0.386875 -6.214762 0.000804
-0.232125 -6.214762 0.000804
-0.077375 -6.214762 0.000804
0.077375 -6.214762 0.000804
0.232125 -6.214762 0.000804
0.386875 -6.214762 0.000804
0.541625 -6.214762 0.000804
0.696376 -6.214762 0.000804
0.851126 -6.214762 0.000804
1.005876 -6.214762 0.000804
1.160626 -6.214762 0.000804
1.315376 -6.214762 0.000804
1.470126 -6.214762 0.000804
1.624876 -6.214762 0.000804
1.779626 -6.214762 0.000804
1.934377 -6.214762 0.000804
2.053683 -6.095455 0.000804
2.172990 -5.976148 0.000804
2.292297 -5.856842 0.000804
2.411604 -5.737535 0.000804
2.530910 -5.618228 0.000804
2.650217 -5.498921 0.000804
2.769524 -5.379615 0.000804
2.769524 -5.228076 0.000804
2.769524 -5.076538 0.000804
2.769524 -4.924999 0.000804
2.769524 -4.773461 0.000804
2.769524 -4.621923 0.000804
2.769524 -4.470384 0.000804
2.769524 -4.318846 0.000804
2.769524 -4.167307 0.000804
2.769524 -4.015769 0.000804
2.769524 -3.864230 0.000804
2.769524 -3.712692 0.000804
2.769524 -3.561153 0.000804
2.769524 -3.409615 0.000804
2.769524 -3.258077 0.000804
2.769524 -3.106538 0.000804
2.769524 -2.955000 0.000804
2.769524 -2.803461 0.000804
2.769524 -2.651923 0.000804
2.769524 -2.500384 0.000804
2.769524 -2.348846 0.000804
2.769524 -2.197307 0.000804
2.769524 -2.045769 0.000804
2.769524 -1.894231 0.000804
2.769524 -1.742692 0.000804
2.769524 -1.591154 0.000804
2.769524 -1.439615 0.000804
2.769524 -1.288077 0.000804
2.769524 -1.136538 0.000804
2.769524 -0.985000 0.000804
2.769524 -0.833461 0.000804
2.769524 -0.681923 0.000804
2.769524 -0.530385 0.000804
2.769524 -0.378846 0.000804
2.769524 -0.227308 0.000804
2.769524 -0.075769 0.000804
2.769524 0.075769 0.000804
2.769524 0.227308 0.000804
2.769524 0.378846 0.000804
2.769524 0.530385 0.000804
2.769524 0.681923 0.000804
2.769524 0.833461 0.000804
2.769524 0.985000 0.000804
2.769524 1.136538 0.000804
2.769524 1.288077 0.000804
2.769524 1.439615 0.000804
2.769524 1.591154 0.000804
2.769524 1.742692 0.000804
2.769524 1.894231 0.000804
2.769524 2.045769 0.000804
2.769524 2.197307 0.000804
2.769524 2.348846 0.000804
2.769524 2.500384 0.000804
2.769524 2.651923 0.000804
2.769524 2.803461 0.000804
2.769524 2.955000 0.000804
2.769524 3.106538 0.000804
2.769524 3.258077 0.000804
2.769524 3.409615 0.000804
2.769524 3.561153 0.000804
2.769524 3.712692 0.000804
2.769524 3.864230 0.000804
2.769524 4.015769 0.000804
2.769524 4.167307 0.000804
2.769524 4.318846 0.000804
2.769524 4.470384 0.000804
2.769524 4.621923 0.000804
2.769524 4.773461 0.000804
2.769524 4.924999 0.000804
2.769524 5.076538 0.000804
2.769524 5.228076 0.000804
