4.186032 5.698163 0.001612
4.076873 5.807322 0.001612
3.967715 5.916480 0.001612
3.858556 6.025639 0.001612
3.749398 6.134797 0.001612
3.640239 6.243956 0.001612
3.531081 6.353114 0.001612
3.421922 6.462272 0.001612
3.312764 6.571431 0.001612
3.203605 6.680589 0.001612
3.094447 6.789748 0.001612
2.985288 6.898906 0.001612
2.876130 7.008065 0.001612
2.766971 7.117223 0.001612
2.657813 7.226382 0.001612
2.548654 7.335540 0.001612
2.439496 7.444699 0.001612
2.330337 7.553857 0.001612
2.221179 7.663016 0.001612
2.067994 7.663016 0.001612
1.914809 7.663016 0.001612
1.761625 7.663016 0.001612
1.608440 7.663016 0.001612
1.455255 7.663016 0.001612
1.302070 7.663016 0.001612
1.148886 7.663016 0.001612
0.995701 7.663016 0.001612
0.842516 7.663016 0.001612
0.689331 7.663016 0.001612
0.536147 7.663016 0.001612
0.382962 7.663016 0.001612
0.229777 7.663016 0.001612
0.076592 7.663016 0.001612
-0.076592 7.663016 0.001612
-0.229777 7.663016 0.001612
-0.382962 7.663016 0.001612
-0.536147 7.663016 0.001612
-0.689331 7.663016 0.001612
-0.842516 7.663016 0.001612
-0.995701 7.663016 0.001612
-1.148886 7.663016 0.001612
-1.302070 7.663016 0.001612
-1.455255 7.663016 0.001612
-1.608440 7.663016 0.001612
-1.761625 7.663016 0.001612
-1.914809 7.663016 0.001612
-2.067994 7.663016 0.001612
-2.221179 7.663016 0.001612
-2.330337 7.553857 0.001612
-2.439496 7.444699 0.001612
-2.548654 7.335540 0.001612
-2.657813 7.226382 0.001612
-2.766971 7.117223 0.001612
-2.876130 7.008065 0.001612
-2.985288 6.898906 0.001612
-3.094447 6.789748 0.001612
-3.203605 6.680589 0.001612
-3.312764 6.571431 0.001612
-3.421922 6.462272 0.001612
-3.531081 6.353114 0.001612
-3.640239 6.243956 0.001612
-3.749398 6.134797 0.001612
-3.858556 6.025639 0.001612
-3.967715 5.916480 0.001612
-4.076873 5.807322 0.001612
-4.186032 5.698163 0.001612
-4.186032 5.546212 0.001612
-4.186032 5.394261 0.001612
-4.186032 5.242310 0.001612
-4.186032 5.090359 0.001612
-4.186032 4.938408 0.001612
-4.186032 4.786457 0.001612
-4.186032 4.634506 0.001612
-4.186032 4.482555 0.001612
-4.186032 4.330604 0.001612
-4.186032 4.178653 0.001612
-4.186032 4.026702 0.001612
-4.186032 3.874751 0.001612
-4.186032 3.722800 0.001612
-4.186032 3.570849 0.001612
-4.186032 3.418898 0.001612
-4.186032 3.266947 0.001612
-4.186032 3.114996 0.001612
-4.186032 2.963045 0.001612
-4.186032 2.811094 0.001612
-4.186032 2.659143 0.001612
-4.186032 2.507192 0.001612
-4.186032 2.355241 0.001612
-4.186032 2.203290 0.001612
-4.186032 2.051339 0.001612
-4.186032 1.899388 0.001612
-4.186032 1.747437 0.001612
-4.186032 1.595486 0.001612
-4.186032 1.443535 0.001612
-4.186032 1.291584 0.001612
-4.186032 1.139633 0.001612
-4.186032 0.987682 0.001612
-4.186032 0.835731 0.001612
-4.186032 0.683780 0.001612
-4.186032 0.531829 0.001612
-4.186032 0.379878 0.001612
-4.186032 0.227927 0.001612
-4.186032 0.075976 0.001612
-4.186032 -0.075976 0.001612
-4.186032 -0.227927 0.001612
-4.186032 -0.379878 0.001612
-4.186032 -0.531829 0.001612
-4.186032 -0.683780 0.001612
-4.186032 -0.835731 0.001612
-4.186032 -0.987682 0.001612
-4.186032 -1.139633 0.001612
-4.186032 -1.291584 0.001612
-4.186032 -1.443535 0.001612
-4.186032 -1.595486 0.001612
-4.186032 -1.747437 0.001612
-4.186032 -1.899388 0.001612
-4.186032 -2.051339 0.001612
-4.186032 -2.203290 0.001612
-4.186032 -2.355241 0.001612
-4.186032 -2.507192 0.001612
-4.186032 -2.659143 0.001612
-4.186032 -2.811094 0.001612
-4.186032 -2.963045 0.001612
-4.186032 -3.114996 0.001612
-4.186032 -3.266947 0.001612
-4.186032 -3.418898 0.001612
-4.186032 -3.570849 0.001612
-4.186032 -3.722800 0.001612
-4.186032 -3.874751 0.001612
-4.186032 -4.026702 0.001612
-4.186032 -4.178653 0.001612
-4.186032 -4.330604 0.001612
-4.186032 -4.482555 0.001612
-4.186032 -4.634506 0.001612
-4.186032 -4.786457 0.001612
-4.186032 -4.938408 0.001612
-4.186032 -5.090359 0.001612
-4.186032 -5.242310 0.001612
-4.186032 -5.394261 0.001612
-4.186032 -5.546212 0.001612
-4.186032 -5.698163 0.001612
-4.076873 -5.807322 0.001612
-3.967715 -5.916480 0.001612
-3.858556 -6.025639 0.001612
-3.749398 -6.134797 0.001612
-3.640239 -6.243956 0.001612
-3.531081 -6.353114 0.001612
-3.421922 -6.462272 0.001612
-3.312764 -6.571431 0.001612
-3.203605 -6.680589 0.001612
-3.094447 -6.789748 0.001612
-2.985288 -6.898906 0.001612
-2.876130 -7.008065 0.001612
-2.766971 -7.117223 0.001612
-2.657813 -7.226382 0.001612
-2.548654 -7.335540 0.001612
-2.439496 -7.444699 0.001612
-2.330337 -7.553857 0.001612
-2.221179 -7.663016 0.001612
-2.067994 -7.663016 0.001612
-1.914809 -7.663016 0.001612
-1.761625 -7.663016 0.001612
-1.608440 -7.663016 0.001612
-1.455255 -7.663016 0.001612
-1.302070 -7.663016 0.001612
-1.148886 -7.663016 0.001612
-0.995701 -7.663016 0.001612
-0.842516 -7.663016 0.001612
-0.689331 -7.663016 0.001612
-0.536147 -7.663016 0.001612
-0.382962 -7.663016 0.001612
-0.229777 -7.663016 0.001612
-0.076592 -7.663016 0.001612
0.076592 -7.663016 0.001612
0.229777 -7.663016 0.001612
0.382962 -7.663016 0.001612
0.536147 -7.663016 0.001612
0.689331 -7.663016 0.001612
0.842516 -7.663016 0.001612
0.995701 -7.663016 0.001612
1.148886 -7.663016 0.001612
1.302070 -7.663016 0.001612
1.455255 -7.663016 0.001612
1.608440 -7.663016 0.001612
1.761625 -7.663016 0.001612
1.914809 -7.663016 0.001612
2.067994 -7.663016 0.001612
2.221179 -7.663016 0.001612
2.330337 -7.553857 0.001612
2.439496 -7.444699 0.001612
2.548654 -7.335540 0.001612
2.657813 -7.226382 0.001612
2.766971 -7.117223 0.001612
2.876130 -7.008065 0.001612
2.985288 -6.898906 0.001612
3.094447 -6.789748 0.001612
3.203605 -6.680589 0.001612
3.312764 -6.571431 0.001612
3.421922 -6.462272 0.001612
3.531081 -6.353114 0.001612
3.640239 -6.243956 0.001612
3.749398 -6.134797 0.001612
3.858556 -6.025639 0.001612
3.967715 -5.916480 0.001612
4.076873 -5.807322 0.001612
4.186032 -5.698163 0.001612
4.186032 -5.546212 0.001612
4.186032 -5.394261 0.001612
4.186032 -5.242310 0.001612
4.186032 -5.090359 0.001612
4.186032 -4.938408 0.001612
4.186032 -4.786457 0.001612
4.186032 -4.634506 0.001612
4.186032 -4.482555 0.001612
4.186032 -4.330604 0.001612
4.186032 -4.178653 0.001612
4.186032 -4.026702 0.001612
4.186032 -3.874751 0.001612
4.186032 -3.722800 0.001612
4.186032 -3.570849 0.001612
4.186032 -3.418898 0.001612
4.186032 -3.266947 0.001612
4.186032 -3.114996 0.001612
4.186032 -2.963045 0.001612
4.186032 -2.811094 0.001612
4.186032 -2.659143 0.001612
4.186032 -2.507192 0.001612
4.186032 -2.355241 0.001612
4.186032 -2.203290 0.001612
4.186032 -2.051339 0.001612
4.186032 -1.899388 0.001612
4.186032 -1.747437 0.001612
4.186032 -1.595486 0.001612
4.186032 -1.443535 0.001612
4.186032 -1.291584 0.001612
4.186032 -1.139633 0.001612
4.186032 -0.987682 0.001612
4.186032 -0.835731 0.001612
4.186032 -0.683780 0.001612
4.186032 -0.531829 0.001612
4.186032 -0.379878 0.001612
4.186032 -0.227927 0.001612
4.186032 -0.075976 0.001612
4.186032 0.075976 0.001612
4.186032 0.227927 0.001612
4.186032 0.379878 0.001612
4.186032 0.531829 0.001612
4.186032 0.683780 0.001612
4.186032 0.835731 0.001612
4.186032 0.987682 0.001612
4.186032 1.139633 0.001612
4.186032 1.291584 0.001612
4.186032 1.443535 0.001612
4.186032 1.595486 0.001612
4.186032 1.747437 0.001612
4.186032 1.899388 0.001612
4.186032 2.051339 0.001612
4.186032 2.203290 0.001612
4.186032 2.355241 0.001612
4.186032 2.507192 0.001612
4.186032 2.659143 0.001612
4.186032 2.811094 0.001612
4.186032 2.963045 0.001612
4.186032 3.114996 0.001612
4.186032 3.266947 0.001612
4.186032 3.418898 0.001612
4.186032 3.570849 0.001612
4.186032 3.722800 0.001612
4.186032 3.874751 0.001612
4.186032 4.026702 0.001612
4.186032 4.178653 0.001612
4.186032 4.330604 0.001612
4.186032 4.482555 0.001612
4.186032 4.634506 0.001612
4.186032 4.786457 0.001612
4.186032 4.938408 0.001612
4.186032 5.090359 0.001612
4.186032 5.242310 0.001612
4.186032 5.394261 0.001612
4.186032 5.546212 0.001612
2.706032 5.147869 0.000804
2.586725 5.267175 0.000804
2.467418 5.386482 0.000804
2.348112 5.505789 0.000804
2.228805 5.625096 0.000804
2.109498 5.744402 0.000804
1.990191 5.863709 0.000804
1.870885 5.983016 0.000804
1.714978 5.983016 0.000804
1.559070 5.983016 0.000804
1.403163 5.983016 0.000804
1.247256 5.983016 0.000804
1.091349 5.983016 0.000804
0.935442 5.983016 0.000804
0.779535 5.983016 0.000804
0.623628 5.983016 0.000804
0.467721 5.983016 0.000804
0.311814 5.983016 0.000804
0.155907 5.983016 0.000804
-0.000000 5.983016 0.000804
-0.155907 5.983016 0.000804
-0.311814 5.983016 0.000804
-0.467721 5.983016 0.000804
-0.623628 5.983016 0.000804
-0.779535 5.983016 0.000804
-0.935442 5.983016 0.000804
-1.091349 5.983016 0.000804
-1.247256 5.983016 0.000804
-1.403163 5.983016 0.000804
-1.559070 5.983016 0.000804
-1.714978 5.983016 0.000804
-1.870885 5.983016 0.000804
-1.990191 5.863709 0.000804
-2.109498 5.744402 0.000804
-2.228805 5.625096 0.000804
-2.348112 5.505789 0.000804
-2.467418 5.386482 0.000804
-2.586725 5.267175 0.000804
-2.706032 5.147869 0.000804
-2.706032 4.996461 0.000804
-2.706032 4.845053 0.000804
-2.706032 4.693645 0.000804
-2.706032 4.542237 0.000804
-2.706032 4.390829 0.000804
-2.706032 4.239421 0.000804
-2.706032 4.088013 0.000804
-2.706032 3.936605 0.000804
-2.706032 3.785198 0.000804
-2.706032 3.633790 0.000804
-2.706032 3.482382 0.000804
-2.706032 3.330974 0.000804
-2.706032 3.179566 0.000804
-2.706032 3.028158 0.000804
-2.706032 2.876750 0.000804
-2.706032 2.725342 0.000804
-2.706032 2.573934 0.000804
-2.706032 2.422526 0.000804
-2.706032 2.271119 0.000804
-2.706032 2.119711 0.000804
-2.706032 1.968303 0.000804
-2.706032 1.816895 0.000804
-2.706032 1.665487 0.000804
-2.706032 1.514079 0.000804
-2.706032 1.362671 0.000804
-2.706032 1.211263 0.000804
-2.706032 1.059855 0.000804
-2.706032 0.908447 0.000804
-2.706032 0.757040 0.000804
-2.706032 0.605632 0.000804
-2.706032 0.454224 0.000804
-2.706032 0.302816 0.000804
-2.706032 0.151408 0.000804
-2.706032 0.000000 0.000804
-2.706032 -0.151408 0.000804
-2.706032 -0.302816 0.000804
-2.706032 -0.454224 0.000804
-2.706032 -0.605632 0.000804
-2.706032 -0.757040 0.000804
-2.706032 -0.908447 0.000804
-2.706032 -1.059855 0.000804
-2.706032 -1.211263 0.000804
-2.706032 -1.362671 0.000804
-2.706032 -1.514079 0.000804
-2.706032 -1.665487 0.000804
-2.706032 -1.816895 0.000804
-2.706032 -1.968303 0.000804
-2.706032 -2.119711 0.000804
-2.706032 -2.271119 0.000804
-2.706032 -2.422526 0.000804
-2.706032 -2.573934 0.000804
-2.706032 -2.725342 0.000804
-2.706032 -2.876750 0.000804
-2.706032 -3.028158 0.000804
-2.706032 -3.179566 0.000804
-2.706032 -3.330974 0.000804
-2.706032 -3.482382 0.000804
-2.706032 -3.633790 0.000804
-2.706032 -3.785198 0.000804
-2.706032 -3.936605 0.000804
-2.706032 -4.088013 0.000804
-2.706032 -4.239421 0.000804
-2.706032 -4.390829 0.000804
-2.706032 -4.542237 0.000804
-2.706032 -4.693645 0.000804
-2.706032 -4.845053 0.000804
-2.706032 -4.996461 0.000804
-2.706032 -5.147869 0.000804
-2.586725 -5.267175 0.000804
-2.467418 -5.386482 0.000804
-2.348112 -5.505789 0.000804
-2.228805 -5.625096 0.000804
-2.109498 -5.744402 0.000804
-1.990191 -5.863709 0.000804
-1.870885 -5.983016 0.000804
-1.714978 -5.983016 0.000804
-1.559070 -5.983016 0.000804
-1.403163 -5.983016 0.000804
-1.247256 -5.983016 0.000804
-1.091349 -5.983016 0.000804
-0.935442 -5.983016 0.000804
-0.779535 -5.983016 0.000804
-0.623628 -5.983016 0.000804
-0.467721 -5.983016 0.000804
-0.311814 -5.983016 0.000804
-0.155907 -5.983016 0.000804
0.000000 -5.983016 0.000804
0.155907 -5.983016 0.000804
0.311814 -5.983016 0.000804
0.467721 -5.983016 0.000804
0.623628 -5.983016 0.000804
0.779535 -5.983016 0.000804
0.935442 -5.983016 0.000804
1.091349 -5.983016 0.000804
1.247256 -5.983016 0.000804
1.403163 -5.983016 0.000804
1.559070 -5.983016 0.000804
1.714978 -5.983016 0.000804
1.870885 -5.983016 0.000804
1.990191 -5.863709 0.000804
2.109498 -5.744402 0.000804
2.228805 -5.625096 0.000804
2.348112 -5.505789 0.000804
2.467418 -5.386482 0.000804
2.586725 -5.267175 0.000804
2.706032 -5.147869 0.000804
2.706032 -4.996461 0.000804
2.706032 -4.845053 0.000804
2.706032 -4.693645 0.000804
2.706032 -4.542237 0.000804
2.706032 -4.390829 0.000804
2.706032 -4.239421 0.000804
2.706032 -4.088013 0.000804
2.706032 -3.936605 0.000804
2.706032 -3.785198 0.000804
2.706032 -3.633790 0.000804
2.706032 -3.482382 0.000804
2.706032 -3.330974 0.000804
2.706032 -3.179566 0.000804
2.706032 -3.028158 0.000804
2.706032 -2.876750 0.000804
2.706032 -2.725342 0.000804
2.706032 -2.573934 0.000804
2.706032 -2.422526 0.000804
2.706032 -2.271119 0.000804
2.706032 -2.119711 0.000804
2.706032 -1.968303 0.000804
2.706032 -1.816895 0.000804
2.706032 -1.665487 0.000804
2.706032 -1.514079 0.000804
2.706032 -1.362671 0.000804
2.706032 -1.211263 0.000804
2.706032 -1.059855 0.000804
2.706032 -0.908447 0.000804
2.706032 -0.757040 0.000804
2.706032 -0.605632 0.000804
2.706032 -0.454224 0.000804
2.706032 -0.302816 0.000804
2.706032 -0.151408 0.000804
2.706032 -0.000000 0.000804
2.706032 0.151408 0.000804
2.706032 0.302816 0.000804
2.706032 0.454224 0.000804
2.706032 0.605632 0.000804
2.706032 0.757040 0.000804
2.706032 0.908447 0.000804
2.706032 1.059855 0.000804
2.706032 1.211263 0.000804
2.706032 1.362671 0.000804
2.706032 1.514079 0.000804
2.706032 1.665487 0.000804
2.706032 1.816895 0.000804
2.706032 1.968303 0.000804
2.706032 2.119711 0.000804
2.706032 2.271119 0.000804
2.706032 2.422526 0.000804
2.706032 2.573934 0.000804
2.706032 2.725342 0.000804
2.706032 2.876750 0.000804
2.706032 3.028158 0.000804
2.706032 3.179566 0.000804
2.706032 3.330974 0.000804
2.706032 3.482382 0.000804
2.706032 3.633790 0.000804
2.706032 3.785198 0.000804
2.706032 3.936605 0.000804
2.706032 4.088013 0.000804
2.706032 4.239421 0.000804
2.706032 4.390829 0.000804
2.706032 4.542237 0.000804
2.706032 4.693645 0.000804
2.706032 4.845053 0.000804
2.706032 4.996461 0.000804
