4.026532 5.531042 0.018690
3.806262 5.751311 0.018690
3.585993 5.971581 0.018690
3.365723 6.191851 0.018690
3.145453 6.412120 0.018690
2.925184 6.632390 0.018690
2.704914 6.852659 0.018690
2.484645 7.072929 0.018690
2.264375 7.293199 0.018690
2.000366 7.403333 0.018465
1.692617 7.403333 0.018465
1.384869 7.403333 0.018465
1.077120 7.403333 0.018465
0.769372 7.403333 0.018465
0.461623 7.403333 0.018465
0.153874 7.403333 0.018465
-0.153874 7.403333 0.018465
-0.461623 7.403333 0.018465
-0.769372 7.403333 0.018465
-1.077120 7.403333 0.018465
-1.384869 7.403333 0.018465
-1.692617 7.403333 0.018465
-2.000366 7.403333 0.018465
-2.264375 7.293199 0.018690
-2.484645 7.072929 0.018690
-2.704914 6.852659 0.018690
-2.925184 6.632390 0.018690
-3.145453 6.412120 0.018690
-3.365723 6.191851 0.018690
-3.585993 5.971581 0.018690
-3.806262 5.751311 0.018690
-4.026532 5.531042 0.018690
-4.136667 5.270326 0.018070
-4.136667 4.969165 0.018070
-4.136667 4.668003 0.018070
-4.136667 4.366842 0.018070
-4.136667 4.065680 0.018070
-4.136667 3.764519 0.018070
-4.136667 3.463357 0.018070
-4.136667 3.162196 0.018070
-4.136667 2.861034 0.018070
-4.136667 2.559873 0.018070
-4.136667 2.258711 0.018070
-4.136667 1.957550 0.018070
-4.136667 1.656388 0.018070
-4.136667 1.355227 0.018070
-4.136667 1.054065 0.018070
-4.136667 0.752904 0.018070
-4.136667 0.451742 0.018070
-4.136667 0.150581 0.018070
-4.136667 -0.150581 0.018070
-4.136667 -0.451742 0.018070
-4.136667 -0.752904 0.018070
-4.136667 -1.054065 0.018070
-4.136667 -1.355227 0.018070
-4.136667 -1.656388 0.018070
-4.136667 -1.957550 0.018070
-4.136667 -2.258711 0.018070
-4.136667 -2.559873 0.018070
-4.136667 -2.861034 0.018070
-4.136667 -3.162196 0.018070
-4.136667 -3.463357 0.018070
-4.136667 -3.764519 0.018070
-4.136667 -4.065680 0.018070
-4.136667 -4.366842 0.018070
-4.136667 -4.668003 0.018070
-4.136667 -4.969165 0.018070
-4.136667 -5.270326 0.018070
-4.026532 -5.531042 0.018690
-3.806262 -5.751311 0.018690
-3.585993 -5.971581 0.018690
-3.365723 -6.191851 0.018690
-3.145453 -6.412120 0.018690
-2.925184 -6.632390 0.018690
-2.704914 -6.852659 0.018690
-2.484645 -7.072929 0.018690
-2.264375 -7.293199 0.018690
-2.000366 -7.403333 0.018465
-1.692617 -7.403333 0.018465
-1.384869 -7.403333 0.018465
-1.077120 -7.403333 0.018465
-0.769372 -7.403333 0.018465
-0.461623 -7.403333 0.018465
-0.153874 -7.403333 0.018465
0.153874 -7.403333 0.018465
0.461623 -7.403333 0.018465
0.769372 -7.403333 0.018465
1.077120 -7.403333 0.018465
1.384869 -7.403333 0.018465
1.692617 -7.403333 0.018465
2.000366 -7.403333 0.018465
2.264375 -7.293199 0.018690
2.484645 -7.072929 0.018690
2.704914 -6.852659 0.018690
2.925184 -6.632390 0.018690
3.145453 -6.412120 0.018690
3.365723 -6.191851 0.018690
3.585993 -5.971581 0.018690
3.806262 -5.751311 0.018690
4.026532 -5.531042 0.018690
4.136667 -5.270326 0.018070
4.136667 -4.969165 0.018070
4.136667 -4.668003 0.018070
4.136667 -4.366842 0.018070
4.136667 -4.065680 0.018070
4.136667 -3.764519 0.018070
4.136667 -3.463357 0.018070
4.136667 -3.162196 0.018070
4.136667 -2.861034 0.018070
4.136667 -2.559873 0.018070
4.136667 -2.258711 0.018070
4.136667 -1.957550 0.018070
4.136667 -1.656388 0.018070
4.136667 -1.355227 0.018070
4.136667 -1.054065 0.018070
4.136667 -0.752904 0.018070
4.136667 -0.451742 0.018070
4.136667 -0.150581 0.018070
4.136667 0.150581 0.018070
4.136667 0.451742 0.018070
4.136667 0.752904 0.018070
4.136667 1.054065 0.018070
4.136667 1.355227 0.018070
4.136667 1.656388 0.018070
4.136667 1.957550 0.018070
4.136667 2.258711 0.018070
4.136667 2.559873 0.018070
4.136667 2.861034 0.018070
4.136667 3.162196 0.018070
4.136667 3.463357 0.018070
4.136667 3.764519 0.018070
4.136667 4.065680 0.018070
4.136667 4.366842 0.018070
4.136667 4.668003 0.018070
4.136667 4.969165 0.018070
4.136667 5.270326 0.018070
2.460404 4.982022 0.023124
2.187880 5.254547 0.023124
1.915355 5.527071 0.023124
1.617357 5.663333 0.019408
1.293886 5.663333 0.019408
0.970414 5.663333 0.019408
0.646943 5.663333 0.019408
0.323471 5.663333 0.019408
0.000000 5.663333 0.019408
-0.323471 5.663333 0.019408
-0.646943 5.663333 0.019408
-0.970414 5.663333 0.019408
-1.293886 5.663333 0.019408
-1.617357 5.663333 0.019408
-1.915355 5.527071 0.023124
-2.187880 5.254547 0.023124
-2.460404 4.982022 0.023124
-2.596667 4.694330 0.018172
-2.596667 4.391470 0.018172
-2.596667 4.088610 0.018172
-2.596667 3.785750 0.018172
-2.596667 3.482890 0.018172
-2.596667 3.180030 0.018172
-2.596667 2.877170 0.018172
-2.596667 2.574310 0.018172
-2.596667 2.271450 0.018172
-2.596667 1.968590 0.018172
-2.596667 1.665730 0.018172
-2.596667 1.362870 0.018172
-2.596667 1.060010 0.018172
-2.596667 0.757150 0.018172
-2.596667 0.454290 0.018172
-2.596667 0.151430 0.018172
-2.596667 -0.151430 0.018172
-2.596667 -0.454290 0.018172
-2.596667 -0.757150 0.018172
-2.596667 -1.060010 0.018172
-2.596667 -1.362870 0.018172
-2.596667 -1.665730 0.018172
-2.596667 -1.968590 0.018172
-2.596667 -2.271450 0.018172
-2.596667 -2.574310 0.018172
-2.596667 -2.877170 0.018172
-2.596667 -3.180030 0.018172
-2.596667 -3.482890 0.018172
-2.596667 -3.785750 0.018172
-2.596667 -4.088610 0.018172
-2.596667 -4.391470 0.018172
-2.596667 -4.694330 0.018172
-2.460404 -4.982022 0.023124
-2.187880 -5.254547 0.023124
-1.915355 -5.527071 0.023124
-1.617357 -5.663333 0.019408
-1.293886 -5.663333 0.019408
-0.970414 -5.663333 0.019408
-0.646943 -5.663333 0.019408
-0.323471 -5.663333 0.019408
0.000000 -5.663333 0.019408
0.323471 -5.663333 0.019408
0.646943 -5.663333 0.019408
0.970414 -5.663333 0.019408
1.293886 -5.663333 0.019408
1.617357 -5.663333 0.019408
1.915355 -5.527071 0.023124
2.187880 -5.254547 0.023124
2.460404 -4.982022 0.023124
2.596667 -4.694330 0.018172
2.596667 -4.391470 0.018172
2.596667 -4.088610 0.018172
2.596667 -3.785750 0.018172
2.596667 -3.482890 0.018172
2.596667 -3.180030 0.018172
2.596667 -2.877170 0.018172
2.596667 -2.574310 0.018172
2.596667 -2.271450 0.018172
2.596667 -1.968590 0.018172
2.596667 -1.665730 0.018172
2.596667 -1.362870 0.018172
2.596667 -1.060010 0.018172
2.596667 -0.757150 0.018172
2.596667 -0.454290 0.018172
2.596667 -0.151430 0.018172
2.596667 0.151430 0.018172
2.596667 0.454290 0.018172
2.596667 0.757150 0.018172
2.596667 1.060010 0.018172
2.596667 1.362870 0.018172
2.596667 1.665730 0.018172
2.596667 1.968590 0.018172
2.596667 2.271450 0.018172
2.596667 2.574310 0.018172
2.596667 2.877170 0.018172
2.596667 3.180030 0.018172
2.596667 3.482890 0.018172
2.596667 3.785750 0.018172
2.596667 4.088610 0.018172
2.596667 4.391470 0.018172
2.596667 4.694330 0.018172
