3.978913 5.357232 0.018690
3.758643 5.577502 0.018690
3.538374 5.797771 0.018690
3.318104 6.018041 0.018690
3.097834 6.238311 0.018690
2.877565 6.458580 0.018690
2.657295 6.678850 0.018690
2.437026 6.899119 0.018690
2.216756 7.119389 0.018690
1.956148 7.229524 0.018057
1.655202 7.229524 0.018057
1.354256 7.229524 0.018057
1.053311 7.229524 0.018057
0.752365 7.229524 0.018057
0.451419 7.229524 0.018057
0.150473 7.229524 0.018057
-0.150473 7.229524 0.018057
-0.451419 7.229524 0.018057
-0.752365 7.229524 0.018057
-1.053311 7.229524 0.018057
-1.354256 7.229524 0.018057
-1.655202 7.229524 0.018057
-1.956148 7.229524 0.018057
-2.216756 7.119389 0.018690
-2.437026 6.899119 0.018690
-2.657295 6.678850 0.018690
-2.877565 6.458580 0.018690
-3.097834 6.238311 0.018690
-3.318104 6.018041 0.018690
-3.538374 5.797771 0.018690
-3.758643 5.577502 0.018690
-3.978913 5.357232 0.018690
-4.089048 5.097180 0.017990
-4.089048 4.797346 0.017990
-4.089048 4.497512 0.017990
-4.089048 4.197678 0.017990
-4.089048 3.897844 0.017990
-4.089048 3.598010 0.017990
-4.089048 3.298176 0.017990
-4.089048 2.998341 0.017990
-4.089048 2.698507 0.017990
-4.089048 2.398673 0.017990
-4.089048 2.098839 0.017990
-4.089048 1.799005 0.017990
-4.089048 1.499171 0.017990
-4.089048 1.199337 0.017990
-4.089048 0.899502 0.017990
-4.089048 0.599668 0.017990
-4.089048 0.299834 0.017990
-4.089048 0.000000 0.017990
-4.089048 -0.299834 0.017990
-4.089048 -0.599668 0.017990
-4.089048 -0.899502 0.017990
-4.089048 -1.199337 0.017990
-4.089048 -1.499171 0.017990
-4.089048 -1.799005 0.017990
-4.089048 -2.098839 0.017990
-4.089048 -2.398673 0.017990
-4.089048 -2.698507 0.017990
-4.089048 -2.998341 0.017990
-4.089048 -3.298176 0.017990
-4.089048 -3.598010 0.017990
-4.089048 -3.897844 0.017990
-4.089048 -4.197678 0.017990
-4.089048 -4.497512 0.017990
-4.089048 -4.797346 0.017990
-4.089048 -5.097180 0.017990
-3.978913 -5.357232 0.018690
-3.758643 -5.577502 0.018690
-3.538374 -5.797771 0.018690
-3.318104 -6.018041 0.018690
-3.097834 -6.238311 0.018690
-2.877565 -6.458580 0.018690
-2.657295 -6.678850 0.018690
-2.437026 -6.899119 0.018690
-2.216756 -7.119389 0.018690
-1.956148 -7.229524 0.018057
-1.655202 -7.229524 0.018057
-1.354256 -7.229524 0.018057
-1.053311 -7.229524 0.018057
-0.752365 -7.229524 0.018057
-0.451419 -7.229524 0.018057
-0.150473 -7.229524 0.018057
0.150473 -7.229524 0.018057
0.451419 -7.229524 0.018057
0.752365 -7.229524 0.018057
1.053311 -7.229524 0.018057
1.354256 -7.229524 0.018057
1.655202 -7.229524 0.018057
1.956148 -7.229524 0.018057
2.216756 -7.119389 0.018690
2.437026 -6.899119 0.018690
2.657295 -6.678850 0.018690
2.877565 -6.458580 0.018690
3.097834 -6.238311 0.018690
3.318104 -6.018041 0.018690
3.538374 -5.797771 0.018690
3.758643 -5.577502 0.018690
3.978913 -5.357232 0.018690
4.089048 -5.097180 0.017990
4.089048 -4.797346 0.017990
4.089048 -4.497512 0.017990
4.089048 -4.197678 0.017990
4.089048 -3.897844 0.017990
4.089048 -3.598010 0.017990
4.089048 -3.298176 0.017990
4.089048 -2.998341 0.017990
4.089048 -2.698507 0.017990
4.089048 -2.398673 0.017990
4.089048 -2.098839 0.017990
4.089048 -1.799005 0.017990
4.089048 -1.499171 0.017990
4.089048 -1.199337 0.017990
4.089048 -0.899502 0.017990
4.089048 -0.599668 0.017990
4.089048 -0.299834 0.017990
4.089048 0.000000 0.017990
4.089048 0.299834 0.017990
4.089048 0.599668 0.017990
4.089048 0.899502 0.017990
4.089048 1.199337 0.017990
4.089048 1.499171 0.017990
4.089048 1.799005 0.017990
4.089048 2.098839 0.017990
4.089048 2.398673 0.017990
4.089048 2.698507 0.017990
4.089048 2.998341 0.017990
4.089048 3.298176 0.017990
4.089048 3.598010 0.017990
4.089048 3.897844 0.017990
4.089048 4.197678 0.017990
4.089048 4.497512 0.017990
4.089048 4.797346 0.017990
4.089048 5.097180 0.017990
2.412785 4.808212 0.023124
2.140261 5.080737 0.023124
1.867736 5.353262 0.023124
1.574067 5.489524 0.018889
1.259254 5.489524 0.018889
0.944440 5.489524 0.018889
0.629627 5.489524 0.018889
0.314813 5.489524 0.018889
0.000000 5.489524 0.018889
-0.314813 5.489524 0.018889
-0.629627 5.489524 0.018889
-0.944440 5.489524 0.018889
-1.259254 5.489524 0.018889
-1.574067 5.489524 0.018889
-1.867736 5.353262 0.023124
-2.140261 5.080737 0.023124
-2.412785 4.808212 0.023124
-2.549048 4.521242 0.018085
-2.549048 4.219826 0.018085
-2.549048 3.918410 0.018085
-2.549048 3.616994 0.018085
-2.549048 3.315578 0.018085
-2.549048 3.014161 0.018085
-2.549048 2.712745 0.018085
-2.549048 2.411329 0.018085
-2.549048 2.109913 0.018085
-2.549048 1.808497 0.018085
-2.549048 1.507081 0.018085
-2.549048 1.205665 0.018085
-2.549048 0.904248 0.018085
-2.549048 0.602832 0.018085
-2.549048 0.301416 0.018085
-2.549048 0.000000 0.018085
-2.549048 -0.301416 0.018085
-2.549048 -0.602832 0.018085
-2.549048 -0.904248 0.018085
-2.549048 -1.205665 0.018085
-2.549048 -1.507081 0.018085
-2.549048 -1.808497 0.018085
-2.549048 -2.109913 0.018085
-2.549048 -2.411329 0.018085
-2.549048 -2.712745 0.018085
-2.549048 -3.014161 0.018085
-2.549048 -3.315578 0.018085
-2.549048 -3.616994 0.018085
-2.549048 -3.918410 0.018085
-2.549048 -4.219826 0.018085
-2.549048 -4.521242 0.018085
-2.412785 -4.808212 0.023124
-2.140261 -5.080737 0.023124
-1.867736 -5.353262 0.023124
-1.574067 -5.489524 0.018889
-1.259254 -5.489524 0.018889
-0.944440 -5.489524 0.018889
-0.629627 -5.489524 0.018889
-0.314813 -5.489524 0.018889
0.000000 -5.489524 0.018889
0.314813 -5.489524 0.018889
0.629627 -5.489524 0.018889
0.944440 -5.489524 0.018889
1.259254 -5.489524 0.018889
1.574067 -5.489524 0.018889
1.867736 -5.353262 0.023124
2.140261 -5.080737 0.023124
2.412785 -4.808212 0.023124
2.549048 -4.521242 0.018085
2.549048 -4.219826 0.018085
2.549048 -3.918410 0.018085
2.549048 -3.616994 0.018085
2.549048 -3.315578 0.018085
2.549048 -3.014161 0.018085
2.549048 -2.712745 0.018085
2.549048 -2.411329 0.018085
2.549048 -2.109913 0.018085
2.549048 -1.808497 0.018085
2.549048 -1.507081 0.018085
2.549048 -1.205665 0.018085
2.549048 -0.904248 0.018085
2.549048 -0.602832 0.018085
2.549048 -0.301416 0.018085
2.549048 0.000000 0.018085
2.549048 0.301416 0.018085
2.549048 0.602832 0.018085
2.549048 0.904248 0.018085
2.549048 1.205665 0.018085
2.549048 1.507081 0.018085
2.549048 1.808497 0.018085
2.549048 2.109913 0.018085
2.549048 2.411329 0.018085
2.549048 2.712745 0.018085
2.549048 3.014161 0.018085
2.549048 3.315578 0.018085
2.549048 3.616994 0.018085
2.549048 3.918410 0.018085
2.549048 4.219826 0.018085
2.549048 4.521242 0.018085
