3.915421 5.125486 0.018690
3.695151 5.345756 0.018690
3.474882 5.566025 0.018690
3.254612 5.786295 0.018690
3.034342 6.006565 0.018690
2.814073 6.226834 0.018690
2.593803 6.447104 0.018690
2.373534 6.667373 0.018690
2.153264 6.887643 0.018690
1.885965 6.997778 0.018860
1.571638 6.997778 0.018860
1.257310 6.997778 0.018860
0.942983 6.997778 0.018860
0.628655 6.997778 0.018860
0.314328 6.997778 0.018860
0.000000 6.997778 0.018860
-0.314328 6.997778 0.018860
-0.628655 6.997778 0.018860
-0.942983 6.997778 0.018860
-1.257310 6.997778 0.018860
-1.571638 6.997778 0.018860
-1.885965 6.997778 0.018860
-2.153264 6.887643 0.018690
-2.373534 6.667373 0.018690
-2.593803 6.447104 0.018690
-2.814073 6.226834 0.018690
-3.034342 6.006565 0.018690
-3.254612 5.786295 0.018690
-3.474882 5.566025 0.018690
-3.695151 5.345756 0.018690
-3.915421 5.125486 0.018690
-4.025556 4.863371 0.018238
-4.025556 4.559410 0.018238
-4.025556 4.255450 0.018238
-4.025556 3.951489 0.018238
-4.025556 3.647528 0.018238
-4.025556 3.343568 0.018238
-4.025556 3.039607 0.018238
-4.025556 2.735646 0.018238
-4.025556 2.431686 0.018238
-4.025556 2.127725 0.018238
-4.025556 1.823764 0.018238
-4.025556 1.519803 0.018238
-4.025556 1.215843 0.018238
-4.025556 0.911882 0.018238
-4.025556 0.607921 0.018238
-4.025556 0.303961 0.018238
-4.025556 0.000000 0.018238
-4.025556 -0.303961 0.018238
-4.025556 -0.607921 0.018238
-4.025556 -0.911882 0.018238
-4.025556 -1.215843 0.018238
-4.025556 -1.519803 0.018238
-4.025556 -1.823764 0.018238
-4.025556 -2.127725 0.018238
-4.025556 -2.431686 0.018238
-4.025556 -2.735646 0.018238
-4.025556 -3.039607 0.018238
-4.025556 -3.343568 0.018238
-4.025556 -3.647528 0.018238
-4.025556 -3.951489 0.018238
-4.025556 -4.255450 0.018238
-4.025556 -4.559410 0.018238
-4.025556 -4.863371 0.018238
-3.915421 -5.125486 0.018690
-3.695151 -5.345756 0.018690
-3.474882 -5.566025 0.018690
-3.254612 -5.786295 0.018690
-3.034342 -6.006565 0.018690
-2.814073 -6.226834 0.018690
-2.593803 -6.447104 0.018690
-2.373534 -6.667373 0.018690
-2.153264 -6.887643 0.018690
-1.885965 -6.997778 0.018860
-1.571638 -6.997778 0.018860
-1.257310 -6.997778 0.018860
-0.942983 -6.997778 0.018860
-0.628655 -6.997778 0.018860
-0.314328 -6.997778 0.018860
0.000000 -6.997778 0.018860
0.314328 -6.997778 0.018860
0.628655 -6.997778 0.018860
0.942983 -6.997778 0.018860
1.257310 -6.997778 0.018860
1.571638 -6.997778 0.018860
1.885965 -6.997778 0.018860
2.153264 -6.887643 0.018690
2.373534 -6.667373 0.018690
2.593803 -6.447104 0.018690
2.814073 -6.226834 0.018690
3.034342 -6.006565 0.018690
3.254612 -5.786295 0.018690
3.474882 -5.566025 0.018690
3.695151 -5.345756 0.018690
3.915421 -5.125486 0.018690
4.025556 -4.863371 0.018238
4.025556 -4.559410 0.018238
4.025556 -4.255450 0.018238
4.025556 -3.951489 0.018238
4.025556 -3.647528 0.018238
4.025556 -3.343568 0.018238
4.025556 -3.039607 0.018238
4.025556 -2.735646 0.018238
4.025556 -2.431686 0.018238
4.025556 -2.127725 0.018238
4.025556 -1.823764 0.018238
4.025556 -1.519803 0.018238
4.025556 -1.215843 0.018238
4.025556 -0.911882 0.018238
4.025556 -0.607921 0.018238
4.025556 -0.303961 0.018238
4.025556 0.000000 0.018238
4.025556 0.303961 0.018238
4.025556 0.607921 0.018238
4.025556 0.911882 0.018238
4.025556 1.215843 0.018238
4.025556 1.519803 0.018238
4.025556 1.823764 0.018238
4.025556 2.127725 0.018238
4.025556 2.431686 0.018238
4.025556 2.735646 0.018238
4.025556 3.039607 0.018238
4.025556 3.343568 0.018238
4.025556 3.647528 0.018238
4.025556 3.951489 0.018238
4.025556 4.255450 0.018238
4.025556 4.559410 0.018238
4.025556 4.863371 0.018238
2.349293 4.576466 0.023124
2.076769 4.848991 0.023124
1.804244 5.121516 0.023124
1.516347 5.257778 0.018196
1.213078 5.257778 0.018196
0.909808 5.257778 0.018196
0.606539 5.257778 0.018196
0.303269 5.257778 0.018196
0.000000 5.257778 0.018196
-0.303269 5.257778 0.018196
-0.606539 5.257778 0.018196
-0.909808 5.257778 0.018196
-1.213078 5.257778 0.018196
-1.516347 5.257778 0.018196
-1.804244 5.121516 0.023124
-2.076769 4.848991 0.023124
-2.349293 4.576466 0.023124
-2.485556 4.287094 0.018373
-2.485556 3.980873 0.018373
-2.485556 3.674652 0.018373
-2.485556 3.368431 0.018373
-2.485556 3.062210 0.018373
-2.485556 2.755989 0.018373
-2.485556 2.449768 0.018373
-2.485556 2.143547 0.018373
-2.485556 1.837326 0.018373
-2.485556 1.531105 0.018373
-2.485556 1.224884 0.018373
-2.485556 0.918663 0.018373
-2.485556 0.612442 0.018373
-2.485556 0.306221 0.018373
-2.485556 0.000000 0.018373
-2.485556 -0.306221 0.018373
-2.485556 -0.612442 0.018373
-2.485556 -0.918663 0.018373
-2.485556 -1.224884 0.018373
-2.485556 -1.531105 0.018373
-2.485556 -1.837326 0.018373
-2.485556 -2.143547 0.018373
-2.485556 -2.449768 0.018373
-2.485556 -2.755989 0.018373
-2.485556 -3.062210 0.018373
-2.485556 -3.368431 0.018373
-2.485556 -3.674652 0.018373
-2.485556 -3.980873 0.018373
-2.485556 -4.287094 0.018373
-2.349293 -4.576466 0.023124
-2.076769 -4.848991 0.023124
-1.804244 -5.121516 0.023124
-1.516347 -5.257778 0.018196
-1.213078 -5.257778 0.018196
-0.909808 -5.257778 0.018196
-0.606539 -5.257778 0.018196
-0.303269 -5.257778 0.018196
0.000000 -5.257778 0.018196
0.303269 -5.257778 0.018196
0.606539 -5.257778 0.018196
0.909808 -5.257778 0.018196
1.213078 -5.257778 0.018196
1.516347 -5.257778 0.018196
1.804244 -5.121516 0.023124
2.076769 -4.848991 0.023124
2.349293 -4.576466 0.023124
2.485556 -4.287094 0.018373
2.485556 -3.980873 0.018373
2.485556 -3.674652 0.018373
2.485556 -3.368431 0.018373
2.485556 -3.062210 0.018373
2.485556 -2.755989 0.018373
2.485556 -2.449768 0.018373
2.485556 -2.143547 0.018373
2.485556 -1.837326 0.018373
2.485556 -1.531105 0.018373
2.485556 -1.224884 0.018373
2.485556 -0.918663 0.018373
2.485556 -0.612442 0.018373
2.485556 -0.306221 0.018373
2.485556 0.000000 0.018373
2.485556 0.306221 0.018373
2.485556 0.612442 0.018373
2.485556 0.918663 0.018373
2.485556 1.224884 0.018373
2.485556 1.531105 0.018373
2.485556 1.837326 0.018373
2.485556 2.143547 0.018373
2.485556 2.449768 0.018373
2.485556 2.755989 0.018373
2.485556 3.062210 0.018373
2.485556 3.368431 0.018373
2.485556 3.674652 0.018373
2.485556 3.980873 0.018373
2.485556 4.287094 0.018373
