4.059048 5.234671 0.001612
3.949889 5.343829 0.001612
3.840731 5.452988 0.001612
3.731572 5.562146 0.001612
3.622414 5.671305 0.001612
3.513255 5.780463 0.001612
3.404097 5.889622 0.001612
3.294938 5.998780 0.001612
3.185780 6.107939 0.001612
3.076621 6.217097 0.001612
2.967463 6.326256 0.001612
2.858304 6.435414 0.001612
2.749146 6.544573 0.001612
2.639987 6.653731 0.001612
2.530829 6.762890 0.001612
2.421670 6.872048 0.001612
2.312512 6.981207 0.001612
2.203353 7.090365 0.001612
2.094195 7.199524 0.001612
1.939069 7.199524 0.001612
1.783944 7.199524 0.001612
1.628818 7.199524 0.001612
1.473693 7.199524 0.001612
1.318567 7.199524 0.001612
1.163442 7.199524 0.001612
1.008316 7.199524 0.001612
0.853190 7.199524 0.001612
0.698065 7.199524 0.001612
0.542939 7.199524 0.001612
0.387814 7.199524 0.001612
0.232688 7.199524 0.001612
0.077563 7.199524 0.001612
-0.077563 7.199524 0.001612
-0.232688 7.199524 0.001612
-0.387814 7.199524 0.001612
-0.542939 7.199524 0.001612
-0.698065 7.199524 0.001612
-0.853190 7.199524 0.001612
-1.008316 7.199524 0.001612
-1.163442 7.199524 0.001612
-1.318567 7.199524 0.001612
-1.473693 7.199524 0.001612
-1.628818 7.199524 0.001612
-1.783944 7.199524 0.001612
-1.939069 7.199524 0.001612
-2.094195 7.199524 0.001612
-2.203353 7.090365 0.001612
-2.312512 6.981207 0.001612
-2.421670 6.872048 0.001612
-2.530829 6.762890 0.001612
-2.639987 6.653731 0.001612
-2.749146 6.544573 0.001612
-2.858304 6.435414 0.001612
-2.967463 6.326256 0.001612
-3.076621 6.217097 0.001612
-3.185780 6.107939 0.001612
-3.294938 5.998780 0.001612
-3.404097 5.889622 0.001612
-3.513255 5.780463 0.001612
-3.622414 5.671305 0.001612
-3.731572 5.562146 0.001612
-3.840731 5.452988 0.001612
-3.949889 5.343829 0.001612
-4.059048 5.234671 0.001612
-4.059048 5.082941 0.001612
-4.059048 4.931212 0.001612
-4.059048 4.779482 0.001612
-4.059048 4.627753 0.001612
-4.059048 4.476023 0.001612
-4.059048 4.324293 0.001612
-4.059048 4.172564 0.001612
-4.059048 4.020834 0.001612
-4.059048 3.869105 0.001612
-4.059048 3.717375 0.001612
-4.059048 3.565645 0.001612
-4.059048 3.413916 0.001612
-4.059048 3.262186 0.001612
-4.059048 3.110457 0.001612
-4.059048 2.958727 0.001612
-4.059048 2.806997 0.001612
-4.059048 2.655268 0.001612
-4.059048 2.503538 0.001612
-4.059048 2.351809 0.001612
-4.059048 2.200079 0.001612
-4.059048 2.048350 0.001612
-4.059048 1.896620 0.001612
-4.059048 1.744890 0.001612
-4.059048 1.593161 0.001612
-4.059048 1.441431 0.001612
-4.059048 1.289702 0.001612
-4.059048 1.137972 0.001612
-4.059048 0.986242 0.001612
-4.059048 0.834513 0.001612
-4.059048 0.682783 0.001612
-4.059048 0.531054 0.001612
-4.059048 0.379324 0.001612
-4.059048 0.227594 0.001612
-4.059048 0.075865 0.001612
-4.059048 -0.075865 0.001612
-4.059048 -0.227594 0.001612
-4.059048 -0.379324 0.001612
-4.059048 -0.531054 0.001612
-4.059048 -0.682783 0.001612
-4.059048 -0.834513 0.001612
-4.059048 -0.986242 0.001612
-4.059048 -1.137972 0.001612
-4.059048 -1.289702 0.001612
-4.059048 -1.441431 0.001612
-4.059048 -1.593161 0.001612
-4.059048 -1.744890 0.001612
-4.059048 -1.896620 0.001612
-4.059048 -2.048350 0.001612
-4.059048 -2.200079 0.001612
-4.059048 -2.351809 0.001612
-4.059048 -2.503538 0.001612
-4.059048 -2.655268 0.001612
-4.059048 -2.806997 0.001612
-4.059048 -2.958727 0.001612
-4.059048 -3.110457 0.001612
-4.059048 -3.262186 0.001612
-4.059048 -3.413916 0.001612
-4.059048 -3.565645 0.001612
-4.059048 -3.717375 0.001612
-4.059048 -3.869105 0.001612
-4.059048 -4.020834 0.001612
-4.059048 -4.172564 0.001612
-4.059048 -4.324293 0.001612
-4.059048 -4.476023 0.001612
-4.059048 -4.627753 0.001612
-4.059048 -4.779482 0.001612
-4.059048 -4.931212 0.001612
-4.059048 -5.082941 0.001612
-4.059048 -5.234671 0.001612
-3.949889 -5.343829 0.001612
-3.840731 -5.452988 0.001612
-3.731572 -5.562146 0.001612
-3.622414 -5.671305 0.001612
-3.513255 -5.780463 0.001612
-3.404097 -5.889622 0.001612
-3.294938 -5.998780 0.001612
-3.185780 -6.107939 0.001612
-3.076621 -6.217097 0.001612
-2.967463 -6.326256 0.001612
-2.858304 -6.435414 0.001612
-2.749146 -6.544573 0.001612
-2.639987 -6.653731 0.001612
-2.530829 -6.762890 0.001612
-2.421670 -6.872048 0.001612
-2.312512 -6.981207 0.001612
-2.203353 -7.090365 0.001612
-2.094195 -7.199524 0.001612
-1.939069 -7.199524 0.001612
-1.783944 -7.199524 0.001612
-1.628818 -7.199524 0.001612
-1.473693 -7.199524 0.001612
-1.318567 -7.199524 0.001612
-1.163442 -7.199524 0.001612
-1.008316 -7.199524 0.001612
-0.853190 -7.199524 0.001612
-0.698065 -7.199524 0.001612
-0.542939 -7.199524 0.001612
-0.387814 -7.199524 0.001612
-0.232688 -7.199524 0.001612
-0.077563 -7.199524 0.001612
0.077563 -7.199524 0.001612
0.232688 -7.199524 0.001612
0.387814 -7.199524 0.001612
0.542939 -7.199524 0.001612
0.698065 -7.199524 0.001612
0.853190 -7.199524 0.001612
1.008316 -7.199524 0.001612
1.163442 -7.199524 0.001612
1.318567 -7.199524 0.001612
1.473693 -7.199524 0.001612
1.628818 -7.199524 0.001612
1.783944 -7.199524 0.001612
1.939069 -7.199524 0.001612
2.094195 -7.199524 0.001612
2.203353 -7.090365 0.001612
2.312512 -6.981207 0.001612
2.421670 -6.872048 0.001612
2.530829 -6.762890 0.001612
2.639987 -6.653731 0.001612
2.749146 -6.544573 0.001612
2.858304 -6.435414 0.001612
2.967463 -6.326256 0.001612
3.076621 -6.217097 0.001612
3.185780 -6.107939 0.001612
3.294938 -5.998780 0.001612
3.404097 -5.889622 0.001612
3.513255 -5.780463 0.001612
3.622414 -5.671305 0.001612
3.731572 -5.562146 0.001612
3.840731 -5.452988 0.001612
3.949889 -5.343829 0.001612
4.059048 -5.234671 0.001612
4.059048 -5.082941 0.001612
4.059048 -4.931212 0.001612
4.059048 -4.779482 0.001612
4.059048 -4.627753 0.001612
4.059048 -4.476023 0.001612
4.059048 -4.324293 0.001612
4.059048 -4.172564 0.001612
4.059048 -4.020834 0.001612
4.059048 -3.869105 0.001612
4.059048 -3.717375 0.001612
4.059048 -3.565645 0.001612
4.059048 -3.413916 0.001612
4.059048 -3.262186 0.001612
4.059048 -3.110457 0.001612
4.059048 -2.958727 0.001612
4.059048 -2.806997 0.001612
4.059048 -2.655268 0.001612
4.059048 -2.503538 0.001612
4.059048 -2.351809 0.001612
4.059048 -2.200079 0.001612
4.059048 -2.048350 0.001612
4.059048 -1.896620 0.001612
4.059048 -1.744890 0.001612
4.059048 -1.593161 0.001612
4.059048 -1.441431 0.001612
4.059048 -1.289702 0.001612
4.059048 -1.137972 0.001612
4.059048 -0.986242 0.001612
4.059048 -0.834513 0.001612
4.059048 -0.682783 0.001612
4.059048 -0.531054 0.001612
4.059048 -0.379324 0.001612
4.059048 -0.227594 0.001612
4.059048 -0.075865 0.001612
4.059048 0.075865 0.001612
4.059048 0.227594 0.001612
4.059048 0.379324 0.001612
4.059048 0.531054 0.001612
4.059048 0.682783 0.001612
4.059048 0.834513 0.001612
4.059048 0.986242 0.001612
4.059048 1.137972 0.001612
4.059048 1.289702 0.001612
4.059048 1.441431 0.001612
4.059048 1.593161 0.001612
4.059048 1.744890 0.001612
4.059048 1.896620 0.001612
4.059048 2.048350 0.001612
4.059048 2.200079 0.001612
4.059048 2.351809 0.001612
4.059048 2.503538 0.001612
4.059048 2.655268 0.001612
4.059048 2.806997 0.001612
4.059048 2.958727 0.001612
4.059048 3.110457 0.001612
4.059048 3.262186 0.001612
4.059048 3.413916 0.001612
4.059048 3.565645 0.001612
4.059048 3.717375 0.001612
4.059048 3.869105 0.001612
4.059048 4.020834 0.001612
4.059048 4.172564 0.001612
4.059048 4.324293 0.001612
4.059048 4.476023 0.001612
4.059048 4.627753 0.001612
4.059048 4.779482 0.001612
4.059048 4.931212 0.001612
4.059048 5.082941 0.001612
2.579048 4.684377 0.000804
2.459741 4.803683 0.000804
2.340434 4.922990 0.000804
2.221127 5.042297 0.000804
2.101821 5.161604 0.000804
1.982514 5.280910 0.000804
1.863207 5.400217 0.000804
1.743900 5.519524 0.000804
1.592257 5.519524 0.000804
1.440613 5.519524 0.000804
1.288970 5.519524 0.000804
1.137326 5.519524 0.000804
0.985683 5.519524 0.000804
0.834039 5.519524 0.000804
0.682396 5.519524 0.000804
0.530752 5.519524 0.000804
0.379109 5.519524 0.000804
0.227465 5.519524 0.000804
0.075822 5.519524 0.000804
-0.075822 5.519524 0.000804
-0.227465 5.519524 0.000804
-0.379109 5.519524 0.000804
-0.530752 5.519524 0.000804
-0.682396 5.519524 0.000804
-0.834039 5.519524 0.000804
-0.985683 5.519524 0.000804
-1.137326 5.519524 0.000804
-1.288970 5.519524 0.000804
-1.440613 5.519524 0.000804
-1.592257 5.519524 0.000804
-1.743900 5.519524 0.000804
-1.863207 5.400217 0.000804
-1.982514 5.280910 0.000804
-2.101821 5.161604 0.000804
-2.221127 5.042297 0.000804
-2.340434 4.922990 0.000804
-2.459741 4.803683 0.000804
-2.579048 4.684377 0.000804
-2.579048 4.533268 0.000804
-2.579048 4.382159 0.000804
-2.579048 4.231050 0.000804
-2.579048 4.079941 0.000804
-2.579048 3.928832 0.000804
-2.579048 3.777723 0.000804
-2.579048 3.626614 0.000804
-2.579048 3.475505 0.000804
-2.579048 3.324396 0.000804
-2.579048 3.173287 0.000804
-2.579048 3.022178 0.000804
-2.579048 2.871070 0.000804
-2.579048 2.719961 0.000804
-2.579048 2.568852 0.000804
-2.579048 2.417743 0.000804
-2.579048 2.266634 0.000804
-2.579048 2.115525 0.000804
-2.579048 1.964416 0.000804
-2.579048 1.813307 0.000804
-2.579048 1.662198 0.000804
-2.579048 1.511089 0.000804
-2.579048 1.359980 0.000804
-2.579048 1.208871 0.000804
-2.579048 1.057762 0.000804
-2.579048 0.906654 0.000804
-2.579048 0.755545 0.000804
-2.579048 0.604436 0.000804
-2.579048 0.453327 0.000804
-2.579048 0.302218 0.000804
-2.579048 0.151109 0.000804
-2.579048 0.000000 0.000804
-2.579048 -0.151109 0.000804
-2.579048 -0.302218 0.000804
-2.579048 -0.453327 0.000804
-2.579048 -0.604436 0.000804
-2.579048 -0.755545 0.000804
-2.579048 -0.906654 0.000804
-2.579048 -1.057762 0.000804
-2.579048 -1.208871 0.000804
-2.579048 -1.359980 0.000804
-2.579048 -1.511089 0.000804
-2.579048 -1.662198 0.000804
-2.579048 -1.813307 0.000804
-2.579048 -1.964416 0.000804
-2.579048 -2.115525 0.000804
-2.579048 -2.266634 0.000804
-2.579048 -2.417743 0.000804
-2.579048 -2.568852 0.000804
-2.579048 -2.719961 0.000804
-2.579048 -2.871070 0.000804
-2.579048 -3.022178 0.000804
-2.579048 -3.173287 0.000804
-2.579048 -3.324396 0.000804
-2.579048 -3.475505 0.000804
-2.579048 -3.626614 0.000804
-2.579048 -3.777723 0.000804
-2.579048 -3.928832 0.000804
-2.579048 -4.079941 0.000804
-2.579048 -4.231050 0.000804
-2.579048 -4.382159 0.000804
-2.579048 -4.533268 0.000804
-2.579048 -4.684377 0.000804
-2.459741 -4.803683 0.000804
-2.340434 -4.922990 0.000804
-2.221127 -5.042297 0.000804
-2.101821 -5.161604 0.000804
-1.982514 -5.280910 0.000804
-1.863207 -5.400217 0.000804
-1.743900 -5.519524 0.000804
-1.592257 -5.519524 0.000804
-1.440613 -5.519524 0.000804
-1.288970 -5.519524 0.000804
-1.137326 -5.519524 0.000804
-0.985683 -5.519524 0.000804
-0.834039 -5.519524 0.000804
-0.682396 -5.519524 0.000804
-0.530752 -5.519524 0.000804
-0.379109 -5.519524 0.000804
-0.227465 -5.519524 0.000804
-0.075822 -5.519524 0.000804
0.075822 -5.519524 0.000804
0.227465 -5.519524 0.000804
0.379109 -5.519524 0.000804
0.530752 -5.519524 0.000804
0.682396 -5.519524 0.000804
0.834039 -5.519524 0.000804
0.985683 -5.519524 0.000804
1.137326 -5.519524 0.000804
1.288970 -5.519524 0.000804
1.440613 -5.519524 0.000804
1.592257 -5.519524 0.000804
1.743900 -5.519524 0.000804
1.863207 -5.400217 0.000804
1.982514 -5.280910 0.000804
2.101821 -5.161604 0.000804
2.221127 -5.042297 0.000804
2.340434 -4.922990 0.000804
2.459741 -4.803683 0.000804
2.579048 -4.684377 0.000804
2.579048 -4.533268 0.000804
2.579048 -4.382159 0.000804
2.579048 -4.231050 0.000804
2.579048 -4.079941 0.000804
2.579048 -3.928832 0.000804
2.579048 -3.777723 0.000804
2.579048 -3.626614 0.000804
2.579048 -3.475505 0.000804
2.579048 -3.324396 0.000804
2.579048 -3.173287 0.000804
2.579048 -3.022178 0.000804
2.579048 -2.871070 0.000804
2.579048 -2.719961 0.000804
2.579048 -2.568852 0.000804
2.579048 -2.417743 0.000804
2.579048 -2.266634 0.000804
2.579048 -2.115525 0.000804
2.579048 -1.964416 0.000804
2.579048 -1.813307 0.000804
2.579048 -1.662198 0.000804
2.579048 -1.511089 0.000804
2.579048 -1.359980 0.000804
2.579048 -1.208871 0.000804
2.579048 -1.057762 0.000804
2.579048 -0.906654 0.000804
2.579048 -0.755545 0.000804
2.579048 -0.604436 0.000804
2.579048 -0.453327 0.000804
2.579048 -0.302218 0.000804
2.579048 -0.151109 0.000804
2.579048 0.000000 0.000804
2.579048 0.151109 0.000804
2.579048 0.302218 0.000804
2.579048 0.453327 0.000804
2.579048 0.604436 0.000804
2.579048 0.755545 0.000804
2.579048 0.906654 0.000804
2.579048 1.057762 0.000804
2.579048 1.208871 0.000804
2.579048 1.359980 0.000804
2.579048 1.511089 0.000804
2.579048 1.662198 0.000804
2.579048 1.813307 0.000804
2.579048 1.964416 0.000804
2.579048 2.115525 0.000804
2.579048 2.266634 0.000804
2.579048 2.417743 0.000804
2.579048 2.568852 0.000804
2.579048 2.719961 0.000804
2.579048 2.871070 0.000804
2.579048 3.022178 0.000804
2.579048 3.173287 0.000804
2.579048 3.324396 0.000804
2.579048 3.475505 0.000804
2.579048 3.626614 0.000804
2.579048 3.777723 0.000804
2.579048 3.928832 0.000804
2.579048 4.079941 0.000804
2.579048 4.231050 0.000804
2.579048 4.382159 0.000804
2.579048 4.533268 0.000804
