4.106667 5.408481 0.001612
3.997508 5.517639 0.001612
3.888350 5.626798 0.001612
3.779191 5.735956 0.001612
3.670033 5.845114 0.001612
3.560874 5.954273 0.001612
3.451716 6.063431 0.001612
3.342557 6.172590 0.001612
3.233399 6.281748 0.001612
3.124240 6.390907 0.001612
3.015082 6.500065 0.001612
2.905923 6.609224 0.001612
2.796765 6.718382 0.001612
2.687606 6.827541 0.001612
2.578448 6.936699 0.001612
2.469289 7.045858 0.001612
2.360131 7.155016 0.001612
2.250972 7.264175 0.001612
2.141814 7.373333 0.001612
1.988827 7.373333 0.001612
1.835840 7.373333 0.001612
1.682854 7.373333 0.001612
1.529867 7.373333 0.001612
1.376880 7.373333 0.001612
1.223894 7.373333 0.001612
1.070907 7.373333 0.001612
0.917920 7.373333 0.001612
0.764934 7.373333 0.001612
0.611947 7.373333 0.001612
0.458960 7.373333 0.001612
0.305973 7.373333 0.001612
0.152987 7.373333 0.001612
0.000000 7.373333 0.001612
-0.152987 7.373333 0.001612
-0.305973 7.373333 0.001612
-0.458960 7.373333 0.001612
-0.611947 7.373333 0.001612
-0.764934 7.373333 0.001612
-0.917920 7.373333 0.001612
-1.070907 7.373333 0.001612
-1.223894 7.373333 0.001612
-1.376880 7.373333 0.001612
-1.529867 7.373333 0.001612
-1.682854 7.373333 0.001612
-1.835840 7.373333 0.001612
-1.988827 7.373333 0.001612
-2.141814 7.373333 0.001612
-2.250972 7.264175 0.001612
-2.360131 7.155016 0.001612
-2.469289 7.045858 0.001612
-2.578448 6.936699 0.001612
-2.687606 6.827541 0.001612
-2.796765 6.718382 0.001612
-2.905923 6.609224 0.001612
-3.015082 6.500065 0.001612
-3.124240 6.390907 0.001612
-3.233399 6.281748 0.001612
-3.342557 6.172590 0.001612
-3.451716 6.063431 0.001612
-3.560874 5.954273 0.001612
-3.670033 5.845114 0.001612
-3.779191 5.735956 0.001612
-3.888350 5.626798 0.001612
-3.997508 5.517639 0.001612
-4.106667 5.408481 0.001612
-4.106667 5.258245 0.001612
-4.106667 5.108009 0.001612
-4.106667 4.957774 0.001612
-4.106667 4.807538 0.001612
-4.106667 4.657303 0.001612
-4.106667 4.507067 0.001612
-4.106667 4.356832 0.001612
-4.106667 4.206596 0.001612
-4.106667 4.056360 0.001612
-4.106667 3.906125 0.001612
-4.106667 3.755889 0.001612
-4.106667 3.605654 0.001612
-4.106667 3.455418 0.001612
-4.106667 3.305183 0.001612
-4.106667 3.154947 0.001612
-4.106667 3.004711 0.001612
-4.106667 2.854476 0.001612
-4.106667 2.704240 0.001612
-4.106667 2.554005 0.001612
-4.106667 2.403769 0.001612
-4.106667 2.253534 0.001612
-4.106667 2.103298 0.001612
-4.106667 1.953062 0.001612
-4.106667 1.802827 0.001612
-4.106667 1.652591 0.001612
-4.106667 1.502356 0.001612
-4.106667 1.352120 0.001612
-4.106667 1.201885 0.001612
-4.106667 1.051649 0.001612
-4.106667 0.901413 0.001612
-4.106667 0.751178 0.001612
-4.106667 0.600942 0.001612
-4.106667 0.450707 0.001612
-4.106667 0.300471 0.001612
-4.106667 0.150236 0.001612
-4.106667 0.000000 0.001612
-4.106667 -0.150236 0.001612
-4.106667 -0.300471 0.001612
-4.106667 -0.450707 0.001612
-4.106667 -0.600942 0.001612
-4.106667 -0.751178 0.001612
-4.106667 -0.901413 0.001612
-4.106667 -1.051649 0.001612
-4.106667 -1.201885 0.001612
-4.106667 -1.352120 0.001612
-4.106667 -1.502356 0.001612
-4.106667 -1.652591 0.001612
-4.106667 -1.802827 0.001612
-4.106667 -1.953062 0.001612
-4.106667 -2.103298 0.001612
-4.106667 -2.253534 0.001612
-4.106667 -2.403769 0.001612
-4.106667 -2.554005 0.001612
-4.106667 -2.704240 0.001612
-4.106667 -2.854476 0.001612
-4.106667 -3.004711 0.001612
-4.106667 -3.154947 0.001612
-4.106667 -3.305183 0.001612
-4.106667 -3.455418 0.001612
-4.106667 -3.605654 0.001612
-4.106667 -3.755889 0.001612
-4.106667 -3.906125 0.001612
-4.106667 -4.056360 0.001612
-4.106667 -4.206596 0.001612
-4.106667 -4.356832 0.001612
-4.106667 -4.507067 0.001612
-4.106667 -4.657303 0.001612
-4.106667 -4.807538 0.001612
-4.106667 -4.957774 0.001612
-4.106667 -5.108009 0.001612
-4.106667 -5.258245 0.001612
-4.106667 -5.408481 0.001612
-3.997508 -5.517639 0.001612
-3.888350 -5.626798 0.001612
-3.779191 -5.735956 0.001612
-3.670033 -5.845114 0.001612
-3.560874 -5.954273 0.001612
-3.451716 -6.063431 0.001612
-3.342557 -6.172590 0.001612
-3.233399 -6.281748 0.001612
-3.124240 -6.390907 0.001612
-3.015082 -6.500065 0.001612
-2.905923 -6.609224 0.001612
-2.796765 -6.718382 0.001612
-2.687606 -6.827541 0.001612
-2.578448 -6.936699 0.001612
-2.469289 -7.045858 0.001612
-2.360131 -7.155016 0.001612
-2.250972 -7.264175 0.001612
-2.141814 -7.373333 0.001612
-1.988827 -7.373333 0.001612
-1.835840 -7.373333 0.001612
-1.682854 -7.373333 0.001612
-1.529867 -7.373333 0.001612
-1.376880 -7.373333 0.001612
-1.223894 -7.373333 0.001612
-1.070907 -7.373333 0.001612
-0.917920 -7.373333 0.001612
-0.764934 -7.373333 0.001612
-0.611947 -7.373333 0.001612
-0.458960 -7.373333 0.001612
-0.305973 -7.373333 0.001612
-0.152987 -7.373333 0.001612
0.000000 -7.373333 0.001612
0.152987 -7.373333 0.001612
0.305973 -7.373333 0.001612
0.458960 -7.373333 0.001612
0.611947 -7.373333 0.001612
0.764934 -7.373333 0.001612
0.917920 -7.373333 0.001612
1.070907 -7.373333 0.001612
1.223894 -7.373333 0.001612
1.376880 -7.373333 0.001612
1.529867 -7.373333 0.001612
1.682854 -7.373333 0.001612
1.835840 -7.373333 0.001612
1.988827 -7.373333 0.001612
2.141814 -7.373333 0.001612
2.250972 -7.264175 0.001612
2.360131 -7.155016 0.001612
2.469289 -7.045858 0.001612
2.578448 -6.936699 0.001612
2.687606 -6.827541 0.001612
2.796765 -6.718382 0.001612
2.905923 -6.609224 0.001612
3.015082 -6.500065 0.001612
3.124240 -6.390907 0.001612
3.233399 -6.281748 0.001612
3.342557 -6.172590 0.001612
3.451716 -6.063431 0.001612
3.560874 -5.954273 0.001612
3.670033 -5.845114 0.001612
3.779191 -5.735956 0.001612
3.888350 -5.626798 0.001612
3.997508 -5.517639 0.001612
4.106667 -5.408481 0.001612
4.106667 -5.258245 0.001612
4.106667 -5.108009 0.001612
4.106667 -4.957774 0.001612
4.106667 -4.807538 0.001612
4.106667 -4.657303 0.001612
4.106667 -4.507067 0.001612
4.106667 -4.356832 0.001612
4.106667 -4.206596 0.001612
4.106667 -4.056360 0.001612
4.106667 -3.906125 0.001612
4.106667 -3.755889 0.001612
4.106667 -3.605654 0.001612
4.106667 -3.455418 0.001612
4.106667 -3.305183 0.001612
4.106667 -3.154947 0.001612
4.106667 -3.004711 0.001612
4.106667 -2.854476 0.001612
4.106667 -2.704240 0.001612
4.106667 -2.554005 0.001612
4.106667 -2.403769 0.001612
4.106667 -2.253534 0.001612
4.106667 -2.103298 0.001612
4.106667 -1.953062 0.001612
4.106667 -1.802827 0.001612
4.106667 -1.652591 0.001612
4.106667 -1.502356 0.001612
4.106667 -1.352120 0.001612
4.106667 -1.201885 0.001612
4.106667 -1.051649 0.001612
4.106667 -0.901413 0.001612
4.106667 -0.751178 0.001612
4.106667 -0.600942 0.001612
4.106667 -0.450707 0.001612
4.106667 -0.300471 0.001612
4.106667 -0.150236 0.001612
4.106667 0.000000 0.001612
4.106667 0.150236 0.001612
4.106667 0.300471 0.001612
4.106667 0.450707 0.001612
4.106667 0.600942 0.001612
4.106667 0.751178 0.001612
4.106667 0.901413 0.001612
4.106667 1.051649 0.001612
4.106667 1.201885 0.001612
4.106667 1.352120 0.001612
4.106667 1.502356 0.001612
4.106667 1.652591 0.001612
4.106667 1.802827 0.001612
4.106667 1.953062 0.001612
4.106667 2.103298 0.001612
4.106667 2.253534 0.001612
4.106667 2.403769 0.001612
4.106667 2.554005 0.001612
4.106667 2.704240 0.001612
4.106667 2.854476 0.001612
4.106667 3.004711 0.001612
4.106667 3.154947 0.001612
4.106667 3.305183 0.001612
4.106667 3.455418 0.001612
4.106667 3.605654 0.001612
4.106667 3.755889 0.001612
4.106667 3.906125 0.001612
4.106667 4.056360 0.001612
4.106667 4.206596 0.001612
4.106667 4.356832 0.001612
4.106667 4.507067 0.001612
4.106667 4.657303 0.001612
4.106667 4.807538 0.001612
4.106667 4.957774 0.001612
4.106667 5.108009 0.001612
4.106667 5.258245 0.001612
2.626667 4.858186 0.000804
2.507360 4.977493 0.000804
2.388053 5.096800 0.000804
2.268746 5.216106 0.000804
2.149440 5.335413 0.000804
2.030133 5.454720 0.000804
1.910826 5.574027 0.000804
1.791519 5.693333 0.000804
1.635735 5.693333 0.000804
1.479951 5.693333 0.000804
1.324167 5.693333 0.000804
1.168382 5.693333 0.000804
1.012598 5.693333 0.000804
0.856814 5.693333 0.000804
0.701029 5.693333 0.000804
0.545245 5.693333 0.000804
0.389461 5.693333 0.000804
0.233676 5.693333 0.000804
0.077892 5.693333 0.000804
-0.077892 5.693333 0.000804
-0.233676 5.693333 0.000804
-0.389461 5.693333 0.000804
-0.545245 5.693333 0.000804
-0.701029 5.693333 0.000804
-0.856814 5.693333 0.000804
-1.012598 5.693333 0.000804
-1.168382 5.693333 0.000804
-1.324167 5.693333 0.000804
-1.479951 5.693333 0.000804
-1.635735 5.693333 0.000804
-1.791519 5.693333 0.000804
-1.910826 5.574027 0.000804
-2.030133 5.454720 0.000804
-2.149440 5.335413 0.000804
-2.268746 5.216106 0.000804
-2.388053 5.096800 0.000804
-2.507360 4.977493 0.000804
-2.626667 4.858186 0.000804
-2.626667 4.706368 0.000804
-2.626667 4.554550 0.000804
-2.626667 4.402731 0.000804
-2.626667 4.250913 0.000804
-2.626667 4.099095 0.000804
-2.626667 3.947276 0.000804
-2.626667 3.795458 0.000804
-2.626667 3.643640 0.000804
-2.626667 3.491821 0.000804
-2.626667 3.340003 0.000804
-2.626667 3.188185 0.000804
-2.626667 3.036366 0.000804
-2.626667 2.884548 0.000804
-2.626667 2.732730 0.000804
-2.626667 2.580911 0.000804
-2.626667 2.429093 0.000804
-2.626667 2.277275 0.000804
-2.626667 2.125456 0.000804
-2.626667 1.973638 0.000804
-2.626667 1.821820 0.000804
-2.626667 1.670001 0.000804
-2.626667 1.518183 0.000804
-2.626667 1.366365 0.000804
-2.626667 1.214547 0.000804
-2.626667 1.062728 0.000804
-2.626667 0.910910 0.000804
-2.626667 0.759092 0.000804
-2.626667 0.607273 0.000804
-2.626667 0.455455 0.000804
-2.626667 0.303637 0.000804
-2.626667 0.151818 0.000804
-2.626667 0.000000 0.000804
-2.626667 -0.151818 0.000804
-2.626667 -0.303637 0.000804
-2.626667 -0.455455 0.000804
-2.626667 -0.607273 0.000804
-2.626667 -0.759092 0.000804
-2.626667 -0.910910 0.000804
-2.626667 -1.062728 0.000804
-2.626667 -1.214547 0.000804
-2.626667 -1.366365 0.000804
-2.626667 -1.518183 0.000804
-2.626667 -1.670001 0.000804
-2.626667 -1.821820 0.000804
-2.626667 -1.973638 0.000804
-2.626667 -2.125456 0.000804
-2.626667 -2.277275 0.000804
-2.626667 -2.429093 0.000804
-2.626667 -2.580911 0.000804
-2.626667 -2.732730 0.000804
-2.626667 -2.884548 0.000804
-2.626667 -3.036366 0.000804
-2.626667 -3.188185 0.000804
-2.626667 -3.340003 0.000804
-2.626667 -3.491821 0.000804
-2.626667 -3.643640 0.000804
-2.626667 -3.795458 0.000804
-2.626667 -3.947276 0.000804
-2.626667 -4.099095 0.000804
-2.626667 -4.250913 0.000804
-2.626667 -4.402731 0.000804
-2.626667 -4.554550 0.000804
-2.626667 -4.706368 0.000804
-2.626667 -4.858186 0.000804
-2.507360 -4.977493 0.000804
-2.388053 -5.096800 0.000804
-2.268746 -5.216106 0.000804
-2.149440 -5.335413 0.000804
-2.030133 -5.454720 0.000804
-1.910826 -5.574027 0.000804
-1.791519 -5.693333 0.000804
-1.635735 -5.693333 0.000804
-1.479951 -5.693333 0.000804
-1.324167 -5.693333 0.000804
-1.168382 -5.693333 0.000804
-1.012598 -5.693333 0.000804
-0.856814 -5.693333 0.000804
-0.701029 -5.693333 0.000804
-0.545245 -5.693333 0.000804
-0.389461 -5.693333 0.000804
-0.233676 -5.693333 0.000804
-0.077892 -5.693333 0.000804
0.077892 -5.693333 0.000804
0.233676 -5.693333 0.000804
0.389461 -5.693333 0.000804
0.545245 -5.693333 0.000804
0.701029 -5.693333 0.000804
0.856814 -5.693333 0.000804
1.012598 -5.693333 0.000804
1.168382 -5.693333 0.000804
1.324167 -5.693333 0.000804
1.479951 -5.693333 0.000804
1.635735 -5.693333 0.000804
1.791519 -5.693333 0.000804
1.910826 -5.574027 0.000804
2.030133 -5.454720 0.000804
2.149440 -5.335413 0.000804
2.268746 -5.216106 0.000804
2.388053 -5.096800 0.000804
2.507360 -4.977493 0.000804
2.626667 -4.858186 0.000804
2.626667 -4.706368 0.000804
2.626667 -4.554550 0.000804
2.626667 -4.402731 0.000804
2.626667 -4.250913 0.000804
2.626667 -4.099095 0.000804
2.626667 -3.947276 0.000804
2.626667 -3.795458 0.000804
2.626667 -3.643640 0.000804
2.626667 -3.491821 0.000804
2.626667 -3.340003 0.000804
2.626667 -3.188185 0.000804
2.626667 -3.036366 0.000804
2.626667 -2.884548 0.000804
2.626667 -2.732730 0.000804
2.626667 -2.580911 0.000804
2.626667 -2.429093 0.000804
2.626667 -2.277275 0.000804
2.626667 -2.125456 0.000804
2.626667 -1.973638 0.000804
2.626667 -1.821820 0.000804
2.626667 -1.670001 0.000804
2.626667 -1.518183 0.000804
2.626667 -1.366365 0.000804
2.626667 -1.214547 0.000804
2.626667 -1.062728 0.000804
2.626667 -0.910910 0.000804
2.626667 -0.759092 0.000804
2.626667 -0.607273 0.000804
2.626667 -0.455455 0.000804
2.626667 -0.303637 0.000804
2.626667 -0.151818 0.000804
2.626667 0.000000 0.000804
2.626667 0.151818 0.000804
2.626667 0.303637 0.000804
2.626667 0.455455 0.000804
2.626667 0.607273 0.000804
2.626667 0.759092 0.000804
2.626667 0.910910 0.000804
2.626667 1.062728 0.000804
2.626667 1.214547 0.000804
2.626667 1.366365 0.000804
2.626667 1.518183 0.000804
2.626667 1.670001 0.000804
2.626667 1.821820 0.000804
2.626667 1.973638 0.000804
2.626667 2.125456 0.000804
2.626667 2.277275 0.000804
2.626667 2.429093 0.000804
2.626667 2.580911 0.000804
2.626667 2.732730 0.000804
2.626667 2.884548 0.000804
2.626667 3.036366 0.000804
2.626667 3.188185 0.000804
2.626667 3.340003 0.000804
2.626667 3.491821 0.000804
2.626667 3.643640 0.000804
2.626667 3.795458 0.000804
2.626667 3.947276 0.000804
2.626667 4.099095 0.000804
2.626667 4.250913 0.000804
2.626667 4.402731 0.000804
2.626667 4.554550 0.000804
2.626667 4.706368 0.000804
