3.435155 5.511370 0.049206
2.401559 6.684756 0.049402
2.455142 6.493637 0.047684
3.842061 -1.964373 0.050365
-3.841860 2.963642 0.050338
-2.657995 -4.052987 0.052002
3.619841 5.463222 0.048896
3.065571 5.619324 0.048370
2.562957 5.598627 0.048012
2.748811 5.544496 0.049525
2.879890 5.678467 0.048982
3.138838 5.948419 0.048709
3.380514 5.702857 0.049201
3.195229 5.755490 0.049595
1.979382 7.035996 0.042116
2.155919 6.948094 0.045843
2.221178 6.749241 0.047230
1.612805 5.553479 0.040256
1.807632 5.602105 0.044218
0.880169 6.346592 0.048191
0.866914 6.569010 0.049016
0.738163 6.238753 0.049999
0.590482 5.907157 0.049184
0.741200 6.016822 0.049872
2.640918 6.441457 0.050105
2.094206 6.629636 0.046727
2.192166 5.716548 0.048204
0.436397 5.573412 0.048448
0.727153 5.572808 0.048058
0.585457 5.684633 0.049421
-1.516207 5.844177 0.044733
-1.480001 5.660208 0.052832
-0.563355 7.028462 0.047357
-0.000000 6.353534 0.048710
-3.341626 1.445821 0.049741
-3.539764 1.454883 0.050722
-3.638709 1.293130 0.049537
-3.541689 1.791299 0.050656
-3.640725 1.626560 0.049753
-3.942507 1.799687 0.049880
-3.841394 1.632137 0.050311
-3.942644 2.795925 0.049857
-3.641912 1.961562 0.049881
-3.942728 2.131521 0.049911
-3.842061 1.964373 0.050365
2.649221 -0.205487 0.048586
-2.779718 0.080010 0.046985
-3.242109 1.268747 0.051241
-2.779718 -0.080010 0.046985
-2.649221 -0.205487 0.048586
3.942728 -2.131521 0.049911
3.942507 -1.799687 0.049880
2.660157 -1.605256 0.050634
-3.941595 3.783120 0.049281
-3.942286 4.107440 0.048547
-3.840706 3.952422 0.049940
-3.942390 3.126966 0.049750
-3.052482 5.090562 0.050615
-3.639036 3.967151 0.049550
-3.540940 4.141355 0.050097
-3.341335 4.158884 0.050113
-3.240622 3.998247 0.050462
-1.700194 -7.040521 0.042081
-1.574802 -6.935919 0.049230
-1.610365 -6.739625 0.044701
-1.457361 -6.632407 0.051448
-1.408037 -7.036986 0.044216
-3.365154 -5.175081 0.049337
-2.525583 -4.957697 0.048984
-2.994206 -5.290944 0.047956
-2.694589 -5.069508 0.044421
-1.979382 -7.035996 0.042116
-1.871051 -6.934929 0.044984
1.700194 7.040521 0.042081
1.871051 6.934929 0.044984
1.920617 6.727423 0.045542
0.842035 7.025495 0.047706
0.563355 7.028462 0.047357
0.707880 6.912370 0.048593
0.717336 6.685522 0.047577
1.480001 5.660208 0.052832
1.038521 6.236179 0.050254
0.586038 6.351777 0.048477
0.578467 6.576128 0.049231
2.893780 6.197794 0.048015
2.953312 6.005610 0.048403
2.824022 5.871824 0.049192
2.701089 6.252950 0.050401
1.863207 5.765838 0.051591
2.030714 5.818092 0.045028
2.313106 6.357089 0.050394
2.132550 6.428603 0.049147
2.078043 6.022841 0.045808
0.145544 5.573393 0.048555
0.292652 5.685218 0.049345
-1.704587 5.901182 0.044423
-2.030714 5.818092 0.045028
-1.863207 5.765838 0.051591
-1.612805 5.553479 0.040256
-1.894773 5.440943 0.045542
-1.807632 5.602105 0.044218
-1.305016 5.568316 0.045869
-1.016612 5.574561 0.047965
-1.171012 5.681289 0.049019
-1.408037 7.036986 0.044216
-0.707880 6.912370 0.048593
-1.574802 6.935919 0.049230
-2.266051 6.036303 0.046898
-2.078043 6.022841 0.045808
-1.358950 5.975024 0.052121
-1.043361 6.018790 0.050588
-1.188740 5.904028 0.050259
-1.751734 6.069933 0.048506
-1.979802 6.328099 0.049336
-1.957683 6.139339 0.049521
-0.281917 7.028360 0.047549
-0.425431 6.915234 0.048430
-3.245689 2.637710 0.050650
-3.343603 1.786443 0.049947
-3.244501 1.612642 0.050892
-3.942061 1.469248 0.049827
-3.941451 1.141168 0.049751
-3.840338 1.301918 0.050143
-3.942766 2.463862 0.049906
-3.842319 2.297568 0.050376
-3.842235 2.630893 0.050366
-3.642177 2.632913 0.049925
2.660256 2.299007 0.050620
2.659570 0.908524 0.050855
2.661069 -0.559221 0.051776
2.747115 -0.396221 0.045297
-2.659782 -2.994288 0.050762
-2.113691 -5.218263 0.045648
-2.299173 -5.176827 0.050263
-2.334098 -4.999562 0.045533
-2.965398 -4.513241 0.044514
-2.751422 -4.212685 0.047439
-2.656601 -4.412844 0.052851
-2.765847 -4.551307 0.048567
-2.549214 -4.790021 0.045514
-2.726060 -4.735173 0.044107
-3.239132 -5.030020 0.050041
-3.052482 -5.090562 0.050615
-3.054748 -4.687187 0.046605
-2.908836 -4.821233 0.045882
-2.900996 -4.987892 0.050615
-2.649221 0.205487 0.048586
-2.661069 0.559221 0.051776
-2.747115 0.396221 0.045297
-3.047157 1.262206 0.050626
-2.659926 1.257518 0.050705
2.659926 -1.257518 0.050705
2.756908 -1.433089 0.050238
3.641912 -1.961562 0.049881
3.942766 -2.463862 0.049906
3.842319 -2.297568 0.050376
-3.939319 4.739352 0.047525
-3.940942 5.046017 0.046019
-3.837086 4.910386 0.048786
-3.939804 4.428296 0.048340
-3.838915 4.278936 0.050449
-3.835948 4.598306 0.049136
-3.639240 4.298122 0.048179
-3.861244 5.225746 0.047670
-3.138838 5.948419 0.048709
-3.380514 5.702857 0.049201
-3.195229 5.755490 0.049595
-2.953312 6.005610 0.048403
-2.893780 6.197794 0.048015
-2.726060 4.735173 0.044107
-2.908836 4.821233 0.045882
-2.900996 4.987892 0.050615
-2.549214 4.790021 0.045514
-3.533920 4.478526 0.051509
-3.629739 4.629349 0.048643
-3.048268 2.983771 0.050095
-2.659782 2.994288 0.050762
-3.244616 2.978520 0.050648
-3.343889 2.806185 0.050011
-3.641482 2.968139 0.049870
-3.542207 2.802442 0.050548
-3.840470 3.624910 0.050216
-3.942050 3.456274 0.049562
-3.841265 3.295175 0.050285
-2.656601 4.412844 0.052851
-2.765847 4.551307 0.048567
-0.842035 -7.025495 0.047706
-1.172134 -6.366404 0.050241
-0.866914 -6.569010 0.049016
-1.325776 -6.312247 0.046378
-1.645917 -6.362141 0.047795
-1.472072 -6.453213 0.042674
-1.273723 -6.927683 0.049044
-1.119369 -7.032285 0.045884
-0.986260 -6.916193 0.047226
-1.287483 -6.719398 0.046332
-1.148552 -6.594363 0.046013
-1.001684 -6.686555 0.049068
-1.305016 -5.568316 0.045869
-1.480001 -5.660208 0.052832
-1.957683 -6.139339 0.049521
-2.078043 -6.022841 0.045808
-2.266051 -6.036303 0.046898
-1.863207 -5.765838 0.051591
-2.030714 -5.818092 0.045028
-2.070630 -5.407425 0.052010
-0.436397 -5.573412 0.048448
-0.585457 -5.684633 0.049421
-0.727153 -5.572808 0.048058
-3.619841 -5.463222 0.048896
-2.640274 -5.932237 0.048144
-3.380514 -5.702857 0.049201
-3.435155 -5.511370 0.049206
-3.121749 -5.422810 0.050275
-3.306047 -5.367490 0.049062
-3.138838 -5.948419 0.048709
-2.953312 -6.005610 0.048403
-2.824022 -5.871824 0.049192
-2.879890 -5.678467 0.048982
-3.065571 -5.619324 0.048370
-3.195229 -5.755490 0.049595
-2.218388 -5.538885 0.048976
-2.192166 -5.716548 0.048204
-2.338274 -5.845118 0.044671
-2.510289 -5.793011 0.050578
-2.748811 -5.544496 0.049525
-2.806949 -5.353487 0.048733
-2.658819 -5.234722 0.050428
-2.562957 -5.598627 0.048012
-2.454887 -5.300175 0.047616
-2.417164 -5.473071 0.048827
-1.785323 -6.636720 0.047530
-1.920617 -6.727423 0.045542
-1.806164 -6.438429 0.046474
-2.094206 -6.629636 0.046727
-1.979802 -6.328099 0.049336
-2.132550 -6.428603 0.049147
-2.155919 -6.948094 0.045843
-2.221178 -6.749241 0.047230
-2.401559 -6.684756 0.049402
3.306047 5.367490 0.049062
3.121749 5.422810 0.050275
1.785323 6.636720 0.047530
1.119369 7.032285 0.045884
0.986260 6.916193 0.047226
1.001684 6.686555 0.049068
0.281917 7.028360 0.047549
0.425431 6.915234 0.048430
0.289393 6.577354 0.049088
0.431087 6.689748 0.048058
1.516207 5.844177 0.044733
1.704587 5.901182 0.044423
1.409202 6.144501 0.043575
1.358950 5.975024 0.052121
1.305016 5.568316 0.045869
1.894773 5.440943 0.045542
0.442267 6.241754 0.049776
0.443674 6.019065 0.049480
0.147300 6.242183 0.049517
0.293001 6.353710 0.048691
0.294904 5.908347 0.049124
0.147796 6.019510 0.049441
2.576874 6.121180 0.046706
2.374666 6.173138 0.051160
2.266051 6.036303 0.046898
2.640274 5.932237 0.048144
2.510289 5.793011 0.050578
2.338274 5.845118 0.044671
1.645917 6.362141 0.047795
1.806164 6.438429 0.046474
1.613605 6.182404 0.044916
1.751734 6.069933 0.048506
1.979802 6.328099 0.049336
1.957683 6.139339 0.049521
-0.436397 5.573412 0.048448
-0.292652 5.685218 0.049345
-0.145544 5.573393 0.048555
-0.000000 5.685199 0.049345
-0.000000 5.908187 0.049070
-0.147300 6.242183 0.049517
-0.147796 6.019510 0.049441
-0.294904 5.908347 0.049124
-2.640918 6.441457 0.050105
-2.374666 6.173138 0.051160
-2.576874 6.121180 0.046706
-2.701089 6.252950 0.050401
-2.658652 3.696910 0.051304
-2.755885 3.165435 0.050032
-2.949887 3.158809 0.050703
-2.659277 3.344254 0.050942
-2.754755 3.514088 0.049751
-2.753473 3.863744 0.049122
-2.944260 4.188276 0.049836
-3.043779 4.012500 0.050105
-2.946418 3.847667 0.050501
-2.657995 4.052987 0.052002
-2.751422 4.212685 0.047439
-0.879024 5.685782 0.049935
-0.727153 5.572808 0.048058
-0.585457 5.684633 0.049421
-0.888045 5.907272 0.048757
-0.842035 7.025495 0.047706
-0.717336 6.685522 0.047577
-2.401559 6.684756 0.049402
-2.455142 6.493637 0.047684
-2.132550 6.428603 0.049147
-2.313106 6.357089 0.050394
-1.700194 7.040521 0.042081
-2.155919 6.948094 0.045843
-1.979382 7.035996 0.042116
-1.871051 6.934929 0.044984
-1.920617 6.727423 0.045542
-2.094206 6.629636 0.046727
-2.221178 6.749241 0.047230
-1.457361 6.632407 0.051448
-1.610365 6.739625 0.044701
-1.785323 6.636720 0.047530
-1.806164 6.438429 0.046474
-3.049340 2.640419 0.050156
-2.660100 2.646134 0.050666
-2.951192 2.814145 0.050666
-2.756708 2.818038 0.050173
-3.344570 2.466589 0.050039
-3.542612 2.128362 0.050600
-3.642351 2.297221 0.049931
-3.542739 2.465535 0.050567
-3.048819 1.608637 0.050389
-2.756908 1.433089 0.050238
-2.950991 1.435276 0.050420
-2.951828 1.780694 0.050537
-2.757348 2.125528 0.050270
-2.660256 2.299007 0.050620
-2.757182 2.471555 0.050240
-2.951937 2.469732 0.050627
-2.660256 -2.299007 0.050620
-2.661069 -0.559221 0.051776
-2.747115 -0.396221 0.045297
3.321131 4.844124 0.050136
3.365154 5.175081 0.049337
3.239132 5.030020 0.050041
3.232626 4.687189 0.052752
3.048991 4.350368 0.052008
3.343508 4.498105 0.047120
3.249223 4.335230 0.049415
3.842235 2.630893 0.050366
2.944260 4.188276 0.049836
2.751422 4.212685 0.047439
2.657995 4.052987 0.052002
2.659926 1.257518 0.050705
2.756322 1.086077 0.050101
2.661069 0.559221 0.051776
2.757464 0.739011 0.050102
2.779718 -0.080010 0.046985
2.660267 1.952243 0.050609
2.757348 2.125528 0.050270
2.936549 -0.390705 0.049384
3.263986 -0.220460 0.052410
2.969152 -0.199971 0.045215
3.103017 -0.119961 0.048269
3.951073 -0.171848 0.046694
3.646188 -0.324444 0.050119
3.940158 -0.497242 0.049675
3.848056 -0.336608 0.046383
-2.658652 -3.696910 0.051304
-2.753473 -3.863744 0.049122
-3.243015 -3.318974 0.050637
-3.048268 -2.983771 0.050095
-3.340912 -3.483982 0.049868
-2.659277 -3.344254 0.050942
-2.754755 -3.514088 0.049751
-2.948129 -3.503614 0.050685
-3.046653 -3.327155 0.050027
-2.755885 -3.165435 0.050032
-2.949887 -3.158809 0.050703
3.941595 -3.783120 0.049281
3.842235 -2.630893 0.050366
3.642177 -2.632913 0.049925
2.155919 -6.948094 0.045843
2.221178 -6.749241 0.047230
2.965398 -4.513241 0.044514
-2.936549 0.390705 0.049384
-3.042497 0.555021 0.052045
-3.230872 0.568729 0.053220
-2.969152 0.199971 0.045215
-3.629821 0.639045 0.049156
-3.838178 0.975120 0.049896
-2.659570 0.908524 0.050855
-2.757464 0.739011 0.050102
-2.949459 0.740327 0.048860
-3.044712 0.912341 0.051261
-2.949470 1.088578 0.050106
-2.756322 1.086077 0.050101
2.950991 -1.435276 0.050420
2.756322 -1.086077 0.050101
2.659570 -0.908524 0.050855
2.757464 -0.739011 0.050102
3.542612 -2.128362 0.050600
3.642351 -2.297221 0.049931
3.542739 -2.465535 0.050567
2.757249 -1.779499 0.050275
3.538490 -3.808397 0.050376
3.340912 -3.483982 0.049868
3.048991 -4.350368 0.052008
3.840706 -3.952422 0.049940
3.639036 -3.967151 0.049550
2.658652 -3.696910 0.051304
2.948129 -3.503614 0.050685
2.754755 -3.514088 0.049751
-3.619841 5.463222 0.048896
-3.435155 5.511370 0.049206
-3.306047 5.367490 0.049062
-3.676708 5.273436 0.048830
-2.994206 5.290944 0.047956
-3.121749 5.422810 0.050275
-2.806949 5.353487 0.048733
-3.065571 5.619324 0.048370
-2.640274 5.932237 0.048144
-2.824022 5.871824 0.049192
-2.879890 5.678467 0.048982
-2.748811 5.544496 0.049525
-2.113691 5.218263 0.045648
-2.070630 5.407425 0.052010
-2.658819 5.234722 0.050428
-2.694589 5.069508 0.044421
-2.525583 4.957697 0.048984
-2.454887 5.300175 0.047616
-2.334098 4.999562 0.045533
-2.299173 5.176827 0.050263
-3.054748 4.687187 0.046605
-3.232626 4.687189 0.052752
-2.965398 4.513241 0.044514
-3.048991 4.350368 0.052008
-3.249223 4.335230 0.049415
-3.343508 4.498105 0.047120
-3.321131 4.844124 0.050136
-3.551129 5.129176 0.048890
-3.631808 4.945855 0.048416
-3.527832 4.805864 0.048728
-3.239132 5.030020 0.050041
-3.365154 5.175081 0.049337
-3.639035 3.635458 0.049584
-3.538490 3.808397 0.050376
-3.339681 3.821963 0.049802
0.563355 -7.028462 0.047357
-0.880169 -6.346592 0.048191
-1.038521 -6.236179 0.050254
-1.358950 -5.975024 0.052121
-1.409202 -6.144501 0.043575
-1.516207 -5.844177 0.044733
-1.704587 -5.901182 0.044423
-1.613605 -6.182404 0.044916
-1.751734 -6.069933 0.048506
-1.612805 -5.553479 0.040256
-1.807632 -5.602105 0.044218
-1.894773 -5.440943 0.045542
-2.374666 -6.173138 0.051160
-2.313106 -6.357089 0.050394
-2.455142 -6.493637 0.047684
-2.576874 -6.121180 0.046706
-0.293001 -6.353710 0.048691
-0.289393 -6.577354 0.049088
-0.590482 -5.907157 0.049184
-0.443674 -6.019065 0.049480
-0.741200 -6.016822 0.049872
-0.738163 -6.238753 0.049999
-0.586038 -6.351777 0.048477
-0.442267 -6.241754 0.049776
-0.294904 -5.908347 0.049124
-0.145544 -5.573393 0.048555
-0.292652 -5.685218 0.049345
-0.281917 -7.028360 0.047549
0.000000 -7.028406 0.047594
-0.141872 -6.915178 0.048470
-0.143692 -6.689658 0.048090
-3.861244 -5.225746 0.047670
-3.631808 -4.945855 0.048416
-3.551129 -5.129176 0.048890
-3.676708 -5.273436 0.048830
-2.893780 -6.197794 0.048015
-2.640918 -6.441457 0.050105
-2.701089 -6.252950 0.050401
3.052482 5.090562 0.050615
2.658819 5.234722 0.050428
2.806949 5.353487 0.048733
2.994206 5.290944 0.047956
1.408037 7.036986 0.044216
1.273723 6.927683 0.049044
1.574802 6.935919 0.049230
1.610365 6.739625 0.044701
-0.000000 7.028406 0.047594
-0.141872 6.915178 0.048470
0.141872 6.915178 0.048470
-0.000000 6.577365 0.049079
-0.143692 6.689658 0.048090
0.143692 6.689658 0.048090
1.171012 5.681289 0.049019
0.888045 5.907272 0.048757
0.879024 5.685782 0.049935
1.016612 5.574561 0.047965
1.043361 6.018790 0.050588
1.188740 5.904028 0.050259
2.218388 5.538885 0.048976
2.070630 5.407425 0.052010
2.113691 5.218263 0.045648
2.299173 5.176827 0.050263
2.417164 5.473071 0.048827
2.454887 5.300175 0.047616
2.656601 4.412844 0.052851
-3.044972 3.670360 0.050014
-2.948129 3.503614 0.050685
-3.241393 3.658910 0.050555
-3.046653 3.327155 0.050027
-0.443674 6.019065 0.049480
-0.590482 5.907157 0.049184
-0.741200 6.016822 0.049872
-0.738163 6.238753 0.049999
-1.119369 7.032285 0.045884
-0.986260 6.916193 0.047226
-1.273723 6.927683 0.049044
-1.287483 6.719398 0.046332
-0.880169 6.346592 0.048191
-1.038521 6.236179 0.050254
-1.172134 6.366404 0.050241
-0.866914 6.569010 0.049016
-1.148552 6.594363 0.046013
-1.001684 6.686555 0.049068
-0.578467 6.576128 0.049231
-0.431087 6.689748 0.048058
-0.289393 6.577354 0.049088
-0.293001 6.353710 0.048691
-0.442267 6.241754 0.049776
-0.586038 6.351777 0.048477
-1.472072 6.453213 0.042674
-1.409202 6.144501 0.043575
-1.325776 6.312247 0.046378
-1.613605 6.182404 0.044916
-1.645917 6.362141 0.047795
-2.660157 1.605256 0.050634
-2.660267 1.952243 0.050609
-2.757249 1.779499 0.050275
-2.952142 2.125365 0.050591
-3.245732 1.955018 0.050738
-3.049640 1.953274 0.050273
-3.344518 2.126675 0.050026
-3.246089 2.296587 0.050671
-3.049805 2.297021 0.050209
-2.969152 -0.199971 0.045215
-2.936549 -0.390705 0.049384
-3.042497 -0.555021 0.052045
-2.660267 -1.952243 0.050609
-2.757348 -2.125528 0.050270
-2.660157 -1.605256 0.050634
-2.757249 -1.779499 0.050275
-2.659926 -1.257518 0.050705
-2.756908 -1.433089 0.050238
-2.950991 -1.435276 0.050420
2.965398 4.513241 0.044514
3.054748 4.687187 0.046605
2.765847 4.551307 0.048567
3.527832 4.805864 0.048728
2.659782 2.994288 0.050762
3.942644 2.795925 0.049857
2.658652 3.696910 0.051304
2.753473 3.863744 0.049122
2.756908 1.433089 0.050238
2.660157 1.605256 0.050634
2.757249 1.779499 0.050275
2.951828 1.780694 0.050537
2.949470 1.088578 0.050106
3.942766 2.463862 0.049906
3.941451 1.141168 0.049751
3.940158 0.497242 0.049675
3.392054 -0.100499 0.044134
3.573373 -0.159684 0.044801
2.649221 0.205487 0.048586
2.779718 0.080010 0.046985
2.747115 0.396221 0.045297
3.042497 -0.555021 0.052045
2.949459 -0.740327 0.048860
3.941451 -1.141168 0.049751
3.840338 -1.301918 0.050143
3.942061 -1.469248 0.049827
3.841394 -1.632137 0.050311
3.836885 -0.654423 0.048777
3.939902 -0.816869 0.049906
3.838178 -0.975120 0.049896
3.634888 -0.962946 0.049025
-3.527832 -4.805864 0.048728
-3.232626 -4.687189 0.052752
-3.321131 -4.844124 0.050136
3.942644 -2.795925 0.049857
3.942050 -3.456274 0.049562
3.840470 -3.624910 0.050216
3.639035 -3.635458 0.049584
3.539746 -3.474097 0.050484
3.048268 -2.983771 0.050095
3.243015 -3.318974 0.050637
3.046653 -3.327155 0.050027
2.949887 -3.158809 0.050703
1.979382 -7.035996 0.042116
3.939319 -4.739352 0.047525
2.510289 -5.793011 0.050578
0.436397 -5.573412 0.048448
0.292652 -5.685218 0.049345
0.145544 -5.573393 0.048555
0.000000 -5.685199 0.049345
-3.103017 0.119961 0.048269
-3.103017 -0.119961 0.048269
-3.330343 0.424901 0.047269
-3.531226 0.469701 0.047739
-3.392054 0.100499 0.044134
-3.263986 0.220460 0.052410
-3.939902 0.816869 0.049906
-3.940158 0.497242 0.049675
-3.836885 0.654423 0.048777
-3.338070 1.104884 0.049223
-3.536533 1.120206 0.050750
-3.634888 0.962946 0.049025
-3.529548 0.789318 0.050542
-3.238360 0.922107 0.051884
-3.331482 0.763800 0.047594
3.047157 -1.262206 0.050626
2.949470 -1.088578 0.050106
3.238360 -0.922107 0.051884
3.044712 -0.912341 0.051261
3.048819 -1.608637 0.050389
2.951828 -1.780694 0.050537
2.951192 -2.814145 0.050666
2.756708 -2.818038 0.050173
3.344518 -2.126675 0.050026
3.245732 -1.955018 0.050738
3.049640 -1.953274 0.050273
2.944260 -4.188276 0.049836
2.657995 -4.052987 0.052002
2.751422 -4.212685 0.047439
2.753473 -3.863744 0.049122
3.942286 -4.107440 0.048547
3.835948 -4.598306 0.049136
3.939804 -4.428296 0.048340
3.838915 -4.278936 0.050449
3.629739 -4.629349 0.048643
3.044972 -3.670360 0.050014
3.241393 -3.658910 0.050555
3.339681 -3.821963 0.049802
3.240622 -3.998247 0.050462
3.043779 -4.012500 0.050105
2.946418 -3.847667 0.050501
2.659277 -3.344254 0.050942
2.659782 -2.994288 0.050762
2.755885 -3.165435 0.050032
-2.338274 5.845118 0.044671
-2.510289 5.793011 0.050578
-2.192166 5.716548 0.048204
-2.218388 5.538885 0.048976
-2.562957 5.598627 0.048012
-2.417164 5.473071 0.048827
-3.539746 3.474097 0.050484
-3.342596 3.145376 0.049952
-3.243015 3.318974 0.050637
-3.340912 3.483982 0.049868
-3.541143 3.138739 0.050525
-3.640397 3.302451 0.049766
-0.888045 -5.907272 0.048757
-1.171012 -5.681289 0.049019
-1.188740 -5.904028 0.050259
-1.043361 -6.018790 0.050588
-1.016612 -5.574561 0.047965
-0.879024 -5.685782 0.049935
-0.431087 -6.689748 0.048058
-0.707880 -6.912370 0.048593
-0.717336 -6.685522 0.047577
-0.578467 -6.576128 0.049231
-0.563355 -7.028462 0.047357
-0.425431 -6.915234 0.048430
0.000000 -6.577365 0.049079
0.281917 -7.028360 0.047549
0.141872 -6.915178 0.048470
0.425431 -6.915234 0.048430
0.143692 -6.689658 0.048090
0.431087 -6.689748 0.048058
0.289393 -6.577354 0.049088
1.472072 6.453213 0.042674
1.457361 6.632407 0.051448
1.325776 6.312247 0.046378
1.172134 6.366404 0.050241
1.148552 6.594363 0.046013
1.287483 6.719398 0.046332
2.334098 4.999562 0.045533
-3.848056 -0.336608 0.046383
-3.951073 -0.171848 0.046694
-3.951073 0.171848 0.046694
-3.848056 0.336608 0.046383
-3.683140 -0.000000 0.044600
-3.858971 -0.000000 0.049060
-3.646188 0.324444 0.050119
-3.573373 0.159684 0.044801
-3.573373 -0.159684 0.044801
-3.646188 -0.324444 0.050119
-3.392054 -0.100499 0.044134
-3.263986 -0.220460 0.052410
-2.952142 -2.125365 0.050591
-3.246089 -2.296587 0.050671
-3.049805 -2.297021 0.050209
-3.542739 -2.465535 0.050567
-3.344570 -2.466589 0.050039
-3.245689 -2.637710 0.050650
-3.048819 -1.608637 0.050389
-2.951828 -1.780694 0.050537
-3.049640 -1.953274 0.050273
-2.756322 -1.086077 0.050101
-2.949459 -0.740327 0.048860
-2.659570 -0.908524 0.050855
-2.757464 -0.739011 0.050102
-3.642351 -2.297221 0.049931
-3.842061 -1.964373 0.050365
-3.942728 -2.131521 0.049911
-3.842319 -2.297568 0.050376
2.900996 4.987892 0.050615
2.908836 4.821233 0.045882
2.694589 5.069508 0.044421
2.726060 4.735173 0.044107
2.525583 4.957697 0.048984
2.549214 4.790021 0.045514
3.939319 4.739352 0.047525
3.631808 4.945855 0.048416
3.861244 5.225746 0.047670
3.940942 5.046017 0.046019
3.837086 4.910386 0.048786
3.676708 5.273436 0.048830
3.551129 5.129176 0.048890
3.533920 4.478526 0.051509
3.629739 4.629349 0.048643
3.639240 4.298122 0.048179
3.835948 4.598306 0.049136
3.942286 4.107440 0.048547
3.939804 4.428296 0.048340
3.838915 4.278936 0.050449
3.341335 4.158884 0.050113
3.540940 4.141355 0.050097
3.642177 2.632913 0.049925
2.756708 2.818038 0.050173
2.660100 2.646134 0.050666
2.951937 2.469732 0.050627
2.757182 2.471555 0.050240
2.755885 3.165435 0.050032
2.659277 3.344254 0.050942
2.754755 3.514088 0.049751
2.950991 1.435276 0.050420
3.047157 1.262206 0.050626
3.048819 1.608637 0.050389
3.942728 2.131521 0.049911
3.842319 2.297568 0.050376
3.840338 1.301918 0.050143
3.049640 1.953274 0.050273
3.245732 1.955018 0.050738
2.952142 2.125365 0.050591
3.049805 2.297021 0.050209
3.939902 0.816869 0.049906
3.838178 0.975120 0.049896
3.836885 0.654423 0.048777
3.634888 0.962946 0.049025
3.529548 0.789318 0.050542
3.629821 0.639045 0.049156
3.044712 0.912341 0.051261
2.949459 0.740327 0.048860
3.238360 0.922107 0.051884
3.331482 0.763800 0.047594
3.858971 0.000000 0.049060
3.683140 0.000000 0.044600
3.951073 0.171848 0.046694
3.848056 0.336608 0.046383
2.936549 0.390705 0.049384
3.042497 0.555021 0.052045
3.230872 0.568729 0.053220
3.103017 0.119961 0.048269
2.969152 0.199971 0.045215
3.331482 -0.763800 0.047594
3.529548 -0.789318 0.050542
3.629821 -0.639045 0.049156
3.531226 -0.469701 0.047739
3.330343 -0.424901 0.047269
3.230872 -0.568729 0.053220
3.638709 -1.293130 0.049537
3.536533 -1.120206 0.050750
3.338070 -1.104884 0.049223
3.242109 -1.268747 0.051241
-3.049340 -2.640419 0.050156
-2.660100 -2.646134 0.050666
-2.757182 -2.471555 0.050240
-2.951937 -2.469732 0.050627
-2.756708 -2.818038 0.050173
-2.951192 -2.814145 0.050666
-3.048991 -4.350368 0.052008
-2.944260 -4.188276 0.049836
-3.241393 -3.658910 0.050555
-3.339681 -3.821963 0.049802
-3.044972 -3.670360 0.050014
-3.240622 -3.998247 0.050462
-2.946418 -3.847667 0.050501
-3.043779 -4.012500 0.050105
-3.538490 -3.808397 0.050376
-3.939319 -4.739352 0.047525
-3.940942 -5.046017 0.046019
-3.837086 -4.910386 0.048786
-3.629739 -4.629349 0.048643
-3.939804 -4.428296 0.048340
-3.835948 -4.598306 0.049136
3.841265 -3.295175 0.050285
3.942390 -3.126966 0.049750
3.841860 -2.963642 0.050338
3.640397 -3.302451 0.049766
2.765847 -4.551307 0.048567
2.656601 -4.412844 0.052851
2.549214 -4.790021 0.045514
2.726060 -4.735173 0.044107
2.113691 -5.218263 0.045648
2.338274 -5.845118 0.044671
2.893780 -6.197794 0.048015
2.640274 -5.932237 0.048144
2.576874 -6.121180 0.046706
2.701089 -6.252950 0.050401
3.619841 -5.463222 0.048896
3.940942 -5.046017 0.046019
3.837086 -4.910386 0.048786
3.861244 -5.225746 0.047670
3.676708 -5.273436 0.048830
3.054748 -4.687187 0.046605
3.232626 -4.687189 0.052752
2.908836 -4.821233 0.045882
3.380514 -5.702857 0.049201
3.435155 -5.511370 0.049206
3.121749 -5.422810 0.050275
3.306047 -5.367490 0.049062
3.138838 -5.948419 0.048709
2.953312 -6.005610 0.048403
2.824022 -5.871824 0.049192
2.879890 -5.678467 0.048982
3.065571 -5.619324 0.048370
3.195229 -5.755490 0.049595
2.525583 -4.957697 0.048984
2.334098 -4.999562 0.045533
2.299173 -5.176827 0.050263
0.294904 -5.908347 0.049124
0.293001 -6.353710 0.048691
2.660100 -2.646134 0.050666
3.540940 -4.141355 0.050097
3.639240 -4.298122 0.048179
3.341335 -4.158884 0.050113
3.249223 -4.335230 0.049415
3.343508 -4.498105 0.047120
3.533920 -4.478526 0.051509
-3.531226 -0.469701 0.047739
-3.230872 -0.568729 0.053220
-3.330343 -0.424901 0.047269
-3.344518 -2.126675 0.050026
-3.542612 -2.128362 0.050600
-3.641912 -1.961562 0.049881
-3.245732 -1.955018 0.050738
-3.942766 -2.463862 0.049906
-3.343889 -2.806185 0.050011
-3.342596 -3.145376 0.049952
-3.244616 -2.978520 0.050648
-3.044712 -0.912341 0.051261
-2.949470 -1.088578 0.050106
-3.047157 -1.262206 0.050626
-3.242109 -1.268747 0.051241
-3.942507 -1.799687 0.049880
-3.942061 -1.469248 0.049827
-3.841394 -1.632137 0.050311
3.240622 3.998247 0.050462
3.043779 4.012500 0.050105
2.946418 3.847667 0.050501
3.840706 3.952422 0.049940
3.639036 3.967151 0.049550
2.951192 2.814145 0.050666
3.245689 2.637710 0.050650
3.049340 2.640419 0.050156
3.542739 2.465535 0.050567
3.642351 2.297221 0.049931
3.542612 2.128362 0.050600
3.344570 2.466589 0.050039
3.246089 2.296587 0.050671
3.344518 2.126675 0.050026
3.942061 1.469248 0.049827
3.638709 1.293130 0.049537
3.536533 1.120206 0.050750
3.338070 1.104884 0.049223
3.242109 1.268747 0.051241
3.392054 0.100499 0.044134
3.263986 0.220460 0.052410
3.330343 0.424901 0.047269
3.531226 0.469701 0.047739
3.646188 0.324444 0.050119
3.573373 0.159684 0.044801
3.244501 -1.612642 0.050892
3.341626 -1.445821 0.049741
3.539764 -1.454883 0.050722
3.343603 -1.786443 0.049947
3.541689 -1.791299 0.050656
3.640725 -1.626560 0.049753
-3.941595 -3.783120 0.049281
-3.539746 -3.474097 0.050484
-3.639035 -3.635458 0.049584
-3.840470 -3.624910 0.050216
-3.942050 -3.456274 0.049562
-3.838915 -4.278936 0.050449
-3.942286 -4.107440 0.048547
-3.840706 -3.952422 0.049940
-3.639036 -3.967151 0.049550
-3.341335 -4.158884 0.050113
-3.540940 -4.141355 0.050097
-3.639240 -4.298122 0.048179
-3.249223 -4.335230 0.049415
-3.343508 -4.498105 0.047120
-3.533920 -4.478526 0.051509
3.542207 -2.802442 0.050548
3.641482 -2.968139 0.049870
3.541143 -3.138739 0.050525
3.343889 -2.806185 0.050011
3.244616 -2.978520 0.050648
3.342596 -3.145376 0.049952
1.305016 -5.568316 0.045869
2.218388 -5.538885 0.048976
2.192166 -5.716548 0.048204
1.894773 -5.440943 0.045542
2.070630 -5.407425 0.052010
2.455142 -6.493637 0.047684
2.640918 -6.441457 0.050105
2.401559 -6.684756 0.049402
2.266051 -6.036303 0.046898
2.374666 -6.173138 0.051160
2.313106 -6.357089 0.050394
0.578467 -6.576128 0.049231
1.148552 -6.594363 0.046013
1.287483 -6.719398 0.046332
1.016612 -5.574561 0.047965
1.171012 -5.681289 0.049019
1.645917 -6.362141 0.047795
1.472072 -6.453213 0.042674
1.457361 -6.632407 0.051448
1.807632 -5.602105 0.044218
1.612805 -5.553479 0.040256
1.480001 -5.660208 0.052832
3.527832 -4.805864 0.048728
3.631808 -4.945855 0.048416
3.321131 -4.844124 0.050136
3.551129 -5.129176 0.048890
3.365154 -5.175081 0.049337
3.239132 -5.030020 0.050041
2.694589 -5.069508 0.044421
2.994206 -5.290944 0.047956
3.052482 -5.090562 0.050615
2.900996 -4.987892 0.050615
0.000000 -5.908187 0.049070
-0.147796 -6.019510 0.049441
0.147796 -6.019510 0.049441
-0.147300 -6.242183 0.049517
0.000000 -6.353534 0.048710
0.147300 -6.242183 0.049517
2.660267 -1.952243 0.050609
2.757182 -2.471555 0.050240
2.660256 -2.299007 0.050620
2.952142 -2.125365 0.050591
2.757348 -2.125528 0.050270
-3.942390 -3.126966 0.049750
-3.841265 -3.295175 0.050285
-3.541143 -3.138739 0.050525
-3.640397 -3.302451 0.049766
-3.541689 -1.791299 0.050656
-3.640725 -1.626560 0.049753
-3.343603 -1.786443 0.049947
-3.539764 -1.454883 0.050722
-3.244501 -1.612642 0.050892
-3.341626 -1.445821 0.049741
-3.940158 -0.497242 0.049675
-3.338070 -1.104884 0.049223
-3.331482 -0.763800 0.047594
-3.238360 -0.922107 0.051884
2.948129 3.503614 0.050685
3.044972 3.670360 0.050014
3.942507 1.799687 0.049880
3.842061 1.964373 0.050365
3.841394 1.632137 0.050311
3.641912 1.961562 0.049881
3.244501 1.612642 0.050892
3.341626 1.445821 0.049741
3.539764 1.454883 0.050722
3.343603 1.786443 0.049947
3.541689 1.791299 0.050656
3.640725 1.626560 0.049753
0.443674 -6.019065 0.049480
0.442267 -6.241754 0.049776
0.586038 -6.351777 0.048477
0.866914 -6.569010 0.049016
1.001684 -6.686555 0.049068
0.717336 -6.685522 0.047577
0.707880 -6.912370 0.048593
1.273723 -6.927683 0.049044
1.325776 -6.312247 0.046378
1.172134 -6.366404 0.050241
1.188740 -5.904028 0.050259
1.610365 -6.739625 0.044701
1.871051 -6.934929 0.044984
1.806164 -6.438429 0.046474
2.094206 -6.629636 0.046727
1.920617 -6.727423 0.045542
1.785323 -6.636720 0.047530
2.132550 -6.428603 0.049147
1.979802 -6.328099 0.049336
1.516207 -5.844177 0.044733
1.409202 -6.144501 0.043575
1.358950 -5.975024 0.052121
1.613605 -6.182404 0.044916
2.806949 -5.353487 0.048733
2.658819 -5.234722 0.050428
2.748811 -5.544496 0.049525
2.562957 -5.598627 0.048012
2.417164 -5.473071 0.048827
2.454887 -5.300175 0.047616
3.245689 -2.637710 0.050650
3.049340 -2.640419 0.050156
2.951937 -2.469732 0.050627
3.344570 -2.466589 0.050039
3.246089 -2.296587 0.050671
3.049805 -2.297021 0.050209
-3.841860 -2.963642 0.050338
-3.942644 -2.795925 0.049857
-3.842235 -2.630893 0.050366
-3.642177 -2.632913 0.049925
-3.542207 -2.802442 0.050548
-3.641482 -2.968139 0.049870
-3.939902 -0.816869 0.049906
-3.836885 -0.654423 0.048777
-3.629821 -0.639045 0.049156
-3.529548 -0.789318 0.050542
3.941595 3.783120 0.049281
3.942390 3.126966 0.049750
3.841860 2.963642 0.050338
2.949887 3.158809 0.050703
3.046653 3.327155 0.050027
3.048268 2.983771 0.050095
0.590482 -5.907157 0.049184
0.879024 -5.685782 0.049935
0.727153 -5.572808 0.048058
0.585457 -5.684633 0.049421
0.880169 -6.346592 0.048191
0.738163 -6.238753 0.049999
1.038521 -6.236179 0.050254
1.043361 -6.018790 0.050588
0.888045 -5.907272 0.048757
0.741200 -6.016822 0.049872
1.119369 -7.032285 0.045884
0.842035 -7.025495 0.047706
0.986260 -6.916193 0.047226
1.408037 -7.036986 0.044216
1.700194 -7.040521 0.042081
1.574802 -6.935919 0.049230
1.751734 -6.069933 0.048506
1.704587 -5.901182 0.044423
2.078043 -6.022841 0.045808
1.957683 -6.139339 0.049521
2.030714 -5.818092 0.045028
1.863207 -5.765838 0.051591
-3.536533 -1.120206 0.050750
-3.634888 -0.962946 0.049025
-3.638709 -1.293130 0.049537
-3.838178 -0.975120 0.049896
-3.941451 -1.141168 0.049751
-3.840338 -1.301918 0.050143
3.538490 3.808397 0.050376
3.339681 3.821963 0.049802
3.241393 3.658910 0.050555
3.942050 3.456274 0.049562
3.841265 3.295175 0.050285
3.840470 3.624910 0.050216
3.639035 3.635458 0.049584
3.244616 2.978520 0.050648
3.343889 2.806185 0.050011
3.542207 2.802442 0.050548
3.641482 2.968139 0.049870
3.342596 3.145376 0.049952
3.539746 3.474097 0.050484
3.640397 3.302451 0.049766
3.541143 3.138739 0.050525
3.243015 3.318974 0.050637
3.340912 3.483982 0.049868
