2.490880 1.499317 0.041237
1.773545 6.407167 0.042898
-3.773209 -0.251020 0.039970
3.767609 -1.717417 0.048154
3.469370 -1.550649 0.045324
3.769122 -1.403570 0.047268
3.668160 -1.553167 0.046149
2.593176 1.370036 0.049085
2.793028 1.060805 0.046055
2.487715 0.093941 0.037590
1.947555 6.331314 0.044079
-3.676090 2.826746 0.049085
-3.770337 0.056633 0.044078
-3.674975 -0.130276 0.050391
-3.186119 2.304862 0.049238
-3.379074 1.977271 0.049036
-3.182541 1.635003 0.048703
-3.771360 -2.667609 0.048749
-3.189672 -2.641668 0.048988
-3.383276 -2.651662 0.049030
-2.744198 -4.310039 0.045532
-2.685412 -4.657192 0.045501
-3.667889 -1.510096 0.049304
-3.770829 -0.738999 0.042661
-3.773209 -0.435097 0.039023
-3.675467 -0.545126 0.050805
-3.767898 -1.360612 0.047187
-3.669787 -0.868149 0.049565
-3.767529 -1.046826 0.045823
-3.666855 -1.187834 0.049379
-3.485646 -0.504989 0.048689
-2.494954 -0.366270 0.043159
-2.490201 -1.442975 0.042486
-2.487559 -0.971543 0.037812
-2.487559 -1.144374 0.039175
-2.589188 -1.271749 0.053384
-2.488582 -0.672860 0.041451
-2.587570 -0.859469 0.054643
-2.790745 -0.557661 0.052763
-2.594964 -0.521340 0.057816
-0.855199 -6.407695 0.043719
-1.971553 -4.545086 0.044512
-2.301515 -4.767693 0.047476
-0.228904 -4.920316 0.040802
-0.361836 -5.017201 0.047907
-0.856074 -5.482198 0.045909
-0.677722 -5.207596 0.044914
-0.849677 -5.300283 0.046903
3.782426 2.411673 0.044787
3.769015 2.735759 0.048395
3.682870 2.585182 0.041538
3.772231 4.033295 0.047322
3.781489 4.370323 0.044603
3.444522 4.397389 0.045184
3.505992 4.211307 0.045248
3.685148 4.200979 0.047133
3.294224 4.977677 0.044200
3.344301 4.786526 0.046790
3.679839 -1.860470 0.041333
3.669631 -1.241290 0.046560
2.887888 -1.219602 0.047781
2.490365 -1.203979 0.042735
3.080961 -1.551499 0.047000
3.780863 2.033238 0.044809
3.680008 1.857617 0.041363
3.082079 1.549681 0.047050
2.889499 1.219023 0.048017
2.889586 1.545192 0.047841
2.792343 1.382982 0.046477
2.490867 1.210679 0.042554
2.593563 1.065406 0.048689
2.491267 0.920436 0.042626
3.469833 1.547385 0.045364
3.669804 1.237041 0.046665
3.769156 1.084615 0.046971
3.768344 0.771475 0.046874
3.668928 0.923482 0.046800
3.470594 0.914929 0.046185
2.392744 5.878243 0.046236
2.163780 6.097147 0.047947
2.205370 5.918540 0.048875
1.983466 6.148325 0.048183
1.327396 5.023319 0.050479
1.153526 4.920194 0.041925
1.002284 -5.015951 0.049079
1.153517 -4.920194 0.041925
2.932367 -4.529066 0.046487
2.491159 -3.383462 0.040088
2.587755 -3.559017 0.046571
-2.901933 2.790041 0.049668
-3.091335 2.468276 0.048809
-2.800126 2.618165 0.047659
-2.895552 2.459735 0.049334
-2.906666 3.117043 0.050191
-2.804902 2.940485 0.046348
-2.597016 2.625906 0.050393
-3.771922 2.659476 0.048950
-3.480338 2.483039 0.049046
-3.673152 2.153323 0.048995
-3.771159 2.323078 0.048930
-3.674510 2.488616 0.048995
-3.381548 2.311886 0.048919
-3.477712 2.147708 0.049003
-3.772739 2.998849 0.048933
-3.483744 2.821323 0.049010
-3.385405 2.648476 0.048971
-3.191830 2.640737 0.049140
-3.097855 2.804072 0.048576
-3.198405 3.319871 0.049297
-3.389235 2.988217 0.049052
-3.102764 3.141232 0.048370
-3.196921 2.978705 0.049280
-3.774473 3.682903 0.048719
-3.675708 3.856526 0.051013
-3.767727 0.683011 0.047596
-3.669147 0.193238 0.049144
-3.767381 0.367592 0.046557
-3.666537 0.512776 0.049209
-3.469188 0.167438 0.049281
-3.769425 1.328857 0.048451
-3.667725 0.834759 0.049142
-3.768569 1.003672 0.048138
-3.669423 1.160156 0.049098
-3.770565 1.989266 0.048842
-3.670879 1.488851 0.049132
-3.770026 1.657724 0.048687
-3.672019 1.820128 0.049084
-3.475968 1.813749 0.048832
-3.377212 1.642932 0.049232
-3.474117 1.480438 0.048668
-3.085745 1.799114 0.049164
-3.183522 1.970566 0.049072
-3.086731 2.133979 0.048875
-2.891598 1.791494 0.048898
-2.159773 6.108676 0.045563
-1.321320 6.308818 0.046240
1.160586 5.295901 0.045813
1.337595 5.212671 0.046452
-3.772348 -3.004590 0.048790
-3.675137 -2.832567 0.049109
-3.387725 -2.990696 0.049075
-3.482167 -2.825183 0.048865
-2.905779 -4.408763 0.046538
-2.877247 -4.588270 0.047623
-3.499521 -4.759882 0.046620
-3.707566 -4.550438 0.045329
-3.542537 -4.566865 0.048212
-3.771793 -3.344152 0.049202
-3.387240 -3.333611 0.049636
-3.483916 -3.165506 0.048784
-3.675569 -3.172015 0.049470
-3.774225 -3.685488 0.048648
-3.677446 -3.512672 0.048911
-3.484546 -3.508641 0.049805
-3.675269 -3.858300 0.051012
-2.382314 -4.274546 0.045268
-2.558662 -4.375782 0.044768
-2.528408 -4.543428 0.047169
-2.337242 -4.595940 0.045001
-2.169033 -4.487100 0.045423
-2.183851 -4.333352 0.042828
-3.769419 -2.005534 0.048405
-3.768563 -1.680624 0.047974
-3.669410 -1.835774 0.049189
-3.770346 -2.334580 0.048639
-3.673135 -2.496714 0.049035
-3.478020 -2.488150 0.048869
-3.671193 -2.164603 0.049062
-3.378362 -2.316056 0.048989
-3.474324 -2.154643 0.048807
-2.491699 -2.488254 0.041902
-3.097377 -0.487837 0.044118
-2.900248 -0.432866 0.044617
-3.470450 -0.837658 0.049611
-3.381671 -0.668371 0.046722
-3.181861 -0.649909 0.049951
-0.185834 -5.848168 0.046032
-0.692130 -6.311295 0.047169
-2.377221 -5.890026 0.046164
-2.071317 -5.634076 0.045763
-1.722038 -5.572961 0.047347
-1.908545 -5.510834 0.047591
-1.467884 -6.406500 0.043680
-1.770395 -6.408226 0.042522
-1.630564 -6.310440 0.045827
-1.163284 -6.406610 0.044038
-1.008635 -6.310019 0.046909
-1.321280 -6.308824 0.046238
-1.334743 -6.116141 0.044922
-1.942508 -6.334482 0.043477
-1.653698 -6.119483 0.044473
-1.504481 -6.022860 0.046176
-1.524357 -5.836187 0.045489
-1.701532 -5.754046 0.045589
-1.959246 -5.344181 0.049172
-2.166974 -5.295734 0.044511
-2.219516 -5.121980 0.045906
-1.363467 -5.745820 0.047072
-1.025771 -5.571817 0.045571
0.527763 -6.408409 0.041150
0.639708 -5.752129 0.045843
0.803829 -5.845083 0.045927
-0.515476 -5.298647 0.046376
-0.346693 -5.205620 0.045607
2.489012 2.531534 0.042263
3.508343 4.758588 0.043819
3.714792 4.550839 0.042731
3.556981 4.567576 0.045433
2.848901 5.425429 0.045127
2.776877 5.093835 0.045861
3.123814 5.012439 0.046223
3.073073 5.199283 0.044921
2.899268 5.239413 0.046343
2.670471 5.468399 0.046847
2.620497 5.652047 0.045820
2.439489 5.696038 0.047104
1.735045 5.124730 0.048873
3.279211 4.434872 0.047854
3.227629 4.632997 0.044491
3.373520 -1.717276 0.048084
3.484541 -1.862846 0.045882
3.180335 -1.721209 0.048373
3.769080 -1.089099 0.046934
3.768561 -0.776389 0.046782
3.669070 -0.928509 0.046643
3.470544 -0.920404 0.046186
3.074117 0.209987 0.051305
2.790904 -1.381750 0.046605
2.888296 -1.545319 0.047706
2.592243 -1.365835 0.049012
3.767717 1.714280 0.048197
3.769220 1.399773 0.047309
3.668365 1.549697 0.046217
3.653494 2.293625 0.043317
3.651931 2.144254 0.043328
3.374092 1.714632 0.048148
3.484915 1.860281 0.045912
3.181153 1.719311 0.048449
3.324877 2.104222 0.043337
3.456838 2.033388 0.042094
3.373121 1.392089 0.048350
3.472237 1.231668 0.046103
3.373254 1.070690 0.047956
3.178306 1.389705 0.047110
3.082970 1.221258 0.047745
3.178801 1.062663 0.046672
3.368960 0.751311 0.047814
3.167055 0.407326 0.043736
3.361934 0.438465 0.046603
3.465314 0.601288 0.046007
3.766591 0.462538 0.047072
3.666364 0.612899 0.046578
2.589575 0.187786 0.042589
2.788920 0.098163 0.042085
2.886251 0.215283 0.052748
2.490431 0.357394 0.039432
1.817425 6.048130 0.046605
1.804990 5.889945 0.043544
3.781444 -4.370475 0.044592
3.714730 -4.550923 0.042736
3.294123 -4.977781 0.044200
3.056537 -4.674681 0.046047
2.392691 -5.878293 0.046234
2.205322 -5.918581 0.048871
2.620429 -5.652114 0.045817
2.439424 -5.696098 0.047101
3.072978 -5.199378 0.044920
3.123700 -5.012555 0.046217
2.829694 -4.904200 0.045827
3.002816 -4.862952 0.045789
2.136104 -4.380542 0.043966
1.456823 -6.413075 0.042499
0.999140 -5.202306 0.046365
1.141088 -6.409603 0.043271
1.297315 -6.318392 0.046264
0.538762 -4.919897 0.040832
0.677522 -5.015655 0.048664
0.844616 -4.920043 0.042207
0.660592 -5.202189 0.046201
0.644304 -5.567740 0.045571
0.814988 -5.475461 0.046175
0.824543 -5.292932 0.045594
0.488113 -5.292485 0.045586
0.481380 -5.475507 0.046418
1.327376 -5.023322 0.050477
2.485168 -3.655303 0.036240
2.783014 -3.905651 0.044903
2.881418 -3.754025 0.042392
2.791013 -3.603788 0.047597
2.897833 -3.459271 0.045600
3.081003 -3.797533 0.042741
2.592924 -2.675424 0.047303
-2.886574 -1.784483 0.048647
-2.790259 -1.607404 0.049356
-2.490729 -1.741728 0.042097
-2.592358 -1.596684 0.052391
-2.488042 3.622908 0.040479
-2.603428 3.778391 0.042610
-2.809317 3.254814 0.044265
-2.595879 3.502999 0.044469
-2.491950 2.497927 0.041310
-2.599715 2.928031 0.049184
-2.493637 2.785327 0.043207
-1.971569 4.545082 0.044516
-2.382316 4.274631 0.045258
-2.337319 4.595926 0.044995
-2.183858 4.333369 0.042835
-2.169054 4.487115 0.045419
-1.903522 5.040452 0.041487
-1.951619 4.701470 0.044472
-1.752890 4.761259 0.045501
-1.743017 4.921956 0.045642
-1.840229 5.217315 0.044220
-3.057010 5.216172 0.045809
-2.827922 5.445644 0.045733
-2.875155 5.263588 0.047365
-2.167086 5.295645 0.044515
-1.908638 5.510776 0.047594
-1.959345 5.344113 0.049175
-2.301629 4.767633 0.047482
-2.219638 5.121888 0.045908
-2.075189 4.993494 0.048919
-2.113414 4.815209 0.044681
-2.805724 3.745998 0.042582
-2.926881 3.845795 0.049575
-3.098526 3.482105 0.049325
-2.905535 3.441237 0.049984
-2.798175 3.561038 0.043219
-2.877594 4.588209 0.047646
-2.685633 4.657106 0.045496
-2.528548 4.543408 0.047176
-2.558740 4.375859 0.044754
-2.973849 4.894738 0.046337
-3.283932 4.985942 0.045942
-3.106155 5.028896 0.048569
-3.022262 4.704524 0.049228
-3.707803 4.550203 0.045296
-3.774909 4.368307 0.048381
-3.769807 4.028214 0.050093
-3.676145 4.199377 0.048798
-3.480172 4.208719 0.050711
-3.676269 3.167875 0.049462
-3.485111 3.162665 0.048879
-3.388438 3.331793 0.049620
-3.772101 3.340192 0.049302
-3.678002 3.509836 0.048909
-3.485497 3.506646 0.049889
-3.489583 3.852158 0.047532
-3.387709 4.033188 0.052488
-3.213768 4.009229 0.047528
-3.395842 3.675345 0.048726
-3.198904 3.662726 0.051832
-3.118703 3.815580 0.044595
-3.374481 1.309410 0.049178
-3.471241 1.149122 0.048619
-2.491707 1.757461 0.042183
-2.593694 -0.181159 0.059116
-3.465901 0.493131 0.048532
-3.366786 0.322146 0.048370
-2.793691 2.288825 0.048831
-2.890087 2.126483 0.049437
-2.489820 2.214773 0.038153
-2.593199 2.319276 0.051260
-2.792731 1.955450 0.049055
-2.489820 2.045509 0.038967
-2.592956 1.927763 0.051537
-1.942531 6.334467 0.043479
-1.978527 6.158917 0.046000
-1.467914 6.406496 0.043681
-1.770414 6.408220 0.042522
-1.630600 6.310430 0.045829
-0.546986 6.407885 0.042965
-1.163316 6.406608 0.044039
-0.855228 6.407694 0.043720
-1.008672 6.310016 0.046911
-1.011311 6.119856 0.044906
-0.850268 6.028315 0.046420
-0.692161 6.311293 0.047171
-0.684563 6.122074 0.045319
0.831689 6.408105 0.042882
1.132274 5.852314 0.046321
1.146105 5.480156 0.045985
1.677808 5.280541 0.045284
1.493611 5.321514 0.046673
-0.185854 5.848168 0.046033
-0.351860 5.755116 0.046057
-0.519891 6.030097 0.046178
-0.519105 5.846181 0.045642
-0.057844 6.314730 0.047788
-0.023078 6.127467 0.046341
-0.188279 6.032652 0.045911
-0.355071 6.123515 0.045748
-0.242541 6.408485 0.041155
-0.374567 6.312085 0.047592
0.343093 6.314653 0.047724
0.527761 6.408408 0.041152
0.659039 6.312227 0.047332
0.053513 6.410531 0.037661
0.232033 6.410531 0.037656
-3.056876 -5.216300 0.045808
-3.774719 -4.368851 0.048329
-3.769615 -4.029681 0.050025
-3.675762 -4.200305 0.048808
-3.240921 -4.440068 0.051759
-3.413434 -4.394358 0.049204
-3.091358 -4.320755 0.049766
-3.084609 -4.138175 0.047536
-3.479506 -4.209384 0.050664
-2.747719 -4.125308 0.048798
-2.902551 -4.041451 0.044359
-3.488792 -3.853464 0.047493
-3.386882 -4.033925 0.052499
-3.212725 -4.009453 0.047524
-3.394848 -3.676621 0.048739
-3.197081 -3.320551 0.049235
-2.808305 -3.252974 0.044232
-3.088697 -2.467770 0.048922
-3.182642 -2.305670 0.049076
-2.893606 -2.457134 0.049204
-3.082368 -2.132931 0.049015
-3.471357 -1.823230 0.048642
-3.374496 -1.983030 0.049106
-3.178260 -1.971705 0.048914
-3.079697 -1.797516 0.049456
-2.488667 -2.201982 0.038072
-2.591795 -2.310764 0.051394
-2.788769 -1.948017 0.049482
-2.886000 -2.122276 0.049407
-2.791184 -2.284378 0.048971
-2.488667 -2.032102 0.038447
-2.590825 -1.915982 0.051866
-3.484302 -0.162459 0.048526
-3.379705 -0.001351 0.046631
-3.392715 -0.334003 0.047722
-3.204256 -0.335313 0.047061
-3.072160 -0.798514 0.048245
-2.878174 -0.761237 0.046221
-2.781380 -0.911524 0.051732
-3.466516 -1.165032 0.048714
-3.367854 -0.993533 0.048260
-3.169373 -0.972851 0.048712
-0.546963 -6.407886 0.042964
-0.684527 -6.122077 0.045318
-0.519860 -6.030098 0.046177
-1.011265 -6.119861 0.044905
-0.853114 -5.844192 0.045389
-0.850225 -6.028319 0.046418
-1.023002 -5.752086 0.046307
-1.179376 -6.023769 0.046776
-1.188224 -5.840121 0.044876
-2.159726 -6.108716 0.045560
-2.194025 -5.933661 0.045854
-1.978482 -6.158946 0.045998
-2.040739 -5.805125 0.046366
-1.829503 -6.041733 0.044696
-1.857462 -5.862968 0.046706
-1.430352 -4.927127 0.043097
-0.835657 -4.921653 0.043084
-0.531141 -4.921171 0.042550
-0.678244 -5.018539 0.047472
-2.260801 -5.587305 0.046350
-2.305756 -5.415616 0.048277
-2.413420 -5.714720 0.046329
-2.598468 -5.670428 0.046272
-1.752873 -4.761271 0.045498
-1.951588 -4.701485 0.044473
-2.113341 -4.815253 0.044683
-2.075095 -4.993561 0.048912
-1.840144 -5.217366 0.044216
-1.649727 -5.201685 0.042789
-1.903450 -5.040501 0.041487
-1.587692 -5.013727 0.041388
-1.742980 -4.921979 0.045640
-1.552345 -5.479526 0.046956
-1.525589 -5.306827 0.048279
-1.370950 -5.570244 0.044608
-1.198477 -5.484276 0.045858
0.232041 -6.410531 0.037655
0.343097 -6.314654 0.047722
0.053522 -6.410531 0.037661
0.659035 -6.312228 0.047330
0.639541 -6.123152 0.045837
0.803390 -6.030617 0.045721
0.967551 -6.125011 0.045512
0.831684 -6.408105 0.042880
0.976350 -6.313423 0.046652
0.322775 -5.199777 0.046517
0.356494 -5.013724 0.048465
0.242188 -4.918113 0.037387
-0.045224 -5.014143 0.048161
0.065563 -4.918113 0.037188
0.312782 -5.568302 0.045847
-0.019469 -5.756068 0.046167
2.492710 2.819710 0.043041
2.593151 2.676241 0.047335
2.589009 2.371241 0.049032
2.782198 2.363917 0.045452
2.314676 5.546962 0.047662
2.221135 4.708909 0.045316
2.091970 4.563446 0.046347
2.136134 4.380518 0.043967
2.310543 4.344941 0.046280
1.453259 4.927410 0.041045
1.629097 4.976351 0.043135
3.056683 4.674535 0.046053
2.829813 4.904091 0.045831
3.002945 4.862825 0.045792
2.351187 4.165355 0.044192
2.526807 4.122366 0.045620
3.395978 4.046646 0.048718
2.665236 4.254833 0.045443
2.932517 4.528936 0.046490
3.780801 -2.035808 0.044759
3.674680 -3.221684 0.047085
3.481776 -3.215138 0.046597
3.766968 -0.467168 0.046961
3.666957 -0.618070 0.046502
3.081564 -1.224296 0.047658
3.177711 -1.067083 0.046595
3.177244 -1.392624 0.047038
3.372691 -1.075648 0.047781
3.372468 -1.395708 0.048248
3.471768 -1.235945 0.046057
2.791307 -1.059049 0.046334
2.592445 -1.059342 0.048734
2.490449 -1.494293 0.041286
3.081651 0.890704 0.048503
3.174469 0.735113 0.045623
2.889348 0.891081 0.048757
3.075945 0.553950 0.049891
1.456837 6.413072 0.042500
1.626520 6.315954 0.048505
1.634490 6.139905 0.042395
1.464226 6.053301 0.044756
3.771763 -3.384309 0.047408
3.508247 -4.758691 0.043822
3.344178 -4.786660 0.046785
3.227477 -4.633162 0.044488
3.556868 -4.567718 0.045430
3.444368 -4.397593 0.045183
3.279046 -4.435068 0.047846
2.163745 -6.097178 0.047944
2.083980 -5.759687 0.048445
2.848819 -5.425511 0.045125
2.670390 -5.468478 0.046844
2.899171 -5.239510 0.046338
2.776772 -5.093935 0.045858
2.705975 -4.761060 0.045761
2.754926 -4.574198 0.046055
1.160563 -5.295902 0.045812
1.471244 -5.506341 0.045027
1.493574 -5.321525 0.046672
1.337566 -5.212675 0.046450
1.300753 -5.581748 0.045610
1.146080 -5.480159 0.045983
0.968540 -5.754325 0.045260
0.975102 -5.569091 0.045556
1.296727 -6.134671 0.045193
1.464195 -6.053312 0.044754
1.460404 -5.872466 0.046335
1.131701 -6.037471 0.045150
1.293486 -5.768673 0.044054
1.132251 -5.852318 0.046320
1.453246 -4.927414 0.041047
2.485168 -3.823945 0.037066
2.590022 -3.936971 0.049776
3.188345 -3.677995 0.049490
3.385860 -3.374009 0.048291
3.192752 -3.351369 0.048710
3.095580 -3.489971 0.043914
2.488873 -2.530003 0.042329
2.588770 -2.369957 0.049030
2.786646 -1.705033 0.048123
2.485582 -1.777067 0.037391
2.587460 -1.669922 0.048614
2.797502 -3.299517 0.046245
2.594086 -3.268478 0.047232
2.492622 -2.818688 0.043086
2.491498 -3.104018 0.041935
2.595549 -2.973100 0.047916
2.781737 -2.363636 0.045458
-2.389105 4.128325 0.040773
-2.569339 4.045256 0.043960
-2.503957 3.887647 0.043238
-2.494650 3.071268 0.043453
-2.496409 3.349878 0.043030
-2.602487 3.221494 0.047528
-1.137832 4.922477 0.042895
-1.722122 5.572921 0.047349
-2.598557 5.670341 0.046276
-2.641727 5.492733 0.047658
-2.501646 5.365330 0.045507
-2.305867 5.415521 0.048280
-2.738253 5.133350 0.046625
-2.644253 4.830458 0.047671
-2.787801 4.951776 0.047364
-2.550939 5.188003 0.046993
-2.451478 4.888467 0.046084
-2.407712 5.064438 0.047358
-2.906251 4.408916 0.046494
-3.092036 4.320825 0.049761
-3.085512 4.138376 0.047534
-2.744482 4.310263 0.045560
-2.748292 4.125967 0.048738
-2.903538 4.042171 0.044346
-3.499789 4.759688 0.046594
-3.329806 4.791541 0.049590
-3.542946 4.566533 0.048232
-3.200442 4.644281 0.046378
-3.241559 4.439875 0.051777
-3.414079 4.393980 0.049189
-3.083706 1.462470 0.049259
-3.178741 1.299371 0.048721
-3.468138 0.820165 0.048527
-3.370801 0.978044 0.049144
-3.367505 0.648771 0.049072
-3.170560 0.631706 0.048277
-2.487311 -0.065926 0.037544
-2.487311 0.106425 0.039037
-3.179076 -0.021294 0.049988
-3.095215 -0.183713 0.044122
-2.898937 -0.240499 0.044660
-2.788164 -0.115268 0.053148
-2.588018 0.238821 0.054864
-2.785611 0.592463 0.050330
-1.857534 5.862928 0.046708
-1.829561 6.041703 0.044698
-1.701610 5.754010 0.045592
-1.653751 6.119464 0.044474
1.141099 6.409602 0.043272
1.296752 6.134665 0.045194
1.297333 6.318388 0.046266
1.131723 6.037466 0.045152
0.967567 6.125008 0.045513
0.976363 6.313421 0.046654
1.621842 5.621673 0.044657
1.460438 5.872453 0.046337
1.618267 5.800873 0.041382
1.293515 5.768665 0.044056
1.300783 5.581740 0.045611
1.471281 5.506328 0.045029
0.803402 6.030616 0.045723
0.639548 6.123150 0.045838
0.143356 6.035724 0.046178
0.308917 6.127109 0.046361
0.474094 6.031787 0.045787
-3.283744 -4.986084 0.045952
-3.105961 -5.029039 0.048565
-2.973609 -4.894889 0.046330
-3.329487 -4.791740 0.049574
-3.021895 -4.704627 0.049236
-3.199991 -4.644433 0.046383
-2.644052 -4.830579 0.047662
-2.787600 -4.951919 0.047361
-2.451320 -4.888569 0.046083
-2.407567 -5.064547 0.047353
-2.925774 -3.845055 0.049561
-2.904513 -3.440101 0.049905
-3.097363 -3.482113 0.049314
-3.197824 -3.663153 0.051751
-3.117610 -3.815524 0.044600
-2.389109 -4.128257 0.040754
-2.568979 -4.044762 0.043928
-2.596420 -2.620043 0.050376
-2.798938 -2.615309 0.047655
-3.096127 -2.804081 0.048603
-2.900483 -2.788357 0.049628
-2.803719 -2.938300 0.046343
-2.905394 -3.115773 0.050131
-3.195289 -2.979588 0.049192
-3.101320 -3.141338 0.048378
-2.601909 -3.218198 0.047438
-2.496155 -3.346456 0.043218
-3.368497 -1.320711 0.048910
-3.176024 -1.636592 0.048423
-3.468828 -1.492997 0.048512
-3.371448 -1.650982 0.049263
-2.883671 -1.444340 0.048270
-3.070946 -1.126239 0.049204
-3.076313 -1.460496 0.049498
-3.171407 -1.302600 0.048423
-2.784758 -1.262394 0.050359
-2.876939 -1.102189 0.047880
-0.686821 -5.572309 0.045692
-0.686629 -5.754033 0.046131
-0.519073 -5.846182 0.045640
-0.518177 -5.481445 0.045925
-0.351834 -5.755115 0.046055
-0.350747 -5.572102 0.045829
-0.991908 -5.019843 0.046950
-1.137810 -4.922476 0.042895
-1.006449 -5.209416 0.044055
-1.298068 -5.025318 0.046038
-1.185553 -5.303790 0.048017
-1.331269 -5.217059 0.041568
-0.057831 -6.314732 0.047786
-0.023063 -6.127468 0.046340
-0.188258 -6.032654 0.045909
-0.355045 -6.123517 0.045747
-0.242525 -6.408486 0.041154
-0.374545 -6.312086 0.047590
0.309818 -5.754705 0.046119
0.474092 -6.031788 0.045786
0.473820 -5.846299 0.046083
0.308920 -6.127110 0.046360
0.143365 -6.035724 0.046177
0.144535 -5.848809 0.045987
0.152673 -5.290960 0.046090
0.149413 -5.476463 0.046245
-0.012943 -5.200937 0.046278
-0.017555 -5.570125 0.045925
-0.182833 -5.479213 0.046236
-0.181479 -5.295528 0.045966
2.485210 3.824059 0.037039
2.590094 3.936979 0.049781
2.797741 3.299552 0.046240
2.594235 3.268837 0.047253
2.595716 2.973644 0.047936
2.491577 3.104708 0.041912
2.885773 2.527179 0.045621
2.796723 2.679210 0.046812
3.673149 3.870647 0.047103
3.476052 3.873670 0.047946
2.488569 2.238399 0.040931
2.787640 1.706111 0.048067
2.485793 1.951903 0.037223
2.585790 2.061158 0.049401
2.588101 1.673181 0.048720
2.485793 1.781329 0.037403
2.018334 5.413115 0.044685
1.833250 5.430226 0.045202
1.799615 5.586544 0.041961
2.146594 5.570275 0.043504
2.084033 5.759647 0.048448
1.922137 5.758804 0.042002
2.065345 5.242698 0.047431
1.937499 5.103999 0.043450
2.174133 4.890099 0.045621
1.995033 4.930902 0.045711
2.548222 5.323598 0.046165
2.373435 5.358169 0.045449
2.252365 5.211066 0.044630
2.604261 5.135049 0.045343
2.480728 4.990119 0.045627
2.303618 5.031564 0.045872
1.922214 4.594260 0.043300
1.872279 4.780526 0.046470
1.708797 4.805244 0.041706
2.399515 4.666031 0.046068
2.529622 4.805776 0.045671
2.706092 4.760962 0.045766
2.444759 4.484991 0.045113
2.623832 4.437872 0.046135
2.755058 4.574098 0.046058
3.479801 3.543036 0.046639
3.379468 3.708561 0.049442
3.161029 4.294373 0.044018
2.985281 4.346900 0.045356
2.849225 4.209023 0.048176
3.216327 4.092229 0.049113
3.782412 -2.413512 0.044741
3.771488 -3.058840 0.047495
3.369525 -0.757923 0.047508
3.466448 -0.607709 0.045963
3.178153 0.088097 0.042237
2.487715 -0.074337 0.037486
2.592825 -0.753684 0.048660
2.490745 -0.620178 0.041987
2.490651 -0.910919 0.042964
2.792849 0.738396 0.045009
2.593397 0.468018 0.046691
2.789871 0.415530 0.042898
2.886627 0.556858 0.050134
2.491537 0.634099 0.041536
2.594233 0.763150 0.048320
3.685068 -4.201248 0.047132
3.505854 -4.211570 0.045236
3.772195 -4.033664 0.047306
3.395829 -4.046949 0.048716
3.095028 -3.981132 0.042835
3.216154 -4.092472 0.049100
2.903701 -4.045302 0.042569
2.849088 -4.209122 0.048170
2.985118 -4.347049 0.045349
3.160857 -4.294569 0.044016
1.947539 -6.331325 0.044077
1.634459 -6.139918 0.042393
1.983435 -6.148346 0.048181
1.817389 -6.048150 0.046602
1.773533 -6.407171 0.042897
1.626499 -6.315960 0.048503
1.618228 -5.800891 0.041381
1.621800 -5.621692 0.044656
1.799567 -5.586571 0.041960
1.804949 -5.889970 0.043543
1.922091 -5.758835 0.042001
2.351158 -4.165373 0.044191
2.526753 -4.122388 0.045614
2.310492 -4.344974 0.046277
2.665132 -4.254889 0.045443
2.623722 -4.437947 0.046128
2.444676 -4.485048 0.045111
2.488468 -2.236077 0.041063
2.485582 -1.948337 0.037377
2.585479 -2.059035 0.049472
2.875948 -1.865869 0.046106
2.776659 -2.027107 0.046245
3.151173 -2.041419 0.045679
3.076973 -1.875865 0.048542
3.046105 -2.202143 0.042770
2.872616 -2.197827 0.048499
3.095075 -3.174183 0.045360
2.897572 -3.153031 0.046648
2.798207 -2.991074 0.045898
-1.371016 5.570231 0.044609
-1.552422 5.479501 0.046959
-2.377290 5.889961 0.046168
-2.413506 5.714640 0.046333
-2.194090 5.933607 0.045857
-2.260896 5.587223 0.046353
-2.040817 5.805072 0.046369
-2.071408 5.634009 0.045766
-2.594630 1.613544 0.051784
-2.491494 1.463126 0.042494
-2.794746 1.619890 0.048796
-2.890057 1.454978 0.048798
-3.078728 1.126180 0.049379
-3.174027 0.965140 0.048648
-2.881462 0.774604 0.048392
-3.074420 0.790196 0.049628
-2.875651 0.089104 0.046336
-2.781887 0.240105 0.051502
-3.070285 0.126291 0.048132
-2.878691 0.431212 0.047460
-3.168512 0.300943 0.048412
-3.070682 0.454863 0.049497
-2.590067 0.571605 0.053490
-2.489360 0.709267 0.040523
-2.489278 0.409071 0.042081
-1.504541 6.022841 0.046178
-1.188282 5.840111 0.044877
-1.363534 5.745803 0.047074
-1.524427 5.836163 0.045490
-1.334796 6.116130 0.044923
-1.179431 6.023759 0.046778
-0.991938 5.019845 0.046952
-0.835678 4.921654 0.043084
-1.185603 5.303789 0.048019
-1.198533 5.484272 0.045859
-1.006491 5.209418 0.044056
-0.849715 5.300285 0.046905
-0.182851 5.479215 0.046237
-0.350772 5.572104 0.045831
-0.518207 5.481447 0.045926
-0.686667 5.754033 0.046133
-0.686857 5.572310 0.045693
-0.853158 5.844189 0.045390
-0.856116 5.482199 0.045910
-1.023053 5.752082 0.046309
-1.025821 5.571815 0.045572
0.803842 5.845082 0.045928
0.975121 5.569090 0.045557
0.968558 5.754323 0.045261
0.144526 5.848809 0.045988
-0.019484 5.756068 0.046168
-0.017569 5.570126 0.045926
-2.827811 -5.445752 0.045730
-2.641619 -5.492836 0.047653
-2.875019 -5.263715 0.047360
-2.738096 -5.133484 0.046621
-2.501526 -5.365438 0.045503
-2.550795 -5.188123 0.046989
-2.797431 -3.559316 0.043189
-2.804869 -3.744640 0.042612
-2.595469 -3.500446 0.044405
-2.487885 -3.620689 0.040666
-2.503592 -3.886765 0.043337
-2.602906 -3.776764 0.042685
-2.493292 -2.778497 0.043553
-2.599046 -2.923706 0.049110
-2.494326 -3.066403 0.043675
2.491229 3.383919 0.040076
2.485210 3.655585 0.036226
2.587868 3.559239 0.046587
3.326962 2.317593 0.043759
3.460487 2.396130 0.041988
3.155749 2.370446 0.045839
3.085658 2.530140 0.047606
3.191123 2.695042 0.048696
3.489862 2.572153 0.046560
3.381328 2.714414 0.047944
2.798483 2.991142 0.045892
2.899050 2.840177 0.047422
2.897850 3.152921 0.046674
3.093565 2.853048 0.045735
3.771808 3.383470 0.047428
3.769489 3.709209 0.048068
3.672726 3.546706 0.048037
3.771539 3.057711 0.047520
3.671983 2.898832 0.046516
3.674775 3.220768 0.047096
3.477303 2.890515 0.045462
2.876771 1.866048 0.046174
2.777229 2.027866 0.046168
3.151914 2.040145 0.045716
3.077790 1.874760 0.048538
3.046862 2.201350 0.042785
2.873196 2.197783 0.048567
3.095181 3.980935 0.042838
2.783126 3.905626 0.044896
2.903829 4.045203 0.042571
3.651644 -2.146504 0.043285
3.653255 -2.295489 0.043286
3.324169 -2.105967 0.043295
3.456346 -2.035558 0.042090
3.155111 -2.371485 0.045799
3.326320 -2.319081 0.043743
3.460107 -2.397657 0.041974
3.768933 -2.737232 0.048368
3.682774 -2.586685 0.041534
3.671850 -2.900023 0.046510
3.489626 -2.573456 0.046574
2.886139 -0.559521 0.049687
3.076789 -0.562547 0.049402
2.887529 -0.892392 0.048354
2.790841 -0.735450 0.045689
3.080257 -0.895732 0.048310
3.174219 -0.741815 0.045689
3.363640 -0.445622 0.046539
3.169287 -0.416567 0.043710
3.075809 -0.221209 0.050986
3.178942 -0.097641 0.042324
3.771760 -0.159143 0.045631
3.670157 -0.312228 0.044940
3.467338 -0.301043 0.047090
3.376119 -0.148420 0.042564
2.594753 -0.452744 0.047921
2.492579 -0.339066 0.040280
2.591722 -0.168307 0.044079
2.792130 -0.410321 0.043862
2.791068 -0.089652 0.042544
2.889302 -0.217989 0.051682
0.538761 4.919898 0.040833
0.677525 5.015656 0.048666
0.844620 4.920044 0.042208
0.999156 5.202307 0.046366
1.002295 5.015952 0.049081
0.065557 4.918114 0.037189
0.242182 4.918114 0.037387
0.356491 5.013726 0.048467
3.379303 -3.709004 0.049432
3.475925 -3.874067 0.047929
3.479646 -3.543620 0.046625
3.672645 -3.547375 0.048026
3.769454 -3.709796 0.048049
3.673077 -3.871104 0.047095
2.529522 -4.805857 0.045668
2.399428 -4.666096 0.046064
2.314608 -5.547021 0.047659
2.146534 -5.570322 0.043502
1.677763 -5.280563 0.045282
1.833199 -5.430258 0.045200
2.018276 -5.413157 0.044682
2.065284 -5.242746 0.047429
-1.331322 5.217057 0.041568
-1.587731 5.013715 0.041389
-1.649796 5.201659 0.042789
-1.525657 5.306810 0.048280
-1.298103 5.025318 0.046040
-1.430374 4.927127 0.043095
-2.790778 1.281890 0.049380
-2.884413 1.116191 0.048894
-2.489408 1.170108 0.039730
-2.592331 1.296385 0.052303
-2.786755 0.939559 0.050035
-2.489408 0.998650 0.038072
-2.590197 0.895079 0.052677
-0.181498 5.295531 0.045968
-0.012956 5.200939 0.046279
-0.045235 5.014145 0.048163
-0.228915 4.920317 0.040803
-0.677754 5.207599 0.044915
-0.515504 5.298650 0.046377
-0.531158 4.921172 0.042551
-0.678269 5.018541 0.047474
-0.361854 5.017204 0.047909
-0.346716 5.205623 0.045608
0.639716 5.752128 0.045844
0.473822 5.846299 0.046085
0.309815 5.754706 0.046121
3.384039 3.042970 0.048122
3.095358 3.173781 0.045368
3.190506 3.024874 0.048154
3.193000 3.350909 0.048732
3.386064 3.373375 0.048301
3.481956 3.214343 0.046613
3.188546 3.677683 0.049512
3.081169 3.797351 0.042748
3.095815 3.489691 0.043925
2.898064 3.459194 0.045618
2.791197 3.603799 0.047592
2.881571 3.753964 0.042400
3.085161 -2.530865 0.047590
2.898716 -2.840312 0.047392
2.796361 -2.679074 0.046824
2.885277 -2.527331 0.045566
3.383799 -3.043821 0.048109
3.477065 -2.891550 0.045442
3.190206 -3.025506 0.048125
3.093213 -2.853592 0.045730
3.381000 -2.715530 0.047918
3.190741 -2.695888 0.048658
3.674724 -0.002079 0.045725
3.771535 0.155077 0.045693
3.669555 0.307644 0.044938
3.481901 -0.002541 0.045242
3.465947 0.295183 0.047188
3.375104 0.142154 0.042494
0.660599 5.202192 0.046202
0.644312 5.567741 0.045572
0.815000 5.475461 0.046176
0.824554 5.292934 0.045596
2.548138 -5.323677 0.046162
2.373361 -5.358236 0.045447
2.252295 -5.211126 0.044627
2.604168 -5.135135 0.045339
2.480637 -4.990196 0.045624
2.303542 -5.031629 0.045869
1.708780 -4.805259 0.041704
1.937446 -5.104041 0.043448
1.629071 -4.976366 0.043133
1.735001 -5.124757 0.048871
0.322772 5.199779 0.046519
0.488115 5.292487 0.045588
0.481382 5.475508 0.046420
0.312779 5.568304 0.045848
0.149405 5.476464 0.046246
0.152664 5.290961 0.046091
2.174065 -4.890152 0.045617
1.994981 -4.930945 0.045709
2.221067 -4.708959 0.045314
1.872245 -4.780553 0.046466
2.091926 -4.563479 0.046343
1.922189 -4.594281 0.043298
