3.932063 4.771179 0.001612
3.822905 4.880337 0.001612
3.713747 4.989496 0.001612
3.604588 5.098654 0.001612
3.495430 5.207813 0.001612
3.386271 5.316971 0.001612
3.277113 5.426130 0.001612
3.167954 5.535288 0.001612
3.058796 5.644447 0.001612
2.949637 5.753605 0.001612
2.840479 5.862764 0.001612
2.731320 5.971922 0.001612
2.622162 6.081081 0.001612
2.513003 6.190239 0.001612
2.403845 6.299398 0.001612
2.294686 6.408556 0.001612
2.185528 6.517715 0.001612
2.076369 6.626873 0.001612
1.967211 6.736032 0.001612
1.815887 6.736032 0.001612
1.664563 6.736032 0.001612
1.513239 6.736032 0.001612
1.361915 6.736032 0.001612
1.210591 6.736032 0.001612
1.059267 6.736032 0.001612
0.907943 6.736032 0.001612
0.756619 6.736032 0.001612
0.605296 6.736032 0.001612
0.453972 6.736032 0.001612
0.302648 6.736032 0.001612
0.151324 6.736032 0.001612
0.000000 6.736032 0.001612
-0.151324 6.736032 0.001612
-0.302648 6.736032 0.001612
-0.453972 6.736032 0.001612
-0.605296 6.736032 0.001612
-0.756619 6.736032 0.001612
-0.907943 6.736032 0.001612
-1.059267 6.736032 0.001612
-1.210591 6.736032 0.001612
-1.361915 6.736032 0.001612
-1.513239 6.736032 0.001612
-1.664563 6.736032 0.001612
-1.815887 6.736032 0.001612
-1.967211 6.736032 0.001612
-2.076369 6.626873 0.001612
-2.185528 6.517715 0.001612
-2.294686 6.408556 0.001612
-2.403845 6.299398 0.001612
-2.513003 6.190239 0.001612
-2.622162 6.081081 0.001612
-2.731320 5.971922 0.001612
-2.840479 5.862764 0.001612
-2.949637 5.753605 0.001612
-3.058796 5.644447 0.001612
-3.167954 5.535288 0.001612
-3.277113 5.426130 0.001612
-3.386271 5.316971 0.001612
-3.495430 5.207813 0.001612
-3.604588 5.098654 0.001612
-3.713747 4.989496 0.001612
-3.822905 4.880337 0.001612
-3.932063 4.771179 0.001612
-3.932063 4.619713 0.001612
-3.932063 4.468247 0.001612
-3.932063 4.316781 0.001612
-3.932063 4.165315 0.001612
-3.932063 4.013849 0.001612
-3.932063 3.862383 0.001612
-3.932063 3.710917 0.001612
-3.932063 3.559451 0.001612
-3.932063 3.407985 0.001612
-3.932063 3.256519 0.001612
-3.932063 3.105053 0.001612
-3.932063 2.953587 0.001612
-3.932063 2.802121 0.001612
-3.932063 2.650655 0.001612
-3.932063 2.499189 0.001612
-3.932063 2.347723 0.001612
-3.932063 2.196257 0.001612
-3.932063 2.044791 0.001612
-3.932063 1.893325 0.001612
-3.932063 1.741859 0.001612
-3.932063 1.590393 0.001612
-3.932063 1.438927 0.001612
-3.932063 1.287461 0.001612
-3.932063 1.135995 0.001612
-3.932063 0.984529 0.001612
-3.932063 0.833063 0.001612
-3.932063 0.681597 0.001612
-3.932063 0.530131 0.001612
-3.932063 0.378665 0.001612
-3.932063 0.227199 0.001612
-3.932063 0.075733 0.001612
-3.932063 -0.075733 0.001612
-3.932063 -0.227199 0.001612
-3.932063 -0.378665 0.001612
-3.932063 -0.530131 0.001612
-3.932063 -0.681597 0.001612
-3.932063 -0.833063 0.001612
-3.932063 -0.984529 0.001612
-3.932063 -1.135995 0.001612
-3.932063 -1.287461 0.001612
-3.932063 -1.438927 0.001612
-3.932063 -1.590393 0.001612
-3.932063 -1.741859 0.001612
-3.932063 -1.893325 0.001612
-3.932063 -2.044791 0.001612
-3.932063 -2.196257 0.001612
-3.932063 -2.347723 0.001612
-3.932063 -2.499189 0.001612
-3.932063 -2.650655 0.001612
-3.932063 -2.802121 0.001612
-3.932063 -2.953587 0.001612
-3.932063 -3.105053 0.001612
-3.932063 -3.256519 0.001612
-3.932063 -3.407985 0.001612
-3.932063 -3.559451 0.001612
-3.932063 -3.710917 0.001612
-3.932063 -3.862383 0.001612
-3.932063 -4.013849 0.001612
-3.932063 -4.165315 0.001612
-3.932063 -4.316781 0.001612
-3.932063 -4.468247 0.001612
-3.932063 -4.619713 0.001612
-3.932063 -4.771179 0.001612
-3.822905 -4.880337 0.001612
-3.713747 -4.989496 0.001612
-3.604588 -5.098654 0.001612
-3.495430 -5.207813 0.001612
-3.386271 -5.316971 0.001612
-3.277113 -5.426130 0.001612
-3.167954 -5.535288 0.001612
-3.058796 -5.644447 0.001612
-2.949637 -5.753605 0.001612
-2.840479 -5.862764 0.001612
-2.731320 -5.971922 0.001612
-2.622162 -6.081081 0.001612
-2.513003 -6.190239 0.001612
-2.403845 -6.299398 0.001612
-2.294686 -6.408556 0.001612
-2.185528 -6.517715 0.001612
-2.076369 -6.626873 0.001612
-1.967211 -6.736032 0.001612
-1.815887 -6.736032 0.001612
-1.664563 -6.736032 0.001612
-1.513239 -6.736032 0.001612
-1.361915 -6.736032 0.001612
-1.210591 -6.736032 0.001612
-1.059267 -6.736032 0.001612
-0.907943 -6.736032 0.001612
-0.756619 -6.736032 0.001612
-0.605296 -6.736032 0.001612
-0.453972 -6.736032 0.001612
-0.302648 -6.736032 0.001612
-0.151324 -6.736032 0.001612
0.000000 -6.736032 0.001612
0.151324 -6.736032 0.001612
0.302648 -6.736032 0.001612
0.453972 -6.736032 0.001612
0.605296 -6.736032 0.001612
0.756619 -6.736032 0.001612
0.907943 -6.736032 0.001612
1.059267 -6.736032 0.001612
1.210591 -6.736032 0.001612
1.361915 -6.736032 0.001612
1.513239 -6.736032 0.001612
1.664563 -6.736032 0.001612
1.815887 -6.736032 0.001612
1.967211 -6.736032 0.001612
2.076369 -6.626873 0.001612
2.185528 -6.517715 0.001612
2.294686 -6.408556 0.001612
2.403845 -6.299398 0.001612
2.513003 -6.190239 0.001612
2.622162 -6.081081 0.001612
2.731320 -5.971922 0.001612
2.840479 -5.862764 0.001612
2.949637 -5.753605 0.001612
3.058796 -5.644447 0.001612
3.167954 -5.535288 0.001612
3.277113 -5.426130 0.001612
3.386271 -5.316971 0.001612
3.495430 -5.207813 0.001612
3.604588 -5.098654 0.001612
3.713747 -4.989496 0.001612
3.822905 -4.880337 0.001612
3.932063 -4.771179 0.001612
3.932063 -4.619713 0.001612
3.932063 -4.468247 0.001612
3.932063 -4.316781 0.001612
3.932063 -4.165315 0.001612
3.932063 -4.013849 0.001612
3.932063 -3.862383 0.001612
3.932063 -3.710917 0.001612
3.932063 -3.559451 0.001612
3.932063 -3.407985 0.001612
3.932063 -3.256519 0.001612
3.932063 -3.105053 0.001612
3.932063 -2.953587 0.001612
3.932063 -2.802121 0.001612
3.932063 -2.650655 0.001612
3.932063 -2.499189 0.001612
3.932063 -2.347723 0.001612
3.932063 -2.196257 0.001612
3.932063 -2.044791 0.001612
3.932063 -1.893325 0.001612
3.932063 -1.741859 0.001612
3.932063 -1.590393 0.001612
3.932063 -1.438927 0.001612
3.932063 -1.287461 0.001612
3.932063 -1.135995 0.001612
3.932063 -0.984529 0.001612
3.932063 -0.833063 0.001612
3.932063 -0.681597 0.001612
3.932063 -0.530131 0.001612
3.932063 -0.378665 0.001612
3.932063 -0.227199 0.001612
3.932063 -0.075733 0.001612
3.932063 0.075733 0.001612
3.932063 0.227199 0.001612
3.932063 0.378665 0.001612
3.932063 0.530131 0.001612
3.932063 0.681597 0.001612
3.932063 0.833063 0.001612
3.932063 0.984529 0.001612
3.932063 1.135995 0.001612
3.932063 1.287461 0.001612
3.932063 1.438927 0.001612
3.932063 1.590393 0.001612
3.932063 1.741859 0.001612
3.932063 1.893325 0.001612
3.932063 2.044791 0.001612
3.932063 2.196257 0.001612
3.932063 2.347723 0.001612
3.932063 2.499189 0.001612
3.932063 2.650655 0.001612
3.932063 2.802121 0.001612
3.932063 2.953587 0.001612
3.932063 3.105053 0.001612
3.932063 3.256519 0.001612
3.932063 3.407985 0.001612
3.932063 3.559451 0.001612
3.932063 3.710917 0.001612
3.932063 3.862383 0.001612
3.932063 4.013849 0.001612
3.932063 4.165315 0.001612
3.932063 4.316781 0.001612
3.932063 4.468247 0.001612
3.932063 4.619713 0.001612
2.452063 4.220885 0.000804
2.332757 4.340191 0.000804
2.213450 4.459498 0.000804
2.094143 4.578805 0.000804
1.974837 4.698112 0.000804
1.855530 4.817418 0.000804
1.736223 4.936725 0.000804
1.616916 5.056032 0.000804
1.462924 5.056032 0.000804
1.308932 5.056032 0.000804
1.154940 5.056032 0.000804
1.000948 5.056032 0.000804
0.846956 5.056032 0.000804
0.692964 5.056032 0.000804
0.538972 5.056032 0.000804
0.384980 5.056032 0.000804
0.230988 5.056032 0.000804
0.076996 5.056032 0.000804
-0.076996 5.056032 0.000804
-0.230988 5.056032 0.000804
-0.384980 5.056032 0.000804
-0.538972 5.056032 0.000804
-0.692964 5.056032 0.000804
-0.846956 5.056032 0.000804
-1.000948 5.056032 0.000804
-1.154940 5.056032 0.000804
-1.308932 5.056032 0.000804
-1.462924 5.056032 0.000804
-1.616916 5.056032 0.000804
-1.736223 4.936725 0.000804
-1.855530 4.817418 0.000804
-1.974837 4.698112 0.000804
-2.094143 4.578805 0.000804
-2.213450 4.459498 0.000804
-2.332757 4.340191 0.000804
-2.452063 4.220885 0.000804
-2.452063 4.070139 0.000804
-2.452063 3.919393 0.000804
-2.452063 3.768647 0.000804
-2.452063 3.617901 0.000804
-2.452063 3.467155 0.000804
-2.452063 3.316409 0.000804
-2.452063 3.165663 0.000804
-2.452063 3.014918 0.000804
-2.452063 2.864172 0.000804
-2.452063 2.713426 0.000804
-2.452063 2.562680 0.000804
-2.452063 2.411934 0.000804
-2.452063 2.261188 0.000804
-2.452063 2.110442 0.000804
-2.452063 1.959696 0.000804
-2.452063 1.808951 0.000804
-2.452063 1.658205 0.000804
-2.452063 1.507459 0.000804
-2.452063 1.356713 0.000804
-2.452063 1.205967 0.000804
-2.452063 1.055221 0.000804
-2.452063 0.904475 0.000804
-2.452063 0.753729 0.000804
-2.452063 0.602984 0.000804
-2.452063 0.452238 0.000804
-2.452063 0.301492 0.000804
-2.452063 0.150746 0.000804
-2.452063 0.000000 0.000804
-2.452063 -0.150746 0.000804
-2.452063 -0.301492 0.000804
-2.452063 -0.452238 0.000804
-2.452063 -0.602984 0.000804
-2.452063 -0.753729 0.000804
-2.452063 -0.904475 0.000804
-2.452063 -1.055221 0.000804
-2.452063 -1.205967 0.000804
-2.452063 -1.356713 0.000804
-2.452063 -1.507459 0.000804
-2.452063 -1.658205 0.000804
-2.452063 -1.808951 0.000804
-2.452063 -1.959696 0.000804
-2.452063 -2.110442 0.000804
-2.452063 -2.261188 0.000804
-2.452063 -2.411934 0.000804
-2.452063 -2.562680 0.000804
-2.452063 -2.713426 0.000804
-2.452063 -2.864172 0.000804
-2.452063 -3.014918 0.000804
-2.452063 -3.165663 0.000804
-2.452063 -3.316409 0.000804
-2.452063 -3.467155 0.000804
-2.452063 -3.617901 0.000804
-2.452063 -3.768647 0.000804
-2.452063 -3.919393 0.000804
-2.452063 -4.070139 0.000804
-2.452063 -4.220885 0.000804
-2.332757 -4.340191 0.000804
-2.213450 -4.459498 0.000804
-2.094143 -4.578805 0.000804
-1.974837 -4.698112 0.000804
-1.855530 -4.817418 0.000804
-1.736223 -4.936725 0.000804
-1.616916 -5.056032 0.000804
-1.462924 -5.056032 0.000804
-1.308932 -5.056032 0.000804
-1.154940 -5.056032 0.000804
-1.000948 -5.056032 0.000804
-0.846956 -5.056032 0.000804
-0.692964 -5.056032 0.000804
-0.538972 -5.056032 0.000804
-0.384980 -5.056032 0.000804
-0.230988 -5.056032 0.000804
-0.076996 -5.056032 0.000804
0.076996 -5.056032 0.000804
0.230988 -5.056032 0.000804
0.384980 -5.056032 0.000804
0.538972 -5.056032 0.000804
0.692964 -5.056032 0.000804
0.846956 -5.056032 0.000804
1.000948 -5.056032 0.000804
1.154940 -5.056032 0.000804
1.308932 -5.056032 0.000804
1.462924 -5.056032 0.000804
1.616916 -5.056032 0.000804
1.736223 -4.936725 0.000804
1.855530 -4.817418 0.000804
1.974837 -4.698112 0.000804
2.094143 -4.578805 0.000804
2.213450 -4.459498 0.000804
2.332757 -4.340191 0.000804
2.452063 -4.220885 0.000804
2.452063 -4.070139 0.000804
2.452063 -3.919393 0.000804
2.452063 -3.768647 0.000804
2.452063 -3.617901 0.000804
2.452063 -3.467155 0.000804
2.452063 -3.316409 0.000804
2.452063 -3.165663 0.000804
2.452063 -3.014918 0.000804
2.452063 -2.864172 0.000804
2.452063 -2.713426 0.000804
2.452063 -2.562680 0.000804
2.452063 -2.411934 0.000804
2.452063 -2.261188 0.000804
2.452063 -2.110442 0.000804
2.452063 -1.959696 0.000804
2.452063 -1.808951 0.000804
2.452063 -1.658205 0.000804
2.452063 -1.507459 0.000804
2.452063 -1.356713 0.000804
2.452063 -1.205967 0.000804
2.452063 -1.055221 0.000804
2.452063 -0.904475 0.000804
2.452063 -0.753729 0.000804
2.452063 -0.602984 0.000804
2.452063 -0.452238 0.000804
2.452063 -0.301492 0.000804
2.452063 -0.150746 0.000804
2.452063 0.000000 0.000804
2.452063 0.150746 0.000804
2.452063 0.301492 0.000804
2.452063 0.452238 0.000804
2.452063 0.602984 0.000804
2.452063 0.753729 0.000804
2.452063 0.904475 0.000804
2.452063 1.055221 0.000804
2.452063 1.205967 0.000804
2.452063 1.356713 0.000804
2.452063 1.507459 0.000804
2.452063 1.658205 0.000804
2.452063 1.808951 0.000804
2.452063 1.959696 0.000804
2.452063 2.110442 0.000804
2.452063 2.261188 0.000804
2.452063 2.411934 0.000804
2.452063 2.562680 0.000804
2.452063 2.713426 0.000804
2.452063 2.864172 0.000804
2.452063 3.014918 0.000804
2.452063 3.165663 0.000804
2.452063 3.316409 0.000804
2.452063 3.467155 0.000804
2.452063 3.617901 0.000804
2.452063 3.768647 0.000804
2.452063 3.919393 0.000804
2.452063 4.070139 0.000804
