3.820952 4.365623 0.001612
3.711794 4.474782 0.001612
3.602635 4.583940 0.001612
3.493477 4.693099 0.001612
3.384318 4.802257 0.001612
3.275160 4.911416 0.001612
3.166001 5.020574 0.001612
3.056843 5.129733 0.001612
2.947684 5.238891 0.001612
2.838526 5.348050 0.001612
2.729367 5.457208 0.001612
2.620209 5.566367 0.001612
2.511051 5.675525 0.001612
2.401892 5.784684 0.001612
2.292734 5.893842 0.001612
2.183575 6.003001 0.001612
2.074417 6.112159 0.001612
1.965258 6.221318 0.001612
1.856100 6.330476 0.001612
1.701425 6.330476 0.001612
1.546750 6.330476 0.001612
1.392075 6.330476 0.001612
1.237400 6.330476 0.001612
1.082725 6.330476 0.001612
0.928050 6.330476 0.001612
0.773375 6.330476 0.001612
0.618700 6.330476 0.001612
0.464025 6.330476 0.001612
0.309350 6.330476 0.001612
0.154675 6.330476 0.001612
0.000000 6.330476 0.001612
-0.154675 6.330476 0.001612
-0.309350 6.330476 0.001612
-0.464025 6.330476 0.001612
-0.618700 6.330476 0.001612
-0.773375 6.330476 0.001612
-0.928050 6.330476 0.001612
-1.082725 6.330476 0.001612
-1.237400 6.330476 0.001612
-1.392075 6.330476 0.001612
-1.546750 6.330476 0.001612
-1.701425 6.330476 0.001612
-1.856100 6.330476 0.001612
-1.965258 6.221318 0.001612
-2.074417 6.112159 0.001612
-2.183575 6.003001 0.001612
-2.292734 5.893842 0.001612
-2.401892 5.784684 0.001612
-2.511051 5.675525 0.001612
-2.620209 5.566367 0.001612
-2.729367 5.457208 0.001612
-2.838526 5.348050 0.001612
-2.947684 5.238891 0.001612
-3.056843 5.129733 0.001612
-3.166001 5.020574 0.001612
-3.275160 4.911416 0.001612
-3.384318 4.802257 0.001612
-3.493477 4.693099 0.001612
-3.602635 4.583940 0.001612
-3.711794 4.474782 0.001612
-3.820952 4.365623 0.001612
-3.820952 4.215085 0.001612
-3.820952 4.064546 0.001612
-3.820952 3.914007 0.001612
-3.820952 3.763468 0.001612
-3.820952 3.612930 0.001612
-3.820952 3.462391 0.001612
-3.820952 3.311852 0.001612
-3.820952 3.161313 0.001612
-3.820952 3.010775 0.001612
-3.820952 2.860236 0.001612
-3.820952 2.709697 0.001612
-3.820952 2.559159 0.001612
-3.820952 2.408620 0.001612
-3.820952 2.258081 0.001612
-3.820952 2.107542 0.001612
-3.820952 1.957004 0.001612
-3.820952 1.806465 0.001612
-3.820952 1.655926 0.001612
-3.820952 1.505387 0.001612
-3.820952 1.354849 0.001612
-3.820952 1.204310 0.001612
-3.820952 1.053771 0.001612
-3.820952 0.903232 0.001612
-3.820952 0.752694 0.001612
-3.820952 0.602155 0.001612
-3.820952 0.451616 0.001612
-3.820952 0.301077 0.001612
-3.820952 0.150539 0.001612
-3.820952 0.000000 0.001612
-3.820952 -0.150539 0.001612
-3.820952 -0.301077 0.001612
-3.820952 -0.451616 0.001612
-3.820952 -0.602155 0.001612
-3.820952 -0.752694 0.001612
-3.820952 -0.903232 0.001612
-3.820952 -1.053771 0.001612
-3.820952 -1.204310 0.001612
-3.820952 -1.354849 0.001612
-3.820952 -1.505387 0.001612
-3.820952 -1.655926 0.001612
-3.820952 -1.806465 0.001612
-3.820952 -1.957004 0.001612
-3.820952 -2.107542 0.001612
-3.820952 -2.258081 0.001612
-3.820952 -2.408620 0.001612
-3.820952 -2.559159 0.001612
-3.820952 -2.709697 0.001612
-3.820952 -2.860236 0.001612
-3.820952 -3.010775 0.001612
-3.820952 -3.161313 0.001612
-3.820952 -3.311852 0.001612
-3.820952 -3.462391 0.001612
-3.820952 -3.612930 0.001612
-3.820952 -3.763468 0.001612
-3.820952 -3.914007 0.001612
-3.820952 -4.064546 0.001612
-3.820952 -4.215085 0.001612
-3.820952 -4.365623 0.001612
-3.711794 -4.474782 0.001612
-3.602635 -4.583940 0.001612
-3.493477 -4.693099 0.001612
-3.384318 -4.802257 0.001612
-3.275160 -4.911416 0.001612
-3.166001 -5.020574 0.001612
-3.056843 -5.129733 0.001612
-2.947684 -5.238891 0.001612
-2.838526 -5.348050 0.001612
-2.729367 -5.457208 0.001612
-2.620209 -5.566367 0.001612
-2.511051 -5.675525 0.001612
-2.401892 -5.784684 0.001612
-2.292734 -5.893842 0.001612
-2.183575 -6.003001 0.001612
-2.074417 -6.112159 0.001612
-1.965258 -6.221318 0.001612
-1.856100 -6.330476 0.001612
-1.701425 -6.330476 0.001612
-1.546750 -6.330476 0.001612
-1.392075 -6.330476 0.001612
-1.237400 -6.330476 0.001612
-1.082725 -6.330476 0.001612
-0.928050 -6.330476 0.001612
-0.773375 -6.330476 0.001612
-0.618700 -6.330476 0.001612
-0.464025 -6.330476 0.001612
-0.309350 -6.330476 0.001612
-0.154675 -6.330476 0.001612
0.000000 -6.330476 0.001612
0.154675 -6.330476 0.001612
0.309350 -6.330476 0.001612
0.464025 -6.330476 0.001612
0.618700 -6.330476 0.001612
0.773375 -6.330476 0.001612
0.928050 -6.330476 0.001612
1.082725 -6.330476 0.001612
1.237400 -6.330476 0.001612
1.392075 -6.330476 0.001612
1.546750 -6.330476 0.001612
1.701425 -6.330476 0.001612
1.856100 -6.330476 0.001612
1.965258 -6.221318 0.001612
2.074417 -6.112159 0.001612
2.183575 -6.003001 0.001612
2.292734 -5.893842 0.001612
2.401892 -5.784684 0.001612
2.511051 -5.675525 0.001612
2.620209 -5.566367 0.001612
2.729367 -5.457208 0.001612
2.838526 -5.348050 0.001612
2.947684 -5.238891 0.001612
3.056843 -5.129733 0.001612
3.166001 -5.020574 0.001612
3.275160 -4.911416 0.001612
3.384318 -4.802257 0.001612
3.493477 -4.693099 0.001612
3.602635 -4.583940 0.001612
3.711794 -4.474782 0.001612
3.820952 -4.365623 0.001612
3.820952 -4.215085 0.001612
3.820952 -4.064546 0.001612
3.820952 -3.914007 0.001612
3.820952 -3.763468 0.001612
3.820952 -3.612930 0.001612
3.820952 -3.462391 0.001612
3.820952 -3.311852 0.001612
3.820952 -3.161313 0.001612
3.820952 -3.010775 0.001612
3.820952 -2.860236 0.001612
3.820952 -2.709697 0.001612
3.820952 -2.559159 0.001612
3.820952 -2.408620 0.001612
3.820952 -2.258081 0.001612
3.820952 -2.107542 0.001612
3.820952 -1.957004 0.001612
3.820952 -1.806465 0.001612
3.820952 -1.655926 0.001612
3.820952 -1.505387 0.001612
3.820952 -1.354849 0.001612
3.820952 -1.204310 0.001612
3.820952 -1.053771 0.001612
3.820952 -0.903232 0.001612
3.820952 -0.752694 0.001612
3.820952 -0.602155 0.001612
3.820952 -0.451616 0.001612
3.820952 -0.301077 0.001612
3.820952 -0.150539 0.001612
3.820952 0.000000 0.001612
3.820952 0.150539 0.001612
3.820952 0.301077 0.001612
3.820952 0.451616 0.001612
3.820952 0.602155 0.001612
3.820952 0.752694 0.001612
3.820952 0.903232 0.001612
3.820952 1.053771 0.001612
3.820952 1.204310 0.001612
3.820952 1.354849 0.001612
3.820952 1.505387 0.001612
3.820952 1.655926 0.001612
3.820952 1.806465 0.001612
3.820952 1.957004 0.001612
3.820952 2.107542 0.001612
3.820952 2.258081 0.001612
3.820952 2.408620 0.001612
3.820952 2.559159 0.001612
3.820952 2.709697 0.001612
3.820952 2.860236 0.001612
3.820952 3.010775 0.001612
3.820952 3.161313 0.001612
3.820952 3.311852 0.001612
3.820952 3.462391 0.001612
3.820952 3.612930 0.001612
3.820952 3.763468 0.001612
3.820952 3.914007 0.001612
3.820952 4.064546 0.001612
3.820952 4.215085 0.001612
2.340952 3.815329 0.000804
2.221646 3.934636 0.000804
2.102339 4.053942 0.000804
1.983032 4.173249 0.000804
1.863725 4.292556 0.000804
1.744419 4.411863 0.000804
1.625112 4.531169 0.000804
1.505805 4.650476 0.000804
1.355225 4.650476 0.000804
1.204644 4.650476 0.000804
1.054064 4.650476 0.000804
0.903483 4.650476 0.000804
0.752903 4.650476 0.000804
0.602322 4.650476 0.000804
0.451742 4.650476 0.000804
0.301161 4.650476 0.000804
0.150581 4.650476 0.000804
0.000000 4.650476 0.000804
-0.150581 4.650476 0.000804
-0.301161 4.650476 0.000804
-0.451742 4.650476 0.000804
-0.602322 4.650476 0.000804
-0.752903 4.650476 0.000804
-0.903483 4.650476 0.000804
-1.054064 4.650476 0.000804
-1.204644 4.650476 0.000804
-1.355225 4.650476 0.000804
-1.505805 4.650476 0.000804
-1.625112 4.531169 0.000804
-1.744419 4.411863 0.000804
-1.863725 4.292556 0.000804
-1.983032 4.173249 0.000804
-2.102339 4.053942 0.000804
-2.221646 3.934636 0.000804
-2.340952 3.815329 0.000804
-2.340952 3.662716 0.000804
-2.340952 3.510103 0.000804
-2.340952 3.357490 0.000804
-2.340952 3.204876 0.000804
-2.340952 3.052263 0.000804
-2.340952 2.899650 0.000804
-2.340952 2.747037 0.000804
-2.340952 2.594424 0.000804
-2.340952 2.441811 0.000804
-2.340952 2.289197 0.000804
-2.340952 2.136584 0.000804
-2.340952 1.983971 0.000804
-2.340952 1.831358 0.000804
-2.340952 1.678745 0.000804
-2.340952 1.526132 0.000804
-2.340952 1.373518 0.000804
-2.340952 1.220905 0.000804
-2.340952 1.068292 0.000804
-2.340952 0.915679 0.000804
-2.340952 0.763066 0.000804
-2.340952 0.610453 0.000804
-2.340952 0.457839 0.000804
-2.340952 0.305226 0.000804
-2.340952 0.152613 0.000804
-2.340952 0.000000 0.000804
-2.340952 -0.152613 0.000804
-2.340952 -0.305226 0.000804
-2.340952 -0.457839 0.000804
-2.340952 -0.610453 0.000804
-2.340952 -0.763066 0.000804
-2.340952 -0.915679 0.000804
-2.340952 -1.068292 0.000804
-2.340952 -1.220905 0.000804
-2.340952 -1.373518 0.000804
-2.340952 -1.526132 0.000804
-2.340952 -1.678745 0.000804
-2.340952 -1.831358 0.000804
-2.340952 -1.983971 0.000804
-2.340952 -2.136584 0.000804
-2.340952 -2.289197 0.000804
-2.340952 -2.441811 0.000804
-2.340952 -2.594424 0.000804
-2.340952 -2.747037 0.000804
-2.340952 -2.899650 0.000804
-2.340952 -3.052263 0.000804
-2.340952 -3.204876 0.000804
-2.340952 -3.357490 0.000804
-2.340952 -3.510103 0.000804
-2.340952 -3.662716 0.000804
-2.340952 -3.815329 0.000804
-2.221646 -3.934636 0.000804
-2.102339 -4.053942 0.000804
-1.983032 -4.173249 0.000804
-1.863725 -4.292556 0.000804
-1.744419 -4.411863 0.000804
-1.625112 -4.531169 0.000804
-1.505805 -4.650476 0.000804
-1.355225 -4.650476 0.000804
-1.204644 -4.650476 0.000804
-1.054064 -4.650476 0.000804
-0.903483 -4.650476 0.000804
-0.752903 -4.650476 0.000804
-0.602322 -4.650476 0.000804
-0.451742 -4.650476 0.000804
-0.301161 -4.650476 0.000804
-0.150581 -4.650476 0.000804
0.000000 -4.650476 0.000804
0.150581 -4.650476 0.000804
0.301161 -4.650476 0.000804
0.451742 -4.650476 0.000804
0.602322 -4.650476 0.000804
0.752903 -4.650476 0.000804
0.903483 -4.650476 0.000804
1.054064 -4.650476 0.000804
1.204644 -4.650476 0.000804
1.355225 -4.650476 0.000804
1.505805 -4.650476 0.000804
1.625112 -4.531169 0.000804
1.744419 -4.411863 0.000804
1.863725 -4.292556 0.000804
1.983032 -4.173249 0.000804
2.102339 -4.053942 0.000804
2.221646 -3.934636 0.000804
2.340952 -3.815329 0.000804
2.340952 -3.662716 0.000804
2.340952 -3.510103 0.000804
2.340952 -3.357490 0.000804
2.340952 -3.204876 0.000804
2.340952 -3.052263 0.000804
2.340952 -2.899650 0.000804
2.340952 -2.747037 0.000804
2.340952 -2.594424 0.000804
2.340952 -2.441811 0.000804
2.340952 -2.289197 0.000804
2.340952 -2.136584 0.000804
2.340952 -1.983971 0.000804
2.340952 -1.831358 0.000804
2.340952 -1.678745 0.000804
2.340952 -1.526132 0.000804
2.340952 -1.373518 0.000804
2.340952 -1.220905 0.000804
2.340952 -1.068292 0.000804
2.340952 -0.915679 0.000804
2.340952 -0.763066 0.000804
2.340952 -0.610453 0.000804
2.340952 -0.457839 0.000804
2.340952 -0.305226 0.000804
2.340952 -0.152613 0.000804
2.340952 0.000000 0.000804
2.340952 0.152613 0.000804
2.340952 0.305226 0.000804
2.340952 0.457839 0.000804
2.340952 0.610453 0.000804
2.340952 0.763066 0.000804
2.340952 0.915679 0.000804
2.340952 1.068292 0.000804
2.340952 1.220905 0.000804
2.340952 1.373518 0.000804
2.340952 1.526132 0.000804
2.340952 1.678745 0.000804
2.340952 1.831358 0.000804
2.340952 1.983971 0.000804
2.340952 2.136584 0.000804
2.340952 2.289197 0.000804
2.340952 2.441811 0.000804
2.340952 2.594424 0.000804
2.340952 2.747037 0.000804
2.340952 2.899650 0.000804
2.340952 3.052263 0.000804
2.340952 3.204876 0.000804
2.340952 3.357490 0.000804
2.340952 3.510103 0.000804
2.340952 3.662716 0.000804
