-2.348035 -2.804672 0.042404
-3.545905 -3.369088 0.044574
-3.631686 -3.205570 0.045724
-2.349617 1.549339 0.040109
2.960897 -1.342775 0.044447
3.056646 -1.191152 0.048712
2.741075 -0.138576 0.041465
2.634399 0.001932 0.042301
0.293423 5.886664 0.039442
-3.625800 2.252094 0.044551
-3.532425 1.343815 0.049480
-2.953117 -1.360404 0.042887
-2.451100 -2.659045 0.046385
-2.341812 -1.692331 0.036165
-3.624638 -0.670387 0.045541
-3.628005 -1.288395 0.045958
-3.050729 -1.223036 0.048664
-3.242066 -1.252181 0.048240
-3.526285 -0.813315 0.045612
-3.627362 -0.975155 0.045485
-3.529653 -1.123905 0.046717
-3.336923 -1.101823 0.045105
-3.333038 -0.780131 0.042571
-3.241385 -0.919889 0.048449
-3.639933 -3.536249 0.043417
2.344725 -2.258578 0.039231
2.342504 -1.983105 0.036285
2.441514 -2.087758 0.046174
3.529018 -2.394274 0.048866
3.342086 -3.034716 0.047320
3.252774 -3.189547 0.043785
3.535079 -3.039560 0.046154
3.631628 -3.204255 0.045462
3.057164 -3.199699 0.046641
1.920249 -4.482108 0.044329
1.946764 -4.314171 0.044568
2.005332 -3.983026 0.044760
2.607241 -4.471422 0.044371
2.792361 -4.417901 0.045656
2.280848 -4.391578 0.043933
2.132402 -4.266865 0.044259
2.163904 -4.098860 0.044599
2.462118 -4.346795 0.045210
0.827192 -5.245458 0.045132
0.496947 -5.243299 0.045053
0.661926 -5.335068 0.044979
0.722643 -4.399262 0.035568
-0.996460 -4.401926 0.038661
3.158636 -4.313564 0.046662
1.625772 -5.887937 0.040391
1.330750 -5.885586 0.040929
1.478290 -5.790666 0.046256
0.994051 -5.335251 0.044733
1.660702 -5.529637 0.043639
1.679710 -5.355496 0.046353
1.486499 -5.603433 0.043945
1.327285 -5.511492 0.045801
1.512123 -5.253159 0.045214
1.164485 -5.247318 0.045244
1.333901 -5.335358 0.044060
1.863733 -5.304350 0.045898
2.209425 -5.393584 0.045063
2.025116 -5.433548 0.044233
1.997810 -5.601562 0.045143
1.790698 -5.817573 0.042888
1.817420 -5.646505 0.045430
2.112679 5.101599 0.042693
2.248697 5.224312 0.046733
0.580954 5.889060 0.036136
0.467542 5.792866 0.047663
2.350482 0.702333 0.043002
3.629447 -1.469524 0.040307
3.629447 -1.651627 0.038580
3.625800 -2.252094 0.044551
3.327539 -2.049156 0.049085
3.626322 -1.949820 0.041710
3.526408 -2.074448 0.049353
3.530055 -1.755382 0.051622
2.448392 -0.292745 0.043336
2.659896 -0.575899 0.044069
2.761886 -0.423774 0.045243
2.654162 -0.284999 0.044911
2.659335 -1.170175 0.044697
2.660105 -1.467384 0.045046
2.761659 -1.325606 0.046382
2.958237 -1.027357 0.044750
2.760164 -1.023550 0.046771
2.760267 -0.721397 0.046529
2.658487 -0.871813 0.044444
2.935943 -0.088799 0.041300
2.343769 -0.148858 0.042340
2.442862 -0.000604 0.044850
2.746092 0.143230 0.041488
2.939921 0.091879 0.041160
3.054170 0.214091 0.051635
-0.000373 5.886110 0.040439
0.155829 5.789917 0.047684
-1.157467 5.602821 0.044141
-0.327797 4.967778 0.044636
-0.165300 5.059685 0.045323
0.722248 4.399251 0.035560
0.558160 4.399251 0.035617
-0.000275 4.401946 0.039580
-2.342504 1.816669 0.036207
-2.446406 1.718791 0.045544
-3.629447 1.469524 0.040307
-3.629447 1.651626 0.038580
-3.626322 1.949819 0.041710
-3.526408 2.074448 0.049353
-3.340010 1.708499 0.048137
-3.530055 1.755381 0.051622
-3.628692 1.163472 0.043408
-3.342495 1.366498 0.047676
-3.058729 1.516419 0.049143
-3.249473 1.534382 0.047462
-3.243843 -0.584192 0.049088
-3.060015 -0.557251 0.050831
-2.660105 1.467385 0.045046
-2.453782 1.436748 0.045831
0.000373 -5.886110 0.040439
-3.629706 -2.241347 0.046320
-3.530303 -2.078959 0.047740
-3.045843 -2.900738 0.046241
-3.629514 -2.563556 0.046353
-3.533506 -2.402702 0.046672
-2.348780 -2.521006 0.042285
-2.451433 -0.289330 0.043197
2.453878 -1.151582 0.045884
-3.634125 -0.371383 0.042946
-3.533049 -0.516637 0.041312
-3.345501 -0.463626 0.040858
-3.625259 -3.870585 0.047052
-3.539477 -3.709478 0.049228
2.449023 -2.378087 0.045324
2.654457 -2.347855 0.046143
2.759759 -2.482663 0.044442
2.350012 -2.533249 0.041516
3.243688 -2.873821 0.045744
3.339899 -2.712555 0.046910
3.629166 -2.883791 0.045791
3.628932 -2.565797 0.045210
3.532384 -2.717681 0.047317
3.094209 -3.503911 0.044073
2.976128 -3.366207 0.044650
2.894531 -3.714254 0.045302
3.055735 -3.676340 0.041723
3.227524 -3.956474 0.048402
3.229402 -3.794109 0.042257
2.657468 -2.644016 0.045045
2.348858 -2.811597 0.041879
2.453156 -2.664370 0.046480
2.951612 -3.060467 0.044998
3.048824 -2.889421 0.046888
2.952795 -2.751310 0.044327
2.755090 -2.781897 0.045410
2.567199 -4.644853 0.045568
2.028374 -3.822764 0.042521
2.218737 -3.768694 0.045023
2.779107 -3.395927 0.047113
2.572317 -3.630941 0.048001
2.735984 -3.571546 0.045592
2.498593 -4.173580 0.044490
2.557632 -3.821980 0.043155
2.380616 -3.880453 0.044842
2.348825 -4.050358 0.044380
1.037540 -5.886953 0.039279
1.169141 -5.789682 0.047326
1.157467 -5.602821 0.044141
0.993649 -5.514619 0.045309
0.294156 -5.886665 0.039435
0.156645 -5.789919 0.047685
0.493678 -5.059601 0.045602
0.482795 -4.688346 0.044773
0.820846 -5.062633 0.046011
0.645371 -4.781604 0.045472
0.652311 -4.968545 0.044220
0.282751 -4.401301 0.038590
0.451710 -4.497706 0.047031
0.558599 -4.399262 0.035598
1.816291 -4.034354 0.043729
1.789224 -4.197494 0.044253
-1.625422 -5.888036 0.040396
-1.330167 -5.885651 0.040927
-1.477634 -5.790829 0.046243
-0.580954 -5.889060 0.036136
-0.751196 -5.889060 0.035722
-0.858604 -5.793191 0.047250
-1.156485 -5.602986 0.044138
-1.036874 -5.886988 0.039271
-1.168351 -5.789782 0.047305
-0.467542 -5.792866 0.047663
-0.293423 -5.886664 0.039442
-0.155829 -5.789917 0.047684
-1.115562 -4.698573 0.043984
-1.122582 -4.503310 0.046568
-1.274091 -4.404242 0.040121
-1.413802 -4.499875 0.044508
-1.796539 -5.012539 0.041786
3.336718 -4.270269 0.045424
3.381019 -4.081204 0.048707
3.554513 -4.044442 0.046147
2.933159 -4.543164 0.046050
3.112860 -4.496072 0.045252
2.208564 5.394423 0.045022
2.436936 5.176805 0.043761
0.826228 5.245484 0.045128
0.751196 5.889060 0.035722
1.625422 5.888036 0.040396
1.910969 5.142572 0.048069
2.348616 1.255764 0.039983
2.647706 1.467236 0.046273
2.341812 1.524813 0.036276
2.444714 1.425249 0.045278
2.451987 1.141713 0.045701
2.453852 0.855496 0.046063
2.349084 0.981389 0.041705
3.629238 2.884169 0.046390
2.457733 3.253930 0.049312
2.347562 3.091019 0.041711
1.413802 4.499875 0.044508
1.740858 4.534703 0.043700
1.599597 4.249946 0.044560
1.578622 4.418325 0.045421
3.249473 -1.534382 0.047462
3.340010 -1.708499 0.048137
3.237409 -1.877646 0.049296
3.058729 -1.516419 0.049143
3.233054 0.151652 0.051637
3.319814 -0.043349 0.043703
2.344808 0.143423 0.042450
2.661181 0.286601 0.045251
2.457107 0.570290 0.045628
2.352340 0.423772 0.043923
2.451433 0.289330 0.043197
-0.859393 5.793146 0.047275
-0.332037 5.332805 0.045159
-0.166270 5.241014 0.044861
0.496019 5.243302 0.045052
0.495701 5.607209 0.045211
0.660972 5.335082 0.044976
0.661380 5.517939 0.045307
0.164635 5.602767 0.044803
0.330388 5.513857 0.044850
0.331114 5.332806 0.045158
0.165356 5.241011 0.044861
-0.000459 5.331107 0.044936
-0.000454 5.511813 0.044984
0.164399 5.059685 0.045322
-0.000445 4.968452 0.044504
-0.000424 4.784994 0.045195
0.827377 4.498320 0.046760
-0.161336 4.691913 0.044499
-0.151317 4.500390 0.047405
-0.282751 4.401301 0.038590
-0.323855 4.783464 0.045103
-1.330750 5.885586 0.040929
-1.037540 5.886953 0.039279
-1.169141 5.789682 0.047326
-0.482795 4.688346 0.044773
-0.558599 4.399262 0.035598
-0.451710 4.497706 0.047031
-0.963850 4.788913 0.045082
-0.976074 4.974547 0.043497
-0.645371 4.781604 0.045472
-0.801683 4.690058 0.044586
-0.722643 4.399262 0.035568
-0.827982 4.498357 0.046784
-1.116505 4.698613 0.043986
-3.359808 3.355612 0.047502
-3.545669 3.365476 0.044847
-3.628932 2.565797 0.045210
-3.529018 2.394274 0.048866
-3.013146 4.186109 0.047255
-3.158636 4.313564 0.046662
-2.735984 3.571546 0.045592
-2.960272 1.654889 0.043295
-2.760886 1.623024 0.045007
-2.651353 1.761840 0.046600
-3.628596 0.851080 0.044698
-3.531573 1.020114 0.048358
-3.339748 0.699730 0.046239
-3.531089 0.697860 0.047863
-3.628208 0.536548 0.045181
-3.527420 0.378004 0.047981
-3.232256 0.190733 0.050424
-3.244607 0.529947 0.048065
-3.335161 0.369533 0.044986
-2.736445 -1.615354 0.041408
-3.341597 -2.406531 0.046524
-3.244053 -2.570297 0.046094
-2.349601 -2.242575 0.041586
-2.452667 -2.369171 0.045731
-2.344808 -0.143422 0.042450
-2.969676 -0.405018 0.043152
-2.770516 -0.426177 0.045812
-2.661181 -0.286600 0.045251
-3.054170 -0.214091 0.051635
-3.626311 -1.920182 0.047121
-3.527763 -1.442021 0.047998
-3.625472 -1.604967 0.047095
-3.526069 -1.759538 0.047367
-3.334553 -1.427889 0.045755
-3.339486 -2.727293 0.046666
-3.341559 -3.044199 0.047147
-3.242034 -2.886879 0.045341
-3.535210 -3.044400 0.045644
-3.629238 -2.884169 0.046390
-3.533038 -2.724380 0.046248
-2.352340 -0.423771 0.043923
-2.757800 -1.028940 0.046298
-2.958657 -0.728123 0.043743
-3.050833 -0.894822 0.049136
-2.955034 -1.047611 0.044127
-2.656275 -1.171594 0.044795
-2.647706 -1.467236 0.046273
-2.755896 -1.327633 0.044679
-2.453852 -0.855496 0.046063
-2.350482 -0.702333 0.043002
-2.457107 -0.570289 0.045628
-2.658280 -0.873166 0.044373
-2.665536 -0.575425 0.044275
-2.763338 -0.725138 0.047498
2.350338 -0.432870 0.043785
2.454118 -0.577249 0.045238
2.453782 -1.436748 0.045831
2.349880 -1.276376 0.041876
-3.233054 -0.151652 0.051637
-3.341876 -0.274840 0.040673
-3.319814 0.043350 0.043703
-3.529424 -0.223651 0.041770
-3.367886 -3.690009 0.042998
-3.554096 -4.045834 0.046046
2.633647 -2.054839 0.044171
2.742292 -2.195426 0.041272
2.937746 -2.139607 0.041878
3.337166 -2.383654 0.046648
3.235079 -2.216183 0.048867
3.047095 -2.251812 0.048490
3.244596 -2.550051 0.046914
2.956942 -2.442439 0.042610
3.052356 -2.573206 0.047575
2.826572 -4.243354 0.044744
3.013146 -4.186109 0.047255
3.037734 -4.018083 0.043117
2.677927 -4.123659 0.044285
2.878408 -3.893632 0.044720
2.705175 -3.941964 0.046331
3.625351 -3.869320 0.047098
2.348334 -3.094152 0.041425
2.451478 -2.956883 0.047519
2.458786 -3.253757 0.049500
2.662423 -3.256948 0.046191
2.753890 -3.087996 0.046186
2.653398 -2.947536 0.045704
2.437998 -5.175757 0.043794
2.481808 -4.999275 0.044946
2.249755 -5.223290 0.046771
2.356167 -3.371474 0.041288
2.411804 -3.535198 0.043386
2.235239 -3.614478 0.040548
0.581630 -5.889049 0.036124
0.468339 -5.792858 0.047663
0.496599 -5.607196 0.045209
0.662312 -5.517915 0.045312
0.827176 -5.607673 0.044874
0.751843 -5.889049 0.035729
0.859393 -5.793146 0.047275
1.725593 -4.705726 0.043410
1.742029 -4.533653 0.043717
0.827982 -4.498357 0.046784
0.801683 -4.690058 0.044586
1.614973 -4.983421 0.040619
1.490719 -5.078459 0.048191
1.571886 -4.787865 0.040853
1.423507 -4.697708 0.045217
0.996876 -4.401952 0.038661
1.123232 -4.503353 0.046589
-1.326253 -5.511783 0.045776
-1.332813 -5.335698 0.044059
-1.485587 -5.603758 0.043934
-1.510983 -5.253710 0.045180
-1.489496 -5.078993 0.048179
-1.613613 -4.984202 0.040569
-1.299704 -4.983039 0.041663
-1.275630 -4.797715 0.044347
-1.422360 -4.698086 0.045184
-1.570551 -4.788618 0.040826
-1.790337 -5.817792 0.042859
2.887761 -4.723350 0.044785
2.706921 -4.771518 0.045192
2.662246 -4.948800 0.044609
2.279288 4.393294 0.043888
1.918986 4.483430 0.044289
0.993039 5.335342 0.044731
1.790337 5.817792 0.042859
1.863940 4.837701 0.040969
1.796539 5.012539 0.041786
1.724227 4.706785 0.043392
2.736445 1.615355 0.041408
2.755896 1.327633 0.044679
2.656275 1.171595 0.044795
2.740694 1.899774 0.041155
2.631935 1.759990 0.043963
2.933634 1.663015 0.041290
3.045240 1.954772 0.048108
2.935500 1.843950 0.041485
3.631686 3.205570 0.045724
3.535210 3.044401 0.045644
2.660628 3.260017 0.046234
2.751123 3.091902 0.046125
2.348780 2.521006 0.042285
2.650549 2.949578 0.045776
2.751274 2.784211 0.045551
2.653674 2.643787 0.045086
2.449882 2.954782 0.047441
2.451100 2.659046 0.046385
2.348035 2.804673 0.042404
2.355886 3.371154 0.041758
2.347153 4.052179 0.044324
1.274091 4.404242 0.040121
0.996460 4.401926 0.038661
1.122582 4.503310 0.046568
3.157251 4.315235 0.046588
2.777764 3.400045 0.046885
2.958336 -0.397244 0.042626
3.045480 -0.208691 0.049667
3.232256 -0.190733 0.050424
2.665536 0.575425 0.044275
2.770516 0.426177 0.045812
2.969676 0.405018 0.043152
3.628596 -0.851080 0.044698
3.340311 -1.030871 0.046918
3.247501 -1.196911 0.046885
3.628692 -1.163472 0.043408
3.531573 -1.020114 0.048358
3.532425 -1.343816 0.049480
3.342495 -1.366498 0.047676
3.054558 -0.539700 0.048882
3.245992 -0.863707 0.047113
2.958478 -0.711729 0.044218
3.054771 -0.865952 0.048542
-0.751843 5.889049 0.035729
-0.581630 5.889049 0.036124
-0.496599 5.607196 0.045209
-0.468339 5.792858 0.047663
-0.331303 5.513856 0.044854
-0.165532 5.602771 0.044803
-0.294156 5.886665 0.039435
-0.156644 5.789919 0.047685
-0.662312 5.517915 0.045312
-0.827176 5.607673 0.044874
-0.993649 5.514619 0.045309
-0.994051 5.335251 0.044733
0.326907 4.967772 0.044636
0.492768 5.059593 0.045602
0.819902 5.062647 0.046011
0.651395 4.968536 0.044216
0.800846 4.690020 0.044580
0.644521 4.781584 0.045469
-1.625772 5.887937 0.040391
-1.478290 5.790666 0.046256
-2.209425 5.393584 0.045063
-2.025116 5.433548 0.044233
-1.276740 4.797585 0.044350
-0.996876 4.401952 0.038661
-1.123232 4.503353 0.046589
-3.639755 3.534652 0.043391
-3.094209 3.503912 0.044073
-3.282279 3.503469 0.041195
-3.631628 3.204254 0.045462
-3.252774 3.189548 0.043785
-3.048824 2.889421 0.046888
-3.532384 2.717681 0.047317
-3.629166 2.883790 0.045791
-3.535079 3.039560 0.046154
-3.339899 2.712555 0.046910
-3.243688 2.873821 0.045744
-3.342086 3.034716 0.047320
-3.244596 2.550051 0.046914
-3.337166 2.383654 0.046648
-2.779108 3.395927 0.047113
-2.976128 3.366207 0.044650
-3.057164 3.199699 0.046641
-2.951612 3.060467 0.044998
-3.336718 4.270269 0.045424
-3.112860 4.496072 0.045252
-2.705175 3.941964 0.046331
-2.344725 2.258579 0.039231
-2.342504 1.983105 0.036285
-2.441514 2.087759 0.046174
-2.654457 2.347855 0.046143
-2.449023 2.378088 0.045324
-2.739582 1.910106 0.041689
-2.633647 2.054839 0.044171
-2.742291 2.195427 0.041272
-3.245992 0.863707 0.047113
-3.247501 1.196911 0.046885
-3.340311 1.030871 0.046918
-3.624927 0.224998 0.045799
-3.621013 -0.074670 0.046365
-3.520225 0.069143 0.046282
-2.349713 0.997420 0.042883
-2.349880 1.276377 0.041876
-2.453878 1.151582 0.045884
-3.054558 0.539701 0.048882
-2.350338 0.432870 0.043785
-2.939921 -0.091879 0.041160
-2.746092 -0.143229 0.041488
-2.935500 -1.843950 0.041485
-3.326024 -1.754710 0.047558
-3.232216 -1.586007 0.049515
-3.042116 -1.547667 0.048934
-2.933634 -1.663014 0.041290
-2.657180 -2.344730 0.044647
-2.758972 -2.185211 0.044178
-2.344196 -1.967774 0.039144
-2.448082 -2.084396 0.044900
-2.440293 -1.795067 0.045655
-2.631935 -1.759989 0.043963
-2.740694 -1.899773 0.041155
-2.652940 -2.051472 0.045798
-2.442862 0.000605 0.044850
-2.634399 -0.001932 0.042301
-2.448392 0.292745 0.043336
-2.343769 0.148859 0.042340
-2.341812 -1.524813 0.036276
-2.444714 -1.425248 0.045278
2.349494 -0.715210 0.043381
2.453493 -0.864276 0.045661
2.349713 -0.997420 0.042883
2.349617 -1.549339 0.040109
2.342504 -1.816668 0.036207
2.446406 -1.718791 0.045544
-3.111554 -4.497475 0.045228
-3.228681 -3.798431 0.041962
-3.251939 -3.198284 0.043538
-3.359810 -3.362004 0.047399
-3.282246 -3.509696 0.041101
-3.335503 -4.271672 0.045407
-3.157251 -4.315235 0.046588
-3.011461 -4.188239 0.047220
-3.035890 -4.020829 0.042951
-3.380110 -4.083277 0.048533
-3.226287 -3.959429 0.048360
-2.661043 -4.950022 0.044577
-2.824781 -4.245510 0.044659
-2.460437 -4.348697 0.045163
-2.436936 -5.176805 0.043761
-2.480590 -5.000498 0.044914
-2.675976 -4.125955 0.044226
-2.496789 -4.175622 0.044434
-1.815687 -4.034985 0.043714
2.960271 -1.654889 0.043295
2.760886 -1.623024 0.045007
3.048414 -1.841999 0.049795
2.937258 -1.958400 0.041571
2.651353 -1.761839 0.046600
2.739582 -1.910105 0.041689
3.639755 -3.534652 0.043391
3.545669 -3.365476 0.044847
3.367777 -3.685388 0.043167
3.539393 -3.706708 0.049507
3.282279 -3.503469 0.041195
3.359808 -3.355612 0.047502
1.865387 -4.836484 0.040977
2.113910 -5.100462 0.042719
1.797917 -5.011494 0.041818
1.912198 -5.141558 0.048107
1.152854 -5.069440 0.046634
1.300865 -4.982779 0.041696
1.276741 -4.797585 0.044350
0.976074 -4.974547 0.043497
0.963850 -4.788913 0.045082
1.116505 -4.698613 0.043986
1.414500 -4.499641 0.044499
1.274460 -4.404258 0.040101
1.599995 -4.249502 0.044601
1.579315 -4.417724 0.045470
0.165532 -5.602771 0.044803
0.332037 -5.332805 0.045159
0.331303 -5.513856 0.044854
-0.164635 -5.602767 0.044803
0.000454 -5.511813 0.044984
-0.282223 -4.401307 0.038602
0.327798 -4.967778 0.044636
0.323855 -4.783464 0.045103
-1.151818 -5.069573 0.046644
-1.163440 -5.247514 0.045229
-0.495701 -5.607209 0.045211
-0.330388 -5.513857 0.044850
-0.331114 -5.332806 0.045158
-1.816754 -5.646936 0.045413
-1.659791 -5.530108 0.043612
-1.678628 -5.356146 0.046328
-1.997168 -5.602111 0.045110
2.886483 4.724697 0.044753
3.111554 4.497475 0.045228
2.931786 4.544705 0.045998
2.661043 4.950022 0.044577
2.705607 4.772920 0.045150
2.565753 4.646447 0.045535
2.480590 5.000498 0.044914
2.790802 4.419736 0.045624
2.605646 4.473255 0.044309
2.460437 4.348697 0.045163
2.496789 4.175622 0.044434
2.066870 4.612343 0.042891
2.241780 4.569259 0.045916
2.028455 4.794531 0.046274
2.162764 4.928396 0.044532
2.342436 4.874803 0.045338
2.383037 4.697853 0.044277
1.036874 5.886988 0.039271
0.992644 5.514729 0.045296
0.826240 5.607728 0.044870
0.858604 5.793191 0.047250
1.997168 5.602111 0.045110
2.024243 5.434305 0.044195
1.816754 5.646936 0.045413
1.862665 5.305168 0.045864
1.659791 5.530108 0.043612
1.678628 5.356146 0.046328
1.422360 4.698086 0.045184
1.570551 4.788618 0.040826
1.613613 4.984202 0.040569
3.628005 1.288395 0.045958
3.336923 1.101823 0.045105
3.627362 0.975155 0.045485
3.529653 1.123905 0.046717
3.341876 0.274840 0.040673
3.529424 0.223652 0.041770
2.448082 2.084396 0.044900
2.349601 2.242576 0.041586
2.452667 2.369171 0.045731
2.652940 2.051473 0.045798
2.341812 1.692331 0.036165
2.440293 1.795067 0.045655
2.344196 1.967774 0.039144
3.234313 1.917644 0.048931
3.338350 2.081251 0.046111
3.530303 2.078959 0.047740
3.042116 1.547667 0.048934
3.242066 1.252182 0.048240
2.953117 1.360404 0.042887
3.050729 1.223036 0.048664
3.625259 3.870585 0.047052
3.639933 3.536249 0.043417
3.545905 3.369088 0.044574
3.367886 3.690009 0.042998
3.539477 3.709478 0.049228
2.948957 3.067732 0.045190
3.341559 3.044199 0.047147
2.956466 2.144334 0.042354
2.758972 2.185212 0.044178
2.755867 2.481307 0.045271
2.657180 2.344730 0.044647
2.410995 3.536622 0.043333
2.378968 3.882252 0.044804
2.234607 3.615165 0.040628
2.217638 3.769867 0.044981
2.027673 3.823484 0.042543
1.945598 4.315452 0.044531
2.004354 3.984051 0.044719
2.130991 4.268401 0.044218
2.162504 4.100360 0.044560
1.788444 4.198346 0.044226
1.815687 4.034985 0.043714
3.335503 4.271673 0.045407
3.554096 4.045834 0.046046
3.380110 4.083277 0.048533
3.011461 4.188239 0.047220
2.824781 4.245510 0.044659
2.675976 4.125955 0.044226
3.624927 -0.224998 0.045799
3.621013 0.074670 0.046365
3.520225 -0.069143 0.046282
2.955034 1.047611 0.044127
2.757801 1.028940 0.046298
2.658280 0.873166 0.044373
2.763338 0.725138 0.047498
3.628208 -0.536548 0.045181
3.527420 -0.378004 0.047980
3.531089 -0.697860 0.047863
3.339748 -0.699730 0.046239
3.335161 -0.369533 0.044986
3.244607 -0.529947 0.048065
-0.661926 5.335068 0.044979
-0.496947 5.243299 0.045053
-0.820846 5.062633 0.046011
-0.827192 5.245458 0.045132
-0.493678 5.059601 0.045602
-0.652311 4.968545 0.044220
0.451081 4.497701 0.047038
0.481994 4.688334 0.044777
0.323006 4.783465 0.045098
0.160521 4.691921 0.044499
0.282223 4.401307 0.038602
0.150651 4.500396 0.047406
-2.662246 4.948800 0.044609
-2.826572 4.243354 0.044744
-2.677927 4.123659 0.044285
-2.249755 5.223291 0.046771
-2.437998 5.175757 0.043794
-2.481808 4.999275 0.044946
-1.327285 5.511492 0.045801
-1.486499 5.603433 0.043945
-1.660702 5.529637 0.043639
-1.997810 5.601562 0.045143
-1.790698 5.817573 0.042888
-1.817420 5.646505 0.045430
-2.113910 5.100462 0.042719
-1.423507 4.697708 0.045217
-1.742029 4.533653 0.043717
-3.037734 4.018083 0.043117
-2.878407 3.893632 0.044720
-2.894531 3.714254 0.045302
-3.055735 3.676340 0.041723
-3.554513 4.044442 0.046147
-3.381019 4.081204 0.048707
-3.625351 3.869320 0.047098
-3.227524 3.956474 0.048402
-3.229402 3.794109 0.042257
-3.539393 3.706708 0.049507
-3.367777 3.685388 0.043167
-2.458786 3.253757 0.049500
-2.662423 3.256949 0.046191
-2.348334 3.094152 0.041425
-2.753890 3.087997 0.046186
-2.462118 4.346796 0.045210
-2.498593 4.173580 0.044490
-2.572317 3.630941 0.048001
-2.557632 3.821980 0.043155
-2.350012 2.533249 0.041516
-2.759759 2.482663 0.044442
-2.952795 2.751311 0.044327
-3.052356 2.573206 0.047575
-2.956942 2.442439 0.042610
-3.047095 2.251812 0.048490
-2.937746 2.139607 0.041878
-3.235079 2.216183 0.048867
-3.327539 2.049157 0.049085
-3.237409 1.877646 0.049296
-3.048414 1.841999 0.049795
-2.937258 1.958400 0.041571
-2.659896 0.575900 0.044069
-2.453493 0.864276 0.045661
-2.349494 0.715210 0.043381
-2.454118 0.577250 0.045238
-2.658487 0.871813 0.044444
-2.760267 0.721397 0.046529
-3.054771 0.865953 0.048542
-2.958478 0.711729 0.044218
-2.761886 0.423775 0.045243
-2.654162 0.284999 0.044911
-2.741075 0.138576 0.041465
-2.958336 0.397244 0.042626
-3.045480 0.208691 0.049667
-2.935943 0.088799 0.041300
-3.045240 -1.954772 0.048108
-3.234313 -1.917644 0.048931
-3.338350 -2.081250 0.046111
-3.245844 -2.247466 0.046943
-2.956466 -2.144334 0.042354
-3.053032 -2.273422 0.047419
-3.049493 -2.588687 0.046715
-2.954225 -2.450876 0.044041
-2.948735 -2.759541 0.045005
-2.755867 -2.481307 0.045271
-2.751274 -2.784211 0.045551
-2.653674 -2.643787 0.045086
-2.349084 -0.981389 0.041705
-2.451987 -1.141713 0.045701
-2.348616 -1.255763 0.039983
-2.650549 -2.949578 0.045776
-2.449882 -2.954782 0.047441
-2.347562 -3.091019 0.041711
-3.054787 -3.681137 0.041679
-3.093677 -3.510175 0.043863
-2.886483 -4.724697 0.044753
-2.705607 -4.772920 0.045150
-2.931786 -4.544705 0.045998
-2.790802 -4.419736 0.045624
-2.565754 -4.646447 0.045535
-2.605646 -4.473255 0.044309
-2.162764 -4.928396 0.044532
-2.383037 -4.697853 0.044277
-2.342436 -4.874803 0.045338
-1.788444 -4.198346 0.044226
-1.599597 -4.249946 0.044560
-1.578622 -4.418325 0.045421
-2.347153 -4.052179 0.044324
-2.162504 -4.100360 0.044560
-2.004354 -3.984051 0.044719
-2.027673 -3.823484 0.042543
2.029899 -4.793178 0.046310
2.243285 -4.567651 0.045960
2.068325 -4.610876 0.042915
2.164141 -4.927092 0.044561
2.384513 -4.696299 0.044318
2.343796 -4.873439 0.045367
-0.558160 -4.399251 0.035617
-0.451081 -4.497701 0.047038
-0.722248 -4.399251 0.035560
-0.827377 -4.498320 0.046760
-0.165355 -5.241011 0.044861
0.000459 -5.331107 0.044936
0.166270 -5.241014 0.044861
0.165300 -5.059685 0.045323
-0.661380 -5.517939 0.045307
-0.826240 -5.607728 0.044870
-0.992644 -5.514729 0.045296
-0.993039 -5.335342 0.044731
-1.910969 -5.142572 0.048069
-1.862665 -5.305168 0.045864
-2.024243 -5.434305 0.044195
-2.112679 -5.101599 0.042693
-2.208564 -5.394423 0.045022
-2.248698 -5.224312 0.046733
1.168351 5.789782 0.047305
1.156485 5.602986 0.044138
1.330167 5.885651 0.040927
1.477634 5.790829 0.046243
1.485587 5.603758 0.043934
1.326253 5.511783 0.045776
1.275630 4.797715 0.044347
0.975091 4.974564 0.043487
1.115562 4.698573 0.043984
0.962909 4.788888 0.045078
1.510983 5.253710 0.045180
1.489496 5.078993 0.048179
1.332813 5.335698 0.044059
1.163440 5.247514 0.045229
1.151818 5.069573 0.046644
1.299704 4.983039 0.041663
3.634125 0.371383 0.042946
3.345501 0.463626 0.040858
3.533049 0.516638 0.041312
3.624638 0.670387 0.045541
3.526285 0.813315 0.045612
3.629706 2.241347 0.046320
2.954225 2.450877 0.044041
3.245844 2.247467 0.046943
3.053032 2.273423 0.047419
3.626311 1.920182 0.047121
3.527763 1.442021 0.047998
3.625472 1.604967 0.047095
3.526069 1.759538 0.047367
3.334553 1.427889 0.045755
3.326024 1.754710 0.047558
3.232216 1.586007 0.049515
3.251939 3.198284 0.043538
3.282246 3.509696 0.041101
3.359810 3.362004 0.047398
3.093677 3.510176 0.043863
2.974831 3.372158 0.044653
3.055528 3.207959 0.046219
2.948735 2.759541 0.045005
3.045843 2.900738 0.046241
3.049493 2.588687 0.046715
3.242034 2.886880 0.045341
2.703126 3.944501 0.046241
2.555754 3.824242 0.043094
2.734686 3.574879 0.045533
2.570811 3.633314 0.047916
3.035890 4.020829 0.042951
3.228681 3.798431 0.041962
3.226287 3.959429 0.048360
2.876360 3.896647 0.044648
3.054787 3.681137 0.041679
2.892863 3.717953 0.045153
-2.887761 4.723350 0.044785
-2.706920 4.771518 0.045192
-2.933159 4.543164 0.046050
-2.792361 4.417901 0.045656
-2.567199 4.644853 0.045568
-2.607241 4.471422 0.044371
-1.333901 5.335358 0.044060
-1.164485 5.247318 0.045244
-1.152853 5.069440 0.046634
-1.300865 4.982779 0.041696
-2.029899 4.793178 0.046310
-2.164141 4.927092 0.044561
-2.384513 4.696299 0.044318
-2.343796 4.873439 0.045367
-1.490719 5.078459 0.048191
-1.512123 5.253159 0.045214
-1.679710 5.355496 0.046353
-1.863733 5.304350 0.045898
-1.912198 5.141558 0.048107
-1.274460 4.404258 0.040101
-1.414500 4.499641 0.044499
-1.599995 4.249502 0.044601
-1.579315 4.417724 0.045470
-1.725593 4.705726 0.043410
-1.571886 4.787865 0.040853
-1.865386 4.836484 0.040977
-1.614973 4.983421 0.040619
-1.797917 5.011494 0.041818
-2.280848 4.391578 0.043933
-2.243285 4.567651 0.045960
-2.068325 4.610876 0.042915
-1.920249 4.482108 0.044329
-2.348825 4.050358 0.044380
-2.380616 3.880453 0.044842
-2.356167 3.371474 0.041288
-2.411804 3.535198 0.043386
-2.453156 2.664370 0.046480
-2.653398 2.947536 0.045704
-2.451478 2.956883 0.047519
-2.348858 2.811597 0.041879
-2.755091 2.781897 0.045410
-2.657468 2.644017 0.045045
-2.958237 1.027357 0.044750
-2.960897 1.342775 0.044447
-3.056647 1.191152 0.048712
-2.761659 1.325606 0.046382
-2.659335 1.170175 0.044697
-2.760164 1.023550 0.046771
-2.355886 -3.371154 0.041758
-2.457733 -3.253930 0.049312
-2.974831 -3.372158 0.044653
-2.948957 -3.067731 0.045190
-3.055528 -3.207959 0.046219
-2.751123 -3.091902 0.046125
-2.660628 -3.260017 0.046234
-2.777764 -3.400045 0.046885
-2.130991 -4.268401 0.044218
-2.279288 -4.393294 0.043888
-2.241780 -4.569258 0.045916
-1.945598 -4.315452 0.044531
-0.481994 -4.688334 0.044777
0.000445 -4.968452 0.044504
-0.164399 -5.059685 0.045322
-0.326907 -4.967772 0.044636
-0.323006 -4.783465 0.045098
3.060015 0.557251 0.050831
3.243844 0.584192 0.049088
2.958657 0.728123 0.043743
3.050833 0.894822 0.049136
3.241385 0.919889 0.048449
3.333038 0.780131 0.042571
3.629514 2.563556 0.046353
3.533038 2.724381 0.046248
3.533506 2.402702 0.046672
3.341597 2.406531 0.046524
3.339486 2.727293 0.046666
3.244053 2.570298 0.046094
-2.132402 4.266865 0.044259
-2.163904 4.098860 0.044599
-1.946763 4.314171 0.044568
-1.789224 4.197494 0.044253
-2.218737 3.768694 0.045023
-2.235239 3.614478 0.040548
-2.410995 -3.536622 0.043333
-2.378968 -3.882252 0.044804
-2.234607 -3.615165 0.040628
-2.217638 -3.769867 0.044981
-2.066870 -4.612343 0.042891
-1.863940 -4.837701 0.040969
-2.028455 -4.794531 0.046274
-1.918986 -4.483430 0.044289
-1.724227 -4.706785 0.043392
-1.740858 -4.534703 0.043700
-0.800846 -4.690020 0.044580
-0.644521 -4.781584 0.045469
-0.962909 -4.788888 0.045078
-0.975091 -4.974564 0.043487
-0.160521 -4.691921 0.044499
0.151317 -4.500390 0.047405
0.161336 -4.691913 0.044499
0.000424 -4.784994 0.045195
0.000275 -4.401946 0.039580
-0.150651 -4.500396 0.047406
-1.816291 4.034354 0.043729
-2.005332 3.983026 0.044760
-2.028374 3.822764 0.042521
-2.734686 -3.574879 0.045533
-2.570811 -3.633314 0.047916
-2.555754 -3.824242 0.043094
-2.703126 -3.944501 0.046241
-2.876360 -3.896646 0.044648
-2.892863 -3.717953 0.045153
-0.492768 -5.059593 0.045602
-0.651395 -4.968536 0.044216
-0.496019 -5.243302 0.045052
-0.660972 -5.335082 0.044976
-0.826228 -5.245484 0.045128
-0.819902 -5.062647 0.046011
