-2.269764 2.261707 0.042547
-2.264932 1.686406 0.040692
-2.362074 1.502406 0.051840
-0.611649 -5.583348 0.050428
-0.458373 -5.473336 0.050579
0.885348 -5.142217 0.046722
1.056062 -5.249083 0.052464
-3.552881 3.286973 0.037235
-3.541246 3.598265 0.042539
-3.447778 3.425323 0.060213
-3.277713 3.389914 0.043291
-2.373071 2.421913 0.049379
-2.649671 1.632183 0.046563
-2.541624 1.466841 0.043102
-2.647432 1.297580 0.046668
-2.370804 1.816095 0.048657
-2.272221 1.973311 0.043086
-2.375636 2.117807 0.050175
-2.575993 1.797438 0.048670
-2.572792 -0.486648 0.047938
-2.647432 -1.297580 0.046668
-2.981752 -1.089417 0.047558
-0.420058 -4.126905 0.046650
-2.269764 -2.261707 0.042547
-2.373071 -2.421913 0.049379
3.463143 -3.766307 0.051039
0.435403 -4.579705 0.048992
0.581296 -4.467273 0.049476
-0.305425 -5.583162 0.050463
-0.000000 -5.583042 0.050483
-0.152558 -5.473029 0.050338
-0.000000 -5.140455 0.048853
-0.150458 -5.251736 0.050862
-0.296595 -5.140850 0.048663
-0.451644 -5.252317 0.051116
-0.000000 -4.916952 0.049373
0.145654 -4.804569 0.048957
0.919382 -5.583820 0.050242
1.226600 -5.579372 0.050963
1.077568 -5.470017 0.052959
0.753736 -5.253324 0.051757
0.611649 -5.583348 0.050428
0.766264 -5.473993 0.051094
2.037364 -3.834251 0.042256
1.871993 -3.748328 0.045412
2.049318 -4.421175 0.049652
-2.577966 2.119928 0.046846
-2.872828 1.973590 0.047874
-2.679740 1.956775 0.048976
-2.982122 1.833088 0.047531
-2.263491 1.393285 0.036795
-2.263491 1.221830 0.038154
2.263491 1.221830 0.038154
-2.369100 1.107496 0.049456
-2.573492 1.134637 0.049288
-2.371242 -0.501202 0.049645
-2.369100 -1.107496 0.049456
-2.573492 -1.134637 0.049288
2.269656 -2.548182 0.041329
2.675721 -2.599345 0.046553
2.272221 -1.973311 0.043086
1.530905 4.344333 0.049717
1.478737 4.531664 0.049385
2.263491 1.393285 0.036795
-2.269656 2.548182 0.041329
-2.141634 3.353531 0.046251
-2.315693 3.305891 0.047141
-3.541246 -3.598265 0.042539
-3.447778 -3.425323 0.060213
-3.546149 -2.519572 0.041962
-3.252064 -2.682294 0.048650
-3.157903 -2.848660 0.047650
-3.545798 -2.819428 0.041067
-3.445597 -2.678958 0.052398
-3.257969 -3.027709 0.050599
-3.452329 -3.001812 0.051737
-2.663810 -0.323754 0.046223
-2.863259 -0.308197 0.048912
-2.953227 -0.148463 0.043146
-3.446748 -2.354711 0.051766
-3.453267 -0.867746 0.051788
-3.450031 -1.283724 0.056119
-3.268249 -1.249459 0.047797
-3.259394 -0.904757 0.051569
-3.176630 -1.069428 0.042704
-3.138253 -1.538413 0.044396
-3.138180 -1.377475 0.043871
-2.951492 -1.271973 0.044172
-2.819491 -1.353565 0.043792
-2.272221 -1.973311 0.043086
-2.375636 -2.117807 0.050175
-3.547331 -0.685333 0.040486
-2.674020 -0.644742 0.047703
-2.578080 -0.809744 0.047228
-2.872444 -0.951187 0.048238
-2.678593 -0.971524 0.048849
-1.226600 -5.579372 0.050963
-1.077568 -5.470017 0.052959
-0.919382 -5.583820 0.050242
-0.766264 -5.473993 0.051094
-0.974511 -4.122832 0.043216
-2.269656 -2.548182 0.041329
2.963776 -4.285205 0.047730
2.408372 -3.915214 0.043300
2.190948 -4.546408 0.046805
1.910293 -3.559560 0.041982
3.284403 -3.824691 0.051142
3.225674 -4.028640 0.046432
3.033256 -4.095369 0.049351
2.691112 -3.194744 0.044264
0.867681 -4.916909 0.047711
0.725639 -4.804319 0.049189
1.009310 -4.797226 0.049373
0.725982 -4.578879 0.048569
1.707092 -3.787752 0.045887
0.420058 -4.126905 0.046650
0.570885 -4.240797 0.049971
0.305425 -5.583162 0.050463
0.152558 -5.473029 0.050338
0.458373 -5.473336 0.050579
0.150458 -5.251736 0.050862
-0.291791 -4.917186 0.049270
-0.145654 -4.804569 0.048957
0.290242 -4.466969 0.049063
0.145112 -4.579602 0.049061
0.285309 -4.240645 0.049563
0.140179 -4.126915 0.047032
1.171579 -4.461507 0.049295
1.147515 -4.241858 0.051649
0.874742 -4.462060 0.050795
1.016029 -4.567817 0.047689
2.315693 -3.305891 0.047141
2.141634 -3.353531 0.046251
2.096253 -3.524390 0.047562
2.342212 -3.712697 0.044507
2.187272 -3.684663 0.042520
1.783801 -4.135900 0.047891
1.661980 -3.974077 0.050632
2.098431 -4.259152 0.042678
2.289343 -4.026322 0.043685
2.296499 -4.196906 0.047725
2.073275 -3.973392 0.043320
1.961955 -4.117062 0.045972
-2.674806 2.281989 0.047925
-2.675721 2.599345 0.046553
-2.575783 2.440074 0.047457
-3.188456 3.191362 0.044263
-3.257969 3.027709 0.050599
-2.861731 2.936327 0.044724
-3.463143 3.766307 0.051039
-3.148266 3.527991 0.046722
-3.552505 1.759152 0.037704
-3.176422 1.845248 0.042978
-3.552505 1.932818 0.035635
-2.270227 0.655523 0.041976
-2.375837 0.805971 0.050657
-2.271959 0.940610 0.041680
2.271959 -0.940610 0.041680
-2.267365 -0.369055 0.040587
2.269764 -2.261707 0.042547
2.375636 -2.117807 0.050175
2.373071 -2.421913 0.049379
2.575783 -2.440074 0.047457
2.264932 -1.686406 0.040692
2.370804 -1.816095 0.048657
-3.547331 0.685333 0.040486
-3.150421 -0.094208 0.042635
-3.453267 0.867746 0.051788
-2.968685 -0.451976 0.046173
-3.160447 -0.743851 0.045157
-2.870465 -0.625627 0.047939
-2.968375 -0.770293 0.046674
1.490059 3.995530 0.043275
1.423591 4.182657 0.048242
1.538877 5.594538 0.046155
1.575523 4.881385 0.050738
1.617062 4.684820 0.045354
1.798271 4.640675 0.051241
2.269656 2.548182 0.041329
1.719195 4.319030 0.046407
1.848236 4.462215 0.046279
1.661980 3.974077 0.050632
1.783801 4.135900 0.047891
2.049318 4.421175 0.049652
-2.569692 2.755101 0.048918
-2.659441 2.902973 0.043070
-2.263032 2.829464 0.037956
-2.366339 2.722099 0.048277
-2.561986 3.064099 0.045548
-2.263032 3.003071 0.037575
-2.368929 3.109958 0.051146
-1.311692 4.589636 0.049528
-3.552881 -3.112347 0.036213
-3.552881 -3.286973 0.037235
-3.463143 -3.766307 0.051039
-3.188456 -3.191362 0.044263
-3.277713 -3.389914 0.043291
-2.098431 -4.259152 0.042678
-1.719195 -4.319030 0.046407
-2.519270 -4.602127 0.048728
-2.387815 -4.485851 0.046605
-2.963776 -4.285205 0.047730
-2.711215 -4.536441 0.047808
-2.772559 -4.349408 0.047677
-2.847659 0.000000 0.047181
-2.560794 -0.164020 0.046991
-2.264883 -0.085002 0.037690
-2.365898 -0.194767 0.049619
-2.654674 0.000000 0.047053
-2.264883 0.085002 0.037690
-3.544095 -1.455481 0.041572
-3.268541 -1.659931 0.047477
-3.552505 -1.759152 0.037704
-3.450250 -1.623603 0.055327
-3.546948 -2.221336 0.040267
-3.552505 -1.932818 0.035635
-3.453104 -2.035425 0.050587
-3.158442 -2.507442 0.047136
-3.252575 -2.339245 0.048907
-3.552285 -1.151777 0.037193
-3.552285 -0.978814 0.036020
-2.264932 -1.686406 0.040692
-2.370804 -1.816095 0.048657
-2.541624 -1.466841 0.043102
-2.362074 -1.502406 0.051840
-2.952363 -1.650296 0.043941
-2.820289 -1.570949 0.043910
-2.649671 -1.632183 0.046563
-2.575993 -1.797438 0.048670
-3.547496 -0.382132 0.041103
-3.446252 -0.205605 0.054440
-3.253382 -0.215686 0.051101
-3.448478 -0.539422 0.053394
-3.255466 -0.560930 0.050763
-3.161615 -0.413721 0.043944
-1.969007 -5.277461 0.046954
-1.704808 -5.024286 0.047032
-1.538877 -5.594538 0.046155
-1.391466 -5.480735 0.052742
-1.444461 -5.278977 0.049634
-1.720368 -5.517032 0.047877
-1.771478 -5.337718 0.050698
-1.642983 -5.213466 0.046131
-0.592392 -5.141660 0.048062
-0.753736 -5.253324 0.051757
-0.570885 -4.240797 0.049971
-0.698116 -4.127066 0.045778
-0.857287 -4.236723 0.050428
-1.490059 -3.995530 0.043275
-1.910293 -3.559560 0.041982
-2.073275 -3.973392 0.043320
-2.037364 -3.834251 0.042256
-1.961955 -4.117062 0.045972
-1.783801 -4.135900 0.047891
-1.661980 -3.974077 0.050632
-1.707092 -3.787752 0.045887
-1.871993 -3.748328 0.045412
-2.968474 -2.813626 0.049079
-2.861731 -2.936327 0.044724
-2.187272 -3.684663 0.042520
-2.342212 -3.712697 0.044507
-2.096253 -3.524390 0.047562
-2.637052 -4.227615 0.049387
-2.701968 -4.047448 0.047772
-2.588713 -3.918077 0.046753
-2.296499 -4.196906 0.047725
-2.444253 -4.298372 0.047898
-2.289343 -4.026322 0.043685
-2.408372 -3.915214 0.043300
2.573492 1.134637 0.049288
2.678593 0.971524 0.048849
2.369100 1.107496 0.049456
2.271959 0.940610 0.041680
2.711215 -4.536441 0.047808
2.444253 -4.298372 0.047898
2.772559 -4.349408 0.047677
2.637052 -4.227615 0.049387
2.519270 -4.602127 0.048728
2.387815 -4.485851 0.046605
2.459293 -4.789119 0.047250
1.969007 -5.277461 0.046954
1.538877 -5.594538 0.046155
1.391466 -5.480735 0.052742
1.720368 -5.517032 0.047877
1.771478 -5.337718 0.050698
2.906954 -3.979403 0.047677
2.701968 -4.047448 0.047772
2.588713 -3.918077 0.046753
3.541246 -3.598265 0.042539
3.445597 -2.678958 0.052398
3.546149 -2.519572 0.041962
0.698116 -4.127066 0.045778
0.857287 -4.236723 0.050428
0.974511 -4.122832 0.043216
0.296595 -5.140850 0.048663
0.581962 -4.917963 0.048796
0.592392 -5.141660 0.048062
0.451644 -5.252317 0.051116
0.291791 -4.917186 0.049270
0.436411 -4.804956 0.048953
-0.290242 -4.466969 0.049063
-0.285309 -4.240645 0.049563
-0.145112 -4.579602 0.049061
-0.000000 -4.467019 0.048948
-0.140179 -4.126915 0.047032
-0.000000 -4.240655 0.049433
1.249038 -4.132201 0.044882
1.423591 -4.182657 0.048242
1.490059 -3.995530 0.043275
-3.545798 2.819428 0.041067
-3.552881 3.112347 0.036213
-3.452329 3.001812 0.051737
-3.546149 2.519572 0.041962
-3.445597 2.678958 0.052398
-2.968474 2.813626 0.049079
-3.157903 2.848660 0.047650
-3.252064 2.682294 0.048650
-2.872214 2.624516 0.045106
-2.477072 3.422374 0.048644
-3.225674 4.028640 0.046432
-3.033256 4.095369 0.049351
-3.284403 3.824691 0.051142
-3.139590 3.711724 0.050480
-3.450250 1.623603 0.055327
-3.268541 1.659931 0.047477
-3.544095 1.455481 0.041572
-3.450031 1.283724 0.056119
-3.268249 1.249459 0.047797
-2.270227 -0.655523 0.041976
-2.375837 -0.805971 0.050657
-2.271959 -0.940610 0.041680
-2.263491 -1.221830 0.038154
-2.263491 -1.393285 0.036795
2.569692 -2.755101 0.048918
2.659441 -2.902973 0.043070
2.366339 -2.722099 0.048277
2.263032 -2.829464 0.037956
2.561986 -3.064099 0.045548
2.368929 -3.109958 0.051146
2.263032 -3.003071 0.037575
2.263491 -1.393285 0.036795
2.362074 -1.502406 0.051840
2.263491 -1.221830 0.038154
2.369100 -1.107496 0.049456
2.870551 -2.301442 0.046704
2.674806 -2.281989 0.047925
2.577966 -2.119928 0.046846
2.270227 -0.655523 0.041976
2.375837 -0.805971 0.050657
3.453267 0.867746 0.051788
3.547331 0.685333 0.040486
2.267365 0.369055 0.040587
-3.547496 0.382132 0.041103
-3.448478 0.539422 0.053394
-3.255466 0.560930 0.050763
-3.446252 0.205605 0.054440
-3.545105 -0.084127 0.038328
-3.545105 0.084127 0.038328
-3.552285 0.978814 0.036020
-3.552285 1.151777 0.037193
-2.819491 1.353565 0.043792
-2.951492 1.271973 0.044172
-2.820289 1.570949 0.043910
-2.952363 1.650296 0.043941
-3.138253 1.538413 0.044396
-3.138180 1.377475 0.043871
-2.870465 0.625627 0.047939
-2.674020 0.644742 0.047703
-2.578080 0.809744 0.047228
-2.678593 0.971524 0.048849
1.147515 4.241858 0.051649
1.249038 4.132201 0.044882
0.974511 4.122832 0.043216
1.720368 5.517032 0.047877
1.938387 4.776528 0.047093
2.210980 5.031886 0.048061
2.459293 4.789119 0.047250
2.266872 4.849735 0.047167
2.190948 4.546408 0.046805
2.129982 4.723301 0.049096
2.098431 4.259152 0.042678
2.073275 3.973392 0.043320
1.961955 4.117062 0.045972
2.519270 4.602127 0.048728
2.387815 4.485851 0.046605
2.037364 3.834251 0.042256
3.257969 3.027709 0.050599
3.452329 3.001812 0.051737
3.545798 2.819428 0.041067
3.445597 2.678958 0.052398
-1.969007 5.277461 0.046954
-1.704808 5.024286 0.047032
-1.575523 4.881385 0.050738
-2.963776 4.285205 0.047730
-2.342212 3.712697 0.044507
-2.480733 3.600745 0.045866
-2.459293 4.789119 0.047250
-1.886463 4.963573 0.049292
-2.022166 5.092496 0.047643
-2.210980 5.031886 0.048061
-2.266872 4.849735 0.047167
-1.423591 4.182657 0.048242
-1.490059 3.995530 0.043275
-1.910293 3.559560 0.041982
-2.096253 3.524390 0.047562
-2.187272 3.684663 0.042520
0.000000 4.240655 0.049433
-0.140179 4.126915 0.047032
-1.617062 4.684820 0.045354
-1.719195 4.319030 0.046407
-1.478737 4.531664 0.049385
-1.530905 4.344333 0.049717
-3.225674 -4.028640 0.046432
-2.906954 -3.979403 0.047677
-3.033256 -4.095369 0.049351
-3.284403 -3.824691 0.051142
-2.884187 -3.118985 0.043283
-3.014399 -3.222926 0.047946
-2.691112 -3.194744 0.044264
-2.459293 -4.789119 0.047250
-1.886463 -4.963573 0.049292
-2.022166 -5.092496 0.047643
-2.210980 -5.031886 0.048061
-2.266872 -4.849735 0.047167
-2.267365 0.369055 0.040587
-2.371242 0.501202 0.049645
-2.572792 0.486648 0.047938
-2.663810 0.323754 0.046223
-2.365898 0.194767 0.049619
-2.560794 0.164020 0.046991
-2.982122 -1.833088 0.047531
-3.158401 -2.171254 0.046610
-3.176422 -1.845248 0.042978
-3.258730 -2.000809 0.050090
-1.617062 -4.684820 0.045354
-1.575523 -4.881385 0.050738
-0.436411 -4.804956 0.048953
-0.581962 -4.917963 0.048796
-0.435403 -4.579705 0.048992
-0.581296 -4.467273 0.049476
-1.423591 -4.182657 0.048242
-1.530905 -4.344333 0.049717
-1.147515 -4.241858 0.051649
-1.249038 -4.132201 0.044882
-1.478737 -4.531664 0.049385
-2.561986 -3.064099 0.045548
-2.569692 -2.755101 0.048918
-2.659441 -2.902973 0.043070
-2.366339 -2.722099 0.048277
-2.263032 -2.829464 0.037956
-2.141634 -3.353531 0.046251
-2.315693 -3.305891 0.047141
-2.368929 -3.109958 0.051146
-2.263032 -3.003071 0.037575
-2.968021 -2.484697 0.048655
-2.872214 -2.624516 0.045106
-2.575783 -2.440074 0.047457
-2.675721 -2.599345 0.046553
3.552285 1.151777 0.037193
3.552285 0.978814 0.036020
3.552505 1.932818 0.035635
3.552505 1.759152 0.037704
3.544095 1.455481 0.041572
3.268249 1.249459 0.047797
3.450031 1.283724 0.056119
3.450250 1.623603 0.055327
2.272221 1.973311 0.043086
2.210980 -5.031886 0.048061
1.938387 -4.776528 0.047093
2.129982 -4.723301 0.049096
2.266872 -4.849735 0.047167
2.022166 -5.092496 0.047643
1.886463 -4.963573 0.049292
1.311692 -4.589636 0.049528
1.642983 -5.213466 0.046131
1.704808 -5.024286 0.047032
1.575523 -4.881385 0.050738
1.444461 -5.278977 0.049634
2.640486 -3.724701 0.042283
2.659435 -3.357086 0.046405
2.477072 -3.422374 0.048644
2.480733 -3.600745 0.045866
3.277713 -3.389914 0.043291
3.447778 -3.425323 0.060213
3.552881 -3.286973 0.037235
3.545798 -2.819428 0.041067
3.552881 -3.112347 0.036213
3.452329 -3.001812 0.051737
3.252064 -2.682294 0.048650
3.158442 -2.507442 0.047136
2.968021 -2.484697 0.048655
2.872214 -2.624516 0.045106
3.014399 -3.222926 0.047946
2.884187 -3.118985 0.043283
3.188456 -3.191362 0.044263
3.257969 -3.027709 0.050599
3.157903 -2.848660 0.047650
2.861731 -2.936327 0.044724
2.968474 -2.813626 0.049079
3.252575 -2.339245 0.048907
3.446748 -2.354711 0.051766
-2.966799 2.156195 0.047505
-2.870551 2.301442 0.046704
-2.968021 2.484697 0.048655
-3.158442 2.507442 0.047136
-2.985845 3.426730 0.043496
-2.823955 3.485131 0.045823
-3.014399 3.222926 0.047946
-2.884187 3.118985 0.043283
-2.691112 3.194744 0.044264
-2.659435 3.357086 0.046405
2.968685 -0.451976 0.046173
3.448478 0.539422 0.053394
3.253382 0.215686 0.051101
3.161615 0.413721 0.043944
3.255466 0.560930 0.050763
3.547496 0.382132 0.041103
3.446252 0.205605 0.054440
3.150421 -0.094208 0.042635
3.150421 0.094208 0.042635
2.264883 0.085002 0.037690
2.365898 0.194767 0.049619
2.264883 -0.085002 0.037690
2.371242 0.501202 0.049645
2.270227 0.655523 0.041976
2.375837 0.805971 0.050657
2.578080 0.809744 0.047228
-3.150421 0.094208 0.042635
-3.253382 0.215686 0.051101
-3.161615 0.413721 0.043944
-2.953227 0.148463 0.043146
-2.968685 0.451976 0.046173
-2.863259 0.308197 0.048912
-2.981752 1.089417 0.047558
-2.872444 0.951187 0.048238
-2.968375 0.770293 0.046674
-3.160447 0.743851 0.045157
-3.259394 0.904757 0.051569
-3.176630 1.069428 0.042704
1.969007 5.277461 0.046954
1.704808 5.024286 0.047032
1.642983 5.213466 0.046131
1.771478 5.337718 0.050698
2.022166 5.092496 0.047643
1.886463 4.963573 0.049292
1.414171 4.940025 0.043898
0.885348 5.142217 0.046722
1.311692 4.589636 0.049528
1.171579 4.461507 0.049295
1.288664 4.801431 0.046060
1.141832 4.902712 0.044869
0.698116 4.127066 0.045778
0.857287 4.236723 0.050428
-0.145112 4.579602 0.049061
0.000000 4.467019 0.048948
2.963776 4.285205 0.047730
2.711215 4.536441 0.047808
2.772559 4.349408 0.047677
2.675721 2.599345 0.046553
2.296499 4.196906 0.047725
2.444253 4.298372 0.047898
2.289343 4.026322 0.043685
2.637052 4.227615 0.049387
1.707092 3.787752 0.045887
1.871993 3.748328 0.045412
1.910293 3.559560 0.041982
3.552881 3.112347 0.036213
3.552881 3.286973 0.037235
3.546149 2.519572 0.041962
-1.414171 4.940025 0.043898
-1.141832 4.902712 0.044869
-1.288664 4.801431 0.046060
-1.170917 5.129260 0.044746
-1.344934 5.148436 0.046400
-2.711215 4.536441 0.047808
-2.519270 4.602127 0.048728
-2.387815 4.485851 0.046605
-2.772559 4.349408 0.047677
-2.801346 3.674377 0.050299
-2.640486 3.724701 0.042283
-2.954560 3.799709 0.044652
-2.906954 3.979403 0.047677
-1.938387 4.776528 0.047093
-1.798271 4.640675 0.051241
-1.848236 4.462215 0.046279
-2.129982 4.723301 0.049096
-2.190948 4.546408 0.046805
-2.049318 4.421175 0.049652
-1.783801 4.135900 0.047891
-2.037364 3.834251 0.042256
-1.661980 3.974077 0.050632
-1.707092 3.787752 0.045887
-1.871993 3.748328 0.045412
-1.249038 4.132201 0.044882
-0.290242 4.466969 0.049063
-0.285309 4.240645 0.049563
-0.420058 4.126905 0.046650
0.140179 4.126915 0.047032
-2.954560 -3.799709 0.044652
-2.985845 -3.426730 0.043496
-3.148266 -3.527991 0.046722
-3.139590 -3.711724 0.050480
-1.938387 -4.776528 0.047093
-1.798271 -4.640675 0.051241
-1.848236 -4.462215 0.046279
-2.129982 -4.723301 0.049096
-2.049318 -4.421175 0.049652
-2.190948 -4.546408 0.046805
-0.725639 -4.804319 0.049189
-0.874742 -4.462060 0.050795
-0.725982 -4.578879 0.048569
-2.966799 -2.156195 0.047505
-2.870551 -2.301442 0.046704
-2.679740 -1.956775 0.048976
-2.872828 -1.973590 0.047874
-2.577966 -2.119928 0.046846
-2.674806 -2.281989 0.047925
2.269764 2.261707 0.042547
2.375636 2.117807 0.050175
2.373071 2.421913 0.049379
2.577966 2.119928 0.046846
2.575783 2.440074 0.047457
2.674806 2.281989 0.047925
2.264932 1.686406 0.040692
2.370804 1.816095 0.048657
2.362074 1.502406 0.051840
3.453104 2.035425 0.050587
3.258730 2.000809 0.050090
3.546948 2.221336 0.040267
3.446748 2.354711 0.051766
3.268541 1.659931 0.047477
3.176422 1.845248 0.042978
2.966799 2.156195 0.047505
2.870551 2.301442 0.046704
3.158401 2.171254 0.046610
3.252575 2.339245 0.048907
1.530905 -4.344333 0.049717
1.478737 -4.531664 0.049385
1.719195 -4.319030 0.046407
1.848236 -4.462215 0.046279
1.798271 -4.640675 0.051241
1.617062 -4.684820 0.045354
1.414171 -4.940025 0.043898
1.141832 -4.902712 0.044869
1.288664 -4.801431 0.046060
1.170917 -5.129260 0.044746
1.344934 -5.148436 0.046400
2.985845 -3.426730 0.043496
2.823955 -3.485131 0.045823
2.801346 -3.674377 0.050299
2.954560 -3.799709 0.044652
3.148266 -3.527991 0.046722
3.139590 -3.711724 0.050480
3.546948 -2.221336 0.040267
2.966799 -2.156195 0.047505
3.158401 -2.171254 0.046610
-3.158401 2.171254 0.046610
-3.258730 2.000809 0.050090
-3.453104 2.035425 0.050587
-3.252575 2.339245 0.048907
-3.546948 2.221336 0.040267
-3.446748 2.354711 0.051766
2.541624 -1.466841 0.043102
3.547331 -0.685333 0.040486
3.547496 -0.382132 0.041103
3.253382 -0.215686 0.051101
3.446252 -0.205605 0.054440
3.448478 -0.539422 0.053394
3.161615 -0.413721 0.043944
3.255466 -0.560930 0.050763
2.870465 -0.625627 0.047939
2.578080 -0.809744 0.047228
2.674020 -0.644742 0.047703
2.968685 0.451976 0.046173
2.870465 0.625627 0.047939
2.674020 0.644742 0.047703
2.572792 0.486648 0.047938
2.968375 0.770293 0.046674
2.981752 1.089417 0.047558
2.872444 0.951187 0.048238
3.160447 0.743851 0.045157
3.176630 1.069428 0.042704
3.259394 0.904757 0.051569
3.545105 -0.084127 0.038328
3.545105 0.084127 0.038328
2.365898 -0.194767 0.049619
2.572792 -0.486648 0.047938
2.267365 -0.369055 0.040587
2.371242 -0.501202 0.049645
1.170917 5.129260 0.044746
1.056062 5.249083 0.052464
1.444461 5.278977 0.049634
1.344934 5.148436 0.046400
1.391466 5.480735 0.052742
1.009310 4.797226 0.049373
0.867681 4.916909 0.047711
0.725639 4.804319 0.049189
0.725982 4.578879 0.048569
1.016029 4.567817 0.047689
0.874742 4.462060 0.050795
0.570885 4.240797 0.049971
0.420058 4.126905 0.046650
0.285309 4.240645 0.049563
0.581296 4.467273 0.049476
0.305425 5.583162 0.050463
0.296595 5.140850 0.048663
0.581962 4.917963 0.048796
0.753736 5.253324 0.051757
0.592392 5.141660 0.048062
0.451644 5.252317 0.051116
0.766264 5.473993 0.051094
0.611649 5.583348 0.050428
0.458373 5.473336 0.050579
0.145112 4.579602 0.049061
0.290242 4.466969 0.049063
0.435403 4.579705 0.048992
0.145654 4.804569 0.048957
0.436411 4.804956 0.048953
0.291791 4.917186 0.049270
3.188456 3.191362 0.044263
2.701968 4.047448 0.047772
3.252064 2.682294 0.048650
3.158442 2.507442 0.047136
3.157903 2.848660 0.047650
2.968474 2.813626 0.049079
2.872214 2.624516 0.045106
2.968021 2.484697 0.048655
2.366339 2.722099 0.048277
2.263032 2.829464 0.037956
2.569692 2.755101 0.048918
2.368929 3.109958 0.051146
2.263032 3.003071 0.037575
-1.444461 5.278977 0.049634
-1.720368 5.517032 0.047877
-1.538877 5.594538 0.046155
-1.391466 5.480735 0.052742
-1.771478 5.337718 0.050698
-1.642983 5.213466 0.046131
-1.056062 5.249083 0.052464
-0.885348 5.142217 0.046722
-2.637052 4.227615 0.049387
-2.701968 4.047448 0.047772
-2.588713 3.918077 0.046753
-2.408372 3.915214 0.043300
-2.444253 4.298372 0.047898
-2.073275 3.973392 0.043320
-1.961955 4.117062 0.045972
-2.098431 4.259152 0.042678
-2.289343 4.026322 0.043685
-2.296499 4.196906 0.047725
-1.171579 4.461507 0.049295
-1.147515 4.241858 0.051649
-0.974511 4.122832 0.043216
-0.305425 5.583162 0.050463
-0.296595 5.140850 0.048663
-0.291791 4.917186 0.049270
-0.145654 4.804569 0.048957
0.000000 4.916952 0.049373
-2.640486 -3.724701 0.042283
-2.801346 -3.674377 0.050299
-2.823955 -3.485131 0.045823
-2.659435 -3.357086 0.046405
-2.477072 -3.422374 0.048644
-2.480733 -3.600745 0.045866
-1.311692 -4.589636 0.049528
-1.171579 -4.461507 0.049295
-1.016029 -4.567817 0.047689
2.647432 1.297580 0.046668
2.541624 1.466841 0.043102
3.552285 -0.978814 0.036020
3.453267 -0.867746 0.051788
3.258730 -2.000809 0.050090
3.552505 -1.759152 0.037704
3.450250 -1.623603 0.055327
3.552505 -1.932818 0.035635
3.453104 -2.035425 0.050587
2.575993 -1.797438 0.048670
2.649671 -1.632183 0.046563
2.679740 -1.956775 0.048976
2.872828 -1.973590 0.047874
2.820289 -1.570949 0.043910
2.678593 -0.971524 0.048849
2.573492 -1.134637 0.049288
2.647432 -1.297580 0.046668
2.819491 -1.353565 0.043792
2.953227 0.148463 0.043146
2.863259 0.308197 0.048912
2.560794 0.164020 0.046991
2.663810 0.323754 0.046223
2.663810 -0.323754 0.046223
2.560794 -0.164020 0.046991
2.654674 -0.000000 0.047053
2.847659 -0.000000 0.047181
2.863259 -0.308197 0.048912
2.953227 -0.148463 0.043146
0.919382 5.583820 0.050242
1.226600 5.579372 0.050963
1.077568 5.470017 0.052959
3.225674 4.028640 0.046432
2.954560 3.799709 0.044652
3.033256 4.095369 0.049351
2.906954 3.979403 0.047677
3.463143 3.766307 0.051039
3.541246 3.598265 0.042539
3.284403 3.824691 0.051142
3.447778 3.425323 0.060213
3.277713 3.389914 0.043291
3.148266 3.527991 0.046722
3.139590 3.711724 0.050480
3.014399 3.222926 0.047946
2.985845 3.426730 0.043496
2.408372 3.915214 0.043300
2.588713 3.918077 0.046753
-0.919382 5.583820 0.050242
-1.226600 5.579372 0.050963
-1.077568 5.470017 0.052959
-0.857287 4.236723 0.050428
-0.698116 4.127066 0.045778
-0.570885 4.240797 0.049971
-0.611649 5.583348 0.050428
-0.458373 5.473336 0.050579
-0.766264 5.473993 0.051094
-0.753736 5.253324 0.051757
-0.451644 5.252317 0.051116
-0.592392 5.141660 0.048062
0.150458 5.251736 0.050862
-0.150458 5.251736 0.050862
0.000000 5.140455 0.048853
0.000000 5.583042 0.050483
-0.152558 5.473029 0.050338
0.152558 5.473029 0.050338
-0.867681 -4.916909 0.047711
-1.009310 -4.797226 0.049373
-1.056062 -5.249083 0.052464
-0.885348 -5.142217 0.046722
2.951492 1.271973 0.044172
2.819491 1.353565 0.043792
3.138180 1.377475 0.043871
3.138253 1.538413 0.044396
2.575993 1.797438 0.048670
2.649671 1.632183 0.046563
2.679740 1.956775 0.048976
2.872828 1.973590 0.047874
2.982122 1.833088 0.047531
2.952363 1.650296 0.043941
2.820289 1.570949 0.043910
3.544095 -1.455481 0.041572
3.552285 -1.151777 0.037193
3.450031 -1.283724 0.056119
3.138180 -1.377475 0.043871
3.268249 -1.249459 0.047797
2.951492 -1.271973 0.044172
3.176422 -1.845248 0.042978
2.952363 -1.650296 0.043941
2.982122 -1.833088 0.047531
3.138253 -1.538413 0.044396
3.268541 -1.659931 0.047477
2.861731 2.936327 0.044724
2.884187 3.118985 0.043283
2.659441 2.902973 0.043070
2.561986 3.064099 0.045548
2.691112 3.194744 0.044264
2.187272 3.684663 0.042520
2.342212 3.712697 0.044507
2.315693 3.305891 0.047141
2.096253 3.524390 0.047562
2.141634 3.353531 0.046251
2.659435 3.357086 0.046405
2.477072 3.422374 0.048644
2.480733 3.600745 0.045866
2.823955 3.485131 0.045823
2.801346 3.674377 0.050299
2.640486 3.724701 0.042283
-0.435403 4.579705 0.048992
-0.581296 4.467273 0.049476
-0.436411 4.804956 0.048953
-0.581962 4.917963 0.048796
-1.016029 4.567817 0.047689
-0.874742 4.462060 0.050795
-0.725982 4.578879 0.048569
-1.009310 4.797226 0.049373
-0.867681 4.916909 0.047711
-0.725639 4.804319 0.049189
-1.344934 -5.148436 0.046400
-1.170917 -5.129260 0.044746
-1.414171 -4.940025 0.043898
-1.288664 -4.801431 0.046060
-1.141832 -4.902712 0.044869
2.872444 -0.951187 0.048238
2.981752 -1.089417 0.047558
2.968375 -0.770293 0.046674
3.160447 -0.743851 0.045157
3.259394 -0.904757 0.051569
3.176630 -1.069428 0.042704
-2.651238 -4.723433 0.000000
-1.998927 -5.375744 0.000000
-2.989388 -4.385283 0.000000
