3.789206 4.249750 0.001612
3.680048 4.358909 0.001612
3.570889 4.468067 0.001612
3.461731 4.577226 0.001612
3.352572 4.686384 0.001612
3.243414 4.795543 0.001612
3.134255 4.904701 0.001612
3.025097 5.013860 0.001612
2.915938 5.123018 0.001612
2.806780 5.232177 0.001612
2.697621 5.341335 0.001612
2.588463 5.450494 0.001612
2.479304 5.559652 0.001612
2.370146 5.668811 0.001612
2.260987 5.777969 0.001612
2.151829 5.887128 0.001612
2.042671 5.996286 0.001612
1.933512 6.105445 0.001612
1.824354 6.214603 0.001612
1.672324 6.214603 0.001612
1.520295 6.214603 0.001612
1.368265 6.214603 0.001612
1.216236 6.214603 0.001612
1.064206 6.214603 0.001612
0.912177 6.214603 0.001612
0.760147 6.214603 0.001612
0.608118 6.214603 0.001612
0.456088 6.214603 0.001612
0.304059 6.214603 0.001612
0.152029 6.214603 0.001612
0.000000 6.214603 0.001612
-0.152029 6.214603 0.001612
-0.304059 6.214603 0.001612
-0.456088 6.214603 0.001612
-0.608118 6.214603 0.001612
-0.760147 6.214603 0.001612
-0.912177 6.214603 0.001612
-1.064206 6.214603 0.001612
-1.216236 6.214603 0.001612
-1.368265 6.214603 0.001612
-1.520295 6.214603 0.001612
-1.672324 6.214603 0.001612
-1.824354 6.214603 0.001612
-1.933512 6.105445 0.001612
-2.042671 5.996286 0.001612
-2.151829 5.887128 0.001612
-2.260987 5.777969 0.001612
-2.370146 5.668811 0.001612
-2.479304 5.559652 0.001612
-2.588463 5.450494 0.001612
-2.697621 5.341335 0.001612
-2.806780 5.232177 0.001612
-2.915938 5.123018 0.001612
-3.025097 5.013860 0.001612
-3.134255 4.904701 0.001612
-3.243414 4.795543 0.001612
-3.352572 4.686384 0.001612
-3.461731 4.577226 0.001612
-3.570889 4.468067 0.001612
-3.680048 4.358909 0.001612
-3.789206 4.249750 0.001612
-3.789206 4.097974 0.001612
-3.789206 3.946197 0.001612
-3.789206 3.794420 0.001612
-3.789206 3.642643 0.001612
-3.789206 3.490866 0.001612
-3.789206 3.339090 0.001612
-3.789206 3.187313 0.001612
-3.789206 3.035536 0.001612
-3.789206 2.883759 0.001612
-3.789206 2.731982 0.001612
-3.789206 2.580206 0.001612
-3.789206 2.428429 0.001612
-3.789206 2.276652 0.001612
-3.789206 2.124875 0.001612
-3.789206 1.973098 0.001612
-3.789206 1.821322 0.001612
-3.789206 1.669545 0.001612
-3.789206 1.517768 0.001612
-3.789206 1.365991 0.001612
-3.789206 1.214214 0.001612
-3.789206 1.062438 0.001612
-3.789206 0.910661 0.001612
-3.789206 0.758884 0.001612
-3.789206 0.607107 0.001612
-3.789206 0.455330 0.001612
-3.789206 0.303554 0.001612
-3.789206 0.151777 0.001612
-3.789206 0.000000 0.001612
-3.789206 -0.151777 0.001612
-3.789206 -0.303554 0.001612
-3.789206 -0.455330 0.001612
-3.789206 -0.607107 0.001612
-3.789206 -0.758884 0.001612
-3.789206 -0.910661 0.001612
-3.789206 -1.062438 0.001612
-3.789206 -1.214214 0.001612
-3.789206 -1.365991 0.001612
-3.789206 -1.517768 0.001612
-3.789206 -1.669545 0.001612
-3.789206 -1.821322 0.001612
-3.789206 -1.973098 0.001612
-3.789206 -2.124875 0.001612
-3.789206 -2.276652 0.001612
-3.789206 -2.428429 0.001612
-3.789206 -2.580206 0.001612
-3.789206 -2.731982 0.001612
-3.789206 -2.883759 0.001612
-3.789206 -3.035536 0.001612
-3.789206 -3.187313 0.001612
-3.789206 -3.339090 0.001612
-3.789206 -3.490866 0.001612
-3.789206 -3.642643 0.001612
-3.789206 -3.794420 0.001612
-3.789206 -3.946197 0.001612
-3.789206 -4.097974 0.001612
-3.789206 -4.249750 0.001612
-3.680048 -4.358909 0.001612
-3.570889 -4.468067 0.001612
-3.461731 -4.577226 0.001612
-3.352572 -4.686384 0.001612
-3.243414 -4.795543 0.001612
-3.134255 -4.904701 0.001612
-3.025097 -5.013860 0.001612
-2.915938 -5.123018 0.001612
-2.806780 -5.232177 0.001612
-2.697621 -5.341335 0.001612
-2.588463 -5.450494 0.001612
-2.479304 -5.559652 0.001612
-2.370146 -5.668811 0.001612
-2.260987 -5.777969 0.001612
-2.151829 -5.887128 0.001612
-2.042671 -5.996286 0.001612
-1.933512 -6.105445 0.001612
-1.824354 -6.214603 0.001612
-1.672324 -6.214603 0.001612
-1.520295 -6.214603 0.001612
-1.368265 -6.214603 0.001612
-1.216236 -6.214603 0.001612
-1.064206 -6.214603 0.001612
-0.912177 -6.214603 0.001612
-0.760147 -6.214603 0.001612
-0.608118 -6.214603 0.001612
-0.456088 -6.214603 0.001612
-0.304059 -6.214603 0.001612
-0.152029 -6.214603 0.001612
0.000000 -6.214603 0.001612
0.152029 -6.214603 0.001612
0.304059 -6.214603 0.001612
0.456088 -6.214603 0.001612
0.608118 -6.214603 0.001612
0.760147 -6.214603 0.001612
0.912177 -6.214603 0.001612
1.064206 -6.214603 0.001612
1.216236 -6.214603 0.001612
1.368265 -6.214603 0.001612
1.520295 -6.214603 0.001612
1.672324 -6.214603 0.001612
1.824354 -6.214603 0.001612
1.933512 -6.105445 0.001612
2.042671 -5.996286 0.001612
2.151829 -5.887128 0.001612
2.260987 -5.777969 0.001612
2.370146 -5.668811 0.001612
2.479304 -5.559652 0.001612
2.588463 -5.450494 0.001612
2.697621 -5.341335 0.001612
2.806780 -5.232177 0.001612
2.915938 -5.123018 0.001612
3.025097 -5.013860 0.001612
3.134255 -4.904701 0.001612
3.243414 -4.795543 0.001612
3.352572 -4.686384 0.001612
3.461731 -4.577226 0.001612
3.570889 -4.468067 0.001612
3.680048 -4.358909 0.001612
3.789206 -4.249750 0.001612
3.789206 -4.097974 0.001612
3.789206 -3.946197 0.001612
3.789206 -3.794420 0.001612
3.789206 -3.642643 0.001612
3.789206 -3.490866 0.001612
3.789206 -3.339090 0.001612
3.789206 -3.187313 0.001612
3.789206 -3.035536 0.001612
3.789206 -2.883759 0.001612
3.789206 -2.731982 0.001612
3.789206 -2.580206 0.001612
3.789206 -2.428429 0.001612
3.789206 -2.276652 0.001612
3.789206 -2.124875 0.001612
3.789206 -1.973098 0.001612
3.789206 -1.821322 0.001612
3.789206 -1.669545 0.001612
3.789206 -1.517768 0.001612
3.789206 -1.365991 0.001612
3.789206 -1.214214 0.001612
3.789206 -1.062438 0.001612
3.789206 -0.910661 0.001612
3.789206 -0.758884 0.001612
3.789206 -0.607107 0.001612
3.789206 -0.455330 0.001612
3.789206 -0.303554 0.001612
3.789206 -0.151777 0.001612
3.789206 0.000000 0.001612
3.789206 0.151777 0.001612
3.789206 0.303554 0.001612
3.789206 0.455330 0.001612
3.789206 0.607107 0.001612
3.789206 0.758884 0.001612
3.789206 0.910661 0.001612
3.789206 1.062438 0.001612
3.789206 1.214214 0.001612
3.789206 1.365991 0.001612
3.789206 1.517768 0.001612
3.789206 1.669545 0.001612
3.789206 1.821322 0.001612
3.789206 1.973098 0.001612
3.789206 2.124875 0.001612
3.789206 2.276652 0.001612
3.789206 2.428429 0.001612
3.789206 2.580206 0.001612
3.789206 2.731982 0.001612
3.789206 2.883759 0.001612
3.789206 3.035536 0.001612
3.789206 3.187313 0.001612
3.789206 3.339090 0.001612
3.789206 3.490866 0.001612
3.789206 3.642643 0.001612
3.789206 3.794420 0.001612
3.789206 3.946197 0.001612
3.789206 4.097974 0.001612
2.309206 3.699456 0.000804
2.189900 3.818763 0.000804
2.070593 3.938069 0.000804
1.951286 4.057376 0.000804
1.831979 4.176683 0.000804
1.712673 4.295990 0.000804
1.593366 4.415296 0.000804
1.474059 4.534603 0.000804
1.318895 4.534603 0.000804
1.163731 4.534603 0.000804
1.008567 4.534603 0.000804
0.853403 4.534603 0.000804
0.698239 4.534603 0.000804
0.543074 4.534603 0.000804
0.387910 4.534603 0.000804
0.232746 4.534603 0.000804
0.077582 4.534603 0.000804
-0.077582 4.534603 0.000804
-0.232746 4.534603 0.000804
-0.387910 4.534603 0.000804
-0.543074 4.534603 0.000804
-0.698239 4.534603 0.000804
-0.853403 4.534603 0.000804
-1.008567 4.534603 0.000804
-1.163731 4.534603 0.000804
-1.318895 4.534603 0.000804
-1.474059 4.534603 0.000804
-1.593366 4.415296 0.000804
-1.712673 4.295990 0.000804
-1.831979 4.176683 0.000804
-1.951286 4.057376 0.000804
-2.070593 3.938069 0.000804
-2.189900 3.818763 0.000804
-2.309206 3.699456 0.000804
-2.309206 3.548458 0.000804
-2.309206 3.397460 0.000804
-2.309206 3.246461 0.000804
-2.309206 3.095463 0.000804
-2.309206 2.944465 0.000804
-2.309206 2.793467 0.000804
-2.309206 2.642469 0.000804
-2.309206 2.491470 0.000804
-2.309206 2.340472 0.000804
-2.309206 2.189474 0.000804
-2.309206 2.038476 0.000804
-2.309206 1.887478 0.000804
-2.309206 1.736479 0.000804
-2.309206 1.585481 0.000804
-2.309206 1.434483 0.000804
-2.309206 1.283485 0.000804
-2.309206 1.132487 0.000804
-2.309206 0.981488 0.000804
-2.309206 0.830490 0.000804
-2.309206 0.679492 0.000804
-2.309206 0.528494 0.000804
-2.309206 0.377496 0.000804
-2.309206 0.226497 0.000804
-2.309206 0.075499 0.000804
-2.309206 -0.075499 0.000804
-2.309206 -0.226497 0.000804
-2.309206 -0.377496 0.000804
-2.309206 -0.528494 0.000804
-2.309206 -0.679492 0.000804
-2.309206 -0.830490 0.000804
-2.309206 -0.981488 0.000804
-2.309206 -1.132487 0.000804
-2.309206 -1.283485 0.000804
-2.309206 -1.434483 0.000804
-2.309206 -1.585481 0.000804
-2.309206 -1.736479 0.000804
-2.309206 -1.887478 0.000804
-2.309206 -2.038476 0.000804
-2.309206 -2.189474 0.000804
-2.309206 -2.340472 0.000804
-2.309206 -2.491470 0.000804
-2.309206 -2.642469 0.000804
-2.309206 -2.793467 0.000804
-2.309206 -2.944465 0.000804
-2.309206 -3.095463 0.000804
-2.309206 -3.246461 0.000804
-2.309206 -3.397460 0.000804
-2.309206 -3.548458 0.000804
-2.309206 -3.699456 0.000804
-2.189900 -3.818763 0.000804
-2.070593 -3.938069 0.000804
-1.951286 -4.057376 0.000804
-1.831979 -4.176683 0.000804
-1.712673 -4.295990 0.000804
-1.593366 -4.415296 0.000804
-1.474059 -4.534603 0.000804
-1.318895 -4.534603 0.000804
-1.163731 -4.534603 0.000804
-1.008567 -4.534603 0.000804
-0.853403 -4.534603 0.000804
-0.698239 -4.534603 0.000804
-0.543074 -4.534603 0.000804
-0.387910 -4.534603 0.000804
-0.232746 -4.534603 0.000804
-0.077582 -4.534603 0.000804
0.077582 -4.534603 0.000804
0.232746 -4.534603 0.000804
0.387910 -4.534603 0.000804
0.543074 -4.534603 0.000804
0.698239 -4.534603 0.000804
0.853403 -4.534603 0.000804
1.008567 -4.534603 0.000804
1.163731 -4.534603 0.000804
1.318895 -4.534603 0.000804
1.474059 -4.534603 0.000804
1.593366 -4.415296 0.000804
1.712673 -4.295990 0.000804
1.831979 -4.176683 0.000804
1.951286 -4.057376 0.000804
2.070593 -3.938069 0.000804
2.189900 -3.818763 0.000804
2.309206 -3.699456 0.000804
2.309206 -3.548458 0.000804
2.309206 -3.397460 0.000804
2.309206 -3.246461 0.000804
2.309206 -3.095463 0.000804
2.309206 -2.944465 0.000804
2.309206 -2.793467 0.000804
2.309206 -2.642469 0.000804
2.309206 -2.491470 0.000804
2.309206 -2.340472 0.000804
2.309206 -2.189474 0.000804
2.309206 -2.038476 0.000804
2.309206 -1.887478 0.000804
2.309206 -1.736479 0.000804
2.309206 -1.585481 0.000804
2.309206 -1.434483 0.000804
2.309206 -1.283485 0.000804
2.309206 -1.132487 0.000804
2.309206 -0.981488 0.000804
2.309206 -0.830490 0.000804
2.309206 -0.679492 0.000804
2.309206 -0.528494 0.000804
2.309206 -0.377496 0.000804
2.309206 -0.226497 0.000804
2.309206 -0.075499 0.000804
2.309206 0.075499 0.000804
2.309206 0.226497 0.000804
2.309206 0.377496 0.000804
2.309206 0.528494 0.000804
2.309206 0.679492 0.000804
2.309206 0.830490 0.000804
2.309206 0.981488 0.000804
2.309206 1.132487 0.000804
2.309206 1.283485 0.000804
2.309206 1.434483 0.000804
2.309206 1.585481 0.000804
2.309206 1.736479 0.000804
2.309206 1.887478 0.000804
2.309206 2.038476 0.000804
2.309206 2.189474 0.000804
2.309206 2.340472 0.000804
2.309206 2.491470 0.000804
2.309206 2.642469 0.000804
2.309206 2.793467 0.000804
2.309206 2.944465 0.000804
2.309206 3.095463 0.000804
2.309206 3.246461 0.000804
2.309206 3.397460 0.000804
2.309206 3.548458 0.000804
