3.678095 3.844195 0.001612
3.568937 3.953353 0.001612
3.459778 4.062512 0.001612
3.350620 4.171670 0.001612
3.241461 4.280829 0.001612
3.132303 4.389987 0.001612
3.023144 4.499146 0.001612
2.913986 4.608304 0.001612
2.804827 4.717463 0.001612
2.695669 4.826621 0.001612
2.586510 4.935780 0.001612
2.477352 5.044938 0.001612
2.368193 5.154097 0.001612
2.259035 5.263255 0.001612
2.149876 5.372414 0.001612
2.040718 5.481572 0.001612
1.931559 5.590731 0.001612
1.822401 5.699889 0.001612
1.713242 5.809048 0.001612
1.557493 5.809048 0.001612
1.401744 5.809048 0.001612
1.245994 5.809048 0.001612
1.090245 5.809048 0.001612
0.934496 5.809048 0.001612
0.778747 5.809048 0.001612
0.622997 5.809048 0.001612
0.467248 5.809048 0.001612
0.311499 5.809048 0.001612
0.155749 5.809048 0.001612
0.000000 5.809048 0.001612
-0.155749 5.809048 0.001612
-0.311499 5.809048 0.001612
-0.467248 5.809048 0.001612
-0.622997 5.809048 0.001612
-0.778747 5.809048 0.001612
-0.934496 5.809048 0.001612
-1.090245 5.809048 0.001612
-1.245994 5.809048 0.001612
-1.401744 5.809048 0.001612
-1.557493 5.809048 0.001612
-1.713242 5.809048 0.001612
-1.822401 5.699889 0.001612
-1.931559 5.590731 0.001612
-2.040718 5.481572 0.001612
-2.149876 5.372414 0.001612
-2.259035 5.263255 0.001612
-2.368193 5.154097 0.001612
-2.477352 5.044938 0.001612
-2.586510 4.935780 0.001612
-2.695669 4.826621 0.001612
-2.804827 4.717463 0.001612
-2.913986 4.608304 0.001612
-3.023144 4.499146 0.001612
-3.132303 4.389987 0.001612
-3.241461 4.280829 0.001612
-3.350620 4.171670 0.001612
-3.459778 4.062512 0.001612
-3.568937 3.953353 0.001612
-3.678095 3.844195 0.001612
-3.678095 3.693442 0.001612
-3.678095 3.542689 0.001612
-3.678095 3.391937 0.001612
-3.678095 3.241184 0.001612
-3.678095 3.090431 0.001612
-3.678095 2.939678 0.001612
-3.678095 2.788926 0.001612
-3.678095 2.638173 0.001612
-3.678095 2.487420 0.001612
-3.678095 2.336667 0.001612
-3.678095 2.185915 0.001612
-3.678095 2.035162 0.001612
-3.678095 1.884409 0.001612
-3.678095 1.733656 0.001612
-3.678095 1.582904 0.001612
-3.678095 1.432151 0.001612
-3.678095 1.281398 0.001612
-3.678095 1.130646 0.001612
-3.678095 0.979893 0.001612
-3.678095 0.829140 0.001612
-3.678095 0.678387 0.001612
-3.678095 0.527635 0.001612
-3.678095 0.376882 0.001612
-3.678095 0.226129 0.001612
-3.678095 0.075376 0.001612
-3.678095 -0.075376 0.001612
-3.678095 -0.226129 0.001612
-3.678095 -0.376882 0.001612
-3.678095 -0.527635 0.001612
-3.678095 -0.678387 0.001612
-3.678095 -0.829140 0.001612
-3.678095 -0.979893 0.001612
-3.678095 -1.130646 0.001612
-3.678095 -1.281398 0.001612
-3.678095 -1.432151 0.001612
-3.678095 -1.582904 0.001612
-3.678095 -1.733656 0.001612
-3.678095 -1.884409 0.001612
-3.678095 -2.035162 0.001612
-3.678095 -2.185915 0.001612
-3.678095 -2.336667 0.001612
-3.678095 -2.487420 0.001612
-3.678095 -2.638173 0.001612
-3.678095 -2.788926 0.001612
-3.678095 -2.939678 0.001612
-3.678095 -3.090431 0.001612
-3.678095 -3.241184 0.001612
-3.678095 -3.391937 0.001612
-3.678095 -3.542689 0.001612
-3.678095 -3.693442 0.001612
-3.678095 -3.844195 0.001612
-3.568937 -3.953353 0.001612
-3.459778 -4.062512 0.001612
-3.350620 -4.171670 0.001612
-3.241461 -4.280829 0.001612
-3.132303 -4.389987 0.001612
-3.023144 -4.499146 0.001612
-2.913986 -4.608304 0.001612
-2.804827 -4.717463 0.001612
-2.695669 -4.826621 0.001612
-2.586510 -4.935780 0.001612
-2.477352 -5.044938 0.001612
-2.368193 -5.154097 0.001612
-2.259035 -5.263255 0.001612
-2.149876 -5.372414 0.001612
-2.040718 -5.481572 0.001612
-1.931559 -5.590731 0.001612
-1.822401 -5.699889 0.001612
-1.713242 -5.809048 0.001612
-1.557493 -5.809048 0.001612
-1.401744 -5.809048 0.001612
-1.245994 -5.809048 0.001612
-1.090245 -5.809048 0.001612
-0.934496 -5.809048 0.001612
-0.778747 -5.809048 0.001612
-0.622997 -5.809048 0.001612
-0.467248 -5.809048 0.001612
-0.311499 -5.809048 0.001612
-0.155749 -5.809048 0.001612
0.000000 -5.809048 0.001612
0.155749 -5.809048 0.001612
0.311499 -5.809048 0.001612
0.467248 -5.809048 0.001612
0.622997 -5.809048 0.001612
0.778747 -5.809048 0.001612
0.934496 -5.809048 0.001612
1.090245 -5.809048 0.001612
1.245994 -5.809048 0.001612
1.401744 -5.809048 0.001612
1.557493 -5.809048 0.001612
1.713242 -5.809048 0.001612
1.822401 -5.699889 0.001612
1.931559 -5.590731 0.001612
2.040718 -5.481572 0.001612
2.149876 -5.372414 0.001612
2.259035 -5.263255 0.001612
2.368193 -5.154097 0.001612
2.477352 -5.044938 0.001612
2.586510 -4.935780 0.001612
2.695669 -4.826621 0.001612
2.804827 -4.717463 0.001612
2.913986 -4.608304 0.001612
3.023144 -4.499146 0.001612
3.132303 -4.389987 0.001612
3.241461 -4.280829 0.001612
3.350620 -4.171670 0.001612
3.459778 -4.062512 0.001612
3.568937 -3.953353 0.001612
3.678095 -3.844195 0.001612
3.678095 -3.693442 0.001612
3.678095 -3.542689 0.001612
3.678095 -3.391937 0.001612
3.678095 -3.241184 0.001612
3.678095 -3.090431 0.001612
3.678095 -2.939678 0.001612
3.678095 -2.788926 0.001612
3.678095 -2.638173 0.001612
3.678095 -2.487420 0.001612
3.678095 -2.336667 0.001612
3.678095 -2.185915 0.001612
3.678095 -2.035162 0.001612
3.678095 -1.884409 0.001612
3.678095 -1.733656 0.001612
3.678095 -1.582904 0.001612
3.678095 -1.432151 0.001612
3.678095 -1.281398 0.001612
3.678095 -1.130646 0.001612
3.678095 -0.979893 0.001612
3.678095 -0.829140 0.001612
3.678095 -0.678387 0.001612
3.678095 -0.527635 0.001612
3.678095 -0.376882 0.001612
3.678095 -0.226129 0.001612
3.678095 -0.075376 0.001612
3.678095 0.075376 0.001612
3.678095 0.226129 0.001612
3.678095 0.376882 0.001612
3.678095 0.527635 0.001612
3.678095 0.678387 0.001612
3.678095 0.829140 0.001612
3.678095 0.979893 0.001612
3.678095 1.130646 0.001612
3.678095 1.281398 0.001612
3.678095 1.432151 0.001612
3.678095 1.582904 0.001612
3.678095 1.733656 0.001612
3.678095 1.884409 0.001612
3.678095 2.035162 0.001612
3.678095 2.185915 0.001612
3.678095 2.336667 0.001612
3.678095 2.487420 0.001612
3.678095 2.638173 0.001612
3.678095 2.788926 0.001612
3.678095 2.939678 0.001612
3.678095 3.090431 0.001612
3.678095 3.241184 0.001612
3.678095 3.391937 0.001612
3.678095 3.542689 0.001612
3.678095 3.693442 0.001612
2.198095 3.293900 0.000804
2.078788 3.413207 0.000804
1.959482 3.532514 0.000804
1.840175 3.651821 0.000804
1.720868 3.771127 0.000804
1.601562 3.890434 0.000804
1.482255 4.009741 0.000804
1.362948 4.129048 0.000804
1.211509 4.129048 0.000804
1.060071 4.129048 0.000804
0.908632 4.129048 0.000804
0.757193 4.129048 0.000804
0.605755 4.129048 0.000804
0.454316 4.129048 0.000804
0.302877 4.129048 0.000804
0.151439 4.129048 0.000804
0.000000 4.129048 0.000804
-0.151439 4.129048 0.000804
-0.302877 4.129048 0.000804
-0.454316 4.129048 0.000804
-0.605755 4.129048 0.000804
-0.757193 4.129048 0.000804
-0.908632 4.129048 0.000804
-1.060071 4.129048 0.000804
-1.211509 4.129048 0.000804
-1.362948 4.129048 0.000804
-1.482255 4.009741 0.000804
-1.601562 3.890434 0.000804
-1.720868 3.771127 0.000804
-1.840175 3.651821 0.000804
-1.959482 3.532514 0.000804
-2.078788 3.413207 0.000804
-2.198095 3.293900 0.000804
-2.198095 3.140696 0.000804
-2.198095 2.987491 0.000804
-2.198095 2.834286 0.000804
-2.198095 2.681082 0.000804
-2.198095 2.527877 0.000804
-2.198095 2.374672 0.000804
-2.198095 2.221468 0.000804
-2.198095 2.068263 0.000804
-2.198095 1.915058 0.000804
-2.198095 1.761854 0.000804
-2.198095 1.608649 0.000804
-2.198095 1.455444 0.000804
-2.198095 1.302240 0.000804
-2.198095 1.149035 0.000804
-2.198095 0.995830 0.000804
-2.198095 0.842626 0.000804
-2.198095 0.689421 0.000804
-2.198095 0.536216 0.000804
-2.198095 0.383012 0.000804
-2.198095 0.229807 0.000804
-2.198095 0.076602 0.000804
-2.198095 -0.076602 0.000804
-2.198095 -0.229807 0.000804
-2.198095 -0.383012 0.000804
-2.198095 -0.536216 0.000804
-2.198095 -0.689421 0.000804
-2.198095 -0.842626 0.000804
-2.198095 -0.995830 0.000804
-2.198095 -1.149035 0.000804
-2.198095 -1.302240 0.000804
-2.198095 -1.455444 0.000804
-2.198095 -1.608649 0.000804
-2.198095 -1.761854 0.000804
-2.198095 -1.915058 0.000804
-2.198095 -2.068263 0.000804
-2.198095 -2.221468 0.000804
-2.198095 -2.374672 0.000804
-2.198095 -2.527877 0.000804
-2.198095 -2.681082 0.000804
-2.198095 -2.834286 0.000804
-2.198095 -2.987491 0.000804
-2.198095 -3.140696 0.000804
-2.198095 -3.293900 0.000804
-2.078788 -3.413207 0.000804
-1.959482 -3.532514 0.000804
-1.840175 -3.651821 0.000804
-1.720868 -3.771127 0.000804
-1.601562 -3.890434 0.000804
-1.482255 -4.009741 0.000804
-1.362948 -4.129048 0.000804
-1.211509 -4.129048 0.000804
-1.060071 -4.129048 0.000804
-0.908632 -4.129048 0.000804
-0.757193 -4.129048 0.000804
-0.605755 -4.129048 0.000804
-0.454316 -4.129048 0.000804
-0.302877 -4.129048 0.000804
-0.151439 -4.129048 0.000804
0.000000 -4.129048 0.000804
0.151439 -4.129048 0.000804
0.302877 -4.129048 0.000804
0.454316 -4.129048 0.000804
0.605755 -4.129048 0.000804
0.757193 -4.129048 0.000804
0.908632 -4.129048 0.000804
1.060071 -4.129048 0.000804
1.211509 -4.129048 0.000804
1.362948 -4.129048 0.000804
1.482255 -4.009741 0.000804
1.601562 -3.890434 0.000804
1.720868 -3.771127 0.000804
1.840175 -3.651821 0.000804
1.959482 -3.532514 0.000804
2.078788 -3.413207 0.000804
2.198095 -3.293900 0.000804
2.198095 -3.140696 0.000804
2.198095 -2.987491 0.000804
2.198095 -2.834286 0.000804
2.198095 -2.681082 0.000804
2.198095 -2.527877 0.000804
2.198095 -2.374672 0.000804
2.198095 -2.221468 0.000804
2.198095 -2.068263 0.000804
2.198095 -1.915058 0.000804
2.198095 -1.761854 0.000804
2.198095 -1.608649 0.000804
2.198095 -1.455444 0.000804
2.198095 -1.302240 0.000804
2.198095 -1.149035 0.000804
2.198095 -0.995830 0.000804
2.198095 -0.842626 0.000804
2.198095 -0.689421 0.000804
2.198095 -0.536216 0.000804
2.198095 -0.383012 0.000804
2.198095 -0.229807 0.000804
2.198095 -0.076602 0.000804
2.198095 0.076602 0.000804
2.198095 0.229807 0.000804
2.198095 0.383012 0.000804
2.198095 0.536216 0.000804
2.198095 0.689421 0.000804
2.198095 0.842626 0.000804
2.198095 0.995830 0.000804
2.198095 1.149035 0.000804
2.198095 1.302240 0.000804
2.198095 1.455444 0.000804
2.198095 1.608649 0.000804
2.198095 1.761854 0.000804
2.198095 1.915058 0.000804
2.198095 2.068263 0.000804
2.198095 2.221468 0.000804
2.198095 2.374672 0.000804
2.198095 2.527877 0.000804
2.198095 2.681082 0.000804
2.198095 2.834286 0.000804
2.198095 2.987491 0.000804
2.198095 3.140696 0.000804
