-3.579091 -1.770389 0.050282
-3.675789 -1.940977 0.050523
1.843563 5.984407 0.045161
-3.387984 -1.430084 0.050665
-3.293567 -1.260827 0.050213
3.562296 -2.411272 0.047148
-3.678037 3.309300 0.049679
-2.981279 2.812103 0.050565
-2.392266 2.491597 0.049916
-3.580986 -1.422934 0.050333
-3.676635 -1.594751 0.050502
-3.677684 -1.245114 0.050467
-3.682751 -0.174239 0.049559
-3.587210 -0.358416 0.052134
2.962322 4.866106 0.045772
1.675566 6.057567 0.042293
0.692714 4.573511 0.043839
0.844720 4.670784 0.048827
1.217788 5.956106 0.049942
1.378920 6.055452 0.042983
1.530052 5.956352 0.048452
1.081333 6.057321 0.041469
0.901785 5.960673 0.050106
2.351040 4.673041 0.047660
2.244803 5.054278 0.047277
2.508079 5.323713 0.045614
1.562323 5.213260 0.051296
1.368536 5.126891 0.045615
1.207291 5.224461 0.047820
2.120782 4.909344 0.048231
2.175092 4.716655 0.045665
2.043422 4.576704 0.046344
3.667629 -2.522469 0.040172
3.373066 -3.898874 0.045320
3.673850 -4.053378 0.041831
3.570219 -3.903035 0.048066
3.604064 -4.216604 0.045371
2.555839 -5.139947 0.047256
-2.395062 -0.145173 0.049849
-2.491918 0.019888 0.047520
3.668001 -2.250858 0.041608
1.743564 -5.499388 0.049456
0.502784 -4.857668 0.046882
-3.686758 3.663254 0.047203
-3.591462 3.481950 0.047790
-3.674864 2.625325 0.050545
-3.576824 2.455464 0.050228
-3.676586 1.592428 0.050541
-3.579121 1.768097 0.050362
-3.080469 2.973783 0.049810
-2.983045 3.149100 0.050395
-3.672849 -4.023488 0.051672
-1.830393 4.243331 0.044979
-1.114207 6.052741 0.043987
-1.264752 5.949150 0.047635
-1.259886 5.373816 0.048692
-1.266760 5.748028 0.044686
-1.254748 5.199090 0.046302
-3.677793 -0.539067 0.051050
-2.676985 0.356418 0.047659
-2.390189 0.180697 0.048282
-2.485998 0.348682 0.048479
1.006426 4.573940 0.044362
0.381301 4.572739 0.041982
0.518643 4.669583 0.049414
0.502794 4.857668 0.046882
0.333859 5.128232 0.046982
0.331360 4.946744 0.047201
0.842239 4.860530 0.046615
1.012863 4.954592 0.047197
1.022725 5.137992 0.045800
0.674383 4.951342 0.047211
1.542973 5.760495 0.046361
1.576158 5.394300 0.048000
1.209399 5.762869 0.046178
1.217701 5.400319 0.047995
1.392781 5.483788 0.046412
1.383452 5.666358 0.048517
0.323950 6.057240 0.041334
0.503663 5.960592 0.049462
0.869195 5.771223 0.046443
1.040354 5.674634 0.048423
1.039327 5.494654 0.046323
0.614546 6.060019 0.037836
0.788665 6.060019 0.037891
2.405133 4.483296 0.046486
2.735918 5.093223 0.046004
2.555845 5.139941 0.047256
2.424950 5.002945 0.046721
2.784514 4.907908 0.047360
2.656369 4.766078 0.046404
2.476878 4.814397 0.047205
1.875033 5.133768 0.045072
1.694168 5.106805 0.043634
1.953832 4.949604 0.043355
1.983258 5.275279 0.050915
2.186078 5.236049 0.044766
2.318458 5.368489 0.049343
1.177436 4.862256 0.046598
1.318611 4.574077 0.043905
1.168517 4.671351 0.048479
1.348543 4.948086 0.045409
2.970221 1.510151 0.049095
2.392203 0.803405 0.045635
2.709514 4.576857 0.047663
2.584117 4.435431 0.047035
3.066374 1.675463 0.048349
2.969280 1.844953 0.048921
3.066198 2.010825 0.048186
-2.702361 0.986923 0.049271
-2.395201 1.162581 0.049809
-2.497815 0.998015 0.049261
-3.384428 1.773682 0.050605
2.778268 1.850446 0.048344
2.391687 1.908449 0.043612
3.669081 -3.213609 0.039439
3.669702 -3.763828 0.042326
3.306419 -4.072622 0.046821
3.433786 -4.240008 0.045707
2.735912 -5.093229 0.046004
3.009216 -4.676887 0.047749
2.656361 -4.766084 0.046404
2.962316 -4.866112 0.045772
2.784507 -4.907914 0.047360
3.182210 -4.640613 0.046129
3.223816 -4.452133 0.046295
3.393411 -4.424862 0.046314
2.508073 -5.323719 0.045614
2.476869 -4.814404 0.047205
2.424942 -5.002952 0.046722
-2.984590 0.273911 0.044216
-2.696882 0.044068 0.050964
-2.786140 0.212612 0.043879
3.668691 -1.686683 0.041713
3.367287 -1.175591 0.048330
3.671452 -1.405491 0.038871
3.566809 -1.520145 0.050403
3.262330 -1.668785 0.048875
3.069403 -1.345217 0.047990
3.267643 -1.342076 0.048852
3.364416 -1.500331 0.048047
2.687204 -2.360324 0.047866
2.684323 -2.022833 0.048429
2.780975 -2.189793 0.048762
2.971838 -2.183282 0.048560
3.066198 -2.010829 0.048186
3.667850 -1.970280 0.042414
3.563207 -1.822215 0.049978
3.562517 -2.120672 0.049073
3.359239 -1.824129 0.046998
3.260201 -1.996683 0.049545
3.358836 -2.145160 0.045755
2.057622 -5.760052 0.047513
1.719708 -5.683011 0.045881
1.542963 -5.760498 0.046361
1.843560 -5.984409 0.045161
1.874788 -5.805708 0.047937
1.675561 -6.057568 0.042293
1.530044 -5.956353 0.048452
2.244795 -5.054286 0.047277
2.088345 -5.584483 0.046873
2.274609 -5.545692 0.047411
2.318451 -5.368495 0.049343
2.186069 -5.236057 0.044766
1.929367 -5.446516 0.048331
1.983249 -5.275287 0.050915
1.209387 -5.762871 0.046178
1.383440 -5.666362 0.048517
0.030030 -6.055410 0.042939
0.195307 -5.762255 0.044985
0.352706 -5.672933 0.048316
0.323936 -6.057240 0.041334
0.192762 -5.955983 0.048567
-3.092293 -1.619662 0.051098
-3.384208 -1.776087 0.050607
-3.288751 -1.607600 0.050119
-2.392570 -2.150743 0.050113
-2.491239 -2.319245 0.050512
-3.576425 2.796083 0.050040
-3.382251 3.134446 0.051104
-3.674894 2.966372 0.050514
-3.579599 3.136110 0.049267
-3.378470 2.797707 0.050571
-3.279592 2.966332 0.049444
-3.081806 2.637235 0.050052
-3.279874 2.630291 0.050058
-3.379790 2.458806 0.050494
-3.675868 1.938996 0.050532
-3.675294 2.283119 0.050529
-3.577829 2.112951 0.050308
-1.788342 4.442136 0.054239
-3.207657 4.467957 0.050099
-2.726503 5.099717 0.045932
-3.389170 4.430453 0.047446
-3.672890 4.023368 0.051684
-3.604103 4.206501 0.047837
-3.429965 4.235116 0.052535
-3.586314 3.844663 0.052562
-2.767495 3.697765 0.049377
-2.810833 3.508151 0.050908
-3.604053 -4.206556 0.047842
-3.686706 -3.663592 0.047199
-3.586221 -3.844889 0.052562
-2.392003 -2.489016 0.050002
-2.506119 4.358544 0.049049
0.030043 6.055409 0.042939
0.192775 5.955983 0.048567
0.162259 5.215764 0.047506
-2.549824 5.153308 0.044382
-2.394108 5.052582 0.043857
-1.403658 6.053075 0.043536
-1.690498 6.053449 0.042504
-1.562086 5.949857 0.047458
-1.858616 5.976839 0.044710
-2.078712 5.743181 0.047094
-1.902574 5.789627 0.047396
-1.081375 5.470541 0.046356
-1.094100 5.653416 0.051065
-1.341400 4.571075 0.040853
-1.619330 4.472277 0.046281
-1.533095 4.632295 0.046269
-3.675422 0.184938 0.051776
-3.584839 0.007758 0.050917
-3.674925 0.535720 0.051798
-3.579534 0.713912 0.051907
-3.388815 0.721122 0.050308
-3.286178 0.545132 0.052805
-3.378986 0.363859 0.052264
-3.577014 0.361657 0.051371
-3.676713 -0.892566 0.051077
-3.581064 -1.071533 0.050982
-3.389949 -1.080095 0.050385
-3.581172 -0.718949 0.050698
-3.096063 0.584044 0.052827
-2.984435 0.463113 0.044601
-3.005303 0.785148 0.046327
-2.805303 0.819462 0.048303
-2.696566 0.668876 0.050490
-2.784939 0.513632 0.043711
-2.389142 0.514328 0.047873
-2.395947 0.838986 0.049801
-2.491756 0.677308 0.047250
-3.677942 0.889688 0.050659
-3.580726 1.420334 0.050440
-3.677473 1.242782 0.050533
-3.582082 1.068845 0.050743
0.856919 5.226915 0.047556
0.863112 5.407719 0.047464
0.679202 5.134327 0.046594
0.510113 5.222141 0.047280
1.803080 4.269025 0.042689
2.272888 4.347041 0.047092
2.087126 4.396834 0.046936
1.964091 4.246304 0.047701
2.021186 4.051956 0.044586
1.823600 4.808985 0.045175
1.858881 4.628774 0.047541
1.490418 4.643525 0.043723
1.593868 4.482078 0.040658
1.741574 4.471626 0.048423
1.663269 4.898977 0.043712
1.511431 4.826629 0.050431
2.274615 5.545687 0.047411
1.874794 5.805704 0.047937
2.057627 5.760048 0.047514
2.088352 5.584477 0.046873
1.719718 5.683007 0.045881
1.743574 5.499382 0.049456
1.929376 5.446509 0.048331
3.676465 -0.377876 0.040569
3.574241 -0.201220 0.052097
3.671109 -0.083590 0.038451
2.394658 -0.486515 0.047249
2.688156 -0.335149 0.049299
2.387283 -0.167540 0.045716
2.488608 -0.334163 0.046946
3.387977 -0.196009 0.046374
3.256790 -0.078379 0.044381
3.289629 -0.374771 0.042910
3.065229 -0.187498 0.043704
3.092712 -0.366259 0.046591
3.676465 0.377874 0.040569
3.671109 0.083587 0.038451
3.574241 0.201218 0.052097
2.389350 1.420972 0.039513
2.775297 1.511265 0.048589
2.680438 1.682070 0.049335
2.389350 1.603822 0.039492
2.487703 1.718365 0.050516
2.487839 1.306427 0.050446
2.681051 1.341615 0.049412
2.391823 1.116711 0.043616
2.490692 0.981291 0.049911
3.393414 4.424859 0.046314
3.182214 4.640608 0.046129
3.009222 4.676882 0.047749
3.223821 4.452128 0.046295
2.884560 4.529463 0.045351
3.098615 4.288819 0.045985
2.932346 4.329880 0.048924
3.669082 3.213606 0.039439
3.604066 4.216602 0.045371
3.433789 4.240004 0.045707
3.673850 4.053376 0.041831
3.570220 3.903031 0.048066
2.793528 3.541364 0.051347
2.692063 3.670998 0.043615
3.563841 3.317511 0.046672
3.260201 1.996680 0.049545
-2.802325 1.140873 0.049874
-2.393690 1.820739 0.049964
-2.493318 1.985186 0.050360
-2.392961 2.154811 0.049989
-2.491894 2.321786 0.050554
-2.695674 1.643175 0.049794
-2.797894 1.470422 0.050363
-2.698934 1.312140 0.049546
-2.496356 1.322756 0.049780
-2.394488 1.489858 0.049901
-2.494845 1.651996 0.050145
-3.381884 2.117461 0.050531
-3.285231 1.949091 0.050243
-3.282315 2.290970 0.050211
3.675034 -2.953503 0.036998
3.570782 -3.042314 0.043208
3.675034 -2.784961 0.037556
3.569330 -2.688238 0.043909
3.563840 -3.317515 0.046672
3.668092 -3.483958 0.041460
3.564461 -3.605361 0.047609
3.140837 -4.094168 0.045948
3.098609 -4.288825 0.045986
-2.805149 -0.556135 0.043482
-2.500554 -0.303658 0.050644
-2.804334 -0.087176 0.045891
-2.827494 -0.386292 0.048174
-2.704862 -0.269841 0.049638
2.969280 -1.844957 0.048921
2.778268 -1.850450 0.048344
3.066374 -1.675467 0.048349
2.970221 -1.510154 0.049095
2.789680 -0.499211 0.049489
2.981116 -0.511349 0.049241
3.670585 -0.959040 0.040623
3.671452 -1.237973 0.037931
3.568704 -1.136459 0.050020
3.567125 -0.831263 0.050617
3.669873 -0.671474 0.042233
3.573004 -0.521737 0.049622
3.372431 -0.523842 0.049436
-0.542294 -6.059386 0.042341
-0.109816 -5.951354 0.046744
-0.258852 -6.052611 0.043825
-0.397591 -5.955331 0.042144
-0.826389 -6.052333 0.043981
-0.681138 -5.955052 0.042654
1.378911 -6.055452 0.042983
1.081322 -6.057321 0.041469
1.217777 -5.956107 0.049942
0.342839 -5.489919 0.047127
0.510100 -5.222141 0.047280
0.514950 -5.403476 0.047351
0.674371 -4.951342 0.047211
0.679189 -5.134327 0.046594
0.856906 -5.226916 0.047556
0.690231 -5.496467 0.046772
0.863098 -5.407720 0.047464
1.040340 -5.674636 0.048423
1.039313 -5.494656 0.046324
1.217687 -5.400322 0.047995
1.392767 -5.483793 0.046412
1.576146 -5.394306 0.048000
1.562310 -5.213268 0.051296
1.875023 -5.133778 0.045071
1.694156 -5.106814 0.043634
0.503650 -5.960593 0.049462
0.901772 -5.960674 0.050106
0.869181 -5.771224 0.046443
0.529873 -5.770013 0.046246
0.695287 -5.679990 0.048428
-2.509016 -5.333045 0.042740
-1.858617 -5.976840 0.044710
-2.078710 -5.743184 0.047093
-1.902574 -5.789630 0.047395
-2.990868 -1.796729 0.049628
2.389350 -1.420977 0.039513
2.775297 -1.511269 0.048589
2.680438 -1.682074 0.049335
2.487703 -1.718369 0.050517
2.389350 -1.603826 0.039492
2.391687 -1.908453 0.043612
2.490476 -2.044540 0.050136
-3.674780 -2.626518 0.050538
-3.674817 -2.967238 0.050509
-3.576264 -2.797081 0.050030
-3.576653 -2.456830 0.050209
-3.675207 -2.284688 0.050521
-3.577663 -2.114755 0.050273
-3.379436 -2.460069 0.050481
-1.756132 5.664841 0.047505
-1.774932 5.477183 0.049786
-1.608412 5.369468 0.047394
-1.433193 5.459221 0.047651
-1.583762 5.748461 0.044964
-1.427342 5.650557 0.049688
-1.611416 5.180399 0.050409
-1.431059 5.095425 0.048441
-1.416230 4.924761 0.045616
-1.583030 4.801830 0.049809
-1.929391 4.577003 0.048343
-2.117336 4.499025 0.048933
-3.167447 4.653691 0.047378
-3.051835 4.336817 0.049312
-2.729366 4.098582 0.051737
-2.697295 4.290450 0.046317
-2.855184 4.401238 0.049367
-2.827384 4.575173 0.046600
-2.762955 4.922437 0.046461
-2.946283 4.878037 0.046575
-2.983826 4.696485 0.048833
-3.412162 3.819663 0.046650
-2.605304 3.773440 0.052882
-2.585266 3.984819 0.044998
-3.270172 -3.933750 0.045552
-3.411996 -3.819863 0.046644
-3.591344 -3.482392 0.047790
-3.677972 -3.309885 0.049674
-3.579456 -3.136804 0.049263
-3.381978 -3.135040 0.051093
-2.855110 -4.401261 0.049367
-2.909011 -4.038358 0.047686
-3.389119 -4.430492 0.047449
-3.207597 -4.467994 0.050095
-3.429882 -4.235191 0.052527
-3.270226 -4.101684 0.051150
-3.073612 -4.165841 0.047110
-3.051746 -4.336850 0.049311
-1.830377 -4.243346 0.044977
-2.015304 -4.194841 0.051296
-2.490135 -2.660194 0.050879
-2.686682 -2.656911 0.050733
-2.355739 4.246342 0.047325
-2.248530 3.954690 0.049954
-2.402814 4.064485 0.048241
-2.055560 4.015721 0.043993
-2.015329 4.194824 0.051298
-2.161224 4.315650 0.048167
-2.410298 4.883191 0.046987
-2.242916 4.788652 0.048932
-2.271708 4.606257 0.047890
-2.465977 4.535085 0.046936
-2.629353 4.640925 0.048082
-2.602467 4.806637 0.045442
-0.405721 4.573387 0.042287
-0.362427 5.485142 0.047763
-0.185480 5.393296 0.046439
-2.391651 2.830681 0.049663
-2.490584 2.661784 0.050913
-2.687380 2.657567 0.050663
-2.784219 2.823450 0.049990
-0.542282 6.059386 0.042342
-0.826379 6.052333 0.043981
-0.968597 5.948407 0.046901
-0.681126 5.955052 0.042654
-0.946482 5.750205 0.042336
-0.631367 5.762516 0.040106
-0.754505 5.661594 0.050496
-0.109803 5.951354 0.046744
-0.258839 6.052611 0.043825
-0.397578 5.955331 0.042144
-0.130146 5.755039 0.042273
-0.444542 5.762795 0.039975
-0.326146 5.663760 0.049479
0.012246 5.665367 0.049219
-0.006807 5.482242 0.047077
0.166401 5.396117 0.046987
0.195321 5.762255 0.044985
-2.509022 5.333038 0.042741
-0.721422 5.483617 0.047512
-0.541438 5.399146 0.047549
-0.540735 5.219596 0.047356
-0.900674 5.389352 0.046854
-1.070715 5.121965 0.046569
-0.895151 5.215504 0.047492
-0.715196 5.130218 0.047056
-3.396462 0.005095 0.050966
-3.007561 -0.042053 0.044748
-3.098558 0.150490 0.053802
-3.289017 0.184478 0.052559
-3.387174 -0.726557 0.051655
-2.998993 -0.647824 0.042430
-3.291599 -0.908736 0.051201
-3.098767 -0.940029 0.051972
-2.978512 -0.816344 0.047062
-3.390926 1.076404 0.050686
-3.102671 0.929572 0.052079
-3.296067 0.904457 0.050881
-3.002634 1.117836 0.048295
0.695301 5.679990 0.048428
0.690245 5.496466 0.046771
0.529887 5.770013 0.046246
0.514964 5.403476 0.047351
0.342852 5.489919 0.047127
0.352719 5.672933 0.048316
2.811703 4.187832 0.044497
2.638519 4.245988 0.046951
2.853281 3.975715 0.050174
2.721760 3.860581 0.044289
2.316551 4.167233 0.045845
2.503197 4.114046 0.048027
2.544860 3.940755 0.043405
2.187883 4.022678 0.046629
2.387283 0.167537 0.045716
2.481233 -0.000002 0.050231
2.688156 0.335146 0.049299
2.493528 0.655698 0.049975
2.394658 0.486512 0.047249
2.488608 0.334160 0.046946
3.073514 0.688102 0.046729
2.689002 0.667409 0.047527
2.981116 0.511347 0.049241
2.789681 0.499208 0.049489
3.289629 0.374768 0.042910
3.256790 0.078376 0.044381
3.387977 0.196007 0.046374
3.065229 0.187495 0.043704
3.092712 0.366256 0.046591
3.670586 0.959037 0.040623
3.267782 1.016676 0.048160
3.069403 1.345214 0.047990
3.568704 1.136456 0.050020
3.267643 1.342073 0.048852
3.367287 1.175589 0.048330
2.779694 1.173474 0.048130
3.071856 1.016135 0.047486
2.973122 1.178188 0.049409
2.685352 1.002865 0.048518
2.975413 0.845245 0.049040
2.782337 0.836690 0.048681
3.669703 3.763825 0.042326
3.668092 3.483955 0.041460
3.564462 3.605356 0.047608
3.140842 4.094162 0.045947
3.306422 4.072616 0.046821
3.373068 3.898868 0.045320
3.016151 3.923106 0.047935
3.361576 3.263657 0.043437
2.981855 3.213130 0.048475
2.241219 3.831054 0.045502
2.411549 3.802317 0.046150
2.493696 3.635220 0.043177
2.396948 3.486903 0.048245
2.791849 2.863767 0.049702
2.394117 2.858567 0.047480
2.971838 2.183278 0.048560
3.068328 2.349496 0.048515
2.977168 2.524095 0.048105
-2.984524 2.472957 0.050391
-2.787158 2.481942 0.050221
-2.689990 2.316347 0.050307
-3.085117 2.298177 0.050352
-2.992177 1.793559 0.049839
-3.088737 1.957641 0.050634
-2.793893 1.804950 0.050457
-2.988192 2.133219 0.050151
-2.692692 1.978218 0.050043
-2.790431 2.142404 0.050385
3.373598 -2.955859 0.041094
3.372146 -2.770325 0.041470
2.932339 -4.329887 0.048924
2.811695 -4.187839 0.044497
2.638510 -4.245996 0.046951
2.584107 -4.435439 0.047035
2.884553 -4.529469 0.045351
2.709506 -4.576864 0.047663
2.544853 -3.940763 0.043405
2.503189 -4.114053 0.048028
-2.671309 -0.666323 0.046494
-2.485469 -0.981948 0.047458
-2.769698 -0.842842 0.040201
-2.689350 -0.984233 0.053016
-2.800887 -1.148127 0.048158
-2.995900 -1.461179 0.048733
-3.097940 -1.279859 0.051600
-3.001490 -1.130421 0.046989
3.073514 -0.688105 0.046729
3.267782 -1.016679 0.048160
3.365737 -0.849770 0.048219
3.267912 -0.692086 0.046988
2.689002 -0.667412 0.047527
2.392203 -0.803408 0.045635
2.493528 -0.655702 0.049975
-0.444554 -5.762795 0.039974
-0.631378 -5.762516 0.040106
1.022712 -5.137993 0.045800
1.207278 -5.224464 0.047820
1.368523 -5.126896 0.045615
0.788653 -6.060019 0.037891
0.614533 -6.060019 0.037836
-1.690499 -6.053449 0.042504
-1.114215 -6.052741 0.043986
-0.968606 -5.948408 0.046900
-2.238677 -5.175322 0.041685
-2.086557 -5.100998 0.053127
-2.317232 -5.353207 0.043373
-2.276467 -5.517058 0.051596
-2.103953 -5.546320 0.050815
-2.789234 -2.142688 0.050205
-2.983753 -2.473767 0.050368
-2.688997 -2.315418 0.050429
-2.786307 -2.481906 0.050130
-2.394948 -1.148165 0.050378
-2.795752 -1.473634 0.049656
-2.697189 -1.310020 0.050334
-2.495132 -1.312344 0.050203
-2.393517 -1.480082 0.050113
2.487839 -1.306431 0.050446
2.681051 -1.341618 0.049412
2.391823 -1.116715 0.043616
2.490692 -0.981294 0.049911
2.494192 -2.695691 0.049112
2.394117 -2.858571 0.047480
-1.788326 -4.442150 0.054236
-1.619323 -4.472284 0.046279
-3.279227 -2.966981 0.049438
-3.081217 -2.637962 0.050037
-3.279450 -2.631266 0.050045
-3.378152 -2.798589 0.050560
-3.281837 -2.292401 0.050184
-3.084388 -2.299403 0.050343
-2.987179 -2.134812 0.050071
-3.087872 -1.959730 0.050654
-3.284755 -1.951150 0.050188
-3.381511 -2.119229 0.050517
-1.772290 5.087484 0.046421
-2.074608 4.883718 0.044611
-1.758733 4.879579 0.051786
-1.915456 4.779302 0.053322
-3.402441 3.472165 0.051299
-3.323585 3.628468 0.044387
-3.291669 3.297850 0.047321
-3.131190 3.627833 0.047298
-3.091585 3.305053 0.049942
-3.009962 3.478733 0.049034
-2.909157 4.038343 0.047687
-2.927247 3.848905 0.049134
-3.091814 3.808391 0.044955
-3.073737 4.165790 0.047116
-3.270354 4.101593 0.051153
-3.270341 3.933631 0.045557
-2.927048 -3.848939 0.049120
-3.091595 -3.808488 0.044953
-3.291375 -3.298263 0.047315
-3.130928 -3.627992 0.047282
-3.323362 -3.628709 0.044382
-3.402226 -3.472536 0.051285
-3.091215 -3.305321 0.049925
-3.009632 -3.478877 0.049037
-2.697217 -4.290470 0.046313
-2.729252 -4.098577 0.051739
-3.167415 -4.653712 0.047379
-2.726492 -5.099727 0.045931
-2.549816 -5.153318 0.044381
-2.394096 -5.052596 0.043856
-2.410278 -4.883211 0.046986
-2.055539 -4.015737 0.043991
-2.391466 -2.829122 0.049723
-2.783595 -2.823337 0.049942
-3.079992 -2.974222 0.049795
-2.980684 -2.812527 0.050565
-2.982583 -3.149339 0.050402
0.157980 4.853110 0.047222
-0.101585 4.571118 0.038539
-0.220334 4.667839 0.050333
0.192073 4.667190 0.049871
0.078764 4.571118 0.038115
-2.450689 3.688842 0.045373
-2.398517 3.505148 0.049191
-2.276366 3.790426 0.041050
-2.785663 3.166719 0.049969
-2.686027 3.002749 0.051251
-2.695074 3.352090 0.052046
-2.497121 3.353179 0.054457
-2.391937 3.170823 0.049197
-2.490255 3.005764 0.051842
-2.276472 5.517052 0.051597
-2.103956 5.546314 0.050817
-2.317238 5.353199 0.043374
-1.946619 5.405103 0.047050
-1.940973 5.204473 0.051393
-2.238686 5.175309 0.041686
-2.086569 5.100984 0.053128
-1.061220 4.945600 0.047691
-1.230424 4.852060 0.045988
-1.205530 4.667909 0.049784
-1.030616 4.573501 0.043305
-3.315306 -0.175147 0.049173
-3.408143 -0.356662 0.048235
-3.036268 -0.349881 0.040989
-3.116863 -0.188307 0.056005
-3.131295 -0.524979 0.048842
-3.304727 -0.544920 0.052473
-3.293211 1.257004 0.050322
-3.098315 1.273321 0.051490
-3.387619 1.426997 0.050692
-3.288786 1.604675 0.050254
-3.093029 1.616002 0.050979
-2.996966 1.454640 0.049325
2.933390 0.109117 0.044216
2.762062 0.168523 0.046412
2.656464 -0.000002 0.043457
2.933390 -0.109120 0.044216
2.762062 -0.168526 0.046412
3.669873 0.671471 0.042233
3.573004 0.521735 0.049622
3.567125 0.831261 0.050617
3.372431 0.523840 0.049436
3.267912 0.692084 0.046988
3.365737 0.849768 0.048219
3.671452 1.405488 0.038871
3.671452 1.237970 0.037931
3.364416 1.500329 0.048047
3.262330 1.668782 0.048875
3.359239 1.824126 0.046998
3.566809 1.520142 0.050403
3.668691 1.686680 0.041713
3.563207 1.822212 0.049977
3.077464 3.736267 0.048115
2.979496 3.565651 0.049532
3.360711 3.579268 0.045324
3.268800 3.733575 0.048990
3.072198 3.387703 0.047799
3.262077 3.404013 0.050838
3.078312 2.693403 0.049691
2.987215 2.867173 0.049315
3.079790 3.039078 0.049567
3.269633 3.073295 0.050886
3.267448 2.654729 0.050358
2.495523 3.015956 0.048650
2.498354 3.331593 0.048049
2.394740 3.174730 0.047704
2.694763 3.022531 0.047207
2.696568 3.350276 0.044677
2.792193 3.199989 0.051140
3.667629 2.522466 0.040172
3.261323 2.325520 0.050106
3.359299 2.461445 0.043546
3.358836 2.145157 0.045755
3.562296 2.411268 0.047148
3.675034 2.953501 0.036998
3.570782 3.042310 0.043208
3.373598 2.955854 0.041094
3.372146 2.770321 0.041470
3.675034 2.784958 0.037556
3.569330 2.688234 0.043909
2.393409 2.540973 0.046952
2.494192 2.695686 0.049112
2.692686 2.694311 0.047935
2.786908 2.528409 0.049629
3.667850 1.970277 0.042414
3.668001 2.250855 0.041609
3.562517 2.120669 0.049073
3.269632 -3.073301 0.050886
3.079790 -3.039083 0.049567
2.981855 -3.213136 0.048475
3.361575 -3.263663 0.043437
3.267448 -2.654733 0.050359
3.068328 -2.349500 0.048515
3.359299 -2.461449 0.043546
3.261323 -2.325524 0.050106
3.268798 -3.733582 0.048990
3.360710 -3.579275 0.045324
3.262076 -3.404019 0.050838
3.072198 -3.387710 0.047799
2.120773 -4.909353 0.048231
1.953821 -4.949615 0.043355
1.663257 -4.898989 0.043712
1.823589 -4.808998 0.045175
1.858870 -4.628785 0.047541
2.411545 -3.802323 0.046150
2.493695 -3.635225 0.043177
2.316541 -4.167241 0.045845
1.964083 -4.246310 0.047701
-2.383854 -0.812676 0.047122
-2.398825 -0.470663 0.051337
-2.489346 -0.638442 0.052160
2.973122 -1.178191 0.049409
3.071856 -1.016138 0.047486
2.779694 -1.173477 0.048130
2.685352 -1.002869 0.048518
2.975413 -0.845248 0.049040
2.782337 -0.836693 0.048681
-0.326157 -5.663761 0.049479
0.012233 -5.665367 0.049218
-0.130159 -5.755039 0.042273
-1.756133 -5.664844 0.047505
2.987215 -2.867178 0.049315
2.791849 -2.863772 0.049702
3.078312 -2.693408 0.049691
2.692686 -2.694315 0.047935
2.786908 -2.528413 0.049629
2.977168 -2.524100 0.048105
-1.403662 -6.053076 0.043535
-1.264758 -5.949150 0.047634
-1.562089 -5.949858 0.047457
-1.583765 -5.748463 0.044963
-2.493272 -1.645591 0.050158
-2.492325 -1.981185 0.050323
-2.393089 -1.814432 0.050138
-2.691232 -1.976957 0.050275
-2.792173 -1.806080 0.050092
-2.693449 -1.641467 0.050275
0.518634 -4.669583 0.049414
0.692706 -4.573511 0.043839
2.393409 -2.540977 0.046952
2.492199 -2.371513 0.049845
2.392123 -2.222689 0.045680
-1.929369 -4.577021 0.048341
-2.242892 -4.788674 0.048930
-2.074590 -4.883736 0.044610
-1.915439 -4.779318 0.053320
-1.533088 -4.632300 0.046268
-2.810514 -3.508139 0.050887
-2.767262 -3.697705 0.049376
-2.355691 -4.246362 0.047322
-2.161190 -4.315672 0.048166
-2.465936 -4.535113 0.046933
-2.506065 -4.358568 0.049049
-2.271678 -4.606282 0.047889
-2.117306 -4.499047 0.048931
-2.585170 -3.984805 0.044988
-2.450583 -3.688768 0.045353
-2.605144 -3.773352 0.052889
-2.402761 -4.064492 0.048242
-2.276343 -3.790426 0.041046
-2.248495 -3.954697 0.049951
-2.629317 -4.640951 0.048081
-2.602444 -4.806658 0.045440
-2.827340 -4.575198 0.046597
-2.762939 -4.922452 0.046459
-2.946266 -4.878053 0.046574
-2.983794 -4.696505 0.048832
-1.341398 -4.571076 0.040853
-2.489937 -3.004836 0.051815
-2.785199 -3.166639 0.049942
-2.685519 -3.002333 0.051295
-2.694712 -3.351884 0.052071
-0.013994 5.124618 0.046709
-0.015773 4.943451 0.047887
-0.190104 4.854252 0.047537
-0.188526 5.216025 0.047941
-0.364568 4.947714 0.047401
-0.364769 5.128320 0.047252
-0.876983 4.670655 0.049729
-0.882692 4.858604 0.046633
-0.717445 4.573821 0.043662
-0.712232 4.949684 0.047590
-0.548493 4.670542 0.050056
-0.537570 4.858456 0.046955
2.392123 2.222685 0.045680
2.492199 2.371509 0.049845
2.687204 2.360320 0.047866
2.780975 2.189789 0.048762
2.490476 2.044536 0.050136
2.684323 2.022828 0.048429
2.979494 -3.565658 0.049532
2.692060 -3.671005 0.043615
2.793526 -3.541371 0.051347
3.077461 -3.736275 0.048115
2.721754 -3.860589 0.044290
3.016147 -3.923113 0.047935
2.853275 -3.975723 0.050175
2.495524 -3.015960 0.048650
2.694763 -3.022537 0.047207
2.792193 -3.199995 0.051140
2.696568 -3.350282 0.044677
2.351030 -4.673049 0.047660
2.175081 -4.716664 0.045665
2.405123 -4.483304 0.046487
2.272878 -4.347049 0.047092
2.043411 -4.576713 0.046344
2.087114 -4.396843 0.046936
2.241216 -3.831056 0.045502
2.021182 -4.051959 0.044586
2.187877 -4.022684 0.046629
-1.608412 -5.369473 0.047393
-1.940966 -5.204483 0.051391
-1.946615 -5.405110 0.047049
-1.774931 -5.477189 0.049785
-0.946490 -5.750206 0.042335
-0.754514 -5.661595 0.050495
0.381293 -4.572739 0.041982
-1.254750 -5.199093 0.046302
-1.772283 -5.087494 0.046420
-1.611413 -5.180405 0.050408
-1.758722 -4.879591 0.051785
-1.583021 -4.801837 0.049807
-1.431056 -5.095430 0.048441
-1.416225 -4.924765 0.045615
-2.391804 -3.170001 0.049244
-2.398429 -3.504881 0.049243
-2.496900 -3.352742 0.054440
2.396948 -3.486906 0.048244
2.498355 -3.331598 0.048049
2.394740 -3.174734 0.047704
1.012851 -4.954592 0.047197
0.842228 -4.860530 0.046615
0.844711 -4.670784 0.048827
1.803076 -4.269029 0.042688
1.741567 -4.471633 0.048423
1.593865 -4.482082 0.040658
0.166388 -5.396117 0.046987
-0.006819 -5.482243 0.047077
-0.362438 -5.485142 0.047763
-0.185492 -5.393297 0.046439
-0.188536 -5.216025 0.047941
-1.094106 -5.653418 0.051065
-1.081380 -5.470543 0.046355
-1.266766 -5.748029 0.044685
-1.427346 -5.650559 0.049688
-1.433194 -5.459225 0.047650
-1.259888 -5.373819 0.048692
1.006419 -4.573940 0.044362
1.177425 -4.862257 0.046598
1.348530 -4.948090 0.045409
1.318606 -4.574077 0.043906
1.168509 -4.671351 0.048479
1.511419 -4.826636 0.050430
1.490411 -4.643530 0.043724
0.162247 -5.215765 0.047505
0.331349 -4.946744 0.047201
0.333847 -5.128232 0.046982
-0.014005 -5.124618 0.046709
-0.721430 -5.483618 0.047512
-0.541447 -5.399146 0.047548
-0.900680 -5.389354 0.046853
-1.205528 -4.667910 0.049784
-1.230422 -4.852062 0.045987
-1.030618 -4.573501 0.043305
-0.876985 -4.670655 0.049728
-0.364778 -5.128320 0.047251
-0.540743 -5.219596 0.047356
-0.717450 -4.573821 0.043662
0.157970 -4.853110 0.047222
0.192064 -4.667190 0.049871
0.078756 -4.571118 0.038115
-0.015783 -4.943451 0.047887
-0.101593 -4.571118 0.038539
-0.882695 -4.858604 0.046632
-0.712237 -4.949684 0.047589
-0.715202 -5.130219 0.047055
-0.895157 -5.215505 0.047492
-1.070718 -5.121968 0.046568
-1.061222 -4.945602 0.047691
-0.364576 -4.947714 0.047401
-0.220342 -4.667839 0.050333
-0.190113 -4.854252 0.047537
-0.537576 -4.858456 0.046954
-0.405728 -4.573387 0.042287
-0.548499 -4.670542 0.050056
