3.423357 3.329454 0.018690
3.203088 3.549724 0.018690
2.982818 3.769994 0.018690
2.762548 3.990263 0.018690
2.542279 4.210533 0.018690
2.322009 4.430802 0.018690
2.101740 4.651072 0.018690
1.881470 4.871342 0.018690
1.661200 5.091611 0.018690
1.395959 5.201746 0.018613
1.085746 5.201746 0.018613
0.775533 5.201746 0.018613
0.465320 5.201746 0.018613
0.155107 5.201746 0.018613
-0.155107 5.201746 0.018613
-0.465320 5.201746 0.018613
-0.775533 5.201746 0.018613
-1.085746 5.201746 0.018613
-1.395959 5.201746 0.018613
-1.661200 5.091611 0.018690
-1.881470 4.871342 0.018690
-2.101740 4.651072 0.018690
-2.322009 4.430802 0.018690
-2.542279 4.210533 0.018690
-2.762548 3.990263 0.018690
-2.982818 3.769994 0.018690
-3.203088 3.549724 0.018690
-3.423357 3.329454 0.018690
-3.533492 3.066019 0.018396
-3.533492 2.759417 0.018396
-3.533492 2.452815 0.018396
-3.533492 2.146213 0.018396
-3.533492 1.839611 0.018396
-3.533492 1.533009 0.018396
-3.533492 1.226407 0.018396
-3.533492 0.919806 0.018396
-3.533492 0.613204 0.018396
-3.533492 0.306602 0.018396
-3.533492 0.000000 0.018396
-3.533492 -0.306602 0.018396
-3.533492 -0.613204 0.018396
-3.533492 -0.919806 0.018396
-3.533492 -1.226407 0.018396
-3.533492 -1.533009 0.018396
-3.533492 -1.839611 0.018396
-3.533492 -2.146213 0.018396
-3.533492 -2.452815 0.018396
-3.533492 -2.759417 0.018396
-3.533492 -3.066019 0.018396
-3.423357 -3.329454 0.018690
-3.203088 -3.549724 0.018690
-2.982818 -3.769994 0.018690
-2.762548 -3.990263 0.018690
-2.542279 -4.210533 0.018690
-2.322009 -4.430802 0.018690
-2.101740 -4.651072 0.018690
-1.881470 -4.871342 0.018690
-1.661200 -5.091611 0.018690
-1.395959 -5.201746 0.018613
-1.085746 -5.201746 0.018613
-0.775533 -5.201746 0.018613
-0.465320 -5.201746 0.018613
-0.155107 -5.201746 0.018613
0.155107 -5.201746 0.018613
0.465320 -5.201746 0.018613
0.775533 -5.201746 0.018613
1.085746 -5.201746 0.018613
1.395959 -5.201746 0.018613
1.661200 -5.091611 0.018690
1.881470 -4.871342 0.018690
2.101740 -4.651072 0.018690
2.322009 -4.430802 0.018690
2.542279 -4.210533 0.018690
2.762548 -3.990263 0.018690
2.982818 -3.769994 0.018690
3.203088 -3.549724 0.018690
3.423357 -3.329454 0.018690
3.533492 -3.066019 0.018396
3.533492 -2.759417 0.018396
3.533492 -2.452815 0.018396
3.533492 -2.146213 0.018396
3.533492 -1.839611 0.018396
3.533492 -1.533009 0.018396
3.533492 -1.226407 0.018396
3.533492 -0.919806 0.018396
3.533492 -0.613204 0.018396
3.533492 -0.306602 0.018396
3.533492 0.000000 0.018396
3.533492 0.306602 0.018396
3.533492 0.613204 0.018396
3.533492 0.919806 0.018396
3.533492 1.226407 0.018396
3.533492 1.533009 0.018396
3.533492 1.839611 0.018396
3.533492 2.146213 0.018396
3.533492 2.452815 0.018396
3.533492 2.759417 0.018396
3.533492 3.066019 0.018396
1.857230 2.780435 0.023124
1.584705 3.052959 0.023124
1.312181 3.325484 0.023124
1.007930 3.461746 0.020159
0.671953 3.461746 0.020159
0.335977 3.461746 0.020159
0.000000 3.461746 0.020159
-0.335977 3.461746 0.020159
-0.671953 3.461746 0.020159
-1.007930 3.461746 0.020159
-1.312181 3.325484 0.023124
-1.584705 3.052959 0.023124
-1.857230 2.780435 0.023124
-1.993492 2.488633 0.018665
-1.993492 2.177554 0.018665
-1.993492 1.866475 0.018665
-1.993492 1.555396 0.018665
-1.993492 1.244316 0.018665
-1.993492 0.933237 0.018665
-1.993492 0.622158 0.018665
-1.993492 0.311079 0.018665
-1.993492 -0.000000 0.018665
-1.993492 -0.311079 0.018665
-1.993492 -0.622158 0.018665
-1.993492 -0.933237 0.018665
-1.993492 -1.244316 0.018665
-1.993492 -1.555396 0.018665
-1.993492 -1.866475 0.018665
-1.993492 -2.177554 0.018665
-1.993492 -2.488633 0.018665
-1.857230 -2.780435 0.023124
-1.584705 -3.052959 0.023124
-1.312181 -3.325484 0.023124
-1.007930 -3.461746 0.020159
-0.671953 -3.461746 0.020159
-0.335977 -3.461746 0.020159
-0.000000 -3.461746 0.020159
0.335977 -3.461746 0.020159
0.671953 -3.461746 0.020159
1.007930 -3.461746 0.020159
1.312181 -3.325484 0.023124
1.584705 -3.052959 0.023124
1.857230 -2.780435 0.023124
1.993492 -2.488633 0.018665
1.993492 -2.177554 0.018665
1.993492 -1.866475 0.018665
1.993492 -1.555396 0.018665
1.993492 -1.244316 0.018665
1.993492 -0.933237 0.018665
1.993492 -0.622158 0.018665
1.993492 -0.311079 0.018665
1.993492 0.000000 0.018665
1.993492 0.311079 0.018665
1.993492 0.622158 0.018665
1.993492 0.933237 0.018665
1.993492 1.244316 0.018665
1.993492 1.555396 0.018665
1.993492 1.866475 0.018665
1.993492 2.177554 0.018665
1.993492 2.488633 0.018665
