3.551111 3.380703 0.001612
3.441953 3.489861 0.001612
3.332794 3.599020 0.001612
3.223636 3.708178 0.001612
3.114477 3.817337 0.001612
3.005319 3.926495 0.001612
2.896160 4.035654 0.001612
2.787002 4.144812 0.001612
2.677843 4.253971 0.001612
2.568685 4.363129 0.001612
2.459526 4.472288 0.001612
2.350368 4.581446 0.001612
2.241209 4.690605 0.001612
2.132051 4.799763 0.001612
2.022892 4.908922 0.001612
1.913734 5.018080 0.001612
1.804575 5.127239 0.001612
1.695417 5.236397 0.001612
1.586258 5.345556 0.001612
1.435186 5.345556 0.001612
1.284114 5.345556 0.001612
1.133042 5.345556 0.001612
0.981969 5.345556 0.001612
0.830897 5.345556 0.001612
0.679825 5.345556 0.001612
0.528753 5.345556 0.001612
0.377681 5.345556 0.001612
0.226608 5.345556 0.001612
0.075536 5.345556 0.001612
-0.075536 5.345556 0.001612
-0.226608 5.345556 0.001612
-0.377681 5.345556 0.001612
-0.528753 5.345556 0.001612
-0.679825 5.345556 0.001612
-0.830897 5.345556 0.001612
-0.981969 5.345556 0.001612
-1.133042 5.345556 0.001612
-1.284114 5.345556 0.001612
-1.435186 5.345556 0.001612
-1.586258 5.345556 0.001612
-1.695417 5.236397 0.001612
-1.804575 5.127239 0.001612
-1.913734 5.018080 0.001612
-2.022892 4.908922 0.001612
-2.132051 4.799763 0.001612
-2.241209 4.690605 0.001612
-2.350368 4.581446 0.001612
-2.459526 4.472288 0.001612
-2.568685 4.363129 0.001612
-2.677843 4.253971 0.001612
-2.787002 4.144812 0.001612
-2.896160 4.035654 0.001612
-3.005319 3.926495 0.001612
-3.114477 3.817337 0.001612
-3.223636 3.708178 0.001612
-3.332794 3.599020 0.001612
-3.441953 3.489861 0.001612
-3.551111 3.380703 0.001612
-3.551111 3.230449 0.001612
-3.551111 3.080196 0.001612
-3.551111 2.929942 0.001612
-3.551111 2.779689 0.001612
-3.551111 2.629435 0.001612
-3.551111 2.479182 0.001612
-3.551111 2.328929 0.001612
-3.551111 2.178675 0.001612
-3.551111 2.028422 0.001612
-3.551111 1.878168 0.001612
-3.551111 1.727915 0.001612
-3.551111 1.577661 0.001612
-3.551111 1.427408 0.001612
-3.551111 1.277154 0.001612
-3.551111 1.126901 0.001612
-3.551111 0.976647 0.001612
-3.551111 0.826394 0.001612
-3.551111 0.676141 0.001612
-3.551111 0.525887 0.001612
-3.551111 0.375634 0.001612
-3.551111 0.225380 0.001612
-3.551111 0.075127 0.001612
-3.551111 -0.075127 0.001612
-3.551111 -0.225380 0.001612
-3.551111 -0.375634 0.001612
-3.551111 -0.525887 0.001612
-3.551111 -0.676141 0.001612
-3.551111 -0.826394 0.001612
-3.551111 -0.976647 0.001612
-3.551111 -1.126901 0.001612
-3.551111 -1.277154 0.001612
-3.551111 -1.427408 0.001612
-3.551111 -1.577661 0.001612
-3.551111 -1.727915 0.001612
-3.551111 -1.878168 0.001612
-3.551111 -2.028422 0.001612
-3.551111 -2.178675 0.001612
-3.551111 -2.328929 0.001612
-3.551111 -2.479182 0.001612
-3.551111 -2.629435 0.001612
-3.551111 -2.779689 0.001612
-3.551111 -2.929942 0.001612
-3.551111 -3.080196 0.001612
-3.551111 -3.230449 0.001612
-3.551111 -3.380703 0.001612
-3.441953 -3.489861 0.001612
-3.332794 -3.599020 0.001612
-3.223636 -3.708178 0.001612
-3.114477 -3.817337 0.001612
-3.005319 -3.926495 0.001612
-2.896160 -4.035654 0.001612
-2.787002 -4.144812 0.001612
-2.677843 -4.253971 0.001612
-2.568685 -4.363129 0.001612
-2.459526 -4.472288 0.001612
-2.350368 -4.581446 0.001612
-2.241209 -4.690605 0.001612
-2.132051 -4.799763 0.001612
-2.022892 -4.908922 0.001612
-1.913734 -5.018080 0.001612
-1.804575 -5.127239 0.001612
-1.695417 -5.236397 0.001612
-1.586258 -5.345556 0.001612
-1.435186 -5.345556 0.001612
-1.284114 -5.345556 0.001612
-1.133042 -5.345556 0.001612
-0.981969 -5.345556 0.001612
-0.830897 -5.345556 0.001612
-0.679825 -5.345556 0.001612
-0.528753 -5.345556 0.001612
-0.377681 -5.345556 0.001612
-0.226608 -5.345556 0.001612
-0.075536 -5.345556 0.001612
0.075536 -5.345556 0.001612
0.226608 -5.345556 0.001612
0.377681 -5.345556 0.001612
0.528753 -5.345556 0.001612
0.679825 -5.345556 0.001612
0.830897 -5.345556 0.001612
0.981969 -5.345556 0.001612
1.133042 -5.345556 0.001612
1.284114 -5.345556 0.001612
1.435186 -5.345556 0.001612
1.586258 -5.345556 0.001612
1.695417 -5.236397 0.001612
1.804575 -5.127239 0.001612
1.913734 -5.018080 0.001612
2.022892 -4.908922 0.001612
2.132051 -4.799763 0.001612
2.241209 -4.690605 0.001612
2.350368 -4.581446 0.001612
2.459526 -4.472288 0.001612
2.568685 -4.363129 0.001612
2.677843 -4.253971 0.001612
2.787002 -4.144812 0.001612
2.896160 -4.035654 0.001612
3.005319 -3.926495 0.001612
3.114477 -3.817337 0.001612
3.223636 -3.708178 0.001612
3.332794 -3.599020 0.001612
3.441953 -3.489861 0.001612
3.551111 -3.380703 0.001612
3.551111 -3.230449 0.001612
3.551111 -3.080196 0.001612
3.551111 -2.929942 0.001612
3.551111 -2.779689 0.001612
3.551111 -2.629435 0.001612
3.551111 -2.479182 0.001612
3.551111 -2.328929 0.001612
3.551111 -2.178675 0.001612
3.551111 -2.028422 0.001612
3.551111 -1.878168 0.001612
3.551111 -1.727915 0.001612
3.551111 -1.577661 0.001612
3.551111 -1.427408 0.001612
3.551111 -1.277154 0.001612
3.551111 -1.126901 0.001612
3.551111 -0.976647 0.001612
3.551111 -0.826394 0.001612
3.551111 -0.676141 0.001612
3.551111 -0.525887 0.001612
3.551111 -0.375634 0.001612
3.551111 -0.225380 0.001612
3.551111 -0.075127 0.001612
3.551111 0.075127 0.001612
3.551111 0.225380 0.001612
3.551111 0.375634 0.001612
3.551111 0.525887 0.001612
3.551111 0.676141 0.001612
3.551111 0.826394 0.001612
3.551111 0.976647 0.001612
3.551111 1.126901 0.001612
3.551111 1.277154 0.001612
3.551111 1.427408 0.001612
3.551111 1.577661 0.001612
3.551111 1.727915 0.001612
3.551111 1.878168 0.001612
3.551111 2.028422 0.001612
3.551111 2.178675 0.001612
3.551111 2.328929 0.001612
3.551111 2.479182 0.001612
3.551111 2.629435 0.001612
3.551111 2.779689 0.001612
3.551111 2.929942 0.001612
3.551111 3.080196 0.001612
3.551111 3.230449 0.001612
2.071111 2.830408 0.000804
1.951804 2.949715 0.000804
1.832498 3.069022 0.000804
1.713191 3.188329 0.000804
1.593884 3.307635 0.000804
1.474577 3.426942 0.000804
1.355271 3.546249 0.000804
1.235964 3.665556 0.000804
1.081468 3.665556 0.000804
0.926973 3.665556 0.000804
0.772477 3.665556 0.000804
0.617982 3.665556 0.000804
0.463486 3.665556 0.000804
0.308991 3.665556 0.000804
0.154495 3.665556 0.000804
0.000000 3.665556 0.000804
-0.154495 3.665556 0.000804
-0.308991 3.665556 0.000804
-0.463486 3.665556 0.000804
-0.617982 3.665556 0.000804
-0.772477 3.665556 0.000804
-0.926973 3.665556 0.000804
-1.081468 3.665556 0.000804
-1.235964 3.665556 0.000804
-1.355271 3.546249 0.000804
-1.474577 3.426942 0.000804
-1.593884 3.307635 0.000804
-1.713191 3.188329 0.000804
-1.832498 3.069022 0.000804
-1.951804 2.949715 0.000804
-2.071111 2.830408 0.000804
-2.071111 2.677413 0.000804
-2.071111 2.524418 0.000804
-2.071111 2.371423 0.000804
-2.071111 2.218428 0.000804
-2.071111 2.065433 0.000804
-2.071111 1.912438 0.000804
-2.071111 1.759443 0.000804
-2.071111 1.606448 0.000804
-2.071111 1.453453 0.000804
-2.071111 1.300458 0.000804
-2.071111 1.147463 0.000804
-2.071111 0.994468 0.000804
-2.071111 0.841473 0.000804
-2.071111 0.688478 0.000804
-2.071111 0.535483 0.000804
-2.071111 0.382488 0.000804
-2.071111 0.229493 0.000804
-2.071111 0.076498 0.000804
-2.071111 -0.076498 0.000804
-2.071111 -0.229493 0.000804
-2.071111 -0.382488 0.000804
-2.071111 -0.535483 0.000804
-2.071111 -0.688478 0.000804
-2.071111 -0.841473 0.000804
-2.071111 -0.994468 0.000804
-2.071111 -1.147463 0.000804
-2.071111 -1.300458 0.000804
-2.071111 -1.453453 0.000804
-2.071111 -1.606448 0.000804
-2.071111 -1.759443 0.000804
-2.071111 -1.912438 0.000804
-2.071111 -2.065433 0.000804
-2.071111 -2.218428 0.000804
-2.071111 -2.371423 0.000804
-2.071111 -2.524418 0.000804
-2.071111 -2.677413 0.000804
-2.071111 -2.830408 0.000804
-1.951804 -2.949715 0.000804
-1.832498 -3.069022 0.000804
-1.713191 -3.188329 0.000804
-1.593884 -3.307635 0.000804
-1.474577 -3.426942 0.000804
-1.355271 -3.546249 0.000804
-1.235964 -3.665556 0.000804
-1.081468 -3.665556 0.000804
-0.926973 -3.665556 0.000804
-0.772477 -3.665556 0.000804
-0.617982 -3.665556 0.000804
-0.463486 -3.665556 0.000804
-0.308991 -3.665556 0.000804
-0.154495 -3.665556 0.000804
0.000000 -3.665556 0.000804
0.154495 -3.665556 0.000804
0.308991 -3.665556 0.000804
0.463486 -3.665556 0.000804
0.617982 -3.665556 0.000804
0.772477 -3.665556 0.000804
0.926973 -3.665556 0.000804
1.081468 -3.665556 0.000804
1.235964 -3.665556 0.000804
1.355271 -3.546249 0.000804
1.474577 -3.426942 0.000804
1.593884 -3.307635 0.000804
1.713191 -3.188329 0.000804
1.832498 -3.069022 0.000804
1.951804 -2.949715 0.000804
2.071111 -2.830408 0.000804
2.071111 -2.677413 0.000804
2.071111 -2.524418 0.000804
2.071111 -2.371423 0.000804
2.071111 -2.218428 0.000804
2.071111 -2.065433 0.000804
2.071111 -1.912438 0.000804
2.071111 -1.759443 0.000804
2.071111 -1.606448 0.000804
2.071111 -1.453453 0.000804
2.071111 -1.300458 0.000804
2.071111 -1.147463 0.000804
2.071111 -0.994468 0.000804
2.071111 -0.841473 0.000804
2.071111 -0.688478 0.000804
2.071111 -0.535483 0.000804
2.071111 -0.382488 0.000804
2.071111 -0.229493 0.000804
2.071111 -0.076498 0.000804
2.071111 0.076498 0.000804
2.071111 0.229493 0.000804
2.071111 0.382488 0.000804
2.071111 0.535483 0.000804
2.071111 0.688478 0.000804
2.071111 0.841473 0.000804
2.071111 0.994468 0.000804
2.071111 1.147463 0.000804
2.071111 1.300458 0.000804
2.071111 1.453453 0.000804
2.071111 1.606448 0.000804
2.071111 1.759443 0.000804
2.071111 1.912438 0.000804
2.071111 2.065433 0.000804
2.071111 2.218428 0.000804
2.071111 2.371423 0.000804
2.071111 2.524418 0.000804
2.071111 2.677413 0.000804
