3.486849 3.561200 0.018690
3.266580 3.781470 0.018690
3.046310 4.001740 0.018690
2.826041 4.222009 0.018690
2.605771 4.442279 0.018690
2.385501 4.662548 0.018690
2.165232 4.882818 0.018690
1.944962 5.103088 0.018690
1.724693 5.323357 0.018690
1.453102 5.433492 0.019375
1.130190 5.433492 0.019375
0.807279 5.433492 0.019375
0.484367 5.433492 0.019375
0.161456 5.433492 0.019375
-0.161456 5.433492 0.019375
-0.484367 5.433492 0.019375
-0.807279 5.433492 0.019375
-1.130190 5.433492 0.019375
-1.453102 5.433492 0.019375
-1.724693 5.323357 0.018690
-1.944962 5.103088 0.018690
-2.165232 4.882818 0.018690
-2.385501 4.662548 0.018690
-2.605771 4.442279 0.018690
-2.826041 4.222009 0.018690
-3.046310 4.001740 0.018690
-3.266580 3.781470 0.018690
-3.486849 3.561200 0.018690
-3.596984 3.301019 0.018006
-3.596984 3.000927 0.018006
-3.596984 2.700834 0.018006
-3.596984 2.400741 0.018006
-3.596984 2.100649 0.018006
-3.596984 1.800556 0.018006
-3.596984 1.500463 0.018006
-3.596984 1.200371 0.018006
-3.596984 0.900278 0.018006
-3.596984 0.600185 0.018006
-3.596984 0.300093 0.018006
-3.596984 0.000000 0.018006
-3.596984 -0.300093 0.018006
-3.596984 -0.600185 0.018006
-3.596984 -0.900278 0.018006
-3.596984 -1.200371 0.018006
-3.596984 -1.500463 0.018006
-3.596984 -1.800556 0.018006
-3.596984 -2.100649 0.018006
-3.596984 -2.400741 0.018006
-3.596984 -2.700834 0.018006
-3.596984 -3.000927 0.018006
-3.596984 -3.301019 0.018006
-3.486849 -3.561200 0.018690
-3.266580 -3.781470 0.018690
-3.046310 -4.001740 0.018690
-2.826041 -4.222009 0.018690
-2.605771 -4.442279 0.018690
-2.385501 -4.662548 0.018690
-2.165232 -4.882818 0.018690
-1.944962 -5.103088 0.018690
-1.724693 -5.323357 0.018690
-1.453102 -5.433492 0.019375
-1.130190 -5.433492 0.019375
-0.807279 -5.433492 0.019375
-0.484367 -5.433492 0.019375
-0.161456 -5.433492 0.019375
0.161456 -5.433492 0.019375
0.484367 -5.433492 0.019375
0.807279 -5.433492 0.019375
1.130190 -5.433492 0.019375
1.453102 -5.433492 0.019375
1.724693 -5.323357 0.018690
1.944962 -5.103088 0.018690
2.165232 -4.882818 0.018690
2.385501 -4.662548 0.018690
2.605771 -4.442279 0.018690
2.826041 -4.222009 0.018690
3.046310 -4.001740 0.018690
3.266580 -3.781470 0.018690
3.486849 -3.561200 0.018690
3.596984 -3.301019 0.018006
3.596984 -3.000927 0.018006
3.596984 -2.700834 0.018006
3.596984 -2.400741 0.018006
3.596984 -2.100649 0.018006
3.596984 -1.800556 0.018006
3.596984 -1.500463 0.018006
3.596984 -1.200371 0.018006
3.596984 -0.900278 0.018006
3.596984 -0.600185 0.018006
3.596984 -0.300093 0.018006
3.596984 0.000000 0.018006
3.596984 0.300093 0.018006
3.596984 0.600185 0.018006
3.596984 0.900278 0.018006
3.596984 1.200371 0.018006
3.596984 1.500463 0.018006
3.596984 1.800556 0.018006
3.596984 2.100649 0.018006
3.596984 2.400741 0.018006
3.596984 2.700834 0.018006
3.596984 3.000927 0.018006
3.596984 3.301019 0.018006
1.920722 3.012181 0.023124
1.648197 3.284705 0.023124
1.375673 3.557230 0.023124
1.084484 3.693492 0.018591
0.774632 3.693492 0.018591
0.464779 3.693492 0.018591
0.154926 3.693492 0.018591
-0.154926 3.693492 0.018591
-0.464779 3.693492 0.018591
-0.774632 3.693492 0.018591
-1.084484 3.693492 0.018591
-1.375673 3.557230 0.023124
-1.648197 3.284705 0.023124
-1.920722 3.012181 0.023124
-2.056984 2.724554 0.018164
-2.056984 2.421826 0.018164
-2.056984 2.119098 0.018164
-2.056984 1.816370 0.018164
-2.056984 1.513641 0.018164
-2.056984 1.210913 0.018164
-2.056984 0.908185 0.018164
-2.056984 0.605457 0.018164
-2.056984 0.302728 0.018164
-2.056984 0.000000 0.018164
-2.056984 -0.302728 0.018164
-2.056984 -0.605457 0.018164
-2.056984 -0.908185 0.018164
-2.056984 -1.210913 0.018164
-2.056984 -1.513641 0.018164
-2.056984 -1.816370 0.018164
-2.056984 -2.119098 0.018164
-2.056984 -2.421826 0.018164
-2.056984 -2.724554 0.018164
-1.920722 -3.012181 0.023124
-1.648197 -3.284705 0.023124
-1.375673 -3.557230 0.023124
-1.084484 -3.693492 0.018591
-0.774632 -3.693492 0.018591
-0.464779 -3.693492 0.018591
-0.154926 -3.693492 0.018591
0.154926 -3.693492 0.018591
0.464779 -3.693492 0.018591
0.774632 -3.693492 0.018591
1.084484 -3.693492 0.018591
1.375673 -3.557230 0.023124
1.648197 -3.284705 0.023124
1.920722 -3.012181 0.023124
2.056984 -2.724554 0.018164
2.056984 -2.421826 0.018164
2.056984 -2.119098 0.018164
2.056984 -1.816370 0.018164
2.056984 -1.513641 0.018164
2.056984 -1.210913 0.018164
2.056984 -0.908185 0.018164
2.056984 -0.605457 0.018164
2.056984 -0.302728 0.018164
2.056984 -0.000000 0.018164
2.056984 0.302728 0.018164
2.056984 0.605457 0.018164
2.056984 0.908185 0.018164
2.056984 1.210913 0.018164
2.056984 1.513641 0.018164
2.056984 1.816370 0.018164
2.056984 2.119098 0.018164
2.056984 2.421826 0.018164
2.056984 2.724554 0.018164
