3.598730 3.554512 0.001612
3.489572 3.663671 0.001612
3.380413 3.772829 0.001612
3.271255 3.881988 0.001612
3.162096 3.991146 0.001612
3.052938 4.100305 0.001612
2.943779 4.209463 0.001612
2.834621 4.318622 0.001612
2.725462 4.427780 0.001612
2.616304 4.536939 0.001612
2.507145 4.646097 0.001612
2.397987 4.755256 0.001612
2.288828 4.864414 0.001612
2.179670 4.973573 0.001612
2.070511 5.082731 0.001612
1.961353 5.191890 0.001612
1.852194 5.301048 0.001612
1.743036 5.410207 0.001612
1.633877 5.519365 0.001612
1.478270 5.519365 0.001612
1.322663 5.519365 0.001612
1.167055 5.519365 0.001612
1.011448 5.519365 0.001612
0.855841 5.519365 0.001612
0.700233 5.519365 0.001612
0.544626 5.519365 0.001612
0.389018 5.519365 0.001612
0.233411 5.519365 0.001612
0.077804 5.519365 0.001612
-0.077804 5.519365 0.001612
-0.233411 5.519365 0.001612
-0.389018 5.519365 0.001612
-0.544626 5.519365 0.001612
-0.700233 5.519365 0.001612
-0.855841 5.519365 0.001612
-1.011448 5.519365 0.001612
-1.167055 5.519365 0.001612
-1.322663 5.519365 0.001612
-1.478270 5.519365 0.001612
-1.633877 5.519365 0.001612
-1.743036 5.410207 0.001612
-1.852194 5.301048 0.001612
-1.961353 5.191890 0.001612
-2.070511 5.082731 0.001612
-2.179670 4.973573 0.001612
-2.288828 4.864414 0.001612
-2.397987 4.755256 0.001612
-2.507145 4.646097 0.001612
-2.616304 4.536939 0.001612
-2.725462 4.427780 0.001612
-2.834621 4.318622 0.001612
-2.943779 4.209463 0.001612
-3.052938 4.100305 0.001612
-3.162096 3.991146 0.001612
-3.271255 3.881988 0.001612
-3.380413 3.772829 0.001612
-3.489572 3.663671 0.001612
-3.598730 3.554512 0.001612
-3.598730 3.403256 0.001612
-3.598730 3.252001 0.001612
-3.598730 3.100745 0.001612
-3.598730 2.949489 0.001612
-3.598730 2.798233 0.001612
-3.598730 2.646977 0.001612
-3.598730 2.495721 0.001612
-3.598730 2.344466 0.001612
-3.598730 2.193210 0.001612
-3.598730 2.041954 0.001612
-3.598730 1.890698 0.001612
-3.598730 1.739442 0.001612
-3.598730 1.588186 0.001612
-3.598730 1.436930 0.001612
-3.598730 1.285675 0.001612
-3.598730 1.134419 0.001612
-3.598730 0.983163 0.001612
-3.598730 0.831907 0.001612
-3.598730 0.680651 0.001612
-3.598730 0.529395 0.001612
-3.598730 0.378140 0.001612
-3.598730 0.226884 0.001612
-3.598730 0.075628 0.001612
-3.598730 -0.075628 0.001612
-3.598730 -0.226884 0.001612
-3.598730 -0.378140 0.001612
-3.598730 -0.529395 0.001612
-3.598730 -0.680651 0.001612
-3.598730 -0.831907 0.001612
-3.598730 -0.983163 0.001612
-3.598730 -1.134419 0.001612
-3.598730 -1.285675 0.001612
-3.598730 -1.436930 0.001612
-3.598730 -1.588186 0.001612
-3.598730 -1.739442 0.001612
-3.598730 -1.890698 0.001612
-3.598730 -2.041954 0.001612
-3.598730 -2.193210 0.001612
-3.598730 -2.344466 0.001612
-3.598730 -2.495721 0.001612
-3.598730 -2.646977 0.001612
-3.598730 -2.798233 0.001612
-3.598730 -2.949489 0.001612
-3.598730 -3.100745 0.001612
-3.598730 -3.252001 0.001612
-3.598730 -3.403256 0.001612
-3.598730 -3.554512 0.001612
-3.489572 -3.663671 0.001612
-3.380413 -3.772829 0.001612
-3.271255 -3.881988 0.001612
-3.162096 -3.991146 0.001612
-3.052938 -4.100305 0.001612
-2.943779 -4.209463 0.001612
-2.834621 -4.318622 0.001612
-2.725462 -4.427780 0.001612
-2.616304 -4.536939 0.001612
-2.507145 -4.646097 0.001612
-2.397987 -4.755256 0.001612
-2.288828 -4.864414 0.001612
-2.179670 -4.973573 0.001612
-2.070511 -5.082731 0.001612
-1.961353 -5.191890 0.001612
-1.852194 -5.301048 0.001612
-1.743036 -5.410207 0.001612
-1.633877 -5.519365 0.001612
-1.478270 -5.519365 0.001612
-1.322663 -5.519365 0.001612
-1.167055 -5.519365 0.001612
-1.011448 -5.519365 0.001612
-0.855841 -5.519365 0.001612
-0.700233 -5.519365 0.001612
-0.544626 -5.519365 0.001612
-0.389018 -5.519365 0.001612
-0.233411 -5.519365 0.001612
-0.077804 -5.519365 0.001612
0.077804 -5.519365 0.001612
0.233411 -5.519365 0.001612
0.389018 -5.519365 0.001612
0.544626 -5.519365 0.001612
0.700233 -5.519365 0.001612
0.855841 -5.519365 0.001612
1.011448 -5.519365 0.001612
1.167055 -5.519365 0.001612
1.322663 -5.519365 0.001612
1.478270 -5.519365 0.001612
1.633877 -5.519365 0.001612
1.743036 -5.410207 0.001612
1.852194 -5.301048 0.001612
1.961353 -5.191890 0.001612
2.070511 -5.082731 0.001612
2.179670 -4.973573 0.001612
2.288828 -4.864414 0.001612
2.397987 -4.755256 0.001612
2.507145 -4.646097 0.001612
2.616304 -4.536939 0.001612
2.725462 -4.427780 0.001612
2.834621 -4.318622 0.001612
2.943779 -4.209463 0.001612
3.052938 -4.100305 0.001612
3.162096 -3.991146 0.001612
3.271255 -3.881988 0.001612
3.380413 -3.772829 0.001612
3.489572 -3.663671 0.001612
3.598730 -3.554512 0.001612
3.598730 -3.403256 0.001612
3.598730 -3.252001 0.001612
3.598730 -3.100745 0.001612
3.598730 -2.949489 0.001612
3.598730 -2.798233 0.001612
3.598730 -2.646977 0.001612
3.598730 -2.495721 0.001612
3.598730 -2.344466 0.001612
3.598730 -2.193210 0.001612
3.598730 -2.041954 0.001612
3.598730 -1.890698 0.001612
3.598730 -1.739442 0.001612
3.598730 -1.588186 0.001612
3.598730 -1.436930 0.001612
3.598730 -1.285675 0.001612
3.598730 -1.134419 0.001612
3.598730 -0.983163 0.001612
3.598730 -0.831907 0.001612
3.598730 -0.680651 0.001612
3.598730 -0.529395 0.001612
3.598730 -0.378140 0.001612
3.598730 -0.226884 0.001612
3.598730 -0.075628 0.001612
3.598730 0.075628 0.001612
3.598730 0.226884 0.001612
3.598730 0.378140 0.001612
3.598730 0.529395 0.001612
3.598730 0.680651 0.001612
3.598730 0.831907 0.001612
3.598730 0.983163 0.001612
3.598730 1.134419 0.001612
3.598730 1.285675 0.001612
3.598730 1.436930 0.001612
3.598730 1.588186 0.001612
3.598730 1.739442 0.001612
3.598730 1.890698 0.001612
3.598730 2.041954 0.001612
3.598730 2.193210 0.001612
3.598730 2.344466 0.001612
3.598730 2.495721 0.001612
3.598730 2.646977 0.001612
3.598730 2.798233 0.001612
3.598730 2.949489 0.001612
3.598730 3.100745 0.001612
3.598730 3.252001 0.001612
3.598730 3.403256 0.001612
2.118730 3.004218 0.000804
1.999423 3.123525 0.000804
1.880117 3.242831 0.000804
1.760810 3.362138 0.000804
1.641503 3.481445 0.000804
1.522196 3.600752 0.000804
1.402890 3.720058 0.000804
1.283583 3.839365 0.000804
1.132573 3.839365 0.000804
0.981563 3.839365 0.000804
0.830554 3.839365 0.000804
0.679544 3.839365 0.000804
0.528534 3.839365 0.000804
0.377524 3.839365 0.000804
0.226515 3.839365 0.000804
0.075505 3.839365 0.000804
-0.075505 3.839365 0.000804
-0.226515 3.839365 0.000804
-0.377524 3.839365 0.000804
-0.528534 3.839365 0.000804
-0.679544 3.839365 0.000804
-0.830554 3.839365 0.000804
-0.981563 3.839365 0.000804
-1.132573 3.839365 0.000804
-1.283583 3.839365 0.000804
-1.402890 3.720058 0.000804
-1.522196 3.600752 0.000804
-1.641503 3.481445 0.000804
-1.760810 3.362138 0.000804
-1.880117 3.242831 0.000804
-1.999423 3.123525 0.000804
-2.118730 3.004218 0.000804
-2.118730 2.854007 0.000804
-2.118730 2.703796 0.000804
-2.118730 2.553585 0.000804
-2.118730 2.403374 0.000804
-2.118730 2.253163 0.000804
-2.118730 2.102953 0.000804
-2.118730 1.952742 0.000804
-2.118730 1.802531 0.000804
-2.118730 1.652320 0.000804
-2.118730 1.502109 0.000804
-2.118730 1.351898 0.000804
-2.118730 1.201687 0.000804
-2.118730 1.051476 0.000804
-2.118730 0.901265 0.000804
-2.118730 0.751054 0.000804
-2.118730 0.600844 0.000804
-2.118730 0.450633 0.000804
-2.118730 0.300422 0.000804
-2.118730 0.150211 0.000804
-2.118730 0.000000 0.000804
-2.118730 -0.150211 0.000804
-2.118730 -0.300422 0.000804
-2.118730 -0.450633 0.000804
-2.118730 -0.600844 0.000804
-2.118730 -0.751054 0.000804
-2.118730 -0.901265 0.000804
-2.118730 -1.051476 0.000804
-2.118730 -1.201687 0.000804
-2.118730 -1.351898 0.000804
-2.118730 -1.502109 0.000804
-2.118730 -1.652320 0.000804
-2.118730 -1.802531 0.000804
-2.118730 -1.952742 0.000804
-2.118730 -2.102953 0.000804
-2.118730 -2.253163 0.000804
-2.118730 -2.403374 0.000804
-2.118730 -2.553585 0.000804
-2.118730 -2.703796 0.000804
-2.118730 -2.854007 0.000804
-2.118730 -3.004218 0.000804
-1.999423 -3.123525 0.000804
-1.880117 -3.242831 0.000804
-1.760810 -3.362138 0.000804
-1.641503 -3.481445 0.000804
-1.522196 -3.600752 0.000804
-1.402890 -3.720058 0.000804
-1.283583 -3.839365 0.000804
-1.132573 -3.839365 0.000804
-0.981563 -3.839365 0.000804
-0.830554 -3.839365 0.000804
-0.679544 -3.839365 0.000804
-0.528534 -3.839365 0.000804
-0.377524 -3.839365 0.000804
-0.226515 -3.839365 0.000804
-0.075505 -3.839365 0.000804
0.075505 -3.839365 0.000804
0.226515 -3.839365 0.000804
0.377524 -3.839365 0.000804
0.528534 -3.839365 0.000804
0.679544 -3.839365 0.000804
0.830554 -3.839365 0.000804
0.981563 -3.839365 0.000804
1.132573 -3.839365 0.000804
1.283583 -3.839365 0.000804
1.402890 -3.720058 0.000804
1.522196 -3.600752 0.000804
1.641503 -3.481445 0.000804
1.760810 -3.362138 0.000804
1.880117 -3.242831 0.000804
1.999423 -3.123525 0.000804
2.118730 -3.004218 0.000804
2.118730 -2.854007 0.000804
2.118730 -2.703796 0.000804
2.118730 -2.553585 0.000804
2.118730 -2.403374 0.000804
2.118730 -2.253163 0.000804
2.118730 -2.102953 0.000804
2.118730 -1.952742 0.000804
2.118730 -1.802531 0.000804
2.118730 -1.652320 0.000804
2.118730 -1.502109 0.000804
2.118730 -1.351898 0.000804
2.118730 -1.201687 0.000804
2.118730 -1.051476 0.000804
2.118730 -0.901265 0.000804
2.118730 -0.751054 0.000804
2.118730 -0.600844 0.000804
2.118730 -0.450633 0.000804
2.118730 -0.300422 0.000804
2.118730 -0.150211 0.000804
2.118730 0.000000 0.000804
2.118730 0.150211 0.000804
2.118730 0.300422 0.000804
2.118730 0.450633 0.000804
2.118730 0.600844 0.000804
2.118730 0.751054 0.000804
2.118730 0.901265 0.000804
2.118730 1.051476 0.000804
2.118730 1.201687 0.000804
2.118730 1.351898 0.000804
2.118730 1.502109 0.000804
2.118730 1.652320 0.000804
2.118730 1.802531 0.000804
2.118730 1.952742 0.000804
2.118730 2.102953 0.000804
2.118730 2.253163 0.000804
2.118730 2.403374 0.000804
2.118730 2.553585 0.000804
2.118730 2.703796 0.000804
2.118730 2.854007 0.000804
