3.471746 3.091020 0.001612
3.362588 3.200179 0.001612
3.253429 3.309337 0.001612
3.144271 3.418496 0.001612
3.035112 3.527654 0.001612
2.925954 3.636813 0.001612
2.816795 3.745971 0.001612
2.707637 3.855130 0.001612
2.598478 3.964288 0.001612
2.489320 4.073447 0.001612
2.380161 4.182605 0.001612
2.271003 4.291764 0.001612
2.161844 4.400922 0.001612
2.052686 4.510081 0.001612
1.943527 4.619239 0.001612
1.834369 4.728398 0.001612
1.725210 4.837556 0.001612
1.616052 4.946715 0.001612
1.506893 5.055873 0.001612
1.356204 5.055873 0.001612
1.205515 5.055873 0.001612
1.054825 5.055873 0.001612
0.904136 5.055873 0.001612
0.753447 5.055873 0.001612
0.602757 5.055873 0.001612
0.452068 5.055873 0.001612
0.301379 5.055873 0.001612
0.150689 5.055873 0.001612
0.000000 5.055873 0.001612
-0.150689 5.055873 0.001612
-0.301379 5.055873 0.001612
-0.452068 5.055873 0.001612
-0.602757 5.055873 0.001612
-0.753447 5.055873 0.001612
-0.904136 5.055873 0.001612
-1.054825 5.055873 0.001612
-1.205515 5.055873 0.001612
-1.356204 5.055873 0.001612
-1.506893 5.055873 0.001612
-1.616052 4.946715 0.001612
-1.725210 4.837556 0.001612
-1.834369 4.728398 0.001612
-1.943527 4.619239 0.001612
-2.052686 4.510081 0.001612
-2.161844 4.400922 0.001612
-2.271003 4.291764 0.001612
-2.380161 4.182605 0.001612
-2.489320 4.073447 0.001612
-2.598478 3.964288 0.001612
-2.707637 3.855130 0.001612
-2.816795 3.745971 0.001612
-2.925954 3.636813 0.001612
-3.035112 3.527654 0.001612
-3.144271 3.418496 0.001612
-3.253429 3.309337 0.001612
-3.362588 3.200179 0.001612
-3.471746 3.091020 0.001612
-3.471746 2.940239 0.001612
-3.471746 2.789457 0.001612
-3.471746 2.638676 0.001612
-3.471746 2.487894 0.001612
-3.471746 2.337113 0.001612
-3.471746 2.186331 0.001612
-3.471746 2.035550 0.001612
-3.471746 1.884768 0.001612
-3.471746 1.733987 0.001612
-3.471746 1.583205 0.001612
-3.471746 1.432424 0.001612
-3.471746 1.281643 0.001612
-3.471746 1.130861 0.001612
-3.471746 0.980080 0.001612
-3.471746 0.829298 0.001612
-3.471746 0.678517 0.001612
-3.471746 0.527735 0.001612
-3.471746 0.376954 0.001612
-3.471746 0.226172 0.001612
-3.471746 0.075391 0.001612
-3.471746 -0.075391 0.001612
-3.471746 -0.226172 0.001612
-3.471746 -0.376954 0.001612
-3.471746 -0.527735 0.001612
-3.471746 -0.678517 0.001612
-3.471746 -0.829298 0.001612
-3.471746 -0.980080 0.001612
-3.471746 -1.130861 0.001612
-3.471746 -1.281643 0.001612
-3.471746 -1.432424 0.001612
-3.471746 -1.583205 0.001612
-3.471746 -1.733987 0.001612
-3.471746 -1.884768 0.001612
-3.471746 -2.035550 0.001612
-3.471746 -2.186331 0.001612
-3.471746 -2.337113 0.001612
-3.471746 -2.487894 0.001612
-3.471746 -2.638676 0.001612
-3.471746 -2.789457 0.001612
-3.471746 -2.940239 0.001612
-3.471746 -3.091020 0.001612
-3.362588 -3.200179 0.001612
-3.253429 -3.309337 0.001612
-3.144271 -3.418496 0.001612
-3.035112 -3.527654 0.001612
-2.925954 -3.636813 0.001612
-2.816795 -3.745971 0.001612
-2.707637 -3.855130 0.001612
-2.598478 -3.964288 0.001612
-2.489320 -4.073447 0.001612
-2.380161 -4.182605 0.001612
-2.271003 -4.291764 0.001612
-2.161844 -4.400922 0.001612
-2.052686 -4.510081 0.001612
-1.943527 -4.619239 0.001612
-1.834369 -4.728398 0.001612
-1.725210 -4.837556 0.001612
-1.616052 -4.946715 0.001612
-1.506893 -5.055873 0.001612
-1.356204 -5.055873 0.001612
-1.205515 -5.055873 0.001612
-1.054825 -5.055873 0.001612
-0.904136 -5.055873 0.001612
-0.753447 -5.055873 0.001612
-0.602757 -5.055873 0.001612
-0.452068 -5.055873 0.001612
-0.301379 -5.055873 0.001612
-0.150689 -5.055873 0.001612
0.000000 -5.055873 0.001612
0.150689 -5.055873 0.001612
0.301379 -5.055873 0.001612
0.452068 -5.055873 0.001612
0.602757 -5.055873 0.001612
0.753447 -5.055873 0.001612
0.904136 -5.055873 0.001612
1.054825 -5.055873 0.001612
1.205515 -5.055873 0.001612
1.356204 -5.055873 0.001612
1.506893 -5.055873 0.001612
1.616052 -4.946715 0.001612
1.725210 -4.837556 0.001612
1.834369 -4.728398 0.001612
1.943527 -4.619239 0.001612
2.052686 -4.510081 0.001612
2.161844 -4.400922 0.001612
2.271003 -4.291764 0.001612
2.380161 -4.182605 0.001612
2.489320 -4.073447 0.001612
2.598478 -3.964288 0.001612
2.707637 -3.855130 0.001612
2.816795 -3.745971 0.001612
2.925954 -3.636813 0.001612
3.035112 -3.527654 0.001612
3.144271 -3.418496 0.001612
3.253429 -3.309337 0.001612
3.362588 -3.200179 0.001612
3.471746 -3.091020 0.001612
3.471746 -2.940239 0.001612
3.471746 -2.789457 0.001612
3.471746 -2.638676 0.001612
3.471746 -2.487894 0.001612
3.471746 -2.337113 0.001612
3.471746 -2.186331 0.001612
3.471746 -2.035550 0.001612
3.471746 -1.884768 0.001612
3.471746 -1.733987 0.001612
3.471746 -1.583205 0.001612
3.471746 -1.432424 0.001612
3.471746 -1.281643 0.001612
3.471746 -1.130861 0.001612
3.471746 -0.980080 0.001612
3.471746 -0.829298 0.001612
3.471746 -0.678517 0.001612
3.471746 -0.527735 0.001612
3.471746 -0.376954 0.001612
3.471746 -0.226172 0.001612
3.471746 -0.075391 0.001612
3.471746 0.075391 0.001612
3.471746 0.226172 0.001612
3.471746 0.376954 0.001612
3.471746 0.527735 0.001612
3.471746 0.678517 0.001612
3.471746 0.829298 0.001612
3.471746 0.980080 0.001612
3.471746 1.130861 0.001612
3.471746 1.281643 0.001612
3.471746 1.432424 0.001612
3.471746 1.583205 0.001612
3.471746 1.733987 0.001612
3.471746 1.884768 0.001612
3.471746 2.035550 0.001612
3.471746 2.186331 0.001612
3.471746 2.337113 0.001612
3.471746 2.487894 0.001612
3.471746 2.638676 0.001612
3.471746 2.789457 0.001612
3.471746 2.940239 0.001612
1.991746 2.540726 0.000804
1.872439 2.660033 0.000804
1.753133 2.779339 0.000804
1.633826 2.898646 0.000804
1.514519 3.017953 0.000804
1.395212 3.137260 0.000804
1.275906 3.256566 0.000804
1.156599 3.375873 0.000804
1.002386 3.375873 0.000804
0.848172 3.375873 0.000804
0.693959 3.375873 0.000804
0.539746 3.375873 0.000804
0.385533 3.375873 0.000804
0.231320 3.375873 0.000804
0.077107 3.375873 0.000804
-0.077107 3.375873 0.000804
-0.231320 3.375873 0.000804
-0.385533 3.375873 0.000804
-0.539746 3.375873 0.000804
-0.693959 3.375873 0.000804
-0.848172 3.375873 0.000804
-1.002386 3.375873 0.000804
-1.156599 3.375873 0.000804
-1.275906 3.256566 0.000804
-1.395212 3.137260 0.000804
-1.514519 3.017953 0.000804
-1.633826 2.898646 0.000804
-1.753133 2.779339 0.000804
-1.872439 2.660033 0.000804
-1.991746 2.540726 0.000804
-1.991746 2.386742 0.000804
-1.991746 2.232759 0.000804
-1.991746 2.078776 0.000804
-1.991746 1.924792 0.000804
-1.991746 1.770809 0.000804
-1.991746 1.616826 0.000804
-1.991746 1.462842 0.000804
-1.991746 1.308859 0.000804
-1.991746 1.154875 0.000804
-1.991746 1.000892 0.000804
-1.991746 0.846909 0.000804
-1.991746 0.692925 0.000804
-1.991746 0.538942 0.000804
-1.991746 0.384958 0.000804
-1.991746 0.230975 0.000804
-1.991746 0.076992 0.000804
-1.991746 -0.076992 0.000804
-1.991746 -0.230975 0.000804
-1.991746 -0.384958 0.000804
-1.991746 -0.538942 0.000804
-1.991746 -0.692925 0.000804
-1.991746 -0.846909 0.000804
-1.991746 -1.000892 0.000804
-1.991746 -1.154875 0.000804
-1.991746 -1.308859 0.000804
-1.991746 -1.462842 0.000804
-1.991746 -1.616826 0.000804
-1.991746 -1.770809 0.000804
-1.991746 -1.924792 0.000804
-1.991746 -2.078776 0.000804
-1.991746 -2.232759 0.000804
-1.991746 -2.386742 0.000804
-1.991746 -2.540726 0.000804
-1.872439 -2.660033 0.000804
-1.753133 -2.779339 0.000804
-1.633826 -2.898646 0.000804
-1.514519 -3.017953 0.000804
-1.395212 -3.137260 0.000804
-1.275906 -3.256566 0.000804
-1.156599 -3.375873 0.000804
-1.002386 -3.375873 0.000804
-0.848172 -3.375873 0.000804
-0.693959 -3.375873 0.000804
-0.539746 -3.375873 0.000804
-0.385533 -3.375873 0.000804
-0.231320 -3.375873 0.000804
-0.077107 -3.375873 0.000804
0.077107 -3.375873 0.000804
0.231320 -3.375873 0.000804
0.385533 -3.375873 0.000804
0.539746 -3.375873 0.000804
0.693959 -3.375873 0.000804
0.848172 -3.375873 0.000804
1.002386 -3.375873 0.000804
1.156599 -3.375873 0.000804
1.275906 -3.256566 0.000804
1.395212 -3.137260 0.000804
1.514519 -3.017953 0.000804
1.633826 -2.898646 0.000804
1.753133 -2.779339 0.000804
1.872439 -2.660033 0.000804
1.991746 -2.540726 0.000804
1.991746 -2.386742 0.000804
1.991746 -2.232759 0.000804
1.991746 -2.078776 0.000804
1.991746 -1.924792 0.000804
1.991746 -1.770809 0.000804
1.991746 -1.616826 0.000804
1.991746 -1.462842 0.000804
1.991746 -1.308859 0.000804
1.991746 -1.154875 0.000804
1.991746 -1.000892 0.000804
1.991746 -0.846909 0.000804
1.991746 -0.692925 0.000804
1.991746 -0.538942 0.000804
1.991746 -0.384958 0.000804
1.991746 -0.230975 0.000804
1.991746 -0.076992 0.000804
1.991746 0.076992 0.000804
1.991746 0.230975 0.000804
1.991746 0.384958 0.000804
1.991746 0.538942 0.000804
1.991746 0.692925 0.000804
1.991746 0.846909 0.000804
1.991746 1.000892 0.000804
1.991746 1.154875 0.000804
1.991746 1.308859 0.000804
1.991746 1.462842 0.000804
1.991746 1.616826 0.000804
1.991746 1.770809 0.000804
1.991746 1.924792 0.000804
1.991746 2.078776 0.000804
1.991746 2.232759 0.000804
1.991746 2.386742 0.000804
