3.375738 3.155645 0.018690
3.155469 3.375915 0.018690
2.935199 3.596184 0.018690
2.714929 3.816454 0.018690
2.494660 4.036723 0.018690
2.274390 4.256993 0.018690
2.054121 4.477263 0.018690
1.833851 4.697532 0.018690
1.613581 4.917802 0.018690
1.353102 5.027937 0.018041
1.052413 5.027937 0.018041
0.751723 5.027937 0.018041
0.451034 5.027937 0.018041
0.150345 5.027937 0.018041
-0.150345 5.027937 0.018041
-0.451034 5.027937 0.018041
-0.751723 5.027937 0.018041
-1.052413 5.027937 0.018041
-1.353102 5.027937 0.018041
-1.613581 4.917802 0.018690
-1.833851 4.697532 0.018690
-2.054121 4.477263 0.018690
-2.274390 4.256993 0.018690
-2.494660 4.036723 0.018690
-2.714929 3.816454 0.018690
-2.935199 3.596184 0.018690
-3.155469 3.375915 0.018690
-3.375738 3.155645 0.018690
-3.485873 2.893235 0.018273
-3.485873 2.588684 0.018273
-3.485873 2.284133 0.018273
-3.485873 1.979582 0.018273
-3.485873 1.675031 0.018273
-3.485873 1.370480 0.018273
-3.485873 1.065929 0.018273
-3.485873 0.761378 0.018273
-3.485873 0.456827 0.018273
-3.485873 0.152276 0.018273
-3.485873 -0.152276 0.018273
-3.485873 -0.456827 0.018273
-3.485873 -0.761378 0.018273
-3.485873 -1.065929 0.018273
-3.485873 -1.370480 0.018273
-3.485873 -1.675031 0.018273
-3.485873 -1.979582 0.018273
-3.485873 -2.284133 0.018273
-3.485873 -2.588684 0.018273
-3.485873 -2.893235 0.018273
-3.375738 -3.155645 0.018690
-3.155469 -3.375915 0.018690
-2.935199 -3.596184 0.018690
-2.714929 -3.816454 0.018690
-2.494660 -4.036723 0.018690
-2.274390 -4.256993 0.018690
-2.054121 -4.477263 0.018690
-1.833851 -4.697532 0.018690
-1.613581 -4.917802 0.018690
-1.353102 -5.027937 0.018041
-1.052413 -5.027937 0.018041
-0.751723 -5.027937 0.018041
-0.451034 -5.027937 0.018041
-0.150345 -5.027937 0.018041
0.150345 -5.027937 0.018041
0.451034 -5.027937 0.018041
0.751723 -5.027937 0.018041
1.052413 -5.027937 0.018041
1.353102 -5.027937 0.018041
1.613581 -4.917802 0.018690
1.833851 -4.697532 0.018690
2.054121 -4.477263 0.018690
2.274390 -4.256993 0.018690
2.494660 -4.036723 0.018690
2.714929 -3.816454 0.018690
2.935199 -3.596184 0.018690
3.155469 -3.375915 0.018690
3.375738 -3.155645 0.018690
3.485873 -2.893235 0.018273
3.485873 -2.588684 0.018273
3.485873 -2.284133 0.018273
3.485873 -1.979582 0.018273
3.485873 -1.675031 0.018273
3.485873 -1.370480 0.018273
3.485873 -1.065929 0.018273
3.485873 -0.761378 0.018273
3.485873 -0.456827 0.018273
3.485873 -0.152276 0.018273
3.485873 0.152276 0.018273
3.485873 0.456827 0.018273
3.485873 0.761378 0.018273
3.485873 1.065929 0.018273
3.485873 1.370480 0.018273
3.485873 1.675031 0.018273
3.485873 1.979582 0.018273
3.485873 2.284133 0.018273
3.485873 2.588684 0.018273
3.485873 2.893235 0.018273
1.809611 2.606625 0.023124
1.537086 2.879150 0.023124
1.264562 3.151674 0.023124
0.967114 3.287937 0.019342
0.644743 3.287937 0.019342
0.322371 3.287937 0.019342
-0.000000 3.287937 0.019342
-0.322371 3.287937 0.019342
-0.644743 3.287937 0.019342
-0.967114 3.287937 0.019342
-1.264562 3.151674 0.023124
-1.537086 2.879150 0.023124
-1.809611 2.606625 0.023124
-1.945873 2.315965 0.018528
-1.945873 2.007170 0.018528
-1.945873 1.698375 0.018528
-1.945873 1.389579 0.018528
-1.945873 1.080784 0.018528
-1.945873 0.771988 0.018528
-1.945873 0.463193 0.018528
-1.945873 0.154398 0.018528
-1.945873 -0.154398 0.018528
-1.945873 -0.463193 0.018528
-1.945873 -0.771988 0.018528
-1.945873 -1.080784 0.018528
-1.945873 -1.389579 0.018528
-1.945873 -1.698375 0.018528
-1.945873 -2.007170 0.018528
-1.945873 -2.315965 0.018528
-1.809611 -2.606625 0.023124
-1.537086 -2.879150 0.023124
-1.264562 -3.151674 0.023124
-0.967114 -3.287937 0.019342
-0.644743 -3.287937 0.019342
-0.322371 -3.287937 0.019342
0.000000 -3.287937 0.019342
0.322371 -3.287937 0.019342
0.644743 -3.287937 0.019342
0.967114 -3.287937 0.019342
1.264562 -3.151674 0.023124
1.537086 -2.879150 0.023124
1.809611 -2.606625 0.023124
1.945873 -2.315965 0.018528
1.945873 -2.007170 0.018528
1.945873 -1.698375 0.018528
1.945873 -1.389579 0.018528
1.945873 -1.080784 0.018528
1.945873 -0.771988 0.018528
1.945873 -0.463193 0.018528
1.945873 -0.154398 0.018528
1.945873 0.154398 0.018528
1.945873 0.463193 0.018528
1.945873 0.771988 0.018528
1.945873 1.080784 0.018528
1.945873 1.389579 0.018528
1.945873 1.698375 0.018528
1.945873 2.007170 0.018528
1.945873 2.315965 0.018528
