13001	13001	13002	24.7	32500000	13541667	74.11	65.02	43.33	13001
13002	13002	13003	24.7	32500000	13541667	74.11	65.02	43.33	13002
13003	13003	13004	24.7	32500000	13541667	74.11	65.02	43.33	13003
13004	13004	13005	24.7	32500000	13541667	74.11	65.02	43.33	13004
13005	13005	13006	24.7	32500000	13541667	74.11	65.02	43.33	13005
13006	13006	13007	24.7	32500000	13541667	74.11	65.02	43.33	13006
13007	13007	13008	24.7	32500000	13541667	74.11	65.02	43.33	13007
13008	13008	13009	24.7	32500000	13541667	74.11	65.02	43.33	13008
13009	13009	13010	24.7	32500000	13541667	74.11	65.02	43.33	13009
13010	13010	13011	24.7	32500000	13541667	74.11	65.02	43.33	13010
23001	23001	23002	21.977421	32500000	13541667	62.33	56.77	29.07	23001
23002	23002	23003	21.977421	32500000	13541667	62.33	56.77	29.07	23002
23003	23003	23004	21.977421	32500000	13541667	62.33	56.77	29.07	23003
23004	23004	23005	21.977421	32500000	13541667	62.33	56.77	29.07	23004
23005	23005	23006	21.977421	32500000	13541667	62.33	56.77	29.07	23005
23006	23006	23007	21.977421	32500000	13541667	62.33	56.77	29.07	23006
23007	23007	23008	21.977421	32500000	13541667	62.33	56.77	29.07	23007
23008	23008	23009	21.977421	32500000	13541667	62.33	56.77	29.07	23008
23009	23009	23010	21.977421	32500000	13541667	62.33	56.77	29.07	23009
23010	23010	23011	21.977421	32500000	13541667	62.33	56.77	29.07	23010
33001	33001	33002	21.977421	32500000	13541667	62.33	56.77	29.07	33001
33002	33002	33003	21.977421	32500000	13541667	62.33	56.77	29.07	33002
33003	33003	33004	21.977421	32500000	13541667	62.33	56.77	29.07	33003
33004	33004	33005	21.977421	32500000	13541667	62.33	56.77	29.07	33004
33005	33005	33006	21.977421	32500000	13541667	62.33	56.77	29.07	33005
33006	33006	33007	21.977421	32500000	13541667	62.33	56.77	29.07	33006
33007	33007	33008	21.977421	32500000	13541667	62.33	56.77	29.07	33007
33008	33008	33009	21.977421	32500000	13541667	62.33	56.77	29.07	33008
33009	33009	33010	21.977421	32500000	13541667	62.33	56.77	29.07	33009
33010	33010	33011	21.977421	32500000	13541667	62.33	56.77	29.07	33010
34001	34001	34002	37.75	32500000	13541667	268.4	100.4	374.2	34001
34002	34002	34003	37.75	32500000	13541667	268.4	100.4	374.2	34002
34003	34003	34004	37.75	32500000	13541667	268.4	100.4	374.2	34003
34004	34004	34005	37.75	32500000	13541667	268.4	100.4	374.2	34004
34005	34005	34006	37.75	32500000	13541667	268.4	100.4	374.2	34005
34006	34006	34007	37.75	32500000	13541667	268.4	100.4	374.2	34006
34007	34007	34008	37.75	32500000	13541667	268.4	100.4	374.2	34007
34008	34008	34009	37.75	32500000	13541667	268.4	100.4	374.2	34008
34009	34009	34010	37.75	32500000	13541667	268.4	100.4	374.2	34009
34010	34010	34011	37.75	32500000	13541667	268.4	100.4	374.2	34010
43001	41082	43001	26	35500000	14791667	241	117.7	198.4	43001
43002	43001	43002	26	35500000	14791667	241	117.7	198.4	43002
43003	43002	43003	26	35500000	14791667	241	117.7	198.4	43003
43004	43003	43004	26	35500000	14791667	241	117.7	198.4	43004
43005	43004	43005	26	35500000	14791667	241	117.7	198.4	43005
43006	43005	43006	26	35500000	14791667	241	117.7	198.4	43006
43007	43006	43007	26	35500000	14791667	241	117.7	198.4	43007
43008	43007	43008	26	35500000	14791667	241	117.7	198.4	43008
43009	43008	43009	26	35500000	14791667	241	117.7	198.4	43009
43010	43009	43010	26	35500000	14791667	241	117.7	198.4	43010
43011	43010	43011	26	35500000	14791667	241	117.7	198.4	43011
43012	43011	43012	26	35500000	14791667	241	117.7	198.4	43012
43013	43012	43013	26	35500000	14791667	241	117.7	198.4	43013
43014	43013	42082	26	35500000	14791667	241	117.7	198.4	43014
44001	41019	44001	34	35500000	14791667	567.1	297	437.7	44001
44002	44001	44002	34	35500000	14791667	567.1	297	437.7	44002
44003	44002	44003	34	35500000	14791667	567.1	297	437.7	44003
44004	44003	44004	34	35500000	14791667	567.1	297	437.7	44004
44005	44004	44005	34	35500000	14791667	567.1	297	437.7	44005
44006	44005	44006	34	35500000	14791667	567.1	297	437.7	44006
44007	44006	44007	34	35500000	14791667	567.1	297	437.7	44007
44008	44007	44008	34	35500000	14791667	567.1	297	437.7	44008
44009	44008	44009	34	35500000	14791667	567.1	297	437.7	44009
44010	44009	44010	34	35500000	14791667	567.1	297	437.7	44010
44011	44010	44011	34	35500000	14791667	567.1	297	437.7	44011
44012	44011	44012	34	35500000	14791667	567.1	297	437.7	44012
44013	44012	44013	34	35500000	14791667	567.1	297	437.7	44013
44014	44013	44014	34	35500000	14791667	567.1	297	437.7	44014
44015	44014	44015	34	35500000	14791667	567.1	297	437.7	44015
44016	44015	44016	34	35500000	14791667	567.1	297	437.7	44016
44017	44016	44017	34	35500000	14791667	567.1	297	437.7	44017
44018	44017	44018	34	35500000	14791667	567.1	297	437.7	44018
44019	44018	44019	34	35500000	14791667	567.1	297	437.7	44019
44020	44019	44020	34	35500000	14791667	567.1	297	437.7	44020
44021	44020	44021	34	35500000	14791667	567.1	297	437.7	44021
44022	44021	42019	34	35500000	14791667	567.1	297	437.7	44022
53001	51078	53001	26	35500000	14791667	241	117.7	198.4	53001
53002	53001	53002	26	35500000	14791667	241	117.7	198.4	53002
53003	53002	53003	26	35500000	14791667	241	117.7	198.4	53003
53004	53003	53004	26	35500000	14791667	241	117.7	198.4	53004
53005	53004	53005	26	35500000	14791667	241	117.7	198.4	53005
53006	53005	53006	26	35500000	14791667	241	117.7	198.4	53006
53007	53006	53007	26	35500000	14791667	241	117.7	198.4	53007
53008	53007	53008	26	35500000	14791667	241	117.7	198.4	53008
53009	53008	53009	26	35500000	14791667	241	117.7	198.4	53009
53010	53009	53010	26	35500000	14791667	241	117.7	198.4	53010
53011	53010	53011	26	35500000	14791667	241	117.7	198.4	53011
53012	53011	53012	26	35500000	14791667	241	117.7	198.4	53012
53013	53012	53013	26	35500000	14791667	241	117.7	198.4	53013
53014	53013	52078	26	35500000	14791667	241	117.7	198.4	53014
54001	51015	54001	34	35500000	14791667	567.1	297	437.7	54001
54002	54001	54002	34	35500000	14791667	567.1	297	437.7	54002
54003	54002	54003	34	35500000	14791667	567.1	297	437.7	54003
54004	54003	54004	34	35500000	14791667	567.1	297	437.7	54004
54005	54004	54005	34	35500000	14791667	567.1	297	437.7	54005
54006	54005	54006	34	35500000	14791667	567.1	297	437.7	54006
54007	54006	54007	34	35500000	14791667	567.1	297	437.7	54007
54008	54007	54008	34	35500000	14791667	567.1	297	437.7	54008
54009	54008	54009	34	35500000	14791667	567.1	297	437.7	54009
54010	54009	54010	34	35500000	14791667	567.1	297	437.7	54010
54011	54010	54011	34	35500000	14791667	567.1	297	437.7	54011
54012	54011	54012	34	35500000	14791667	567.1	297	437.7	54012
54013	54012	54013	34	35500000	14791667	567.1	297	437.7	54013
54014	54013	54014	34	35500000	14791667	567.1	297	437.7	54014
54015	54014	54015	34	35500000	14791667	567.1	297	437.7	54015
54016	54015	54016	34	35500000	14791667	567.1	297	437.7	54016
54017	54016	54017	34	35500000	14791667	567.1	297	437.7	54017
54018	54017	54018	34	35500000	14791667	567.1	297	437.7	54018
54019	54018	54019	34	35500000	14791667	567.1	297	437.7	54019
54020	54019	54020	34	35500000	14791667	567.1	297	437.7	54020
54021	54020	54021	34	35500000	14791667	567.1	297	437.7	54021
54022	54021	52015	34	35500000	14791667	567.1	297	437.7	54022
63001	63001	63002	21.977421	32500000	13541667	62.33	56.77	29.07	63001
63002	63002	63003	21.977421	32500000	13541667	62.33	56.77	29.07	63002
63003	63003	63004	21.977421	32500000	13541667	62.33	56.77	29.07	63003
63004	63004	63005	21.977421	32500000	13541667	62.33	56.77	29.07	63004
63005	63005	63006	21.977421	32500000	13541667	62.33	56.77	29.07	63005
63006	63006	63007	21.977421	32500000	13541667	62.33	56.77	29.07	63006
63007	63007	63008	21.977421	32500000	13541667	62.33	56.77	29.07	63007
63008	63008	63009	21.977421	32500000	13541667	62.33	56.77	29.07	63008
63009	63009	63010	21.977421	32500000	13541667	62.33	56.77	29.07	63009
63010	63010	63011	21.977421	32500000	13541667	62.33	56.77	29.07	63010
73001	73001	73002	21.977421	32500000	13541667	62.33	56.77	29.07	73001
73002	73002	73003	21.977421	32500000	13541667	62.33	56.77	29.07	73002
73003	73003	73004	21.977421	32500000	13541667	62.33	56.77	29.07	73003
73004	73004	73005	21.977421	32500000	13541667	62.33	56.77	29.07	73004
73005	73005	73006	21.977421	32500000	13541667	62.33	56.77	29.07	73005
73006	73006	73007	21.977421	32500000	13541667	62.33	56.77	29.07	73006
73007	73007	73008	21.977421	32500000	13541667	62.33	56.77	29.07	73007
73008	73008	73009	21.977421	32500000	13541667	62.33	56.77	29.07	73008
73009	73009	73010	21.977421	32500000	13541667	62.33	56.77	29.07	73009
73010	73010	73011	21.977421	32500000	13541667	62.33	56.77	29.07	73010
83001	83001	83002	21.977421	32500000	13541667	62.33	56.77	29.07	83001
83002	83002	83003	21.977421	32500000	13541667	62.33	56.77	29.07	83002
83003	83003	83004	21.977421	32500000	13541667	62.33	56.77	29.07	83003
83004	83004	83005	21.977421	32500000	13541667	62.33	56.77	29.07	83004
83005	83005	83006	21.977421	32500000	13541667	62.33	56.77	29.07	83005
83006	83006	83007	21.977421	32500000	13541667	62.33	56.77	29.07	83006
83007	83007	83008	21.977421	32500000	13541667	62.33	56.77	29.07	83007
83008	83008	83009	21.977421	32500000	13541667	62.33	56.77	29.07	83008
83009	83009	83010	21.977421	32500000	13541667	62.33	56.77	29.07	83009
83010	83010	83011	21.977421	32500000	13541667	62.33	56.77	29.07	83010
93001	93001	93002	27.4	32500000	13541667	82.11	71.92	67.64	93001
93002	93002	93003	27.4	32500000	13541667	82.11	71.92	67.64	93002
93003	93003	93004	27.4	32500000	13541667	82.11	71.92	67.64	93003
93004	93004	93005	27.4	32500000	13541667	82.11	71.92	67.64	93004
93005	93005	93006	27.4	32500000	13541667	82.11	71.92	67.64	93005
93006	93006	93007	27.4	32500000	13541667	82.11	71.92	67.64	93006
93007	93007	93008	27.4	32500000	13541667	82.11	71.92	67.64	93007
93008	93008	93009	27.4	32500000	13541667	82.11	71.92	67.64	93008
93009	93009	93010	27.4	32500000	13541667	82.11	71.92	67.64	93009
93010	93010	93011	27.4	32500000	13541667	82.11	71.92	67.64	93010