600001	19001	19002	400	100000000	100000000	100000000	100000000	100000000	13001
600002	19002	19003	400	100000000	100000000	100000000	100000000	100000000	13001
600003	19003	11001	400	100000000	100000000	100000000	100000000	100000000	13001
600004	19003	12001	400	100000000	100000000	100000000	100000000	100000000	13001
600005	11017	13003	400	100000000	100000000	100000000	100000000	100000000	13001
600006	12017	13009	400	100000000	100000000	100000000	100000000	100000000	13001
600007	13002	2301	400	100000000	100000000	100000000	100000000	100000000	13001
600008	13010	2401	400	100000000	100000000	100000000	100000000	100000000	13001
600009	1	2302	400	100000000	100000000	100000000	100000000	100000000	13001
600010	1	2402	400	100000000	100000000	100000000	100000000	100000000	13001
600011	29001	29002	400	100000000	100000000	100000000	100000000	100000000	13001
600012	29002	29003	400	100000000	100000000	100000000	100000000	100000000	13001
600013	29003	21001	400	100000000	100000000	100000000	100000000	100000000	13001
600014	29003	22001	400	100000000	100000000	100000000	100000000	100000000	13001
600015	21021	23003	400	100000000	100000000	100000000	100000000	100000000	13001
600016	22021	23009	400	100000000	100000000	100000000	100000000	100000000	13001
600017	23002	2101	400	100000000	100000000	100000000	100000000	100000000	13001
600018	23010	2201	400	100000000	100000000	100000000	100000000	100000000	13001
600019	18	2102	400	100000000	100000000	100000000	100000000	100000000	13001
600020	18	2202	400	100000000	100000000	100000000	100000000	100000000	13001
600021	39001	39002	400	100000000	100000000	100000000	100000000	100000000	13001
600022	39002	39003	400	100000000	100000000	100000000	100000000	100000000	13001
600023	39003	34006	400	100000000	100000000	100000000	100000000	100000000	13001
600024	34003	31001	400	100000000	100000000	100000000	100000000	100000000	13001
600025	34009	32001	400	100000000	100000000	100000000	100000000	100000000	13001
600026	31017	33003	400	100000000	100000000	100000000	100000000	100000000	13001
600027	32017	33009	400	100000000	100000000	100000000	100000000	100000000	13001
600028	33002	3101	400	100000000	100000000	100000000	100000000	100000000	13001
600029	33010	3201	400	100000000	100000000	100000000	100000000	100000000	13001
600030	36	3102	400	100000000	100000000	100000000	100000000	100000000	13001
600031	36	3202	400	100000000	100000000	100000000	100000000	100000000	13001
600032	49001	49002	400	100000000	100000000	100000000	100000000	100000000	13001
600033	49002	49003	400	100000000	100000000	100000000	100000000	100000000	13001
600034	49003	41001	400	100000000	100000000	100000000	100000000	100000000	13001
600035	49003	42001	400	100000000	100000000	100000000	100000000	100000000	13001
600036	44004	4101	400	100000000	100000000	100000000	100000000	100000000	13001
600037	44018	4201	400	100000000	100000000	100000000	100000000	100000000	13001
600038	111	4102	400	100000000	100000000	100000000	100000000	100000000	13001
600039	111	4202	400	100000000	100000000	100000000	100000000	100000000	13001
600040	59001	59002	400	100000000	100000000	100000000	100000000	100000000	13001
600041	59002	59003	400	100000000	100000000	100000000	100000000	100000000	13001
600042	59003	51001	400	100000000	100000000	100000000	100000000	100000000	13001
600043	59003	52001	400	100000000	100000000	100000000	100000000	100000000	13001
600044	54004	5101	400	100000000	100000000	100000000	100000000	100000000	13001
600045	54018	5201	400	100000000	100000000	100000000	100000000	100000000	13001
600046	335	5102	400	100000000	100000000	100000000	100000000	100000000	13001
600047	335	5202	400	100000000	100000000	100000000	100000000	100000000	13001
600048	69001	69002	400	100000000	100000000	100000000	100000000	100000000	13001
600049	69002	69003	400	100000000	100000000	100000000	100000000	100000000	13001
600050	69003	61001	400	100000000	100000000	100000000	100000000	100000000	13001
600051	69003	62001	400	100000000	100000000	100000000	100000000	100000000	13001
600052	61017	63003	400	100000000	100000000	100000000	100000000	100000000	13001
600053	62017	63009	400	100000000	100000000	100000000	100000000	100000000	13001
600054	63002	6101	400	100000000	100000000	100000000	100000000	100000000	13001
600055	63010	6201	400	100000000	100000000	100000000	100000000	100000000	13001
600056	393	6102	400	100000000	100000000	100000000	100000000	100000000	13001
600057	393	6202	400	100000000	100000000	100000000	100000000	100000000	13001
600058	79001	79002	400	100000000	100000000	100000000	100000000	100000000	13001
600059	79002	79003	400	100000000	100000000	100000000	100000000	100000000	13001
600060	79003	71001	400	100000000	100000000	100000000	100000000	100000000	13001
600061	79003	72001	400	100000000	100000000	100000000	100000000	100000000	13001
600062	71021	73003	400	100000000	100000000	100000000	100000000	100000000	13001
600063	72021	73009	400	100000000	100000000	100000000	100000000	100000000	13001
600064	73002	7101	400	100000000	100000000	100000000	100000000	100000000	13001
600065	73010	7201	400	100000000	100000000	100000000	100000000	100000000	13001
600066	410	7102	400	100000000	100000000	100000000	100000000	100000000	13001
600067	410	7202	400	100000000	100000000	100000000	100000000	100000000	13001
600068	89001	89002	400	100000000	100000000	100000000	100000000	100000000	13001
600069	89002	89003	400	100000000	100000000	100000000	100000000	100000000	13001
600070	89003	81001	400	100000000	100000000	100000000	100000000	100000000	13001
600071	89003	82001	400	100000000	100000000	100000000	100000000	100000000	13001
600072	81021	83003	400	100000000	100000000	100000000	100000000	100000000	13001
600073	82021	83009	400	100000000	100000000	100000000	100000000	100000000	13001
600074	83002	8101	400	100000000	100000000	100000000	100000000	100000000	13001
600075	83010	8201	400	100000000	100000000	100000000	100000000	100000000	13001
600076	428	8102	400	100000000	100000000	100000000	100000000	100000000	13001
600077	428	8202	400	100000000	100000000	100000000	100000000	100000000	13001
600078	99001	99002	400	100000000	100000000	100000000	100000000	100000000	13001
600079	99002	99003	400	100000000	100000000	100000000	100000000	100000000	13001
600080	99003	91001	400	100000000	100000000	100000000	100000000	100000000	13001
600081	99003	92001	400	100000000	100000000	100000000	100000000	100000000	13001
600082	91021	93003	400	100000000	100000000	100000000	100000000	100000000	13001
600083	92021	93009	400	100000000	100000000	100000000	100000000	100000000	13001
600084	93002	9101	400	100000000	100000000	100000000	100000000	100000000	13001
600085	93010	9201	400	100000000	100000000	100000000	100000000	100000000	13001
600086	445	9102	400	100000000	100000000	100000000	100000000	100000000	13001
600087	445	9202	400	100000000	100000000	100000000	100000000	100000000	13001
600088	104	1101	400	100000000	100000000	100000000	100000000	100000000	13001
600089	101	1102	400	100000000	100000000	100000000	100000000	100000000	13001
600090	98	1103	400	100000000	100000000	100000000	100000000	100000000	13001
600091	95	1104	400	100000000	100000000	100000000	100000000	100000000	13001
600092	92	1105	400	100000000	100000000	100000000	100000000	100000000	13001
600093	89	1106	400	100000000	100000000	100000000	100000000	100000000	13001
600094	86	1107	400	100000000	100000000	100000000	100000000	100000000	13001
600095	83	1108	400	100000000	100000000	100000000	100000000	100000000	13001
600096	80	1109	400	100000000	100000000	100000000	100000000	100000000	13001
600097	77	1110	400	100000000	100000000	100000000	100000000	100000000	13001
600098	74	1111	400	100000000	100000000	100000000	100000000	100000000	13001
600099	71	1112	400	100000000	100000000	100000000	100000000	100000000	13001
600100	68	1113	400	100000000	100000000	100000000	100000000	100000000	13001
600101	65	1114	400	100000000	100000000	100000000	100000000	100000000	13001
600102	62	1115	400	100000000	100000000	100000000	100000000	100000000	13001
600103	59	1116	400	100000000	100000000	100000000	100000000	100000000	13001
600104	56	1117	400	100000000	100000000	100000000	100000000	100000000	13001
600105	53	1118	400	100000000	100000000	100000000	100000000	100000000	13001
600106	50	1119	400	100000000	100000000	100000000	100000000	100000000	13001
600107	47	1120	400	100000000	100000000	100000000	100000000	100000000	13001
600108	44	1121	400	100000000	100000000	100000000	100000000	100000000	13001
600109	41	1122	400	100000000	100000000	100000000	100000000	100000000	13001
600110	38	1123	400	100000000	100000000	100000000	100000000	100000000	13001
600111	34	1124	400	100000000	100000000	100000000	100000000	100000000	13001
600112	32	1125	400	100000000	100000000	100000000	100000000	100000000	13001
600113	30	1126	400	100000000	100000000	100000000	100000000	100000000	13001
600114	28	1127	400	100000000	100000000	100000000	100000000	100000000	13001
600115	26	1128	400	100000000	100000000	100000000	100000000	100000000	13001
600116	24	1129	400	100000000	100000000	100000000	100000000	100000000	13001
600117	22	1130	400	100000000	100000000	100000000	100000000	100000000	13001
600118	20	1131	400	100000000	100000000	100000000	100000000	100000000	13001
600119	17	1132	400	100000000	100000000	100000000	100000000	100000000	13001
600120	15	1133	400	100000000	100000000	100000000	100000000	100000000	13001
600121	13	1134	400	100000000	100000000	100000000	100000000	100000000	13001
600122	11	1135	400	100000000	100000000	100000000	100000000	100000000	13001
600123	9	1136	400	100000000	100000000	100000000	100000000	100000000	13001
600124	7	1137	400	100000000	100000000	100000000	100000000	100000000	13001
600125	5	1138	400	100000000	100000000	100000000	100000000	100000000	13001
600126	104	1201	400	100000000	100000000	100000000	100000000	100000000	13001
600127	101	1202	400	100000000	100000000	100000000	100000000	100000000	13001
600128	98	1203	400	100000000	100000000	100000000	100000000	100000000	13001
600129	95	1204	400	100000000	100000000	100000000	100000000	100000000	13001
600130	92	1205	400	100000000	100000000	100000000	100000000	100000000	13001
600131	89	1206	400	100000000	100000000	100000000	100000000	100000000	13001
600132	86	1207	400	100000000	100000000	100000000	100000000	100000000	13001
600133	83	1208	400	100000000	100000000	100000000	100000000	100000000	13001
600134	80	1209	400	100000000	100000000	100000000	100000000	100000000	13001
600135	77	1210	400	100000000	100000000	100000000	100000000	100000000	13001
600136	74	1211	400	100000000	100000000	100000000	100000000	100000000	13001
600137	71	1212	400	100000000	100000000	100000000	100000000	100000000	13001
600138	68	1213	400	100000000	100000000	100000000	100000000	100000000	13001
600139	65	1214	400	100000000	100000000	100000000	100000000	100000000	13001
600140	62	1215	400	100000000	100000000	100000000	100000000	100000000	13001
600141	59	1216	400	100000000	100000000	100000000	100000000	100000000	13001
600142	56	1217	400	100000000	100000000	100000000	100000000	100000000	13001
600143	53	1218	400	100000000	100000000	100000000	100000000	100000000	13001
600144	50	1219	400	100000000	100000000	100000000	100000000	100000000	13001
600145	47	1220	400	100000000	100000000	100000000	100000000	100000000	13001
600146	44	1221	400	100000000	100000000	100000000	100000000	100000000	13001
600147	41	1222	400	100000000	100000000	100000000	100000000	100000000	13001
600148	38	1223	400	100000000	100000000	100000000	100000000	100000000	13001
600149	34	1224	400	100000000	100000000	100000000	100000000	100000000	13001
600150	32	1225	400	100000000	100000000	100000000	100000000	100000000	13001
600151	30	1226	400	100000000	100000000	100000000	100000000	100000000	13001
600152	28	1227	400	100000000	100000000	100000000	100000000	100000000	13001
600153	26	1228	400	100000000	100000000	100000000	100000000	100000000	13001
600154	24	1229	400	100000000	100000000	100000000	100000000	100000000	13001
600155	22	1230	400	100000000	100000000	100000000	100000000	100000000	13001
600156	20	1231	400	100000000	100000000	100000000	100000000	100000000	13001
600157	17	1232	400	100000000	100000000	100000000	100000000	100000000	13001
600158	15	1233	400	100000000	100000000	100000000	100000000	100000000	13001
600159	13	1234	400	100000000	100000000	100000000	100000000	100000000	13001
600160	11	1235	400	100000000	100000000	100000000	100000000	100000000	13001
600161	9	1236	400	100000000	100000000	100000000	100000000	100000000	13001
600162	7	1237	400	100000000	100000000	100000000	100000000	100000000	13001
600163	5	1238	400	100000000	100000000	100000000	100000000	100000000	13001
600164	118	1301	400	100000000	100000000	100000000	100000000	100000000	13001
600165	121	1302	400	100000000	100000000	100000000	100000000	100000000	13001
600166	124	1303	400	100000000	100000000	100000000	100000000	100000000	13001
600167	127	1304	400	100000000	100000000	100000000	100000000	100000000	13001
600168	130	1305	400	100000000	100000000	100000000	100000000	100000000	13001
600169	133	1306	400	100000000	100000000	100000000	100000000	100000000	13001
600170	136	1307	400	100000000	100000000	100000000	100000000	100000000	13001
600171	139	1308	400	100000000	100000000	100000000	100000000	100000000	13001
600172	142	1309	400	100000000	100000000	100000000	100000000	100000000	13001
600173	145	1310	400	100000000	100000000	100000000	100000000	100000000	13001
600174	148	1311	400	100000000	100000000	100000000	100000000	100000000	13001
600175	151	1312	400	100000000	100000000	100000000	100000000	100000000	13001
600176	154	1313	400	100000000	100000000	100000000	100000000	100000000	13001
600177	157	1314	400	100000000	100000000	100000000	100000000	100000000	13001
600178	160	1315	400	100000000	100000000	100000000	100000000	100000000	13001
600179	163	1316	400	100000000	100000000	100000000	100000000	100000000	13001
600180	166	1317	400	100000000	100000000	100000000	100000000	100000000	13001
600181	169	1318	400	100000000	100000000	100000000	100000000	100000000	13001
600182	172	1319	400	100000000	100000000	100000000	100000000	100000000	13001
600183	175	1320	400	100000000	100000000	100000000	100000000	100000000	13001
600184	178	1321	400	100000000	100000000	100000000	100000000	100000000	13001
600185	181	1322	400	100000000	100000000	100000000	100000000	100000000	13001
600186	184	1323	400	100000000	100000000	100000000	100000000	100000000	13001
600187	187	1324	400	100000000	100000000	100000000	100000000	100000000	13001
600188	190	1325	400	100000000	100000000	100000000	100000000	100000000	13001
600189	193	1326	400	100000000	100000000	100000000	100000000	100000000	13001
600190	196	1327	400	100000000	100000000	100000000	100000000	100000000	13001
600191	199	1328	400	100000000	100000000	100000000	100000000	100000000	13001
600192	202	1329	400	100000000	100000000	100000000	100000000	100000000	13001
600193	205	1330	400	100000000	100000000	100000000	100000000	100000000	13001
600194	208	1331	400	100000000	100000000	100000000	100000000	100000000	13001
600195	211	1332	400	100000000	100000000	100000000	100000000	100000000	13001
600196	215	1333	400	100000000	100000000	100000000	100000000	100000000	13001
600197	219	1334	400	100000000	100000000	100000000	100000000	100000000	13001
600198	223	1335	400	100000000	100000000	100000000	100000000	100000000	13001
600199	227	1336	400	100000000	100000000	100000000	100000000	100000000	13001
600200	231	1337	400	100000000	100000000	100000000	100000000	100000000	13001
600201	235	1338	400	100000000	100000000	100000000	100000000	100000000	13001
600202	118	1401	400	100000000	100000000	100000000	100000000	100000000	13001
600203	121	1402	400	100000000	100000000	100000000	100000000	100000000	13001
600204	124	1403	400	100000000	100000000	100000000	100000000	100000000	13001
600205	127	1404	400	100000000	100000000	100000000	100000000	100000000	13001
600206	130	1405	400	100000000	100000000	100000000	100000000	100000000	13001
600207	133	1406	400	100000000	100000000	100000000	100000000	100000000	13001
600208	136	1407	400	100000000	100000000	100000000	100000000	100000000	13001
600209	139	1408	400	100000000	100000000	100000000	100000000	100000000	13001
600210	142	1409	400	100000000	100000000	100000000	100000000	100000000	13001
600211	145	1410	400	100000000	100000000	100000000	100000000	100000000	13001
600212	148	1411	400	100000000	100000000	100000000	100000000	100000000	13001
600213	151	1412	400	100000000	100000000	100000000	100000000	100000000	13001
600214	154	1413	400	100000000	100000000	100000000	100000000	100000000	13001
600215	157	1414	400	100000000	100000000	100000000	100000000	100000000	13001
600216	160	1415	400	100000000	100000000	100000000	100000000	100000000	13001
600217	163	1416	400	100000000	100000000	100000000	100000000	100000000	13001
600218	166	1417	400	100000000	100000000	100000000	100000000	100000000	13001
600219	169	1418	400	100000000	100000000	100000000	100000000	100000000	13001
600220	172	1419	400	100000000	100000000	100000000	100000000	100000000	13001
600221	175	1420	400	100000000	100000000	100000000	100000000	100000000	13001
600222	178	1421	400	100000000	100000000	100000000	100000000	100000000	13001
600223	181	1422	400	100000000	100000000	100000000	100000000	100000000	13001
600224	184	1423	400	100000000	100000000	100000000	100000000	100000000	13001
600225	187	1424	400	100000000	100000000	100000000	100000000	100000000	13001
600226	190	1425	400	100000000	100000000	100000000	100000000	100000000	13001
600227	193	1426	400	100000000	100000000	100000000	100000000	100000000	13001
600228	196	1427	400	100000000	100000000	100000000	100000000	100000000	13001
600229	199	1428	400	100000000	100000000	100000000	100000000	100000000	13001
600230	202	1429	400	100000000	100000000	100000000	100000000	100000000	13001
600231	205	1430	400	100000000	100000000	100000000	100000000	100000000	13001
600232	208	1431	400	100000000	100000000	100000000	100000000	100000000	13001
600233	211	1432	400	100000000	100000000	100000000	100000000	100000000	13001
600234	215	1433	400	100000000	100000000	100000000	100000000	100000000	13001
600235	219	1434	400	100000000	100000000	100000000	100000000	100000000	13001
600236	223	1435	400	100000000	100000000	100000000	100000000	100000000	13001
600237	227	1436	400	100000000	100000000	100000000	100000000	100000000	13001
600238	231	1437	400	100000000	100000000	100000000	100000000	100000000	13001
600239	235	1438	400	100000000	100000000	100000000	100000000	100000000	13001
600240	328	1501	400	100000000	100000000	100000000	100000000	100000000	13001
600241	325	1502	400	100000000	100000000	100000000	100000000	100000000	13001
600242	322	1503	400	100000000	100000000	100000000	100000000	100000000	13001
600243	319	1504	400	100000000	100000000	100000000	100000000	100000000	13001
600244	316	1505	400	100000000	100000000	100000000	100000000	100000000	13001
600245	313	1506	400	100000000	100000000	100000000	100000000	100000000	13001
600246	310	1507	400	100000000	100000000	100000000	100000000	100000000	13001
600247	307	1508	400	100000000	100000000	100000000	100000000	100000000	13001
600248	304	1509	400	100000000	100000000	100000000	100000000	100000000	13001
600249	301	1510	400	100000000	100000000	100000000	100000000	100000000	13001
600250	298	1511	400	100000000	100000000	100000000	100000000	100000000	13001
600251	295	1512	400	100000000	100000000	100000000	100000000	100000000	13001
600252	292	1513	400	100000000	100000000	100000000	100000000	100000000	13001
600253	289	1514	400	100000000	100000000	100000000	100000000	100000000	13001
600254	286	1515	400	100000000	100000000	100000000	100000000	100000000	13001
600255	283	1516	400	100000000	100000000	100000000	100000000	100000000	13001
600256	280	1517	400	100000000	100000000	100000000	100000000	100000000	13001
600257	277	1518	400	100000000	100000000	100000000	100000000	100000000	13001
600258	274	1519	400	100000000	100000000	100000000	100000000	100000000	13001
600259	271	1520	400	100000000	100000000	100000000	100000000	100000000	13001
600260	268	1521	400	100000000	100000000	100000000	100000000	100000000	13001
600261	265	1522	400	100000000	100000000	100000000	100000000	100000000	13001
600262	262	1523	400	100000000	100000000	100000000	100000000	100000000	13001
600263	259	1524	400	100000000	100000000	100000000	100000000	100000000	13001
600264	256	1525	400	100000000	100000000	100000000	100000000	100000000	13001
600265	253	1526	400	100000000	100000000	100000000	100000000	100000000	13001
600266	250	1527	400	100000000	100000000	100000000	100000000	100000000	13001
600267	247	1528	400	100000000	100000000	100000000	100000000	100000000	13001
600268	244	1529	400	100000000	100000000	100000000	100000000	100000000	13001
600269	241	1530	400	100000000	100000000	100000000	100000000	100000000	13001
600270	238	1531	400	100000000	100000000	100000000	100000000	100000000	13001
600271	328	1601	400	100000000	100000000	100000000	100000000	100000000	13001
600272	325	1602	400	100000000	100000000	100000000	100000000	100000000	13001
600273	322	1603	400	100000000	100000000	100000000	100000000	100000000	13001
600274	319	1604	400	100000000	100000000	100000000	100000000	100000000	13001
600275	316	1605	400	100000000	100000000	100000000	100000000	100000000	13001
600276	313	1606	400	100000000	100000000	100000000	100000000	100000000	13001
600277	310	1607	400	100000000	100000000	100000000	100000000	100000000	13001
600278	307	1608	400	100000000	100000000	100000000	100000000	100000000	13001
600279	304	1609	400	100000000	100000000	100000000	100000000	100000000	13001
600280	301	1610	400	100000000	100000000	100000000	100000000	100000000	13001
600281	298	1611	400	100000000	100000000	100000000	100000000	100000000	13001
600282	295	1612	400	100000000	100000000	100000000	100000000	100000000	13001
600283	292	1613	400	100000000	100000000	100000000	100000000	100000000	13001
600284	289	1614	400	100000000	100000000	100000000	100000000	100000000	13001
600285	286	1615	400	100000000	100000000	100000000	100000000	100000000	13001
600286	283	1616	400	100000000	100000000	100000000	100000000	100000000	13001
600287	280	1617	400	100000000	100000000	100000000	100000000	100000000	13001
600288	277	1618	400	100000000	100000000	100000000	100000000	100000000	13001
600289	274	1619	400	100000000	100000000	100000000	100000000	100000000	13001
600290	271	1620	400	100000000	100000000	100000000	100000000	100000000	13001
600291	268	1621	400	100000000	100000000	100000000	100000000	100000000	13001
600292	265	1622	400	100000000	100000000	100000000	100000000	100000000	13001
600293	262	1623	400	100000000	100000000	100000000	100000000	100000000	13001
600294	259	1624	400	100000000	100000000	100000000	100000000	100000000	13001
600295	256	1625	400	100000000	100000000	100000000	100000000	100000000	13001
600296	253	1626	400	100000000	100000000	100000000	100000000	100000000	13001
600297	250	1627	400	100000000	100000000	100000000	100000000	100000000	13001
600298	247	1628	400	100000000	100000000	100000000	100000000	100000000	13001
600299	244	1629	400	100000000	100000000	100000000	100000000	100000000	13001
600300	241	1630	400	100000000	100000000	100000000	100000000	100000000	13001
600301	238	1631	400	100000000	100000000	100000000	100000000	100000000	13001
600302	342	1701	400	100000000	100000000	100000000	100000000	100000000	13001
600303	345	1702	400	100000000	100000000	100000000	100000000	100000000	13001
600304	348	1703	400	100000000	100000000	100000000	100000000	100000000	13001
600305	351	1704	400	100000000	100000000	100000000	100000000	100000000	13001
600306	354	1705	400	100000000	100000000	100000000	100000000	100000000	13001
600307	357	1706	400	100000000	100000000	100000000	100000000	100000000	13001
600308	360	1707	400	100000000	100000000	100000000	100000000	100000000	13001
600309	363	1708	400	100000000	100000000	100000000	100000000	100000000	13001
600310	366	1709	400	100000000	100000000	100000000	100000000	100000000	13001
600311	369	1710	400	100000000	100000000	100000000	100000000	100000000	13001
600312	372	1711	400	100000000	100000000	100000000	100000000	100000000	13001
600313	375	1712	400	100000000	100000000	100000000	100000000	100000000	13001
600314	378	1713	400	100000000	100000000	100000000	100000000	100000000	13001
600315	381	1714	400	100000000	100000000	100000000	100000000	100000000	13001
600316	384	1715	400	100000000	100000000	100000000	100000000	100000000	13001
600317	387	1716	400	100000000	100000000	100000000	100000000	100000000	13001
600318	390	1717	400	100000000	100000000	100000000	100000000	100000000	13001
600319	393	1718	400	100000000	100000000	100000000	100000000	100000000	13001
600320	396	1719	400	100000000	100000000	100000000	100000000	100000000	13001
600321	399	1720	400	100000000	100000000	100000000	100000000	100000000	13001
600322	402	1721	400	100000000	100000000	100000000	100000000	100000000	13001
600323	405	1722	400	100000000	100000000	100000000	100000000	100000000	13001
600324	408	1723	400	100000000	100000000	100000000	100000000	100000000	13001
600325	412	1724	400	100000000	100000000	100000000	100000000	100000000	13001
600326	414	1725	400	100000000	100000000	100000000	100000000	100000000	13001
600327	416	1726	400	100000000	100000000	100000000	100000000	100000000	13001
600328	418	1727	400	100000000	100000000	100000000	100000000	100000000	13001
600329	420	1728	400	100000000	100000000	100000000	100000000	100000000	13001
600330	422	1729	400	100000000	100000000	100000000	100000000	100000000	13001
600331	424	1730	400	100000000	100000000	100000000	100000000	100000000	13001
600332	426	1731	400	100000000	100000000	100000000	100000000	100000000	13001
600333	429	1732	400	100000000	100000000	100000000	100000000	100000000	13001
600334	431	1733	400	100000000	100000000	100000000	100000000	100000000	13001
600335	433	1734	400	100000000	100000000	100000000	100000000	100000000	13001
600336	435	1735	400	100000000	100000000	100000000	100000000	100000000	13001
600337	437	1736	400	100000000	100000000	100000000	100000000	100000000	13001
600338	439	1737	400	100000000	100000000	100000000	100000000	100000000	13001
600339	441	1738	400	100000000	100000000	100000000	100000000	100000000	13001
600340	342	1801	400	100000000	100000000	100000000	100000000	100000000	13001
600341	345	1802	400	100000000	100000000	100000000	100000000	100000000	13001
600342	348	1803	400	100000000	100000000	100000000	100000000	100000000	13001
600343	351	1804	400	100000000	100000000	100000000	100000000	100000000	13001
600344	354	1805	400	100000000	100000000	100000000	100000000	100000000	13001
600345	357	1806	400	100000000	100000000	100000000	100000000	100000000	13001
600346	360	1807	400	100000000	100000000	100000000	100000000	100000000	13001
600347	363	1808	400	100000000	100000000	100000000	100000000	100000000	13001
600348	366	1809	400	100000000	100000000	100000000	100000000	100000000	13001
600349	369	1810	400	100000000	100000000	100000000	100000000	100000000	13001
600350	372	1811	400	100000000	100000000	100000000	100000000	100000000	13001
600351	375	1812	400	100000000	100000000	100000000	100000000	100000000	13001
600352	378	1813	400	100000000	100000000	100000000	100000000	100000000	13001
600353	381	1814	400	100000000	100000000	100000000	100000000	100000000	13001
600354	384	1815	400	100000000	100000000	100000000	100000000	100000000	13001
600355	387	1816	400	100000000	100000000	100000000	100000000	100000000	13001
600356	390	1817	400	100000000	100000000	100000000	100000000	100000000	13001
600357	393	1818	400	100000000	100000000	100000000	100000000	100000000	13001
600358	396	1819	400	100000000	100000000	100000000	100000000	100000000	13001
600359	399	1820	400	100000000	100000000	100000000	100000000	100000000	13001
600360	402	1821	400	100000000	100000000	100000000	100000000	100000000	13001
600361	405	1822	400	100000000	100000000	100000000	100000000	100000000	13001
600362	408	1823	400	100000000	100000000	100000000	100000000	100000000	13001
600363	412	1824	400	100000000	100000000	100000000	100000000	100000000	13001
600364	414	1825	400	100000000	100000000	100000000	100000000	100000000	13001
600365	416	1826	400	100000000	100000000	100000000	100000000	100000000	13001
600366	418	1827	400	100000000	100000000	100000000	100000000	100000000	13001
600367	420	1828	400	100000000	100000000	100000000	100000000	100000000	13001
600368	422	1829	400	100000000	100000000	100000000	100000000	100000000	13001
600369	424	1830	400	100000000	100000000	100000000	100000000	100000000	13001
600370	426	1831	400	100000000	100000000	100000000	100000000	100000000	13001
600371	429	1832	400	100000000	100000000	100000000	100000000	100000000	13001
600372	431	1833	400	100000000	100000000	100000000	100000000	100000000	13001
600373	433	1834	400	100000000	100000000	100000000	100000000	100000000	13001
600374	435	1835	400	100000000	100000000	100000000	100000000	100000000	13001
600375	437	1836	400	100000000	100000000	100000000	100000000	100000000	13001
600376	439	1837	400	100000000	100000000	100000000	100000000	100000000	13001
600377	441	1838	400	100000000	100000000	100000000	100000000	100000000	13001
600378	41092	45001	400	100000000	100000000	100000000	100000000	100000000	1
600379	41093	45002	400	100000000	100000000	100000000	100000000	100000000	1
600380	41094	45003	400	100000000	100000000	100000000	100000000	100000000	1
600381	41095	45004	400	100000000	100000000	100000000	100000000	100000000	1
600382	41096	45005	400	100000000	100000000	100000000	100000000	100000000	1
600383	41097	45006	400	100000000	100000000	100000000	100000000	100000000	1
600384	41098	45007	400	100000000	100000000	100000000	100000000	100000000	1
600385	41099	45008	400	100000000	100000000	100000000	100000000	100000000	1
600386	41100	45009	400	100000000	100000000	100000000	100000000	100000000	1
600387	41101	45010	400	100000000	100000000	100000000	100000000	100000000	1
600388	41102	45011	400	100000000	100000000	100000000	100000000	100000000	1
600389	41103	45012	400	100000000	100000000	100000000	100000000	100000000	1
600390	41104	45013	400	100000000	100000000	100000000	100000000	100000000	1
600391	41105	45014	400	100000000	100000000	100000000	100000000	100000000	1
600392	41106	45015	400	100000000	100000000	100000000	100000000	100000000	1
600393	41107	45016	400	100000000	100000000	100000000	100000000	100000000	1
600394	41108	45017	400	100000000	100000000	100000000	100000000	100000000	1
600395	41109	45018	400	100000000	100000000	100000000	100000000	100000000	1
600396	41110	45019	400	100000000	100000000	100000000	100000000	100000000	1
600397	41111	45020	400	100000000	100000000	100000000	100000000	100000000	1
600398	41112	45021	400	100000000	100000000	100000000	100000000	100000000	1
600399	41113	45022	400	100000000	100000000	100000000	100000000	100000000	1
600400	41114	45023	400	100000000	100000000	100000000	100000000	100000000	1
600401	41115	45024	400	100000000	100000000	100000000	100000000	100000000	1
600402	41116	45025	400	100000000	100000000	100000000	100000000	100000000	1
600403	41117	45026	400	100000000	100000000	100000000	100000000	100000000	1
600404	41118	45027	400	100000000	100000000	100000000	100000000	100000000	1
600405	41119	45028	400	100000000	100000000	100000000	100000000	100000000	1
600406	41120	45029	400	100000000	100000000	100000000	100000000	100000000	1
600407	41121	45030	400	100000000	100000000	100000000	100000000	100000000	1
600408	41122	45031	400	100000000	100000000	100000000	100000000	100000000	1
600409	41123	45032	400	100000000	100000000	100000000	100000000	100000000	1
600410	41124	45033	400	100000000	100000000	100000000	100000000	100000000	1
600411	41125	45034	400	100000000	100000000	100000000	100000000	100000000	1
600412	41126	45035	400	100000000	100000000	100000000	100000000	100000000	1
600413	41127	45036	400	100000000	100000000	100000000	100000000	100000000	1
600414	41128	45037	400	100000000	100000000	100000000	100000000	100000000	1
600415	41129	45038	400	100000000	100000000	100000000	100000000	100000000	1
600416	41092	46001	400	100000000	100000000	100000000	100000000	100000000	1
600417	41093	46002	400	100000000	100000000	100000000	100000000	100000000	1
600418	41094	46003	400	100000000	100000000	100000000	100000000	100000000	1
600419	41095	46004	400	100000000	100000000	100000000	100000000	100000000	1
600420	41096	46005	400	100000000	100000000	100000000	100000000	100000000	1
600421	41097	46006	400	100000000	100000000	100000000	100000000	100000000	1
600422	41098	46007	400	100000000	100000000	100000000	100000000	100000000	1
600423	41099	46008	400	100000000	100000000	100000000	100000000	100000000	1
600424	41100	46009	400	100000000	100000000	100000000	100000000	100000000	1
600425	41101	46010	400	100000000	100000000	100000000	100000000	100000000	1
600426	41102	46011	400	100000000	100000000	100000000	100000000	100000000	1
600427	41103	46012	400	100000000	100000000	100000000	100000000	100000000	1
600428	41104	46013	400	100000000	100000000	100000000	100000000	100000000	1
600429	41105	46014	400	100000000	100000000	100000000	100000000	100000000	1
600430	41106	46015	400	100000000	100000000	100000000	100000000	100000000	1
600431	41107	46016	400	100000000	100000000	100000000	100000000	100000000	1
600432	41108	46017	400	100000000	100000000	100000000	100000000	100000000	1
600433	41109	46018	400	100000000	100000000	100000000	100000000	100000000	1
600434	41110	46019	400	100000000	100000000	100000000	100000000	100000000	1
600435	41111	46020	400	100000000	100000000	100000000	100000000	100000000	1
600436	41112	46021	400	100000000	100000000	100000000	100000000	100000000	1
600437	41113	46022	400	100000000	100000000	100000000	100000000	100000000	1
600438	41114	46023	400	100000000	100000000	100000000	100000000	100000000	1
600439	41115	46024	400	100000000	100000000	100000000	100000000	100000000	1
600440	41116	46025	400	100000000	100000000	100000000	100000000	100000000	1
600441	41117	46026	400	100000000	100000000	100000000	100000000	100000000	1
600442	41118	46027	400	100000000	100000000	100000000	100000000	100000000	1
600443	41119	46028	400	100000000	100000000	100000000	100000000	100000000	1
600444	41120	46029	400	100000000	100000000	100000000	100000000	100000000	1
600445	41121	46030	400	100000000	100000000	100000000	100000000	100000000	1
600446	41122	46031	400	100000000	100000000	100000000	100000000	100000000	1
600447	41123	46032	400	100000000	100000000	100000000	100000000	100000000	1
600448	41124	46033	400	100000000	100000000	100000000	100000000	100000000	1
600449	41125	46034	400	100000000	100000000	100000000	100000000	100000000	1
600450	41126	46035	400	100000000	100000000	100000000	100000000	100000000	1
600451	41127	46036	400	100000000	100000000	100000000	100000000	100000000	1
600452	41128	46037	400	100000000	100000000	100000000	100000000	100000000	1
600453	41129	46038	400	100000000	100000000	100000000	100000000	100000000	1
600454	42092	47001	400	100000000	100000000	100000000	100000000	100000000	1
600455	42093	47002	400	100000000	100000000	100000000	100000000	100000000	1
600456	42094	47003	400	100000000	100000000	100000000	100000000	100000000	1
600457	42095	47004	400	100000000	100000000	100000000	100000000	100000000	1
600458	42096	47005	400	100000000	100000000	100000000	100000000	100000000	1
600459	42097	47006	400	100000000	100000000	100000000	100000000	100000000	1
600460	42098	47007	400	100000000	100000000	100000000	100000000	100000000	1
600461	42099	47008	400	100000000	100000000	100000000	100000000	100000000	1
600462	42100	47009	400	100000000	100000000	100000000	100000000	100000000	1
600463	42101	47010	400	100000000	100000000	100000000	100000000	100000000	1
600464	42102	47011	400	100000000	100000000	100000000	100000000	100000000	1
600465	42103	47012	400	100000000	100000000	100000000	100000000	100000000	1
600466	42104	47013	400	100000000	100000000	100000000	100000000	100000000	1
600467	42105	47014	400	100000000	100000000	100000000	100000000	100000000	1
600468	42106	47015	400	100000000	100000000	100000000	100000000	100000000	1
600469	42107	47016	400	100000000	100000000	100000000	100000000	100000000	1
600470	42108	47017	400	100000000	100000000	100000000	100000000	100000000	1
600471	42109	47018	400	100000000	100000000	100000000	100000000	100000000	1
600472	42110	47019	400	100000000	100000000	100000000	100000000	100000000	1
600473	42111	47020	400	100000000	100000000	100000000	100000000	100000000	1
600474	42112	47021	400	100000000	100000000	100000000	100000000	100000000	1
600475	42113	47022	400	100000000	100000000	100000000	100000000	100000000	1
600476	42114	47023	400	100000000	100000000	100000000	100000000	100000000	1
600477	42115	47024	400	100000000	100000000	100000000	100000000	100000000	1
600478	42116	47025	400	100000000	100000000	100000000	100000000	100000000	1
600479	42117	47026	400	100000000	100000000	100000000	100000000	100000000	1
600480	42118	47027	400	100000000	100000000	100000000	100000000	100000000	1
600481	42119	47028	400	100000000	100000000	100000000	100000000	100000000	1
600482	42120	47029	400	100000000	100000000	100000000	100000000	100000000	1
600483	42121	47030	400	100000000	100000000	100000000	100000000	100000000	1
600484	42122	47031	400	100000000	100000000	100000000	100000000	100000000	1
600485	42123	47032	400	100000000	100000000	100000000	100000000	100000000	1
600486	42124	47033	400	100000000	100000000	100000000	100000000	100000000	1
600487	42125	47034	400	100000000	100000000	100000000	100000000	100000000	1
600488	42126	47035	400	100000000	100000000	100000000	100000000	100000000	1
600489	42127	47036	400	100000000	100000000	100000000	100000000	100000000	1
600490	42128	47037	400	100000000	100000000	100000000	100000000	100000000	1
600491	42129	47038	400	100000000	100000000	100000000	100000000	100000000	1
600492	42092	48001	400	100000000	100000000	100000000	100000000	100000000	1
600493	42093	48002	400	100000000	100000000	100000000	100000000	100000000	1
600494	42094	48003	400	100000000	100000000	100000000	100000000	100000000	1
600495	42095	48004	400	100000000	100000000	100000000	100000000	100000000	1
600496	42096	48005	400	100000000	100000000	100000000	100000000	100000000	1
600497	42097	48006	400	100000000	100000000	100000000	100000000	100000000	1
600498	42098	48007	400	100000000	100000000	100000000	100000000	100000000	1
600499	42099	48008	400	100000000	100000000	100000000	100000000	100000000	1
600500	42100	48009	400	100000000	100000000	100000000	100000000	100000000	1
600501	42101	48010	400	100000000	100000000	100000000	100000000	100000000	1
600502	42102	48011	400	100000000	100000000	100000000	100000000	100000000	1
600503	42103	48012	400	100000000	100000000	100000000	100000000	100000000	1
600504	42104	48013	400	100000000	100000000	100000000	100000000	100000000	1
600505	42105	48014	400	100000000	100000000	100000000	100000000	100000000	1
600506	42106	48015	400	100000000	100000000	100000000	100000000	100000000	1
600507	42107	48016	400	100000000	100000000	100000000	100000000	100000000	1
600508	42108	48017	400	100000000	100000000	100000000	100000000	100000000	1
600509	42109	48018	400	100000000	100000000	100000000	100000000	100000000	1
600510	42110	48019	400	100000000	100000000	100000000	100000000	100000000	1
600511	42111	48020	400	100000000	100000000	100000000	100000000	100000000	1
600512	42112	48021	400	100000000	100000000	100000000	100000000	100000000	1
600513	42113	48022	400	100000000	100000000	100000000	100000000	100000000	1
600514	42114	48023	400	100000000	100000000	100000000	100000000	100000000	1
600515	42115	48024	400	100000000	100000000	100000000	100000000	100000000	1
600516	42116	48025	400	100000000	100000000	100000000	100000000	100000000	1
600517	42117	48026	400	100000000	100000000	100000000	100000000	100000000	1
600518	42118	48027	400	100000000	100000000	100000000	100000000	100000000	1
600519	42119	48028	400	100000000	100000000	100000000	100000000	100000000	1
600520	42120	48029	400	100000000	100000000	100000000	100000000	100000000	1
600521	42121	48030	400	100000000	100000000	100000000	100000000	100000000	1
600522	42122	48031	400	100000000	100000000	100000000	100000000	100000000	1
600523	42123	48032	400	100000000	100000000	100000000	100000000	100000000	1
600524	42124	48033	400	100000000	100000000	100000000	100000000	100000000	1
600525	42125	48034	400	100000000	100000000	100000000	100000000	100000000	1
600526	42126	48035	400	100000000	100000000	100000000	100000000	100000000	1
600527	42127	48036	400	100000000	100000000	100000000	100000000	100000000	1
600528	42128	48037	400	100000000	100000000	100000000	100000000	100000000	1
600529	42129	48038	400	100000000	100000000	100000000	100000000	100000000	1
600530	51088	55001	400	100000000	100000000	100000000	100000000	100000000	1
600531	51089	55002	400	100000000	100000000	100000000	100000000	100000000	1
600532	51090	55003	400	100000000	100000000	100000000	100000000	100000000	1
600533	51091	55004	400	100000000	100000000	100000000	100000000	100000000	1
600534	51092	55005	400	100000000	100000000	100000000	100000000	100000000	1
600535	51093	55006	400	100000000	100000000	100000000	100000000	100000000	1
600536	51094	55007	400	100000000	100000000	100000000	100000000	100000000	1
600537	51095	55008	400	100000000	100000000	100000000	100000000	100000000	1
600538	51096	55009	400	100000000	100000000	100000000	100000000	100000000	1
600539	51097	55010	400	100000000	100000000	100000000	100000000	100000000	1
600540	51098	55011	400	100000000	100000000	100000000	100000000	100000000	1
600541	51099	55012	400	100000000	100000000	100000000	100000000	100000000	1
600542	51100	55013	400	100000000	100000000	100000000	100000000	100000000	1
600543	51101	55014	400	100000000	100000000	100000000	100000000	100000000	1
600544	51102	55015	400	100000000	100000000	100000000	100000000	100000000	1
600545	51103	55016	400	100000000	100000000	100000000	100000000	100000000	1
600546	51104	55017	400	100000000	100000000	100000000	100000000	100000000	1
600547	51105	55018	400	100000000	100000000	100000000	100000000	100000000	1
600548	51106	55019	400	100000000	100000000	100000000	100000000	100000000	1
600549	51107	55020	400	100000000	100000000	100000000	100000000	100000000	1
600550	51108	55021	400	100000000	100000000	100000000	100000000	100000000	1
600551	51109	55022	400	100000000	100000000	100000000	100000000	100000000	1
600552	51110	55023	400	100000000	100000000	100000000	100000000	100000000	1
600553	51111	55024	400	100000000	100000000	100000000	100000000	100000000	1
600554	51112	55025	400	100000000	100000000	100000000	100000000	100000000	1
600555	51113	55026	400	100000000	100000000	100000000	100000000	100000000	1
600556	51114	55027	400	100000000	100000000	100000000	100000000	100000000	1
600557	51115	55028	400	100000000	100000000	100000000	100000000	100000000	1
600558	51116	55029	400	100000000	100000000	100000000	100000000	100000000	1
600559	51117	55030	400	100000000	100000000	100000000	100000000	100000000	1
600560	51118	55031	400	100000000	100000000	100000000	100000000	100000000	1
600561	51119	55032	400	100000000	100000000	100000000	100000000	100000000	1
600562	51120	55033	400	100000000	100000000	100000000	100000000	100000000	1
600563	51121	55034	400	100000000	100000000	100000000	100000000	100000000	1
600564	51122	55035	400	100000000	100000000	100000000	100000000	100000000	1
600565	51123	55036	400	100000000	100000000	100000000	100000000	100000000	1
600566	51124	55037	400	100000000	100000000	100000000	100000000	100000000	1
600567	51125	55038	400	100000000	100000000	100000000	100000000	100000000	1
600568	51088	56001	400	100000000	100000000	100000000	100000000	100000000	1
600569	51089	56002	400	100000000	100000000	100000000	100000000	100000000	1
600570	51090	56003	400	100000000	100000000	100000000	100000000	100000000	1
600571	51091	56004	400	100000000	100000000	100000000	100000000	100000000	1
600572	51092	56005	400	100000000	100000000	100000000	100000000	100000000	1
600573	51093	56006	400	100000000	100000000	100000000	100000000	100000000	1
600574	51094	56007	400	100000000	100000000	100000000	100000000	100000000	1
600575	51095	56008	400	100000000	100000000	100000000	100000000	100000000	1
600576	51096	56009	400	100000000	100000000	100000000	100000000	100000000	1
600577	51097	56010	400	100000000	100000000	100000000	100000000	100000000	1
600578	51098	56011	400	100000000	100000000	100000000	100000000	100000000	1
600579	51099	56012	400	100000000	100000000	100000000	100000000	100000000	1
600580	51100	56013	400	100000000	100000000	100000000	100000000	100000000	1
600581	51101	56014	400	100000000	100000000	100000000	100000000	100000000	1
600582	51102	56015	400	100000000	100000000	100000000	100000000	100000000	1
600583	51103	56016	400	100000000	100000000	100000000	100000000	100000000	1
600584	51104	56017	400	100000000	100000000	100000000	100000000	100000000	1
600585	51105	56018	400	100000000	100000000	100000000	100000000	100000000	1
600586	51106	56019	400	100000000	100000000	100000000	100000000	100000000	1
600587	51107	56020	400	100000000	100000000	100000000	100000000	100000000	1
600588	51108	56021	400	100000000	100000000	100000000	100000000	100000000	1
600589	51109	56022	400	100000000	100000000	100000000	100000000	100000000	1
600590	51110	56023	400	100000000	100000000	100000000	100000000	100000000	1
600591	51111	56024	400	100000000	100000000	100000000	100000000	100000000	1
600592	51112	56025	400	100000000	100000000	100000000	100000000	100000000	1
600593	51113	56026	400	100000000	100000000	100000000	100000000	100000000	1
600594	51114	56027	400	100000000	100000000	100000000	100000000	100000000	1
600595	51115	56028	400	100000000	100000000	100000000	100000000	100000000	1
600596	51116	56029	400	100000000	100000000	100000000	100000000	100000000	1
600597	51117	56030	400	100000000	100000000	100000000	100000000	100000000	1
600598	51118	56031	400	100000000	100000000	100000000	100000000	100000000	1
600599	51119	56032	400	100000000	100000000	100000000	100000000	100000000	1
600600	51120	56033	400	100000000	100000000	100000000	100000000	100000000	1
600601	51121	56034	400	100000000	100000000	100000000	100000000	100000000	1
600602	51122	56035	400	100000000	100000000	100000000	100000000	100000000	1
600603	51123	56036	400	100000000	100000000	100000000	100000000	100000000	1
600604	51124	56037	400	100000000	100000000	100000000	100000000	100000000	1
600605	51125	56038	400	100000000	100000000	100000000	100000000	100000000	1
600606	52088	57001	400	100000000	100000000	100000000	100000000	100000000	1
600607	52089	57002	400	100000000	100000000	100000000	100000000	100000000	1
600608	52090	57003	400	100000000	100000000	100000000	100000000	100000000	1
600609	52091	57004	400	100000000	100000000	100000000	100000000	100000000	1
600610	52092	57005	400	100000000	100000000	100000000	100000000	100000000	1
600611	52093	57006	400	100000000	100000000	100000000	100000000	100000000	1
600612	52094	57007	400	100000000	100000000	100000000	100000000	100000000	1
600613	52095	57008	400	100000000	100000000	100000000	100000000	100000000	1
600614	52096	57009	400	100000000	100000000	100000000	100000000	100000000	1
600615	52097	57010	400	100000000	100000000	100000000	100000000	100000000	1
600616	52098	57011	400	100000000	100000000	100000000	100000000	100000000	1
600617	52099	57012	400	100000000	100000000	100000000	100000000	100000000	1
600618	52100	57013	400	100000000	100000000	100000000	100000000	100000000	1
600619	52101	57014	400	100000000	100000000	100000000	100000000	100000000	1
600620	52102	57015	400	100000000	100000000	100000000	100000000	100000000	1
600621	52103	57016	400	100000000	100000000	100000000	100000000	100000000	1
600622	52104	57017	400	100000000	100000000	100000000	100000000	100000000	1
600623	52105	57018	400	100000000	100000000	100000000	100000000	100000000	1
600624	52106	57019	400	100000000	100000000	100000000	100000000	100000000	1
600625	52107	57020	400	100000000	100000000	100000000	100000000	100000000	1
600626	52108	57021	400	100000000	100000000	100000000	100000000	100000000	1
600627	52109	57022	400	100000000	100000000	100000000	100000000	100000000	1
600628	52110	57023	400	100000000	100000000	100000000	100000000	100000000	1
600629	52111	57024	400	100000000	100000000	100000000	100000000	100000000	1
600630	52112	57025	400	100000000	100000000	100000000	100000000	100000000	1
600631	52113	57026	400	100000000	100000000	100000000	100000000	100000000	1
600632	52114	57027	400	100000000	100000000	100000000	100000000	100000000	1
600633	52115	57028	400	100000000	100000000	100000000	100000000	100000000	1
600634	52116	57029	400	100000000	100000000	100000000	100000000	100000000	1
600635	52117	57030	400	100000000	100000000	100000000	100000000	100000000	1
600636	52118	57031	400	100000000	100000000	100000000	100000000	100000000	1
600637	52119	57032	400	100000000	100000000	100000000	100000000	100000000	1
600638	52120	57033	400	100000000	100000000	100000000	100000000	100000000	1
600639	52121	57034	400	100000000	100000000	100000000	100000000	100000000	1
600640	52122	57035	400	100000000	100000000	100000000	100000000	100000000	1
600641	52123	57036	400	100000000	100000000	100000000	100000000	100000000	1
600642	52124	57037	400	100000000	100000000	100000000	100000000	100000000	1
600643	52125	57038	400	100000000	100000000	100000000	100000000	100000000	1
600644	52088	58001	400	100000000	100000000	100000000	100000000	100000000	1
600645	52089	58002	400	100000000	100000000	100000000	100000000	100000000	1
600646	52090	58003	400	100000000	100000000	100000000	100000000	100000000	1
600647	52091	58004	400	100000000	100000000	100000000	100000000	100000000	1
600648	52092	58005	400	100000000	100000000	100000000	100000000	100000000	1
600649	52093	58006	400	100000000	100000000	100000000	100000000	100000000	1
600650	52094	58007	400	100000000	100000000	100000000	100000000	100000000	1
600651	52095	58008	400	100000000	100000000	100000000	100000000	100000000	1
600652	52096	58009	400	100000000	100000000	100000000	100000000	100000000	1
600653	52097	58010	400	100000000	100000000	100000000	100000000	100000000	1
600654	52098	58011	400	100000000	100000000	100000000	100000000	100000000	1
600655	52099	58012	400	100000000	100000000	100000000	100000000	100000000	1
600656	52100	58013	400	100000000	100000000	100000000	100000000	100000000	1
600657	52101	58014	400	100000000	100000000	100000000	100000000	100000000	1
600658	52102	58015	400	100000000	100000000	100000000	100000000	100000000	1
600659	52103	58016	400	100000000	100000000	100000000	100000000	100000000	1
600660	52104	58017	400	100000000	100000000	100000000	100000000	100000000	1
600661	52105	58018	400	100000000	100000000	100000000	100000000	100000000	1
600662	52106	58019	400	100000000	100000000	100000000	100000000	100000000	1
600663	52107	58020	400	100000000	100000000	100000000	100000000	100000000	1
600664	52108	58021	400	100000000	100000000	100000000	100000000	100000000	1
600665	52109	58022	400	100000000	100000000	100000000	100000000	100000000	1
600666	52110	58023	400	100000000	100000000	100000000	100000000	100000000	1
600667	52111	58024	400	100000000	100000000	100000000	100000000	100000000	1
600668	52112	58025	400	100000000	100000000	100000000	100000000	100000000	1
600669	52113	58026	400	100000000	100000000	100000000	100000000	100000000	1
600670	52114	58027	400	100000000	100000000	100000000	100000000	100000000	1
600671	52115	58028	400	100000000	100000000	100000000	100000000	100000000	1
600672	52116	58029	400	100000000	100000000	100000000	100000000	100000000	1
600673	52117	58030	400	100000000	100000000	100000000	100000000	100000000	1
600674	52118	58031	400	100000000	100000000	100000000	100000000	100000000	1
600675	52119	58032	400	100000000	100000000	100000000	100000000	100000000	1
600676	52120	58033	400	100000000	100000000	100000000	100000000	100000000	1
600677	52121	58034	400	100000000	100000000	100000000	100000000	100000000	1
600678	52122	58035	400	100000000	100000000	100000000	100000000	100000000	1
600679	52123	58036	400	100000000	100000000	100000000	100000000	100000000	1
600680	52124	58037	400	100000000	100000000	100000000	100000000	100000000	1
600681	52125	58038	400	100000000	100000000	100000000	100000000	100000000	1