45001 199954733.254451 556666.666667
45002 199906890.034421 556666.666667
45003 199842082.292872 556666.666667
45004 199755979.067305 556666.666667
45005 199650780.021650 556666.666667
45006 199526230.305798 556666.666667
45007 199386140.881117 556666.666667
45008 199225692.622690 556666.666667
45009 199044741.023588 556666.666667
45010 198846673.135054 556666.666667
45011 198627581.181020 556666.666667
45012 198391614.945958 556666.666667
45013 198137098.455697 556666.666667
45014 197864178.190891 556666.666667
45015 197573421.172168 556666.666667
45016 197265529.752507 556666.666667
45017 196938150.731313 556666.666667
45018 196593726.524447 556666.666667
45019 196233716.581295 556666.666667
45020 195854424.149286 556666.666667
45021 195460626.681723 556666.666667
45022 195047962.288781 556666.666667
45023 194618768.413351 556666.666667
45024 194173274.496146 556666.666667
45025 193867339.492265 556666.666667
45026 193554336.776263 556666.666667
45027 193234339.416283 556666.666667
45028 192907421.739406 556666.666667
45029 192573659.290602 556666.666667
45030 192233128.791336 556666.666667
45031 191885908.097872 556666.666667
45032 191532076.159315 556666.666667
45033 191171712.975426 556666.666667
45034 190804899.554255 556666.666667
45035 190431717.869627 556666.666667
45036 190052250.818521 556666.666667
45037 189666582.178377 556666.666667
45038 189274796.564372 556666.666667
47001 199954733.254451 556666.666667
47002 199906890.034421 556666.666667
47003 199842082.292872 556666.666667
47004 199755979.067305 556666.666667
47005 199650780.021650 556666.666667
47006 199526230.305798 556666.666667
47007 199386140.881117 556666.666667
47008 199225692.622690 556666.666667
47009 199044741.023588 556666.666667
47010 198846673.135054 556666.666667
47011 198627581.181020 556666.666667
47012 198391614.945958 556666.666667
47013 198137098.455697 556666.666667
47014 197864178.190891 556666.666667
47015 197573421.172168 556666.666667
47016 197265529.752507 556666.666667
47017 196938150.731313 556666.666667
47018 196593726.524447 556666.666667
47019 196233716.581295 556666.666667
47020 195854424.149286 556666.666667
47021 195460626.681723 556666.666667
47022 195047962.288781 556666.666667
47023 194618768.413351 556666.666667
47024 194173274.496146 556666.666667
47025 193867339.492265 556666.666667
47026 193554336.776263 556666.666667
47027 193234339.416283 556666.666667
47028 192907421.739406 556666.666667
47029 192573659.290602 556666.666667
47030 192233128.791336 556666.666667
47031 191885908.097872 556666.666667
47032 191532076.159315 556666.666667
47033 191171712.975426 556666.666667
47034 190804899.554255 556666.666667
47035 190431717.869627 556666.666667
47036 190052250.818521 556666.666667
47037 189666582.178377 556666.666667
47038 189274796.564372 556666.666667
46001 199954729.587338 556666.666667
46002 199906621.782757 556666.666667
46003 199841547.881415 556666.666667
46004 199754999.996938 556666.666667
46005 199650885.108123 556666.666667
46006 199525820.374074 556666.666667
46007 199384709.463530 556666.666667
46008 199230547.892234 556666.666667
46009 199049836.334767 556666.666667
46010 198846570.431216 556666.666667
46011 198627503.747091 556666.666667
46012 198389486.802589 556666.666667
46013 198136860.528904 556666.666667
46014 197862566.545115 556666.666667
46015 197571090.683441 556666.666667
46016 197267094.926597 556666.666667
46017 196940182.978582 556666.666667
46018 196595691.363152 556666.666667
46019 196233840.072506 556666.666667
46020 195854817.296185 556666.666667
46021 195458829.516266 556666.666667
46022 195046091.162106 556666.666667
46023 194616824.329086 556666.666667
46024 194171258.490061 556666.666667
46025 193709630.200183 556666.666667
46026 193232182.795772 556666.666667
46027 192739166.087930 556666.666667
46028 192230836.051567 556666.666667
46029 191707454.510532 556666.666667
46030 191169288.819518 556666.666667
46031 190616611.543426 556666.666667
46032 190049700.134845 556666.666667
46033 189272164.325707 556666.666667
46034 188470505.301848 556666.666667
46035 187645415.155202 556666.666667
46036 186797596.650164 556666.666667
46037 185927761.871868 556666.666667
46038 185036630.887921 556666.666667
48001 199954729.587338 556666.666667
48002 199906621.782757 556666.666667
48003 199841547.881415 556666.666667
48004 199754999.996938 556666.666667
48005 199650885.108123 556666.666667
48006 199525820.374074 556666.666667
48007 199384709.463530 556666.666667
48008 199230547.892234 556666.666667
48009 199049836.334767 556666.666667
48010 198846570.431216 556666.666667
48011 198627503.747091 556666.666667
48012 198389486.802589 556666.666667
48013 198136860.528904 556666.666667
48014 197862566.545115 556666.666667
48015 197571090.683441 556666.666667
48016 197267094.926597 556666.666667
48017 196940182.978582 556666.666667
48018 196595691.363152 556666.666667
48019 196233840.072506 556666.666667
48020 195854817.296185 556666.666667
48021 195458829.516266 556666.666667
48022 195046091.162106 556666.666667
48023 194616824.329086 556666.666667
48024 194171258.490061 556666.666667
48025 193709630.200183 556666.666667
48026 193232182.795772 556666.666667
48027 192739166.087930 556666.666667
48028 192230836.051567 556666.666667
48029 191707454.510532 556666.666667
48030 191169288.819518 556666.666667
48031 190616611.543426 556666.666667
48032 190049700.134845 556666.666667
48033 189272164.325707 556666.666667
48034 188470505.301848 556666.666667
48035 187645415.155202 556666.666667
48036 186797596.650164 556666.666667
48037 185927761.871868 556666.666667
48038 185036630.887921 556666.666667
55001 199954733.254451 556666.666667
55002 199906890.034421 556666.666667
55003 199842082.292872 556666.666667
55004 199755979.067305 556666.666667
55005 199650780.021650 556666.666667
55006 199526230.305798 556666.666667
55007 199386140.881117 556666.666667
55008 199225692.622690 556666.666667
55009 199044741.023588 556666.666667
55010 198846673.135054 556666.666667
55011 198627581.181020 556666.666667
55012 198391614.945958 556666.666667
55013 198137098.455697 556666.666667
55014 197864178.190891 556666.666667
55015 197573421.172168 556666.666667
55016 197265529.752507 556666.666667
55017 196938150.731313 556666.666667
55018 196593726.524447 556666.666667
55019 196233716.581295 556666.666667
55020 195854424.149286 556666.666667
55021 195460626.681723 556666.666667
55022 195047962.288781 556666.666667
55023 194618768.413351 556666.666667
55024 194173274.496146 556666.666667
55025 193711717.061505 556666.666667
55026 193234339.416283 556666.666667
55027 192741391.343490 556666.666667
55028 192233128.791336 556666.666667
55029 191709813.558374 556666.666667
55030 191171712.975426 556666.666667
55031 190619099.584948 556666.666667
55032 190052250.818521 556666.666667
55033 189274796.564372 556666.666667
55034 188473216.807895 556666.666667
55035 187648203.603174 556666.666667
55036 186800459.681284 556666.666667
55037 185930697.098519 556666.666667
55038 185039635.898083 556666.666667
57001 199954733.254451 556666.666667
57002 199906890.034421 556666.666667
57003 199842082.292872 556666.666667
57004 199755979.067305 556666.666667
57005 199650780.021650 556666.666667
57006 199526230.305798 556666.666667
57007 199386140.881117 556666.666667
57008 199225692.622690 556666.666667
57009 199044741.023588 556666.666667
57010 198846673.135054 556666.666667
57011 198627581.181020 556666.666667
57012 198391614.945958 556666.666667
57013 198137098.455697 556666.666667
57014 197864178.190891 556666.666667
57015 197573421.172168 556666.666667
57016 197265529.752507 556666.666667
57017 196938150.731313 556666.666667
57018 196593726.524447 556666.666667
57019 196233716.581295 556666.666667
57020 195854424.149286 556666.666667
57021 195460626.681723 556666.666667
57022 195047962.288781 556666.666667
57023 194618768.413351 556666.666667
57024 194173274.496146 556666.666667
57025 193711717.061505 556666.666667
57026 193234339.416283 556666.666667
57027 192741391.343490 556666.666667
57028 192233128.791336 556666.666667
57029 191709813.558374 556666.666667
57030 191171712.975426 556666.666667
57031 190619099.584948 556666.666667
57032 190052250.818521 556666.666667
57033 189274796.564372 556666.666667
57034 188473216.807895 556666.666667
57035 187648203.603174 556666.666667
57036 186800459.681284 556666.666667
57037 185930697.098519 556666.666667
57038 185039635.898083 556666.666667
56001 199954729.587338 556666.666667
56002 199906621.782757 556666.666667
56003 199841547.881415 556666.666667
56004 199754999.996938 556666.666667
56005 199650885.108123 556666.666667
56006 199525820.374074 556666.666667
56007 199384709.463530 556666.666667
56008 199230547.892234 556666.666667
56009 199049836.334767 556666.666667
56010 198846570.431216 556666.666667
56011 198627503.747091 556666.666667
56012 198389486.802589 556666.666667
56013 198136860.528904 556666.666667
56014 197862566.545115 556666.666667
56015 197571090.683441 556666.666667
56016 197267094.926597 556666.666667
56017 196940182.978582 556666.666667
56018 196595691.363152 556666.666667
56019 196233840.072506 556666.666667
56020 195854817.296185 556666.666667
56021 195458829.516266 556666.666667
56022 195046091.162106 556666.666667
56023 194616824.329086 556666.666667
56024 194171258.490061 556666.666667
56025 193865276.128999 556666.666667
56026 193552226.538679 556666.666667
56027 193232182.795772 556666.666667
56028 192905219.235614 556666.666667
56029 192571411.411156 556666.666667
56030 192230836.051567 556666.666667
56031 191883571.020536 556666.666667
56032 191529695.274312 556666.666667
56033 191169288.819518 556666.666667
56034 190802432.670783 556666.666667
56035 190429208.808229 556666.666667
56036 190049700.134845 556666.666667
56037 189663990.433798 556666.666667
56038 189272164.325707 556666.666667
58001 199954729.587338 556666.666667
58002 199906621.782757 556666.666667
58003 199841547.881415 556666.666667
58004 199754999.996938 556666.666667
58005 199650885.108123 556666.666667
58006 199525820.374074 556666.666667
58007 199384709.463530 556666.666667
58008 199230547.892234 556666.666667
58009 199049836.334767 556666.666667
58010 198846570.431216 556666.666667
58011 198627503.747091 556666.666667
58012 198389486.802589 556666.666667
58013 198136860.528904 556666.666667
58014 197862566.545115 556666.666667
58015 197571090.683441 556666.666667
58016 197267094.926597 556666.666667
58017 196940182.978582 556666.666667
58018 196595691.363152 556666.666667
58019 196233840.072506 556666.666667
58020 195854817.296185 556666.666667
58021 195458829.516266 556666.666667
58022 195046091.162106 556666.666667
58023 194616824.329086 556666.666667
58024 194171258.490061 556666.666667
58025 193865276.128999 556666.666667
58026 193552226.538679 556666.666667
58027 193232182.795772 556666.666667
58028 192905219.235614 556666.666667
58029 192571411.411156 556666.666667
58030 192230836.051567 556666.666667
58031 191883571.020536 556666.666667
58032 191529695.274312 556666.666667
58033 191169288.819518 556666.666667
58034 190802432.670783 556666.666667
58035 190429208.808229 556666.666667
58036 190049700.134845 556666.666667
58037 189663990.433798 556666.666667
58038 189272164.325707 556666.666667
