13001 -1.000000 0.000000 0.000000
13002 -1.000000 0.000000 0.000000
13003 -1.000000 0.000000 0.000000
13004 -1.000000 0.000000 0.000000
13005 -1.000000 0.000000 0.000000
13006 -1.000000 0.000000 0.000000
13007 -1.000000 0.000000 0.000000
13008 -1.000000 0.000000 0.000000
13009 -1.000000 0.000000 0.000000
13010 -1.000000 0.000000 0.000000
23001 -1.000000 0.000000 0.000000
23002 -1.000000 0.000000 0.000000
23003 -1.000000 0.000000 0.000000
23004 -1.000000 0.000000 0.000000
23005 -1.000000 0.000000 0.000000
23006 -1.000000 0.000000 0.000000
23007 -1.000000 0.000000 0.000000
23008 -1.000000 0.000000 0.000000
23009 -1.000000 0.000000 0.000000
23010 -1.000000 0.000000 0.000000
33001 -1.000000 0.000000 0.000000
33002 -1.000000 0.000000 0.000000
33003 -1.000000 0.000000 0.000000
33004 -1.000000 0.000000 0.000000
33005 -1.000000 0.000000 0.000000
33006 -1.000000 0.000000 0.000000
33007 -1.000000 0.000000 0.000000
33008 -1.000000 0.000000 0.000000
33009 -1.000000 0.000000 0.000000
33010 -1.000000 0.000000 0.000000
34001 -1.000000 0.000000 0.000000
34002 -1.000000 0.000000 0.000000
34003 -1.000000 0.000000 0.000000
34004 -1.000000 0.000000 0.000000
34005 -1.000000 0.000000 0.000000
34006 -1.000000 0.000000 0.000000
34007 -1.000000 0.000000 0.000000
34008 -1.000000 0.000000 0.000000
34009 -1.000000 0.000000 0.000000
34010 -1.000000 0.000000 0.000000
43001 -1.000000 0.000000 0.000000
43002 -1.000000 0.000000 0.000000
43003 -1.000000 0.000000 0.000000
43004 -1.000000 0.000000 0.000000
43005 -1.000000 0.000000 0.000000
43006 -1.000000 0.000000 0.000000
43007 -1.000000 0.000000 0.000000
43008 -1.000000 0.000000 0.000000
43009 -1.000000 0.000000 0.000000
43010 -1.000000 0.000000 0.000000
43011 -1.000000 0.000000 0.000000
43012 -1.000000 0.000000 0.000000
43013 -1.000000 0.000000 0.000000
43014 -1.000000 0.000000 0.000000
44001 -1.000000 0.000000 0.000000
44002 -1.000000 0.000000 0.000000
44003 -1.000000 0.000000 0.000000
44004 -1.000000 0.000000 0.000000
44005 -1.000000 0.000000 0.000000
44006 -1.000000 0.000000 0.000000
44007 -1.000000 0.000000 0.000000
44008 -1.000000 0.000000 0.000000
44009 -1.000000 0.000000 0.000000
44010 -1.000000 0.000000 0.000000
44011 -1.000000 0.000000 0.000000
44012 -1.000000 0.000000 0.000000
44013 -1.000000 0.000000 0.000000
44014 -1.000000 0.000000 0.000000
44015 -1.000000 0.000000 0.000000
44016 -1.000000 0.000000 0.000000
44017 -1.000000 0.000000 0.000000
44018 -1.000000 0.000000 0.000000
44019 -1.000000 0.000000 0.000000
44020 -1.000000 0.000000 0.000000
44021 -1.000000 0.000000 0.000000
44022 -1.000000 0.000000 0.000000
53001 -1.000000 0.000000 0.000000
53002 -1.000000 0.000000 0.000000
53003 -1.000000 0.000000 0.000000
53004 -1.000000 0.000000 0.000000
53005 -1.000000 0.000000 0.000000
53006 -1.000000 0.000000 0.000000
53007 -1.000000 0.000000 0.000000
53008 -1.000000 0.000000 0.000000
53009 -1.000000 0.000000 0.000000
53010 -1.000000 0.000000 0.000000
53011 -1.000000 0.000000 0.000000
53012 -1.000000 0.000000 0.000000
53013 -1.000000 0.000000 0.000000
53014 -1.000000 0.000000 0.000000
54001 -1.000000 0.000000 0.000000
54002 -1.000000 0.000000 0.000000
54003 -1.000000 0.000000 0.000000
54004 -1.000000 0.000000 0.000000
54005 -1.000000 0.000000 0.000000
54006 -1.000000 0.000000 0.000000
54007 -1.000000 0.000000 0.000000
54008 -1.000000 0.000000 0.000000
54009 -1.000000 0.000000 0.000000
54010 -1.000000 0.000000 0.000000
54011 -1.000000 0.000000 0.000000
54012 -1.000000 0.000000 0.000000
54013 -1.000000 0.000000 0.000000
54014 -1.000000 0.000000 0.000000
54015 -1.000000 0.000000 0.000000
54016 -1.000000 0.000000 0.000000
54017 -1.000000 0.000000 0.000000
54018 -1.000000 0.000000 0.000000
54019 -1.000000 0.000000 0.000000
54020 -1.000000 0.000000 0.000000
54021 -1.000000 0.000000 0.000000
54022 -1.000000 0.000000 0.000000
63001 -1.000000 0.000000 0.000000
63002 -1.000000 0.000000 0.000000
63003 -1.000000 0.000000 0.000000
63004 -1.000000 0.000000 0.000000
63005 -1.000000 0.000000 0.000000
63006 -1.000000 0.000000 0.000000
63007 -1.000000 0.000000 0.000000
63008 -1.000000 0.000000 0.000000
63009 -1.000000 0.000000 0.000000
63010 -1.000000 0.000000 0.000000
73001 -1.000000 0.000000 0.000000
73002 -1.000000 0.000000 0.000000
73003 -1.000000 0.000000 0.000000
73004 -1.000000 0.000000 0.000000
73005 -1.000000 0.000000 0.000000
73006 -1.000000 0.000000 0.000000
73007 -1.000000 0.000000 0.000000
73008 -1.000000 0.000000 0.000000
73009 -1.000000 0.000000 0.000000
73010 -1.000000 0.000000 0.000000
83001 -1.000000 0.000000 0.000000
83002 -1.000000 0.000000 0.000000
83003 -1.000000 0.000000 0.000000
83004 -1.000000 0.000000 0.000000
83005 -1.000000 0.000000 0.000000
83006 -1.000000 0.000000 0.000000
83007 -1.000000 0.000000 0.000000
83008 -1.000000 0.000000 0.000000
83009 -1.000000 0.000000 0.000000
83010 -1.000000 0.000000 0.000000
93001 -1.000000 0.000000 0.000000
93002 -1.000000 0.000000 0.000000
93003 -1.000000 0.000000 0.000000
93004 -1.000000 0.000000 0.000000
93005 -1.000000 0.000000 0.000000
93006 -1.000000 0.000000 0.000000
93007 -1.000000 0.000000 0.000000
93008 -1.000000 0.000000 0.000000
93009 -1.000000 0.000000 0.000000
93010 -1.000000 0.000000 0.000000
