45001 45001 1201 0.008368 45001
45002 45002 1202 0.008441 45002
45003 45003 1203 0.008517 45003
45004 45004 1204 0.008596 45004
45005 45005 1205 0.008678 45005
45006 45006 1206 0.008765 45006
45007 45007 1207 0.008854 45007
45008 45008 1208 0.008946 45008
45009 45009 1209 0.009043 45009
45010 45010 1210 0.009142 45010
45011 45011 1211 0.009243 45011
45012 45012 1212 0.009349 45012
45013 45013 1213 0.009458 45013
45014 45014 1214 0.009573 45014
45015 45015 1215 0.009690 45015
45016 45016 1216 0.009810 45016
45017 45017 1217 0.009936 45017
45018 45018 1218 0.010063 45018
45019 45019 1219 0.010195 45019
45020 45020 1220 0.010331 45020
45021 45021 1221 0.010466 45021
45022 45022 1222 0.010608 45022
45023 45023 1223 0.010755 45023
45024 45024 1224 0.010906 45024
45025 45025 1225 0.011010 45025
45026 45026 1226 0.011111 45026
45027 45027 1227 0.011219 45027
45028 45028 1228 0.011326 45028
45029 45029 1229 0.011432 45029
45030 45030 1230 0.011546 45030
45031 45031 1231 0.011655 45031
45032 45032 1232 0.011772 45032
45033 45033 1233 0.011889 45033
45034 45034 1234 0.012004 45034
45035 45035 1235 0.012126 45035
45036 45036 1236 0.012243 45036
45037 45037 1237 0.012368 45037
45038 45038 1238 0.012489 45038
47001 47001 1101 0.008368 47001
47002 47002 1102 0.008441 47002
47003 47003 1103 0.008517 47003
47004 47004 1104 0.008596 47004
47005 47005 1105 0.008678 47005
47006 47006 1106 0.008765 47006
47007 47007 1107 0.008854 47007
47008 47008 1108 0.008946 47008
47009 47009 1109 0.009043 47009
47010 47010 1110 0.009142 47010
47011 47011 1111 0.009243 47011
47012 47012 1112 0.009349 47012
47013 47013 1113 0.009458 47013
47014 47014 1114 0.009573 47014
47015 47015 1115 0.009690 47015
47016 47016 1116 0.009810 47016
47017 47017 1117 0.009936 47017
47018 47018 1118 0.010063 47018
47019 47019 1119 0.010195 47019
47020 47020 1120 0.010331 47020
47021 47021 1121 0.010466 47021
47022 47022 1122 0.010608 47022
47023 47023 1123 0.010755 47023
47024 47024 1124 0.010906 47024
47025 47025 1125 0.011010 47025
47026 47026 1126 0.011111 47026
47027 47027 1127 0.011219 47027
47028 47028 1128 0.011326 47028
47029 47029 1129 0.011432 47029
47030 47030 1130 0.011546 47030
47031 47031 1131 0.011655 47031
47032 47032 1132 0.011772 47032
47033 47033 1133 0.011889 47033
47034 47034 1134 0.012004 47034
47035 47035 1135 0.012126 47035
47036 47036 1136 0.012243 47036
47037 47037 1137 0.012368 47037
47038 47038 1138 0.012489 47038
46001 46001 1401 0.006776 46001
46002 46002 1402 0.006914 46002
46003 46003 1403 0.007046 46003
46004 46004 1404 0.007169 46004
46005 46005 1405 0.007292 46005
46006 46006 1406 0.007410 46006
46007 46007 1407 0.007520 46007
46008 46008 1408 0.007628 46008
46009 46009 1409 0.007728 46009
46010 46010 1410 0.007829 46010
46011 46011 1411 0.007924 46011
46012 46012 1412 0.008012 46012
46013 46013 1413 0.008100 46013
46014 46014 1414 0.008179 46014
46015 46015 1415 0.008260 46015
46016 46016 1416 0.008335 46016
46017 46017 1417 0.008404 46017
46018 46018 1418 0.008472 46018
46019 46019 1419 0.008538 46019
46020 46020 1420 0.008598 46020
46021 46021 1421 0.008655 46021
46022 46022 1422 0.008709 46022
46023 46023 1423 0.008761 46023
46024 46024 1424 0.008810 46024
46025 46025 1425 0.008854 46025
46026 46026 1426 0.008898 46026
46027 46027 1427 0.008937 46027
46028 46028 1428 0.008975 46028
46029 46029 1429 0.009011 46029
46030 46030 1430 0.009043 46030
46031 46031 1431 0.009074 46031
46032 46032 1432 0.009102 46032
46033 46033 1433 0.009137 46033
46034 46034 1434 0.009169 46034
46035 46035 1435 0.009196 46035
46036 46036 1436 0.009223 46036
46037 46037 1437 0.009244 46037
46038 46038 1438 0.009264 46038
48001 48001 1301 0.006776 48001
48002 48002 1302 0.006914 48002
48003 48003 1303 0.007046 48003
48004 48004 1304 0.007169 48004
48005 48005 1305 0.007292 48005
48006 48006 1306 0.007410 48006
48007 48007 1307 0.007520 48007
48008 48008 1308 0.007628 48008
48009 48009 1309 0.007728 48009
48010 48010 1310 0.007829 48010
48011 48011 1311 0.007924 48011
48012 48012 1312 0.008012 48012
48013 48013 1313 0.008100 48013
48014 48014 1314 0.008179 48014
48015 48015 1315 0.008260 48015
48016 48016 1316 0.008335 48016
48017 48017 1317 0.008404 48017
48018 48018 1318 0.008472 48018
48019 48019 1319 0.008538 48019
48020 48020 1320 0.008598 48020
48021 48021 1321 0.008655 48021
48022 48022 1322 0.008709 48022
48023 48023 1323 0.008761 48023
48024 48024 1324 0.008810 48024
48025 48025 1325 0.008854 48025
48026 48026 1326 0.008898 48026
48027 48027 1327 0.008937 48027
48028 48028 1328 0.008975 48028
48029 48029 1329 0.009011 48029
48030 48030 1330 0.009043 48030
48031 48031 1331 0.009074 48031
48032 48032 1332 0.009102 48032
48033 48033 1333 0.009137 48033
48034 48034 1334 0.009169 48034
48035 48035 1335 0.009196 48035
48036 48036 1336 0.009223 48036
48037 48037 1337 0.009244 48037
48038 48038 1338 0.009264 48038
55001 55001 1601 0.006776 55001
55002 55002 1602 0.006914 55002
55003 55003 1603 0.007046 55003
55004 55004 1604 0.007169 55004
55005 55005 1605 0.007292 55005
55006 55006 1606 0.007410 55006
55007 55007 1607 0.007520 55007
55008 55008 1608 0.007628 55008
55009 55009 1609 0.007728 55009
55010 55010 1610 0.007829 55010
55011 55011 1611 0.007924 55011
55012 55012 1612 0.008012 55012
55013 55013 1613 0.008100 55013
55014 55014 1614 0.008179 55014
55015 55015 1615 0.008260 55015
55016 55016 1616 0.008335 55016
55017 55017 1617 0.008404 55017
55018 55018 1618 0.008472 55018
55019 55019 1619 0.008538 55019
55020 55020 1620 0.008598 55020
55021 55021 1621 0.008655 55021
55022 55022 1622 0.008709 55022
55023 55023 1623 0.008761 55023
55024 55024 1624 0.008810 55024
55025 55025 1625 0.008854 55025
55026 55026 1626 0.008898 55026
55027 55027 1627 0.008937 55027
55028 55028 1628 0.008975 55028
55029 55029 1629 0.009011 55029
55030 55030 1630 0.009043 55030
55031 55031 1631 0.009074 55031
55032 55032 1438 0.009102 55032
55033 55033 1437 0.009137 55033
55034 55034 1436 0.009169 55034
55035 55035 1435 0.009196 55035
55036 55036 1434 0.009223 55036
55037 55037 1433 0.009244 55037
55038 55038 1432 0.009264 55038
57001 57001 1501 0.006776 57001
57002 57002 1502 0.006914 57002
57003 57003 1503 0.007046 57003
57004 57004 1504 0.007169 57004
57005 57005 1505 0.007292 57005
57006 57006 1506 0.007410 57006
57007 57007 1507 0.007520 57007
57008 57008 1508 0.007628 57008
57009 57009 1509 0.007728 57009
57010 57010 1510 0.007829 57010
57011 57011 1511 0.007924 57011
57012 57012 1512 0.008012 57012
57013 57013 1513 0.008100 57013
57014 57014 1514 0.008179 57014
57015 57015 1515 0.008260 57015
57016 57016 1516 0.008335 57016
57017 57017 1517 0.008404 57017
57018 57018 1518 0.008472 57018
57019 57019 1519 0.008538 57019
57020 57020 1520 0.008598 57020
57021 57021 1521 0.008655 57021
57022 57022 1522 0.008709 57022
57023 57023 1523 0.008761 57023
57024 57024 1524 0.008810 57024
57025 57025 1525 0.008854 57025
57026 57026 1526 0.008898 57026
57027 57027 1527 0.008937 57027
57028 57028 1528 0.008975 57028
57029 57029 1529 0.009011 57029
57030 57030 1530 0.009043 57030
57031 57031 1531 0.009074 57031
57032 57032 1338 0.009102 57032
57033 57033 1337 0.009137 57033
57034 57034 1336 0.009169 57034
57035 57035 1335 0.009196 57035
57036 57036 1334 0.009223 57036
57037 57037 1333 0.009244 57037
57038 57038 1332 0.009264 57038
56001 56001 1801 0.008368 56001
56002 56002 1802 0.008441 56002
56003 56003 1803 0.008517 56003
56004 56004 1804 0.008596 56004
56005 56005 1805 0.008678 56005
56006 56006 1806 0.008765 56006
56007 56007 1807 0.008854 56007
56008 56008 1808 0.008946 56008
56009 56009 1809 0.009043 56009
56010 56010 1810 0.009142 56010
56011 56011 1811 0.009243 56011
56012 56012 1812 0.009349 56012
56013 56013 1813 0.009458 56013
56014 56014 1814 0.009573 56014
56015 56015 1815 0.009690 56015
56016 56016 1816 0.009810 56016
56017 56017 1817 0.009936 56017
56018 56018 1818 0.010063 56018
56019 56019 1819 0.010195 56019
56020 56020 1820 0.010331 56020
56021 56021 1821 0.010466 56021
56022 56022 1822 0.010608 56022
56023 56023 1823 0.010755 56023
56024 56024 1824 0.010906 56024
56025 56025 1825 0.011010 56025
56026 56026 1826 0.011111 56026
56027 56027 1827 0.011219 56027
56028 56028 1828 0.011326 56028
56029 56029 1829 0.011432 56029
56030 56030 1830 0.011546 56030
56031 56031 1831 0.011655 56031
56032 56032 1832 0.011772 56032
56033 56033 1833 0.011889 56033
56034 56034 1834 0.012004 56034
56035 56035 1835 0.012126 56035
56036 56036 1836 0.012243 56036
56037 56037 1837 0.012368 56037
56038 56038 1838 0.012489 56038
58001 58001 1701 0.008368 58001
58002 58002 1702 0.008441 58002
58003 58003 1703 0.008517 58003
58004 58004 1704 0.008596 58004
58005 58005 1705 0.008678 58005
58006 58006 1706 0.008765 58006
58007 58007 1707 0.008854 58007
58008 58008 1708 0.008946 58008
58009 58009 1709 0.009043 58009
58010 58010 1710 0.009142 58010
58011 58011 1711 0.009243 58011
58012 58012 1712 0.009349 58012
58013 58013 1713 0.009458 58013
58014 58014 1714 0.009573 58014
58015 58015 1715 0.009690 58015
58016 58016 1716 0.009810 58016
58017 58017 1717 0.009936 58017
58018 58018 1718 0.010063 58018
58019 58019 1719 0.010195 58019
58020 58020 1720 0.010331 58020
58021 58021 1721 0.010466 58021
58022 58022 1722 0.010608 58022
58023 58023 1723 0.010755 58023
58024 58024 1724 0.010906 58024
58025 58025 1725 0.011010 58025
58026 58026 1726 0.011111 58026
58027 58027 1727 0.011219 58027
58028 58028 1728 0.011326 58028
58029 58029 1729 0.011432 58029
58030 58030 1730 0.011546 58030
58031 58031 1731 0.011655 58031
58032 58032 1732 0.011772 58032
58033 58033 1733 0.011889 58033
58034 58034 1734 0.012004 58034
58035 58035 1735 0.012126 58035
58036 58036 1736 0.012243 58036
58037 58037 1737 0.012368 58037
58038 58038 1738 0.012489 58038
