41129	324	14.5	247	72.48
41128	324	14.5	245.5	144.97
41127	324	14.5	244	144.97
41126	324	14.5	242.5	144.97
41125	324	14.5	241	144.97
41124	324	14.5	239.5	144.97
41123	324	14.5	238	144.97
41122	324	14.5	236.5	144.97
41121	324	14.5	235	144.97
41120	324	14.5	233.5	144.97
41119	324	14.5	232	144.97
41118	324	14.5	230.5	144.97
41117	324	14.5	229	144.97
41116	324	14.5	227.5	144.97
41115	324	14.5	226	144.97
41114	324	14.5	224.5	144.97
41113	324	14.5	223	144.97
41112	324	14.5	221.5	144.97
41111	324	14.5	220	144.97
41110	324	14.5	218.5	144.97
41109	324	14.5	217	144.97
41108	324	14.5	215.5	144.97
41107	324	14.5	214	144.97
41106	324	14.5	212.5	144.97
41105	324	14.5	211	144.97
41104	324	14.5	209.5	144.97
41103	324	14.5	208	144.97
41102	324	14.5	206.5	144.97
41101	324	14.5	205	144.97
41100	324	14.5	203.5	144.97
41099	324	14.5	202	144.97
41098	324	14.5	200.5	144.97
41097	324	14.5	199	144.97
41096	324	14.5	197.5	144.97
41095	324	14.5	196	144.97
41094	324	14.5	194.5	144.97
41093	324	14.5	193	144.97
41092	324	14.5	191.5	144.97
41091	324	14.5	190	169.13
41090	324	14.5	188	227.01
41089	324	14.5	185.5	260.74
41088	324	14.5	183	237.93
41087	324	14.5	181	215.12
41086	324	14.5	179	215.12
41085	324	14.5	177	215.12
41084	324	14.5	175	218.48
41083	324	14.5	173	221.85
41082	324	14.5	171	288.15
41081	324	14.5	169	221.85
41080	324	14.5	167	218.41
41079	324	14.63115	165	216.15
41078	324	14.7623	163	218.51
41077	324	14.89344	161	220.87
41076	324	15.02459	159	223.23
41075	324	15.15574	157	225.59
41074	324	15.28689	155	227.95
41073	324	15.41803	153	230.31
41072	324	15.54918	151	232.67
41071	324	15.68033	149	235.03
41070	324	15.81148	147	237.39
41069	324	15.94262	145	239.75
41068	324	16.07377	143	242.11
41067	324	16.20492	141	244.47
41066	324	16.33607	139	246.83
41065	324	16.46721	137	249.19
41064	324	16.59836	135	251.55
41063	324	16.72951	133	253.9
41062	324	16.86066	131	256.26
41061	324	16.9918	129	258.62
41060	324	17.12295	127	260.98
41059	324	17.2541	125	263.34
41058	324	17.38525	123	265.7
41057	324	17.51639	121	268.06
41056	324	17.64754	119	270.42
41055	324	17.77869	117	272.78
41054	324	17.90984	115	275.14
41053	324	18.04098	113	277.5
41052	324	18.17213	111	279.86
41051	324	18.30328	109	282.22
41050	324	18.43443	107	284.58
41049	324	18.56557	105	286.94
41048	324	18.69672	103	289.3
41047	324	18.82787	101	291.66
41046	324	18.95902	99	294.02
41045	324	19.09016	97	296.38
41044	324	19.22131	95	298.74
41043	324	19.35246	93	301.09
41042	324	19.48361	91	303.45
41041	324	19.61475	89	305.81
41040	324	19.7459	87	308.17
41039	324	19.87705	85	310.53
41038	324	20.0082	83	312.89
41037	324	20.13934	81	315.25
41036	324	20.27049	79	317.61
41035	324	20.40164	77	319.97
41034	324	20.53279	75	322.33
41033	324	20.66393	73	324.69
41032	324	20.79508	71	327.05
41031	324	20.92623	69	329.41
41030	324	21.05738	67	331.77
41029	324	21.18852	65	334.13
41028	324	21.31967	63	336.49
41027	324	21.45082	61	338.85
41026	324	21.58197	59	341.21
41025	324	21.71311	57	343.57
41024	324	21.84426	55	345.93
41023	324	21.97541	53	348.29
41022	324	22.10656	51	350.64
41021	324	22.2377	49	353
41020	324	22.36885	47	355.36
41019	324	22.5	45	557.98
41018	324	22.18056	42.5	591.06
41017	324	21.86111	40	601.15
41016	324	21.54167	37.5	611.24
41015	324	21.22222	35	621.33
41014	324	20.90278	32.5	631.42
41013	324	20.58333	30	641.51
41012	324	20.26389	27.5	651.6
41011	324	19.94444	25	661.69
41010	324	19.625	22.5	671.78
41009	324	19.30556	20	681.87
41008	324	18.98611	17.5	691.96
41007	324	18.66667	15	702.05
41006	324	18.34722	12.5	712.14
41005	324	18.02778	10	722.23
41004	324	17.70833	7.5	732.32
41003	324	17.38889	5	742.41
41002	324	17.06944	2.5	752.5
41001	324	16.75	0	378.77
42129	324	-14.5	247	72.48
42128	324	-14.5	245.5	144.97
42127	324	-14.5	244	144.97
42126	324	-14.5	242.5	144.97
42125	324	-14.5	241	144.97
42124	324	-14.5	239.5	144.97
42123	324	-14.5	238	144.97
42122	324	-14.5	236.5	144.97
42121	324	-14.5	235	144.97
42120	324	-14.5	233.5	144.97
42119	324	-14.5	232	144.97
42118	324	-14.5	230.5	144.97
42117	324	-14.5	229	144.97
42116	324	-14.5	227.5	144.97
42115	324	-14.5	226	144.97
42114	324	-14.5	224.5	144.97
42113	324	-14.5	223	144.97
42112	324	-14.5	221.5	144.97
42111	324	-14.5	220	144.97
42110	324	-14.5	218.5	144.97
42109	324	-14.5	217	144.97
42108	324	-14.5	215.5	144.97
42107	324	-14.5	214	144.97
42106	324	-14.5	212.5	144.97
42105	324	-14.5	211	144.97
42104	324	-14.5	209.5	144.97
42103	324	-14.5	208	144.97
42102	324	-14.5	206.5	144.97
42101	324	-14.5	205	144.97
42100	324	-14.5	203.5	144.97
42099	324	-14.5	202	144.97
42098	324	-14.5	200.5	144.97
42097	324	-14.5	199	144.97
42096	324	-14.5	197.5	144.97
42095	324	-14.5	196	144.97
42094	324	-14.5	194.5	144.97
42093	324	-14.5	193	144.97
42092	324	-14.5	191.5	144.97
42091	324	-14.5	190	169.13
42090	324	-14.5	188	227.01
42089	324	-14.5	185.5	260.74
42088	324	-14.5	183	237.93
42087	324	-14.5	181	215.12
42086	324	-14.5	179	215.12
42085	324	-14.5	177	215.12
42084	324	-14.5	175	218.48
42083	324	-14.5	173	221.85
42082	324	-14.5	171	288.15
42081	324	-14.5	169	221.85
42080	324	-14.5	167	218.41
42079	324	-14.63115	165	216.15
42078	324	-14.7623	163	218.51
42077	324	-14.89344	161	220.87
42076	324	-15.02459	159	223.23
42075	324	-15.15574	157	225.59
42074	324	-15.28689	155	227.95
42073	324	-15.41803	153	230.31
42072	324	-15.54918	151	232.67
42071	324	-15.68033	149	235.03
42070	324	-15.81148	147	237.39
42069	324	-15.94262	145	239.75
42068	324	-16.07377	143	242.11
42067	324	-16.20492	141	244.47
42066	324	-16.33607	139	246.83
42065	324	-16.46721	137	249.19
42064	324	-16.59836	135	251.55
42063	324	-16.72951	133	253.9
42062	324	-16.86066	131	256.26
42061	324	-16.9918	129	258.62
42060	324	-17.12295	127	260.98
42059	324	-17.2541	125	263.34
42058	324	-17.38525	123	265.7
42057	324	-17.51639	121	268.06
42056	324	-17.64754	119	270.42
42055	324	-17.77869	117	272.78
42054	324	-17.90984	115	275.14
42053	324	-18.04098	113	277.5
42052	324	-18.17213	111	279.86
42051	324	-18.30328	109	282.22
42050	324	-18.43443	107	284.58
42049	324	-18.56557	105	286.94
42048	324	-18.69672	103	289.3
42047	324	-18.82787	101	291.66
42046	324	-18.95902	99	294.02
42045	324	-19.09016	97	296.38
42044	324	-19.22131	95	298.74
42043	324	-19.35246	93	301.09
42042	324	-19.48361	91	303.45
42041	324	-19.61475	89	305.81
42040	324	-19.7459	87	308.17
42039	324	-19.87705	85	310.53
42038	324	-20.0082	83	312.89
42037	324	-20.13934	81	315.25
42036	324	-20.27049	79	317.61
42035	324	-20.40164	77	319.97
42034	324	-20.53279	75	322.33
42033	324	-20.66393	73	324.69
42032	324	-20.79508	71	327.05
42031	324	-20.92623	69	329.41
42030	324	-21.05738	67	331.77
42029	324	-21.18852	65	334.13
42028	324	-21.31967	63	336.49
42027	324	-21.45082	61	338.85
42026	324	-21.58197	59	341.21
42025	324	-21.71311	57	343.57
42024	324	-21.84426	55	345.93
42023	324	-21.97541	53	348.29
42022	324	-22.10656	51	350.64
42021	324	-22.2377	49	353
42020	324	-22.36885	47	355.36
42019	324	-22.5	45	557.98
42018	324	-22.18056	42.5	591.06
42017	324	-21.86111	40	601.15
42016	324	-21.54167	37.5	611.24
42015	324	-21.22222	35	621.33
42014	324	-20.90278	32.5	631.42
42013	324	-20.58333	30	641.51
42012	324	-20.26389	27.5	651.6
42011	324	-19.94444	25	661.69
42010	324	-19.625	22.5	671.78
42009	324	-19.30556	20	681.87
42008	324	-18.98611	17.5	691.96
42007	324	-18.66667	15	702.05
42006	324	-18.34722	12.5	712.14
42005	324	-18.02778	10	722.23
42004	324	-17.70833	7.5	732.32
42003	324	-17.38889	5	742.41
42002	324	-17.06944	2.5	752.5
42001	324	-16.75	0	378.77
43001	324	12.5	171	132.6
43002	324	10.5	171	132.6
43003	324	8.5	171	132.6
43004	324	6.5	171	132.6
43005	324	4.5	171	132.6
43006	324	2.5	171	149.18
43007	324	0	171	165.75
43008	324	-2.5	171	149.18
43009	324	-4.5	171	132.6
43010	324	-6.5	171	132.6
43011	324	-8.5	171	132.6
43012	324	-10.5	171	132.6
43013	324	-12.5	171	132.6
44001	324	20.5	45	173.4
44002	324	18.5	45	173.4
44003	324	16.5	45	173.4
44004	324	14.5	45	173.4
44005	324	12.5	45	173.4
44006	324	10.5	45	173.4
44007	324	8.5	45	173.4
44008	324	6.5	45	173.4
44009	324	4.5	45	173.4
44010	324	2.5	45	195.08
44011	324	0	45	216.75
44012	324	-2.5	45	195.08
44013	324	-4.5	45	173.4
44014	324	-6.5	45	173.4
44015	324	-8.5	45	173.4
44016	324	-10.5	45	173.4
44017	324	-12.5	45	173.4
44018	324	-14.5	45	173.4
44019	324	-16.5	45	173.4
44020	324	-18.5	45	173.4
44021	324	-20.5	45	173.4
51125	996	14.5	247	72.48
51124	996	14.5	245.5	144.97
51123	996	14.5	244	144.97
51122	996	14.5	242.5	144.97
51121	996	14.5	241	144.97
51120	996	14.5	239.5	144.97
51119	996	14.5	238	144.97
51118	996	14.5	236.5	144.97
51117	996	14.5	235	144.97
51116	996	14.5	233.5	144.97
51115	996	14.5	232	144.97
51114	996	14.5	230.5	144.97
51113	996	14.5	229	144.97
51112	996	14.5	227.5	144.97
51111	996	14.5	226	144.97
51110	996	14.5	224.5	144.97
51109	996	14.5	223	144.97
51108	996	14.5	221.5	144.97
51107	996	14.5	220	144.97
51106	996	14.5	218.5	144.97
51105	996	14.5	217	144.97
51104	996	14.5	215.5	144.97
51103	996	14.5	214	144.97
51102	996	14.5	212.5	144.97
51101	996	14.5	211	144.97
51100	996	14.5	209.5	144.97
51099	996	14.5	208	144.97
51098	996	14.5	206.5	144.97
51097	996	14.5	205	144.97
51096	996	14.5	203.5	144.97
51095	996	14.5	202	144.97
51094	996	14.5	200.5	144.97
51093	996	14.5	199	144.97
51092	996	14.5	197.5	144.97
51091	996	14.5	196	144.97
51090	996	14.5	194.5	144.97
51089	996	14.5	193	144.97
51088	996	14.5	191.5	144.97
51087	996	14.5	190	169.13
51086	996	14.5	188	227.01
51085	996	14.5	185.5	260.74
51084	996	14.5	183	237.93
51083	996	14.5	181	215.12
51082	996	14.5	179	215.12
51081	996	14.5	177	215.12
51080	996	14.5	175	218.48
51079	996	14.5	173	221.85
51078	996	14.5	171	288.15
51077	996	14.5	169	221.85
51076	996	14.5	167	218.41
51075	996	14.63115	165	216.15
51074	996	14.7623	163	218.51
51073	996	14.89344	161	220.87
51072	996	15.02459	159	223.23
51071	996	15.15574	157	225.59
51070	996	15.28689	155	227.95
51069	996	15.41803	153	230.31
51068	996	15.54918	151	232.67
51067	996	15.68033	149	235.03
51066	996	15.81148	147	237.39
51065	996	15.94262	145	239.75
51064	996	16.07377	143	242.11
51063	996	16.20492	141	244.47
51062	996	16.33607	139	246.83
51061	996	16.46721	137	249.19
51060	996	16.59836	135	251.55
51059	996	16.72951	133	253.9
51058	996	16.86066	131	256.26
51057	996	16.9918	129	258.62
51056	996	17.12295	127	260.98
51055	996	17.2541	125	263.34
51054	996	17.38525	123	265.7
51053	996	17.51639	121	268.06
51052	996	17.64754	119	270.42
51051	996	17.77869	117	272.78
51050	996	17.90984	115	275.14
51049	996	18.04098	113	277.5
51048	996	18.17213	111	279.86
51047	996	18.30328	109	282.22
51046	996	18.43443	107	284.58
51045	996	18.56557	105	286.94
51044	996	18.69672	103	289.3
51043	996	18.82787	101	291.66
51042	996	18.95902	99	294.02
51041	996	19.09016	97	296.38
51040	996	19.22131	95	298.74
51039	996	19.35246	93	301.09
51038	996	19.48361	91	303.45
51037	996	19.61475	89	305.81
51036	996	19.7459	87	308.17
51035	996	19.87705	85	310.53
51034	996	20.0082	83	312.89
51033	996	20.13934	81	315.25
51032	996	20.27049	79	317.61
51031	996	20.40164	77	319.97
51030	996	20.53279	75	322.33
51029	996	20.66393	73	324.69
51028	996	20.79508	71	327.05
51027	996	20.92623	69	329.41
51026	996	21.05738	67	331.77
51025	996	21.18852	65	334.13
51024	996	21.31967	63	336.49
51023	996	21.45082	61	338.85
51022	996	21.58197	59	341.21
51021	996	21.71311	57	343.57
51020	996	21.84426	55	345.93
51019	996	21.97541	53	348.29
51018	996	22.10656	51	350.64
51017	996	22.2377	49	353
51016	996	22.36885	47	355.36
51015	996	22.5	45	560.96
51014	996	22.08929	42.5	598.5
51013	996	21.67857	40	611.54
51012	996	21.26786	37.5	624.58
51011	996	20.85714	35	637.62
51010	996	20.44643	32.5	650.66
51009	996	20.03571	30	663.71
51008	996	19.625	27.5	676.75
51007	996	19.21429	25	689.79
51006	996	18.80357	22.5	702.83
51005	996	18.39286	20	715.87
51004	996	17.98214	17.5	728.91
51003	996	17.57143	15	741.95
51002	996	17.16071	12.5	754.99
51001	996	16.75	10	380.76
52125	996	-14.5	247	72.48
52124	996	-14.5	245.5	144.97
52123	996	-14.5	244	144.97
52122	996	-14.5	242.5	144.97
52121	996	-14.5	241	144.97
52120	996	-14.5	239.5	144.97
52119	996	-14.5	238	144.97
52118	996	-14.5	236.5	144.97
52117	996	-14.5	235	144.97
52116	996	-14.5	233.5	144.97
52115	996	-14.5	232	144.97
52114	996	-14.5	230.5	144.97
52113	996	-14.5	229	144.97
52112	996	-14.5	227.5	144.97
52111	996	-14.5	226	144.97
52110	996	-14.5	224.5	144.97
52109	996	-14.5	223	144.97
52108	996	-14.5	221.5	144.97
52107	996	-14.5	220	144.97
52106	996	-14.5	218.5	144.97
52105	996	-14.5	217	144.97
52104	996	-14.5	215.5	144.97
52103	996	-14.5	214	144.97
52102	996	-14.5	212.5	144.97
52101	996	-14.5	211	144.97
52100	996	-14.5	209.5	144.97
52099	996	-14.5	208	144.97
52098	996	-14.5	206.5	144.97
52097	996	-14.5	205	144.97
52096	996	-14.5	203.5	144.97
52095	996	-14.5	202	144.97
52094	996	-14.5	200.5	144.97
52093	996	-14.5	199	144.97
52092	996	-14.5	197.5	144.97
52091	996	-14.5	196	144.97
52090	996	-14.5	194.5	144.97
52089	996	-14.5	193	144.97
52088	996	-14.5	191.5	144.97
52087	996	-14.5	190	169.13
52086	996	-14.5	188	227.01
52085	996	-14.5	185.5	260.74
52084	996	-14.5	183	237.93
52083	996	-14.5	181	215.12
52082	996	-14.5	179	215.12
52081	996	-14.5	177	215.12
52080	996	-14.5	175	218.48
52079	996	-14.5	173	221.85
52078	996	-14.5	171	288.15
52077	996	-14.5	169	221.85
52076	996	-14.5	167	218.41
52075	996	-14.63115	165	216.15
52074	996	-14.7623	163	218.51
52073	996	-14.89344	161	220.87
52072	996	-15.02459	159	223.23
52071	996	-15.15574	157	225.59
52070	996	-15.28689	155	227.95
52069	996	-15.41803	153	230.31
52068	996	-15.54918	151	232.67
52067	996	-15.68033	149	235.03
52066	996	-15.81148	147	237.39
52065	996	-15.94262	145	239.75
52064	996	-16.07377	143	242.11
52063	996	-16.20492	141	244.47
52062	996	-16.33607	139	246.83
52061	996	-16.46721	137	249.19
52060	996	-16.59836	135	251.55
52059	996	-16.72951	133	253.9
52058	996	-16.86066	131	256.26
52057	996	-16.9918	129	258.62
52056	996	-17.12295	127	260.98
52055	996	-17.2541	125	263.34
52054	996	-17.38525	123	265.7
52053	996	-17.51639	121	268.06
52052	996	-17.64754	119	270.42
52051	996	-17.77869	117	272.78
52050	996	-17.90984	115	275.14
52049	996	-18.04098	113	277.5
52048	996	-18.17213	111	279.86
52047	996	-18.30328	109	282.22
52046	996	-18.43443	107	284.58
52045	996	-18.56557	105	286.94
52044	996	-18.69672	103	289.3
52043	996	-18.82787	101	291.66
52042	996	-18.95902	99	294.02
52041	996	-19.09016	97	296.38
52040	996	-19.22131	95	298.74
52039	996	-19.35246	93	301.09
52038	996	-19.48361	91	303.45
52037	996	-19.61475	89	305.81
52036	996	-19.7459	87	308.17
52035	996	-19.87705	85	310.53
52034	996	-20.0082	83	312.89
52033	996	-20.13934	81	315.25
52032	996	-20.27049	79	317.61
52031	996	-20.40164	77	319.97
52030	996	-20.53279	75	322.33
52029	996	-20.66393	73	324.69
52028	996	-20.79508	71	327.05
52027	996	-20.92623	69	329.41
52026	996	-21.05738	67	331.77
52025	996	-21.18852	65	334.13
52024	996	-21.31967	63	336.49
52023	996	-21.45082	61	338.85
52022	996	-21.58197	59	341.21
52021	996	-21.71311	57	343.57
52020	996	-21.84426	55	345.93
52019	996	-21.97541	53	348.29
52018	996	-22.10656	51	350.64
52017	996	-22.2377	49	353
52016	996	-22.36885	47	355.36
52015	996	-22.5	45	560.96
52014	996	-22.08929	42.5	598.5
52013	996	-21.67857	40	611.54
52012	996	-21.26786	37.5	624.58
52011	996	-20.85714	35	637.62
52010	996	-20.44643	32.5	650.66
52009	996	-20.03571	30	663.71
52008	996	-19.625	27.5	676.75
52007	996	-19.21429	25	689.79
52006	996	-18.80357	22.5	702.83
52005	996	-18.39286	20	715.87
52004	996	-17.98214	17.5	728.91
52003	996	-17.57143	15	741.95
52002	996	-17.16071	12.5	754.99
52001	996	-16.75	10	380.76
53001	996	12.5	171	132.6
53002	996	10.5	171	132.6
53003	996	8.5	171	132.6
53004	996	6.5	171	132.6
53005	996	4.5	171	132.6
53006	996	2.5	171	149.18
53007	996	0	171	165.75
53008	996	-2.5	171	149.18
53009	996	-4.5	171	132.6
53010	996	-6.5	171	132.6
53011	996	-8.5	171	132.6
53012	996	-10.5	171	132.6
53013	996	-12.5	171	132.6
54001	996	20.5	45	173.4
54002	996	18.5	45	173.4
54003	996	16.5	45	173.4
54004	996	14.5	45	173.4
54005	996	12.5	45	173.4
54006	996	10.5	45	173.4
54007	996	8.5	45	173.4
54008	996	6.5	45	173.4
54009	996	4.5	45	173.4
54010	996	2.5	45	195.08
54011	996	0	45	216.75
54012	996	-2.5	45	195.08
54013	996	-4.5	45	173.4
54014	996	-6.5	45	173.4
54015	996	-8.5	45	173.4
54016	996	-10.5	45	173.4
54017	996	-12.5	45	173.4
54018	996	-14.5	45	173.4
54019	996	-16.5	45	173.4
54020	996	-18.5	45	173.4
54021	996	-20.5	45	173.4
11017	0	11.25	45.2	58.98
11016	0	11.25	43.425	117.95
11015	0	11.25	41.65	117.95
11014	0	11.25	39.875	117.95
11013	0	11.25	38.1	117.95
11012	0	11.25	36.325	117.95
11011	0	11.25	34.55	117.95
11010	0	11.25	32.775	117.95
11009	0	11.25	31	117.95
11008	0	11.25	29.225	117.95
11007	0	11.25	27.45	117.95
11006	0	11.25	25.675	117.95
11005	0	11.25	23.9	117.95
11004	0	11.25	22.125	117.95
11003	0	11.25	20.35	117.95
11002	0	11.25	18.575	117.95
11001	0	11.25	16.8	58.98
12017	0	-11.25	45.2	58.98
12016	0	-11.25	43.425	117.95
12015	0	-11.25	41.65	117.95
12014	0	-11.25	39.875	117.95
12013	0	-11.25	38.1	117.95
12012	0	-11.25	36.325	117.95
12011	0	-11.25	34.55	117.95
12010	0	-11.25	32.775	117.95
12009	0	-11.25	31	117.95
12008	0	-11.25	29.225	117.95
12007	0	-11.25	27.45	117.95
12006	0	-11.25	25.675	117.95
12005	0	-11.25	23.9	117.95
12004	0	-11.25	22.125	117.95
12003	0	-11.25	20.35	117.95
12002	0	-11.25	18.575	117.95
12001	0	-11.25	16.8	58.98
13001	-0.18	17.25	47.554	86.6
13002	-0.18	14.5	47.554	188.96
13003	-0.18	11.25	47.554	220.45
13004	-0.18	7.5	47.554	236.19
13005	-0.18	3.75	47.554	236.19
13006	-0.18	0	47.554	236.19
13007	-0.18	-3.75	47.554	236.19
13008	-0.18	-7.5	47.554	236.19
13009	-0.18	-11.25	47.554	220.45
13010	-0.18	-14.5	47.554	188.96
13011	-0.18	-17.25	47.554	86.6
21021	50	11.25	44.56	55.75
21020	50	11.25	42.882	111.51
21019	50	11.25	41.204	111.51
21018	50	11.25	39.526	111.51
21017	50	11.25	37.848	111.51
21016	50	11.25	36.17	111.51
21015	50	11.25	34.492	111.51
21014	50	11.25	32.814	111.51
21013	50	11.25	31.136	111.51
21012	50	11.25	29.458	111.51
21011	50	11.25	27.78	111.51
21010	50	11.25	26.102	111.51
21009	50	11.25	24.424	111.51
21008	50	11.25	22.746	111.51
21007	50	11.25	21.068	111.51
21006	50	11.25	19.39	111.51
21005	50	11.25	17.712	111.51
21004	50	11.25	16.034	111.51
21003	50	11.25	14.356	111.51
21002	50	11.25	12.678	111.51
21001	50	11.25	11	55.75
22021	50	-11.25	44.56	55.75
22020	50	-11.25	42.882	111.51
22019	50	-11.25	41.204	111.51
22018	50	-11.25	39.526	111.51
22017	50	-11.25	37.848	111.51
22016	50	-11.25	36.17	111.51
22015	50	-11.25	34.492	111.51
22014	50	-11.25	32.814	111.51
22013	50	-11.25	31.136	111.51
22012	50	-11.25	29.458	111.51
22011	50	-11.25	27.78	111.51
22010	50	-11.25	26.102	111.51
22009	50	-11.25	24.424	111.51
22008	50	-11.25	22.746	111.51
22007	50	-11.25	21.068	111.51
22006	50	-11.25	19.39	111.51
22005	50	-11.25	17.712	111.51
22004	50	-11.25	16.034	111.51
22003	50	-11.25	14.356	111.51
22002	50	-11.25	12.678	111.51
22001	50	-11.25	11	55.75
23001	50	17.25	46.649	119.09
23002	50	13	46.649	168.13
23003	50	11.25	46.649	154.12
23004	50	7.5	46.649	210.16
23005	50	3.75	46.649	210.16
23006	50	0	46.649	210.16
23007	50	-3.75	46.649	210.16
23008	50	-7.5	46.649	210.16
23009	50	-11.25	46.649	154.12
23010	50	-13	46.649	168.13
23011	50	-17.25	46.649	119.09
31017	100	11.25	44.7	76.86
31016	100	11.25	43	153.72
31015	100	11.25	41.3	153.72
31014	100	11.25	39.6	153.72
31013	100	11.25	37.9	153.72
31012	100	11.25	36.2	153.72
31011	100	11.25	34.5	153.72
31010	100	11.25	32.8	153.72
31009	100	11.25	31.1	153.72
31008	100	11.25	29.4	153.72
31007	100	11.25	27.7	153.72
31006	100	11.25	26	153.72
31005	100	11.25	24.3	153.72
31004	100	11.25	22.6	153.72
31003	100	11.25	20.9	153.72
31002	100	11.25	19.2	153.72
31001	100	11.25	17.5	76.86
32017	100	-11.25	44.7	76.86
32016	100	-11.25	43	153.72
32015	100	-11.25	41.3	153.72
32014	100	-11.25	39.6	153.72
32013	100	-11.25	37.9	153.72
32012	100	-11.25	36.2	153.72
32011	100	-11.25	34.5	153.72
32010	100	-11.25	32.8	153.72
32009	100	-11.25	31.1	153.72
32008	100	-11.25	29.4	153.72
32007	100	-11.25	27.7	153.72
32006	100	-11.25	26	153.72
32005	100	-11.25	24.3	153.72
32004	100	-11.25	22.6	153.72
32003	100	-11.25	20.9	153.72
32002	100	-11.25	19.2	153.72
32001	100	-11.25	17.5	76.86
33001	100	17.25	46.789	119.09
33002	100	13	46.789	168.13
33003	100	11.25	46.789	154.12
33004	100	7.5	46.789	210.16
33005	100	3.75	46.789	210.16
33006	100	0	46.789	210.16
33007	100	-3.75	46.789	210.16
33008	100	-7.5	46.789	210.16
33009	100	-11.25	46.789	154.12
33010	100	-13	46.789	168.13
33011	100	-17.25	46.789	119.09
34001	100	16.25	12.5	120.33
34002	100	13.75	12.5	240.66
34003	100	11.25	12.5	300.82
34004	100	7.5	12.5	360.98
34005	100	3.75	12.5	360.98
34006	100	0	12.5	360.98
34007	100	-3.75	12.5	360.98
34008	100	-7.5	12.5	360.98
34009	100	-11.25	12.5	300.82
34010	100	-13.75	12.5	240.66
34011	100	-16.25	12.5	120.33
61017	1170	11.25	45.9	40.79
61016	1170	11.25	43.975	81.58
61015	1170	11.25	42.05	81.58
61014	1170	11.25	40.125	81.58
61013	1170	11.25	38.2	81.58
61012	1170	11.25	36.275	81.58
61011	1170	11.25	34.35	81.58
61010	1170	11.25	32.425	81.58
61009	1170	11.25	30.5	81.58
61008	1170	11.25	28.575	81.58
61007	1170	11.25	26.65	81.58
61006	1170	11.25	24.725	81.58
61005	1170	11.25	22.8	81.58
61004	1170	11.25	20.875	81.58
61003	1170	11.25	18.95	81.58
61002	1170	11.25	17.025	81.58
61001	1170	11.25	15.1	40.79
62017	1170	-11.25	45.9	40.79
62016	1170	-11.25	43.975	81.58
62015	1170	-11.25	42.05	81.58
62014	1170	-11.25	40.125	81.58
62013	1170	-11.25	38.2	81.58
62012	1170	-11.25	36.275	81.58
62011	1170	-11.25	34.35	81.58
62010	1170	-11.25	32.425	81.58
62009	1170	-11.25	30.5	81.58
62008	1170	-11.25	28.575	81.58
62007	1170	-11.25	26.65	81.58
62006	1170	-11.25	24.725	81.58
62005	1170	-11.25	22.8	81.58
62004	1170	-11.25	20.875	81.58
62003	1170	-11.25	18.95	81.58
62002	1170	-11.25	17.025	81.58
62001	1170	-11.25	15.1	40.79
63001	1170	17.25	47.989	119.09
63002	1170	13	47.989	168.13
63003	1170	11.25	47.989	154.12
63004	1170	7.5	47.989	210.16
63005	1170	3.75	47.989	210.16
63006	1170	0	47.989	210.16
63007	1170	-3.75	47.989	210.16
63008	1170	-7.5	47.989	210.16
63009	1170	-11.25	47.989	154.12
63010	1170	-13	47.989	168.13
63011	1170	-17.25	47.989	119.09
71021	1220	11.25	45.7	32.31
71020	1220	11.25	44.175	64.63
71019	1220	11.25	42.65	64.63
71018	1220	11.25	41.125	64.63
71017	1220	11.25	39.6	64.63
71016	1220	11.25	38.075	64.63
71015	1220	11.25	36.55	64.63
71014	1220	11.25	35.025	64.63
71013	1220	11.25	33.5	64.63
71012	1220	11.25	31.975	64.63
71011	1220	11.25	30.45	64.63
71010	1220	11.25	28.925	64.63
71009	1220	11.25	27.4	64.63
71008	1220	11.25	25.875	64.63
71007	1220	11.25	24.35	64.63
71006	1220	11.25	22.825	64.63
71005	1220	11.25	21.3	64.63
71004	1220	11.25	19.775	64.63
71003	1220	11.25	18.25	64.63
71002	1220	11.25	16.725	64.63
71001	1220	11.25	15.2	32.31
72021	1220	-11.25	45.7	32.31
72020	1220	-11.25	44.175	64.63
72019	1220	-11.25	42.65	64.63
72018	1220	-11.25	41.125	64.63
72017	1220	-11.25	39.6	64.63
72016	1220	-11.25	38.075	64.63
72015	1220	-11.25	36.55	64.63
72014	1220	-11.25	35.025	64.63
72013	1220	-11.25	33.5	64.63
72012	1220	-11.25	31.975	64.63
72011	1220	-11.25	30.45	64.63
72010	1220	-11.25	28.925	64.63
72009	1220	-11.25	27.4	64.63
72008	1220	-11.25	25.875	64.63
72007	1220	-11.25	24.35	64.63
72006	1220	-11.25	22.825	64.63
72005	1220	-11.25	21.3	64.63
72004	1220	-11.25	19.775	64.63
72003	1220	-11.25	18.25	64.63
72002	1220	-11.25	16.725	64.63
72001	1220	-11.25	15.2	32.31
73001	1220	17.25	47.789	119.09
73002	1220	13	47.789	168.13
73003	1220	11.25	47.789	154.12
73004	1220	7.5	47.789	210.16
73005	1220	3.75	47.789	210.16
73006	1220	0	47.789	210.16
73007	1220	-3.75	47.789	210.16
73008	1220	-7.5	47.789	210.16
73009	1220	-11.25	47.789	154.12
73010	1220	-13	47.789	168.13
73011	1220	-17.25	47.789	119.09
81021	1270	11.25	45.6	32.74
81020	1270	11.25	44.055	65.48
81019	1270	11.25	42.51	65.48
81018	1270	11.25	40.965	65.48
81017	1270	11.25	39.42	65.48
81016	1270	11.25	37.875	65.48
81015	1270	11.25	36.33	65.48
81014	1270	11.25	34.785	65.48
81013	1270	11.25	33.24	65.48
81012	1270	11.25	31.695	65.48
81011	1270	11.25	30.15	65.48
81010	1270	11.25	28.605	65.48
81009	1270	11.25	27.06	65.48
81008	1270	11.25	25.515	65.48
81007	1270	11.25	23.97	65.48
81006	1270	11.25	22.425	65.48
81005	1270	11.25	20.88	65.48
81004	1270	11.25	19.335	65.48
81003	1270	11.25	17.79	65.48
81002	1270	11.25	16.245	65.48
81001	1270	11.25	14.7	32.74
82021	1270	-11.25	45.6	32.74
82020	1270	-11.25	44.055	65.48
82019	1270	-11.25	42.51	65.48
82018	1270	-11.25	40.965	65.48
82017	1270	-11.25	39.42	65.48
82016	1270	-11.25	37.875	65.48
82015	1270	-11.25	36.33	65.48
82014	1270	-11.25	34.785	65.48
82013	1270	-11.25	33.24	65.48
82012	1270	-11.25	31.695	65.48
82011	1270	-11.25	30.15	65.48
82010	1270	-11.25	28.605	65.48
82009	1270	-11.25	27.06	65.48
82008	1270	-11.25	25.515	65.48
82007	1270	-11.25	23.97	65.48
82006	1270	-11.25	22.425	65.48
82005	1270	-11.25	20.88	65.48
82004	1270	-11.25	19.335	65.48
82003	1270	-11.25	17.79	65.48
82002	1270	-11.25	16.245	65.48
82001	1270	-11.25	14.7	32.74
83001	1270	17.25	47.689	119.09
83002	1270	13	47.689	168.13
83003	1270	11.25	47.689	154.12
83004	1270	7.5	47.689	210.16
83005	1270	3.75	47.689	210.16
83006	1270	0	47.689	210.16
83007	1270	-3.75	47.689	210.16
83008	1270	-7.5	47.689	210.16
83009	1270	-11.25	47.689	154.12
83010	1270	-13	47.689	168.13
83011	1270	-17.25	47.689	119.09
91021	1320	11.25	45.2	32.53
91020	1320	11.25	43.665	65.05
91019	1320	11.25	42.13	65.05
91018	1320	11.25	40.595	65.05
91017	1320	11.25	39.06	65.05
91016	1320	11.25	37.525	65.05
91015	1320	11.25	35.99	65.05
91014	1320	11.25	34.455	65.05
91013	1320	11.25	32.92	65.05
91012	1320	11.25	31.385	65.05
91011	1320	11.25	29.85	65.05
91010	1320	11.25	28.315	65.05
91009	1320	11.25	26.78	65.05
91008	1320	11.25	25.245	65.05
91007	1320	11.25	23.71	65.05
91006	1320	11.25	22.175	65.05
91005	1320	11.25	20.64	65.05
91004	1320	11.25	19.105	65.05
91003	1320	11.25	17.57	65.05
91002	1320	11.25	16.035	65.05
91001	1320	11.25	14.5	32.53
92021	1320	-11.25	45.2	32.53
92020	1320	-11.25	43.665	65.05
92019	1320	-11.25	42.13	65.05
92018	1320	-11.25	40.595	65.05
92017	1320	-11.25	39.06	65.05
92016	1320	-11.25	37.525	65.05
92015	1320	-11.25	35.99	65.05
92014	1320	-11.25	34.455	65.05
92013	1320	-11.25	32.92	65.05
92012	1320	-11.25	31.385	65.05
92011	1320	-11.25	29.85	65.05
92010	1320	-11.25	28.315	65.05
92009	1320	-11.25	26.78	65.05
92008	1320	-11.25	25.245	65.05
92007	1320	-11.25	23.71	65.05
92006	1320	-11.25	22.175	65.05
92005	1320	-11.25	20.64	65.05
92004	1320	-11.25	19.105	65.05
92003	1320	-11.25	17.57	65.05
92002	1320	-11.25	16.035	65.05
92001	1320	-11.25	14.5	32.53
93001	1320.325	17.25	47.864	96.07
93002	1320.325	14.5	47.864	209.61
93003	1320.325	11.25	47.864	244.55
93004	1320.325	7.5	47.864	262.01
93005	1320.325	3.75	47.864	262.01
93006	1320.325	0	47.864	262.01
93007	1320.325	-3.75	47.864	262.01
93008	1320.325	-7.5	47.864	262.01
93009	1320.325	-11.25	47.864	244.55
93010	1320.325	-14.5	47.864	209.61
93011	1320.325	-17.25	47.864	96.07