4.424127 6.567211 0.001612
4.314968 6.676369 0.001612
4.205810 6.785528 0.001612
4.096652 6.894686 0.001612
3.987493 7.003845 0.001612
3.878335 7.113003 0.001612
3.769176 7.222162 0.001612
3.660018 7.331320 0.001612
3.550859 7.440479 0.001612
3.441701 7.549637 0.001612
3.332542 7.658796 0.001612
3.223384 7.767954 0.001612
3.114225 7.877113 0.001612
3.005067 7.986271 0.001612
2.895908 8.095430 0.001612
2.786750 8.204588 0.001612
2.677591 8.313747 0.001612
2.568433 8.422905 0.001612
2.459274 8.532063 0.001612
2.305570 8.532063 0.001612
2.151865 8.532063 0.001612
1.998160 8.532063 0.001612
1.844456 8.532063 0.001612
1.690751 8.532063 0.001612
1.537046 8.532063 0.001612
1.383342 8.532063 0.001612
1.229637 8.532063 0.001612
1.075932 8.532063 0.001612
0.922228 8.532063 0.001612
0.768523 8.532063 0.001612
0.614819 8.532063 0.001612
0.461114 8.532063 0.001612
0.307409 8.532063 0.001612
0.153705 8.532063 0.001612
0.000000 8.532063 0.001612
-0.153705 8.532063 0.001612
-0.307409 8.532063 0.001612
-0.461114 8.532063 0.001612
-0.614819 8.532063 0.001612
-0.768523 8.532063 0.001612
-0.922228 8.532063 0.001612
-1.075932 8.532063 0.001612
-1.229637 8.532063 0.001612
-1.383342 8.532063 0.001612
-1.537046 8.532063 0.001612
-1.690751 8.532063 0.001612
-1.844456 8.532063 0.001612
-1.998160 8.532063 0.001612
-2.151865 8.532063 0.001612
-2.305570 8.532063 0.001612
-2.459274 8.532063 0.001612
-2.568433 8.422905 0.001612
-2.677591 8.313747 0.001612
-2.786750 8.204588 0.001612
-2.895908 8.095430 0.001612
-3.005067 7.986271 0.001612
-3.114225 7.877113 0.001612
-3.223384 7.767954 0.001612
-3.332542 7.658796 0.001612
-3.441701 7.549637 0.001612
-3.550859 7.440479 0.001612
-3.660018 7.331320 0.001612
-3.769176 7.222162 0.001612
-3.878335 7.113003 0.001612
-3.987493 7.003845 0.001612
-4.096652 6.894686 0.001612
-4.205810 6.785528 0.001612
-4.314968 6.676369 0.001612
-4.424127 6.567211 0.001612
-4.424127 6.416240 0.001612
-4.424127 6.265270 0.001612
-4.424127 6.114300 0.001612
-4.424127 5.963329 0.001612
-4.424127 5.812359 0.001612
-4.424127 5.661389 0.001612
-4.424127 5.510418 0.001612
-4.424127 5.359448 0.001612
-4.424127 5.208477 0.001612
-4.424127 5.057507 0.001612
-4.424127 4.906537 0.001612
-4.424127 4.755566 0.001612
-4.424127 4.604596 0.001612
-4.424127 4.453626 0.001612
-4.424127 4.302655 0.001612
-4.424127 4.151685 0.001612
-4.424127 4.000715 0.001612
-4.424127 3.849744 0.001612
-4.424127 3.698774 0.001612
-4.424127 3.547803 0.001612
-4.424127 3.396833 0.001612
-4.424127 3.245863 0.001612
-4.424127 3.094892 0.001612
-4.424127 2.943922 0.001612
-4.424127 2.792952 0.001612
-4.424127 2.641981 0.001612
-4.424127 2.491011 0.001612
-4.424127 2.340041 0.001612
-4.424127 2.189070 0.001612
-4.424127 2.038100 0.001612
-4.424127 1.887130 0.001612
-4.424127 1.736159 0.001612
-4.424127 1.585189 0.001612
-4.424127 1.434218 0.001612
-4.424127 1.283248 0.001612
-4.424127 1.132278 0.001612
-4.424127 0.981307 0.001612
-4.424127 0.830337 0.001612
-4.424127 0.679367 0.001612
-4.424127 0.528396 0.001612
-4.424127 0.377426 0.001612
-4.424127 0.226456 0.001612
-4.424127 0.075485 0.001612
-4.424127 -0.075485 0.001612
-4.424127 -0.226456 0.001612
-4.424127 -0.377426 0.001612
-4.424127 -0.528396 0.001612
-4.424127 -0.679367 0.001612
-4.424127 -0.830337 0.001612
-4.424127 -0.981307 0.001612
-4.424127 -1.132278 0.001612
-4.424127 -1.283248 0.001612
-4.424127 -1.434218 0.001612
-4.424127 -1.585189 0.001612
-4.424127 -1.736159 0.001612
-4.424127 -1.887130 0.001612
-4.424127 -2.038100 0.001612
-4.424127 -2.189070 0.001612
-4.424127 -2.340041 0.001612
-4.424127 -2.491011 0.001612
-4.424127 -2.641981 0.001612
-4.424127 -2.792952 0.001612
-4.424127 -2.943922 0.001612
-4.424127 -3.094892 0.001612
-4.424127 -3.245863 0.001612
-4.424127 -3.396833 0.001612
-4.424127 -3.547803 0.001612
-4.424127 -3.698774 0.001612
-4.424127 -3.849744 0.001612
-4.424127 -4.000715 0.001612
-4.424127 -4.151685 0.001612
-4.424127 -4.302655 0.001612
-4.424127 -4.453626 0.001612
-4.424127 -4.604596 0.001612
-4.424127 -4.755566 0.001612
-4.424127 -4.906537 0.001612
-4.424127 -5.057507 0.001612
-4.424127 -5.208477 0.001612
-4.424127 -5.359448 0.001612
-4.424127 -5.510418 0.001612
-4.424127 -5.661389 0.001612
-4.424127 -5.812359 0.001612
-4.424127 -5.963329 0.001612
-4.424127 -6.114300 0.001612
-4.424127 -6.265270 0.001612
-4.424127 -6.416240 0.001612
-4.424127 -6.567211 0.001612
-4.314968 -6.676369 0.001612
-4.205810 -6.785528 0.001612
-4.096652 -6.894686 0.001612
-3.987493 -7.003845 0.001612
-3.878335 -7.113003 0.001612
-3.769176 -7.222162 0.001612
-3.660018 -7.331320 0.001612
-3.550859 -7.440479 0.001612
-3.441701 -7.549637 0.001612
-3.332542 -7.658796 0.001612
-3.223384 -7.767954 0.001612
-3.114225 -7.877113 0.001612
-3.005067 -7.986271 0.001612
-2.895908 -8.095430 0.001612
-2.786750 -8.204588 0.001612
-2.677591 -8.313747 0.001612
-2.568433 -8.422905 0.001612
-2.459274 -8.532063 0.001612
-2.305570 -8.532063 0.001612
-2.151865 -8.532063 0.001612
-1.998160 -8.532063 0.001612
-1.844456 -8.532063 0.001612
-1.690751 -8.532063 0.001612
-1.537046 -8.532063 0.001612
-1.383342 -8.532063 0.001612
-1.229637 -8.532063 0.001612
-1.075932 -8.532063 0.001612
-0.922228 -8.532063 0.001612
-0.768523 -8.532063 0.001612
-0.614819 -8.532063 0.001612
-0.461114 -8.532063 0.001612
-0.307409 -8.532063 0.001612
-0.153705 -8.532063 0.001612
0.000000 -8.532063 0.001612
0.153705 -8.532063 0.001612
0.307409 -8.532063 0.001612
0.461114 -8.532063 0.001612
0.614819 -8.532063 0.001612
0.768523 -8.532063 0.001612
0.922228 -8.532063 0.001612
1.075932 -8.532063 0.001612
1.229637 -8.532063 0.001612
1.383342 -8.532063 0.001612
1.537046 -8.532063 0.001612
1.690751 -8.532063 0.001612
1.844456 -8.532063 0.001612
1.998160 -8.532063 0.001612
2.151865 -8.532063 0.001612
2.305570 -8.532063 0.001612
2.459274 -8.532063 0.001612
2.568433 -8.422905 0.001612
2.677591 -8.313747 0.001612
2.786750 -8.204588 0.001612
2.895908 -8.095430 0.001612
3.005067 -7.986271 0.001612
3.114225 -7.877113 0.001612
3.223384 -7.767954 0.001612
3.332542 -7.658796 0.001612
3.441701 -7.549637 0.001612
3.550859 -7.440479 0.001612
3.660018 -7.331320 0.001612
3.769176 -7.222162 0.001612
3.878335 -7.113003 0.001612
3.987493 -7.003845 0.001612
4.096652 -6.894686 0.001612
4.205810 -6.785528 0.001612
4.314968 -6.676369 0.001612
4.424127 -6.567211 0.001612
4.424127 -6.416240 0.001612
4.424127 -6.265270 0.001612
4.424127 -6.114300 0.001612
4.424127 -5.963329 0.001612
4.424127 -5.812359 0.001612
4.424127 -5.661389 0.001612
4.424127 -5.510418 0.001612
4.424127 -5.359448 0.001612
4.424127 -5.208477 0.001612
4.424127 -5.057507 0.001612
4.424127 -4.906537 0.001612
4.424127 -4.755566 0.001612
4.424127 -4.604596 0.001612
4.424127 -4.453626 0.001612
4.424127 -4.302655 0.001612
4.424127 -4.151685 0.001612
4.424127 -4.000715 0.001612
4.424127 -3.849744 0.001612
4.424127 -3.698774 0.001612
4.424127 -3.547803 0.001612
4.424127 -3.396833 0.001612
4.424127 -3.245863 0.001612
4.424127 -3.094892 0.001612
4.424127 -2.943922 0.001612
4.424127 -2.792952 0.001612
4.424127 -2.641981 0.001612
4.424127 -2.491011 0.001612
4.424127 -2.340041 0.001612
4.424127 -2.189070 0.001612
4.424127 -2.038100 0.001612
4.424127 -1.887130 0.001612
4.424127 -1.736159 0.001612
4.424127 -1.585189 0.001612
4.424127 -1.434218 0.001612
4.424127 -1.283248 0.001612
4.424127 -1.132278 0.001612
4.424127 -0.981307 0.001612
4.424127 -0.830337 0.001612
4.424127 -0.679367 0.001612
4.424127 -0.528396 0.001612
4.424127 -0.377426 0.001612
4.424127 -0.226456 0.001612
4.424127 -0.075485 0.001612
4.424127 0.075485 0.001612
4.424127 0.226456 0.001612
4.424127 0.377426 0.001612
4.424127 0.528396 0.001612
4.424127 0.679367 0.001612
4.424127 0.830337 0.001612
4.424127 0.981307 0.001612
4.424127 1.132278 0.001612
4.424127 1.283248 0.001612
4.424127 1.434218 0.001612
4.424127 1.585189 0.001612
4.424127 1.736159 0.001612
4.424127 1.887130 0.001612
4.424127 2.038100 0.001612
4.424127 2.189070 0.001612
4.424127 2.340041 0.001612
4.424127 2.491011 0.001612
4.424127 2.641981 0.001612
4.424127 2.792952 0.001612
4.424127 2.943922 0.001612
4.424127 3.094892 0.001612
4.424127 3.245863 0.001612
4.424127 3.396833 0.001612
4.424127 3.547803 0.001612
4.424127 3.698774 0.001612
4.424127 3.849744 0.001612
4.424127 4.000715 0.001612
4.424127 4.151685 0.001612
4.424127 4.302655 0.001612
4.424127 4.453626 0.001612
4.424127 4.604596 0.001612
4.424127 4.755566 0.001612
4.424127 4.906537 0.001612
4.424127 5.057507 0.001612
4.424127 5.208477 0.001612
4.424127 5.359448 0.001612
4.424127 5.510418 0.001612
4.424127 5.661389 0.001612
4.424127 5.812359 0.001612
4.424127 5.963329 0.001612
4.424127 6.114300 0.001612
4.424127 6.265270 0.001612
4.424127 6.416240 0.001612
2.944127 6.016916 0.000804
2.824820 6.136223 0.000804
2.705514 6.255530 0.000804
2.586207 6.374837 0.000804
2.466900 6.494143 0.000804
2.347593 6.613450 0.000804
2.228287 6.732757 0.000804
2.108980 6.852063 0.000804
1.958338 6.852063 0.000804
1.807697 6.852063 0.000804
1.657056 6.852063 0.000804
1.506414 6.852063 0.000804
1.355773 6.852063 0.000804
1.205131 6.852063 0.000804
1.054490 6.852063 0.000804
0.903848 6.852063 0.000804
0.753207 6.852063 0.000804
0.602566 6.852063 0.000804
0.451924 6.852063 0.000804
0.301283 6.852063 0.000804
0.150641 6.852063 0.000804
-0.000000 6.852063 0.000804
-0.150641 6.852063 0.000804
-0.301283 6.852063 0.000804
-0.451924 6.852063 0.000804
-0.602566 6.852063 0.000804
-0.753207 6.852063 0.000804
-0.903848 6.852063 0.000804
-1.054490 6.852063 0.000804
-1.205131 6.852063 0.000804
-1.355773 6.852063 0.000804
-1.506414 6.852063 0.000804
-1.657056 6.852063 0.000804
-1.807697 6.852063 0.000804
-1.958338 6.852063 0.000804
-2.108980 6.852063 0.000804
-2.228287 6.732757 0.000804
-2.347593 6.613450 0.000804
-2.466900 6.494143 0.000804
-2.586207 6.374837 0.000804
-2.705514 6.255530 0.000804
-2.824820 6.136223 0.000804
-2.944127 6.016916 0.000804
-2.944127 5.866493 0.000804
-2.944127 5.716070 0.000804
-2.944127 5.565648 0.000804
-2.944127 5.415225 0.000804
-2.944127 5.264802 0.000804
-2.944127 5.114379 0.000804
-2.944127 4.963956 0.000804
-2.944127 4.813533 0.000804
-2.944127 4.663110 0.000804
-2.944127 4.512687 0.000804
-2.944127 4.362264 0.000804
-2.944127 4.211841 0.000804
-2.944127 4.061419 0.000804
-2.944127 3.910996 0.000804
-2.944127 3.760573 0.000804
-2.944127 3.610150 0.000804
-2.944127 3.459727 0.000804
-2.944127 3.309304 0.000804
-2.944127 3.158881 0.000804
-2.944127 3.008458 0.000804
-2.944127 2.858035 0.000804
-2.944127 2.707612 0.000804
-2.944127 2.557189 0.000804
-2.944127 2.406767 0.000804
-2.944127 2.256344 0.000804
-2.944127 2.105921 0.000804
-2.944127 1.955498 0.000804
-2.944127 1.805075 0.000804
-2.944127 1.654652 0.000804
-2.944127 1.504229 0.000804
-2.944127 1.353806 0.000804
-2.944127 1.203383 0.000804
-2.944127 1.052960 0.000804
-2.944127 0.902537 0.000804
-2.944127 0.752115 0.000804
-2.944127 0.601692 0.000804
-2.944127 0.451269 0.000804
-2.944127 0.300846 0.000804
-2.944127 0.150423 0.000804
-2.944127 0.000000 0.000804
-2.944127 -0.150423 0.000804
-2.944127 -0.300846 0.000804
-2.944127 -0.451269 0.000804
-2.944127 -0.601692 0.000804
-2.944127 -0.752115 0.000804
-2.944127 -0.902537 0.000804
-2.944127 -1.052960 0.000804
-2.944127 -1.203383 0.000804
-2.944127 -1.353806 0.000804
-2.944127 -1.504229 0.000804
-2.944127 -1.654652 0.000804
-2.944127 -1.805075 0.000804
-2.944127 -1.955498 0.000804
-2.944127 -2.105921 0.000804
-2.944127 -2.256344 0.000804
-2.944127 -2.406767 0.000804
-2.944127 -2.557189 0.000804
-2.944127 -2.707612 0.000804
-2.944127 -2.858035 0.000804
-2.944127 -3.008458 0.000804
-2.944127 -3.158881 0.000804
-2.944127 -3.309304 0.000804
-2.944127 -3.459727 0.000804
-2.944127 -3.610150 0.000804
-2.944127 -3.760573 0.000804
-2.944127 -3.910996 0.000804
-2.944127 -4.061419 0.000804
-2.944127 -4.211841 0.000804
-2.944127 -4.362264 0.000804
-2.944127 -4.512687 0.000804
-2.944127 -4.663110 0.000804
-2.944127 -4.813533 0.000804
-2.944127 -4.963956 0.000804
-2.944127 -5.114379 0.000804
-2.944127 -5.264802 0.000804
-2.944127 -5.415225 0.000804
-2.944127 -5.565648 0.000804
-2.944127 -5.716070 0.000804
-2.944127 -5.866493 0.000804
-2.944127 -6.016916 0.000804
-2.824820 -6.136223 0.000804
-2.705514 -6.255530 0.000804
-2.586207 -6.374837 0.000804
-2.466900 -6.494143 0.000804
-2.347593 -6.613450 0.000804
-2.228287 -6.732757 0.000804
-2.108980 -6.852063 0.000804
-1.958338 -6.852063 0.000804
-1.807697 -6.852063 0.000804
-1.657056 -6.852063 0.000804
-1.506414 -6.852063 0.000804
-1.355773 -6.852063 0.000804
-1.205131 -6.852063 0.000804
-1.054490 -6.852063 0.000804
-0.903848 -6.852063 0.000804
-0.753207 -6.852063 0.000804
-0.602566 -6.852063 0.000804
-0.451924 -6.852063 0.000804
-0.301283 -6.852063 0.000804
-0.150641 -6.852063 0.000804
0.000000 -6.852063 0.000804
0.150641 -6.852063 0.000804
0.301283 -6.852063 0.000804
0.451924 -6.852063 0.000804
0.602566 -6.852063 0.000804
0.753207 -6.852063 0.000804
0.903848 -6.852063 0.000804
1.054490 -6.852063 0.000804
1.205131 -6.852063 0.000804
1.355773 -6.852063 0.000804
1.506414 -6.852063 0.000804
1.657056 -6.852063 0.000804
1.807697 -6.852063 0.000804
1.958338 -6.852063 0.000804
2.108980 -6.852063 0.000804
2.228287 -6.732757 0.000804
2.347593 -6.613450 0.000804
2.466900 -6.494143 0.000804
2.586207 -6.374837 0.000804
2.705514 -6.255530 0.000804
2.824820 -6.136223 0.000804
2.944127 -6.016916 0.000804
2.944127 -5.866493 0.000804
2.944127 -5.716070 0.000804
2.944127 -5.565648 0.000804
2.944127 -5.415225 0.000804
2.944127 -5.264802 0.000804
2.944127 -5.114379 0.000804
2.944127 -4.963956 0.000804
2.944127 -4.813533 0.000804
2.944127 -4.663110 0.000804
2.944127 -4.512687 0.000804
2.944127 -4.362264 0.000804
2.944127 -4.211841 0.000804
2.944127 -4.061419 0.000804
2.944127 -3.910996 0.000804
2.944127 -3.760573 0.000804
2.944127 -3.610150 0.000804
2.944127 -3.459727 0.000804
2.944127 -3.309304 0.000804
2.944127 -3.158881 0.000804
2.944127 -3.008458 0.000804
2.944127 -2.858035 0.000804
2.944127 -2.707612 0.000804
2.944127 -2.557189 0.000804
2.944127 -2.406767 0.000804
2.944127 -2.256344 0.000804
2.944127 -2.105921 0.000804
2.944127 -1.955498 0.000804
2.944127 -1.805075 0.000804
2.944127 -1.654652 0.000804
2.944127 -1.504229 0.000804
2.944127 -1.353806 0.000804
2.944127 -1.203383 0.000804
2.944127 -1.052960 0.000804
2.944127 -0.902537 0.000804
2.944127 -0.752115 0.000804
2.944127 -0.601692 0.000804
2.944127 -0.451269 0.000804
2.944127 -0.300846 0.000804
2.944127 -0.150423 0.000804
2.944127 -0.000000 0.000804
2.944127 0.150423 0.000804
2.944127 0.300846 0.000804
2.944127 0.451269 0.000804
2.944127 0.601692 0.000804
2.944127 0.752115 0.000804
2.944127 0.902537 0.000804
2.944127 1.052960 0.000804
2.944127 1.203383 0.000804
2.944127 1.353806 0.000804
2.944127 1.504229 0.000804
2.944127 1.654652 0.000804
2.944127 1.805075 0.000804
2.944127 1.955498 0.000804
2.944127 2.105921 0.000804
2.944127 2.256344 0.000804
2.944127 2.406767 0.000804
2.944127 2.557189 0.000804
2.944127 2.707612 0.000804
2.944127 2.858035 0.000804
2.944127 3.008458 0.000804
2.944127 3.158881 0.000804
2.944127 3.309304 0.000804
2.944127 3.459727 0.000804
2.944127 3.610150 0.000804
2.944127 3.760573 0.000804
2.944127 3.910996 0.000804
2.944127 4.061419 0.000804
2.944127 4.211841 0.000804
2.944127 4.362264 0.000804
2.944127 4.512687 0.000804
2.944127 4.663110 0.000804
2.944127 4.813533 0.000804
2.944127 4.963956 0.000804
2.944127 5.114379 0.000804
2.944127 5.264802 0.000804
2.944127 5.415225 0.000804
2.944127 5.565648 0.000804
2.944127 5.716070 0.000804
2.944127 5.866493 0.000804
