-4.312601 5.933480 0.053038
-4.308844 6.295609 0.056175
-4.176927 6.422841 0.053035
-4.213191 6.094183 0.050066
-4.210258 6.577011 0.038733
-4.077777 6.709493 0.038922
-3.642273 7.139306 0.044818
-3.931077 6.715301 0.047426
-3.862477 6.914159 0.043135
-3.703269 6.937418 0.050303
4.306819 -1.175232 0.037860
4.006491 -1.411439 0.048450
3.133608 -0.196633 0.052864
3.138593 -1.522518 0.050360
-3.129883 4.743762 0.050283
-3.029703 4.897463 0.048968
-3.595445 6.781895 0.045608
-3.470518 7.173401 0.049159
4.305497 -1.621567 0.040587
4.306819 -1.339646 0.037188
4.204063 -1.447741 0.051944
4.303321 -0.894264 0.040876
4.201886 -1.059189 0.052110
4.303321 0.894264 0.040876
3.133608 0.196633 0.052864
3.032059 0.367641 0.041209
3.911084 1.577099 0.049248
3.346545 1.851541 0.043589
3.142388 1.817738 0.048288
3.034371 1.673434 0.042335
3.032476 1.390726 0.041182
3.138593 1.522518 0.050360
-3.123530 1.983994 0.050491
-3.322980 1.630904 0.050083
-3.028770 1.143741 0.049978
-3.128140 1.305481 0.050121
-3.729485 0.911014 0.051248
-4.209761 -0.000000 0.051575
-4.010848 -0.000000 0.051794
-1.033354 -6.905627 0.049430
-0.441674 -6.906076 0.049643
-1.661271 -7.294639 0.051200
-1.901577 -8.274144 0.046455
3.911084 -1.577099 0.049248
3.029802 -0.082789 0.037832
3.029802 0.082789 0.037832
3.034371 -1.673434 0.042335
3.032059 -0.367641 0.041209
3.032476 -1.390726 0.041182
3.135295 -0.512973 0.053236
3.031490 -0.658636 0.041113
-3.025012 -0.165996 0.048118
-4.310182 -1.215516 0.050213
-4.014040 -1.401401 0.050115
-4.210953 -1.390123 0.050328
-4.314333 5.571185 0.051156
-4.218681 5.739591 0.050439
-4.218759 5.383192 0.049961
-4.027600 5.363123 0.050814
-3.028433 4.569472 0.049488
-3.027837 3.201130 0.051359
0.002563 7.017693 0.049758
-0.145603 6.905911 0.049623
-0.443558 7.576724 0.049776
1.918936 8.073858 0.046138
1.900402 8.273891 0.046127
1.737389 8.376865 0.043846
1.431016 8.368833 0.046125
1.588344 8.271571 0.049809
-2.498722 8.291371 0.045497
-2.724018 8.050416 0.048477
-2.545381 8.101617 0.047813
-2.430877 7.781938 0.048863
-2.405048 7.975624 0.046779
-1.038252 7.349444 0.049742
-3.334693 5.096112 0.049326
-3.132248 5.071243 0.050093
-2.372150 7.382479 0.044565
-4.015711 6.061234 0.051207
-3.413477 7.366391 0.046432
4.302019 -0.342943 0.039603
4.202262 -0.177432 0.044949
3.909808 -1.234481 0.049750
4.002446 -1.073270 0.048144
3.717340 -1.222660 0.048914
3.619205 -1.047059 0.048898
3.710844 -0.879100 0.049252
3.901618 -0.893490 0.049719
4.305497 1.621567 0.040587
4.006491 1.411439 0.048450
4.201886 1.059189 0.052110
4.204063 1.447741 0.051944
3.340980 1.528464 0.046351
3.722894 1.567630 0.048879
3.440915 1.713182 0.050777
3.631289 1.737597 0.048841
4.202635 5.111806 0.042407
-3.025311 2.160037 0.050225
-3.121797 2.330764 0.050863
-3.024741 2.507839 0.050362
3.036270 1.949469 0.042318
-3.026473 1.816546 0.050181
-3.027624 1.477742 0.050089
-3.125843 1.642245 0.050329
-4.311974 0.522746 0.050404
-4.309007 0.172983 0.051468
-4.212727 0.348908 0.052014
-3.924344 0.890837 0.050486
-4.215083 0.700419 0.050840
-4.022754 0.709669 0.050388
-3.429661 1.116273 0.050353
-3.627789 1.095452 0.049445
-3.424069 1.453507 0.050446
-3.327448 1.292588 0.049811
-3.927897 0.539025 0.051073
-3.918348 0.180013 0.052977
-4.020980 0.355938 0.050056
-4.311974 -0.522746 0.050404
-4.309007 -0.172983 0.051468
-4.212727 -0.348908 0.052014
-3.918348 -0.180013 0.052977
-4.020980 -0.355938 0.050056
-3.927897 -0.539025 0.051073
-3.734767 -0.566390 0.051891
-3.435278 -0.784814 0.049914
-3.634765 -0.757211 0.048364
-3.642273 -7.139306 0.044818
-4.210258 -6.577011 0.038733
-4.077777 -6.709493 0.038922
-3.025783 -3.894654 0.050022
-1.736679 -8.377354 0.043661
-0.591106 -7.241833 0.049733
-0.886162 -7.017519 0.049723
-0.737430 -6.906018 0.049590
-0.590028 -7.017967 0.049721
0.446710 -6.906076 0.049635
-0.443558 -7.576724 0.049776
-0.443190 -7.353459 0.049873
-0.725618 -8.248790 0.049330
-2.763344 -7.865582 0.047537
-3.413477 -7.366391 0.046432
-3.470518 -7.173401 0.049159
-2.728544 -6.837822 0.046662
-2.858516 -6.976873 0.047160
-2.467951 -6.556469 0.044463
-1.491916 -7.214407 0.049085
-1.339088 -7.332247 0.048795
-1.186702 -7.234050 0.049854
-1.183469 -7.013494 0.049321
-1.827685 -7.178469 0.046665
-2.009569 -7.245857 0.045773
-1.956182 -6.887654 0.043405
-1.807921 -6.990370 0.051044
-1.429147 -8.369507 0.045956
-1.596966 -8.085283 0.042928
-1.587605 -8.272734 0.049902
-2.724018 -8.050416 0.048477
-2.036621 -8.370917 0.044414
3.722894 -1.567630 0.048879
3.625834 -1.390148 0.049045
3.340980 -1.528464 0.046351
3.434293 -1.375398 0.049906
3.440915 -1.713182 0.050777
3.631289 -1.737597 0.048841
3.031337 -2.921848 0.038281
-3.127457 -0.327194 0.047438
-3.132217 -0.648170 0.049195
-3.030699 -0.490253 0.049801
-3.336140 -0.632920 0.049143
-4.309025 -1.554963 0.050123
-4.213291 -1.047804 0.050481
-4.311363 -0.871345 0.050259
-4.215083 -0.700419 0.050840
-4.022754 -0.709669 0.050388
-3.913030 -1.578900 0.050433
-4.312680 5.214807 0.050757
-3.732645 5.152104 0.050815
-3.927960 5.177713 0.049961
-3.617018 4.285853 0.050513
-3.124268 2.681542 0.052047
-3.127364 3.029461 0.051598
-3.027781 2.856575 0.051403
0.869459 8.361528 0.048387
-0.144032 8.248644 0.049428
0.889793 7.909600 0.050847
0.001474 8.361394 0.048854
0.728524 8.248731 0.049313
0.736521 8.024278 0.048902
-0.886162 7.017519 0.049723
-0.887827 7.240779 0.049664
-0.740172 7.353144 0.049790
-0.294884 7.688022 0.049775
-0.293501 7.911754 0.049949
-0.145129 8.023807 0.049145
2.036777 8.371152 0.044568
3.161689 6.652237 0.049435
3.352445 6.578039 0.045902
3.493380 6.698314 0.051795
2.784210 7.805667 0.058276
2.085001 7.965108 0.048072
2.694895 8.078839 0.041618
2.819629 7.954105 0.039095
1.292883 8.249079 0.045450
1.152227 8.354373 0.049674
1.016345 8.241774 0.049591
1.028682 8.014300 0.047354
1.186851 7.891662 0.050870
1.315170 8.013842 0.050493
3.810773 6.957228 0.044729
3.012381 6.544792 0.049154
2.698253 6.326952 0.044321
-2.241783 7.492240 0.051833
-2.263929 7.676805 0.049799
-2.039838 7.417443 0.047010
-1.879605 7.527768 0.048160
-1.033354 6.905627 0.049430
-3.030799 5.218393 0.048176
-1.637164 6.896843 0.046877
-2.325997 8.370708 0.043461
-4.028941 5.713729 0.050547
-3.925382 5.874668 0.051720
-3.933435 5.525255 0.049977
-2.610536 7.723098 0.049801
-2.763344 7.865582 0.047537
0.869459 -8.361528 0.048387
2.698253 -6.326952 0.044321
2.471678 -6.553921 0.045146
2.659180 -6.504390 0.051539
2.426740 -6.751312 0.054745
3.282197 -7.496568 0.038831
3.146589 -7.504780 0.042882
3.138548 -5.426677 0.050410
3.432100 -5.598683 0.051482
3.340755 -5.426065 0.046528
2.486598 -8.297457 0.041611
2.694895 -8.078839 0.041618
2.535219 -8.105041 0.049298
1.737389 -8.376865 0.043846
1.431016 -8.368833 0.046125
1.588344 -8.271571 0.049809
2.324952 -8.366735 0.044638
3.044542 -7.192282 0.048110
3.023317 -7.364921 0.044237
4.302038 -0.614096 0.041058
4.197105 -0.753463 0.051166
4.195804 -0.457448 0.048953
3.994842 -0.738608 0.046778
3.897014 -0.552958 0.050800
3.993043 -0.411164 0.044487
3.707619 -0.529943 0.049147
3.614672 -0.701203 0.048892
3.426838 -0.692768 0.049438
3.333017 -0.516125 0.048451
3.332654 -0.170851 0.049368
3.428827 -0.345011 0.049871
3.615594 -0.350394 0.048622
3.434293 1.375398 0.049906
3.625834 1.390148 0.049045
3.031490 0.658636 0.041113
3.135295 0.512973 0.053236
4.204320 2.476033 0.052546
4.306819 1.175232 0.037860
4.306819 1.339646 0.037188
3.433988 4.151056 0.051476
0.150608 6.905909 0.049620
3.917994 3.309556 0.049383
3.029812 2.218689 0.040643
3.137829 2.098348 0.044403
4.233002 6.544502 0.044123
3.678221 6.646225 0.047354
3.831895 6.786816 0.048834
4.017616 6.750622 0.045418
4.050019 6.578195 0.047527
3.908853 6.431287 0.047385
3.722775 6.463123 0.049247
3.032299 5.855354 0.040859
4.302355 5.001145 0.041709
4.200112 4.829152 0.048348
4.304427 3.988104 0.042749
-3.314395 2.321851 0.050356
-3.318456 1.973869 0.050294
-3.412834 2.141000 0.050509
-3.607764 2.121170 0.051221
-3.418536 1.795080 0.050445
-3.614568 1.777953 0.050613
-3.709418 1.936913 0.049481
-4.311363 0.871345 0.050259
-3.634765 0.757211 0.048364
-3.734767 0.566390 0.051891
-3.638101 -0.422788 0.046462
-3.438960 -0.461715 0.048512
-3.331795 -0.313908 0.050110
-3.728598 -0.219498 0.052701
-3.862477 -6.914159 0.043135
-3.703269 -6.937418 0.050303
-3.595445 -6.781895 0.045608
-3.931077 -6.715301 0.047426
-3.132103 -5.708533 0.049438
-3.345339 -6.520066 0.044386
-3.220580 -6.378441 0.047015
-3.096434 -6.742141 0.047014
-3.350557 -7.023204 0.047881
-3.414488 -6.833587 0.048447
-3.286800 -6.694369 0.050208
-3.040841 -6.930033 0.049447
-3.167276 -7.071878 0.048396
-4.176927 -6.422841 0.053035
-3.624028 -4.627464 0.050030
-4.308342 -4.185636 0.050111
-3.609605 -3.942880 0.051111
-3.414568 -3.919921 0.050519
0.299581 -7.241354 0.049695
0.150608 -6.905909 0.049620
0.299056 -7.017858 0.049800
0.001474 -8.361394 0.048854
0.299318 -7.687939 0.049772
-0.577970 -8.361360 0.048680
-0.866709 -8.361557 0.048385
-0.886149 -7.909841 0.050842
-0.592651 -7.688806 0.049958
-0.589447 -7.912173 0.050092
-0.733157 -8.024389 0.048922
-1.193496 -7.672905 0.050080
-1.460572 -7.947593 0.043958
-1.343749 -7.549917 0.050250
-1.040385 -7.570628 0.049899
-0.741349 -7.576852 0.049951
-0.891136 -7.685671 0.049846
-1.038252 -7.349444 0.049742
-0.740172 -7.353144 0.049790
-0.887827 -7.240779 0.049664
-2.945990 -7.826030 0.048903
-2.634287 -7.217138 0.044421
-2.804189 -7.171249 0.049576
-2.540014 -6.895678 0.049984
-2.412383 -6.752187 0.052120
-2.245610 -6.781774 0.042900
-2.500084 -7.080617 0.046095
-2.338052 -7.175253 0.044628
-2.143794 -6.943324 0.044021
-2.177416 -7.113428 0.052241
-1.682923 -7.472352 0.044342
-1.518229 -7.609790 0.053596
-1.555287 -7.772642 0.042930
-1.331512 -6.901994 0.048430
-1.487574 -7.004709 0.049589
-1.637164 -6.896843 0.046877
-1.025580 -8.014664 0.047428
-1.183679 -7.892771 0.050917
-1.312813 -8.015466 0.050543
-1.290749 -8.249930 0.045459
-1.149714 -8.354550 0.049632
-1.013679 -8.241980 0.049633
-2.498722 -8.291371 0.045497
-2.325997 -8.370708 0.043461
-2.201620 -8.267498 0.046641
-2.234011 -8.062167 0.046060
-2.545381 -8.101617 0.047813
-2.405048 -7.975624 0.046779
3.346545 -1.851541 0.043589
3.137829 -2.098348 0.044403
3.142388 -1.817738 0.048288
3.036270 -1.949469 0.042318
3.337486 -2.163307 0.041247
3.440085 -2.048231 0.050702
4.308601 -3.236400 0.038362
3.132672 -0.828837 0.052246
3.029437 -0.943645 0.037984
3.330299 -0.859818 0.048611
3.426494 -1.036212 0.049900
3.333089 -1.197062 0.047824
3.133658 -1.218337 0.051300
3.029437 -1.109929 0.037729
4.306605 -3.693371 0.041313
4.308601 -3.405503 0.037470
4.206953 -3.513731 0.051922
4.202778 -3.830962 0.052295
4.302355 -5.001145 0.041709
3.616703 -5.605053 0.048528
3.716110 -5.423823 0.049544
3.900655 -5.453538 0.052319
4.299613 -6.104171 0.044051
4.303027 -6.383721 0.042975
4.194387 -6.250237 0.047590
4.301673 -5.547408 0.042720
4.233002 -6.544502 0.044123
4.017616 -6.750622 0.045418
4.050019 -6.578195 0.047527
3.983196 -6.264109 0.046411
3.588080 -6.313379 0.049543
3.722775 -6.463123 0.049247
3.908853 -6.431287 0.047385
-3.729485 -0.911014 0.051248
-3.924344 -0.890837 0.050486
-4.018601 -1.058047 0.050324
-3.918578 -1.237037 0.050428
-4.005808 -3.349847 0.050183
-4.209672 -3.364242 0.047432
-3.630765 4.967449 0.049533
-3.432443 4.942307 0.050319
-3.330177 4.763737 0.049606
-3.426781 4.605769 0.050432
-4.309688 4.522597 0.050291
-3.414488 6.833587 0.048447
-3.350557 7.023204 0.047881
-3.167276 7.071878 0.048396
-3.027122 4.235052 0.049826
-3.127302 4.410384 0.050410
-3.325354 4.426706 0.049892
-3.420837 4.265067 0.050453
-4.311693 2.869862 0.048171
-3.915750 2.881868 0.044874
-4.205115 3.686408 0.049157
-3.718328 2.936220 0.044739
-3.326715 3.030654 0.051723
-3.419567 3.210927 0.052996
1.198262 7.671616 0.049859
1.350008 7.546650 0.050595
0.446710 6.906076 0.049635
0.299056 7.017858 0.049800
0.299581 7.241354 0.049695
0.448526 7.353401 0.049916
-0.288466 8.361377 0.048815
-0.438970 8.023824 0.049083
-0.577970 8.361360 0.048680
-0.435033 8.248610 0.049404
0.580825 8.361330 0.048682
0.593198 7.912045 0.050099
0.448456 7.576621 0.049824
0.597193 7.688672 0.049951
-0.737430 6.906018 0.049590
-0.146212 7.576268 0.049807
-0.146015 7.352888 0.049820
0.151158 7.352865 0.049833
0.002589 7.241153 0.049711
2.922762 7.683515 0.049282
2.916755 6.905673 0.048871
3.111816 6.834038 0.047287
2.228932 8.057749 0.044942
2.486598 8.297457 0.041611
2.535219 8.105041 0.049298
2.403264 7.968308 0.047154
2.324952 8.366735 0.044638
2.199241 8.263760 0.046830
1.521453 7.604254 0.052690
2.549586 7.078893 0.053596
2.386119 7.180374 0.051534
2.254839 6.784848 0.046021
2.086768 7.768604 0.046794
1.905443 7.692420 0.050143
1.643778 6.895814 0.046389
2.659180 6.504390 0.051539
2.471678 6.553921 0.045146
2.763494 6.799344 0.049239
2.809247 6.620264 0.047676
2.426740 6.751312 0.054745
2.568488 6.880861 0.048552
3.437961 4.915094 0.051839
3.620378 4.181606 0.049966
3.719632 4.003780 0.048279
3.906406 4.000058 0.050083
-1.040385 7.570628 0.049899
-1.193496 7.672905 0.050080
-1.827685 7.178469 0.046665
-2.009569 7.245857 0.045773
-1.956182 6.887654 0.043405
-1.807921 6.990370 0.051044
-1.487574 7.004709 0.049589
-1.183469 7.013494 0.049321
-1.331512 6.901994 0.048430
-1.186702 7.234050 0.049854
-2.036621 8.370917 0.044414
-2.201620 8.267498 0.046641
-2.234011 8.062167 0.046060
-3.738388 5.492639 0.050964
-3.637239 5.304898 0.048882
-3.437610 5.274049 0.049953
-2.945990 7.826030 0.048903
-2.804189 7.171249 0.049576
-2.634287 7.217138 0.044421
-2.557211 7.404566 0.045816
-2.665795 7.545043 0.052014
3.352445 -6.578039 0.045902
3.402591 -6.376205 0.052309
3.111816 -6.834038 0.047287
2.809247 -6.620264 0.047676
3.012381 -6.544792 0.049154
3.161689 -6.652237 0.049435
3.407300 -7.371466 0.039287
3.085179 -7.704953 0.038170
2.819629 -7.954105 0.039095
3.404919 -5.951999 0.048434
3.333939 -5.760535 0.044925
3.033873 -5.283213 0.042751
3.032929 -5.570030 0.042550
3.032299 -5.855354 0.040859
3.136975 -5.731270 0.050638
2.420080 -7.777604 0.049387
2.403264 -7.968308 0.047154
1.598386 -8.082997 0.042922
1.765966 -7.988259 0.047228
2.199241 -8.263760 0.046830
1.918936 -8.073858 0.046138
2.036777 -8.371152 0.044568
1.900402 -8.273891 0.046127
2.228932 -8.057749 0.044942
2.085001 -7.965108 0.048072
2.866072 -7.477073 0.041694
2.580932 -7.701583 0.046911
2.922762 -7.683515 0.049282
2.784210 -7.805667 0.058276
2.881186 -7.088934 0.048718
2.916755 -6.905673 0.048871
2.763494 -6.799344 0.049239
2.568488 -6.880861 0.048552
4.308497 -0.082670 0.037111
4.308497 0.082670 0.037111
4.302038 0.614096 0.041058
4.197105 0.753463 0.051166
3.332654 0.170851 0.049368
3.427894 0.000000 0.050023
3.717340 1.222660 0.048914
4.002446 1.073270 0.048144
3.909808 1.234481 0.049750
3.619205 1.047059 0.048898
3.330299 0.859818 0.048611
3.029437 0.943645 0.037984
3.132672 0.828837 0.052246
3.133658 1.218337 0.051300
3.029437 1.109929 0.037729
3.333089 1.197062 0.047824
3.426494 1.036212 0.049900
3.426838 0.692768 0.049438
3.333017 0.516125 0.048451
3.428827 0.345011 0.049871
3.615594 0.350394 0.048622
4.307243 2.365781 0.037501
4.307243 2.199557 0.038056
4.203815 2.080928 0.053103
4.005227 1.754715 0.048398
4.304826 1.912475 0.041165
4.202069 1.762881 0.053218
4.305331 2.651057 0.041131
3.034282 4.033854 0.040643
3.330132 4.275129 0.041956
3.027130 4.300037 0.038114
3.133158 4.199119 0.044998
3.034020 3.477584 0.042266
3.136311 3.026128 0.049357
3.033229 3.196166 0.041059
3.138994 3.323619 0.050162
3.727739 3.309039 0.048843
3.342420 3.310492 0.046642
3.031337 2.921848 0.038281
3.031337 2.756616 0.038366
4.303027 6.383721 0.042975
3.588080 6.313379 0.049543
3.402591 6.376205 0.052309
3.665760 6.133857 0.050174
2.894818 6.271995 0.049930
2.918617 6.110226 0.042955
3.058880 6.373962 0.045033
3.090071 6.026458 0.043506
3.258333 6.279572 0.048255
3.265726 6.093839 0.049725
3.580582 5.969307 0.052339
3.404919 5.951999 0.048434
3.726144 3.654266 0.048803
3.633340 3.480938 0.048787
3.441021 3.477148 0.050409
3.630792 3.827966 0.048809
4.306011 4.559146 0.038750
4.306011 4.727463 0.038692
-3.409415 2.492554 0.051113
-3.316345 2.675168 0.050009
-3.609045 2.812981 0.052718
-3.419209 2.851394 0.053048
-3.702523 2.275309 0.048421
-3.901891 2.248332 0.049925
-3.699379 2.610042 0.046562
-3.602612 2.465841 0.051873
-3.722624 1.254266 0.050641
-3.621118 1.436006 0.050084
-3.716062 1.596275 0.050114
-4.310182 1.215516 0.050213
-3.918578 1.237037 0.050428
-4.018601 1.058047 0.050324
-4.213291 1.047804 0.050481
-2.968887 -6.601008 0.047128
-2.695525 -6.329636 0.044621
-3.034493 -6.411611 0.049786
-2.894095 -6.278100 0.053157
-2.650359 -6.511988 0.051556
-2.783322 -6.649850 0.049956
-2.922046 -6.112223 0.043962
-3.088886 -6.023332 0.045300
-3.028651 -5.838098 0.044471
-3.952993 -6.372907 0.044710
-3.887429 -6.212725 0.056307
-3.839624 -6.532886 0.047854
-3.663201 -6.576221 0.051036
-3.540782 -6.453610 0.047829
-3.678903 -6.160827 0.051769
-3.541185 -6.268627 0.044791
-3.274283 -6.066774 0.053695
-3.332021 -6.221930 0.044958
-3.338617 -5.423450 0.049092
-3.437610 -5.274049 0.049953
-3.630765 -4.967449 0.049533
-3.725747 -4.810575 0.050474
-3.426781 -4.605769 0.050432
-3.909292 -4.152702 0.050206
-3.617018 -4.285853 0.050513
-3.711532 -4.128749 0.049427
-3.718783 -4.469188 0.050047
-3.031706 -5.531547 0.047019
-3.134251 -5.392663 0.049877
-3.030799 -5.218393 0.048176
-3.432443 -4.942307 0.050319
-3.334693 -5.096112 0.049326
-3.132248 -5.071243 0.050093
-3.330177 -4.763737 0.049606
3.029812 -2.218689 0.040643
-3.027837 -3.201130 0.051359
-3.127364 -3.029461 0.051598
-3.122554 -3.726497 0.050877
-3.315677 -3.738072 0.050249
-3.025025 -3.548863 0.050255
-3.124608 -3.376964 0.052038
0.291391 -8.361358 0.048816
0.147114 -8.248626 0.049427
0.148636 -8.023774 0.049142
0.297290 -7.911675 0.049955
-0.294320 -7.241377 0.049680
-0.293882 -7.017860 0.049775
-0.145603 -6.905911 0.049623
0.002563 -7.017693 0.049758
0.150966 -7.576231 0.049822
-0.146015 -7.352888 0.049820
0.151158 -7.352865 0.049833
0.002589 -7.241153 0.049711
0.001899 -7.911706 0.049907
-0.294884 -7.688022 0.049775
-0.146212 -7.576268 0.049807
0.002199 -7.687899 0.049722
-0.288466 -8.361377 0.048815
-0.144032 -8.248644 0.049428
-0.435033 -8.248610 0.049404
-0.145129 -8.023807 0.049145
-0.438970 -8.023824 0.049083
-0.293501 -7.911754 0.049949
-3.183682 -7.599377 0.046541
-3.237056 -7.408343 0.048610
-2.996124 -7.641427 0.050876
-2.868737 -7.502924 0.045806
-3.110817 -7.264027 0.048077
-2.930055 -7.316558 0.048325
-2.430877 -7.781938 0.048863
-2.610536 -7.723098 0.049801
-2.372150 -7.382479 0.044565
-2.557211 -7.404566 0.045816
-2.665795 -7.545043 0.052014
-2.087872 -7.967134 0.048201
-1.749957 -7.808654 0.043690
-1.764901 -7.991452 0.047335
-1.920437 -8.075692 0.045922
3.436905 -2.807882 0.051651
3.630592 -2.791927 0.048736
4.203815 -2.080928 0.053103
4.005227 -1.754715 0.048398
4.304826 -1.912475 0.041165
4.202069 -1.762881 0.053218
4.206356 -3.114938 0.052813
4.306009 -2.945108 0.041433
3.136311 -3.026128 0.049357
3.338720 -2.985503 0.046514
4.304427 -3.988104 0.042749
4.308535 -5.272456 0.040709
4.201953 -5.390754 0.044789
4.202635 -5.111806 0.042407
4.005673 -5.139368 0.040849
4.004991 -5.327596 0.041505
4.192290 -5.675268 0.048872
3.988235 -5.644556 0.043599
4.298872 -5.826333 0.044089
4.190231 -5.963282 0.048147
3.580582 -5.969307 0.052339
3.665760 -6.133857 0.050174
3.694205 -5.784212 0.046722
3.881191 -5.794000 0.053547
3.874798 -6.116424 0.049352
3.976606 -5.961662 0.046211
-3.915918 -3.187858 0.044752
-4.023220 -3.035413 0.047773
-4.311754 -3.202896 0.048177
-4.311693 -2.869862 0.048171
-4.215193 -3.036056 0.048317
-4.306886 -2.219443 0.049900
-4.206513 -2.059563 0.049769
-4.307882 -1.889625 0.050018
-4.208653 -1.727465 0.050130
-4.009571 -1.740123 0.049849
-3.907454 -1.916458 0.050348
-4.005167 -2.073739 0.049550
-4.306172 -3.528412 0.049870
-3.899025 -3.497116 0.048405
-3.703994 -3.790537 0.048329
-3.718783 4.469188 0.050047
-3.624028 4.627464 0.050030
-3.915497 4.490639 0.050248
-3.725747 4.810575 0.050474
-4.212546 4.686840 0.050165
-4.021977 5.015091 0.050552
-3.921644 4.832608 0.050139
-4.016639 4.670949 0.050244
-4.311112 4.865525 0.050503
-4.215539 5.032117 0.050135
-3.839624 6.532886 0.047854
-3.663201 6.576221 0.051036
-3.678903 6.160827 0.051769
-3.952993 6.372907 0.044710
-3.887429 6.212725 0.056307
-2.894095 6.278100 0.053157
-3.732655 5.831914 0.050487
-3.614458 5.966581 0.050157
-3.641168 5.638359 0.047975
-2.858516 6.976873 0.047160
-3.040841 6.930033 0.049447
-2.728544 6.837822 0.046662
-2.783322 6.649850 0.049956
-3.025783 3.894654 0.050022
-3.124651 4.071312 0.050533
-3.320313 4.085005 0.050138
-4.307197 3.854394 0.049944
-3.711532 4.128749 0.049427
-4.209441 2.707951 0.047474
-4.000985 2.400835 0.049210
-4.005471 2.720600 0.050158
-3.898383 2.572014 0.048552
-4.306172 3.528412 0.049870
-3.718435 3.130979 0.044663
-3.609454 3.252098 0.052561
1.046136 7.570064 0.050097
0.895835 7.685411 0.049790
0.746558 7.576715 0.050048
1.336844 6.901398 0.048179
1.495156 7.003086 0.049860
1.500825 7.210645 0.049054
1.346711 7.329158 0.048718
0.291391 8.361358 0.048816
0.147114 8.248626 0.049427
0.438056 8.248562 0.049396
0.442433 8.023730 0.049075
-0.293882 7.017860 0.049775
-0.441674 6.906076 0.049643
-0.590028 7.017967 0.049721
-0.294320 7.241377 0.049680
-0.443190 7.353459 0.049873
-0.591106 7.241833 0.049733
3.085179 7.704953 0.038170
2.881186 7.088934 0.048718
2.709022 7.180637 0.045169
2.715133 7.396137 0.052997
2.866072 7.477073 0.041694
3.282197 7.496568 0.038831
3.146589 7.504780 0.042882
3.407300 7.371466 0.039287
3.023317 7.364921 0.044237
3.044542 7.192282 0.048110
1.765966 7.988259 0.047228
1.750707 7.803325 0.043994
1.556937 7.768121 0.043136
1.598386 8.082997 0.042922
1.463346 7.945022 0.044263
2.398967 7.384475 0.047293
2.238788 7.480500 0.050164
2.247514 7.670540 0.047853
2.568545 7.498495 0.050385
2.580932 7.701583 0.046911
2.420080 7.777604 0.049387
1.963978 6.886910 0.042459
1.819412 6.988598 0.051880
2.160321 6.944713 0.046655
2.205684 7.108661 0.050556
1.880411 7.516545 0.046820
1.672860 7.287467 0.051173
1.690191 7.463584 0.045063
1.842824 7.172691 0.046091
2.053010 7.402689 0.048969
2.032754 7.234952 0.046195
3.606853 7.166925 0.042144
3.620362 7.003889 0.049988
3.456643 6.885567 0.046025
3.411429 7.223586 0.047563
3.265835 6.947093 0.049573
3.234130 7.122076 0.046108
3.033696 5.001317 0.041468
3.999828 4.823331 0.043734
3.625568 4.890129 0.048605
3.710284 4.356202 0.049586
3.618742 4.535461 0.050072
3.905032 4.682432 0.051978
3.714817 4.707541 0.048632
4.201951 4.451399 0.050087
4.001256 4.496410 0.047253
3.902583 4.342260 0.050214
3.999451 4.163942 0.047898
4.304195 4.278466 0.041715
4.200367 4.145159 0.051339
-1.429147 8.369507 0.045956
-0.741349 7.576852 0.049951
-0.891136 7.685671 0.049846
-0.592651 7.688806 0.049958
-0.589447 7.912173 0.050092
-0.725618 8.248790 0.049330
-0.733157 8.024389 0.048922
-0.886149 7.909841 0.050842
-1.339088 7.332247 0.048795
-1.518229 7.609790 0.053596
-1.343749 7.549917 0.050250
-1.491916 7.214407 0.049085
-1.682923 7.472352 0.044342
-1.661271 7.294639 0.051200
-2.695525 6.329636 0.044621
-2.650359 6.511988 0.051556
-2.467951 6.556469 0.044463
-2.540014 6.895678 0.049984
-2.500084 7.080617 0.046095
-2.245610 6.781774 0.042900
-2.412383 6.752187 0.052120
-2.338052 7.175253 0.044628
-2.177416 7.113428 0.052241
-2.143794 6.943324 0.044021
-1.909582 7.701218 0.049977
-2.091960 7.775458 0.045827
-2.087872 7.967134 0.048201
-3.183682 7.599377 0.046541
-3.237056 7.408343 0.048610
-2.996124 7.641427 0.050876
-2.868737 7.502924 0.045806
-3.110817 7.264027 0.048077
-2.930055 7.316558 0.048325
3.606853 -7.166925 0.042144
3.411429 -7.223586 0.047563
3.265835 -6.947093 0.049573
3.234130 -7.122076 0.046108
3.090071 -6.026458 0.043506
3.058880 -6.373962 0.045033
3.258333 -6.279572 0.048255
3.265726 -6.093839 0.049725
2.918617 -6.110226 0.042955
2.894818 -6.271995 0.049930
2.568545 -7.498495 0.050385
2.715133 -7.396137 0.052997
2.398967 -7.384475 0.047293
2.709022 -7.180637 0.045169
2.549586 -7.078893 0.053596
2.386119 -7.180374 0.051534
4.302019 0.342943 0.039603
4.195804 0.457448 0.048953
4.202262 0.177432 0.044949
3.993043 0.411164 0.044487
3.713361 0.176234 0.050483
4.004418 0.094762 0.041827
3.901414 0.213989 0.051247
3.621834 0.000000 0.049482
3.713361 -0.176234 0.050483
4.004418 -0.094762 0.041827
3.901414 -0.213989 0.051247
3.710844 0.879100 0.049252
3.614672 0.701203 0.048892
3.994842 0.738608 0.046778
3.901618 0.893490 0.049719
3.897014 0.552958 0.050800
3.707619 0.529943 0.049147
3.724665 1.917338 0.048557
3.910414 1.924987 0.049506
4.006245 2.101605 0.049286
4.306009 2.945108 0.041433
4.203086 2.794000 0.053165
4.006523 2.790448 0.048715
3.914087 2.963542 0.048747
4.010997 3.136924 0.049153
4.206356 3.114938 0.052813
3.429985 4.577219 0.051351
3.327985 4.462750 0.040828
3.338452 4.774264 0.043794
3.137577 4.832999 0.047639
4.308601 3.236400 0.038362
4.308601 3.405503 0.037470
4.306605 3.693371 0.041313
4.202778 3.830962 0.052295
4.005674 3.824133 0.047928
3.914253 3.654155 0.049283
4.011704 3.481344 0.048527
4.206953 3.513731 0.051922
3.338720 2.985503 0.046514
3.439062 3.142414 0.050451
3.632062 3.137170 0.048943
3.725407 2.964305 0.049399
3.436905 2.807882 0.051651
3.630592 2.791927 0.048736
4.299613 6.104171 0.044051
4.190231 5.963282 0.048147
4.194387 6.250237 0.047590
3.976606 5.961662 0.046211
3.874798 6.116424 0.049352
3.983196 6.264109 0.046411
3.616703 5.605053 0.048528
3.881191 5.794000 0.053547
3.694205 5.784212 0.046722
4.308535 5.272456 0.040709
3.342903 3.958264 0.044198
3.440451 3.813001 0.051060
3.343485 3.635511 0.046049
3.140171 3.917072 0.048395
3.034143 3.759118 0.041946
3.139909 3.622820 0.049858
-4.306886 2.219443 0.049900
-4.306002 2.544650 0.049849
-4.204634 2.386121 0.049226
-4.206513 2.059563 0.049769
-4.005167 2.073739 0.049550
-3.907454 1.916458 0.050348
-3.435278 0.784814 0.049914
-3.336140 0.632920 0.049143
-3.331871 0.959437 0.049501
-3.130288 0.974012 0.049748
-3.121769 -0.000000 0.048315
-3.025012 0.165996 0.048118
-3.127457 0.327194 0.047438
-3.641168 -5.638359 0.047975
-3.732655 -5.831914 0.050487
-3.614458 -5.966581 0.050157
-3.419002 -5.919226 0.045652
-3.337057 -5.746219 0.049873
-3.441026 -5.600019 0.049102
-4.209776 -4.347323 0.050035
-3.915497 -4.490639 0.050248
-4.011492 -4.331256 0.049910
-4.308844 -6.295609 0.056175
-3.738388 -5.492639 0.050964
-3.637239 -5.304898 0.048882
-3.732645 -5.152104 0.050815
-3.028433 -4.569472 0.049488
-3.029703 -4.897463 0.048968
-3.129883 -4.743762 0.050283
-3.127302 -4.410384 0.050410
-3.320313 -4.085005 0.050138
-3.420837 -4.265067 0.050453
-3.325354 -4.426706 0.049892
-3.027122 -4.235052 0.049826
-3.124651 -4.071312 0.050533
3.031337 -2.756616 0.038366
-3.716062 -1.596275 0.050114
-3.602612 -2.465841 0.051873
-3.702523 -2.275309 0.048421
-3.901891 -2.248332 0.049925
-3.316345 -2.675168 0.050009
-3.409415 -2.492554 0.051113
-3.314395 -2.321851 0.050356
-3.121797 -2.330764 0.050863
-3.316987 -3.385568 0.049981
-3.410527 -3.569042 0.051106
-3.700153 -3.456245 0.046399
-3.603807 -3.598548 0.051754
0.442433 -8.023730 0.049075
0.728524 -8.248731 0.049313
0.580825 -8.361330 0.048682
0.438056 -8.248562 0.049396
-2.241783 -7.492240 0.051833
-2.263929 -7.676805 0.049799
-2.091960 -7.775458 0.045827
-2.039838 -7.417443 0.047010
-1.879605 -7.527768 0.048160
-1.909582 -7.701218 0.049977
3.341389 -2.664522 0.044177
3.138230 -2.655155 0.048197
3.336363 -2.350583 0.041441
3.437964 -2.472750 0.051119
3.136705 -2.374555 0.043631
3.035147 -2.487355 0.041218
3.626335 -2.441081 0.050275
3.723448 -2.616897 0.048724
4.307243 -2.199557 0.038056
4.307243 -2.365781 0.037501
3.724665 -1.917338 0.048557
3.910414 -1.924987 0.049506
3.627832 -2.089613 0.050012
4.006245 -2.101605 0.049286
3.718938 -2.267067 0.049275
3.911603 -2.271411 0.049765
4.305331 -2.651057 0.041131
4.203086 -2.794000 0.053165
4.006523 -2.790448 0.048715
3.910699 -2.616181 0.049514
4.204320 -2.476033 0.052546
4.006251 -2.444708 0.049305
4.304195 -4.278466 0.041715
4.200367 -4.145159 0.051339
3.905109 -5.022885 0.051003
-4.307197 -3.854394 0.049944
-4.207286 -4.013788 0.049693
-4.205115 -3.686408 0.049157
-4.006519 -3.996920 0.049563
-3.903147 -3.820624 0.049787
-4.001832 -3.669506 0.049189
-3.034493 6.411611 0.049786
-3.286800 6.694369 0.050208
-2.968887 6.601008 0.047128
-3.096434 6.742141 0.047014
-3.274283 6.066774 0.053695
-3.419002 5.919226 0.045652
-3.122554 3.726497 0.050877
-3.025025 3.548863 0.050255
-3.124608 3.376964 0.052038
-3.316987 3.385568 0.049981
-4.308342 4.185636 0.050111
-4.209776 4.347323 0.050035
-4.011492 4.331256 0.049910
-4.207286 4.013788 0.049693
-3.909292 4.152702 0.050206
-4.006519 3.996920 0.049563
-3.414568 3.919921 0.050519
-3.609605 3.942880 0.051111
-3.410527 3.569042 0.051106
-3.315677 3.738072 0.050249
-4.311754 3.202896 0.048177
-4.209672 3.364242 0.047432
-4.215193 3.036056 0.048317
-4.023220 3.035413 0.047773
-3.915918 3.187858 0.044752
-4.005808 3.349847 0.050183
1.038428 6.905651 0.049382
1.189388 7.012922 0.049380
1.044756 7.349063 0.049833
1.193585 7.233123 0.049999
0.001899 7.911706 0.049907
0.148636 8.023774 0.049142
0.297290 7.911675 0.049955
0.002199 7.687899 0.049722
0.299318 7.687939 0.049772
0.150966 7.576231 0.049822
3.139316 5.125639 0.049663
3.439469 5.255113 0.051056
3.342705 5.098151 0.046051
3.033873 5.283213 0.042751
-1.736679 8.377354 0.043661
-1.587605 8.272734 0.049902
-1.901577 8.274144 0.046455
-1.920437 8.075692 0.045922
-0.866709 8.361557 0.048385
-1.290749 8.249930 0.045459
-1.149714 8.354550 0.049632
-1.013679 8.241980 0.049633
-1.025580 8.014664 0.047428
-1.312813 8.015466 0.050543
-1.183679 7.892771 0.050917
3.620362 -7.003889 0.049988
3.810773 -6.957228 0.044729
3.831895 -6.786816 0.048834
3.456643 -6.885567 0.046025
3.493380 -6.698314 0.051795
3.678221 -6.646225 0.047354
1.463346 -7.945022 0.044263
0.889793 -7.909600 0.050847
0.736521 -8.024278 0.048902
0.593198 -7.912045 0.050099
2.205684 -7.108661 0.050556
2.032754 -7.234952 0.046195
2.247514 -7.670540 0.047853
2.238788 -7.480500 0.050164
2.053010 -7.402689 0.048969
2.086768 -7.768604 0.046794
3.341389 2.664522 0.044177
3.138230 2.655155 0.048197
3.035147 2.487355 0.041218
3.136705 2.374555 0.043631
3.627832 2.089613 0.050012
3.336363 2.350583 0.041441
3.437964 2.472750 0.051119
3.440085 2.048231 0.050702
3.337486 2.163307 0.041247
3.027130 4.469377 0.037233
3.131011 4.556080 0.043070
3.032135 4.729284 0.039242
3.716110 5.423823 0.049544
3.630221 5.246502 0.049178
3.721064 5.064574 0.049755
4.005673 5.139368 0.040849
3.905109 5.022885 0.051003
4.298872 5.826333 0.044089
4.201953 5.390754 0.044789
3.988235 5.644556 0.043599
4.301673 5.547408 0.042720
4.192290 5.675268 0.048872
4.004991 5.327596 0.041505
3.900655 5.453538 0.052319
-4.307882 1.889625 0.050018
-3.029772 0.814639 0.049852
-3.030699 0.490253 0.049801
-3.132217 0.648170 0.049195
-3.619307 -0.097227 0.044682
-3.421644 -0.152709 0.044806
-3.314064 -0.000000 0.047706
-3.025311 -2.160037 0.050225
-3.123530 -1.983994 0.050491
-3.621118 -1.436006 0.050084
-3.722624 -1.254266 0.050641
-3.627789 -1.095452 0.049445
-3.418536 -1.795080 0.050445
-3.318456 -1.973869 0.050294
-3.709418 -1.936913 0.049481
-3.614568 -1.777953 0.050613
-3.607764 -2.121170 0.051221
-3.412834 -2.141000 0.050509
-4.000985 -2.400835 0.049210
-4.209441 -2.707951 0.047474
-4.306002 -2.544650 0.049849
-4.204634 -2.386121 0.049226
-3.915750 -2.881868 0.044874
-4.005471 -2.720600 0.050158
-3.898383 -2.572014 0.048552
-3.699379 -2.610042 0.046562
-3.024741 -2.507839 0.050362
-3.027781 -2.856575 0.051403
-3.124268 -2.681542 0.052047
-3.419567 -3.210927 0.052996
-3.326715 -3.030654 0.051723
-3.718435 -3.130979 0.044663
-3.609454 -3.252098 0.052561
-3.419209 -2.851394 0.053048
-3.609045 -2.812981 0.052718
-3.718328 -2.936220 0.044739
4.005674 -3.824133 0.047928
4.010997 -3.136924 0.049153
3.725407 -2.964305 0.049399
3.914087 -2.963542 0.048747
3.033229 -3.196166 0.041059
3.138994 -3.323619 0.050162
4.306011 -4.559146 0.038750
4.201951 -4.451399 0.050087
4.001256 -4.496410 0.047253
4.306011 -4.727463 0.038692
4.200112 -4.829152 0.048348
3.999828 -4.823331 0.043734
3.905032 -4.682432 0.051978
3.721064 -5.064574 0.049755
3.439469 -5.255113 0.051056
3.630221 -5.246502 0.049178
-3.345339 6.520066 0.044386
-3.540782 6.453610 0.047829
-3.541185 6.268627 0.044791
-3.332021 6.221930 0.044958
-3.220580 6.378441 0.047015
-3.028651 5.838098 0.044471
-2.922046 6.112223 0.043962
-3.088886 6.023332 0.045300
-3.441026 5.600019 0.049102
-3.337057 5.746219 0.049873
-3.338617 5.423450 0.049092
-3.132103 5.708533 0.049438
-3.031706 5.531547 0.047019
-3.134251 5.392663 0.049877
-3.700153 3.456245 0.046399
-3.603807 3.598548 0.051754
-3.899025 3.497116 0.048405
-3.703994 3.790537 0.048329
-4.001832 3.669506 0.049189
-3.903147 3.820624 0.049787
0.596630 7.241806 0.049766
0.745925 7.353069 0.049870
0.893823 7.240763 0.049719
0.891692 7.017552 0.049814
0.742503 6.906027 0.049569
0.595339 7.017976 0.049775
3.032929 5.570030 0.042550
3.138548 5.426677 0.050410
3.136975 5.731270 0.050638
3.340755 5.426065 0.046528
3.333939 5.760535 0.044925
3.432100 5.598683 0.051482
-1.596966 8.085283 0.042928
-1.555287 7.772642 0.042930
-1.460572 7.947593 0.043958
-1.749957 7.808654 0.043690
-1.764901 7.991452 0.047335
1.315170 -8.013842 0.050493
1.186851 -7.891662 0.050870
1.028682 -8.014300 0.047354
1.292883 -8.249079 0.045450
1.152227 -8.354373 0.049674
1.016345 -8.241774 0.049591
1.556937 -7.768121 0.043136
1.750707 -7.803325 0.043994
1.905443 -7.692420 0.050143
1.880411 -7.516545 0.046820
0.895835 -7.685411 0.049790
1.963978 -6.886910 0.042459
2.254839 -6.784848 0.046021
2.160321 -6.944713 0.046655
3.911603 2.271411 0.049765
3.718938 2.267067 0.049275
3.626335 2.441081 0.050275
4.006251 2.444708 0.049305
3.910699 2.616181 0.049514
3.723448 2.616897 0.048724
-4.309025 1.554963 0.050123
-4.210953 1.390123 0.050328
-4.014040 1.401401 0.050115
-4.208653 1.727465 0.050130
-3.913030 1.578900 0.050433
-4.009571 1.740123 0.049849
-3.728598 0.219498 0.052701
-3.619307 0.097227 0.044682
-3.638101 0.422788 0.046462
-3.421644 0.152709 0.044806
-3.438960 0.461715 0.048512
-3.331795 0.313908 0.050110
-4.309688 -4.522597 0.050291
-3.927960 -5.177713 0.049961
-4.312680 -5.214807 0.050757
-4.314333 -5.571185 0.051156
-4.218759 -5.383192 0.049961
-3.933435 -5.525255 0.049977
-4.027600 -5.363123 0.050814
-3.925382 -5.874668 0.051720
-4.015711 -6.061234 0.051207
-4.028941 -5.713729 0.050547
-4.218681 -5.739591 0.050439
-4.312601 -5.933480 0.053038
-4.213191 -6.094183 0.050066
-3.322980 -1.630904 0.050083
-3.424069 -1.453507 0.050446
3.902583 -4.342260 0.050214
3.999451 -4.163942 0.047898
3.906406 -4.000058 0.050083
3.342420 -3.310492 0.046642
3.439062 -3.142414 0.050451
3.632062 -3.137170 0.048943
3.441021 -3.477148 0.050409
3.343485 -3.635511 0.046049
0.595339 -7.017976 0.049775
0.742503 -6.906027 0.049569
1.643778 -6.895814 0.046389
1.842824 -7.172691 0.046091
1.819412 -6.988598 0.051880
-4.212546 -4.686840 0.050165
-3.921644 -4.832608 0.050139
-4.016639 -4.670949 0.050244
-4.021977 -5.015091 0.050552
-4.311112 -4.865525 0.050503
-4.215539 -5.032117 0.050135
-3.327448 -1.292588 0.049811
-3.331871 -0.959437 0.049501
-3.429661 -1.116273 0.050353
-3.128140 -1.305481 0.050121
3.719632 -4.003780 0.048279
3.630792 -3.827966 0.048809
3.342903 -3.958264 0.044198
3.440451 -3.813001 0.051060
3.433988 -4.151056 0.051476
3.710284 -4.356202 0.049586
3.620378 -4.181606 0.049966
3.137577 -4.832999 0.047639
3.033696 -5.001317 0.041468
3.139316 -5.125639 0.049663
3.342705 -5.098151 0.046051
3.633340 -3.480938 0.048787
4.011704 -3.481344 0.048527
3.914253 -3.654155 0.049283
3.726144 -3.654266 0.048803
3.917994 -3.309556 0.049383
3.727739 -3.309039 0.048843
3.140171 -3.917072 0.048395
3.034282 -4.033854 0.040643
0.745925 -7.353069 0.049870
0.746558 -7.576715 0.050048
0.448526 -7.353401 0.049916
0.596630 -7.241806 0.049766
0.448456 -7.576621 0.049824
0.597193 -7.688672 0.049951
0.893823 -7.240763 0.049719
0.891692 -7.017552 0.049814
-3.026473 -1.816546 0.050181
-3.125843 -1.642245 0.050329
-3.027624 -1.477742 0.050089
-3.028770 -1.143741 0.049978
-3.029772 -0.814639 0.049852
-3.130288 -0.974012 0.049748
3.618742 -4.535461 0.050072
3.429985 -4.577219 0.051351
3.714817 -4.707541 0.048632
3.625568 -4.890129 0.048605
3.437961 -4.915094 0.051839
3.338452 -4.774264 0.043794
3.330132 -4.275129 0.041956
3.327985 -4.462750 0.040828
3.133158 -4.199119 0.044998
3.027130 -4.300037 0.038114
3.032135 -4.729284 0.039242
3.131011 -4.556080 0.043070
3.027130 -4.469377 0.037233
3.034020 -3.477584 0.042266
3.139909 -3.622820 0.049858
3.034143 -3.759118 0.041946
1.495156 -7.003086 0.049860
1.038428 -6.905651 0.049382
1.189388 -7.012922 0.049380
1.336844 -6.901398 0.048179
1.044756 -7.349063 0.049833
1.193585 -7.233123 0.049999
1.198262 -7.671616 0.049859
1.046136 -7.570064 0.050097
1.521453 -7.604254 0.052690
1.350008 -7.546650 0.050595
1.346711 -7.329158 0.048718
1.500825 -7.210645 0.049054
1.690191 -7.463584 0.045063
1.672860 -7.287467 0.051173
