-4.286033 6.637607 0.042208
-4.352316 6.459181 0.044250
2.056173 8.493185 0.042059
2.953958 7.975943 0.044109
2.775962 8.021720 0.043868
4.353071 -0.186779 0.044413
4.222818 -0.073243 0.042930
3.893334 -0.105361 0.043245
4.027867 -0.178604 0.041865
4.341462 -0.820627 0.047159
4.240828 -0.667031 0.046135
4.339366 -0.505397 0.048010
4.252437 -0.359088 0.041237
4.043561 -0.663535 0.045142
3.947148 -0.493726 0.047680
4.057486 -0.350912 0.046175
-3.057501 -3.032900 0.049807
-0.057346 -8.495488 0.043001
-0.544118 -8.214499 0.044293
-0.530838 -8.401126 0.045379
-0.364085 -8.495511 0.042519
-0.218438 -8.400999 0.044923
0.904939 -7.374639 0.044037
3.141370 -7.313430 0.042151
3.340934 -7.264018 0.036379
3.395938 -7.546780 0.042173
3.453782 -7.366229 0.048204
3.636593 -7.305847 0.042436
3.210528 -7.592970 0.041550
3.068807 -7.461830 0.045297
1.920890 -8.396177 0.043697
2.518525 -8.420841 0.041873
2.882396 -7.498038 0.044596
2.845540 -7.672507 0.043767
1.944505 -8.204215 0.042859
2.248639 -8.208296 0.042404
2.110540 -8.111515 0.044005
2.737299 8.195629 0.043356
2.348770 8.494819 0.041022
2.217887 8.398004 0.043432
2.518524 8.420841 0.041873
2.559851 8.247296 0.043742
2.668063 7.722504 0.044590
2.633995 7.896987 0.043653
2.845539 7.672508 0.043767
3.168043 7.757884 0.045041
2.989466 7.801214 0.044337
0.574936 7.004465 0.042428
1.555698 7.364678 0.044004
1.229033 7.369984 0.043855
1.366205 7.094269 0.046224
1.395754 7.276552 0.044894
2.015989 7.644366 0.043859
1.865667 7.548673 0.044640
1.222622 7.552150 0.044672
1.057954 7.647149 0.043825
2.188515 7.563930 0.043875
2.211611 7.384600 0.044902
2.339180 7.668783 0.044340
2.518386 7.603752 0.044584
-2.345645 -8.488905 0.042743
-2.514664 -8.413841 0.046156
-2.574698 -8.236684 0.049056
0.737329 -7.098543 0.045359
0.745323 -7.284586 0.044138
0.100564 -7.657544 0.044124
-0.056536 -7.566105 0.044065
-0.668637 -8.495615 0.041534
-0.968795 -8.496579 0.039548
-0.843692 -8.402193 0.045863
-0.218055 -7.659326 0.044220
-4.345675 6.126218 0.046295
-4.257990 6.293605 0.045838
-4.077001 6.305437 0.045533
-4.127192 6.654416 0.045260
-4.012486 6.487821 0.044542
-0.338052 7.005447 0.042112
-0.503910 7.101122 0.045151
-1.111298 7.099260 0.044687
-0.839359 7.289684 0.044199
-1.002389 7.382739 0.044463
-1.154528 7.287990 0.044283
-1.213250 7.004090 0.036950
-1.793842 7.101474 0.043990
-3.160173 -1.519005 0.049917
3.893334 0.105361 0.043245
3.720847 -0.163346 0.045453
3.460520 0.970228 0.046875
3.059506 0.369742 0.040370
0.738237 7.652010 0.043938
0.901070 7.557842 0.044409
-1.736561 8.496755 0.040138
-1.555769 8.405010 0.047030
-1.519620 8.222071 0.045845
-1.675066 8.129769 0.043286
0.093092 8.400821 0.044607
0.250017 8.495334 0.043226
0.403423 8.400323 0.044414
0.405588 8.212113 0.043723
-0.057351 8.495488 0.043001
-0.364091 8.495511 0.042519
-0.218444 8.400999 0.044923
-0.225265 8.213898 0.044019
-0.382815 7.937134 0.044200
-0.384193 8.121783 0.044252
-0.221779 7.844048 0.044189
-1.173491 7.664061 0.044673
-1.011262 7.569682 0.044326
-0.541142 7.845689 0.044206
-0.855833 7.662406 0.044488
0.862119 -8.494418 0.043307
0.712073 -8.399407 0.044285
1.028396 -8.207730 0.043526
1.321852 -8.396973 0.044004
1.164932 -8.493776 0.043214
1.018369 -8.398194 0.044147
1.464832 -8.493197 0.043013
1.761790 -8.492992 0.042636
1.622498 -8.396189 0.043838
1.222625 -7.552150 0.044672
0.880063 -7.004079 0.041670
0.738241 -7.652010 0.043938
1.049512 -7.832167 0.044492
0.901074 -7.557842 0.044409
1.057957 -7.647149 0.043825
0.580910 -7.561715 0.044210
0.584127 -7.377494 0.044157
0.426072 -7.286207 0.043960
0.265569 -7.379383 0.044225
0.419193 -7.655289 0.044037
0.261906 -7.564244 0.044102
1.229036 -7.369984 0.043855
1.068234 -7.281780 0.044455
1.051352 -7.097262 0.045878
1.182604 -7.003183 0.040005
3.376815 -7.078874 0.041767
3.168043 -7.757883 0.045041
2.953959 -7.975942 0.044109
2.989467 -7.801213 0.044337
4.070450 -6.857261 0.044405
4.277795 -6.635288 0.045498
4.113022 -6.662625 0.049179
3.849913 -7.075237 0.045387
3.682311 -7.120132 0.043008
3.895473 -6.892241 0.047127
3.535381 -6.995369 0.047189
2.056174 -8.493185 0.042059
2.348771 -8.494819 0.041022
2.217888 -8.398004 0.043432
2.546674 -7.434247 0.043545
2.390566 -7.319948 0.044862
2.419200 -7.147486 0.046256
2.733208 -7.378529 0.045154
1.640979 -8.203738 0.043221
1.803887 -8.108580 0.044064
1.825385 -7.919384 0.043507
2.420849 -8.131565 0.042736
2.559852 -8.247296 0.043741
2.737300 -8.195629 0.043356
2.775963 -8.021719 0.043868
1.993077 -7.828838 0.044259
2.137614 -7.925333 0.043129
4.341942 2.410751 0.046877
4.244019 2.251268 0.046929
2.420847 8.131566 0.042736
2.456329 7.955166 0.044267
2.311192 7.845714 0.043636
2.248637 8.208296 0.042404
4.076853 5.897351 0.048055
3.476773 5.119371 0.045659
3.073694 5.974980 0.042668
3.135262 6.134421 0.043470
3.110065 6.464486 0.044860
3.631924 6.296225 0.045309
3.292856 6.409464 0.043068
3.468148 6.159485 0.045722
3.303505 6.222534 0.047243
4.342644 3.686555 0.046749
4.342192 3.366382 0.046856
4.244836 3.526269 0.046989
4.252215 3.848340 0.045810
4.349572 4.011787 0.044830
3.462120 3.532778 0.047411
3.367839 3.691547 0.045874
3.167164 3.689880 0.048960
3.062219 3.545584 0.042166
3.395937 7.546780 0.042173
3.210527 7.592970 0.041550
3.636592 7.305848 0.042436
3.340933 7.264019 0.036379
3.453781 7.366230 0.048204
1.478720 7.001086 0.036878
1.657892 7.001086 0.036562
1.725861 7.274761 0.044992
1.767632 7.093451 0.046231
1.883409 7.367242 0.043998
2.056828 7.283604 0.044500
2.085848 7.100038 0.047974
1.954201 7.002365 0.039734
1.182602 7.003183 0.040005
1.920888 8.396177 0.043697
1.365135 7.827545 0.044470
1.377804 7.641537 0.043851
1.544160 7.547497 0.044673
1.696581 7.639011 0.043850
3.141369 7.313431 0.042151
3.068807 7.461831 0.045297
2.882395 7.498038 0.044596
2.390564 7.319948 0.044862
2.546673 7.434247 0.043545
2.733207 7.378530 0.045154
2.753989 7.207364 0.046200
-2.198775 -8.393791 0.049072
0.269283 -7.004755 0.042679
0.574939 -7.004465 0.042428
0.424880 -7.099220 0.045028
-0.704338 -8.123241 0.044174
-0.866113 -8.216447 0.044756
-2.273668 -7.353746 0.042349
-1.643129 -7.573535 0.044544
-1.631375 -7.386272 0.044462
-0.221773 -7.844048 0.044188
-0.225259 -8.213898 0.044019
-0.384186 -8.121783 0.044252
-0.382808 -7.937134 0.044200
-0.503904 -7.101122 0.045151
-0.338047 -7.005447 0.042112
-0.839351 -7.289684 0.044199
-0.685780 -7.383171 0.044369
-0.374907 -7.567697 0.044086
-0.368814 -7.382282 0.044334
-0.523258 -7.289779 0.043997
-3.846192 6.515265 0.045837
-4.080567 6.842550 0.043479
-2.719109 6.454617 0.043730
-0.636706 7.005675 0.041149
-0.929434 7.005170 0.039416
-0.809634 7.100845 0.045193
-0.523265 7.289779 0.043997
-0.685787 7.383171 0.044369
-0.536959 7.660974 0.044340
-0.693387 7.568951 0.044195
-1.388786 7.004090 0.037373
-1.495384 7.100481 0.044938
-1.673096 7.006391 0.039908
-1.497999 7.853933 0.044527
-1.660846 7.946669 0.044503
-4.033822 4.705159 0.048025
-4.234777 3.904883 0.042656
-3.059735 -1.688532 0.049411
-3.061321 -0.711347 0.047772
-3.060438 -1.358822 0.049156
-4.341709 -1.815711 0.049704
3.057389 0.084256 0.036925
3.156895 0.195330 0.049481
3.347489 -0.169060 0.046035
3.057389 -0.084256 0.036925
3.156895 -0.195330 0.049481
3.451235 -0.331296 0.045250
3.755583 -0.483654 0.047849
3.650111 -0.325583 0.048319
4.341503 -1.137835 0.047025
4.242965 -0.981006 0.046444
3.947608 -0.815150 0.047743
4.046378 -0.979025 0.046232
3.948047 -1.134615 0.047229
3.059506 -0.369742 0.040370
4.048379 2.250920 0.046766
3.061969 0.942988 0.041344
3.361164 1.130121 0.047063
3.162348 1.108031 0.048913
3.060379 1.226417 0.038950
3.060620 1.672495 0.039258
3.160998 1.491604 0.048591
3.060379 1.395547 0.037447
4.353071 0.186779 0.044413
4.222818 0.073243 0.042930
4.027867 0.178604 0.041865
4.341462 0.820627 0.047159
4.242965 0.981006 0.046444
3.948077 1.453031 0.047014
4.046207 1.295939 0.046636
3.364900 0.809703 0.046465
3.162701 0.502134 0.048325
3.165164 0.804554 0.049086
3.063195 0.656041 0.042058
3.363836 0.489959 0.047433
3.464065 0.649015 0.047209
3.755583 0.483654 0.047849
3.656936 0.648423 0.046430
4.252215 -3.848340 0.045810
4.342644 -3.686555 0.046749
4.244836 -3.526269 0.046989
4.342192 -3.366382 0.046856
4.341738 -2.729231 0.046936
4.047290 -3.204803 0.047139
4.243490 -2.888227 0.046847
4.341752 -3.047518 0.046947
4.243944 -3.206586 0.046855
4.049105 -3.522746 0.047255
3.949807 -3.361077 0.046353
3.753507 -3.362929 0.046158
-4.340644 -4.193047 0.050938
-4.242925 -1.985371 0.049877
0.556850 8.494989 0.043309
0.862115 8.494418 0.043308
0.712069 8.399407 0.044285
1.335922 8.205265 0.043399
1.321849 8.396973 0.044004
1.164929 8.493776 0.043214
1.018366 8.398194 0.044147
0.570755 7.931319 0.043833
0.565069 8.117623 0.044326
0.718123 8.210251 0.043614
0.732448 7.836811 0.044371
0.414827 7.840092 0.044263
0.100558 7.657544 0.044125
0.584122 7.377495 0.044157
0.580906 7.561715 0.044210
0.419189 7.655289 0.044037
0.261901 7.564244 0.044102
-1.260426 8.498255 0.036305
-1.438372 8.498255 0.037161
-0.056542 7.566105 0.044065
-0.368820 7.382282 0.044334
-0.218062 7.659326 0.044221
-0.374914 7.567697 0.044086
0.091146 8.213246 0.043848
-0.066119 8.120812 0.044269
0.250236 8.119548 0.044289
-0.064010 7.935611 0.044052
0.253789 7.933831 0.043938
0.096808 7.842328 0.044203
-1.180055 7.851139 0.044302
-1.342171 7.946087 0.044662
-1.349572 8.131125 0.043986
0.556854 -8.494989 0.043308
0.096814 -7.842328 0.044203
-0.066113 -8.120812 0.044269
-0.064004 -7.935611 0.044052
0.718127 -8.210251 0.043614
0.878200 -8.114798 0.044353
0.886839 -7.927661 0.043732
0.732452 -7.836811 0.044371
4.354954 -6.112134 0.043012
4.344283 -6.458920 0.047328
4.259238 -6.278052 0.051063
1.679213 -7.825249 0.044399
1.377807 -7.641537 0.043851
1.497387 -8.109037 0.044197
1.189033 -8.111603 0.044295
1.335925 -8.205265 0.043399
1.201510 -7.923176 0.043689
1.365138 -7.827545 0.044470
1.514122 -7.919744 0.043613
2.518387 -7.603751 0.044584
2.456330 -7.955166 0.044267
2.668065 -7.722503 0.044590
2.633996 -7.896987 0.043653
2.339182 -7.668783 0.044340
2.311194 -7.845714 0.043636
4.243680 2.570028 0.046866
4.342076 2.091804 0.046835
4.354954 6.112134 0.043012
4.344356 5.780681 0.043910
4.259310 5.924103 0.046768
4.246951 5.593139 0.048370
3.705569 5.938947 0.042964
3.508386 5.988058 0.046413
4.348608 4.666364 0.043108
3.461036 5.412216 0.042027
3.371197 5.265694 0.046880
3.059915 5.411714 0.041593
3.164683 5.265567 0.045891
4.070450 6.857261 0.044405
4.344283 6.458920 0.047328
4.277795 6.635288 0.045498
4.113022 6.662625 0.049179
3.963646 6.532969 0.047365
4.259237 6.278053 0.051063
2.746613 6.416827 0.039864
2.956595 6.215869 0.040235
2.942047 6.359004 0.041996
3.070702 6.618008 0.041218
3.470315 3.855380 0.048203
3.746870 4.162693 0.042958
3.974079 3.984768 0.041641
4.058130 3.841492 0.048613
3.775870 3.988819 0.044971
3.664618 3.848196 0.047893
3.745800 4.531737 0.042869
3.062193 1.956301 0.041522
3.162813 1.792465 0.048884
3.361967 1.771695 0.046988
3.653741 3.207518 0.047369
3.750938 3.045886 0.046697
3.849912 7.075238 0.045387
3.682311 7.120133 0.043008
3.895472 6.892242 0.047127
3.376815 7.078875 0.041767
3.221320 6.743875 0.044634
3.535381 6.995370 0.047189
2.269266 7.028571 0.044237
2.419199 7.147486 0.046256
2.596090 7.090619 0.042404
0.737325 7.098543 0.045359
0.880060 7.004079 0.041670
0.745319 7.284586 0.044138
0.904935 7.374639 0.044037
1.068230 7.281780 0.044455
1.051349 7.097262 0.045878
1.464830 8.493197 0.043013
1.761788 8.492992 0.042636
1.622495 8.396189 0.043838
1.679210 7.825249 0.044399
1.514120 7.919744 0.043613
1.497385 8.109037 0.044197
1.640977 8.203738 0.043221
-2.042768 -8.494886 0.041774
-1.736554 -8.496755 0.040138
-1.876895 -8.401641 0.047971
-1.851546 -8.217596 0.045793
-1.660833 -7.946669 0.044502
-1.675054 -8.129771 0.043286
3.056034 -4.576151 0.036926
3.056034 -4.406777 0.036269
-0.702733 -7.939081 0.044436
-0.541135 -7.845689 0.044206
-0.693379 -7.568951 0.044195
-0.536951 -7.660973 0.044340
-0.855824 -7.662406 0.044487
-0.860994 -7.847820 0.044265
-1.260420 -8.498255 0.036305
-1.155677 -8.404834 0.045955
-1.519610 -8.222071 0.045845
-1.438366 -8.498255 0.037160
-1.555760 -8.405011 0.047029
-2.091648 -7.287261 0.040820
-1.945961 -7.379974 0.044531
-1.793835 -7.101473 0.043990
-1.779801 -7.291660 0.043579
-0.051818 -7.380896 0.044280
-0.207244 -7.288702 0.043895
0.108945 -7.287473 0.043885
-0.195832 -7.100524 0.044995
0.113852 -7.099832 0.044921
-0.035499 -7.005077 0.042575
-1.467695 -7.290175 0.044158
-0.636702 -7.005675 0.041149
-0.809628 -7.100845 0.045193
-2.684575 6.629026 0.045480
-2.507141 6.667587 0.044055
-2.475295 6.844131 0.044642
-2.816208 6.771438 0.043905
-2.601084 6.995273 0.041942
-2.764563 6.961141 0.047036
-1.489549 7.666566 0.044580
-1.327158 7.571643 0.044241
-1.317068 7.382515 0.044761
-1.467704 7.290176 0.044158
-2.091662 7.287258 0.040820
-1.816798 7.850341 0.045043
-2.126219 7.634990 0.041045
-4.247003 5.965342 0.046694
-4.341328 5.802451 0.047624
-4.240187 5.645344 0.047371
-4.236426 5.011250 0.048304
-3.353543 2.517532 0.049784
-3.160155 1.518895 0.050112
-3.359220 1.509034 0.049569
-4.340673 2.486620 0.049748
-4.240665 2.654069 0.049483
-4.221960 4.070080 0.046084
-4.340647 4.192856 0.050942
-4.239179 4.374175 0.046129
-4.353464 3.795281 0.046121
-3.058637 -2.356281 0.049694
-3.463289 -0.675555 0.049323
-3.162522 -0.862223 0.050023
-3.061201 -1.032888 0.048717
-3.161639 -1.189188 0.049976
-3.362208 -1.177876 0.049447
-3.364144 -0.846886 0.049580
-3.463393 -1.006239 0.049870
-4.342251 -1.477055 0.049603
-4.243959 -1.646995 0.050069
-4.047960 -1.650898 0.050040
-3.951444 -1.484619 0.049642
-3.658451 -1.329144 0.049496
-3.755216 -1.492834 0.050106
-3.460364 -1.339100 0.049982
-3.655050 -1.665824 0.049619
-3.359529 -1.510594 0.049508
-3.457451 -1.673628 0.049945
-4.342483 1.136103 0.049722
-4.342851 0.793956 0.049462
-4.245334 0.963718 0.050678
4.243075 -1.297178 0.046664
4.046207 -1.295939 0.046636
3.653526 -1.291610 0.046938
3.752027 -1.131856 0.047014
3.458019 -1.611191 0.046992
3.361967 -1.771694 0.046988
3.948369 -2.728399 0.046751
4.046579 -2.887515 0.047038
3.948187 -3.045023 0.046608
3.160517 -2.701742 0.048907
4.243680 -2.570028 0.046866
4.048379 -2.250920 0.046766
4.047222 -2.569908 0.046932
3.949845 -2.410283 0.046947
3.162701 -0.502134 0.048325
3.363836 -0.489959 0.047433
3.949845 2.410283 0.046947
4.047222 2.569908 0.046932
3.948369 2.728399 0.046751
3.753261 1.770611 0.046883
3.950504 2.090740 0.046968
3.359244 1.451070 0.047217
3.457440 1.290874 0.047043
3.458019 1.611191 0.046992
3.653526 1.291610 0.046938
3.654106 1.610845 0.046954
3.751417 1.451461 0.047025
3.947148 0.493726 0.047680
4.057486 0.350912 0.046175
4.043561 0.663535 0.045142
4.240828 0.667031 0.046135
4.339366 0.505397 0.048010
4.252437 0.359088 0.041237
4.341503 1.137835 0.047025
4.341572 1.455273 0.046962
4.243075 1.297178 0.046664
4.046378 0.979025 0.046232
3.948047 1.134615 0.047229
3.947608 0.815150 0.047743
3.752548 0.810110 0.046925
3.655297 0.971227 0.046952
3.752027 1.131856 0.047014
3.451235 0.331296 0.045250
3.347489 0.169060 0.046035
3.720847 0.163346 0.045453
3.650111 0.325583 0.048319
3.613059 0.000000 0.042416
3.438577 0.000000 0.048641
4.349572 -4.011787 0.044830
4.339293 -4.341064 0.047221
4.248865 -4.181774 0.049308
3.777604 -4.712463 0.046685
3.672135 -4.839386 0.046006
3.058865 -2.978423 0.037211
3.058865 -2.810711 0.037404
3.160161 -3.084321 0.048653
-4.353457 -3.795520 0.046117
-4.335712 -3.472504 0.051492
-4.249169 -3.614332 0.039513
-4.221951 -4.070274 0.046081
-4.234764 -3.905092 0.042655
-4.010127 -4.088281 0.039098
-3.641733 -3.357484 0.049435
-3.738999 -3.182173 0.049618
-3.911083 -3.908687 0.048136
-4.036364 -3.804369 0.041078
-3.742004 -3.526826 0.050958
-4.050769 -3.632027 0.046607
-3.934989 -3.500919 0.050841
-3.057950 -3.374142 0.050153
-3.155451 -3.201563 0.050110
-3.350113 -3.196509 0.049708
-3.448672 -3.365034 0.050333
-3.149930 -4.233954 0.049972
-2.706037 -7.856416 0.046099
-4.341216 -2.152420 0.049719
-4.044101 -2.326150 0.049556
-4.340671 -2.487087 0.049730
-4.241887 -2.321270 0.049727
-3.948785 -1.823854 0.049779
-4.046000 -1.989611 0.049796
-3.752103 -1.830566 0.049950
-3.946506 -2.161540 0.049883
-3.447953 -3.023072 0.049784
-3.643778 -3.016287 0.049970
-4.234874 -3.306043 0.047933
-4.032551 -3.316763 0.046306
-3.936832 -3.167359 0.050982
1.189030 8.111603 0.044295
0.886835 7.927661 0.043732
1.028392 8.207730 0.043526
0.878197 8.114798 0.044353
1.049508 7.832166 0.044492
1.201507 7.923176 0.043689
0.426068 7.286207 0.043960
0.269279 7.004755 0.042679
0.424875 7.099220 0.045028
0.265564 7.379383 0.044226
-1.022996 7.942175 0.044698
-0.702741 7.939081 0.044436
-0.861003 7.847820 0.044265
0.250022 -8.495334 0.043226
0.403427 -8.400323 0.044414
0.093098 -8.400821 0.044607
0.091152 -8.213246 0.043848
0.565073 -8.117623 0.044326
0.405592 -8.212113 0.043723
0.250241 -8.119548 0.044289
0.253794 -7.933831 0.043938
0.414832 -7.840092 0.044263
0.570760 -7.931319 0.043833
1.395757 -7.276552 0.044894
1.366207 -7.094269 0.046224
1.767633 -7.093451 0.046231
2.015991 -7.644366 0.043859
2.056829 -7.283604 0.044500
2.211613 -7.384599 0.044902
2.188517 -7.563930 0.043875
4.344356 -5.780680 0.043910
4.259310 -5.924102 0.046768
4.341738 2.729231 0.046936
4.341811 1.773174 0.046896
4.243383 1.614262 0.046778
4.243887 1.932346 0.046866
4.047954 1.931630 0.046779
4.046756 1.613259 0.046782
3.949251 1.771455 0.046973
3.658017 5.457889 0.042641
3.776253 5.750532 0.049494
3.659983 5.641725 0.041988
3.965462 5.719367 0.045983
4.050513 5.558577 0.050271
3.974953 4.728996 0.042179
3.672135 4.839386 0.046006
3.777604 4.712463 0.046685
4.065528 4.551231 0.046022
4.247901 4.517166 0.050837
3.934801 4.273551 0.042975
3.933834 4.431987 0.044289
4.067458 4.161604 0.045429
4.339293 4.341064 0.047221
4.248865 4.181774 0.049308
3.173518 5.859207 0.046626
3.354345 5.563594 0.044897
3.059824 5.700912 0.041045
3.159739 5.563219 0.047334
3.381998 5.859290 0.046526
3.462911 5.701371 0.042507
3.961623 6.363465 0.044218
4.092441 6.245765 0.043949
3.790217 6.249377 0.041908
4.005701 6.053095 0.042036
3.823625 6.063526 0.046247
3.375398 4.964113 0.045924
3.475223 4.811996 0.047473
3.614061 4.236529 0.043305
3.613957 4.447137 0.043064
3.753507 3.362929 0.046158
3.657503 3.527252 0.047411
3.757524 3.678837 0.045534
3.949807 3.361077 0.046353
4.049105 3.522746 0.047255
3.952827 3.676184 0.045344
3.461494 1.931240 0.046828
3.656701 1.930502 0.046966
3.755241 2.090456 0.046747
3.357997 3.051836 0.047200
3.160161 3.084322 0.048653
3.362741 3.372506 0.046580
3.458357 3.211569 0.046917
3.163515 3.386979 0.048684
3.061295 3.258527 0.040658
3.217498 7.026419 0.039594
3.146402 6.887580 0.042294
2.944892 6.937765 0.035752
3.069307 7.173444 0.039700
2.910566 7.124225 0.041980
3.409238 6.706269 0.044289
3.441411 6.525379 0.045986
3.615835 6.475189 0.044983
3.558060 6.820715 0.045444
3.776152 6.597845 0.043911
3.750550 6.762482 0.046001
2.635608 6.916465 0.043095
2.722654 6.574997 0.046062
2.827833 6.846749 0.047354
2.878725 6.670697 0.042163
2.307105 6.857009 0.042980
2.532710 6.636354 0.042655
2.496556 6.801770 0.046399
1.825382 7.919384 0.043508
2.110538 8.111515 0.044006
1.944503 8.204215 0.042859
1.803884 8.108580 0.044064
1.993075 7.828838 0.044259
2.137612 7.925333 0.043129
-1.816784 -7.850343 0.045042
-1.807529 -7.664575 0.044223
-1.961936 -7.565626 0.044851
-1.489538 -7.666566 0.044579
-1.497987 -7.853933 0.044527
-1.011253 -7.569682 0.044326
-1.317059 -7.382514 0.044761
-1.327147 -7.571642 0.044240
-1.173482 -7.664060 0.044673
-1.002380 -7.382739 0.044463
-1.154520 -7.287990 0.044283
-3.216984 7.712589 0.045227
-3.439747 7.489903 0.044730
-3.265540 7.528536 0.045888
-2.300907 6.878644 0.044899
-2.268251 7.045070 0.040835
-1.962876 7.005083 0.040802
-2.094533 7.102555 0.044751
-2.542101 7.191349 0.047226
-2.383655 7.206633 0.041734
-2.656572 7.339752 0.046647
-2.292264 7.515821 0.045851
-2.273685 7.353739 0.042350
-2.042775 8.494885 0.041774
-1.876905 8.401640 0.047971
-1.851558 8.217594 0.045793
-2.916839 7.613335 0.046085
-2.994141 7.940800 0.044579
-3.043506 7.755860 0.044955
-1.779812 7.291661 0.043579
-1.631386 7.386273 0.044462
-1.643141 7.573535 0.044545
-1.945975 7.379973 0.044531
-1.807543 7.664574 0.044223
-1.961952 7.565624 0.044852
-3.971528 6.148616 0.046602
-4.053845 5.975908 0.046904
-4.338050 5.164784 0.049126
-4.338859 5.483288 0.048522
-4.236909 5.328622 0.047911
-3.931803 4.869925 0.049719
-4.032939 5.024450 0.048262
-3.452870 2.345786 0.049834
-3.059746 1.689659 0.049240
-3.060410 1.360637 0.048804
-3.457066 1.672522 0.049967
-3.652068 2.002249 0.049764
-3.948359 1.823696 0.049842
-3.751641 1.830062 0.049919
-3.654389 1.664878 0.049712
-3.754011 1.492016 0.050043
-3.623570 4.051019 0.048024
-4.010144 4.088114 0.039101
-3.350994 3.538696 0.050370
-3.446242 3.706050 0.049552
-3.448717 3.364934 0.050337
-3.058167 2.693755 0.049759
-3.058666 2.356716 0.049653
-3.156833 2.522651 0.049848
-3.155687 2.861021 0.049820
-3.057520 3.033033 0.049797
-3.350163 3.196445 0.049707
-3.155484 3.201593 0.050116
-4.339992 2.818975 0.049828
-4.241872 2.320906 0.049714
-4.045823 1.989511 0.049764
-3.643826 3.016102 0.049973
-3.448007 3.022958 0.049788
-3.351494 2.856095 0.049878
-3.450684 2.683710 0.049794
-4.335718 3.472219 0.051497
-4.249182 3.614087 0.039516
-4.338532 4.519668 0.050428
-4.338376 4.843723 0.049620
-4.236907 4.692158 0.048025
-4.343588 -0.794024 0.048422
-3.361537 -0.516224 0.049856
-3.059869 -0.393777 0.045756
-3.161191 -0.536678 0.050333
-3.663447 -0.659822 0.049749
-3.760955 -0.487208 0.048908
-4.342918 -1.136401 0.049277
-4.245168 -1.305621 0.050456
-4.050360 -1.309282 0.050427
-4.246506 -0.959760 0.051376
-3.749472 -2.167998 0.049828
-3.652283 -2.002780 0.049721
-3.952466 1.144238 0.049724
-4.050772 0.967750 0.050613
3.461494 -1.931240 0.046828
3.950504 -2.090740 0.046968
3.755241 -2.090456 0.046747
3.656701 -1.930502 0.046966
3.359244 -1.451070 0.047217
3.457440 -1.290874 0.047043
3.361164 -1.130121 0.047063
3.160998 -1.491604 0.048591
3.061651 -2.529972 0.040742
3.754371 -2.410303 0.046701
3.657643 -2.250656 0.046933
4.342076 -2.091804 0.046835
4.341942 -2.410751 0.046877
4.244019 -2.251268 0.046929
4.341572 -1.455273 0.046962
3.464065 -0.649015 0.047209
3.656936 -0.648423 0.046430
3.460520 -0.970228 0.046875
3.364900 -0.809703 0.046465
3.752548 -0.810110 0.046925
3.655297 -0.971227 0.046952
3.754371 2.410303 0.046701
3.657643 2.250656 0.046933
-3.355348 0.162468 0.051185
-3.058635 -0.081881 0.042212
-3.158504 -0.208903 0.051496
4.344222 -4.981877 0.041789
4.252830 -4.852003 0.047425
3.974953 -4.728996 0.042179
4.061549 -4.880568 0.049911
4.065528 -4.551231 0.046022
4.348608 -4.666364 0.043108
4.247901 -4.517165 0.050837
4.067458 -4.161604 0.045429
3.058011 -4.116833 0.040256
3.154045 -4.296222 0.050371
3.362741 -3.372506 0.046580
3.439743 -4.497626 0.045749
3.333162 -4.330659 0.042422
3.441824 -4.172273 0.045243
3.365766 -4.654154 0.048102
3.161174 -4.683188 0.047775
3.375398 -4.964112 0.045924
3.475223 -4.811996 0.047473
3.064768 -5.129608 0.042324
3.065140 -4.851393 0.041138
3.169908 -4.974476 0.047910
-3.729643 -3.875045 0.050836
-3.644194 -3.701757 0.050887
-3.055874 -4.061942 0.050047
-3.338764 -4.229766 0.049401
-3.623544 -4.051135 0.048023
-3.437909 -4.051712 0.050417
-1.962872 -7.005083 0.040801
-2.094525 -7.102556 0.044751
-2.507134 -6.667593 0.044055
-2.617314 -7.523476 0.045436
-2.750803 -7.659579 0.043021
-2.765633 -8.182391 0.042335
-2.822691 -7.995126 0.043608
-3.944108 -2.498003 0.050037
-3.743672 -2.843170 0.049709
-3.351433 -2.856166 0.049881
-3.155643 -2.860940 0.049809
-3.058142 -2.693501 0.049779
-3.156779 -2.522512 0.049827
-4.339162 -3.148703 0.050092
-0.035503 7.005077 0.042575
0.113847 7.099833 0.044921
-0.195837 7.100524 0.044995
0.108940 7.287473 0.043885
-0.207250 7.288702 0.043895
-0.051824 7.380896 0.044280
-0.704345 8.123241 0.044174
-0.544125 8.214498 0.044293
-0.668643 8.495615 0.041534
-0.530845 8.401126 0.045379
1.555701 -7.364679 0.044004
1.696583 -7.639011 0.043850
1.544162 -7.547497 0.044673
1.865670 -7.548673 0.044640
1.725864 -7.274761 0.044992
1.883411 -7.367242 0.043998
1.478721 -7.001086 0.036878
1.657893 -7.001086 0.036562
2.307105 -6.857008 0.042980
2.269267 -7.028571 0.044237
2.085850 -7.100037 0.047973
1.954201 -7.002366 0.039734
3.059915 -5.411714 0.041593
3.164683 -5.265567 0.045891
4.092441 -6.245765 0.043949
4.342595 -5.472372 0.041372
4.246951 -5.593138 0.048370
4.342595 -5.286603 0.040054
4.246818 -5.179084 0.050281
4.341752 3.047518 0.046947
4.243944 3.206586 0.046855
4.243490 2.888227 0.046847
4.047290 3.204803 0.047139
4.046579 2.887515 0.047038
3.948187 3.045023 0.046608
4.342595 5.472372 0.041372
4.342595 5.286603 0.040054
4.344222 4.981877 0.041789
4.252830 4.852003 0.047425
4.061549 4.880568 0.049911
4.246818 5.179084 0.050281
3.767038 5.345175 0.048205
3.956452 5.385948 0.048230
4.057112 5.218603 0.048786
3.963236 5.049962 0.046006
3.675633 5.153180 0.043908
3.771170 5.025311 0.047086
3.365766 4.654154 0.048102
3.439743 4.497626 0.045749
3.367652 4.008776 0.047815
3.441824 4.172273 0.045243
3.333162 4.330659 0.042422
3.154045 4.296222 0.050371
3.058865 2.978423 0.037211
3.058865 2.810711 0.037404
-2.126202 -7.634995 0.041045
-2.450621 -7.597025 0.046099
-2.292247 -7.515828 0.045850
-2.475658 -8.105755 0.041158
-2.549938 -7.912752 0.041445
-2.428011 -7.789464 0.041686
-1.342160 -7.946087 0.044662
-1.190961 -8.220642 0.045167
-1.349562 -8.131125 0.043986
-1.026501 -8.126641 0.044043
-1.022987 -7.942174 0.044698
-1.180045 -7.851138 0.044302
-1.673093 -7.006391 0.039908
-1.495378 -7.100481 0.044937
-1.388784 -7.004090 0.037373
-0.929429 -7.005170 0.039416
-1.111292 -7.099259 0.044687
-1.213247 -7.004090 0.036950
-3.054056 -4.412612 0.049811
-2.965479 7.425997 0.045544
-3.140702 7.384469 0.045154
-2.838701 7.288516 0.044621
-2.887708 7.105982 0.046016
-3.065090 7.057482 0.045166
-3.191306 7.198489 0.045695
-2.514670 8.413837 0.046157
-2.345650 8.488904 0.042742
-2.198784 8.393789 0.049072
-2.765644 8.182382 0.042335
-2.822706 7.995114 0.043609
-2.475672 8.105748 0.041159
-2.574710 8.236677 0.049056
-1.997716 8.120039 0.043442
-1.977177 7.935887 0.042731
-2.301968 8.092108 0.041549
-2.179072 8.202989 0.047041
-2.275624 7.892757 0.040715
-2.132189 7.819486 0.047129
-2.428028 7.789456 0.041686
-2.750821 7.659565 0.043022
-2.549954 7.912743 0.041445
-2.706054 7.856404 0.046099
-2.450639 7.597016 0.046100
-2.617333 7.523464 0.045437
-3.786488 6.173606 0.046638
-3.554761 6.396044 0.046236
-3.725667 6.357871 0.045957
-4.033030 5.341772 0.048299
-3.930684 5.191134 0.048985
-2.900159 6.410880 0.046262
-2.932152 6.240013 0.042920
-4.041893 2.660181 0.049191
-3.941226 2.833079 0.050319
-3.647078 2.677417 0.049898
-3.743708 2.842945 0.049709
-3.749339 2.167642 0.049816
-3.946377 2.161270 0.049909
-4.044066 2.325893 0.049547
-3.944095 2.497718 0.050048
-3.649732 2.339635 0.049828
-3.746799 2.505089 0.049734
-3.355338 2.180368 0.049706
-3.157843 2.186179 0.049883
-3.059177 2.021911 0.049495
-3.158923 1.851557 0.049963
-3.357179 1.844282 0.049627
-3.454928 2.008824 0.049894
-4.341640 1.815134 0.049786
-4.341199 2.151883 0.049756
-4.242839 1.985111 0.049841
-4.342059 1.476530 0.049794
-4.049086 1.310967 0.050188
-4.244542 1.306865 0.050196
-4.243699 1.647128 0.049971
-3.950338 1.484794 0.049797
-4.047434 1.651290 0.049949
-3.720933 4.220663 0.047862
-3.631017 4.390536 0.050859
-3.732423 4.552510 0.048987
-3.926072 4.224142 0.052763
-3.932688 4.545922 0.050305
-4.036420 4.387428 0.047204
-4.039168 2.991379 0.048479
-4.239162 2.983386 0.048923
-4.339170 3.148367 0.050098
-4.234888 3.305761 0.047934
-4.050791 3.631817 0.046611
-3.644229 3.701619 0.050888
-3.729671 3.874903 0.050839
-4.036386 3.804176 0.041079
-3.911106 3.908518 0.048139
-4.341667 -0.092578 0.043094
-4.341667 0.110195 0.046632
-4.244598 -0.220533 0.068727
-4.050395 -0.220405 0.068424
-4.342930 -0.453012 0.046348
-4.246518 -0.606878 0.053636
-4.054663 -0.609176 0.052822
-3.956873 -0.455181 0.047114
-3.654876 -0.331591 0.050209
-3.450800 -0.008812 0.048788
-3.455616 -0.344873 0.048549
-3.353904 -0.180454 0.049764
-3.958489 -0.799573 0.048628
-4.053262 -0.963011 0.051204
-3.763190 -0.818192 0.050179
-3.954866 -1.143312 0.049345
-3.662281 -0.993278 0.049415
-3.759184 -1.154959 0.050258
-3.355303 -2.180628 0.049700
-3.158885 -1.851419 0.049871
-3.357245 -1.844926 0.049605
-3.455025 -2.009336 0.049881
-3.059150 -2.021204 0.049577
-3.157787 -2.186002 0.049839
-3.949900 -0.090348 0.044776
-3.950570 0.115490 0.047058
-3.752335 0.147603 0.048507
-3.647934 -0.011148 0.049936
-3.750300 -0.169507 0.045669
-3.456940 0.329805 0.049153
-3.656792 0.317276 0.050577
-4.244731 0.262788 0.054216
-4.051198 0.265982 0.053454
-4.343064 0.450778 0.048677
-4.245915 0.616433 0.051729
3.753261 -1.770611 0.046883
3.751417 -1.451461 0.047025
3.654106 -1.610845 0.046954
3.948077 -1.453031 0.047014
3.162348 -1.108031 0.048913
3.062193 -1.956301 0.041522
3.162813 -1.792465 0.048884
3.060620 -1.672495 0.039258
3.164610 -2.095524 0.048783
3.062417 -2.243586 0.041958
3.164068 -2.398798 0.048836
3.363870 -2.410198 0.046759
3.364756 -2.091233 0.046651
3.462365 -2.250695 0.046856
3.358495 -2.730950 0.047319
3.459432 -2.570579 0.046771
3.751276 -2.729195 0.046866
3.654656 -2.570724 0.047120
4.341811 -1.773174 0.046896
4.243383 -1.614262 0.046778
4.243887 -1.932346 0.046866
4.047954 -1.931630 0.046779
4.046756 -1.613259 0.046782
3.949251 -1.771455 0.046973
3.454680 2.891072 0.047251
3.652237 2.889173 0.047000
3.751276 2.729195 0.046866
3.654656 2.570724 0.047120
-3.059948 0.407726 0.042841
-3.058635 0.104513 0.040521
-3.158583 0.209141 0.052395
4.058130 -3.841492 0.048613
3.974079 -3.984768 0.041641
3.952827 -3.676184 0.045344
3.775870 -3.988819 0.044971
3.367652 -4.008775 0.047815
3.162956 -3.987772 0.047196
3.064945 -3.832709 0.042700
3.167164 -3.689880 0.048960
3.746870 -4.162693 0.042958
3.614061 -4.236528 0.043305
3.933834 -4.431987 0.044289
3.934801 -4.273551 0.042975
3.745800 -4.531737 0.042869
3.613957 -4.447137 0.043064
-3.346021 -3.880009 0.050036
-3.152820 -3.886051 0.049845
-3.056946 -3.716240 0.050074
-3.154896 -3.542818 0.049777
-3.350957 -3.538764 0.050371
-3.446208 -3.706144 0.049549
-3.926057 -4.224285 0.052761
-3.720913 -4.220782 0.047860
-2.383641 -7.206642 0.041734
-2.475286 -6.844139 0.044641
-2.268243 -7.045075 0.040835
-2.300903 -6.878648 0.044898
-3.112375 -6.180777 0.045792
-2.932145 -6.240020 0.042921
-2.994125 -7.940815 0.044578
-4.080550 -6.842569 0.043479
-4.127176 -6.654442 0.045260
-4.012466 -6.487859 0.044542
-3.871814 -7.053095 0.044134
-3.917218 -6.865664 0.045429
-3.037687 -6.545061 0.044702
-2.900146 -6.410892 0.046262
-2.684564 -6.629037 0.045479
-2.719101 -6.454624 0.043730
-3.211116 -6.495495 0.045431
-3.426160 -6.249240 0.047081
-3.253805 -6.302082 0.046369
-2.601070 -6.995286 0.041941
-2.656554 -7.339767 0.046647
-2.542085 -7.191362 0.047225
-4.039139 -2.991645 0.048478
-3.941200 -2.833343 0.050315
-4.041877 -2.660465 0.049192
-4.240655 -2.654430 0.049487
-4.339984 -2.819372 0.049818
-4.239146 -2.983710 0.048923
-3.452852 -2.346043 0.049826
-3.647045 -2.677653 0.049891
-3.649763 -2.339969 0.049809
-3.746804 -2.505364 0.049737
-3.353479 -2.517648 0.049785
-3.450632 -2.683863 0.049788
-0.968802 8.496578 0.039548
-0.843699 8.402193 0.045864
-0.866121 8.216447 0.044756
-1.026509 8.126641 0.044043
-1.155685 8.404834 0.045955
-1.190970 8.220642 0.045167
4.076853 -5.897351 0.048055
4.005701 -6.053095 0.042036
3.963646 -6.532969 0.047365
3.961623 -6.363465 0.044218
2.496556 -6.801769 0.046399
2.532710 -6.636354 0.042655
3.771170 -5.025311 0.047086
3.963236 -5.049961 0.046006
4.057113 -5.218603 0.048786
3.064945 3.832710 0.042700
3.162956 3.987772 0.047196
3.058011 4.116833 0.040256
3.161174 4.683188 0.047775
-2.132173 -7.819491 0.047129
-2.275608 -7.892762 0.040715
-1.977162 -7.935890 0.042730
-1.997703 -8.120041 0.043442
-2.179060 -8.202992 0.047040
-2.301954 -8.092113 0.041548
-3.051389 -5.852407 0.053481
-3.162157 -5.992672 0.050260
-3.211139 6.495468 0.045432
-3.037707 6.545042 0.044703
-2.988290 6.731191 0.046417
-3.114028 6.872394 0.046067
-3.487523 7.304203 0.045806
-3.363920 7.156855 0.044980
-3.728773 5.211266 0.048227
-3.730829 4.884046 0.048564
-3.632584 4.725869 0.050197
-3.436914 4.739813 0.048934
-3.630054 5.058704 0.049983
-3.437934 4.051623 0.050419
-3.346049 3.879938 0.050036
-3.340240 4.574882 0.050665
-3.434503 4.398964 0.048730
-3.338783 4.229695 0.049401
-3.149942 4.233908 0.049975
-3.057964 3.374197 0.050148
-3.154920 3.542811 0.049781
-3.742040 3.526659 0.050960
-3.935018 3.500715 0.050842
-3.641777 3.357328 0.049436
-3.739041 3.181983 0.049619
-3.936865 3.167126 0.050984
-4.032578 3.316526 0.046308
-3.759576 0.476869 0.050165
-4.052131 0.620149 0.051555
-3.955747 0.457688 0.048784
-3.954506 0.801704 0.049514
-3.758964 0.814341 0.050277
-3.660418 0.651967 0.049923
-3.756579 1.153349 0.050181
-3.659343 0.989499 0.049695
-3.656872 1.327300 0.049678
-3.459404 1.336673 0.050033
-3.061558 0.717558 0.046372
-3.161507 0.534175 0.051468
-3.361733 0.502927 0.050675
-3.462427 0.665496 0.049802
3.063195 -0.656041 0.042058
3.165164 -0.804554 0.049086
3.061969 -0.942988 0.041344
3.060379 -1.395547 0.037447
3.060379 -1.226417 0.038950
3.357997 -3.051836 0.047200
3.454680 -2.891072 0.047251
3.458357 -3.211569 0.046917
3.653741 -3.207518 0.047369
3.750938 -3.045886 0.046697
3.652237 -2.889173 0.047000
3.160517 2.701742 0.048907
3.358495 2.730950 0.047319
3.459432 2.570580 0.046771
3.061651 2.529972 0.040742
3.657503 -3.527252 0.047411
3.757524 -3.678837 0.045534
3.462120 -3.532778 0.047411
3.367839 -3.691547 0.045874
3.664618 -3.848196 0.047893
3.470315 -3.855380 0.048203
3.062219 -3.545584 0.042166
3.061295 -3.258527 0.040658
3.163515 -3.386979 0.048684
-4.036410 -4.387573 0.047201
-4.236902 -4.692300 0.048023
-4.338528 -4.519830 0.050424
-4.239173 -4.374343 0.046128
-4.033812 -4.705286 0.048023
-3.932676 -4.546047 0.050303
-3.053288 -5.120199 0.050779
-4.338373 -4.843857 0.049617
-4.236422 -5.011369 0.048302
-4.338048 -5.164895 0.049123
-4.257982 -6.293645 0.045838
-4.076985 -6.305481 0.045531
-4.345671 -6.126265 0.046293
-4.246997 -5.965402 0.046693
-4.236906 -5.328721 0.047909
-4.352310 -6.459202 0.044248
-4.286024 -6.637621 0.042208
-3.797546 -6.704982 0.044819
-3.846169 -6.515305 0.045836
-3.725645 -6.357916 0.045956
-3.554738 -6.396087 0.046235
-3.439726 -7.489924 0.044729
-3.704552 -7.082434 0.045676
-3.658177 -7.269047 0.044527
-3.487500 -7.304227 0.045805
-3.265519 -7.528557 0.045887
-2.916819 -7.613352 0.046084
-3.216965 -7.712607 0.045226
-3.043488 -7.755877 0.044955
-2.838681 -7.288534 0.044621
-2.965458 -7.426017 0.045544
-3.140680 -7.384491 0.045154
3.558061 -6.820714 0.045444
3.409239 -6.706268 0.044289
3.750551 -6.762481 0.046001
3.776153 -6.597845 0.043911
2.753990 -7.207363 0.046199
2.596091 -7.090618 0.042404
2.635608 -6.916464 0.043095
2.942047 -6.359004 0.041996
2.746613 -6.416826 0.039864
2.722655 -6.574997 0.046062
3.110065 -6.464486 0.044860
3.303505 -6.222533 0.047243
3.292856 -6.409463 0.043068
3.441411 -6.525379 0.045986
3.615836 -6.475189 0.044983
3.173518 -5.859206 0.046626
3.354345 -5.563594 0.044897
3.159739 -5.563218 0.047334
3.059824 -5.700912 0.041045
3.381998 -5.859290 0.046526
3.462911 -5.701371 0.042507
3.135262 -6.134421 0.043470
3.073694 -5.974979 0.042668
2.956595 -6.215869 0.040235
3.675633 -5.153180 0.043908
3.476773 -5.119371 0.045659
3.371197 -5.265694 0.046880
3.461036 -5.412216 0.042027
3.956453 -5.385948 0.048230
3.658017 -5.457888 0.042641
3.767038 -5.345175 0.048205
4.050513 -5.558577 0.050271
3.965462 -5.719367 0.045983
3.659983 -5.641724 0.041988
3.776253 -5.750532 0.049494
3.064768 5.129608 0.042324
3.169908 4.974476 0.047910
3.065140 4.851393 0.041138
3.056034 4.406777 0.036269
3.056034 4.576151 0.036926
-3.412776 6.967724 0.046140
-3.289100 6.824270 0.044926
-3.508062 6.586922 0.045383
-3.336795 6.633493 0.046681
-3.658199 7.269025 0.044527
-3.051389 5.852389 0.053484
-3.426178 6.249199 0.047082
-3.253823 6.302052 0.046370
-3.112384 6.180759 0.045792
-3.162161 5.992648 0.050262
-3.671757 6.025108 0.047140
-3.482353 6.062527 0.047856
-3.359774 5.927270 0.046694
-3.051831 5.482575 0.051576
-3.143220 5.645026 0.047349
-3.148639 4.584278 0.049119
-3.054061 4.412573 0.049811
-3.054578 4.764440 0.050425
-3.055881 4.061918 0.050046
-3.152837 3.886019 0.049848
-3.056956 3.716246 0.050072
-3.147867 4.934740 0.049114
-3.338602 4.919510 0.050599
-3.433497 5.080223 0.048507
-3.053289 5.120159 0.050780
-3.145120 5.288622 0.048513
-3.334593 5.263917 0.050777
-3.162688 0.860274 0.050830
-3.361469 1.174312 0.049584
-3.461702 1.001089 0.050032
-3.363331 0.839460 0.049819
-3.061130 1.036005 0.047994
-3.161540 1.188415 0.050380
3.363870 2.410198 0.046759
3.364756 2.091233 0.046651
3.462365 2.250695 0.046856
3.164068 2.398798 0.048836
3.164610 2.095524 0.048783
3.062417 2.243586 0.041958
-3.434486 -4.399045 0.048727
-3.631000 -4.390637 0.050858
-3.732411 -4.552614 0.048985
-4.032932 -5.024559 0.048259
-3.931794 -4.870033 0.049718
-3.430365 -5.417798 0.047930
-3.334588 -5.263970 0.050776
-3.145118 -5.288664 0.048511
-3.332283 -5.604944 0.050370
-3.051830 -5.482606 0.051574
-3.143219 -5.645058 0.047348
-3.786471 -6.173658 0.046636
-3.971514 -6.148669 0.046601
-4.053836 -5.975970 0.046902
-4.039551 -5.656931 0.047821
-3.947532 -5.824595 0.047298
-4.338857 -5.483378 0.048519
-4.341326 -5.802521 0.047622
-4.240183 -5.645424 0.047369
-3.582729 -6.928487 0.044892
-3.630320 -6.738466 0.045955
-3.336769 -6.633525 0.046680
-3.508036 -6.586959 0.045383
-2.816190 -6.771454 0.043904
-2.988269 -6.731211 0.046416
-2.764545 -6.961157 0.047035
-2.887687 -7.106001 0.046015
3.069308 -7.173443 0.039700
2.910567 -7.124225 0.041980
3.217499 -7.026419 0.039594
3.508386 -5.988058 0.046413
3.468149 -6.159485 0.045722
3.705569 -5.938946 0.042964
3.823625 -6.063525 0.046247
3.790218 -6.249377 0.041908
3.631924 -6.296224 0.045309
-3.797571 6.704947 0.044819
-3.630347 6.738431 0.045956
-3.582756 6.928456 0.044893
-3.917239 6.865637 0.045430
-3.871835 7.053073 0.044134
-3.704576 7.082408 0.045676
-3.750493 5.848737 0.047783
-3.947541 5.824528 0.047300
-4.039557 5.656854 0.047824
-3.934350 5.507948 0.047892
-3.433490 -5.080288 0.048506
-3.630045 -5.058784 0.049981
-3.632572 -4.725959 0.050196
-3.730819 -4.884139 0.048562
-4.033024 -5.341864 0.048297
-3.930677 -5.191228 0.048983
-3.934344 -5.508028 0.047891
-3.728765 -5.211348 0.048225
-3.627986 -5.386680 0.049289
-3.731217 -5.532725 0.048417
-3.671744 -6.025163 0.047139
-3.438063 -5.746933 0.049054
-3.639376 -5.705831 0.047465
-3.750484 -5.848799 0.047781
-3.482341 -6.062574 0.047854
-3.359767 -5.927312 0.046693
-3.289074 -6.824298 0.044926
-3.114004 -6.872418 0.046067
-3.412750 -6.967754 0.046139
-3.065067 -7.057505 0.045166
-3.363895 -7.156882 0.044980
-3.191283 -7.198513 0.045694
3.070702 -6.618008 0.041218
3.221320 -6.743875 0.044634
3.146403 -6.887579 0.042294
2.878726 -6.670696 0.042163
2.827834 -6.846749 0.047354
2.944893 -6.937765 0.035752
-3.639383 5.705770 0.047466
-3.438068 5.746883 0.049056
-3.332286 5.604899 0.050372
-3.430369 5.417742 0.047932
-3.627992 5.386610 0.049291
-3.731223 5.532654 0.048419
-3.054575 -4.764483 0.050424
-3.147863 -4.934788 0.049112
-3.338595 -4.919571 0.050598
-3.148631 -4.584328 0.049116
-3.340228 -4.574950 0.050664
-3.436903 -4.739886 0.048932
