-3.351022 0.183647 0.053384
3.216475 7.494057 0.046982
-3.045138 -1.011196 0.039744
-3.045138 -1.186810 0.040081
-3.048882 0.392924 0.044843
-3.046136 0.087594 0.040209
-3.150891 0.210203 0.057365
-3.447582 0.369889 0.053303
-4.195022 6.480142 0.052481
-3.434027 7.417122 0.046790
-3.660916 7.193353 0.044920
-3.490291 7.223789 0.049027
4.317361 6.447615 0.042856
3.857448 6.832681 0.042608
3.838847 7.027232 0.042728
1.290639 8.307255 0.047552
1.146804 8.416255 0.049288
3.438408 -1.793751 0.048939
3.343314 -1.621257 0.049280
-3.046136 -0.087594 0.040209
3.344071 -1.960773 0.048591
3.146693 -1.991440 0.051532
3.146652 -1.596094 0.052487
-4.326554 -4.168781 0.052315
-4.229005 -4.346873 0.052154
-4.033597 -4.346557 0.052307
-3.935958 -4.168515 0.052236
-3.048211 -1.492071 0.044447
-3.149222 -1.311224 0.056730
-3.446398 -0.000000 0.053903
-3.150278 -2.399750 0.056365
-4.327738 0.000000 0.048343
-3.634396 0.375604 0.051991
-3.351072 0.553832 0.051985
-3.047748 0.705735 0.044443
-3.152503 0.550311 0.057379
-4.326050 2.385600 0.052180
-3.642751 3.274271 0.052240
-3.740371 3.095858 0.052379
-3.048211 1.492071 0.044447
-3.918951 0.590342 0.054711
-3.727166 0.567058 0.052312
-2.925426 6.306204 0.053757
-3.353541 6.248323 0.044401
4.323835 2.718759 0.038467
4.021433 4.529397 0.048059
4.218952 4.498331 0.052115
-4.225528 6.633638 0.039219
-4.093370 6.765796 0.039385
-4.327681 6.350917 0.055872
-4.041795 6.121642 0.051577
-3.955544 5.934763 0.051893
-4.331411 5.979450 0.052910
-4.234966 6.147446 0.049616
-3.433734 6.879157 0.048224
-3.370625 7.067382 0.048546
-3.880014 6.969562 0.043204
-3.721556 6.990953 0.050363
-3.614039 6.833164 0.045680
-3.947238 6.770167 0.047210
-4.240173 5.782259 0.050745
-4.057476 5.763375 0.050056
-4.326554 4.168781 0.052315
-4.228832 3.989902 0.052303
-3.048707 3.971102 0.044447
-3.150464 4.149827 0.056286
-3.350680 4.173037 0.052650
-3.740621 3.452829 0.052373
-4.033643 3.989952 0.052246
-3.936027 3.811092 0.052462
4.314073 5.890784 0.043961
4.323586 5.615845 0.041787
4.213532 5.746149 0.044835
3.045434 5.895766 0.041655
0.880769 7.742062 0.049155
3.047449 5.311476 0.041415
3.092118 7.339116 0.046328
3.171767 7.681879 0.046090
3.151196 5.442885 0.051295
3.149181 5.755215 0.051176
3.047874 5.602108 0.042723
3.996071 6.003682 0.044271
4.209109 6.316028 0.049011
4.315875 6.167477 0.043719
4.205821 6.026909 0.048211
2.951499 6.165567 0.044941
3.382167 6.275243 0.052621
3.298963 6.106371 0.050291
3.116816 6.071780 0.048151
3.147471 7.140826 0.048492
3.036110 6.981045 0.047595
3.679596 6.749563 0.041805
3.603622 6.597634 0.052860
3.692937 6.125418 0.050726
3.593864 6.283253 0.046847
3.895870 6.142670 0.051038
3.709532 6.451660 0.052025
3.911590 6.465602 0.047384
3.998854 6.314447 0.046721
4.244201 6.609975 0.045156
4.048684 6.629542 0.048914
4.017137 6.798250 0.051586
3.390432 7.457791 0.046661
3.662034 7.062633 0.045014
3.315524 7.110657 0.045280
3.608513 7.241412 0.045979
3.434129 7.272681 0.046473
3.559987 6.903709 0.044190
3.387861 6.920465 0.047689
1.432230 8.423063 0.047569
1.164158 7.959600 0.049599
1.301086 8.077427 0.049849
0.860358 8.419106 0.048791
1.006312 8.303298 0.049326
1.013220 8.076470 0.048453
0.872220 7.966837 0.049857
0.281639 8.419180 0.048972
0.136901 8.306314 0.049359
4.320095 -4.330727 0.041524
4.216592 -4.184499 0.052714
3.439757 -1.453459 0.048072
3.628111 -1.123894 0.049302
3.443144 2.131458 0.048777
3.924195 0.325835 0.046555
3.912728 -0.647016 0.047937
3.721577 -0.963212 0.048001
3.344398 -1.277676 0.049371
3.436515 -1.111941 0.047716
4.021398 -3.157379 0.048802
4.219005 -3.156074 0.052664
-3.045683 -2.103657 0.039718
-3.045683 -2.277848 0.039888
3.922804 -1.303953 0.049211
3.727269 -1.296404 0.047992
3.631033 -1.460235 0.049345
3.639607 -2.473408 0.048795
3.733503 -2.305729 0.048574
3.443144 -2.131458 0.048777
3.634968 -2.134875 0.048670
3.046411 -1.426793 0.041203
3.147715 -1.276173 0.053001
3.045430 -1.132450 0.040642
3.044367 -1.884256 0.037535
3.044367 -1.716043 0.038343
-4.326578 -4.526010 0.052363
-3.640763 -5.058409 0.051992
-3.354786 -2.734688 0.052030
-3.740414 -4.169598 0.052285
-3.641979 -4.348395 0.052222
-3.445810 -4.351015 0.052350
-3.150494 -3.067640 0.056244
-3.740621 -3.452829 0.052373
-3.350755 -3.454057 0.052584
-3.150429 -3.482123 0.056153
-4.327681 -6.350917 0.055872
-4.195022 -6.480142 0.052481
-4.324238 -1.329181 0.051785
-3.347642 -1.287910 0.052694
-3.634703 -1.113455 0.052494
-3.441156 -1.107502 0.052745
-4.222766 -0.156456 0.045844
-4.014412 -0.438579 0.047635
-3.732804 -0.189362 0.054439
-3.921035 -0.229053 0.055222
-4.026410 -0.100729 0.045313
-3.641366 -0.000000 0.053201
-3.732804 0.189362 0.054439
-3.918951 -0.590342 0.054711
-3.729184 -0.935615 0.052383
-3.047748 -0.705735 0.044443
-3.148758 -0.890708 0.056832
-3.346357 -0.922151 0.052653
-4.326050 -2.385600 0.052180
-3.934439 -2.380129 0.052431
-2.743632 -8.105589 0.048641
-3.206599 -7.649732 0.046677
-3.259802 -7.456340 0.048765
-3.134704 -7.307810 0.048259
0.281639 -8.419180 0.048972
0.285305 -7.968572 0.049769
4.323586 -5.615845 0.041787
4.216129 -5.466237 0.043546
2.505409 -8.353760 0.045322
2.546266 -8.167412 0.048554
1.290639 -8.307255 0.047552
1.447935 -7.984844 0.046166
1.301086 -8.077427 0.049849
1.769127 -7.842617 0.043035
1.942786 -7.753766 0.047761
1.914723 -7.572114 0.045174
-4.321148 0.647081 0.051173
-4.014412 0.438579 0.047635
-4.222766 0.156456 0.045844
-4.026410 0.100729 0.045313
-3.921035 0.229053 0.055222
-4.319155 0.320020 0.050939
-4.216176 0.473818 0.050829
-3.148758 0.890708 0.056832
-3.149222 1.311224 0.056730
-4.227608 2.206546 0.052455
-4.326114 2.741264 0.052280
-3.935124 2.738116 0.052578
-4.228038 2.562314 0.052459
-4.032435 2.560077 0.052199
-4.326408 3.097664 0.052258
-3.935712 3.096127 0.052335
-4.033009 2.917864 0.052234
-4.228396 2.918776 0.052418
-3.443915 0.740698 0.052397
-3.633195 0.748210 0.052601
-3.346357 0.922151 0.052653
-4.324238 1.329181 0.051785
-2.743632 8.105589 0.048641
-3.259802 7.456340 0.048765
-2.514877 8.348592 0.045934
-2.563520 8.157832 0.048600
-1.965808 7.752529 0.047906
-2.076963 7.461242 0.048797
-1.936453 7.571560 0.045185
-2.721830 6.374556 0.043528
-3.295957 6.059657 0.059388
-1.971948 6.942489 0.042515
-2.034991 7.289903 0.044799
4.321446 3.007588 0.041369
4.221154 2.838376 0.052335
4.024106 2.815256 0.049056
4.321928 2.265208 0.041160
4.323835 2.550199 0.037606
4.221637 2.443584 0.051385
3.929368 2.645134 0.049130
4.024217 2.476405 0.048545
3.922804 1.303953 0.049211
4.218626 2.130347 0.051640
-3.045138 1.011196 0.039744
-3.045138 1.186810 0.040081
4.320095 4.330727 0.041524
4.219575 3.869128 0.052661
4.021539 3.844761 0.049025
4.320624 4.040459 0.041307
4.216592 4.184499 0.052714
3.642730 3.846125 0.050082
3.455202 3.811415 0.050808
3.447370 3.139961 0.050378
3.151080 3.307868 0.050069
3.352332 3.293045 0.046736
3.454075 3.475670 0.050461
3.360592 3.616633 0.044044
-3.369617 6.558018 0.043864
-3.307859 6.729672 0.050973
-3.250902 6.400516 0.048739
-3.067175 6.428792 0.051260
-3.561923 6.500928 0.046429
-3.680471 6.626590 0.051371
-3.855211 6.584983 0.047881
-3.910326 6.272087 0.053534
-3.970837 6.427115 0.044984
-3.692919 6.211515 0.054234
-3.555470 6.310703 0.044612
-4.332888 5.605358 0.051248
-3.752206 5.573441 0.054019
-3.956151 5.579854 0.048953
-4.326578 4.526010 0.052363
-4.229005 4.346873 0.052154
-4.326404 3.811597 0.052334
-3.450475 3.992159 0.051918
-3.644039 3.991340 0.052434
-3.741967 3.811396 0.051992
-3.644148 3.632019 0.052449
3.905283 5.812514 0.052768
4.014492 5.691106 0.041547
4.322983 4.616554 0.038632
4.322983 4.784346 0.037738
4.320421 5.062278 0.041053
4.219277 4.885422 0.049749
3.049098 4.580217 0.041663
3.643560 4.552885 0.049170
3.452716 4.575495 0.050427
3.350569 4.760362 0.046745
3.045380 4.860962 0.038732
3.150352 4.748648 0.050342
3.045380 5.029400 0.038015
3.148702 5.134195 0.050745
0.740261 6.963489 0.049938
2.721215 6.376619 0.044326
2.928617 6.325240 0.054466
2.488572 6.606628 0.044218
2.804444 6.690054 0.049244
2.674954 6.557037 0.052451
-3.450573 3.633219 0.052002
-3.354827 3.813416 0.052033
-3.048695 3.663438 0.044227
-3.153276 3.815569 0.056109
-3.045860 3.188496 0.039832
-3.446461 3.274299 0.052691
-3.350755 3.454057 0.052584
-3.045860 3.362364 0.039765
-3.150429 3.482123 0.056153
3.280249 6.432717 0.052520
3.386036 6.586702 0.044956
3.072856 6.453296 0.048556
2.994945 6.637692 0.048362
3.106186 6.785798 0.047991
3.289884 6.755386 0.048773
1.730205 8.428394 0.046124
1.583612 8.319393 0.048947
1.035500 7.628621 0.050666
1.177888 7.736526 0.048708
0.717630 8.306137 0.049214
0.571327 8.419095 0.048919
0.427534 8.306211 0.049319
0.430354 8.080874 0.049094
0.722585 8.080696 0.049003
0.579102 7.968316 0.049761
-0.157651 7.409387 0.049967
-0.306601 7.075063 0.050069
-0.307107 7.297991 0.050037
-0.156702 6.963530 0.049938
0.285305 7.968572 0.049769
0.137747 8.081043 0.049149
0.287810 7.744360 0.049491
0.140332 7.632626 0.050114
4.218952 -4.498331 0.052115
4.021433 -4.529397 0.048059
3.157062 -4.451420 0.048761
3.923233 -4.364058 0.049962
4.017248 -4.186763 0.048542
4.321686 -3.300410 0.041114
4.323079 -3.587408 0.037875
4.220638 -3.473881 0.052600
4.320624 -4.040459 0.041307
4.323079 -3.754336 0.038030
4.219575 -3.869128 0.052661
4.024306 -3.500722 0.048741
3.927747 -3.328556 0.048799
4.319370 -0.658107 0.042432
4.014373 -0.489505 0.048563
4.322587 -0.370977 0.040973
4.217830 -0.504090 0.050023
4.322587 0.370977 0.040973
3.042836 -0.676423 0.037693
3.338542 -0.931832 0.049812
3.042836 -0.843536 0.036538
3.144140 -0.953844 0.053238
4.323835 -2.550199 0.037606
4.321446 -3.007588 0.041369
4.323835 -2.718759 0.038467
4.221154 -2.838376 0.052335
4.323012 -1.397670 0.038220
4.323012 -1.229059 0.038502
4.320366 -0.945395 0.041564
4.215609 -0.809809 0.050826
3.916747 -0.973396 0.048507
4.012425 -0.813304 0.048175
4.018816 -1.141625 0.048485
4.219251 -1.117119 0.051052
4.320825 -1.972886 0.042420
4.220123 -1.506079 0.050881
4.020350 -1.472470 0.048558
4.321238 -1.681373 0.041388
4.217937 -1.816654 0.051453
-4.326497 -3.454521 0.052273
-3.935999 -3.453340 0.052299
-4.228779 -3.275677 0.052320
-4.033469 -3.275050 0.052299
-3.936027 -3.811092 0.052462
-4.033586 -3.632226 0.052256
-4.228775 -3.632780 0.052343
-4.326404 -3.811597 0.052334
-4.228832 -3.989902 0.052303
-4.033643 -3.989952 0.052246
-4.332888 -5.605358 0.051248
-3.772438 -5.903012 0.048395
-3.447724 -4.709339 0.051480
-3.349296 -4.533099 0.052839
-3.045883 -4.274344 0.040394
-3.739981 -4.880525 0.051932
-3.641834 -4.704033 0.052341
-3.935649 -4.524419 0.052137
-3.739575 -4.525173 0.052267
-4.326621 -4.883462 0.052479
-3.935624 -4.879490 0.052114
-4.229072 -4.703518 0.052034
-4.033551 -4.702242 0.052283
-4.327258 -5.241853 0.052549
-4.236019 -5.416848 0.049883
-4.229752 -5.059923 0.051705
-4.034276 -5.057226 0.052296
-4.326408 -3.097664 0.052258
-3.450466 -2.914969 0.052025
-3.350769 -3.094648 0.052608
-3.642751 -3.274271 0.052240
-3.446461 -3.274299 0.052691
-3.644039 -3.991340 0.052434
-3.741967 -3.811396 0.051992
-3.644148 -3.632019 0.052449
-3.450573 -3.633219 0.052002
-3.048695 -3.663438 0.044227
-3.045860 -3.188496 0.039832
-3.045860 -3.362364 0.039765
-3.641283 -6.029318 0.046200
-3.692919 -6.211515 0.054234
-3.910326 -6.272087 0.053534
-3.970837 -6.427115 0.044984
-2.721830 -6.374556 0.043528
-2.925426 -6.306204 0.053757
-3.434027 -7.417122 0.046790
-3.660916 -7.193353 0.044920
-3.490291 -7.223789 0.049027
-2.438714 -6.798433 0.052895
-2.680342 -6.552305 0.052478
-2.492299 -6.605006 0.044565
-3.067175 -6.428792 0.051260
-4.321148 -0.647081 0.051173
-4.319155 -0.320020 0.050939
-4.216176 -0.473818 0.050829
-4.219956 -0.806958 0.052271
-3.923726 -0.949580 0.053576
-4.019523 -0.785459 0.050302
-4.024269 -1.136855 0.051377
-4.322934 -0.984537 0.051508
-4.223045 -1.150313 0.052598
-3.150891 -0.210203 0.057365
-3.351022 -0.183647 0.053384
-3.048882 -0.392924 0.044843
-3.152503 -0.550311 0.057379
-3.633195 -0.748210 0.052601
-3.443915 -0.740698 0.052397
-3.727166 -0.567058 0.052312
-3.351072 -0.553832 0.051985
-3.634396 -0.375604 0.051991
-3.447582 -0.369889 0.053303
-3.350226 -2.374214 0.052639
-3.739131 -2.377352 0.052351
-3.643235 -2.555911 0.052523
-3.450099 -2.555109 0.052016
-3.446989 -1.471831 0.052005
-4.325685 -2.031116 0.052104
-4.227608 -2.206546 0.052455
-4.031600 -2.203312 0.052182
-1.053040 -6.963021 0.049586
0.430354 -8.080874 0.049094
0.579102 -7.968316 0.049761
0.722585 -8.080696 0.049003
0.717630 -8.306137 0.049214
0.571327 -8.419095 0.048919
0.427534 -8.306211 0.049319
0.287810 -7.744360 0.049491
0.142219 -6.963515 0.049954
3.720713 -5.775856 0.049151
4.017089 -5.503555 0.041575
3.608568 -5.949772 0.049699
4.316670 -5.340765 0.043027
4.244201 -6.609975 0.045156
3.593864 -6.283253 0.046847
3.692937 -6.125418 0.050726
4.317361 -6.447615 0.042856
3.838847 -7.027232 0.042728
3.153898 -3.887881 0.044554
3.049098 -4.580217 0.041663
3.640748 -2.811825 0.048870
3.736579 -2.643958 0.048571
3.926790 -2.985773 0.048536
3.736221 -2.983518 0.049193
4.024106 -2.815256 0.049056
3.929368 -2.645134 0.049130
3.641188 -3.152245 0.048532
3.738107 -3.325677 0.049087
3.646031 -3.496018 0.049149
3.046453 -2.169150 0.041111
3.447739 -2.804682 0.049268
-3.048722 -2.579896 0.044246
-3.048761 -2.887212 0.044207
-3.153356 -2.733940 0.056221
1.339344 -6.964278 0.049953
0.740261 -6.963489 0.049938
0.880769 -7.742062 0.049155
1.164158 -7.959600 0.049599
1.013220 -8.076470 0.048453
0.872220 -7.966837 0.049857
0.860358 -8.419106 0.048791
1.146804 -8.416255 0.049288
1.006312 -8.303298 0.049326
2.725589 -8.120257 0.047828
2.942249 -7.901396 0.048176
2.761364 -7.936790 0.047638
2.332771 -8.429963 0.044308
2.611937 -7.789471 0.048815
2.563895 -7.462034 0.045262
2.668335 -7.607827 0.052222
2.403593 -8.040393 0.046075
2.433489 -7.845919 0.050120
2.277435 -7.735024 0.048520
2.103332 -7.835672 0.047212
1.432230 -8.423063 0.047569
2.056090 -7.463337 0.048586
2.017119 -7.290736 0.044910
2.380990 -7.436121 0.045261
2.258256 -7.544341 0.050122
1.810545 -7.047474 0.052239
1.831396 -7.229896 0.045390
1.640077 -6.957319 0.048051
1.491533 -7.069533 0.049204
0.890880 -7.296559 0.050135
1.191418 -7.075080 0.050586
1.039839 -6.962866 0.049736
0.890605 -7.074291 0.050119
-3.928051 1.307110 0.053014
-3.729184 0.935615 0.052383
-4.325685 2.031116 0.052104
-4.225076 1.499465 0.052666
-4.027665 1.490852 0.051794
-4.324966 1.678600 0.052027
-4.226523 1.851985 0.052592
-3.045683 2.277848 0.039888
-3.045683 2.103657 0.039718
-3.643235 2.555911 0.052523
-3.741234 2.736727 0.051999
-3.643778 2.916207 0.052497
-3.931022 1.665019 0.052908
-4.029990 1.847018 0.052021
-3.206599 7.649732 0.046677
-2.366387 7.220730 0.044864
-2.202619 7.158611 0.052776
-2.164849 6.993910 0.043512
-1.351351 6.964551 0.049711
-2.403036 7.429873 0.045087
-2.281241 7.539092 0.050360
-2.588797 7.452706 0.045841
-2.340914 8.428420 0.043904
-3.464919 5.755631 0.048348
-3.446250 5.939842 0.045550
-3.670425 5.725211 0.044115
-3.772438 5.903012 0.048395
-3.641283 6.029318 0.046200
4.220638 3.473881 0.052600
4.321686 3.300410 0.041114
4.219005 3.156074 0.052664
4.320825 1.972886 0.042420
4.220123 1.506079 0.050881
4.020350 1.472470 0.048558
4.321238 1.681373 0.041388
4.217937 1.816654 0.051453
3.634968 2.134875 0.048670
4.019443 2.139868 0.048412
3.733503 2.305729 0.048574
3.925325 2.307550 0.048778
3.043766 0.378596 0.040214
3.733069 4.021545 0.049285
3.923244 4.018356 0.049382
4.017248 4.186763 0.048542
3.641172 4.199645 0.049726
3.923233 4.364058 0.049962
3.737332 4.373751 0.048416
4.323079 3.754336 0.038030
4.323079 3.587408 0.037875
3.051897 3.754980 0.042826
3.049172 3.477530 0.041495
3.156942 3.603670 0.048685
3.046035 3.198960 0.038579
3.046035 3.031420 0.038252
3.926790 2.985773 0.048536
3.736221 2.983518 0.049193
3.641188 3.152245 0.048532
4.021398 3.157379 0.048802
3.736579 2.643958 0.048571
3.640748 2.811825 0.048870
3.639607 2.473408 0.048795
-4.033597 4.346557 0.052307
-3.935958 4.168515 0.052236
-3.740414 4.169598 0.052285
-4.327258 5.241853 0.052549
-4.236019 5.416848 0.049883
-4.041979 5.410227 0.053103
-4.326497 3.454521 0.052273
-3.935999 3.453340 0.052299
-4.033586 3.632226 0.052256
-4.228775 3.632780 0.052343
-4.228779 3.275677 0.052320
-4.033469 3.275050 0.052299
3.720713 5.775856 0.049151
3.347891 5.763594 0.047969
3.426291 5.938736 0.047573
3.608568 5.949772 0.049699
3.729649 5.420639 0.049818
3.351477 5.427977 0.047913
3.446864 5.595579 0.049463
3.637410 5.596805 0.048979
4.212964 5.181979 0.048564
4.316670 5.340765 0.043027
4.216129 5.466237 0.043546
4.010580 5.188440 0.043801
3.915245 5.384542 0.050811
4.017089 5.503555 0.041575
3.918534 5.047001 0.050595
3.733990 4.722591 0.048916
3.925963 4.708797 0.050295
4.019774 4.863684 0.046608
3.360462 4.434984 0.043912
3.052090 4.302203 0.042911
3.157062 4.451420 0.048761
3.455147 4.238268 0.050866
3.346959 5.091949 0.047401
3.633614 5.245758 0.048056
3.445987 5.254323 0.050312
3.727164 5.068223 0.049168
3.443855 4.913862 0.050377
3.636432 4.898700 0.048696
0.740275 7.408686 0.050093
0.736366 7.631819 0.050438
0.584333 7.744214 0.049433
0.438090 7.632560 0.050175
0.440503 7.409390 0.050030
0.590655 7.297912 0.050091
0.441212 6.963557 0.049969
0.590917 7.074982 0.050087
-3.150494 3.067640 0.056244
-3.350769 3.094648 0.052608
-3.450466 2.914969 0.052025
2.505409 8.353760 0.045322
2.332771 8.429963 0.044308
1.447935 7.984844 0.046166
1.588869 8.111001 0.046947
1.039839 6.962866 0.049736
0.890605 7.074291 0.050119
0.890880 7.296559 0.050135
1.041702 7.406251 0.050431
-0.455507 6.963597 0.049917
-0.754158 6.963560 0.049841
-0.605705 7.075093 0.050110
-0.008391 8.419197 0.048987
-0.008657 7.968660 0.049776
-0.157296 7.632654 0.050121
-0.008577 7.744455 0.049511
4.322983 -4.784346 0.037738
4.322983 -4.616554 0.038632
4.219277 -4.885422 0.049749
4.320421 -5.062278 0.041053
4.212964 -5.181979 0.048564
3.360462 -4.434984 0.043912
3.737332 -4.373751 0.048416
3.045380 -5.029400 0.038015
3.045380 -4.860962 0.038732
3.150352 -4.748648 0.050342
3.353554 -3.931353 0.041518
3.455202 -3.811415 0.050808
3.641172 -4.199645 0.049726
3.353748 -4.120002 0.041384
3.455147 -4.238268 0.050866
3.924195 -0.325835 0.046555
3.743717 0.000000 0.047029
3.724510 -0.311203 0.048934
3.637427 -0.150904 0.044036
4.319370 0.658107 0.042432
4.217830 0.504090 0.050023
4.014373 0.489505 0.048563
3.912728 0.647016 0.047937
3.724510 0.311203 0.048934
3.637427 0.150904 0.044036
3.441426 -0.096247 0.043482
3.146164 0.207294 0.056900
3.441426 0.096247 0.043482
3.338272 0.221928 0.051932
3.142475 -0.545946 0.055085
3.043766 -0.378596 0.040214
3.146164 -0.207294 0.056900
3.338272 -0.221928 0.051932
3.428469 -0.770090 0.047129
3.715383 -0.633413 0.048037
3.619909 -0.789517 0.048804
3.617342 -0.461269 0.047978
3.427105 -0.426652 0.045022
3.333706 -0.579368 0.051143
4.321928 -2.265208 0.041160
4.218626 -2.130347 0.051640
4.019443 -2.139868 0.048412
3.925325 -2.307550 0.048778
4.024217 -2.476405 0.048545
4.221637 -2.443584 0.051385
3.921397 -1.636329 0.048717
3.631432 -1.797359 0.048666
3.727615 -1.631642 0.048576
4.017868 -1.805219 0.048384
3.728920 -1.967799 0.048633
3.921573 -1.970971 0.048633
-3.670425 -5.725211 0.044115
-3.440724 -5.419919 0.049432
-4.240173 -5.782259 0.050745
-4.057476 -5.763375 0.050056
-3.955544 -5.934763 0.051893
-4.041795 -6.121642 0.051577
-4.331411 -5.979450 0.052910
-4.234966 -6.147446 0.049616
-3.047830 -4.751883 0.044056
-3.149586 -4.566590 0.056209
-3.045883 -4.449512 0.039816
-3.956151 -5.579854 0.048953
-4.041979 -5.410227 0.053103
-3.752206 -5.573441 0.054019
-3.640165 -5.403962 0.050674
-3.739873 -5.232683 0.052480
-3.937742 -5.232536 0.051366
-4.326114 -2.741264 0.052280
-4.032435 -2.560077 0.052199
-4.228038 -2.562314 0.052459
-4.228396 -2.918776 0.052418
-3.354827 -3.813416 0.052033
-3.048707 -3.971102 0.044447
-3.153276 -3.815569 0.056109
-3.450475 -3.992159 0.051918
-3.150464 -4.149827 0.056286
-3.350680 -4.173037 0.052650
-3.295957 -6.059657 0.059388
-3.446250 -5.939842 0.045550
-3.149109 -5.673182 0.059261
-3.464919 -5.755631 0.048348
-3.347259 -5.619818 0.055267
-4.225528 -6.633638 0.039219
-4.093370 -6.765796 0.039385
-2.946439 -6.149848 0.039502
-3.116476 -6.024356 0.050508
-3.049257 -5.860786 0.045201
-3.043979 -5.550219 0.039543
-3.043979 -5.372804 0.040175
-3.345856 -5.256930 0.054104
-3.147261 -5.244455 0.057167
-3.446188 -5.066698 0.050701
-3.351296 -4.894120 0.052710
-3.151112 -4.903173 0.056421
-3.047409 -5.063276 0.044536
-3.880014 -6.969562 0.043204
-3.721556 -6.990953 0.050363
-3.614039 -6.833164 0.045680
-3.947238 -6.770167 0.047210
-3.680471 -6.626590 0.051371
-3.855211 -6.584983 0.047881
-2.638577 -7.775219 0.049824
-3.020884 -7.691154 0.051070
-2.968755 -7.878289 0.048928
-2.786159 -7.918768 0.048192
-2.957028 -7.359974 0.048431
-2.896411 -7.549926 0.046147
-2.588797 -7.452706 0.045841
-2.696701 -7.593512 0.052009
-2.527713 -7.126065 0.046779
-2.568484 -6.937794 0.050403
-2.831345 -7.213032 0.049544
-2.662824 -7.262177 0.044963
-3.353541 -6.248323 0.044401
-3.250902 -6.400516 0.048739
-3.369617 -6.558018 0.043864
-3.561923 -6.500928 0.046429
-3.555470 -6.310703 0.044612
-3.189263 -7.112183 0.048916
-3.370625 -7.067382 0.048546
-3.433734 -6.879157 0.048224
-3.307859 -6.729672 0.050973
-2.815274 -6.684164 0.050586
-2.998511 -6.629003 0.046524
-3.120481 -6.772382 0.048302
-2.757002 -6.876226 0.046828
-2.884751 -7.015352 0.048000
-3.064994 -6.966668 0.049091
-3.445259 -2.194845 0.052697
-3.641028 -2.197180 0.052324
-3.638827 -1.475644 0.052662
-3.928051 -1.307110 0.053014
-3.733027 -1.297675 0.052284
-0.754158 -6.963560 0.049841
-0.905134 -7.074518 0.050173
-2.403036 -7.429873 0.045087
-2.366387 -7.220730 0.044864
-1.351351 -6.964551 0.049711
-1.205475 -7.075509 0.050657
-2.514877 -8.348592 0.045934
-2.563520 -8.157832 0.048600
0.740275 -7.408686 0.050093
0.736366 -7.631819 0.050438
0.584333 -7.744214 0.049433
0.438090 -7.632560 0.050175
3.895870 -6.142670 0.051038
3.998854 -6.314447 0.046721
4.315875 -6.167477 0.043719
4.209109 -6.316028 0.049011
3.662034 -7.062633 0.045014
3.559987 -6.903709 0.044190
4.017137 -6.798250 0.051586
3.857448 -6.832681 0.042608
4.048684 -6.629542 0.048914
3.911590 -6.465602 0.047384
3.709532 -6.451660 0.052025
3.603622 -6.597634 0.052860
3.679596 -6.749563 0.041805
3.046128 -4.028803 0.041756
3.154092 -4.167501 0.044439
3.052090 -4.302203 0.042911
3.051897 -3.754980 0.042826
3.447370 -3.139961 0.050378
3.349393 -2.964091 0.047787
3.360592 -3.616633 0.044044
3.454075 -3.475670 0.050461
3.352332 -3.293045 0.046736
3.151080 -3.307868 0.050069
3.049172 -3.477530 0.041495
3.156942 -3.603670 0.048685
3.150000 -2.304545 0.051665
3.047674 -2.460656 0.042310
3.150949 -2.617038 0.051327
3.349313 -2.297519 0.048309
3.447240 -2.468616 0.048841
3.351203 -2.632023 0.048060
3.390432 -7.457791 0.046661
3.608513 -7.241412 0.045979
3.434129 -7.272681 0.046473
2.640293 -7.270328 0.045017
2.804527 -7.224723 0.048197
2.348451 -7.226166 0.044474
2.186744 -7.161785 0.052816
2.510326 -7.131791 0.046238
2.554135 -6.943300 0.049761
2.862360 -7.023369 0.048060
2.741935 -6.880484 0.046578
2.034987 -8.431487 0.044720
2.200163 -8.329386 0.046657
2.085921 -8.032339 0.047624
2.230128 -8.126164 0.046910
3.092118 -7.339116 0.046328
2.922924 -7.380688 0.048365
3.216475 -7.494057 0.046982
2.863130 -7.572087 0.045098
3.171767 -7.681879 0.046090
2.987617 -7.718337 0.049987
1.730205 -8.428394 0.046124
1.583612 -8.319393 0.048947
1.891710 -8.327817 0.049347
1.912678 -8.131891 0.045376
1.756430 -8.024075 0.051239
1.588869 -8.111001 0.046947
1.498197 -7.291155 0.051095
1.711948 -7.530980 0.043753
1.667592 -7.361363 0.052332
1.471798 -7.755466 0.050884
1.625430 -7.700165 0.046226
1.041702 -7.406251 0.050431
1.193005 -7.296198 0.049733
1.347596 -7.407018 0.051082
1.338681 -7.624976 0.050945
1.177888 -7.736526 0.048708
1.035500 -7.628621 0.050666
-3.441156 1.107502 0.052745
-3.634703 1.113455 0.052494
-3.347642 1.287910 0.052694
-3.733027 1.297675 0.052284
-4.019523 0.785459 0.050302
-3.923726 0.949580 0.053576
-4.219956 0.806958 0.052271
-4.024269 1.136855 0.051377
-4.322934 0.984537 0.051508
-4.223045 1.150313 0.052598
-3.150278 2.399750 0.056365
-3.350226 2.374214 0.052639
-3.450099 2.555109 0.052016
-3.354786 2.734688 0.052030
-3.149899 1.984007 0.056256
-3.048343 1.801598 0.044251
-3.152427 1.648582 0.056369
-3.933144 2.022914 0.052536
-4.031600 2.203312 0.052182
-3.934439 2.380129 0.052431
-3.739131 2.377352 0.052351
-2.968755 7.878289 0.048928
-2.786159 7.918768 0.048192
-2.638577 7.775219 0.049824
-2.696701 7.593512 0.052009
-2.896411 7.549926 0.046147
-3.020884 7.691154 0.051070
-2.680342 6.552305 0.052478
-1.847659 7.230958 0.045376
-1.822387 7.048243 0.052575
-1.650155 6.957818 0.047733
-1.504777 7.070306 0.049405
-2.457449 7.837217 0.050009
-2.301464 7.729741 0.048965
-2.424919 8.033009 0.046664
-2.126541 7.832860 0.047239
-2.214816 8.327477 0.046663
-2.107786 8.030153 0.047805
-2.250179 8.122826 0.046725
-2.047481 8.431121 0.044254
-1.467530 7.984841 0.046425
-1.791275 7.842199 0.043072
-1.448036 8.422951 0.047401
-2.946439 6.149848 0.039502
-3.116476 6.024356 0.050508
-3.049257 5.860786 0.045201
3.646031 3.496018 0.049149
3.738107 3.325677 0.049087
3.927747 3.328556 0.048799
4.024306 3.500722 0.048741
3.928711 3.673516 0.050059
3.740076 3.671691 0.048186
4.323012 1.397670 0.038220
4.323012 1.229059 0.038502
4.018816 1.141625 0.048485
4.219251 1.117119 0.051052
3.916747 0.973396 0.048507
4.012425 0.813304 0.048175
4.320366 0.945395 0.041564
4.215609 0.809809 0.050826
3.921397 1.636329 0.048717
3.631432 1.797359 0.048666
3.727615 1.631642 0.048576
4.017868 1.805219 0.048384
3.728920 1.967799 0.048633
3.921573 1.970971 0.048633
3.721577 0.963212 0.048001
3.142475 0.545946 0.055085
3.338542 0.931832 0.049812
3.144140 0.953844 0.053238
3.447240 2.468616 0.048841
3.349313 2.297519 0.048309
3.047674 2.460656 0.042310
3.150000 2.304545 0.051665
-3.640165 5.403962 0.050674
-3.047830 4.751883 0.044056
-3.149586 4.566590 0.056209
-4.326621 4.883462 0.052479
-4.229752 5.059923 0.051705
-4.229072 4.703518 0.052034
3.353554 3.931353 0.041518
3.353748 4.120002 0.041384
3.153898 3.887881 0.044554
3.046128 4.028803 0.041756
3.154092 4.167501 0.044439
-0.007493 7.074982 0.050037
0.291220 7.297913 0.050042
0.142219 6.963515 0.049954
0.291666 7.075009 0.050060
0.141329 7.409348 0.049958
-0.007936 7.297911 0.050042
2.725589 8.120257 0.047828
2.546266 8.167412 0.048554
2.403593 8.040393 0.046075
2.433489 7.845919 0.050120
2.230128 8.126164 0.046910
2.200163 8.329386 0.046657
2.034987 8.431487 0.044720
1.891710 8.327817 0.049347
2.922924 7.380688 0.048365
1.338681 7.624976 0.050945
1.471798 7.755466 0.050884
-3.045883 4.274344 0.040394
-3.045883 4.449512 0.039816
-1.205475 7.075509 0.050657
-1.053040 6.963021 0.049586
-0.905134 7.074518 0.050173
-1.209295 7.296852 0.049715
-0.906966 7.296859 0.050119
-1.058691 7.406705 0.050549
-1.319661 8.077677 0.049877
-1.307848 8.307220 0.047738
-0.155023 8.081040 0.049152
-0.298394 8.419173 0.048955
-0.153910 8.306307 0.049366
3.925963 -4.708797 0.050295
4.019774 -4.863684 0.046608
3.637410 -5.596805 0.048979
3.923244 -4.018356 0.049382
3.733069 -4.021545 0.049285
3.642730 -3.846125 0.050082
4.021539 -3.844761 0.049025
3.928711 -3.673516 0.050059
3.740076 -3.671691 0.048186
3.935718 -0.000000 0.047418
4.029113 0.165536 0.047359
4.029113 -0.165536 0.047359
4.325588 0.085214 0.037786
4.224048 0.196093 0.050317
4.325588 -0.085214 0.037786
4.224048 -0.196093 0.050317
3.046525 -0.081613 0.037606
3.046525 0.081613 0.037606
-3.741234 -2.736727 0.051999
-3.935124 -2.738116 0.052578
-3.643778 -2.916207 0.052497
-4.033009 -2.917864 0.052234
-3.935712 -3.096127 0.052335
-3.740371 -3.095858 0.052379
-3.149899 -1.984007 0.056256
-3.349527 -2.013448 0.052606
-3.448328 -1.834114 0.052038
-3.352785 -1.651657 0.052071
-3.048343 -1.801598 0.044251
-3.152427 -1.648582 0.056369
-3.933144 -2.022914 0.052536
-3.737881 -2.019559 0.052327
-3.640913 -1.837890 0.052598
-3.737208 -1.659246 0.051936
-1.209295 -7.296852 0.049715
-2.266726 -6.834159 0.043626
-1.504777 -7.070306 0.049405
-1.650155 -6.957818 0.047733
-2.457449 -7.837217 0.050009
-2.424919 -8.033009 0.046664
-2.250179 -8.122826 0.046725
-2.047481 -8.431121 0.044254
-2.340914 -8.428420 0.043904
-2.214816 -8.327477 0.046663
-1.448036 -8.422951 0.047401
-1.908394 -8.327047 0.049582
-1.744935 -8.427990 0.045895
-1.600910 -8.318877 0.049217
0.291220 -7.297913 0.050042
0.440503 -7.409390 0.050030
0.590655 -7.297912 0.050091
0.590917 -7.074982 0.050087
0.441212 -6.963557 0.049969
0.291666 -7.075009 0.050060
4.314073 -5.890784 0.043961
4.205821 -6.026909 0.048211
4.213532 -5.746149 0.044835
3.996071 -6.003682 0.044271
4.014492 -5.691106 0.041547
3.905283 -5.812514 0.052768
3.047402 -2.750460 0.041237
3.149310 -2.924854 0.050428
1.965153 -6.942219 0.043176
2.155629 -6.995690 0.043100
3.387861 -6.920465 0.047689
3.036110 -6.981045 0.047595
3.147471 -7.140826 0.048492
3.315524 -7.110657 0.045280
3.386036 -6.586702 0.044956
3.289884 -6.755386 0.048773
3.106186 -6.785798 0.047991
-3.048761 2.887212 0.044207
-3.153356 2.733940 0.056221
-3.048722 2.579896 0.044246
-3.349527 2.013448 0.052606
-3.737881 2.019559 0.052327
-3.445259 2.194845 0.052697
-3.641028 2.197180 0.052324
-3.737208 1.659246 0.051936
-3.352785 1.651657 0.052071
-3.640913 1.837890 0.052598
-3.448328 1.834114 0.052038
-3.638827 1.475644 0.052662
-3.446989 1.471831 0.052005
-2.492299 6.605006 0.044565
-2.266726 6.834159 0.043626
-2.438714 6.798433 0.052895
-2.998511 6.629003 0.046524
-2.815274 6.684164 0.050586
-3.120481 6.772382 0.048302
-1.357444 7.625915 0.051087
-1.491500 7.756006 0.050993
-1.646277 7.700568 0.046541
-1.732180 7.531848 0.043869
-1.685359 7.362584 0.052503
-1.365101 7.407946 0.051256
-1.514707 7.292358 0.051118
-1.933336 8.130731 0.045405
-1.777557 8.023107 0.051515
-1.608590 8.110311 0.047030
-1.908394 8.327047 0.049582
-1.744935 8.427990 0.045895
-1.600910 8.318877 0.049217
3.628111 1.123894 0.049302
3.436515 1.111941 0.047716
3.727269 1.296404 0.047992
3.631033 1.460235 0.049345
3.427105 0.426652 0.045022
3.333706 0.579368 0.051143
3.617342 0.461269 0.047978
3.428469 0.770090 0.047129
3.715383 0.633413 0.048037
3.619909 0.789517 0.048804
3.042836 0.676423 0.037693
3.042836 0.843536 0.036538
3.047402 2.750460 0.041237
3.150949 2.617038 0.051327
3.351203 2.632023 0.048060
3.149310 2.924854 0.050428
3.349393 2.964091 0.047787
3.447739 2.804682 0.049268
-3.440724 5.419919 0.049432
-3.347259 5.619818 0.055267
-3.043979 5.372804 0.040175
-3.043979 5.550219 0.039543
-3.149109 5.673182 0.059261
-3.446188 5.066698 0.050701
-3.351296 4.894120 0.052710
-3.147261 5.244455 0.057167
-3.345856 5.256930 0.054104
-3.047409 5.063276 0.044536
-3.151112 4.903173 0.056421
-3.349296 4.533099 0.052839
-3.445810 4.351015 0.052350
-3.641979 4.348395 0.052222
-3.447724 4.709339 0.051480
-4.034276 5.057226 0.052296
-3.937742 5.232536 0.051366
-3.739873 5.232683 0.052480
-3.640763 5.058409 0.051992
2.085921 8.032339 0.047624
1.756430 8.024075 0.051239
1.912678 8.131891 0.045376
2.611937 7.789471 0.048815
2.668335 7.607827 0.052222
2.863130 7.572087 0.045098
2.987617 7.718337 0.049987
2.942249 7.901396 0.048176
2.761364 7.936790 0.047638
2.563895 7.462034 0.045262
1.191418 7.075080 0.050586
1.339344 6.964278 0.049953
1.193005 7.296198 0.049733
1.347596 7.407018 0.051082
-0.876817 8.419056 0.048728
-1.162987 8.416333 0.049136
-1.023337 8.303326 0.049374
-1.031133 8.076545 0.048499
-0.890113 7.966826 0.049915
-1.182597 7.960010 0.049691
-0.898629 7.742175 0.049222
-1.196411 7.737083 0.048818
-1.053463 7.628967 0.050743
-0.753778 7.631921 0.050481
-0.756888 7.408867 0.050157
-0.456910 7.409490 0.050060
-0.606603 7.298059 0.050081
-0.305035 7.744394 0.049507
-0.455193 7.632626 0.050200
-0.601776 7.744249 0.049467
-0.302681 7.968576 0.049788
3.350569 -4.760362 0.046745
3.733990 -4.722591 0.048916
3.643560 -4.552885 0.049170
3.452716 -4.575495 0.050427
4.010580 -5.188440 0.043801
3.918534 -5.047001 0.050595
3.915245 -5.384542 0.050811
3.729649 -5.420639 0.049818
3.446864 -5.595579 0.049463
3.047874 -5.602108 0.042723
-3.931022 -1.665019 0.052908
-4.225076 -1.499465 0.052666
-4.027665 -1.490852 0.051794
-4.324966 -1.678600 0.052027
-4.226523 -1.851985 0.052592
-4.029990 -1.847018 0.052021
0.140332 -7.632626 0.050114
0.141329 -7.409348 0.049958
-0.455507 -6.963597 0.049917
-0.605705 -7.075093 0.050110
-0.876817 -8.419056 0.048728
-1.307848 -8.307220 0.047738
-1.162987 -8.416333 0.049136
-1.023337 -8.303326 0.049374
-1.608590 -8.110311 0.047030
-0.906966 -7.296859 0.050119
-1.058691 -7.406705 0.050549
-2.202619 -7.158611 0.052776
-2.164849 -6.993910 0.043512
-2.034991 -7.289903 0.044799
-1.847659 -7.230958 0.045376
-1.971948 -6.942489 0.042515
-1.822387 -7.048243 0.052575
3.046035 -3.198960 0.038579
3.046035 -3.031420 0.038252
2.488572 -6.606628 0.044218
2.430263 -6.802462 0.052247
2.262151 -6.836417 0.042775
3.382167 -6.275243 0.052621
3.280249 -6.432717 0.052520
2.951499 -6.165567 0.044941
-3.134704 7.307810 0.048259
-2.957028 7.359974 0.048431
-3.189263 7.112183 0.048916
-3.064994 6.966668 0.049091
3.045430 1.132450 0.040642
3.344071 1.960773 0.048591
3.438408 1.793751 0.048939
-3.935649 4.524419 0.052137
-3.739575 4.525173 0.052267
-4.033551 4.702242 0.052283
-3.641834 4.704033 0.052341
-3.739981 4.880525 0.051932
-3.935624 4.879490 0.052114
1.625430 7.700165 0.046226
1.769127 7.842617 0.043035
2.862360 7.023369 0.048060
2.741935 6.880484 0.046578
2.804527 7.224723 0.048197
2.640293 7.270328 0.045017
1.965153 6.942219 0.043176
2.380990 7.436121 0.045261
1.810545 7.047474 0.052239
1.498197 7.291155 0.051095
1.640077 6.957319 0.048051
1.491533 7.069533 0.049204
-0.740147 8.080618 0.049019
-0.596662 7.968295 0.049802
-0.447725 8.080854 0.049102
-0.734647 8.306067 0.049257
-0.587988 8.419075 0.048882
-0.444551 8.306184 0.049342
3.633614 -5.245758 0.048056
3.727164 -5.068223 0.049168
3.443855 -4.913862 0.050377
3.636432 -4.898700 0.048696
3.047449 -5.311476 0.041415
3.151196 -5.442885 0.051295
3.351477 -5.427977 0.047913
3.148702 -5.134195 0.050745
3.346959 -5.091949 0.047401
3.445987 -5.254323 0.050312
3.045434 -5.895766 0.041655
3.149181 -5.755215 0.051176
3.298963 -6.106371 0.050291
3.116816 -6.071780 0.048151
3.426291 -5.938736 0.047573
3.347891 -5.763594 0.047969
-0.157651 -7.409387 0.049967
-0.307107 -7.297991 0.050037
-0.007936 -7.297911 0.050042
-0.306601 -7.075063 0.050069
-0.156702 -6.963530 0.049938
-0.007493 -7.074982 0.050037
-0.298394 -8.419173 0.048955
-0.734647 -8.306067 0.049257
-0.587988 -8.419075 0.048882
-0.444551 -8.306184 0.049342
-0.153910 -8.306307 0.049366
-0.008391 -8.419197 0.048987
0.136901 -8.306314 0.049359
0.137747 -8.081043 0.049149
-1.053463 -7.628967 0.050743
-1.031133 -8.076545 0.048499
-1.646277 -7.700568 0.046541
-1.365101 -7.407946 0.051256
-1.514707 -7.292358 0.051118
-1.685359 -7.362584 0.052503
-1.732180 -7.531848 0.043869
-2.076963 -7.461242 0.048797
-1.936453 -7.571560 0.045185
-2.281241 -7.539092 0.050360
-2.301464 -7.729741 0.048965
-2.107786 -8.030153 0.047805
-1.933336 -8.130731 0.045405
-2.126541 -7.832860 0.047239
-1.965808 -7.752529 0.047906
-1.777557 -8.023107 0.051515
-1.791275 -7.842199 0.043072
3.072856 -6.453296 0.048556
2.928617 -6.325240 0.054466
2.994945 -6.637692 0.048362
2.721215 -6.376619 0.044326
2.674954 -6.557037 0.052451
2.804444 -6.690054 0.049244
-2.662824 7.262177 0.044963
-2.831345 7.213032 0.049544
-2.527713 7.126065 0.046779
-2.568484 6.937794 0.050403
-2.757002 6.876226 0.046828
-2.884751 7.015352 0.048000
3.147715 1.276173 0.053001
3.046411 1.426793 0.041203
3.344398 1.277676 0.049371
3.439757 1.453459 0.048072
3.343314 1.621257 0.049280
3.146652 1.596094 0.052487
3.044367 1.716043 0.038343
2.510326 7.131791 0.046238
2.348451 7.226166 0.044474
2.554135 6.943300 0.049761
2.155629 6.995690 0.043100
2.186744 7.161785 0.052816
2.430263 6.802462 0.052247
2.262151 6.836417 0.042775
2.017119 7.290736 0.044910
1.831396 7.229896 0.045390
1.711948 7.530980 0.043753
1.667592 7.361363 0.052332
2.277435 7.735024 0.048520
2.258256 7.544341 0.050122
2.103332 7.835672 0.047212
1.942786 7.753766 0.047761
1.914723 7.572114 0.045174
2.056090 7.463337 0.048586
-0.447725 -8.080854 0.049102
-1.196411 -7.737083 0.048818
-1.357444 -7.625915 0.051087
-1.491500 -7.756006 0.050993
-1.182597 -7.960010 0.049691
-1.319661 -8.077677 0.049877
-1.467530 -7.984841 0.046425
3.046453 2.169150 0.041111
3.146693 1.991440 0.051532
3.044367 1.884256 0.037535
-0.302681 -7.968576 0.049788
-0.008657 -7.968660 0.049776
-0.155023 -8.081040 0.049152
-0.008577 -7.744455 0.049511
-0.157296 -7.632654 0.050121
-0.305035 -7.744394 0.049507
-0.455193 -7.632626 0.050200
-0.756888 -7.408867 0.050157
-0.606603 -7.298059 0.050081
-0.456910 -7.409490 0.050060
-0.898629 -7.742175 0.049222
-0.753778 -7.631921 0.050481
-0.601776 -7.744249 0.049467
-0.890113 -7.966826 0.049915
-0.740147 -8.080618 0.049019
-0.596662 -7.968295 0.049802
