4.264627 6.400089 0.018690
4.044358 6.620359 0.018690
3.824088 6.840629 0.018690
3.603818 7.060898 0.018690
3.383549 7.281168 0.018690
3.163279 7.501437 0.018690
2.943010 7.721707 0.018690
2.722740 7.941977 0.018690
2.502470 8.162246 0.018690
2.242815 8.272381 0.017943
1.943773 8.272381 0.017943
1.644731 8.272381 0.017943
1.345689 8.272381 0.017943
1.046647 8.272381 0.017943
0.747605 8.272381 0.017943
0.448563 8.272381 0.017943
0.149521 8.272381 0.017943
-0.149521 8.272381 0.017943
-0.448563 8.272381 0.017943
-0.747605 8.272381 0.017943
-1.046647 8.272381 0.017943
-1.345689 8.272381 0.017943
-1.644731 8.272381 0.017943
-1.943773 8.272381 0.017943
-2.242815 8.272381 0.017943
-2.502470 8.162246 0.018690
-2.722740 7.941977 0.018690
-2.943010 7.721707 0.018690
-3.163279 7.501437 0.018690
-3.383549 7.281168 0.018690
-3.603818 7.060898 0.018690
-3.824088 6.840629 0.018690
-4.044358 6.620359 0.018690
-4.264627 6.400089 0.018690
-4.374762 6.140194 0.017971
-4.374762 5.840672 0.017971
-4.374762 5.541150 0.017971
-4.374762 5.241629 0.017971
-4.374762 4.942107 0.017971
-4.374762 4.642585 0.017971
-4.374762 4.343064 0.017971
-4.374762 4.043542 0.017971
-4.374762 3.744021 0.017971
-4.374762 3.444499 0.017971
-4.374762 3.144977 0.017971
-4.374762 2.845456 0.017971
-4.374762 2.545934 0.017971
-4.374762 2.246412 0.017971
-4.374762 1.946891 0.017971
-4.374762 1.647369 0.017971
-4.374762 1.347847 0.017971
-4.374762 1.048326 0.017971
-4.374762 0.748804 0.017971
-4.374762 0.449282 0.017971
-4.374762 0.149761 0.017971
-4.374762 -0.149761 0.017971
-4.374762 -0.449282 0.017971
-4.374762 -0.748804 0.017971
-4.374762 -1.048326 0.017971
-4.374762 -1.347847 0.017971
-4.374762 -1.647369 0.017971
-4.374762 -1.946891 0.017971
-4.374762 -2.246412 0.017971
-4.374762 -2.545934 0.017971
-4.374762 -2.845456 0.017971
-4.374762 -3.144977 0.017971
-4.374762 -3.444499 0.017971
-4.374762 -3.744021 0.017971
-4.374762 -4.043542 0.017971
-4.374762 -4.343064 0.017971
-4.374762 -4.642585 0.017971
-4.374762 -4.942107 0.017971
-4.374762 -5.241629 0.017971
-4.374762 -5.541150 0.017971
-4.374762 -5.840672 0.017971
-4.374762 -6.140194 0.017971
-4.264627 -6.400089 0.018690
-4.044358 -6.620359 0.018690
-3.824088 -6.840629 0.018690
-3.603818 -7.060898 0.018690
-3.383549 -7.281168 0.018690
-3.163279 -7.501437 0.018690
-2.943010 -7.721707 0.018690
-2.722740 -7.941977 0.018690
-2.502470 -8.162246 0.018690
-2.242815 -8.272381 0.017943
-1.943773 -8.272381 0.017943
-1.644731 -8.272381 0.017943
-1.345689 -8.272381 0.017943
-1.046647 -8.272381 0.017943
-0.747605 -8.272381 0.017943
-0.448563 -8.272381 0.017943
-0.149521 -8.272381 0.017943
0.149521 -8.272381 0.017943
0.448563 -8.272381 0.017943
0.747605 -8.272381 0.017943
1.046647 -8.272381 0.017943
1.345689 -8.272381 0.017943
1.644731 -8.272381 0.017943
1.943773 -8.272381 0.017943
2.242815 -8.272381 0.017943
2.502470 -8.162246 0.018690
2.722740 -7.941977 0.018690
2.943010 -7.721707 0.018690
3.163279 -7.501437 0.018690
3.383549 -7.281168 0.018690
3.603818 -7.060898 0.018690
3.824088 -6.840629 0.018690
4.044358 -6.620359 0.018690
4.264627 -6.400089 0.018690
4.374762 -6.140194 0.017971
4.374762 -5.840672 0.017971
4.374762 -5.541150 0.017971
4.374762 -5.241629 0.017971
4.374762 -4.942107 0.017971
4.374762 -4.642585 0.017971
4.374762 -4.343064 0.017971
4.374762 -4.043542 0.017971
4.374762 -3.744021 0.017971
4.374762 -3.444499 0.017971
4.374762 -3.144977 0.017971
4.374762 -2.845456 0.017971
4.374762 -2.545934 0.017971
4.374762 -2.246412 0.017971
4.374762 -1.946891 0.017971
4.374762 -1.647369 0.017971
4.374762 -1.347847 0.017971
4.374762 -1.048326 0.017971
4.374762 -0.748804 0.017971
4.374762 -0.449282 0.017971
4.374762 -0.149761 0.017971
4.374762 0.149761 0.017971
4.374762 0.449282 0.017971
4.374762 0.748804 0.017971
4.374762 1.048326 0.017971
4.374762 1.347847 0.017971
4.374762 1.647369 0.017971
4.374762 1.946891 0.017971
4.374762 2.246412 0.017971
4.374762 2.545934 0.017971
4.374762 2.845456 0.017971
4.374762 3.144977 0.017971
4.374762 3.444499 0.017971
4.374762 3.744021 0.017971
4.374762 4.043542 0.017971
4.374762 4.343064 0.017971
4.374762 4.642585 0.017971
4.374762 4.942107 0.017971
4.374762 5.241629 0.017971
4.374762 5.541150 0.017971
4.374762 5.840672 0.017971
4.374762 6.140194 0.017971
2.698500 5.851070 0.023124
2.425975 6.123594 0.023124
2.153451 6.396119 0.023124
1.862020 6.532381 0.018620
1.551683 6.532381 0.018620
1.241347 6.532381 0.018620
0.931010 6.532381 0.018620
0.620673 6.532381 0.018620
0.310337 6.532381 0.018620
0.000000 6.532381 0.018620
-0.310337 6.532381 0.018620
-0.620673 6.532381 0.018620
-0.931010 6.532381 0.018620
-1.241347 6.532381 0.018620
-1.551683 6.532381 0.018620
-1.862020 6.532381 0.018620
-2.153451 6.396119 0.023124
-2.425975 6.123594 0.023124
-2.698500 5.851070 0.023124
-2.834762 5.564418 0.018047
-2.834762 5.263638 0.018047
-2.834762 4.962859 0.018047
-2.834762 4.662080 0.018047
-2.834762 4.361300 0.018047
-2.834762 4.060521 0.018047
-2.834762 3.759742 0.018047
-2.834762 3.458962 0.018047
-2.834762 3.158183 0.018047
-2.834762 2.857404 0.018047
-2.834762 2.556624 0.018047
-2.834762 2.255845 0.018047
-2.834762 1.955066 0.018047
-2.834762 1.654286 0.018047
-2.834762 1.353507 0.018047
-2.834762 1.052728 0.018047
-2.834762 0.751948 0.018047
-2.834762 0.451169 0.018047
-2.834762 0.150390 0.018047
-2.834762 -0.150390 0.018047
-2.834762 -0.451169 0.018047
-2.834762 -0.751948 0.018047
-2.834762 -1.052728 0.018047
-2.834762 -1.353507 0.018047
-2.834762 -1.654286 0.018047
-2.834762 -1.955066 0.018047
-2.834762 -2.255845 0.018047
-2.834762 -2.556624 0.018047
-2.834762 -2.857404 0.018047
-2.834762 -3.158183 0.018047
-2.834762 -3.458962 0.018047
-2.834762 -3.759742 0.018047
-2.834762 -4.060521 0.018047
-2.834762 -4.361300 0.018047
-2.834762 -4.662080 0.018047
-2.834762 -4.962859 0.018047
-2.834762 -5.263638 0.018047
-2.834762 -5.564418 0.018047
-2.698500 -5.851070 0.023124
-2.425975 -6.123594 0.023124
-2.153451 -6.396119 0.023124
-1.862020 -6.532381 0.018620
-1.551683 -6.532381 0.018620
-1.241347 -6.532381 0.018620
-0.931010 -6.532381 0.018620
-0.620673 -6.532381 0.018620
-0.310337 -6.532381 0.018620
-0.000000 -6.532381 0.018620
0.310337 -6.532381 0.018620
0.620673 -6.532381 0.018620
0.931010 -6.532381 0.018620
1.241347 -6.532381 0.018620
1.551683 -6.532381 0.018620
1.862020 -6.532381 0.018620
2.153451 -6.396119 0.023124
2.425975 -6.123594 0.023124
2.698500 -5.851070 0.023124
2.834762 -5.564418 0.018047
2.834762 -5.263638 0.018047
2.834762 -4.962859 0.018047
2.834762 -4.662080 0.018047
2.834762 -4.361300 0.018047
2.834762 -4.060521 0.018047
2.834762 -3.759742 0.018047
2.834762 -3.458962 0.018047
2.834762 -3.158183 0.018047
2.834762 -2.857404 0.018047
2.834762 -2.556624 0.018047
2.834762 -2.255845 0.018047
2.834762 -1.955066 0.018047
2.834762 -1.654286 0.018047
2.834762 -1.353507 0.018047
2.834762 -1.052728 0.018047
2.834762 -0.751948 0.018047
2.834762 -0.451169 0.018047
2.834762 -0.150390 0.018047
2.834762 0.150390 0.018047
2.834762 0.451169 0.018047
2.834762 0.751948 0.018047
2.834762 1.052728 0.018047
2.834762 1.353507 0.018047
2.834762 1.654286 0.018047
2.834762 1.955066 0.018047
2.834762 2.255845 0.018047
2.834762 2.556624 0.018047
2.834762 2.857404 0.018047
2.834762 3.158183 0.018047
2.834762 3.458962 0.018047
2.834762 3.759742 0.018047
2.834762 4.060521 0.018047
2.834762 4.361300 0.018047
2.834762 4.662080 0.018047
2.834762 4.962859 0.018047
2.834762 5.263638 0.018047
2.834762 5.564418 0.018047
