4.217008 6.226280 0.018690
3.996738 6.446549 0.018690
3.776469 6.666819 0.018690
3.556199 6.887089 0.018690
3.335930 7.107358 0.018690
3.115660 7.327628 0.018690
2.895390 7.547897 0.018690
2.675121 7.768167 0.018690
2.454851 7.988437 0.018690
2.188402 8.098571 0.018758
1.875773 8.098571 0.018758
1.563144 8.098571 0.018758
1.250515 8.098571 0.018758
0.937887 8.098571 0.018758
0.625258 8.098571 0.018758
0.312629 8.098571 0.018758
0.000000 8.098571 0.018758
-0.312629 8.098571 0.018758
-0.625258 8.098571 0.018758
-0.937887 8.098571 0.018758
-1.250515 8.098571 0.018758
-1.563144 8.098571 0.018758
-1.875773 8.098571 0.018758
-2.188402 8.098571 0.018758
-2.454851 7.988437 0.018690
-2.675121 7.768167 0.018690
-2.895390 7.547897 0.018690
-3.115660 7.327628 0.018690
-3.335930 7.107358 0.018690
-3.556199 6.887089 0.018690
-3.776469 6.666819 0.018690
-3.996738 6.446549 0.018690
-4.217008 6.226280 0.018690
-4.327143 5.963241 0.018348
-4.327143 5.657434 0.018348
-4.327143 5.351627 0.018348
-4.327143 5.045820 0.018348
-4.327143 4.740012 0.018348
-4.327143 4.434205 0.018348
-4.327143 4.128398 0.018348
-4.327143 3.822591 0.018348
-4.327143 3.516783 0.018348
-4.327143 3.210976 0.018348
-4.327143 2.905169 0.018348
-4.327143 2.599362 0.018348
-4.327143 2.293554 0.018348
-4.327143 1.987747 0.018348
-4.327143 1.681940 0.018348
-4.327143 1.376133 0.018348
-4.327143 1.070325 0.018348
-4.327143 0.764518 0.018348
-4.327143 0.458711 0.018348
-4.327143 0.152904 0.018348
-4.327143 -0.152904 0.018348
-4.327143 -0.458711 0.018348
-4.327143 -0.764518 0.018348
-4.327143 -1.070325 0.018348
-4.327143 -1.376133 0.018348
-4.327143 -1.681940 0.018348
-4.327143 -1.987747 0.018348
-4.327143 -2.293554 0.018348
-4.327143 -2.599362 0.018348
-4.327143 -2.905169 0.018348
-4.327143 -3.210976 0.018348
-4.327143 -3.516783 0.018348
-4.327143 -3.822591 0.018348
-4.327143 -4.128398 0.018348
-4.327143 -4.434205 0.018348
-4.327143 -4.740012 0.018348
-4.327143 -5.045820 0.018348
-4.327143 -5.351627 0.018348
-4.327143 -5.657434 0.018348
-4.327143 -5.963241 0.018348
-4.217008 -6.226280 0.018690
-3.996738 -6.446549 0.018690
-3.776469 -6.666819 0.018690
-3.556199 -6.887089 0.018690
-3.335930 -7.107358 0.018690
-3.115660 -7.327628 0.018690
-2.895390 -7.547897 0.018690
-2.675121 -7.768167 0.018690
-2.454851 -7.988437 0.018690
-2.188402 -8.098571 0.018758
-1.875773 -8.098571 0.018758
-1.563144 -8.098571 0.018758
-1.250515 -8.098571 0.018758
-0.937887 -8.098571 0.018758
-0.625258 -8.098571 0.018758
-0.312629 -8.098571 0.018758
0.000000 -8.098571 0.018758
0.312629 -8.098571 0.018758
0.625258 -8.098571 0.018758
0.937887 -8.098571 0.018758
1.250515 -8.098571 0.018758
1.563144 -8.098571 0.018758
1.875773 -8.098571 0.018758
2.188402 -8.098571 0.018758
2.454851 -7.988437 0.018690
2.675121 -7.768167 0.018690
2.895390 -7.547897 0.018690
3.115660 -7.327628 0.018690
3.335930 -7.107358 0.018690
3.556199 -6.887089 0.018690
3.776469 -6.666819 0.018690
3.996738 -6.446549 0.018690
4.217008 -6.226280 0.018690
4.327143 -5.963241 0.018348
4.327143 -5.657434 0.018348
4.327143 -5.351627 0.018348
4.327143 -5.045820 0.018348
4.327143 -4.740012 0.018348
4.327143 -4.434205 0.018348
4.327143 -4.128398 0.018348
4.327143 -3.822591 0.018348
4.327143 -3.516783 0.018348
4.327143 -3.210976 0.018348
4.327143 -2.905169 0.018348
4.327143 -2.599362 0.018348
4.327143 -2.293554 0.018348
4.327143 -1.987747 0.018348
4.327143 -1.681940 0.018348
4.327143 -1.376133 0.018348
4.327143 -1.070325 0.018348
4.327143 -0.764518 0.018348
4.327143 -0.458711 0.018348
4.327143 -0.152904 0.018348
4.327143 0.152904 0.018348
4.327143 0.458711 0.018348
4.327143 0.764518 0.018348
4.327143 1.070325 0.018348
4.327143 1.376133 0.018348
4.327143 1.681940 0.018348
4.327143 1.987747 0.018348
4.327143 2.293554 0.018348
4.327143 2.599362 0.018348
4.327143 2.905169 0.018348
4.327143 3.210976 0.018348
4.327143 3.516783 0.018348
4.327143 3.822591 0.018348
4.327143 4.128398 0.018348
4.327143 4.434205 0.018348
4.327143 4.740012 0.018348
4.327143 5.045820 0.018348
4.327143 5.351627 0.018348
4.327143 5.657434 0.018348
4.327143 5.963241 0.018348
2.650881 5.677260 0.023124
2.378356 5.949785 0.023124
2.105832 6.222309 0.023124
1.818064 6.358571 0.018181
1.515053 6.358571 0.018181
1.212043 6.358571 0.018181
0.909032 6.358571 0.018181
0.606021 6.358571 0.018181
0.303011 6.358571 0.018181
0.000000 6.358571 0.018181
-0.303011 6.358571 0.018181
-0.606021 6.358571 0.018181
-0.909032 6.358571 0.018181
-1.212043 6.358571 0.018181
-1.515053 6.358571 0.018181
-1.818064 6.358571 0.018181
-2.105832 6.222309 0.023124
-2.378356 5.949785 0.023124
-2.650881 5.677260 0.023124
-2.787143 5.387081 0.018470
-2.787143 5.079248 0.018470
-2.787143 4.771415 0.018470
-2.787143 4.463582 0.018470
-2.787143 4.155748 0.018470
-2.787143 3.847915 0.018470
-2.787143 3.540082 0.018470
-2.787143 3.232249 0.018470
-2.787143 2.924416 0.018470
-2.787143 2.616582 0.018470
-2.787143 2.308749 0.018470
-2.787143 2.000916 0.018470
-2.787143 1.693083 0.018470
-2.787143 1.385249 0.018470
-2.787143 1.077416 0.018470
-2.787143 0.769583 0.018470
-2.787143 0.461750 0.018470
-2.787143 0.153917 0.018470
-2.787143 -0.153917 0.018470
-2.787143 -0.461750 0.018470
-2.787143 -0.769583 0.018470
-2.787143 -1.077416 0.018470
-2.787143 -1.385249 0.018470
-2.787143 -1.693083 0.018470
-2.787143 -2.000916 0.018470
-2.787143 -2.308749 0.018470
-2.787143 -2.616582 0.018470
-2.787143 -2.924416 0.018470
-2.787143 -3.232249 0.018470
-2.787143 -3.540082 0.018470
-2.787143 -3.847915 0.018470
-2.787143 -4.155748 0.018470
-2.787143 -4.463582 0.018470
-2.787143 -4.771415 0.018470
-2.787143 -5.079248 0.018470
-2.787143 -5.387081 0.018470
-2.650881 -5.677260 0.023124
-2.378356 -5.949785 0.023124
-2.105832 -6.222309 0.023124
-1.818064 -6.358571 0.018181
-1.515053 -6.358571 0.018181
-1.212043 -6.358571 0.018181
-0.909032 -6.358571 0.018181
-0.606021 -6.358571 0.018181
-0.303011 -6.358571 0.018181
0.000000 -6.358571 0.018181
0.303011 -6.358571 0.018181
0.606021 -6.358571 0.018181
0.909032 -6.358571 0.018181
1.212043 -6.358571 0.018181
1.515053 -6.358571 0.018181
1.818064 -6.358571 0.018181
2.105832 -6.222309 0.023124
2.378356 -5.949785 0.023124
2.650881 -5.677260 0.023124
2.787143 -5.387081 0.018470
2.787143 -5.079248 0.018470
2.787143 -4.771415 0.018470
2.787143 -4.463582 0.018470
2.787143 -4.155748 0.018470
2.787143 -3.847915 0.018470
2.787143 -3.540082 0.018470
2.787143 -3.232249 0.018470
2.787143 -2.924416 0.018470
2.787143 -2.616582 0.018470
2.787143 -2.308749 0.018470
2.787143 -2.000916 0.018470
2.787143 -1.693083 0.018470
2.787143 -1.385249 0.018470
2.787143 -1.077416 0.018470
2.787143 -0.769583 0.018470
2.787143 -0.461750 0.018470
2.787143 -0.153917 0.018470
2.787143 0.153917 0.018470
2.787143 0.461750 0.018470
2.787143 0.769583 0.018470
2.787143 1.077416 0.018470
2.787143 1.385249 0.018470
2.787143 1.693083 0.018470
2.787143 2.000916 0.018470
2.787143 2.308749 0.018470
2.787143 2.616582 0.018470
2.787143 2.924416 0.018470
2.787143 3.232249 0.018470
2.787143 3.540082 0.018470
2.787143 3.847915 0.018470
2.787143 4.155748 0.018470
2.787143 4.463582 0.018470
2.787143 4.771415 0.018470
2.787143 5.079248 0.018470
2.787143 5.387081 0.018470
