-2.983356 0.715680 0.047301
-3.821935 6.607760 0.048531
1.231923 8.189720 0.052069
3.673170 -2.243527 0.048901
3.573446 -2.415140 0.047535
-3.082833 0.537653 0.050612
-3.294544 3.160082 0.049066
-3.087888 3.148580 0.049384
-3.708899 6.454675 0.048431
-3.762505 6.799975 0.045578
-3.993561 6.569753 0.044178
-4.265114 5.777843 0.050984
-3.075584 5.408867 0.047330
-3.275786 5.384909 0.049932
4.196271 6.356126 0.043169
3.130153 6.005527 0.049519
3.299643 5.948522 0.048223
3.006597 5.886437 0.044992
-3.527863 7.028586 0.047310
-3.581255 6.841574 0.049648
-0.752896 6.733941 0.050009
-0.904524 6.847866 0.050698
-2.407085 8.143161 0.044501
4.152027 -3.998684 0.046955
2.978870 -1.569338 0.044259
-2.982614 -2.661045 0.049651
3.382225 -2.425709 0.049413
-2.976705 -0.090820 0.040041
-3.268989 0.175140 0.049848
-4.265553 -4.710108 0.049636
-2.978382 -3.624463 0.048063
-3.085639 -2.825749 0.049984
-4.211881 -6.341566 0.043404
-4.262879 -2.503159 0.049068
-2.981747 -1.677316 0.049318
-2.980112 0.403161 0.044584
-2.976705 0.094427 0.040044
-3.076182 0.210952 0.051789
-4.264660 -0.789775 0.048005
-4.169126 -0.595769 0.054250
-4.265442 0.775174 0.049332
-4.170292 0.590244 0.052758
-3.663674 0.158458 0.045591
-3.862850 0.104386 0.045822
-3.973173 0.235318 0.054742
-3.085630 0.860331 0.050599
-3.288843 0.840636 0.049730
-2.982909 1.032887 0.048381
4.256500 2.981386 0.042499
3.381188 2.435245 0.048603
-2.984786 3.305638 0.049808
-2.983737 2.986303 0.049708
-3.394225 3.006247 0.050560
-3.695060 3.214647 0.052984
-3.594160 3.025786 0.048337
-3.687897 2.864634 0.052056
-3.774701 6.261568 0.046428
-3.645943 6.123635 0.047946
-3.579634 5.513965 0.048945
-3.370871 5.530537 0.046971
-4.172603 5.596215 0.051362
-3.983084 5.565626 0.052525
-2.980532 5.254975 0.050539
-3.291320 4.414232 0.048887
-3.391250 4.564029 0.049637
4.261383 4.640943 0.038072
4.151393 5.180474 0.045281
4.256288 5.076087 0.040235
4.261383 4.812292 0.038458
4.157036 4.906758 0.043010
4.263027 6.194329 0.041745
4.258018 5.903786 0.042621
4.160410 6.045030 0.046434
4.027636 6.376758 0.045334
3.790362 6.757458 0.044449
3.992175 6.555922 0.044165
3.821410 6.578407 0.045834
4.152048 3.114770 0.048274
3.948790 3.102058 0.045801
3.849046 3.258741 0.048732
2.834040 5.961388 0.043427
2.781029 6.148265 0.049123
2.606455 6.193216 0.043535
2.204062 8.217766 0.045289
2.204245 7.887245 0.045274
2.771117 7.770761 0.044268
2.582923 7.807417 0.047788
2.233978 7.713923 0.051128
2.444229 7.491896 0.046441
2.420158 7.674237 0.044571
3.183761 7.374183 0.042700
-3.536283 6.490632 0.045057
-3.468069 6.685316 0.048594
-1.046638 6.734242 0.049677
-0.457083 6.733678 0.050212
-0.608108 6.847302 0.050851
-2.224025 8.210963 0.046345
4.157661 -4.553380 0.041983
4.256043 -3.553402 0.043038
4.151429 -3.707219 0.047864
4.256021 -3.836401 0.042309
4.256641 -4.113676 0.040946
4.256897 -4.382182 0.039596
4.152903 -4.282274 0.044996
4.196380 -6.355807 0.043187
4.263068 -6.194094 0.041721
4.159015 -0.716357 0.050233
3.868736 -0.524877 0.048353
3.962441 -0.688074 0.047388
4.255716 -1.460173 0.041629
3.947635 -1.665150 0.043717
4.150069 -1.618883 0.047401
3.857072 -1.858606 0.050433
2.985429 -1.278008 0.045836
3.083664 -1.424858 0.043023
3.382476 -1.350259 0.050032
3.279744 -1.470863 0.041285
3.281166 -1.657334 0.040842
3.085086 -1.711451 0.042686
2.986852 -1.858541 0.046182
2.982754 -2.451995 0.045728
3.862515 -2.277932 0.050079
3.948108 -3.413949 0.045801
4.151718 -3.411436 0.048254
-4.264640 -4.361321 0.049008
-4.169558 -4.527197 0.051272
-3.875991 -3.606046 0.052678
-3.694667 -3.214316 0.052968
-3.393865 -3.005343 0.050554
-3.593692 -3.025229 0.048339
-3.687350 -2.864256 0.052028
-3.586120 -2.684239 0.049268
-3.289307 -2.834477 0.049313
-3.387904 -2.674346 0.050852
-2.983660 -2.984876 0.049722
-3.294288 -3.159130 0.049077
-3.082473 -3.464099 0.047417
-2.984726 -3.304490 0.049820
-3.087751 -3.147391 0.049388
-4.279495 -6.147737 0.046085
-4.265098 -5.777923 0.050981
-4.183958 -5.961210 0.049838
-2.547300 -6.395936 0.047708
-2.603985 -6.199205 0.044110
-2.773882 -6.162208 0.049719
-4.263049 -1.820935 0.049824
-4.165785 -1.649636 0.050742
-3.971278 -1.651843 0.050560
-2.837295 -7.714445 0.046858
-2.224012 -8.210965 0.046346
-4.263371 -1.478109 0.049734
-3.875284 -1.481286 0.050014
-4.265100 -0.448487 0.044851
-4.259285 -0.115394 0.043962
-4.163751 -0.233260 0.057470
-3.863729 -0.091019 0.045744
-3.973668 -0.221553 0.055452
-3.554404 0.003292 0.048271
-3.362614 0.002403 0.049277
-3.664847 -0.149973 0.045469
-3.580423 -0.314625 0.051431
-2.980365 -0.399344 0.044653
-3.376903 -0.334565 0.047983
-3.076435 -0.207211 0.051849
-3.269537 -0.170802 0.049902
-2.983071 -1.028469 0.048466
-4.264573 1.124700 0.049856
-4.169380 0.947621 0.051230
-4.265485 0.424344 0.048162
-4.259285 0.081883 0.046011
-4.164135 0.225483 0.056466
-3.578468 0.322219 0.051307
-3.375573 0.339790 0.047942
-3.285487 0.510095 0.050645
-3.389223 0.668425 0.049710
3.573365 2.428262 0.046964
4.155498 2.528736 0.046102
4.257473 2.700041 0.040988
4.153338 2.818886 0.047833
3.956027 2.471069 0.043518
2.982319 2.442048 0.045243
4.255470 1.160530 0.042534
4.151817 1.006445 0.050789
4.152375 1.311512 0.050320
3.287615 0.415322 0.046827
3.084865 0.382436 0.047552
3.085592 0.080463 0.047868
2.983001 0.211561 0.043690
2.983226 -0.084003 0.044759
-3.084561 1.185258 0.050472
-2.982287 1.355086 0.048958
-3.586663 2.684919 0.049247
-4.264690 4.360638 0.049051
-3.592264 4.541125 0.047970
-3.884287 4.338801 0.050368
-3.692198 4.355689 0.052271
-3.876006 3.606283 0.052641
-3.398533 3.328284 0.048941
-3.599114 3.363310 0.046591
-3.688851 3.566403 0.053650
-3.577489 3.689948 0.044696
-2.978402 3.625405 0.048045
-3.082553 3.465066 0.047409
-3.289644 3.476210 0.050099
-3.378864 3.634782 0.044779
-3.879976 2.872381 0.050195
-4.263121 2.159528 0.049707
-4.263034 2.500781 0.049082
-4.165521 2.336709 0.051021
-3.972671 2.694498 0.050750
-4.165612 2.682867 0.051867
-2.975686 5.592838 0.050002
-4.183989 5.961171 0.049832
-4.010553 5.999919 0.050249
-4.279510 6.147708 0.046085
-3.948158 6.211587 0.044968
-4.211898 6.341557 0.043400
-4.053981 6.366688 0.049892
-3.673012 5.657692 0.043993
-3.875842 5.692929 0.044225
-3.891926 5.880876 0.044363
-3.700773 5.954612 0.044430
-3.575856 5.820326 0.046185
-4.268124 5.418381 0.049758
-3.395202 4.244326 0.048564
-3.595066 4.208687 0.046262
-3.686158 4.007513 0.053334
-3.576353 3.882750 0.044691
-2.983948 4.275473 0.049811
-3.086020 4.430602 0.048963
-2.982708 4.597196 0.049868
-3.286939 4.736085 0.049245
-3.083697 4.752882 0.049174
-2.981624 4.923748 0.050120
-3.081522 5.079386 0.049006
4.255740 5.345809 0.041542
3.898518 6.215902 0.044850
3.664597 5.901053 0.046785
3.857968 5.890423 0.047194
3.964537 6.045972 0.044554
3.685333 6.421238 0.044898
3.726980 6.237898 0.046410
3.425723 6.108355 0.047021
3.599627 6.078598 0.046232
3.616762 6.782916 0.046163
2.927083 6.774984 0.043371
2.728258 6.851633 0.050339
4.256327 3.835681 0.042162
4.257270 4.113060 0.040659
4.152962 3.999621 0.046895
3.848491 3.579580 0.048703
3.948061 3.730114 0.045511
3.947770 3.416714 0.045871
4.151793 3.707837 0.047856
3.653108 3.259850 0.047597
4.256183 3.266723 0.043155
4.256101 3.552573 0.043027
4.151649 3.411984 0.048229
2.980496 4.448519 0.045568
3.080293 4.601835 0.049018
3.958891 4.827577 0.040841
2.566450 7.139570 0.041894
2.709951 7.017929 0.042779
2.882115 7.118323 0.043544
0.909669 7.522723 0.052118
1.534349 7.522100 0.052823
1.226993 7.746221 0.052393
1.860333 7.791682 0.051112
2.020068 7.933694 0.046564
2.018172 8.114392 0.048006
3.854246 4.944353 0.049672
3.846025 5.262076 0.049348
3.947497 5.127920 0.042957
3.076643 5.248253 0.050260
2.978742 5.694063 0.040001
3.075823 5.577130 0.050986
2.977715 5.388251 0.043151
3.366612 5.763893 0.047869
3.266347 5.602197 0.048722
3.557662 5.746182 0.047505
3.647831 5.576225 0.047133
2.576953 7.967609 0.042621
2.386168 8.157575 0.041268
2.384454 8.007751 0.046205
1.674436 7.389672 0.053491
0.607806 8.189246 0.051939
0.919421 8.189403 0.051997
1.073908 8.078806 0.051683
0.762506 8.078331 0.051705
1.071381 7.857170 0.051742
0.760509 7.856082 0.051827
0.914897 7.745518 0.051783
-3.452785 6.171843 0.047036
-3.408926 6.345733 0.046089
-3.298480 6.694492 0.044873
-3.057235 7.494791 0.047439
-3.298273 7.274892 0.043905
-3.347472 7.086042 0.049364
-3.104664 7.324428 0.046511
-2.953652 7.199125 0.049169
-2.837307 7.714435 0.046858
-2.868367 7.539302 0.048328
-2.179094 6.624419 0.039883
-1.213745 7.077955 0.049550
-1.198331 6.850268 0.050582
-0.160022 6.733552 0.050326
-0.310237 6.846913 0.050914
-1.885154 8.195151 0.050703
-2.051050 8.105796 0.051016
-1.704211 7.393688 0.053474
-1.670134 7.167025 0.049166
-1.374407 7.192881 0.051543
-1.509831 7.074930 0.050540
3.281345 -2.599052 0.046221
2.981099 -2.757860 0.045280
3.083219 -2.605528 0.048413
3.992491 -6.555548 0.044166
4.027900 -6.376226 0.045347
4.258724 -0.891453 0.040570
3.577348 -1.035677 0.047745
3.863637 -0.859075 0.048439
3.673141 -0.865018 0.048079
2.983507 -0.983304 0.045553
3.088302 -1.134545 0.046278
3.385400 -1.021173 0.049878
3.289268 -1.160791 0.043120
4.254988 -1.733811 0.040541
3.287400 -2.277509 0.045411
3.090154 -1.998447 0.046084
2.983937 -2.151529 0.045767
3.086057 -2.297318 0.047356
3.570457 -1.727713 0.048333
3.385774 -1.770749 0.050262
3.672227 -1.898322 0.048577
3.582671 -2.074630 0.048382
3.388122 -2.098044 0.049792
3.292996 -1.964771 0.042850
3.954981 -2.469276 0.042967
4.257618 -2.702391 0.040709
4.154973 -2.530840 0.045485
3.961581 -1.977463 0.041478
3.964584 -2.163903 0.040355
4.160066 -2.171757 0.040616
4.262711 -2.000053 0.038065
4.157064 -1.898935 0.044454
4.256311 -3.267627 0.043039
3.655913 -3.252719 0.047360
3.850276 -3.254318 0.048869
-4.261010 -4.019420 0.048077
-4.165015 -4.173210 0.053120
-3.974833 -4.159261 0.050385
-3.873893 -3.974835 0.052347
-3.965056 -3.793639 0.052932
-4.161991 -3.824276 0.053925
-4.261616 -3.497877 0.042472
-4.261616 -3.692445 0.044225
-4.164541 -3.383153 0.055243
-3.975851 -3.422707 0.051460
-3.884388 -3.234179 0.050532
-3.083836 -2.499183 0.050281
-2.981857 -2.334036 0.049572
-3.285458 -2.503756 0.049492
-3.384125 -2.339092 0.050762
-3.378787 -3.634095 0.044777
-3.289501 -3.475402 0.050115
-3.398292 -3.327533 0.048928
-3.598844 -3.362833 0.046589
-3.688704 -3.566035 0.053629
-3.577437 -3.689427 0.044702
-3.408906 -6.345711 0.046090
-4.010507 -5.999936 0.050248
-3.536258 -6.490625 0.045058
-2.829824 -5.968882 0.044662
-2.975664 -5.592747 0.050014
-2.389220 -6.416633 0.042851
-3.212098 -6.388714 0.049787
-2.890495 -6.302420 0.044871
-3.073173 -6.253231 0.046149
-3.298264 -7.274901 0.043906
-3.527854 -7.028592 0.047311
-3.347462 -7.086049 0.049365
-3.196658 -6.989865 0.045273
-3.581241 -6.841579 0.049649
-3.468050 -6.685315 0.048595
-2.868352 -7.539312 0.048329
-3.057223 -7.494801 0.047440
-3.104652 -7.324438 0.046512
-2.707018 -7.408959 0.049416
-2.593385 -6.753776 0.049686
-2.659358 -6.558696 0.046908
-2.832655 -6.502177 0.048721
-4.266360 -5.062186 0.049907
-3.884580 -5.036027 0.048303
-4.171278 -4.880963 0.050442
-3.980269 -4.871142 0.051319
-3.979268 -4.518578 0.050873
-3.884254 -4.691668 0.049384
-3.884168 -4.338754 0.050373
-3.580325 -2.001536 0.049812
-3.873745 -1.826697 0.050145
-3.678504 -1.829772 0.050719
-2.407076 -8.143165 0.044501
-4.167952 -0.952832 0.052096
-4.263927 -1.134219 0.049258
-4.166664 -1.303196 0.051101
-3.973084 -1.304167 0.050879
-3.680238 -1.487204 0.050779
-3.580991 -1.660835 0.049813
-3.383278 -1.665617 0.050621
-3.979393 -0.591099 0.053174
-3.885285 -0.432112 0.047330
-3.690922 -0.466230 0.050128
-3.286876 -0.505080 0.050778
-3.083440 -0.533450 0.050657
-2.983710 -0.711382 0.047407
-3.086147 -0.855731 0.050707
-4.263856 1.471677 0.050026
-4.167794 1.298758 0.050666
-3.589627 0.650563 0.049707
-3.688785 0.474661 0.049718
-3.980084 0.597897 0.052679
-3.884315 0.441832 0.047446
4.258661 2.426990 0.039125
4.262671 1.991783 0.038385
4.262671 2.163716 0.037410
4.160697 2.250825 0.042706
3.851664 2.935703 0.049132
3.951760 2.785915 0.045162
3.663918 2.593569 0.048358
3.856423 2.609403 0.049671
4.256982 0.874174 0.041293
4.259080 0.134288 0.040796
3.962554 0.664966 0.047281
4.261240 0.422306 0.037931
4.159685 0.303469 0.051741
4.261240 0.590218 0.037171
4.157588 0.697646 0.051925
4.257540 1.447058 0.041480
3.286115 2.278292 0.047057
3.085893 1.979801 0.048102
2.983228 2.139560 0.045241
3.084912 2.287575 0.048533
2.983300 1.840865 0.044600
3.949259 1.003095 0.047631
3.859390 0.838145 0.050395
3.861829 1.524394 0.049916
3.672876 1.570706 0.049615
3.579037 1.433499 0.043471
3.954605 1.336336 0.045350
3.855142 1.182004 0.050724
3.668527 1.232855 0.049509
2.982499 0.501533 0.042064
2.976685 0.786404 0.038820
3.078549 0.680854 0.046935
-3.582447 2.343575 0.049639
-3.971336 2.343799 0.050537
-3.681980 2.517671 0.051251
-3.875909 2.519502 0.050227
-3.384623 2.340626 0.050751
-2.981959 2.336291 0.049546
-3.289644 2.835687 0.049300
-3.388345 2.675512 0.050856
-3.285837 2.505313 0.049467
-3.085812 2.827245 0.049974
-2.982710 2.662841 0.049632
-3.084034 2.501085 0.050262
-3.689333 4.697370 0.051361
-4.261547 3.495651 0.042529
-4.261547 3.690725 0.044453
-4.161956 3.823688 0.053892
-3.965015 3.793835 0.052896
-3.873946 3.975011 0.052341
-3.974942 4.159296 0.050376
-4.261044 4.018352 0.048183
-4.165099 4.172785 0.053082
-3.075918 3.788686 0.048386
-2.978151 3.954254 0.048059
-3.081463 4.112887 0.047329
-3.269288 3.786917 0.047439
-3.287418 4.098109 0.049961
-3.377476 3.937708 0.044791
-4.263213 2.839455 0.047672
-3.975972 3.053179 0.051157
-3.884794 3.234293 0.050527
-4.263691 3.172206 0.044460
-4.166269 3.031884 0.053444
-4.164604 3.382045 0.055208
-3.976003 3.422836 0.051462
-2.981694 2.008360 0.049445
-3.083018 2.172045 0.050337
-3.383296 2.004517 0.050621
-3.283879 2.172151 0.049579
-3.080146 5.742402 0.049429
-3.386735 5.850120 0.048121
-3.275128 5.704059 0.047039
-3.008962 5.926868 0.047745
-3.318493 6.032614 0.047466
-3.135702 6.071019 0.048089
4.255826 5.621920 0.042498
4.153209 5.750068 0.046304
4.150931 5.462505 0.046229
3.949033 5.735763 0.044939
3.845831 5.576436 0.048185
3.945113 5.431326 0.044520
3.380390 6.295354 0.045869
3.512647 6.448937 0.047119
3.475125 6.631563 0.045093
3.297737 6.668692 0.048660
3.587790 6.960168 0.044538
3.209158 7.201282 0.044948
3.384234 7.164361 0.044352
3.410877 6.989577 0.046732
3.262461 6.849454 0.044490
3.053376 7.069116 0.045795
3.080036 6.892073 0.047183
2.658110 6.537756 0.045524
2.385723 6.417058 0.042023
2.547607 6.389039 0.049676
2.322323 6.619189 0.047997
2.590720 6.737330 0.049293
2.416818 6.790744 0.044723
4.257460 4.381278 0.039345
4.154095 4.283240 0.044672
4.158208 4.553726 0.041602
3.952771 4.348736 0.042414
3.960062 4.645894 0.039988
3.857991 4.538943 0.048961
3.082498 2.600293 0.049191
3.280163 2.602772 0.047092
3.853359 4.220862 0.049203
3.655105 3.917961 0.047503
3.850007 3.900264 0.048935
3.950374 4.041926 0.044579
3.365492 3.764192 0.047575
3.557041 3.756505 0.047998
3.652372 3.588274 0.047512
3.555715 3.426518 0.047902
3.658863 4.249129 0.047760
3.560977 4.087891 0.047831
2.978688 3.830506 0.042332
2.980431 4.760964 0.045773
2.979562 5.074431 0.045130
3.079358 4.923042 0.049278
2.853071 7.292054 0.042833
2.785238 7.613378 0.043098
2.621114 7.467694 0.047305
2.662047 7.311426 0.042776
2.972033 7.580805 0.042856
2.998935 7.415748 0.046693
0.731619 6.733797 0.050174
1.058702 7.412304 0.050916
1.367151 7.413995 0.050738
1.219542 7.524150 0.052289
1.857026 8.196943 0.050723
1.385472 8.076326 0.052065
1.383069 7.854463 0.051038
1.543808 8.186923 0.053080
1.692893 8.083549 0.048624
1.542815 7.740497 0.053260
1.694303 7.858986 0.052653
3.275814 4.925016 0.048121
3.661716 4.914921 0.048396
1.910017 7.608090 0.049180
1.832744 7.434496 0.045431
2.099487 7.576780 0.043707
-3.212107 6.388733 0.049784
-3.169875 6.542808 0.039649
-3.073174 6.253249 0.046150
-2.973107 6.607076 0.046451
-3.185582 6.829846 0.042253
-3.196671 6.989855 0.045273
-2.996459 7.053401 0.038393
-2.866895 6.903955 0.044421
-2.981077 6.772057 0.041885
-2.618217 7.930918 0.046195
-2.644503 7.760274 0.049579
-2.424065 7.979215 0.048849
-2.486056 7.633388 0.047568
-2.517530 7.457196 0.047214
-2.744892 7.239135 0.047141
-2.707036 7.408949 0.049415
-1.806917 7.046073 0.046367
-2.082809 6.796678 0.043457
-1.918590 6.728215 0.046113
-1.783138 6.837951 0.050788
-2.829824 5.968884 0.044662
-1.336429 6.736344 0.049611
-1.623792 6.730053 0.047553
-1.487267 6.846080 0.049009
0.137557 6.733524 0.050354
-0.011637 6.846759 0.050934
-0.313835 7.072757 0.050576
-2.062663 7.921103 0.046617
-2.252620 7.862324 0.047349
-2.288325 7.687140 0.051076
-1.901023 7.786857 0.053114
-1.725481 8.082277 0.049964
-1.729736 7.858677 0.052771
-1.395939 7.415421 0.050659
-1.565439 7.524133 0.053211
-1.575981 7.742410 0.053554
4.261399 -4.642500 0.038136
4.261399 -4.813644 0.038290
4.256429 -5.076505 0.040043
4.157193 -4.906346 0.042857
3.950888 -4.345367 0.042518
3.848320 -3.576131 0.048745
3.947316 -3.727435 0.045534
3.080720 -2.920333 0.048853
-2.983932 -4.274805 0.049827
4.255886 -5.621659 0.042416
4.153306 -5.749204 0.046344
4.258056 -5.903481 0.042577
4.160489 -6.044396 0.046475
3.076373 -5.577096 0.051187
4.256383 -1.177970 0.041989
4.151463 -1.325992 0.049176
4.154472 -1.023411 0.050466
3.955959 -1.019317 0.046545
3.667724 -1.205264 0.047470
3.568984 -1.380228 0.048789
3.949433 -1.346964 0.045792
3.855839 -1.194846 0.049351
3.851252 -1.527411 0.049653
3.658918 -1.550258 0.048511
3.579511 -0.699506 0.047582
3.676301 -0.530365 0.048181
3.581225 -0.368472 0.047231
3.677604 -0.196909 0.048764
4.260926 -0.609776 0.037318
4.260926 -0.442242 0.037853
4.258960 -0.156828 0.040684
4.157405 -0.012672 0.051637
3.961642 -0.016420 0.047842
3.867580 -0.188322 0.047774
3.963635 -0.354397 0.047924
4.159251 -0.326650 0.051028
4.257990 -2.262676 0.038978
4.257990 -2.431733 0.039110
3.950064 -3.098268 0.045603
4.153796 -2.818751 0.047516
4.256813 -2.982535 0.042236
4.152489 -3.114090 0.048266
3.664152 -2.584554 0.048019
3.856342 -2.604285 0.049683
3.952512 -2.782208 0.044939
3.853105 -2.930171 0.049070
-4.263560 -3.174305 0.044637
-3.283456 -2.170109 0.049613
-3.283206 -1.835450 0.049651
-3.382740 -2.002432 0.050658
-3.082699 -1.839047 0.050428
-2.981587 -2.005546 0.049480
-3.082809 -2.169626 0.050375
-3.686121 -4.007181 0.053353
-3.576346 -3.882268 0.044703
-4.268095 -5.418543 0.049756
-4.172559 -5.596299 0.051368
-3.983008 -5.565650 0.052522
-4.173821 -5.236268 0.050094
-3.887774 -5.371557 0.046091
-3.983049 -5.219930 0.052139
-3.452763 -6.171808 0.047037
-3.645909 -6.123614 0.047947
-3.774666 -6.261568 0.046429
-3.708871 -6.454677 0.048432
-4.053955 -6.366702 0.049892
-3.948118 -6.211599 0.044970
-3.762492 -6.799981 0.045580
-3.993546 -6.569763 0.044180
-3.821915 -6.607768 0.048531
-2.147305 -7.565931 0.044776
-2.517508 -7.457206 0.047215
-1.865637 -7.439679 0.045978
-1.949955 -7.606866 0.048202
-1.575933 -7.742411 0.053556
-1.565391 -7.524134 0.053214
-1.704169 -7.393690 0.053477
-3.298465 -6.694494 0.044874
-3.185568 -6.829858 0.042253
-3.169864 -6.542808 0.039651
-2.981064 -6.772069 0.041885
-2.973100 -6.607081 0.046453
-2.996445 -7.053414 0.038392
-2.953637 -7.199134 0.049170
-2.866881 -6.903964 0.044421
-2.695069 -6.912491 0.049557
-2.615868 -7.101951 0.043949
-2.744873 -7.239145 0.047142
-3.689207 -4.697251 0.051364
-4.262886 -2.162683 0.049636
-4.165130 -2.338661 0.051066
-4.165300 -1.994282 0.050738
-3.970503 -1.997838 0.050459
-1.572439 -8.187445 0.052612
-1.885123 -8.195152 0.050705
-1.725441 -8.082279 0.049966
-2.051024 -8.105799 0.051017
-2.062636 -7.921109 0.046618
-1.900988 -7.786861 0.053115
-1.729695 -7.858679 0.052773
-2.618206 -7.930926 0.046195
-2.644488 -7.760284 0.049580
-2.424050 -7.979223 0.048850
-2.486035 -7.633398 0.047569
-2.252597 -7.862332 0.047350
-2.288300 -7.687150 0.051077
2.785508 -7.613111 0.043116
3.821828 -6.577907 0.045848
3.685871 -6.420559 0.044904
3.384566 -7.164020 0.044361
3.411282 -6.989152 0.046746
1.232095 -8.189718 0.052070
2.386241 -8.157514 0.041278
2.204150 -8.217726 0.045298
2.018334 -8.114326 0.048017
1.385662 -8.076317 0.052070
1.694536 -7.858929 0.052657
1.026826 -6.734005 0.049937
1.177673 -6.849742 0.050637
1.318662 -6.736054 0.050027
0.450507 -7.855778 0.051819
-0.323481 -7.744497 0.051589
-1.415128 -7.855363 0.051331
-1.257982 -7.746724 0.052536
-1.260542 -8.189670 0.051934
-1.415888 -8.076797 0.052320
-1.103493 -8.078748 0.051885
-1.101694 -7.857236 0.051858
-3.284413 -1.500910 0.049641
-3.084713 -1.180866 0.050598
-2.982277 -1.351034 0.049018
-3.083389 -1.509013 0.050500
-3.583549 -1.320483 0.049718
-3.286850 -1.167342 0.049642
-3.385437 -1.329407 0.050613
-4.165880 1.991653 0.050632
-4.263394 1.816495 0.049973
-4.166614 1.646150 0.050526
4.158964 1.891744 0.043530
4.256928 1.724414 0.040276
4.153833 1.609805 0.047233
3.955892 1.662317 0.043159
3.864557 2.280871 0.050362
3.966065 2.162373 0.040478
3.674401 2.253897 0.049526
3.864355 1.860406 0.049419
3.964332 1.975225 0.040952
3.680838 0.471928 0.049482
3.872027 0.493571 0.049020
3.965505 0.324307 0.048027
3.869136 0.151378 0.047847
2.976685 0.965140 0.038435
3.073671 1.070033 0.046698
3.671438 0.806651 0.050354
3.583412 0.611830 0.044414
3.386977 0.578011 0.046322
3.280277 0.724445 0.047969
-3.688579 0.808803 0.050649
-3.977653 0.953760 0.051442
-3.883506 0.788967 0.048906
-3.588130 4.872545 0.048687
-3.386751 4.888356 0.049529
-3.382619 5.212423 0.048650
-3.283406 5.060791 0.049489
-4.173885 5.236114 0.050083
-4.266396 5.061906 0.049914
-4.265596 4.709665 0.049654
-4.171356 4.880727 0.050424
-3.980392 4.871068 0.051318
-3.884385 4.691657 0.049378
-4.169651 4.526872 0.051243
-3.979404 4.518523 0.050870
-3.083485 1.512784 0.050402
-2.981834 1.680763 0.049273
-3.082893 1.842104 0.050363
-3.283635 1.838156 0.049608
-3.284704 1.504459 0.049592
-3.383794 1.668490 0.050542
3.079146 6.215353 0.044819
3.203304 6.345347 0.050320
2.902580 6.283140 0.046510
3.158173 6.536059 0.044273
2.838508 6.476807 0.047210
2.969944 6.599732 0.049810
3.559013 3.095940 0.047976
3.373838 2.765074 0.048090
3.565416 2.762854 0.047551
3.657825 2.928476 0.047703
3.274968 4.266505 0.047585
3.079495 4.281249 0.049289
2.979633 4.137308 0.044434
3.369230 4.096847 0.047754
3.271809 3.934603 0.047821
3.077686 3.960320 0.049360
3.362565 3.431375 0.047835
3.267674 3.600818 0.048093
3.074992 3.641416 0.049203
2.976940 3.533128 0.038828
2.976940 3.352547 0.039431
1.026700 6.734002 0.049937
0.882535 6.847482 0.050707
0.890770 7.073773 0.050315
1.047035 7.187625 0.051630
3.649825 5.248312 0.047346
3.558766 5.084724 0.047764
3.368256 5.088698 0.047917
3.550913 5.417351 0.048225
3.268881 5.260547 0.048175
3.360478 5.425611 0.047302
3.569684 4.751344 0.048346
3.665238 4.581821 0.048292
3.565523 4.419882 0.047640
3.373374 4.428301 0.048130
3.277697 4.596362 0.047911
3.374292 4.757465 0.047796
2.307372 7.332290 0.045381
2.148810 7.377488 0.049408
2.122206 6.976374 0.048685
1.991591 7.279069 0.045418
1.973417 7.111615 0.052080
2.388661 7.136232 0.054209
2.317802 6.978864 0.047981
1.644758 7.162941 0.048709
1.784892 7.040310 0.046635
1.609064 6.729023 0.047968
1.767463 6.834602 0.050659
-2.615887 7.101942 0.043949
-2.695083 6.912484 0.049556
-2.138191 6.978707 0.049243
-2.326588 6.980830 0.047170
-2.422561 7.132230 0.052802
-2.362059 7.317671 0.049155
-1.997751 7.118366 0.052476
-2.890493 6.302423 0.044870
-2.773882 6.162209 0.049718
-2.832657 6.502176 0.048721
0.751938 7.410307 0.051051
0.744706 7.186036 0.051511
-0.614910 7.073382 0.050444
-0.467483 7.185602 0.051496
-0.472797 7.409922 0.051093
-0.629330 7.521925 0.051947
-0.012413 7.072509 0.050624
-0.164396 7.185146 0.051457
-0.948192 8.189396 0.051931
-2.147335 7.565922 0.044775
-2.022432 7.285305 0.045509
-2.189596 7.372645 0.048918
-1.865674 7.439675 0.045976
-1.949990 7.606860 0.048200
-1.572485 8.187444 0.052609
4.151633 -5.179523 0.045253
4.255840 -5.345757 0.041405
4.151090 -5.461500 0.046256
3.945421 -5.429440 0.044547
3.958973 -4.825357 0.040772
3.959441 -4.643535 0.040208
3.856663 -4.535429 0.049173
3.851019 -4.216600 0.049414
3.656434 -4.243822 0.047763
3.948420 -4.038516 0.044693
3.848301 -3.896450 0.048927
3.273953 -4.260079 0.047876
2.979174 -4.149223 0.042613
3.079200 -4.282400 0.049886
2.980256 -3.065597 0.044439
3.273467 -3.255669 0.047487
2.979201 -3.371260 0.042617
3.078822 -3.238363 0.049340
-2.978145 -3.953448 0.048077
-3.081442 -4.112179 0.047342
-3.075892 -3.787862 0.048392
-3.269268 -3.786191 0.047460
-3.377458 -3.937086 0.044804
-3.287379 -4.097490 0.049976
3.964743 -6.044967 0.044577
3.727476 -6.237059 0.046431
3.898842 -6.215085 0.044849
3.130818 -6.004908 0.049537
2.980755 -4.765508 0.045301
2.980661 -4.455902 0.044651
3.080781 -4.602838 0.049476
2.983073 -0.683804 0.045511
3.085946 -0.834669 0.047288
3.286872 -0.846294 0.045249
3.385190 -0.695285 0.049045
3.582083 -0.038312 0.046547
3.387946 0.266572 0.047555
3.584733 0.289359 0.045907
3.679553 0.138073 0.049191
3.287787 0.102588 0.046569
3.387104 -0.051009 0.048367
3.375469 -2.756472 0.048587
3.567054 -2.752543 0.047699
3.659837 -2.920236 0.047625
3.562433 -3.086735 0.047836
3.371145 -3.087991 0.048002
3.276963 -2.925422 0.046937
-3.975551 -3.053311 0.051114
-4.166033 -3.032991 0.053421
-3.879488 -2.872474 0.050229
-3.972215 -2.695001 0.050718
-4.263108 -2.841471 0.047725
-4.165353 -2.684317 0.051868
-3.575819 -5.820273 0.046190
-3.700737 -5.954584 0.044431
-3.672951 -5.657644 0.043993
-3.875784 -5.692916 0.044225
-3.891884 -5.880875 0.044363
-3.275082 -5.703976 0.047044
-3.386704 -5.850057 0.048121
-3.080118 -5.742344 0.049432
-3.008958 -5.926844 0.047744
-3.135695 -6.070981 0.048092
-3.318477 -6.032562 0.047467
-2.022399 -7.285311 0.045510
-1.997720 -7.118370 0.052478
-2.362033 -7.317681 0.049156
-2.189567 -7.372654 0.048919
-2.422539 -7.132239 0.052803
-2.418212 -6.791836 0.044156
-2.326105 -6.617452 0.048146
-2.326567 -6.980839 0.047171
-2.138166 -6.978714 0.049244
-1.249281 -7.525059 0.052540
-1.395884 -7.415421 0.050661
-1.806883 -7.046073 0.046369
-1.670093 -7.167026 0.049168
-0.321209 -7.521427 0.051823
-0.472702 -7.409923 0.051096
-0.166450 -7.409497 0.051104
-0.164289 -7.185148 0.051459
-0.629240 -7.521926 0.051950
-0.944562 -7.745732 0.051903
-3.592154 -4.540893 0.047983
-3.692101 -4.355485 0.052281
-3.594994 -4.208338 0.046279
-3.395140 -4.243828 0.048581
-3.687364 -5.031696 0.050311
-3.588006 -4.872394 0.048698
-3.085986 -4.430030 0.048975
-2.982689 -4.596670 0.049881
-3.291257 -4.413743 0.048902
-3.391165 -4.563660 0.049649
-3.970699 -2.344582 0.050505
-3.875311 -2.519764 0.050265
-3.681354 -2.517220 0.051233
-3.581805 -2.342663 0.049673
-3.678721 -2.172784 0.050843
-3.873658 -2.172160 0.050220
2.972276 -7.580555 0.042869
2.771311 -7.770576 0.044278
3.588150 -6.959798 0.044543
3.790725 -6.757070 0.044451
3.617194 -6.782449 0.046178
3.513238 -6.448253 0.047142
3.475663 -6.630979 0.045101
3.381048 -6.294628 0.045876
0.607953 -8.189245 0.051941
0.296766 -8.189227 0.051891
0.451752 -8.078155 0.051719
0.762665 -8.078330 0.051709
0.919581 -8.189402 0.051999
1.074083 -8.078803 0.051687
1.071569 -7.857168 0.051745
1.857185 -8.196918 0.050728
1.543983 -8.186916 0.053082
1.693088 -8.083516 0.048634
2.020286 -7.933567 0.046573
1.860586 -7.791572 0.051123
2.384599 -8.007615 0.046224
2.577083 -7.967475 0.042634
2.583133 -7.807213 0.047801
2.420447 -7.673976 0.044579
2.234258 -7.713691 0.051138
2.204460 -7.887067 0.045285
1.674693 -7.389621 0.053497
1.534589 -7.522065 0.052828
1.543051 -7.740462 0.053268
1.227199 -7.746216 0.052398
1.383281 -7.854450 0.051041
0.909849 -7.522726 0.052122
0.604718 -7.744620 0.051646
0.915076 -7.745518 0.051787
0.760674 -7.856082 0.051830
0.890929 -7.073778 0.050318
0.882674 -6.847486 0.050711
1.349105 -7.191588 0.051501
1.058891 -7.412307 0.050920
1.047213 -7.187630 0.051634
1.189805 -7.077074 0.049678
1.367370 -7.413984 0.050743
1.219749 -7.524148 0.052294
2.444588 -7.491590 0.046453
2.621471 -7.467363 0.047317
2.728737 -6.851172 0.050352
1.767644 -6.834590 0.050667
1.785146 -7.040280 0.046639
1.468317 -6.844759 0.048861
1.609184 -6.729022 0.047962
1.486628 -7.072960 0.050731
1.644997 -7.162912 0.048714
0.295150 -7.744416 0.051559
-0.013709 -7.521218 0.051774
-0.325235 -8.189233 0.051880
-0.948117 -8.189396 0.051933
-3.591304 -0.643900 0.049711
-3.390779 -0.662810 0.049902
-3.289779 -0.835529 0.049795
-3.388840 -0.994742 0.050501
-3.971401 1.996885 0.050490
-3.581091 2.002874 0.049764
-3.679498 2.173457 0.050847
-3.874457 2.171849 0.050165
3.579896 1.760733 0.045295
3.677312 1.912511 0.050063
3.387169 1.791255 0.048059
3.583123 2.093510 0.047019
3.387014 2.110921 0.048243
3.288477 1.960444 0.046848
3.085119 1.675258 0.047842
3.286404 1.645004 0.046332
3.385292 1.477276 0.046016
3.280993 1.335398 0.047645
3.564901 1.118060 0.042254
3.565075 0.927766 0.042380
3.370350 0.879380 0.043529
3.371112 1.176826 0.042860
3.265609 1.030495 0.046018
-3.974573 1.303943 0.050852
-3.879625 1.136024 0.049583
-3.687256 5.355128 0.048772
-3.585327 5.199214 0.048908
-3.687493 5.031771 0.050311
-3.884703 5.036007 0.048298
-3.887876 5.371552 0.046090
-3.983156 5.219874 0.052140
2.980813 2.747804 0.044474
3.268851 3.266351 0.048220
3.075907 3.236522 0.049788
3.367906 3.097583 0.047609
3.275140 2.932339 0.047570
3.079781 2.917549 0.049543
2.979602 3.052964 0.042811
1.468157 6.844761 0.048855
1.318537 6.736055 0.050030
1.177526 6.849740 0.050634
1.189626 7.077072 0.049675
1.348903 7.191596 0.051497
1.486422 7.072970 0.050728
2.177237 6.627299 0.039634
2.076136 6.796364 0.044360
1.909918 6.725896 0.046539
-2.659364 6.558692 0.046907
-2.326115 6.617445 0.048145
-2.593396 6.753769 0.049685
-2.418227 6.791827 0.044155
-2.603987 6.199202 0.044110
-2.389224 6.416628 0.042851
-2.547304 6.395932 0.047706
0.590233 7.073020 0.050495
0.585381 6.847072 0.050858
0.434999 6.733592 0.050301
0.287096 6.846799 0.050916
-0.325338 8.189232 0.051878
-0.014343 8.189214 0.051872
-0.169721 8.078129 0.051724
0.604561 7.744619 0.051643
0.601218 7.521639 0.051873
-0.321314 7.521426 0.051820
-0.014224 7.744363 0.051540
-0.166560 7.409496 0.051102
-0.013829 7.521217 0.051772
-0.323586 7.744497 0.051587
-0.169228 7.855713 0.051830
-1.072771 7.188421 0.051696
-0.779522 7.410736 0.051060
-0.915242 7.074357 0.050225
-0.770416 7.186512 0.051562
-0.944638 7.745731 0.051900
-1.249342 7.525058 0.052538
-1.086836 7.412984 0.050895
-0.938413 7.523144 0.052247
-0.789956 7.856179 0.051891
-0.479279 7.855848 0.051848
-0.633539 7.744781 0.051710
-0.480538 8.078167 0.051770
-0.636553 8.189252 0.051910
-0.791711 8.078331 0.051814
-1.260602 8.189670 0.051932
-1.415942 8.076796 0.052318
-1.103561 8.078748 0.051883
-1.415183 7.855362 0.051329
-1.258044 7.746723 0.052534
-1.101762 7.857236 0.051856
3.372731 -4.423404 0.048148
3.564024 -4.414964 0.047795
3.664384 -4.577805 0.048359
3.278098 -4.592662 0.048076
3.075535 -3.962441 0.049662
3.075562 -3.557173 0.049577
-0.159927 -6.733552 0.050328
-0.012302 -7.072511 0.050626
0.287213 -6.846801 0.050919
-0.011532 -6.846760 0.050937
0.137664 -6.733525 0.050356
0.435115 -6.733593 0.050302
0.731742 -6.733799 0.050175
0.585510 -6.847074 0.050861
3.267118 -5.601189 0.048730
3.551551 -5.415501 0.048259
3.361288 -5.424136 0.047343
3.080027 -4.923768 0.049593
3.269816 -5.259107 0.048202
3.385865 -0.372162 0.048615
3.286620 -0.529834 0.046054
3.287266 -0.213296 0.046387
3.085583 -0.224165 0.047907
2.982992 -0.383173 0.045282
3.085430 -0.529977 0.047736
-1.783110 -6.837951 0.050790
-1.623762 -6.730054 0.047555
-0.904458 -6.847866 0.050701
-0.752826 -6.733941 0.050012
-1.487227 -6.846080 0.049010
-1.213688 -7.077956 0.049552
-1.374354 -7.192881 0.051545
-1.509785 -7.074930 0.050542
-1.086768 -7.412985 0.050898
-0.938337 -7.523145 0.052249
-0.779440 -7.410738 0.051063
-1.072705 -7.188422 0.051698
-0.915172 -7.074358 0.050227
-0.770338 -7.186513 0.051564
-0.479182 -7.855848 0.051851
-0.633449 -7.744781 0.051712
-0.789873 -7.856179 0.051893
-0.480441 -8.078167 0.051772
-0.636464 -8.189252 0.051912
-0.791629 -8.078331 0.051816
-3.370791 -5.530440 0.046975
-3.579545 -5.513891 0.048951
-3.687143 -5.355070 0.048772
-3.585203 -5.199113 0.048916
-3.083654 -4.752449 0.049184
-2.981600 -4.923367 0.050131
-3.386647 -4.888101 0.049534
-3.286859 -4.735726 0.049258
3.184059 -7.373888 0.042709
3.209529 -7.200905 0.044957
2.999259 -7.415421 0.046705
3.053816 -7.068664 0.045806
1.910307 -7.607948 0.049186
1.833036 -7.434397 0.045436
2.099805 -7.576566 0.043714
0.590375 -7.073023 0.050498
0.744863 -7.186040 0.051515
0.601375 -7.521641 0.051876
0.752103 -7.410310 0.051054
2.834270 -5.961187 0.043418
2.978972 -5.694334 0.039880
3.007025 -5.886055 0.045050
2.177369 -6.627207 0.039654
1.910028 -6.725885 0.046525
2.076345 -6.796275 0.044370
3.080520 -6.891564 0.047198
3.262948 -6.848937 0.044500
3.298285 -6.668113 0.048677
2.927597 -6.774464 0.043380
2.318187 -6.978576 0.047988
2.389070 -7.135902 0.054222
2.122536 -6.976206 0.048692
1.973722 -7.111507 0.052077
1.991916 -7.278915 0.045423
2.307753 -7.331996 0.045392
2.149159 -7.377257 0.049410
2.710409 -7.017485 0.042783
2.566892 -7.139169 0.041902
2.662458 -7.311036 0.042788
2.853478 -7.291650 0.042841
2.882566 -7.117877 0.043548
2.781425 -6.147920 0.049151
2.606682 -6.193010 0.043544
2.417229 -6.790424 0.044733
2.591190 -6.736921 0.049303
2.322603 -6.618986 0.048031
2.658601 -6.537333 0.045530
2.385915 -6.416904 0.042045
2.547952 -6.388754 0.049702
-0.014225 -8.189214 0.051874
0.141050 -8.078124 0.051711
-0.169610 -8.078129 0.051727
-0.169115 -7.855713 0.051833
-0.014103 -7.744363 0.051542
0.140678 -7.855689 0.051823
-3.689342 -0.802839 0.051041
-3.976092 -0.951882 0.051601
-3.883068 -0.784157 0.048921
-3.878487 -1.134240 0.049697
-3.683998 -1.144639 0.050966
-3.587877 -0.980963 0.049559
-3.581798 1.662889 0.049752
-3.679433 1.830911 0.050697
-3.874784 1.826529 0.050064
-3.681169 1.489220 0.050699
-3.972484 1.650953 0.050580
-3.876504 1.481665 0.049905
2.982453 1.545981 0.043299
2.977621 1.254816 0.040851
3.079439 1.373850 0.046669
-3.587598 0.985765 0.049539
-3.684497 1.148193 0.050768
-3.388266 0.999735 0.050285
-3.584110 1.323666 0.049659
-3.286705 1.171801 0.049595
-3.385649 1.333305 0.050468
0.441800 7.185320 0.051465
0.139479 7.409413 0.051099
0.138731 7.185055 0.051446
0.289046 7.072579 0.050601
0.445553 7.409668 0.051086
0.293547 7.521285 0.051787
0.140923 8.078124 0.051708
0.296634 8.189227 0.051889
0.451609 8.078155 0.051716
0.450361 7.855778 0.051816
0.140549 7.855689 0.051820
0.295012 7.744415 0.051556
3.569694 -4.747971 0.048472
3.374701 -4.754387 0.047837
3.276656 -4.922823 0.048196
3.369044 -5.086632 0.047956
2.976996 -3.669979 0.039182
2.976996 -3.850492 0.039092
3.268307 -3.589672 0.048129
3.366591 -3.421064 0.047629
3.557749 -3.419370 0.048076
3.652323 -3.583151 0.047503
3.268274 -3.924921 0.048261
3.557854 -4.081565 0.048109
3.366666 -4.089382 0.047718
3.362480 -3.755110 0.047923
3.652321 -3.912277 0.047668
3.555339 -3.750283 0.047971
-0.608029 -6.847303 0.050853
-0.310145 -6.846913 0.050916
-0.457000 -6.733679 0.050214
-0.313738 -7.072758 0.050578
-0.467391 -7.185603 0.051499
-0.614827 -7.073383 0.050446
3.648330 -5.574550 0.047171
3.846170 -5.574708 0.048225
3.949260 -5.734314 0.044967
3.858263 -5.889162 0.047215
2.978036 -5.389522 0.043027
3.077308 -5.248587 0.050485
2.979907 -5.077057 0.044887
-2.179087 -6.624424 0.039882
-2.082793 -6.796681 0.043457
-1.918575 -6.728215 0.046116
-1.046581 -6.734242 0.049679
-1.198278 -6.850268 0.050584
-1.336385 -6.736344 0.049614
-3.382511 -5.212258 0.048653
-3.283313 -5.060548 0.049501
-3.275697 -5.384764 0.049942
-3.081470 -5.079091 0.049012
-3.075533 -5.408703 0.047334
-2.980505 -5.254740 0.050548
0.139606 -7.409414 0.051102
0.441939 -7.185323 0.051468
0.293684 -7.521287 0.051790
0.445698 -7.409670 0.051089
0.289172 -7.072581 0.050603
0.138853 -7.185057 0.051449
3.158761 -6.535452 0.044284
2.903145 -6.282628 0.046518
2.970501 -6.599177 0.049821
2.839052 -6.476297 0.047220
3.079783 -6.214749 0.044831
3.203949 -6.344694 0.050337
3.854478 -4.941651 0.049782
3.661980 -4.911985 0.048419
3.846439 -5.259831 0.049421
3.947902 -5.125657 0.042956
3.650409 -5.246050 0.047386
3.559374 -5.082210 0.047841
3.558220 -5.744815 0.047515
3.300318 -5.947700 0.048217
3.367270 -5.762819 0.047917
3.665063 -5.899821 0.046815
3.600176 -6.077599 0.046232
3.426382 -6.107475 0.047057
