-4.119824 5.669114 0.038855
2.929015 -0.666001 0.047078
4.114138 1.648781 0.041174
-3.255918 -5.848848 0.047784
-0.701364 -6.211901 0.047083
-0.574395 -6.999939 0.048405
-0.579988 -7.223613 0.048068
-0.287399 -6.999650 0.048496
-0.429489 -6.887591 0.047974
-1.787538 -7.665381 0.050486
-0.715250 -6.887815 0.047938
-0.711442 -6.662988 0.048038
-4.053534 5.823553 0.046156
3.408993 -6.488415 0.045214
3.230691 -6.532277 0.046527
2.835033 -0.828947 0.047857
2.831760 -0.498885 0.047055
4.011593 1.495427 0.050366
3.520373 1.002460 0.047024
-2.931613 -0.000000 0.047502
2.100380 -7.684350 0.045175
2.277631 -7.613287 0.045056
-0.000000 -7.667957 0.049165
-0.590181 -7.668095 0.049253
-0.736507 -7.557547 0.048988
-0.729941 -7.335386 0.049346
-0.147041 -7.557064 0.048811
-0.294853 -7.667996 0.049186
-0.441377 -7.557202 0.048868
-0.437750 -7.334881 0.049147
-0.145881 -7.334656 0.049068
-0.290066 -7.223266 0.048205
-3.182170 -6.715205 0.045455
-4.015435 -5.113382 0.051240
-3.408993 -6.488415 0.045214
-3.230691 -6.532277 0.046527
-3.299532 -5.681092 0.042236
-2.837159 -3.763337 0.048349
-2.641893 -5.636009 0.046179
-2.473653 -5.666435 0.044141
-0.421185 -6.211871 0.047301
-0.564169 -6.324883 0.048083
-0.568067 -6.550415 0.047887
-0.426970 -6.662894 0.048130
-2.100380 -7.684350 0.045175
-1.946210 -7.570842 0.050974
-3.000312 -6.759818 0.047018
-1.423510 -7.003175 0.046606
-1.282572 -6.889539 0.047970
-1.279744 -6.664164 0.047496
-1.423643 -6.547972 0.049665
-1.808347 -6.218370 0.045456
-1.697579 -6.328131 0.051047
-1.184605 -7.668711 0.049439
-0.886523 -7.668341 0.049341
-1.033243 -7.558162 0.049254
-1.485414 -7.669614 0.049393
-1.636720 -7.556107 0.051558
-1.332788 -7.559436 0.049689
-1.611254 -7.335696 0.050924
-1.443808 -7.228249 0.045637
-1.316648 -7.338481 0.050319
-0.995682 -6.663468 0.047918
-1.137172 -6.551584 0.048346
-0.852365 -6.550527 0.048034
-1.128235 -6.325631 0.048664
-0.846185 -6.324973 0.048259
-0.980564 -6.211960 0.046683
-3.805349 0.507155 0.048910
-3.713011 0.680111 0.046073
-4.114884 0.644208 0.040305
-4.007618 0.497763 0.052526
-3.693769 0.367532 0.045321
-3.718600 0.189700 0.043643
-3.493866 0.373904 0.042443
-3.854339 6.034602 0.045083
-3.892797 5.841417 0.045404
2.835447 -2.136017 0.047786
2.835602 -2.461834 0.047813
2.933271 -2.299141 0.047714
3.128215 -1.973947 0.047778
2.835272 -1.809732 0.047767
2.932941 -1.973255 0.047724
3.226448 -2.136925 0.047656
3.128999 -2.299357 0.047828
3.521135 -2.300178 0.047692
3.422437 -2.137550 0.047814
3.718022 -2.299565 0.048039
2.614028 -6.344608 0.045532
3.182170 -6.715205 0.045455
2.489975 -6.198708 0.045957
2.316018 -6.235181 0.045590
2.204312 -6.073184 0.046417
2.541453 -6.012095 0.045598
3.442914 -5.421402 0.041912
3.237020 -5.091232 0.045294
-2.834695 -0.164445 0.047968
-4.114897 1.931846 0.040079
0.886523 7.668341 0.049341
-2.954242 6.940327 0.046000
-1.410642 6.322321 0.048972
-1.257806 6.212559 0.046069
4.115233 1.365677 0.039855
3.814526 0.833742 0.048981
3.717723 1.001595 0.047233
3.814783 1.160233 0.048152
4.117024 1.089300 0.036650
4.014479 1.191435 0.050206
4.114884 0.644208 0.040305
4.117024 0.925451 0.037638
4.014130 0.807231 0.051141
3.713011 0.680111 0.046073
3.528653 0.080658 0.043474
-2.929015 -0.666001 0.047078
-2.831760 -0.498885 0.047055
-3.114842 -0.337523 0.046265
-2.928677 -0.332096 0.048633
-2.835033 -0.828947 0.047857
-2.835243 -1.156076 0.047840
-2.932498 -0.993505 0.047625
-3.841846 -0.109042 0.042302
-3.841846 0.109042 0.042302
-4.114884 -0.644208 0.040305
-4.007618 -0.497763 0.052526
-3.718600 -0.189700 0.043643
-3.225325 -1.811185 0.047754
2.315228 -7.442270 0.049279
2.507288 -7.391106 0.044813
2.547653 -7.212481 0.046681
-1.157950 -7.226039 0.047026
-1.022729 -7.336446 0.049685
-0.869444 -7.224464 0.047725
-1.144173 -7.002171 0.047711
-0.860346 -7.000566 0.048212
-0.999854 -6.888680 0.047850
-3.391050 -5.981339 0.046179
-3.566789 -5.928331 0.043616
-3.686794 -6.069895 0.048159
-3.335209 -6.164341 0.046065
-3.636644 -6.262918 0.044323
-3.460799 -6.304356 0.046449
-4.115332 -4.944845 0.039914
-2.838806 -4.432247 0.049407
-3.252065 -4.487227 0.045068
-4.015950 -4.804124 0.050291
-3.069369 -5.895325 0.044453
-2.714952 -5.975053 0.045815
-2.764546 -5.788480 0.045766
-2.937677 -5.753671 0.045523
-3.101533 -6.394105 0.046003
-3.154244 -6.210227 0.046054
-3.023534 -6.073702 0.047120
-2.842249 -6.118622 0.045165
-3.820749 -5.141800 0.047113
-2.835874 -5.091354 0.049009
-2.690657 -5.448676 0.044829
-3.163904 -5.543857 0.045029
-2.988599 -5.569959 0.045624
-2.937163 -5.243422 0.046089
-2.864232 -5.417435 0.046698
-1.722016 -7.213798 0.044225
-2.277631 -7.613287 0.045056
-2.954242 -6.940327 0.046000
-2.729748 -7.163806 0.046034
-2.771496 -6.984814 0.046805
-1.972886 -6.275683 0.045523
-2.049061 -6.089768 0.041049
-1.257806 -6.212559 0.046069
-1.533779 -6.208650 0.043958
-1.410642 -6.322321 0.048972
-4.110512 0.361873 0.040570
-4.126549 0.084391 0.034645
-4.019283 0.193433 0.050855
-3.686794 6.069895 0.048159
-3.230691 6.532277 0.046527
-3.182170 6.715205 0.045455
-3.000312 6.759818 0.047018
-3.335209 6.164341 0.046065
3.423424 -4.221041 0.041451
3.729695 -4.296163 0.049912
3.554007 -4.327340 0.045509
4.114138 -1.648781 0.041174
3.814502 -2.135996 0.047835
4.014178 -2.103735 0.050042
4.114897 -1.931846 0.040079
4.011257 -1.800375 0.050314
3.519054 -1.975308 0.047744
3.714232 -1.974367 0.047619
3.810268 -1.810635 0.047593
4.011593 -1.495427 0.050366
2.937163 -5.243422 0.046089
3.243110 -5.385040 0.042071
3.140736 -5.237128 0.047817
2.714952 -5.975053 0.045815
2.557994 -6.527311 0.046153
2.792803 -6.301564 0.046646
3.154244 -6.210227 0.046054
3.101533 -6.394105 0.046003
2.921377 -6.440523 0.046319
2.842249 -6.118622 0.045165
3.023534 -6.073702 0.047120
2.729748 -7.163806 0.046034
2.473653 -5.666435 0.044141
2.422807 -5.855947 0.046414
2.259624 -5.880563 0.042977
-0.284008 -6.550314 0.047826
-0.282121 -6.324823 0.048014
-0.140456 -6.211841 0.047394
0.000000 -6.324794 0.047996
3.831232 -4.468441 0.045623
3.476259 -5.605974 0.043036
3.608385 -5.720723 0.050078
2.835874 -5.091354 0.049009
3.718600 0.189700 0.043643
4.007618 0.497763 0.052526
3.805349 0.507155 0.048910
3.693769 0.367532 0.045321
4.007618 -0.497763 0.052526
3.805349 -0.507155 0.048910
3.421704 -1.161135 0.048021
2.834695 -0.164445 0.047968
2.928677 -0.332096 0.048633
3.114842 -0.337523 0.046265
3.216980 -0.169872 0.049082
-3.226448 2.136925 0.047656
-4.011257 1.800375 0.050314
1.184605 7.668711 0.049439
1.033243 7.558162 0.049254
0.421185 6.211871 0.047301
0.564169 6.324883 0.048083
1.128235 6.325631 0.048664
-1.423643 6.547972 0.049665
-1.332788 7.559436 0.049689
-1.533779 6.208650 0.043958
4.011257 1.800375 0.050314
-2.834695 0.164445 0.047968
-3.211466 -0.506919 0.046717
-3.122556 -0.668607 0.048208
-4.110512 -0.361873 0.040570
-4.126549 -0.084391 0.034645
-4.019283 -0.193433 0.050855
-3.528653 0.080658 0.043474
-3.528653 -0.080658 0.043474
-3.127733 -0.000000 0.048622
-3.216980 0.169872 0.049082
-3.398922 0.196072 0.046585
-3.216980 -0.169872 0.049082
-3.398922 -0.196072 0.046585
-3.127459 -1.647538 0.047704
-2.932680 -1.646777 0.047764
-2.835186 -1.482937 0.047778
-2.932651 -1.320072 0.047700
-3.128215 -1.973947 0.047778
-4.011593 -1.495427 0.050366
-3.810698 -1.485540 0.047726
-3.854339 -6.034602 0.045083
-3.476259 -5.605974 0.043036
-3.608385 -5.720723 0.050078
-3.730956 -5.316603 0.049081
-4.117880 -5.224579 0.036530
-4.117880 -5.387322 0.036629
-4.119824 -5.669114 0.038855
-4.053534 -5.823553 0.046156
-3.892797 -5.841417 0.045404
-3.766848 -5.669102 0.045583
-4.019927 -5.500179 0.049714
-3.827687 -5.482303 0.047158
-3.232038 -4.323312 0.042047
-2.932069 -4.922855 0.046868
-2.833973 -4.761903 0.048177
-2.935002 -4.594738 0.048652
-3.131020 -4.612394 0.048486
-4.118396 -4.659114 0.039519
-3.457611 -4.503138 0.038778
-3.817096 -3.452695 0.048160
-4.014848 -3.480998 0.050938
-4.115418 -3.648850 0.039788
-4.011456 -3.790473 0.051995
-3.140736 -5.237128 0.047817
-3.243110 -5.385040 0.042071
-3.442914 -5.421402 0.041912
-3.541093 -5.295813 0.050181
-1.989019 -7.373129 0.048603
-1.889130 -7.236496 0.045070
-1.559503 -6.883465 0.048337
-1.690562 -6.986641 0.043418
-1.562464 -6.653636 0.046397
-1.713263 -6.547466 0.047982
-2.204312 -6.073184 0.046417
-2.541453 -6.012095 0.045598
-2.422807 -5.855947 0.046414
-2.259624 -5.880563 0.042977
-2.489975 -6.198708 0.045957
-2.316018 -6.235181 0.045590
-3.766848 5.669102 0.045583
-3.442914 5.421402 0.041912
-3.408993 6.488415 0.045214
-3.636644 6.262918 0.044323
-3.460799 6.304356 0.046449
-3.154244 6.210227 0.046054
-3.101533 6.394105 0.046003
-2.764546 5.788480 0.045766
-2.714952 5.975053 0.045815
-2.842249 6.118622 0.045165
-3.023534 6.073702 0.047120
-3.566789 5.928331 0.043616
-3.391050 5.981339 0.046179
-3.608385 5.720723 0.050078
-3.476259 5.605974 0.043036
3.457611 -4.503138 0.038778
2.833973 -4.761903 0.048177
2.932069 -4.922855 0.046868
3.129643 -4.929026 0.048331
3.227566 -4.785730 0.045088
2.837159 -3.763337 0.048349
4.114511 -2.930886 0.039948
3.812493 -4.123095 0.049091
3.423396 -2.461962 0.047750
3.520725 -2.625911 0.048126
3.422790 -2.788023 0.047344
3.227248 -2.461765 0.047677
3.405093 -4.058130 0.044879
3.233857 -3.747129 0.045777
3.712254 -1.649153 0.047478
3.714641 -1.324587 0.047360
3.810698 -1.485540 0.047726
3.518912 -1.324624 0.047484
4.117058 -2.207712 0.036584
4.117058 -2.370556 0.037223
4.114321 -2.648961 0.040126
4.011054 -2.791293 0.051058
3.714683 -2.627273 0.047515
3.810776 -2.792139 0.047872
3.814241 -2.462711 0.048189
4.013602 -2.485246 0.050851
4.115233 -1.365677 0.039855
2.764546 -5.788480 0.045766
2.641893 -5.636009 0.046179
2.690657 -5.448676 0.044829
2.864232 -5.417435 0.046698
2.771496 -6.984814 0.046805
2.868677 -6.623308 0.045815
2.954242 -6.940327 0.046000
3.000312 -6.759818 0.047018
2.632958 -6.848050 0.046745
2.684070 -6.667052 0.047137
3.541093 -5.295813 0.050181
3.730956 -5.316603 0.049081
3.437572 -5.113555 0.043051
3.854339 -6.034602 0.045083
3.686794 -6.069895 0.048159
3.566789 -5.928331 0.043616
3.391050 -5.981339 0.046179
3.335209 -6.164341 0.046065
3.636644 -6.262918 0.044323
3.460799 -6.304356 0.046449
2.835186 -1.482937 0.047778
2.932680 -1.646777 0.047764
4.110512 -0.361873 0.040570
3.841846 -0.109042 0.042302
3.841846 0.109042 0.042302
4.126549 -0.084391 0.034645
4.019283 -0.193433 0.050855
3.718600 -0.189700 0.043643
3.693769 -0.367532 0.045321
3.493866 -0.373904 0.042443
3.528653 -0.080658 0.043474
3.398922 -0.196072 0.046585
4.110512 0.361873 0.040570
4.126549 0.084391 0.034645
4.019283 0.193433 0.050855
4.114884 -0.644208 0.040305
3.814783 -1.160233 0.048152
4.117024 -0.925451 0.037638
4.014130 -0.807231 0.051141
4.117024 -1.089300 0.036650
4.014479 -1.191435 0.050206
2.834695 0.164445 0.047968
2.931613 0.000000 0.047502
3.127733 0.000000 0.048622
3.408548 -0.517100 0.049117
3.223804 -0.833284 0.047405
3.122556 -0.668607 0.048208
3.211466 -0.506919 0.046717
3.720308 3.617059 0.047629
4.053534 5.823553 0.046156
3.423424 4.221041 0.041451
-3.128999 2.299357 0.047828
-2.835602 2.461834 0.047813
-2.933271 2.299141 0.047714
-3.422437 2.137550 0.047814
-2.641893 5.636009 0.046179
-3.243110 5.385040 0.042071
-4.114138 1.648781 0.041174
-4.115233 1.365677 0.039855
-4.011593 1.495427 0.050366
0.437750 7.334881 0.049147
0.441377 7.557202 0.048868
0.590181 7.668095 0.049253
0.736507 7.557547 0.048988
1.485414 7.669614 0.049393
1.332788 7.559436 0.049689
1.257806 6.212559 0.046069
1.410642 6.322321 0.048972
1.533779 6.208650 0.043958
0.701364 6.211901 0.047083
0.980564 6.211960 0.046683
0.846185 6.324973 0.048259
0.568067 6.550415 0.047887
-1.184605 7.668711 0.049439
-1.128235 6.325631 0.048664
-2.180787 7.315619 0.044837
-2.100380 7.684350 0.045175
-1.279744 6.664164 0.047496
-1.137172 6.551584 0.048346
-0.995682 6.663468 0.047918
-1.485414 7.669614 0.049393
-1.611254 7.335696 0.050924
-1.989019 7.373129 0.048603
-1.946210 7.570842 0.050974
-1.787538 7.665381 0.050486
-1.636720 7.556107 0.051558
-2.233482 7.130030 0.045824
-2.868677 6.623308 0.045815
-2.792803 6.301564 0.046646
-2.921377 6.440523 0.046319
-1.697579 6.328131 0.051047
-1.808347 6.218370 0.045456
-2.541453 6.012095 0.045598
3.714683 2.627273 0.047515
3.810268 1.810635 0.047593
3.714232 1.974367 0.047619
3.421704 1.161135 0.048021
-2.835447 2.136017 0.047786
-2.835186 1.482937 0.047778
-3.114842 0.337523 0.046265
-2.928677 0.332096 0.048633
-3.516113 -0.683684 0.046265
-3.713011 -0.680111 0.046073
-3.493866 -0.373904 0.042443
-3.408548 -0.517100 0.049117
-3.805349 -0.507155 0.048910
-3.693769 -0.367532 0.045321
-3.127728 -0.995236 0.047874
-3.223804 -0.833284 0.047405
-3.420278 -0.838180 0.048463
-4.115233 -1.365677 0.039855
-3.714641 -1.324587 0.047360
-3.520373 -1.002460 0.047024
-2.835272 -1.809732 0.047767
-2.932941 -1.973255 0.047724
-4.117058 -2.207712 0.036584
-4.117058 -2.370556 0.037223
-4.114321 -2.648961 0.040126
-3.714683 -2.627273 0.047515
-4.013602 -2.485246 0.050851
-3.814241 -2.462711 0.048189
-4.114138 -1.648781 0.041174
-4.014178 -2.103735 0.050042
-4.114897 -1.931846 0.040079
-4.011257 -1.800375 0.050314
-2.835645 -3.112949 0.047834
-3.520725 -2.625911 0.048126
-2.933560 -3.275302 0.047701
-2.835692 -3.438511 0.047879
-2.935074 -3.600303 0.047972
-3.130087 -3.273321 0.048064
1.443808 -7.228249 0.045637
0.294853 -7.667996 0.049186
0.147041 -7.557064 0.048811
-0.143215 -6.887442 0.047993
-0.142343 -6.662803 0.048171
0.000000 -6.550264 0.047811
-2.924351 -3.923926 0.045042
-2.824969 -4.093687 0.045035
-2.925998 -4.261271 0.049042
-3.101988 -4.223687 0.044457
-3.123261 -3.913120 0.050553
-3.199870 -4.045297 0.037714
-3.554007 -4.327340 0.045509
-3.423424 -4.221041 0.041451
-3.405093 -4.058130 0.044879
-3.831232 -4.468441 0.045623
-3.812493 -4.123095 0.049091
-3.729695 -4.296163 0.049912
-4.117374 -4.373140 0.036573
-4.017992 -4.488312 0.052331
-4.113816 -3.933032 0.040145
-4.117374 -4.210770 0.036789
-4.013412 -4.098777 0.051206
-4.117208 -3.370429 0.036630
-4.117208 -3.208374 0.036710
-3.237020 -5.091232 0.045294
-3.129643 -4.929026 0.048331
-3.227566 -4.785730 0.045088
-3.437572 -5.113555 0.043051
-2.315228 -7.442270 0.049279
-2.180787 -7.315619 0.044837
-2.507288 -7.391106 0.044813
-2.547653 -7.212481 0.046681
-2.067546 -6.440855 0.047657
-2.255427 -6.416937 0.045111
-2.868677 -6.623308 0.045815
-2.921377 -6.440523 0.046319
-2.792803 -6.301564 0.046646
-2.614028 -6.344608 0.045532
-2.937677 5.753671 0.045523
-2.988599 5.569959 0.045624
-3.163904 5.543857 0.045029
-3.069369 5.895325 0.044453
-3.299532 5.681092 0.042236
-3.255918 5.848848 0.047784
3.252065 -4.487227 0.045068
3.131020 -4.612394 0.048486
3.232038 -4.323312 0.042047
2.838806 -4.432247 0.049407
2.935002 -4.594738 0.048652
2.824969 -4.093687 0.045035
3.101988 -4.223687 0.044457
2.925998 -4.261271 0.049042
2.924351 -3.923926 0.045042
3.199870 -4.045297 0.037714
3.123261 -3.913120 0.050553
4.013941 -3.097433 0.050944
3.521305 -2.953610 0.048241
3.715334 -2.956364 0.047568
3.815041 -3.122065 0.048173
3.720557 -3.285641 0.047995
4.115418 -3.648850 0.039788
4.011456 -3.790473 0.051995
4.014848 -3.480998 0.050938
3.817096 -3.452695 0.048160
3.132861 -3.594900 0.048235
2.933560 -3.275302 0.047701
2.835692 -3.438511 0.047879
2.935074 -3.600303 0.047972
2.835645 -3.112949 0.047834
3.420055 -1.485923 0.047729
3.225325 -1.811185 0.047754
3.420175 -1.811921 0.047649
3.517339 -1.649499 0.047629
3.127459 -1.647538 0.047704
3.225025 -1.484699 0.047725
3.163904 -5.543857 0.045029
2.988599 -5.569959 0.045624
2.937677 -5.753671 0.045523
3.069369 -5.895325 0.044453
3.299532 -5.681092 0.042236
3.255918 -5.848848 0.047784
4.117880 -5.224579 0.036530
4.117880 -5.387322 0.036629
4.119824 -5.669114 0.038855
4.053534 -5.823553 0.046156
3.892797 -5.841417 0.045404
3.766848 -5.669102 0.045583
3.827687 -5.482303 0.047158
4.019927 -5.500179 0.049714
4.115332 -4.944845 0.039914
4.015950 -4.804124 0.050291
4.015435 -5.113382 0.051240
3.820749 -5.141800 0.047113
4.118396 -4.659114 0.039519
4.117374 -4.373140 0.036573
4.017992 -4.488312 0.052331
2.932651 -1.320072 0.047700
2.835243 -1.156076 0.047840
2.932498 -0.993505 0.047625
3.127728 -0.995236 0.047874
3.225532 -1.158806 0.047624
3.127711 -1.321071 0.047791
3.717723 -1.001595 0.047233
3.520373 -1.002460 0.047024
3.713011 -0.680111 0.046073
3.814526 -0.833742 0.048981
3.516113 -0.683684 0.046265
3.420278 -0.838180 0.048463
3.398922 0.196072 0.046585
3.216980 0.169872 0.049082
3.493866 0.373904 0.042443
3.524320 3.279555 0.048333
4.117374 4.210770 0.036789
3.554007 4.327340 0.045509
3.729695 4.296163 0.049912
4.117374 4.373140 0.036573
4.119824 5.669114 0.038855
3.827687 5.482303 0.047158
4.117880 5.387322 0.036629
4.019927 5.500179 0.049714
3.766848 5.669102 0.045583
3.892797 5.841417 0.045404
2.255427 6.416937 0.045111
4.115332 4.944845 0.039914
4.117880 5.224579 0.036530
4.015435 5.113382 0.051240
3.525078 3.932629 0.049026
3.405093 4.058130 0.044879
3.237020 5.091232 0.045294
3.129643 4.929026 0.048331
3.722875 4.975013 0.047818
3.529561 4.967558 0.050596
3.437572 5.113555 0.043051
3.820749 5.141800 0.047113
3.541093 5.295813 0.050181
3.730956 5.316603 0.049081
3.608385 5.720723 0.050078
2.838806 4.432247 0.049407
2.935002 4.594738 0.048652
3.232038 4.323312 0.042047
2.835874 5.091354 0.049009
2.833973 4.761903 0.048177
2.932069 4.922855 0.046868
3.140736 5.237128 0.047817
2.937163 5.243422 0.046089
-2.473653 5.666435 0.044141
-2.259624 5.880563 0.042977
-2.422807 5.855947 0.046414
-2.833973 4.761903 0.048177
-2.838806 4.432247 0.049407
-2.935002 4.594738 0.048652
-2.690657 5.448676 0.044829
-2.864232 5.417435 0.046698
-3.140736 5.237128 0.047817
-2.932069 4.922855 0.046868
-2.835874 5.091354 0.049009
-2.937163 5.243422 0.046089
-3.131020 4.612394 0.048486
-4.117024 1.089300 0.036650
-4.014479 1.191435 0.050206
-3.814526 0.833742 0.048981
-4.117024 0.925451 0.037638
-4.014130 0.807231 0.051141
0.294853 7.667996 0.049186
0.000000 7.667957 0.049165
0.147041 7.557064 0.048811
0.852365 6.550527 0.048034
0.711442 6.662988 0.048038
2.100380 7.684350 0.045175
-2.507288 7.391106 0.044813
-2.277631 7.613287 0.045056
-2.315228 7.442270 0.049279
-2.729748 7.163806 0.046034
-2.771496 6.984814 0.046805
-2.547653 7.212481 0.046681
-2.408288 7.078056 0.047317
-1.316648 7.338481 0.050319
-1.443808 7.228249 0.045637
-1.423510 7.003175 0.046606
-1.282572 6.889539 0.047970
-2.614028 6.344608 0.045532
-2.489975 6.198708 0.045957
-1.972886 6.275683 0.045523
-2.067546 6.440855 0.047657
-2.255427 6.416937 0.045111
-2.316018 6.235181 0.045590
-2.049061 6.089768 0.041049
-2.204312 6.073184 0.046417
-1.559503 6.883465 0.048337
-1.562464 6.653636 0.046397
-1.713263 6.547466 0.047982
4.114897 1.931846 0.040079
4.114321 2.648961 0.040126
3.814241 2.462711 0.048189
3.718022 2.299565 0.048039
4.117058 2.370556 0.037223
4.013602 2.485246 0.050851
3.814502 2.135996 0.047835
4.117058 2.207712 0.036584
4.014178 2.103735 0.050042
3.712254 1.649153 0.047478
3.714641 1.324587 0.047360
3.810698 1.485540 0.047726
3.517339 1.649499 0.047629
3.518912 1.324624 0.047484
3.420055 1.485923 0.047729
3.521135 2.300178 0.047692
-2.932941 1.973255 0.047724
-3.127459 1.647538 0.047704
-2.835272 1.809732 0.047767
-2.932680 1.646777 0.047764
-3.128215 1.973947 0.047778
-3.225325 1.811185 0.047754
-2.831760 0.498885 0.047055
-2.835033 0.828947 0.047857
-2.929015 0.666001 0.047078
-4.014479 -1.191435 0.050206
-4.014130 -0.807231 0.051141
-3.814526 -0.833742 0.048981
-3.717723 -1.001595 0.047233
-3.814783 -1.160233 0.048152
-3.420055 -1.485923 0.047729
-3.518912 -1.324624 0.047484
-3.421704 -1.161135 0.048021
-3.225025 -1.484699 0.047725
-3.127711 -1.321071 0.047791
-3.225532 -1.158806 0.047624
-2.835447 -2.136017 0.047786
-4.114511 -2.930886 0.039948
-4.011054 -2.791293 0.051058
-3.810776 -2.792139 0.047872
-4.013941 -3.097433 0.050944
-3.718022 -2.299565 0.048039
-3.814502 -2.135996 0.047835
-2.835602 -2.461834 0.047813
-2.933271 -2.299141 0.047714
-3.524320 -3.279555 0.048333
-3.715334 -2.956364 0.047568
-3.720557 -3.285641 0.047995
-3.815041 -3.122065 0.048173
-3.228210 -3.110526 0.047422
-3.422790 -2.788023 0.047344
-3.521305 -2.953610 0.048241
-3.424777 -3.113226 0.047285
2.180787 -7.315619 0.044837
1.485414 -7.669614 0.049393
1.722016 -7.213798 0.044225
1.611254 -7.335696 0.050924
1.989019 -7.373129 0.048603
1.889130 -7.236496 0.045070
1.946210 -7.570842 0.050974
1.787538 -7.665381 0.050486
1.636720 -7.556107 0.051558
-0.000000 -7.223141 0.048243
0.145881 -7.334656 0.049068
-0.000000 -6.999543 0.048522
0.441377 -7.557202 0.048868
0.729941 -7.335386 0.049346
0.869444 -7.224464 0.047725
1.144173 -7.002171 0.047711
1.316648 -7.338481 0.050319
1.157950 -7.226039 0.047026
1.022729 -7.336446 0.049685
1.033243 -7.558162 0.049254
1.184605 -7.668711 0.049439
1.332788 -7.559436 0.049689
2.049061 -6.089768 0.041049
1.972886 -6.275683 0.045523
1.808347 -6.218370 0.045456
0.140456 -6.211841 0.047394
0.282121 -6.324823 0.048014
0.421185 -6.211871 0.047301
-3.132861 -3.594900 0.048235
-3.233857 -3.747129 0.045777
-3.230007 -3.431127 0.047018
-3.427674 -3.434662 0.046575
-3.814098 -3.786984 0.047491
-3.715539 -3.953862 0.048693
-3.525078 -3.932629 0.049026
-3.720308 -3.617059 0.047629
-3.527122 -3.605111 0.049015
-3.430451 -3.753805 0.045051
-3.722875 -4.975013 0.047818
-3.529561 -4.967558 0.050596
-3.818179 -4.805873 0.048280
-3.733865 -4.640993 0.045927
-3.535931 -4.644514 0.051863
-3.426932 -4.801939 0.044342
-1.954064 -7.028411 0.042301
-1.831819 -6.885459 0.044112
-1.851559 -6.676112 0.048385
-2.015079 -6.621949 0.048209
4.117208 -3.370429 0.036630
4.117208 -3.208374 0.036710
4.113816 -3.933032 0.040145
4.117374 -4.210770 0.036789
4.013412 -4.098777 0.051206
3.424777 -3.113226 0.047285
3.228210 -3.110526 0.047422
3.427674 -3.434662 0.046575
3.524320 -3.279555 0.048333
3.230007 -3.431127 0.047018
3.130087 -3.273321 0.048064
3.814098 -3.786984 0.047491
3.715539 -3.953862 0.048693
3.525078 -3.932629 0.049026
3.720308 -3.617059 0.047629
3.527122 -3.605111 0.049015
3.430451 -3.753805 0.045051
2.933628 -2.950003 0.047768
3.129504 -2.624364 0.047820
2.835761 -2.787401 0.047855
2.933585 -2.624650 0.047766
3.227717 -2.786674 0.047792
3.129666 -2.949562 0.047859
3.529561 -4.967558 0.050596
3.722875 -4.975013 0.047818
3.535931 -4.644514 0.051863
3.426932 -4.801939 0.044342
3.733865 -4.640993 0.045927
3.818179 -4.805873 0.048280
3.408548 0.517100 0.049117
3.420278 0.838180 0.048463
3.516113 0.683684 0.046265
3.223804 0.833284 0.047405
2.929015 0.666001 0.047078
2.831760 0.498885 0.047055
3.122556 0.668607 0.048208
3.211466 0.506919 0.046717
2.928677 0.332096 0.048633
3.114842 0.337523 0.046265
4.115418 3.648850 0.039788
4.011054 2.791293 0.051058
3.715334 2.956364 0.047568
3.810776 2.792139 0.047872
4.113816 3.933032 0.040145
4.011456 3.790473 0.051995
3.814098 3.786984 0.047491
3.715539 3.953862 0.048693
3.812493 4.123095 0.049091
4.013412 4.098777 0.051206
3.831232 4.468441 0.045623
4.017992 4.488312 0.052331
3.818179 4.805873 0.048280
3.733865 4.640993 0.045927
4.118396 4.659114 0.039519
4.015950 4.804124 0.050291
3.854339 6.034602 0.045083
2.614028 6.344608 0.045532
2.489975 6.198708 0.045957
2.316018 6.235181 0.045590
2.204312 6.073184 0.046417
2.259624 5.880563 0.042977
1.697579 6.328131 0.051047
2.067546 6.440855 0.047657
1.713263 6.547466 0.047982
2.015079 6.621949 0.048209
1.851559 6.676112 0.048385
2.373351 6.563167 0.046760
2.557994 6.527311 0.046153
3.408993 6.488415 0.045214
3.427674 3.434662 0.046575
3.527122 3.605111 0.049015
3.430451 3.753805 0.045051
3.233857 3.747129 0.045777
3.227566 4.785730 0.045088
3.252065 4.487227 0.045068
3.131020 4.612394 0.048486
3.426932 4.801939 0.044342
3.535931 4.644514 0.051863
3.457611 4.503138 0.038778
2.925998 4.261271 0.049042
3.101988 4.223687 0.044457
2.824969 4.093687 0.045035
2.924351 3.923926 0.045042
3.123261 3.913120 0.050553
3.199870 4.045297 0.037714
3.243110 5.385040 0.042071
3.442914 5.421402 0.041912
3.476259 5.605974 0.043036
-3.227248 2.461765 0.047677
-4.019927 5.500179 0.049714
-3.827687 5.482303 0.047158
-3.252065 4.487227 0.045068
-3.129643 4.929026 0.048331
-3.227566 4.785730 0.045088
-3.237020 5.091232 0.045294
1.954064 7.028411 0.042301
1.831819 6.885459 0.044112
1.022729 7.336446 0.049685
-0.715250 6.887815 0.047938
-0.142343 6.662803 0.048171
-0.143215 6.887442 0.047993
-0.140456 6.211841 0.047394
-2.837159 3.763337 0.048349
2.277631 7.613287 0.045056
-0.590181 7.668095 0.049253
-0.147041 7.557064 0.048811
-0.294853 7.667996 0.049186
-0.441377 7.557202 0.048868
-0.145881 7.334656 0.049068
-0.736507 7.557547 0.048988
-0.886523 7.668341 0.049341
-1.033243 7.558162 0.049254
-0.729941 7.335386 0.049346
-2.557994 6.527311 0.046153
-2.684070 6.667052 0.047137
-2.318314 6.747476 0.048386
-2.373351 6.563167 0.046760
-2.632958 6.848050 0.046745
-2.451846 6.892617 0.046344
-1.690562 6.986641 0.043418
-1.889130 7.236496 0.045070
-1.722016 7.213798 0.044225
3.127728 0.995236 0.047874
3.225532 1.158806 0.047624
2.835761 2.787401 0.047855
3.521305 2.953610 0.048241
3.424777 3.113226 0.047285
-3.519054 1.975308 0.047744
-3.420175 1.811921 0.047649
-3.810268 1.810635 0.047593
-3.714232 1.974367 0.047619
-4.117024 -0.925451 0.037638
-4.117024 -1.089300 0.036650
-3.423396 -2.461962 0.047750
-3.521135 -2.300178 0.047692
-3.422437 -2.137550 0.047814
-3.227248 -2.461765 0.047677
-3.226448 -2.136925 0.047656
-3.128999 -2.299357 0.047828
-3.519054 -1.975308 0.047744
-3.420175 -1.811921 0.047649
-3.517339 -1.649499 0.047629
-3.714232 -1.974367 0.047619
-3.712254 -1.649153 0.047478
-3.810268 -1.810635 0.047593
-2.835761 -2.787401 0.047855
-2.933585 -2.624650 0.047766
-2.933628 -2.950003 0.047768
-3.129504 -2.624364 0.047820
-3.129666 -2.949562 0.047859
-3.227717 -2.786674 0.047792
1.954064 -7.028411 0.042301
1.257806 -6.212559 0.046069
0.290066 -7.223266 0.048205
0.579988 -7.223613 0.048068
0.437750 -7.334881 0.049147
0.886523 -7.668341 0.049341
0.590181 -7.668095 0.049253
0.736507 -7.557547 0.048988
0.142343 -6.662803 0.048171
0.284008 -6.550314 0.047826
0.143215 -6.887442 0.047993
0.287399 -6.999650 0.048496
0.860346 -7.000566 0.048212
0.999854 -6.888680 0.047850
-2.106648 -6.979455 0.048454
-2.408288 -7.078056 0.047317
-2.233482 -7.130030 0.045824
-2.147922 -6.782340 0.044024
4.114511 2.930886 0.039948
3.815041 3.122065 0.048173
3.720557 3.285641 0.047995
4.117208 3.208374 0.036710
4.013941 3.097433 0.050944
3.817096 3.452695 0.048160
4.117208 3.370429 0.036630
4.014848 3.480998 0.050938
3.182170 6.715205 0.045455
3.230691 6.532277 0.046527
1.808347 6.218370 0.045456
1.972886 6.275683 0.045523
2.049061 6.089768 0.041049
3.636644 6.262918 0.044323
3.460799 6.304356 0.046449
3.335209 6.164341 0.046065
3.391050 5.981339 0.046179
3.566789 5.928331 0.043616
3.686794 6.069895 0.048159
3.154244 6.210227 0.046054
3.023534 6.073702 0.047120
2.842249 6.118622 0.045165
2.792803 6.301564 0.046646
2.921377 6.440523 0.046319
3.101533 6.394105 0.046003
3.255918 5.848848 0.047784
3.299532 5.681092 0.042236
3.069369 5.895325 0.044453
3.163904 5.543857 0.045029
2.422807 5.855947 0.046414
2.541453 6.012095 0.045598
2.714952 5.975053 0.045815
-4.014178 2.103735 0.050042
-3.814502 2.135996 0.047835
-3.129504 2.624364 0.047820
-2.835761 2.787401 0.047855
-2.933585 2.624650 0.047766
-2.924351 3.923926 0.045042
-2.925998 4.261271 0.049042
-2.824969 4.093687 0.045035
-4.118396 4.659114 0.039519
-3.541093 5.295813 0.050181
-3.730956 5.316603 0.049081
-3.437572 5.113555 0.043051
-3.457611 4.503138 0.038778
1.989019 7.373129 0.048603
1.889130 7.236496 0.045070
1.946210 7.570842 0.050974
1.787538 7.665381 0.050486
1.636720 7.556107 0.051558
0.860346 7.000566 0.048212
0.574395 6.999939 0.048405
0.715250 6.887815 0.047938
0.579988 7.223613 0.048068
0.729941 7.335386 0.049346
0.869444 7.224464 0.047725
1.316648 7.338481 0.050319
1.157950 7.226039 0.047026
-0.574395 6.999939 0.048405
-0.290066 7.223266 0.048205
-0.287399 6.999650 0.048496
-0.429489 6.887591 0.047974
-0.579988 7.223613 0.048068
-0.437750 7.334881 0.049147
-0.284008 6.550314 0.047826
-0.426970 6.662894 0.048130
-0.282121 6.324823 0.048014
-0.421185 6.211871 0.047301
-0.000000 6.550264 0.047811
0.282121 6.324823 0.048014
0.140456 6.211841 0.047394
-0.000000 6.324794 0.047996
0.426970 6.662894 0.048130
0.284008 6.550314 0.047826
0.142343 6.662803 0.048171
0.429489 6.887591 0.047974
-0.980564 6.211960 0.046683
-2.835692 3.438511 0.047879
-2.935074 3.600303 0.047972
-3.132861 3.594900 0.048235
2.180787 7.315619 0.044837
2.315228 7.442270 0.049279
2.507288 7.391106 0.044813
2.547653 7.212481 0.046681
-1.157950 7.226039 0.047026
-1.022729 7.336446 0.049685
-0.869444 7.224464 0.047725
-1.144173 7.002171 0.047711
-0.860346 7.000566 0.048212
-0.999854 6.888680 0.047850
-2.106648 6.979455 0.048454
-1.954064 7.028411 0.042301
-1.831819 6.885459 0.044112
-2.147922 6.782340 0.044024
-2.015079 6.621949 0.048209
-1.851559 6.676112 0.048385
2.835033 0.828947 0.047857
2.932498 0.993505 0.047625
2.835272 1.809732 0.047767
3.225325 1.811185 0.047754
3.420175 1.811921 0.047649
3.519054 1.975308 0.047744
3.422437 2.137550 0.047814
3.127711 1.321071 0.047791
3.225025 1.484699 0.047725
3.127459 1.647538 0.047704
2.932680 1.646777 0.047764
2.837159 3.763337 0.048349
3.228210 3.110526 0.047422
3.129666 2.949562 0.047859
2.835645 3.112949 0.047834
2.933628 2.950003 0.047768
2.835602 2.461834 0.047813
2.933585 2.624650 0.047766
3.227717 2.786674 0.047792
3.227248 2.461765 0.047677
3.129504 2.624364 0.047820
3.423396 2.461962 0.047750
3.520725 2.625911 0.048126
3.422790 2.788023 0.047344
-3.810698 1.485540 0.047726
-3.712254 1.649153 0.047478
-3.517339 1.649499 0.047629
-3.127728 0.995236 0.047874
-2.932651 1.320072 0.047700
-2.835243 1.156076 0.047840
-2.932498 0.993505 0.047625
-3.516113 0.683684 0.046265
-3.420278 0.838180 0.048463
-3.408548 0.517100 0.049117
-3.223804 0.833284 0.047405
-3.211466 0.506919 0.046717
-3.122556 0.668607 0.048208
1.690562 -6.986641 0.043418
1.831819 -6.885459 0.044112
1.851559 -6.676112 0.048385
2.451846 -6.892617 0.046344
2.106648 -6.979455 0.048454
2.408288 -7.078056 0.047317
2.233482 -7.130030 0.045824
2.067546 -6.440855 0.047657
2.015079 -6.621949 0.048209
2.255427 -6.416937 0.045111
2.373351 -6.563167 0.046760
2.318314 -6.747476 0.048386
2.147922 -6.782340 0.044024
1.697579 -6.328131 0.051047
1.533779 -6.208650 0.043958
1.410642 -6.322321 0.048972
1.713263 -6.547466 0.047982
0.426970 -6.662894 0.048130
0.429489 -6.887591 0.047974
0.574395 -6.999939 0.048405
0.715250 -6.887815 0.047938
1.128235 -6.325631 0.048664
1.137172 -6.551584 0.048346
0.995682 -6.663468 0.047918
-2.373351 -6.563167 0.046760
-2.318314 -6.747476 0.048386
-2.557994 -6.527311 0.046153
-2.684070 -6.667052 0.047137
-2.632958 -6.848050 0.046745
-2.451846 -6.892617 0.046344
2.106648 6.979455 0.048454
2.451846 6.892617 0.046344
2.233482 7.130030 0.045824
2.408288 7.078056 0.047317
2.147922 6.782340 0.044024
2.318314 6.747476 0.048386
2.729748 7.163806 0.046034
2.473653 5.666435 0.044141
2.937677 5.753671 0.045523
2.764546 5.788480 0.045766
2.988599 5.569959 0.045624
2.641893 5.636009 0.046179
2.864232 5.417435 0.046698
2.690657 5.448676 0.044829
-3.718022 2.299565 0.048039
-3.521135 2.300178 0.047692
-3.423396 2.461962 0.047750
-4.115418 3.648850 0.039788
-4.114511 2.930886 0.039948
-4.117208 3.208374 0.036710
-4.013941 3.097433 0.050944
-3.817096 3.452695 0.048160
-4.117208 3.370429 0.036630
-4.014848 3.480998 0.050938
-3.232038 4.323312 0.042047
-3.101988 4.223687 0.044457
-4.117880 5.387322 0.036629
-4.117880 5.224579 0.036530
-4.115332 4.944845 0.039914
-4.015950 4.804124 0.050291
-4.015435 5.113382 0.051240
-3.820749 5.141800 0.047113
-3.831232 4.468441 0.045623
-4.117374 4.373140 0.036573
-4.017992 4.488312 0.052331
-4.117374 4.210770 0.036789
1.690562 6.986641 0.043418
1.443808 7.228249 0.045637
1.611254 7.335696 0.050924
1.722016 7.213798 0.044225
1.137172 6.551584 0.048346
0.995682 6.663468 0.047918
0.999854 6.888680 0.047850
1.144173 7.002171 0.047711
0.000000 6.999543 0.048522
0.143215 6.887442 0.047993
0.287399 6.999650 0.048496
0.000000 7.223141 0.048243
0.290066 7.223266 0.048205
0.145881 7.334656 0.049068
-0.564169 6.324883 0.048083
-0.701364 6.211901 0.047083
-0.846185 6.324973 0.048259
-0.568067 6.550415 0.047887
-0.852365 6.550527 0.048034
-0.711442 6.662988 0.048038
-2.835645 3.112949 0.047834
-2.933560 3.275302 0.047701
-2.933628 2.950003 0.047768
2.835243 1.156076 0.047840
2.835186 1.482937 0.047778
2.932651 1.320072 0.047700
2.935074 3.600303 0.047972
2.835692 3.438511 0.047879
2.933560 3.275302 0.047701
3.132861 3.594900 0.048235
3.230007 3.431127 0.047018
3.130087 3.273321 0.048064
2.933271 2.299141 0.047714
2.835447 2.136017 0.047786
2.932941 1.973255 0.047724
3.128215 1.973947 0.047778
3.226448 2.136925 0.047656
3.128999 2.299357 0.047828
-3.420055 1.485923 0.047729
-3.225025 1.484699 0.047725
-3.127711 1.321071 0.047791
-3.225532 1.158806 0.047624
1.279744 -6.664164 0.047496
1.282572 -6.889539 0.047970
1.423643 -6.547972 0.049665
1.562464 -6.653636 0.046397
1.423510 -7.003175 0.046606
1.559503 -6.883465 0.048337
0.980564 -6.211960 0.046683
0.711442 -6.662988 0.048038
0.852365 -6.550527 0.048034
0.568067 -6.550415 0.047887
0.846185 -6.324973 0.048259
0.564169 -6.324883 0.048083
0.701364 -6.211901 0.047083
2.954242 6.940327 0.046000
3.000312 6.759818 0.047018
2.771496 6.984814 0.046805
2.868677 6.623308 0.045815
2.684070 6.667052 0.047137
2.632958 6.848050 0.046745
-4.117058 2.207712 0.036584
-4.117058 2.370556 0.037223
-4.114321 2.648961 0.040126
-4.011054 2.791293 0.051058
-4.013602 2.485246 0.050851
-3.814241 2.462711 0.048189
-3.520725 2.625911 0.048126
-3.810776 2.792139 0.047872
-3.714683 2.627273 0.047515
-3.529561 4.967558 0.050596
-3.722875 4.975013 0.047818
-3.426932 4.801939 0.044342
-3.535931 4.644514 0.051863
-3.733865 4.640993 0.045927
-3.818179 4.805873 0.048280
-4.013412 4.098777 0.051206
-4.113816 3.933032 0.040145
-4.011456 3.790473 0.051995
1.279744 6.664164 0.047496
1.423643 6.547972 0.049665
1.562464 6.653636 0.046397
1.282572 6.889539 0.047970
1.559503 6.883465 0.048337
1.423510 7.003175 0.046606
-3.520373 1.002460 0.047024
-3.421704 1.161135 0.048021
-3.518912 1.324624 0.047484
-3.714641 1.324587 0.047360
-3.717723 1.001595 0.047233
-3.814783 1.160233 0.048152
-3.427674 3.434662 0.046575
-3.230007 3.431127 0.047018
-3.130087 3.273321 0.048064
-3.527122 3.605111 0.049015
-3.720308 3.617059 0.047629
-3.814098 3.786984 0.047491
-3.524320 3.279555 0.048333
-3.715334 2.956364 0.047568
-3.815041 3.122065 0.048173
-3.720557 3.285641 0.047995
-3.422790 2.788023 0.047344
-3.227717 2.786674 0.047792
-3.521305 2.953610 0.048241
-3.424777 3.113226 0.047285
-3.129666 2.949562 0.047859
-3.228210 3.110526 0.047422
-3.430451 3.753805 0.045051
-3.233857 3.747129 0.045777
-3.123261 3.913120 0.050553
-3.199870 4.045297 0.037714
-3.423424 4.221041 0.041451
-3.715539 3.953862 0.048693
-3.405093 4.058130 0.044879
-3.525078 3.932629 0.049026
-3.812493 4.123095 0.049091
-3.554007 4.327340 0.045509
-3.729695 4.296163 0.049912
