4.217778 5.814036 0.001612
4.108619 5.923195 0.001612
3.999461 6.032353 0.001612
3.890302 6.141512 0.001612
3.781144 6.250670 0.001612
3.671985 6.359829 0.001612
3.562827 6.468987 0.001612
3.453668 6.578146 0.001612
3.344510 6.687304 0.001612
3.235351 6.796462 0.001612
3.126193 6.905621 0.001612
3.017034 7.014779 0.001612
2.907876 7.123938 0.001612
2.798717 7.233096 0.001612
2.689559 7.342255 0.001612
2.580400 7.451413 0.001612
2.471242 7.560572 0.001612
2.362083 7.669730 0.001612
2.252925 7.778889 0.001612
2.102730 7.778889 0.001612
1.952535 7.778889 0.001612
1.802340 7.778889 0.001612
1.652145 7.778889 0.001612
1.501950 7.778889 0.001612
1.351755 7.778889 0.001612
1.201560 7.778889 0.001612
1.051365 7.778889 0.001612
0.901170 7.778889 0.001612
0.750975 7.778889 0.001612
0.600780 7.778889 0.001612
0.450585 7.778889 0.001612
0.300390 7.778889 0.001612
0.150195 7.778889 0.001612
0.000000 7.778889 0.001612
-0.150195 7.778889 0.001612
-0.300390 7.778889 0.001612
-0.450585 7.778889 0.001612
-0.600780 7.778889 0.001612
-0.750975 7.778889 0.001612
-0.901170 7.778889 0.001612
-1.051365 7.778889 0.001612
-1.201560 7.778889 0.001612
-1.351755 7.778889 0.001612
-1.501950 7.778889 0.001612
-1.652145 7.778889 0.001612
-1.802340 7.778889 0.001612
-1.952535 7.778889 0.001612
-2.102730 7.778889 0.001612
-2.252925 7.778889 0.001612
-2.362083 7.669730 0.001612
-2.471242 7.560572 0.001612
-2.580400 7.451413 0.001612
-2.689559 7.342255 0.001612
-2.798717 7.233096 0.001612
-2.907876 7.123938 0.001612
-3.017034 7.014779 0.001612
-3.126193 6.905621 0.001612
-3.235351 6.796462 0.001612
-3.344510 6.687304 0.001612
-3.453668 6.578146 0.001612
-3.562827 6.468987 0.001612
-3.671985 6.359829 0.001612
-3.781144 6.250670 0.001612
-3.890302 6.141512 0.001612
-3.999461 6.032353 0.001612
-4.108619 5.923195 0.001612
-4.217778 5.814036 0.001612
-4.217778 5.663022 0.001612
-4.217778 5.512008 0.001612
-4.217778 5.360994 0.001612
-4.217778 5.209980 0.001612
-4.217778 5.058966 0.001612
-4.217778 4.907953 0.001612
-4.217778 4.756939 0.001612
-4.217778 4.605925 0.001612
-4.217778 4.454911 0.001612
-4.217778 4.303897 0.001612
-4.217778 4.152883 0.001612
-4.217778 4.001869 0.001612
-4.217778 3.850855 0.001612
-4.217778 3.699841 0.001612
-4.217778 3.548827 0.001612
-4.217778 3.397813 0.001612
-4.217778 3.246799 0.001612
-4.217778 3.095785 0.001612
-4.217778 2.944772 0.001612
-4.217778 2.793758 0.001612
-4.217778 2.642744 0.001612
-4.217778 2.491730 0.001612
-4.217778 2.340716 0.001612
-4.217778 2.189702 0.001612
-4.217778 2.038688 0.001612
-4.217778 1.887674 0.001612
-4.217778 1.736660 0.001612
-4.217778 1.585646 0.001612
-4.217778 1.434632 0.001612
-4.217778 1.283618 0.001612
-4.217778 1.132604 0.001612
-4.217778 0.981591 0.001612
-4.217778 0.830577 0.001612
-4.217778 0.679563 0.001612
-4.217778 0.528549 0.001612
-4.217778 0.377535 0.001612
-4.217778 0.226521 0.001612
-4.217778 0.075507 0.001612
-4.217778 -0.075507 0.001612
-4.217778 -0.226521 0.001612
-4.217778 -0.377535 0.001612
-4.217778 -0.528549 0.001612
-4.217778 -0.679563 0.001612
-4.217778 -0.830577 0.001612
-4.217778 -0.981591 0.001612
-4.217778 -1.132604 0.001612
-4.217778 -1.283618 0.001612
-4.217778 -1.434632 0.001612
-4.217778 -1.585646 0.001612
-4.217778 -1.736660 0.001612
-4.217778 -1.887674 0.001612
-4.217778 -2.038688 0.001612
-4.217778 -2.189702 0.001612
-4.217778 -2.340716 0.001612
-4.217778 -2.491730 0.001612
-4.217778 -2.642744 0.001612
-4.217778 -2.793758 0.001612
-4.217778 -2.944772 0.001612
-4.217778 -3.095785 0.001612
-4.217778 -3.246799 0.001612
-4.217778 -3.397813 0.001612
-4.217778 -3.548827 0.001612
-4.217778 -3.699841 0.001612
-4.217778 -3.850855 0.001612
-4.217778 -4.001869 0.001612
-4.217778 -4.152883 0.001612
-4.217778 -4.303897 0.001612
-4.217778 -4.454911 0.001612
-4.217778 -4.605925 0.001612
-4.217778 -4.756939 0.001612
-4.217778 -4.907953 0.001612
-4.217778 -5.058966 0.001612
-4.217778 -5.209980 0.001612
-4.217778 -5.360994 0.001612
-4.217778 -5.512008 0.001612
-4.217778 -5.663022 0.001612
-4.217778 -5.814036 0.001612
-4.108619 -5.923195 0.001612
-3.999461 -6.032353 0.001612
-3.890302 -6.141512 0.001612
-3.781144 -6.250670 0.001612
-3.671985 -6.359829 0.001612
-3.562827 -6.468987 0.001612
-3.453668 -6.578146 0.001612
-3.344510 -6.687304 0.001612
-3.235351 -6.796462 0.001612
-3.126193 -6.905621 0.001612
-3.017034 -7.014779 0.001612
-2.907876 -7.123938 0.001612
-2.798717 -7.233096 0.001612
-2.689559 -7.342255 0.001612
-2.580400 -7.451413 0.001612
-2.471242 -7.560572 0.001612
-2.362083 -7.669730 0.001612
-2.252925 -7.778889 0.001612
-2.102730 -7.778889 0.001612
-1.952535 -7.778889 0.001612
-1.802340 -7.778889 0.001612
-1.652145 -7.778889 0.001612
-1.501950 -7.778889 0.001612
-1.351755 -7.778889 0.001612
-1.201560 -7.778889 0.001612
-1.051365 -7.778889 0.001612
-0.901170 -7.778889 0.001612
-0.750975 -7.778889 0.001612
-0.600780 -7.778889 0.001612
-0.450585 -7.778889 0.001612
-0.300390 -7.778889 0.001612
-0.150195 -7.778889 0.001612
0.000000 -7.778889 0.001612
0.150195 -7.778889 0.001612
0.300390 -7.778889 0.001612
0.450585 -7.778889 0.001612
0.600780 -7.778889 0.001612
0.750975 -7.778889 0.001612
0.901170 -7.778889 0.001612
1.051365 -7.778889 0.001612
1.201560 -7.778889 0.001612
1.351755 -7.778889 0.001612
1.501950 -7.778889 0.001612
1.652145 -7.778889 0.001612
1.802340 -7.778889 0.001612
1.952535 -7.778889 0.001612
2.102730 -7.778889 0.001612
2.252925 -7.778889 0.001612
2.362083 -7.669730 0.001612
2.471242 -7.560572 0.001612
2.580400 -7.451413 0.001612
2.689559 -7.342255 0.001612
2.798717 -7.233096 0.001612
2.907876 -7.123938 0.001612
3.017034 -7.014779 0.001612
3.126193 -6.905621 0.001612
3.235351 -6.796462 0.001612
3.344510 -6.687304 0.001612
3.453668 -6.578146 0.001612
3.562827 -6.468987 0.001612
3.671985 -6.359829 0.001612
3.781144 -6.250670 0.001612
3.890302 -6.141512 0.001612
3.999461 -6.032353 0.001612
4.108619 -5.923195 0.001612
4.217778 -5.814036 0.001612
4.217778 -5.663022 0.001612
4.217778 -5.512008 0.001612
4.217778 -5.360994 0.001612
4.217778 -5.209980 0.001612
4.217778 -5.058966 0.001612
4.217778 -4.907953 0.001612
4.217778 -4.756939 0.001612
4.217778 -4.605925 0.001612
4.217778 -4.454911 0.001612
4.217778 -4.303897 0.001612
4.217778 -4.152883 0.001612
4.217778 -4.001869 0.001612
4.217778 -3.850855 0.001612
4.217778 -3.699841 0.001612
4.217778 -3.548827 0.001612
4.217778 -3.397813 0.001612
4.217778 -3.246799 0.001612
4.217778 -3.095785 0.001612
4.217778 -2.944772 0.001612
4.217778 -2.793758 0.001612
4.217778 -2.642744 0.001612
4.217778 -2.491730 0.001612
4.217778 -2.340716 0.001612
4.217778 -2.189702 0.001612
4.217778 -2.038688 0.001612
4.217778 -1.887674 0.001612
4.217778 -1.736660 0.001612
4.217778 -1.585646 0.001612
4.217778 -1.434632 0.001612
4.217778 -1.283618 0.001612
4.217778 -1.132604 0.001612
4.217778 -0.981591 0.001612
4.217778 -0.830577 0.001612
4.217778 -0.679563 0.001612
4.217778 -0.528549 0.001612
4.217778 -0.377535 0.001612
4.217778 -0.226521 0.001612
4.217778 -0.075507 0.001612
4.217778 0.075507 0.001612
4.217778 0.226521 0.001612
4.217778 0.377535 0.001612
4.217778 0.528549 0.001612
4.217778 0.679563 0.001612
4.217778 0.830577 0.001612
4.217778 0.981591 0.001612
4.217778 1.132604 0.001612
4.217778 1.283618 0.001612
4.217778 1.434632 0.001612
4.217778 1.585646 0.001612
4.217778 1.736660 0.001612
4.217778 1.887674 0.001612
4.217778 2.038688 0.001612
4.217778 2.189702 0.001612
4.217778 2.340716 0.001612
4.217778 2.491730 0.001612
4.217778 2.642744 0.001612
4.217778 2.793758 0.001612
4.217778 2.944772 0.001612
4.217778 3.095785 0.001612
4.217778 3.246799 0.001612
4.217778 3.397813 0.001612
4.217778 3.548827 0.001612
4.217778 3.699841 0.001612
4.217778 3.850855 0.001612
4.217778 4.001869 0.001612
4.217778 4.152883 0.001612
4.217778 4.303897 0.001612
4.217778 4.454911 0.001612
4.217778 4.605925 0.001612
4.217778 4.756939 0.001612
4.217778 4.907953 0.001612
4.217778 5.058966 0.001612
4.217778 5.209980 0.001612
4.217778 5.360994 0.001612
4.217778 5.512008 0.001612
4.217778 5.663022 0.001612
2.737778 5.263742 0.000804
2.618471 5.383048 0.000804
2.499164 5.502355 0.000804
2.379858 5.621662 0.000804
2.260551 5.740969 0.000804
2.141244 5.860275 0.000804
2.021937 5.979582 0.000804
1.902631 6.098889 0.000804
1.750420 6.098889 0.000804
1.598210 6.098889 0.000804
1.445999 6.098889 0.000804
1.293789 6.098889 0.000804
1.141578 6.098889 0.000804
0.989368 6.098889 0.000804
0.837157 6.098889 0.000804
0.684947 6.098889 0.000804
0.532737 6.098889 0.000804
0.380526 6.098889 0.000804
0.228316 6.098889 0.000804
0.076105 6.098889 0.000804
-0.076105 6.098889 0.000804
-0.228316 6.098889 0.000804
-0.380526 6.098889 0.000804
-0.532737 6.098889 0.000804
-0.684947 6.098889 0.000804
-0.837157 6.098889 0.000804
-0.989368 6.098889 0.000804
-1.141578 6.098889 0.000804
-1.293789 6.098889 0.000804
-1.445999 6.098889 0.000804
-1.598210 6.098889 0.000804
-1.750420 6.098889 0.000804
-1.902631 6.098889 0.000804
-2.021937 5.979582 0.000804
-2.141244 5.860275 0.000804
-2.260551 5.740969 0.000804
-2.379858 5.621662 0.000804
-2.499164 5.502355 0.000804
-2.618471 5.383048 0.000804
-2.737778 5.263742 0.000804
-2.737778 5.113349 0.000804
-2.737778 4.962956 0.000804
-2.737778 4.812564 0.000804
-2.737778 4.662171 0.000804
-2.737778 4.511779 0.000804
-2.737778 4.361386 0.000804
-2.737778 4.210993 0.000804
-2.737778 4.060601 0.000804
-2.737778 3.910208 0.000804
-2.737778 3.759816 0.000804
-2.737778 3.609423 0.000804
-2.737778 3.459030 0.000804
-2.737778 3.308638 0.000804
-2.737778 3.158245 0.000804
-2.737778 3.007852 0.000804
-2.737778 2.857460 0.000804
-2.737778 2.707067 0.000804
-2.737778 2.556675 0.000804
-2.737778 2.406282 0.000804
-2.737778 2.255889 0.000804
-2.737778 2.105497 0.000804
-2.737778 1.955104 0.000804
-2.737778 1.804711 0.000804
-2.737778 1.654319 0.000804
-2.737778 1.503926 0.000804
-2.737778 1.353534 0.000804
-2.737778 1.203141 0.000804
-2.737778 1.052748 0.000804
-2.737778 0.902356 0.000804
-2.737778 0.751963 0.000804
-2.737778 0.601570 0.000804
-2.737778 0.451178 0.000804
-2.737778 0.300785 0.000804
-2.737778 0.150393 0.000804
-2.737778 0.000000 0.000804
-2.737778 -0.150393 0.000804
-2.737778 -0.300785 0.000804
-2.737778 -0.451178 0.000804
-2.737778 -0.601570 0.000804
-2.737778 -0.751963 0.000804
-2.737778 -0.902356 0.000804
-2.737778 -1.052748 0.000804
-2.737778 -1.203141 0.000804
-2.737778 -1.353534 0.000804
-2.737778 -1.503926 0.000804
-2.737778 -1.654319 0.000804
-2.737778 -1.804711 0.000804
-2.737778 -1.955104 0.000804
-2.737778 -2.105497 0.000804
-2.737778 -2.255889 0.000804
-2.737778 -2.406282 0.000804
-2.737778 -2.556675 0.000804
-2.737778 -2.707067 0.000804
-2.737778 -2.857460 0.000804
-2.737778 -3.007852 0.000804
-2.737778 -3.158245 0.000804
-2.737778 -3.308638 0.000804
-2.737778 -3.459030 0.000804
-2.737778 -3.609423 0.000804
-2.737778 -3.759816 0.000804
-2.737778 -3.910208 0.000804
-2.737778 -4.060601 0.000804
-2.737778 -4.210993 0.000804
-2.737778 -4.361386 0.000804
-2.737778 -4.511779 0.000804
-2.737778 -4.662171 0.000804
-2.737778 -4.812564 0.000804
-2.737778 -4.962956 0.000804
-2.737778 -5.113349 0.000804
-2.737778 -5.263742 0.000804
-2.618471 -5.383048 0.000804
-2.499164 -5.502355 0.000804
-2.379858 -5.621662 0.000804
-2.260551 -5.740969 0.000804
-2.141244 -5.860275 0.000804
-2.021937 -5.979582 0.000804
-1.902631 -6.098889 0.000804
-1.750420 -6.098889 0.000804
-1.598210 -6.098889 0.000804
-1.445999 -6.098889 0.000804
-1.293789 -6.098889 0.000804
-1.141578 -6.098889 0.000804
-0.989368 -6.098889 0.000804
-0.837157 -6.098889 0.000804
-0.684947 -6.098889 0.000804
-0.532737 -6.098889 0.000804
-0.380526 -6.098889 0.000804
-0.228316 -6.098889 0.000804
-0.076105 -6.098889 0.000804
0.076105 -6.098889 0.000804
0.228316 -6.098889 0.000804
0.380526 -6.098889 0.000804
0.532737 -6.098889 0.000804
0.684947 -6.098889 0.000804
0.837157 -6.098889 0.000804
0.989368 -6.098889 0.000804
1.141578 -6.098889 0.000804
1.293789 -6.098889 0.000804
1.445999 -6.098889 0.000804
1.598210 -6.098889 0.000804
1.750420 -6.098889 0.000804
1.902631 -6.098889 0.000804
2.021937 -5.979582 0.000804
2.141244 -5.860275 0.000804
2.260551 -5.740969 0.000804
2.379858 -5.621662 0.000804
2.499164 -5.502355 0.000804
2.618471 -5.383048 0.000804
2.737778 -5.263742 0.000804
2.737778 -5.113349 0.000804
2.737778 -4.962956 0.000804
2.737778 -4.812564 0.000804
2.737778 -4.662171 0.000804
2.737778 -4.511779 0.000804
2.737778 -4.361386 0.000804
2.737778 -4.210993 0.000804
2.737778 -4.060601 0.000804
2.737778 -3.910208 0.000804
2.737778 -3.759816 0.000804
2.737778 -3.609423 0.000804
2.737778 -3.459030 0.000804
2.737778 -3.308638 0.000804
2.737778 -3.158245 0.000804
2.737778 -3.007852 0.000804
2.737778 -2.857460 0.000804
2.737778 -2.707067 0.000804
2.737778 -2.556675 0.000804
2.737778 -2.406282 0.000804
2.737778 -2.255889 0.000804
2.737778 -2.105497 0.000804
2.737778 -1.955104 0.000804
2.737778 -1.804711 0.000804
2.737778 -1.654319 0.000804
2.737778 -1.503926 0.000804
2.737778 -1.353534 0.000804
2.737778 -1.203141 0.000804
2.737778 -1.052748 0.000804
2.737778 -0.902356 0.000804
2.737778 -0.751963 0.000804
2.737778 -0.601570 0.000804
2.737778 -0.451178 0.000804
2.737778 -0.300785 0.000804
2.737778 -0.150393 0.000804
2.737778 0.000000 0.000804
2.737778 0.150393 0.000804
2.737778 0.300785 0.000804
2.737778 0.451178 0.000804
2.737778 0.601570 0.000804
2.737778 0.751963 0.000804
2.737778 0.902356 0.000804
2.737778 1.052748 0.000804
2.737778 1.203141 0.000804
2.737778 1.353534 0.000804
2.737778 1.503926 0.000804
2.737778 1.654319 0.000804
2.737778 1.804711 0.000804
2.737778 1.955104 0.000804
2.737778 2.105497 0.000804
2.737778 2.255889 0.000804
2.737778 2.406282 0.000804
2.737778 2.556675 0.000804
2.737778 2.707067 0.000804
2.737778 2.857460 0.000804
2.737778 3.007852 0.000804
2.737778 3.158245 0.000804
2.737778 3.308638 0.000804
2.737778 3.459030 0.000804
2.737778 3.609423 0.000804
2.737778 3.759816 0.000804
2.737778 3.910208 0.000804
2.737778 4.060601 0.000804
2.737778 4.210993 0.000804
2.737778 4.361386 0.000804
2.737778 4.511779 0.000804
2.737778 4.662171 0.000804
2.737778 4.812564 0.000804
2.737778 4.962956 0.000804
2.737778 5.113349 0.000804
