4.199272 1.123629 0.046595
4.101682 -5.132994 0.047671
3.769291 -6.357121 0.046353
-3.020827 -1.104328 0.048080
0.639871 7.049437 0.044046
0.799338 7.144402 0.044481
2.500224 6.142772 0.046551
-1.946846 7.394192 0.046835
4.199180 0.488528 0.046616
4.196659 0.173476 0.047323
4.098695 0.330955 0.046733
4.199537 0.806001 0.046522
4.101666 0.964801 0.046583
4.101573 0.647162 0.046560
3.906451 0.646100 0.046345
3.807258 0.485452 0.047042
3.901896 0.328940 0.045923
3.801789 0.165964 0.047154
3.607538 0.165473 0.047370
4.199045 1.440703 0.046664
4.101174 1.282080 0.046549
4.199157 -1.122852 0.046639
4.197023 -0.807188 0.047246
4.099038 -0.965084 0.046819
3.905137 -1.280374 0.046485
4.199089 -1.439832 0.046658
4.101103 -1.281348 0.046519
4.208319 -0.144098 0.044270
4.107835 0.019487 0.043424
3.853867 -0.149706 0.043577
3.909765 0.013989 0.047924
4.208824 -0.488673 0.044139
4.108704 -0.652602 0.043414
3.963618 -0.316302 0.037460
4.120000 -0.316192 0.048928
3.701280 -0.210420 0.040164
3.212489 0.174963 0.047855
3.702279 -0.420782 0.040323
3.855370 -0.482828 0.043368
3.911633 -0.646647 0.047883
3.500614 -0.647326 0.047348
3.551927 -0.482935 0.043668
3.807136 -1.120002 0.047055
3.902983 -0.963209 0.045822
3.611293 -0.799110 0.047161
3.803897 -0.799357 0.047261
2.919795 -0.943304 0.041898
2.914767 -0.655194 0.041193
3.017419 -0.804479 0.046620
3.301976 -0.654368 0.043752
3.218029 -0.807893 0.046866
0.562513 -6.483696 0.035846
4.200634 -4.970621 0.046685
0.482173 -7.691830 0.044292
0.464130 -7.878375 0.046125
1.298549 -7.605355 0.044505
1.463988 -7.692372 0.043871
3.721071 -6.544735 0.043633
3.549225 -6.580203 0.045500
4.198191 -5.292671 0.047263
3.935032 -6.326435 0.043285
4.209453 -5.940915 0.043748
4.142611 -6.118623 0.041998
3.983190 -6.138651 0.045092
-2.379091 -7.892854 0.043898
-1.298460 -7.605358 0.044505
-1.463899 -7.692377 0.043871
-2.918541 -1.230879 0.040280
-2.919429 -0.946848 0.041871
-3.018341 -3.681179 0.049638
-2.921992 -3.544095 0.041821
3.934946 6.326539 0.043287
4.142568 6.118696 0.042001
3.983108 6.138779 0.045090
3.720962 6.544859 0.043632
3.769180 6.357265 0.046350
1.003472 6.485666 0.038301
2.919992 4.125316 0.041820
1.432975 7.149199 0.043916
1.122827 7.333872 0.043795
2.601974 7.664317 0.045214
2.654602 7.486034 0.046964
1.960353 7.578877 0.047110
-0.000030 6.486322 0.039433
0.796108 6.770491 0.044148
0.638787 6.862235 0.044566
0.728592 6.483696 0.035267
0.829608 6.580790 0.045638
0.592677 7.973910 0.039195
-0.000042 7.414829 0.044214
-0.161211 7.323428 0.044164
0.481693 7.140875 0.044542
0.482581 7.325491 0.043979
0.322397 7.415704 0.044436
0.161127 7.323427 0.044164
1.341691 7.973849 0.039395
0.966270 7.424168 0.044780
0.644658 7.602753 0.044160
0.802948 7.330089 0.043979
0.644370 7.419741 0.044713
0.956194 7.053591 0.044120
0.954049 6.866882 0.044281
1.272305 7.057219 0.044077
1.116362 7.148982 0.044274
3.270383 5.808246 0.046665
1.588555 7.052287 0.044399
2.212209 6.781988 0.046138
2.373991 6.702782 0.045083
2.403996 6.518765 0.046249
3.282073 6.982359 0.044894
3.108249 7.023205 0.044853
2.977796 6.883076 0.045257
2.716690 6.603318 0.044803
2.626007 6.287138 0.045779
2.582959 6.467171 0.045115
2.838107 7.437099 0.043454
3.062118 7.205765 0.044573
2.888746 7.253482 0.044352
-2.602038 7.664262 0.045217
-2.654688 7.485963 0.046966
-1.960450 7.578858 0.047112
-1.003525 6.485668 0.038301
-1.126020 6.583864 0.045721
-0.829671 6.580793 0.045639
-1.290810 7.425171 0.045105
-1.122919 7.333872 0.043795
-1.786078 7.871266 0.047005
-1.630198 7.597239 0.045723
-1.791100 7.681408 0.043399
-1.433071 7.149198 0.043917
-1.445018 7.332260 0.043276
-1.618967 7.417310 0.045176
-1.766266 7.316814 0.043105
-1.588652 7.052284 0.044400
-1.747897 7.134850 0.042422
-1.902386 7.016595 0.046244
-1.896050 6.833739 0.040519
-2.072603 7.281632 0.041000
-2.046511 7.085998 0.040596
-2.196405 6.977440 0.040977
-2.212308 6.781940 0.046139
-2.056078 6.707642 0.044901
-2.030753 6.542403 0.042247
-3.282188 6.982245 0.044896
-3.501692 6.762790 0.044479
-3.327740 6.800314 0.045347
-2.716809 6.603217 0.044806
-2.374089 6.702713 0.045086
3.905050 1.281635 0.046622
3.512644 1.280156 0.046570
3.609489 1.438615 0.046798
3.806466 1.439376 0.046516
3.316831 1.278369 0.046428
3.440275 -0.315705 0.037129
3.295102 0.019999 0.043907
3.495614 0.014203 0.047560
3.548939 -0.148183 0.043648
4.200421 -4.325426 0.046711
4.103763 -4.486176 0.046806
4.200485 -4.647744 0.046725
4.103976 -4.809130 0.046920
3.909272 -5.133537 0.046191
3.808814 -5.301178 0.048874
3.211417 -3.006385 0.048358
3.012478 -2.979239 0.047872
2.910849 -3.086703 0.035933
0.297945 -7.973036 0.040914
0.966358 -7.424168 0.044780
0.644742 -7.602753 0.044160
0.644455 -7.419741 0.044713
0.803035 -7.330089 0.043979
0.592751 -7.973910 0.039194
2.072602 -7.281632 0.041000
2.247088 -7.288613 0.040523
1.946845 -7.394193 0.046835
1.630197 -7.597239 0.045723
2.342758 -7.412762 0.048057
2.806308 -6.930491 0.044393
3.108365 -7.023093 0.044855
2.977921 -6.882961 0.045259
2.536439 -7.357907 0.042088
2.654687 -7.485963 0.046966
2.594477 -7.173921 0.043960
2.763381 -7.118347 0.044984
2.281253 -6.368412 0.047754
1.637760 -7.971994 0.041004
1.341760 -7.973847 0.039395
1.476573 -7.877270 0.047118
2.281802 -7.591121 0.045194
4.200683 -5.611607 0.046452
4.101731 -5.453327 0.046528
4.112994 -5.777550 0.046295
3.904764 -5.461292 0.047320
3.869529 -5.975239 0.044464
3.932491 -5.791847 0.044777
3.642292 -5.684562 0.048221
3.823214 -5.633868 0.047816
-0.879617 -7.975976 0.035804
-1.133966 -7.697659 0.044627
-1.052285 -7.975976 0.036143
-1.164600 -7.881254 0.046747
-1.630104 -7.597247 0.045722
-2.422770 -7.714605 0.044747
-1.637695 -7.971996 0.041004
-1.341691 -7.973849 0.039395
-1.476496 -7.877273 0.047117
-2.212812 -7.968525 0.040793
-1.766163 -7.316827 0.043104
-1.618869 -7.417317 0.045176
-0.562460 -6.483696 0.035847
-0.728592 -6.483696 0.035267
-1.857357 -6.480322 0.038258
-4.200672 -5.611819 0.046443
-3.618668 -5.278545 0.048757
-3.909275 -5.133888 0.046182
-3.808807 -5.301507 0.048866
-3.904743 -5.461585 0.047311
-4.101718 -5.453599 0.046521
-3.769182 -6.357262 0.046350
-2.915261 -5.399644 0.041024
-3.018618 -5.534553 0.046853
-1.285233 -6.486767 0.039877
-2.919139 -0.376427 0.040600
-3.021377 -0.504617 0.048115
-2.919381 -0.660681 0.041922
-3.021667 -0.804494 0.047895
-3.221547 -0.491274 0.046188
-3.320219 -0.648046 0.046468
-3.222335 -0.805202 0.046089
-4.199547 -2.075372 0.046600
-3.220862 -1.119443 0.046307
-3.320133 -0.962671 0.046502
-3.612511 -1.121807 0.046571
-3.515971 -0.963247 0.046361
-4.102377 -2.234111 0.046608
-3.907762 -2.232716 0.046535
-4.199973 -2.394258 0.046534
-4.102648 -2.553491 0.046650
-4.200636 -4.970976 0.046676
-4.198189 -5.292964 0.047252
-4.101682 -5.133331 0.047663
-4.200488 -4.648150 0.046717
-4.103981 -4.809519 0.046912
-3.520000 -4.477724 0.045201
-3.321802 -4.469619 0.045768
-3.220019 -4.618475 0.046646
-3.222516 -5.224151 0.046211
-3.018275 -5.239809 0.044403
-2.918895 -4.405756 0.039885
-2.917316 -4.679243 0.037319
-3.019068 -4.579120 0.047310
-4.205719 -3.685245 0.045209
-2.913491 -3.837378 0.040943
-4.197879 -4.005411 0.047343
-4.106454 -3.847125 0.044752
-3.217855 -4.002542 0.047070
-3.021745 -4.285447 0.047495
-3.223701 -4.309955 0.046209
-3.323462 -4.163397 0.045060
-2.919993 -4.125316 0.041820
-3.016341 -3.988969 0.046066
3.423227 6.436460 0.044930
3.549099 6.580347 0.045495
3.501572 6.762915 0.044478
3.327613 6.800444 0.045343
3.018276 5.239812 0.044403
2.551554 5.955138 0.043934
0.562460 6.483696 0.035847
3.021744 4.285450 0.047495
3.223699 4.309963 0.046209
3.220019 4.618483 0.046646
3.321800 4.469627 0.045768
4.209428 5.941018 0.043742
2.536338 7.357979 0.042087
2.342657 7.412816 0.048056
1.930122 7.967847 0.041768
2.379090 7.892855 0.043898
2.422769 7.714606 0.044747
2.212812 7.968525 0.040793
2.084010 7.867801 0.045178
2.281716 7.591159 0.045193
2.109236 7.668684 0.044440
1.618868 7.417318 0.045176
1.298459 7.605358 0.044505
1.290716 7.425173 0.045105
1.444920 7.332263 0.043275
0.479515 6.769847 0.044425
0.452077 6.581008 0.046405
0.151090 6.583635 0.046671
0.284032 6.485884 0.038587
-0.160959 7.140499 0.044244
-0.284091 6.485884 0.038586
-0.151157 6.583635 0.046671
-0.159860 6.773245 0.044047
-0.452141 6.581009 0.046405
0.297869 7.973036 0.040915
0.321618 7.599030 0.044250
0.464051 7.878375 0.046125
0.482089 7.691829 0.044292
0.879616 7.975976 0.035804
0.772688 7.881315 0.046236
0.806630 7.696703 0.044631
0.969664 7.607770 0.044510
1.133965 7.697659 0.044627
1.052284 7.975976 0.036143
1.164600 7.881254 0.046747
1.637694 7.971996 0.041004
1.786003 7.871272 0.047004
1.791008 7.681419 0.043399
1.630103 7.597247 0.045722
1.476495 7.877273 0.047117
1.463898 7.692378 0.043871
3.348630 6.115493 0.045561
3.404766 5.939126 0.044609
3.475373 6.254542 0.045619
3.649463 6.210834 0.043615
1.902281 7.016613 0.046243
1.946742 7.394215 0.046835
1.766162 7.316827 0.043103
1.747795 7.134860 0.042422
1.581617 6.866763 0.043827
1.569498 6.486542 0.040135
2.055987 6.707669 0.044900
1.721221 6.578293 0.044704
1.895953 6.833750 0.040519
1.734529 6.766473 0.043872
2.334374 6.172497 0.042685
2.281194 6.368456 0.047749
2.806186 6.930596 0.044391
2.511781 6.838458 0.042896
2.675517 6.790588 0.046196
2.473547 7.034028 0.045481
2.763267 7.118442 0.044982
2.594364 7.174004 0.043959
3.167481 6.157034 0.045065
2.806728 6.241120 0.045318
4.199818 2.713733 0.046615
4.199973 2.394276 0.046534
4.102648 2.553509 0.046650
3.495604 3.160904 0.045065
3.532403 3.690010 0.042568
3.528394 3.330922 0.042800
2.919140 0.376414 0.040600
2.911894 0.096745 0.036317
3.013891 0.205442 0.047902
-1.052353 7.975976 0.036143
-0.879686 7.975976 0.035803
-2.838194 7.437019 0.043456
-3.108366 7.023092 0.044855
-3.062222 7.205665 0.044575
-2.888850 7.253389 0.044354
-2.977922 6.882960 0.045259
-1.930178 7.967843 0.041767
-2.379127 7.892834 0.043900
-2.422834 7.714565 0.044748
-2.212846 7.968518 0.040791
-2.084073 7.867789 0.045179
-2.281803 7.591120 0.045194
-2.109323 7.668662 0.044440
-1.285284 6.486768 0.039876
-1.421935 6.776780 0.043545
-1.581707 6.866762 0.043827
-1.734616 6.766471 0.043872
-1.423104 6.584739 0.045451
-1.268206 6.870325 0.044205
-1.116452 7.148984 0.044274
-1.272396 7.057221 0.044077
-1.110112 6.775381 0.043865
-0.562514 6.483696 0.035846
-0.728643 6.483696 0.035268
-0.956280 7.053593 0.044121
-0.796184 6.770494 0.044148
-0.954130 6.866886 0.044281
-1.637761 7.971994 0.041004
-1.463989 7.692372 0.043871
-1.298550 7.605355 0.044505
-1.341761 7.973847 0.039395
-1.476574 7.877270 0.047118
-1.164677 7.881252 0.046748
-1.134051 7.697657 0.044628
-3.935033 6.326434 0.043285
-2.319955 7.093788 0.041054
-2.536440 7.357907 0.042088
-2.342759 7.412761 0.048057
-2.247089 7.288612 0.040523
-2.126974 6.386381 0.041298
-3.721072 6.544734 0.043633
-3.549226 6.580201 0.045500
-3.423367 6.436291 0.044932
-3.769292 6.357120 0.046353
-3.246362 6.476443 0.045424
-2.891832 6.559934 0.045532
-3.022273 6.699675 0.045345
-3.198269 6.657877 0.045047
3.317634 1.910969 0.046336
3.510738 1.595584 0.046387
2.918752 1.953579 0.040627
3.021120 2.082320 0.047958
3.221543 2.069203 0.046249
3.612510 1.121818 0.046571
3.515969 0.963257 0.046361
3.614146 0.804113 0.046652
3.809205 0.804292 0.046682
3.906455 0.964153 0.046456
3.807938 1.122535 0.046651
3.612058 0.485909 0.046686
3.516193 0.646379 0.046286
3.512445 0.328906 0.046183
3.317908 0.332601 0.046287
2.918540 1.230858 0.040277
3.020831 -1.103599 0.048144
2.918891 -1.950734 0.040971
3.018435 -1.782002 0.048155
3.217347 -1.754602 0.046771
3.608318 -3.022484 0.047777
3.200031 -0.491953 0.044160
3.287017 -0.317681 0.048676
3.195169 -0.144362 0.044558
3.013432 -0.496192 0.048923
0.796183 -6.770494 0.044148
0.954129 -6.866886 0.044281
0.799423 -7.144403 0.044481
0.956280 -7.053593 0.044121
3.618667 -5.278219 0.048768
3.219997 -4.618068 0.046659
3.019056 -4.578695 0.047322
3.910372 -4.484566 0.046811
3.021724 -4.284928 0.047501
2.918886 -4.405253 0.039897
-2.918834 -2.808018 0.040462
3.423366 -6.436292 0.044932
2.852216 -6.062134 0.045225
1.110111 -6.775381 0.043865
1.126020 -6.583864 0.045721
1.122918 -7.333872 0.043795
1.116451 -7.148984 0.044274
1.290809 -7.425171 0.045105
1.423104 -6.584739 0.045451
1.285283 -6.486768 0.039876
1.003524 -6.485668 0.038301
0.728643 -6.483696 0.035268
0.829670 -6.580793 0.045639
2.319954 -7.093789 0.041054
2.473661 -7.033952 0.045484
3.282187 -6.982246 0.044896
3.501691 -6.762791 0.044479
3.327739 -6.800315 0.045347
2.838193 -7.437019 0.043456
3.062221 -7.205666 0.044575
2.888849 -7.253389 0.044354
2.126973 -6.386381 0.041298
2.030753 -6.542403 0.042247
2.212846 -7.968518 0.040791
2.379127 -7.892834 0.043900
2.602037 -7.664262 0.045217
2.422834 -7.714565 0.044748
1.052352 -7.975976 0.036143
1.164676 -7.881252 0.046748
1.134051 -7.697657 0.044628
0.969750 -7.607769 0.044511
0.806714 -7.696703 0.044631
0.879686 -7.975976 0.035803
0.772765 -7.881315 0.046236
-1.946743 -7.394214 0.046835
-2.281717 -7.591158 0.045193
-2.601975 -7.664316 0.045214
-2.551555 -5.955137 0.043934
-3.062120 -7.205763 0.044573
-2.675520 -6.790586 0.046196
-2.806188 -6.930594 0.044391
-2.084011 -7.867800 0.045178
-1.791009 -7.681418 0.043399
-1.930123 -7.967847 0.041768
-1.786004 -7.871272 0.047004
-2.109237 -7.668683 0.044440
-1.960354 -7.578877 0.047110
-0.796109 -6.770491 0.044148
-0.829608 -6.580790 0.045638
-1.110033 -6.775376 0.043865
-0.954050 -6.866882 0.044281
-1.125957 -6.583861 0.045720
-1.003472 -6.485666 0.038301
-0.297870 -7.973036 0.040915
0.321702 -7.599031 0.044250
-1.747797 -7.134860 0.042422
-1.902282 -7.016612 0.046243
-1.895954 -6.833750 0.040519
-3.511376 -5.401551 0.041914
-3.212251 -5.517632 0.043177
-3.313135 -5.367066 0.041490
-3.720964 -6.544856 0.043632
-4.209429 -5.941015 0.043742
-4.112958 -5.777735 0.046292
-3.934948 -6.326537 0.043287
-4.142569 -6.118694 0.042001
-3.983110 -6.138777 0.045090
-2.916056 -1.675062 0.037171
-3.017454 -1.403810 0.048313
-2.916056 -1.508561 0.036939
-4.199044 -1.440688 0.046664
-4.101042 -1.598797 0.046529
-4.199141 -1.757663 0.046664
-4.101545 -1.915855 0.046557
-3.512644 -1.280146 0.046570
-3.316833 -1.278359 0.046428
-3.215710 -1.436174 0.046988
-3.312769 -1.594930 0.046821
-3.905050 -1.281622 0.046622
-3.807939 -1.122523 0.046651
-4.199272 -1.123614 0.046595
-4.101173 -1.282066 0.046549
-2.919511 -2.238023 0.042001
-4.199818 -2.713716 0.046615
-4.197103 -3.031408 0.047385
-4.099778 -2.872525 0.047077
-3.904340 -2.871789 0.046152
-3.802697 -3.033511 0.047565
-4.107835 -0.019475 0.043424
-3.909764 -0.013979 0.047924
-2.911893 -0.096760 0.036317
-3.013890 -0.205449 0.047902
-2.919378 2.522305 0.042004
-3.815216 -4.970224 0.047335
-3.910968 -4.808209 0.046839
-3.814092 -4.645239 0.046788
-3.618365 -4.638793 0.048062
-2.917316 -4.845820 0.037770
-3.020330 -4.950939 0.046848
-2.920157 -5.119512 0.040911
-4.200425 -4.325871 0.046703
-4.103770 -4.486608 0.046799
-4.101161 -4.164570 0.047251
-3.910388 -4.485005 0.046804
-3.618741 -4.321045 0.047605
-3.520303 -4.166382 0.044659
-3.813401 -4.321880 0.047081
-3.907519 -4.162182 0.046105
3.246218 6.476599 0.045419
2.891701 6.560052 0.045529
3.022137 6.699802 0.045342
3.198131 6.658015 0.045046
3.117215 6.336221 0.045565
2.938691 6.377887 0.045267
3.330052 5.649358 0.041566
3.212251 5.517637 0.043177
2.722713 5.920611 0.045825
2.852105 6.062228 0.045224
3.081099 5.847388 0.043880
3.034333 6.019808 0.046123
3.018617 5.534556 0.046853
2.915261 5.399646 0.041024
2.947135 5.705418 0.046126
2.770978 5.736221 0.044761
3.021121 2.680943 0.047984
2.918833 2.808014 0.040462
3.502163 3.859744 0.044392
3.323461 4.163405 0.045060
2.920158 5.119512 0.040912
3.020331 4.950942 0.046848
2.917317 4.845818 0.037771
2.917317 4.679240 0.037319
3.019068 4.579123 0.047310
2.918894 4.405754 0.039884
3.519999 4.477732 0.045200
3.583600 5.884097 0.042897
3.869433 5.975429 0.044462
3.701554 6.016758 0.047524
4.198189 5.292970 0.047252
4.101682 5.133338 0.047663
2.196295 6.977482 0.040976
2.319842 7.093845 0.041054
2.046401 7.086025 0.040595
2.246978 7.288658 0.040523
2.072495 7.281660 0.040999
0.321258 7.048159 0.044200
0.320164 6.864334 0.044200
0.160876 7.140498 0.044244
0.159784 6.773246 0.044047
-0.000041 7.048971 0.044106
-0.000039 6.865543 0.044247
0.154638 7.877275 0.045896
0.160348 7.689814 0.044050
-0.000042 7.597890 0.044378
-0.160432 7.689814 0.044050
-0.592751 7.973910 0.039194
-0.464131 7.878375 0.046125
-0.772766 7.881315 0.046236
1.285233 6.486767 0.039877
1.423041 6.584737 0.045450
1.125956 6.583861 0.045720
1.110032 6.775376 0.043865
1.268121 6.870322 0.044205
1.421853 6.776777 0.043545
2.030699 6.542422 0.042246
2.126942 6.386403 0.041292
1.857357 6.480322 0.038258
3.908448 2.552164 0.046509
3.513573 1.910762 0.046446
3.610028 1.753838 0.046801
3.012578 2.980287 0.047905
3.211542 3.007033 0.048362
3.294984 3.151741 0.041599
3.221991 2.693738 0.046484
3.318667 2.847555 0.045234
4.099778 2.872542 0.047077
3.906128 3.190169 0.048106
-2.916688 1.670936 0.037879
-2.806309 6.930490 0.044393
-2.675637 6.790490 0.046199
-2.511893 6.838376 0.042898
-2.473662 7.033951 0.045484
-2.763382 7.118346 0.044984
-2.594478 7.173920 0.043960
-1.857392 6.480322 0.038255
-1.721283 6.578293 0.044705
-1.569543 6.486543 0.040134
-0.799424 7.144403 0.044481
-0.320242 6.864334 0.044201
-0.321340 7.048160 0.044200
-0.479589 6.769849 0.044425
-0.638865 6.862238 0.044566
-0.481776 7.140876 0.044542
-0.639954 7.049439 0.044047
-4.142612 6.118623 0.041998
-3.983191 6.138650 0.045092
-4.209454 5.940915 0.043748
-4.112994 5.777549 0.046295
-2.404087 6.518696 0.046251
-2.281254 6.368411 0.047754
-2.583063 6.467086 0.045118
-2.334414 6.172464 0.042689
3.017456 1.403804 0.048314
3.017669 1.782895 0.048250
3.215714 1.436187 0.046988
3.312776 1.594943 0.046821
3.216128 1.753404 0.046923
2.919429 0.946832 0.041869
3.020826 1.104324 0.048081
3.320132 0.962679 0.046503
3.220860 1.119453 0.046308
2.918772 -2.806544 0.040489
3.021245 -2.081353 0.047847
2.919497 -2.235881 0.042163
2.918179 -1.226412 0.039843
3.017723 -1.402352 0.048230
3.514988 -0.963051 0.045981
3.611745 -1.120090 0.046740
3.320362 -0.964791 0.046291
3.220788 -1.121673 0.046266
3.216217 -1.437844 0.046998
3.314094 -1.596040 0.046705
3.316630 -1.279978 0.046423
3.512961 -1.280136 0.046388
3.809564 -2.072097 0.046580
3.806868 -1.437780 0.046614
3.610924 -1.753357 0.046815
3.610084 -1.437454 0.046932
3.511629 -1.595491 0.046335
3.906103 -3.189663 0.048108
3.802669 -3.033035 0.047562
4.099779 -2.872044 0.047073
3.904334 -2.871329 0.046151
3.318559 -2.847044 0.045232
3.514818 -2.853889 0.045197
2.915808 -0.359864 0.040264
2.911894 -0.072643 0.035906
3.010558 -0.182306 0.049422
4.205132 -3.349100 0.045300
4.197098 -3.030905 0.047387
4.105087 -3.186817 0.044697
4.197873 -4.004937 0.047349
4.101151 -4.164107 0.047258
3.330109 -5.649099 0.041573
3.523096 -5.580681 0.041531
3.511379 -5.401247 0.041919
3.524711 -5.096940 0.043372
3.320664 -4.775530 0.046004
2.917312 -4.678841 0.037332
2.917312 -4.845485 0.037784
3.020319 -4.950639 0.046857
3.222730 -4.924133 0.046092
3.326795 -5.077061 0.044718
-3.338879 -3.434622 0.042625
-3.528395 -3.330912 0.042800
2.910849 -3.256734 0.035766
2.919980 -4.124705 0.041837
3.246361 -6.476444 0.045424
3.022271 -6.699677 0.045345
3.198268 -6.657878 0.045047
3.117357 -6.336075 0.045566
3.167619 -6.156868 0.045070
3.081201 -5.847230 0.043886
3.034457 -6.019674 0.046125
3.270482 -5.808024 0.046669
2.722785 -5.920552 0.045830
1.445017 -7.332260 0.043276
1.766265 -7.316814 0.043105
1.618966 -7.417310 0.045176
1.747897 -7.134850 0.042422
1.734615 -6.766471 0.043872
2.056077 -6.707642 0.044901
2.212308 -6.781940 0.046139
2.196404 -6.977440 0.040977
1.896049 -6.833739 0.040519
2.046510 -7.085998 0.040596
1.902385 -7.016595 0.046244
2.404086 -6.518696 0.046251
2.374088 -6.702714 0.045086
2.675636 -6.790490 0.046199
2.511892 -6.838377 0.042898
1.569542 -6.486543 0.040134
1.721282 -6.578293 0.044705
1.857392 -6.480322 0.038255
1.930178 -7.967843 0.041767
1.786077 -7.871266 0.047005
2.084072 -7.867789 0.045179
1.791099 -7.681408 0.043399
1.960449 -7.578858 0.047112
2.109322 -7.668662 0.044440
-2.342659 -7.412815 0.048056
-2.030700 -6.542421 0.042246
-2.055989 -6.707668 0.044900
-2.126943 -6.386403 0.041292
-2.722715 -5.920610 0.045825
-2.947136 -5.705416 0.046126
-2.770979 -5.736221 0.044761
-3.081101 -5.847384 0.043880
-2.977798 -6.883074 0.045257
-3.282075 -6.982357 0.044894
-3.108251 -7.023203 0.044853
-1.290717 -7.425173 0.045105
-1.444922 -7.332263 0.043275
-0.956195 -7.053591 0.044120
-1.122829 -7.333872 0.043795
-1.116363 -7.148982 0.044274
-0.154639 -7.877275 0.045896
-0.160349 -7.689814 0.044050
0.000038 -7.972810 0.041420
0.000041 -7.597890 0.044378
0.154717 -7.877275 0.045896
0.160431 -7.689814 0.044050
-0.592678 -7.973910 0.039195
-0.464052 -7.878375 0.046125
-0.772689 -7.881315 0.046236
0.482665 -7.325491 0.043979
0.322481 -7.415705 0.044436
-0.638788 -6.862236 0.044566
-0.284033 -6.485884 0.038587
-0.320165 -6.864334 0.044200
-0.452077 -6.581008 0.046405
-0.479515 -6.769848 0.044425
0.000041 -7.414829 0.044214
0.161211 -7.323428 0.044164
0.000040 -7.048971 0.044106
0.160958 -7.140499 0.044244
-1.734530 -6.766473 0.043872
-1.721222 -6.578293 0.044704
-1.423042 -6.584737 0.045450
-1.569498 -6.486542 0.040135
-3.823162 -5.634132 0.047809
-3.932423 -5.792062 0.044772
-3.869435 -5.975425 0.044462
-3.809145 -2.072603 0.046591
-3.905757 -1.914482 0.046646
-3.901896 -0.328929 0.045923
-3.801788 -0.165954 0.047154
-2.919432 -2.524031 0.041931
-3.021800 -2.381639 0.047768
-3.021123 -2.680942 0.047985
-3.221992 -2.693732 0.046484
-3.321460 -2.537093 0.046031
-3.222958 -2.381911 0.046135
-3.216120 -1.753390 0.046924
-3.017664 -1.782897 0.048250
-2.918751 -1.953592 0.040625
-3.021119 -2.082321 0.047958
-3.906129 -3.190154 0.048106
-4.113713 -3.516601 0.048016
-4.205137 -3.349607 0.045297
-4.105097 -3.187315 0.044698
-3.811158 -2.391519 0.046587
-3.615040 -2.704718 0.047071
-3.908448 -2.552148 0.046509
-3.810180 -2.711636 0.046967
-3.518304 -2.541300 0.045754
-3.616153 -2.387589 0.046837
-3.614207 -4.001523 0.047854
-3.908980 -3.840590 0.048156
-3.806762 -3.996487 0.047664
-3.302653 -3.863739 0.041346
-3.205989 -3.693966 0.043916
-3.341395 -3.583792 0.042561
-3.502164 -3.859735 0.044392
-3.532404 -3.690000 0.042568
-4.208319 0.144109 0.044270
-2.919497 2.235875 0.042163
-3.021732 2.380603 0.047684
-3.222918 2.381722 0.046098
-3.524727 -5.097284 0.043363
-3.620806 -4.956582 0.048287
-3.520831 -4.788121 0.044658
-3.326815 -5.077375 0.044710
-3.320684 -4.775908 0.045997
-3.222748 -4.924460 0.046080
2.919511 2.238014 0.042002
3.021799 2.381639 0.047768
2.919431 2.524025 0.041931
3.614206 4.001533 0.047853
3.520302 4.166391 0.044659
3.618739 4.321054 0.047605
4.200672 5.611823 0.046443
4.101717 5.453605 0.046521
4.112957 5.777739 0.046292
3.932421 5.792067 0.044772
4.200636 4.970984 0.046675
4.200488 4.648160 0.046717
4.103981 4.809528 0.046912
3.618364 4.638801 0.048061
3.814092 4.645247 0.046788
3.910967 4.808218 0.046839
-0.000038 7.972810 0.041420
-0.297945 7.973036 0.040914
-0.154717 7.877275 0.045896
-0.806715 7.696703 0.044631
-0.966359 7.424168 0.044780
-0.969751 7.607769 0.044511
-0.803035 7.330089 0.043979
3.811158 2.391535 0.046587
3.613833 2.070469 0.046637
4.199141 1.757679 0.046664
4.101043 1.598813 0.046529
3.904588 1.597931 0.046698
3.806901 1.755424 0.046501
4.205137 3.349622 0.045297
4.197102 3.031424 0.047385
4.105096 3.187330 0.044698
4.205718 3.685259 0.045209
4.113712 3.516615 0.048016
3.802696 3.033525 0.047564
3.608367 3.022978 0.047775
3.810179 2.711651 0.046967
3.904340 2.871805 0.046152
3.514871 2.854338 0.045209
3.615040 2.704731 0.047071
-3.610925 1.753360 0.046815
-3.807418 1.754491 0.046553
-3.906161 1.913885 0.046600
-2.551598 5.955100 0.043936
-2.500291 6.142718 0.046554
-2.626107 6.287056 0.045781
-3.904765 5.461290 0.047320
-4.205132 3.349099 0.045300
-3.321413 2.536780 0.046025
-3.518327 2.540997 0.045729
-3.615029 2.704311 0.047077
-4.200683 5.611605 0.046452
-4.198191 5.292669 0.047263
-4.101731 5.453326 0.046528
-4.113706 3.516102 0.048019
-3.813377 4.321419 0.047089
-3.910372 4.484565 0.046811
-4.101682 5.132993 0.047671
-4.200634 4.970619 0.046685
-4.103976 4.809129 0.046920
-2.917312 4.678841 0.037332
-2.917312 4.845484 0.037784
-3.519970 4.477271 0.045210
-3.520265 4.165883 0.044668
-3.618709 4.320573 0.047611
2.916060 1.508535 0.036940
2.916060 1.675040 0.037175
2.919381 0.660668 0.041922
3.021667 0.804489 0.047896
3.021378 0.504611 0.048116
3.221548 0.491276 0.046188
3.320220 0.648051 0.046469
3.222336 0.805207 0.046090
2.916687 -1.670948 0.037878
2.916687 -1.503390 0.037180
4.199632 -2.074778 0.046580
4.101161 -1.598026 0.046509
4.199215 -1.756904 0.046649
4.101705 -1.915219 0.046551
3.906160 -1.913882 0.046601
3.904907 -1.596949 0.046638
3.807417 -1.754488 0.046553
4.199824 -2.713218 0.046615
3.810195 -2.711199 0.046960
3.615030 -2.704311 0.047077
3.616288 -2.387266 0.046852
3.518328 -2.540996 0.045729
3.221856 -2.693248 0.046469
3.021007 -2.679895 0.047926
3.222919 -2.381722 0.046098
3.321413 -2.536780 0.046025
2.919378 -2.522310 0.042004
3.021732 -2.380606 0.047685
4.205717 -3.684752 0.045212
4.106447 -3.846641 0.044755
4.113706 -3.516103 0.048019
3.908961 -3.840099 0.048162
3.813377 -4.321420 0.047089
3.907498 -4.161711 0.046112
3.806734 -3.995999 0.047670
3.614169 -4.001017 0.047859
3.814075 -4.644815 0.046796
3.620791 -4.956205 0.048294
3.618341 -4.638366 0.048069
3.520809 -4.787724 0.044669
3.910957 -4.807810 0.046847
3.815204 -4.969844 0.047343
3.519971 -4.477272 0.045210
3.321771 -4.469167 0.045775
3.618709 -4.320575 0.047611
3.520265 -4.165884 0.044668
3.223667 -4.309470 0.046220
3.323422 -4.162885 0.045067
3.212263 -5.517399 0.043181
3.313117 -5.366793 0.041495
3.222489 -5.223886 0.046221
-3.200870 -3.321714 0.044505
-2.910888 -3.257910 0.035721
-3.015737 -3.369458 0.051912
-2.910888 -3.088062 0.035930
-3.012579 -2.980287 0.047906
-3.608368 -3.022967 0.047775
-3.495605 -3.160894 0.045065
-3.514872 -2.854327 0.045209
-3.318668 -2.847547 0.045234
-3.211543 -3.007027 0.048362
-3.294985 -3.151734 0.041599
2.921979 -3.543191 0.041856
3.015685 -3.368599 0.051915
3.404885 -5.938891 0.044616
3.348767 -6.115292 0.045564
3.701669 -6.016545 0.047529
3.583708 -5.883848 0.042903
3.649588 -6.210643 0.043619
3.475509 -6.254347 0.045625
2.551598 -5.955101 0.043936
2.334414 -6.172464 0.042689
2.500291 -6.142718 0.046554
1.581706 -6.866762 0.043827
1.421935 -6.776780 0.043545
1.268206 -6.870325 0.044205
1.272395 -7.057221 0.044077
1.433070 -7.149198 0.043917
1.588651 -7.052284 0.044400
2.891831 -6.559935 0.045532
2.716808 -6.603218 0.044806
2.938824 -6.377768 0.045270
2.806845 -6.241021 0.045322
2.626106 -6.287057 0.045781
2.583063 -6.467087 0.045118
-2.473549 -7.034027 0.045482
-2.511783 -6.838457 0.042896
-2.212211 -6.781988 0.046138
-2.373992 -6.702781 0.045083
-2.838108 -7.437098 0.043454
-2.888748 -7.253481 0.044352
-2.654603 -7.486033 0.046964
-2.536340 -7.357978 0.042087
-2.763269 -7.118440 0.044982
-2.594366 -7.174003 0.043959
-2.500226 -6.142771 0.046551
-2.334375 -6.172497 0.042685
-2.403997 -6.518763 0.046249
-2.281195 -6.368455 0.047749
-3.501574 -6.762912 0.044478
-3.327615 -6.800442 0.045343
-3.549102 -6.580344 0.045495
-3.423230 -6.436457 0.044930
-1.272307 -7.057219 0.044077
-1.581619 -6.866763 0.043827
-1.588557 -7.052287 0.044399
-1.432976 -7.149199 0.043916
-1.268122 -6.870322 0.044205
-1.421854 -6.776777 0.043545
-0.806631 -7.696703 0.044631
-0.969665 -7.607770 0.044510
-0.966271 -7.424168 0.044780
-0.321619 -7.599030 0.044250
-0.482090 -7.691829 0.044292
-0.644659 -7.602753 0.044160
0.000030 -6.486322 0.039433
-0.151091 -6.583635 0.046671
-0.159784 -6.773246 0.044047
0.000038 -6.865543 0.044247
0.638864 -6.862238 0.044566
0.321339 -7.048160 0.044200
0.639953 -7.049439 0.044047
0.481775 -7.140876 0.044542
-3.701556 -6.016753 0.047525
-3.348633 -6.115489 0.045561
-3.649465 -6.210830 0.043615
-3.475376 -6.254538 0.045619
-3.167484 -6.157030 0.045065
-2.852107 -6.062226 0.045224
-3.034335 -6.019805 0.046123
-3.610023 -1.753824 0.046801
-3.609487 -1.438604 0.046798
-3.510734 -1.595572 0.046386
-3.806465 -1.439363 0.046516
-3.904587 -1.597917 0.046698
-3.806898 -1.755409 0.046501
-4.199180 -0.488514 0.046616
-4.196659 -0.173464 0.047322
-4.098695 -0.330942 0.046733
-4.199537 -0.805987 0.046522
-4.101666 -0.964787 0.046583
-4.101574 -0.647148 0.046560
-3.906456 -0.964141 0.046456
-3.612058 -0.485901 0.046686
-3.516193 -0.646371 0.046286
-3.614147 -0.804103 0.046652
-3.807258 -0.485441 0.047041
-3.809206 -0.804280 0.046682
-3.906452 -0.646088 0.046345
-3.495613 -0.014198 0.047560
-3.607537 -0.165466 0.047370
-3.512444 -0.328900 0.046183
-3.317907 -0.332598 0.046287
-3.212487 -0.174964 0.047855
-3.295101 -0.019998 0.043907
-3.321092 -2.225166 0.046320
-3.221542 -2.069192 0.046249
-3.317630 -1.910957 0.046336
-3.513568 -1.910748 0.046447
-3.613830 -2.070455 0.046637
-3.517443 -2.226637 0.046078
-3.665204 -3.407222 0.042572
-3.834777 -3.351284 0.044802
-3.942321 -3.515439 0.041713
-3.836853 -3.677548 0.044505
-3.666698 -3.617141 0.042611
-4.208823 0.488682 0.044139
-4.120000 0.316202 0.048928
-3.511630 1.595494 0.046335
-3.314096 1.596043 0.046705
-3.610083 1.437457 0.046932
-3.512960 1.280139 0.046388
-2.911893 0.072630 0.035907
-4.199632 2.074781 0.046580
-4.199215 1.756907 0.046649
-4.101705 1.915222 0.046551
-4.199157 1.122858 0.046639
-4.199089 1.439837 0.046658
-4.101161 1.598030 0.046509
-4.101103 1.281353 0.046519
-3.904907 1.596952 0.046637
-3.806868 1.437783 0.046614
-3.905136 1.280378 0.046485
-3.217350 1.754605 0.046770
-3.018437 1.781998 0.048154
-2.918891 1.950725 0.040972
-3.021245 2.081350 0.047847
-2.913476 3.836637 0.040964
-3.302605 3.863176 0.041350
-2.910849 3.256731 0.035766
-2.910849 3.086699 0.035933
4.103770 4.486618 0.046799
3.910388 4.485015 0.046804
3.813400 4.321891 0.047081
3.520831 4.788129 0.044658
3.222749 4.924467 0.046080
3.320685 4.775916 0.045996
-0.644743 7.602753 0.044160
-0.644456 7.419741 0.044713
-0.482173 7.691830 0.044292
-0.482666 7.325491 0.043979
-0.322482 7.415705 0.044436
-0.321702 7.599031 0.044250
3.518303 2.541312 0.045754
3.616153 2.387603 0.046837
3.517444 2.226651 0.046078
3.321092 2.225177 0.046320
3.222957 2.381919 0.046135
3.321459 2.537102 0.046030
3.809147 2.072619 0.046590
3.905760 1.914498 0.046646
3.907763 2.232732 0.046535
4.101546 1.915871 0.046557
4.199548 2.075389 0.046600
4.102378 2.234129 0.046608
2.910888 3.088058 0.035930
2.910888 3.257907 0.035722
3.016341 3.988972 0.046066
3.302652 3.863747 0.041345
3.217854 4.002549 0.047070
3.666697 3.617152 0.042610
3.836852 3.677560 0.044505
3.942320 3.515453 0.041713
3.665203 3.407234 0.042572
3.834777 3.351298 0.044802
-3.514427 1.910835 0.046353
-3.318386 1.911530 0.046348
-3.321265 2.225192 0.046319
-3.221827 2.069549 0.046169
-2.915248 5.399522 0.041041
-2.806846 6.241020 0.045322
-3.117358 6.336074 0.045566
-2.938825 6.377767 0.045270
-3.475510 6.254345 0.045625
-3.649589 6.210642 0.043619
-3.932491 5.791845 0.044777
-3.823214 5.633866 0.047816
-3.869530 5.975237 0.044464
-3.701670 6.016544 0.047529
-3.810195 2.711200 0.046960
-3.616288 2.387268 0.046852
-3.517720 2.226520 0.046027
-3.614323 2.070181 0.046671
-3.809564 2.072100 0.046580
-4.205717 3.684751 0.045212
-4.200485 4.647743 0.046725
-4.200421 4.325424 0.046711
-4.103763 4.486175 0.046806
-3.907498 4.161710 0.046112
-4.101151 4.164105 0.047258
-4.197873 4.004935 0.047349
-4.106447 3.846640 0.044755
-3.909272 5.133535 0.046191
-3.808814 5.301176 0.048874
-3.618667 5.278218 0.048768
-3.320664 4.775528 0.046004
-3.524711 5.096938 0.043372
-3.323422 4.162883 0.045067
-3.217812 4.001993 0.047078
-2.919980 4.124704 0.041837
-3.016313 3.988355 0.046066
-3.219997 4.618066 0.046659
-3.321771 4.469165 0.045775
-3.223667 4.309468 0.046220
-3.019055 4.578694 0.047322
-2.918886 4.405252 0.039898
-3.021724 4.284926 0.047501
3.318385 -1.911528 0.046348
3.221827 -2.069547 0.046170
3.321265 -2.225191 0.046319
3.514426 -1.910832 0.046353
3.614322 -2.070179 0.046671
3.517720 -2.226518 0.046027
3.907964 -2.232270 0.046527
3.811291 -2.391099 0.046576
3.908496 -2.551719 0.046506
4.102488 -2.233614 0.046590
4.199998 -2.393746 0.046528
4.102679 -2.553022 0.046640
3.942314 -3.514946 0.041714
3.834755 -3.350788 0.044805
3.665182 -3.406710 0.042572
3.666681 -3.616626 0.042613
3.836838 -3.677052 0.044506
2.920150 -5.119278 0.040928
3.018255 -5.239597 0.044407
3.341359 -3.583208 0.042567
3.532371 -3.689460 0.042573
3.502120 -3.859201 0.044398
3.200778 -3.321066 0.044516
3.338822 -3.434050 0.042618
3.294881 -3.151133 0.041601
3.495523 -3.160386 0.045068
3.528335 -3.330387 0.042807
-2.196297 -6.977481 0.040976
-2.319844 -7.093844 0.041054
-2.046402 -7.086024 0.040595
-2.072496 -7.281660 0.040999
-2.246980 -7.288657 0.040523
-0.639872 -7.049437 0.044046
-0.799339 -7.144402 0.044481
-0.802949 -7.330089 0.043979
-0.644371 -7.419741 0.044713
0.452140 -6.581009 0.046405
0.479589 -6.769849 0.044425
0.320241 -6.864334 0.044201
0.159859 -6.773245 0.044047
0.284090 -6.485884 0.038586
0.151156 -6.583635 0.046671
-3.404768 -5.939121 0.044609
-3.330054 -5.649352 0.041566
-3.270384 -5.808241 0.046665
-3.583602 -5.884092 0.042898
-3.523056 -5.580973 0.041523
-3.642220 -5.684833 0.048213
-3.117218 -6.336218 0.045565
-3.246221 -6.476596 0.045419
-3.022140 -6.699799 0.045342
-3.198134 -6.658013 0.045046
-3.316628 1.279981 0.046423
-3.220786 1.121676 0.046266
-3.216217 1.437848 0.046998
-3.020829 1.103595 0.048144
-3.013432 0.496187 0.048923
-2.915808 0.359853 0.040264
-3.195168 0.144361 0.044558
-3.010558 0.182299 0.049423
-4.197023 0.807195 0.047245
-4.108703 0.652610 0.043414
-4.099037 0.965091 0.046819
-3.911631 0.646654 0.047883
-3.942314 3.514945 0.041713
-3.834754 3.350787 0.044805
-3.015685 3.368596 0.051915
-3.205942 3.693368 0.043922
-2.921978 3.543189 0.041856
-3.018312 3.680466 0.049642
-3.221855 2.693247 0.046469
-3.012478 2.979236 0.047872
-2.918771 2.806540 0.040489
-3.021006 2.679892 0.047926
4.200425 4.325882 0.046703
3.326816 5.077382 0.044709
3.222516 5.224157 0.046211
3.313135 5.367072 0.041490
2.913491 3.837378 0.040943
3.205988 3.693973 0.043916
3.341394 3.583800 0.042561
3.338878 3.434630 0.042624
3.200869 3.321720 0.044506
3.015737 3.369460 0.051912
2.921992 3.544094 0.041821
3.018341 3.681182 0.049638
-3.642292 5.684561 0.048221
-3.583709 5.883846 0.042903
-2.920150 5.119277 0.040928
-3.018255 5.239596 0.044407
-3.020319 4.950638 0.046857
-3.222730 4.924131 0.046092
-3.222489 5.223885 0.046221
-3.326795 5.077059 0.044718
-4.199824 2.713219 0.046615
-3.904334 2.871329 0.046151
-3.906102 3.189662 0.048108
-3.802668 3.033035 0.047562
-4.099779 2.872045 0.047073
-4.197098 3.030905 0.047387
-4.105087 3.186817 0.044697
-3.908495 2.551720 0.046506
-3.907964 2.232273 0.046527
-3.811290 2.391101 0.046576
-4.102488 2.233617 0.046590
-4.199998 2.393749 0.046528
-4.102679 2.553023 0.046640
-3.618341 4.638365 0.048069
-3.520809 4.787722 0.044669
-3.814075 4.644813 0.046796
-3.620791 4.956204 0.048294
-3.910957 4.807809 0.046847
-3.815204 4.969842 0.047343
2.947194 -5.705326 0.046125
2.771018 -5.736188 0.044760
3.018628 -5.534419 0.046862
2.915248 -5.399523 0.041041
3.217812 -4.001995 0.047078
3.302606 -3.863178 0.041350
3.016313 -3.988357 0.046067
2.913476 -3.836639 0.040963
3.018312 -3.680468 0.049642
3.205943 -3.693369 0.043923
-0.481694 -7.140875 0.044542
-0.321259 -7.048159 0.044200
-0.322398 -7.415704 0.044436
-0.482582 -7.325491 0.043979
-0.161128 -7.323427 0.044164
-0.160877 -7.140498 0.044244
-2.716692 -6.603317 0.044804
-2.891703 -6.560049 0.045529
-2.938693 -6.377885 0.045267
-2.806731 -6.241118 0.045318
-2.582961 -6.467170 0.045115
-2.626009 -6.287136 0.045779
-3.611743 1.120095 0.046740
-3.803895 0.799363 0.047261
-3.807135 1.120007 0.047055
-3.902981 0.963215 0.045822
-3.548937 0.148188 0.043648
-2.918178 1.226400 0.039841
-2.916688 1.503375 0.037180
-3.017723 1.402347 0.048230
-2.914767 0.655184 0.041193
-3.017419 0.804475 0.046620
-2.919795 0.943294 0.041897
-3.665181 3.406709 0.042572
-3.341359 3.583206 0.042567
-3.614169 4.001016 0.047859
-3.502119 3.859199 0.044398
-3.806734 3.995997 0.047670
-3.532371 3.689459 0.042573
-3.666680 3.616625 0.042613
-3.908961 3.840098 0.048162
-3.836838 3.677051 0.044506
-3.318558 2.847043 0.045232
-3.514818 2.853889 0.045197
-3.608318 3.022484 0.047777
-3.211416 3.006384 0.048358
4.197878 4.005424 0.047343
4.106454 3.847139 0.044752
4.101161 4.164582 0.047251
3.907518 4.162193 0.046105
3.806761 3.996498 0.047664
3.908979 3.840602 0.048156
3.511375 5.401557 0.041914
3.904742 5.461591 0.047311
3.823161 5.634137 0.047809
3.523055 5.580979 0.041523
3.642219 5.684839 0.048213
-3.511379 5.401245 0.041919
-3.523096 5.580679 0.041531
-3.313117 5.366791 0.041495
-3.404886 5.938889 0.044616
-3.167620 6.156867 0.045070
-3.348768 6.115290 0.045564
-3.514986 0.963055 0.045981
-3.611291 0.799115 0.047161
-3.218028 0.807894 0.046866
-3.320360 0.964794 0.046291
-3.287016 0.317682 0.048676
-3.440273 0.315709 0.037129
-3.200031 0.491953 0.044160
-3.301975 0.654370 0.043752
-3.551925 0.482940 0.043668
-3.500612 0.647330 0.047348
-3.853865 0.149715 0.043577
-3.701277 0.210427 0.040164
-3.963616 0.316312 0.037460
-3.855368 0.482836 0.043368
-3.702276 0.420789 0.040323
-3.200778 3.321064 0.044516
-3.338821 3.434049 0.042618
-3.294880 3.151132 0.041601
-3.528334 3.330386 0.042807
-3.495523 3.160386 0.045068
3.808807 5.301514 0.048866
3.618668 5.278552 0.048757
3.909275 5.133895 0.046182
3.815216 4.970232 0.047335
3.620807 4.956589 0.048286
3.524727 5.097291 0.043363
-2.771019 5.736187 0.044760
-3.034458 6.019673 0.046125
-2.722786 5.920552 0.045830
-2.852217 6.062134 0.045225
-3.018628 5.534418 0.046862
-2.947194 5.705325 0.046125
-3.081202 5.847229 0.043886
-3.212263 5.517397 0.043181
-3.330109 5.649097 0.041573
-3.270482 5.808022 0.046669
