4.215017 1.138674 0.047201
4.117295 0.978125 0.047209
4.215293 0.817244 0.047140
4.117308 0.656503 0.047216
3.922151 0.655734 0.046949
2.928559 -0.079288 0.036382
3.027195 -0.186346 0.050387
2.396933 -7.947537 0.045374
2.463305 -7.768025 0.047540
4.123839 -5.143039 0.045273
-1.113208 -6.637259 0.043879
-4.117450 -2.261925 0.047206
0.626085 7.107902 0.043399
2.169867 6.891331 0.041486
2.544085 6.874914 0.045349
2.724145 6.822209 0.044549
-0.568586 6.542809 0.038431
4.215030 0.495732 0.047220
4.212614 0.176434 0.047912
4.114629 0.336026 0.047392
3.823241 0.492993 0.047704
3.917996 0.334056 0.046522
3.628257 0.493764 0.047320
3.529038 0.334629 0.046798
3.212058 -0.144945 0.045209
3.312379 0.021609 0.044481
3.334630 0.338811 0.046948
3.229810 0.179350 0.048371
3.234027 -0.818702 0.047545
3.215938 -0.497561 0.044826
3.303030 -0.320981 0.049230
3.456366 -0.319316 0.037484
3.317817 -0.662428 0.044363
2.935741 -0.958820 0.042416
3.033511 -0.816820 0.047468
4.214882 -1.136018 0.047257
4.212855 -0.816434 0.047853
4.114721 -0.976388 0.047478
3.920561 -1.296208 0.047092
4.214827 -1.456792 0.047254
4.116693 -1.296617 0.047183
4.214651 -4.984521 0.047365
0.476240 -7.751601 0.043751
0.460269 -7.937494 0.045298
1.269562 -7.665718 0.042809
1.335273 -8.033300 0.038631
2.228556 -8.024978 0.041547
2.598533 -7.386408 0.045326
2.346300 -7.133356 0.045071
2.034840 -7.357928 0.045863
1.882445 -7.473448 0.041575
3.500685 -5.572904 0.043635
4.234743 -5.987390 0.041650
3.625260 -5.482237 0.043075
4.222204 -5.309211 0.045436
3.173949 -6.363649 0.045204
-3.153679 -7.053893 0.045165
-1.335157 -8.033303 0.038630
-1.287258 -6.542795 0.038175
-1.013576 -6.540972 0.035713
-0.844836 -6.540972 0.036016
-3.333017 -5.496484 0.050137
-3.249862 -5.312713 0.044141
-3.043352 -5.306989 0.045945
-3.815291 -5.579717 0.043328
-3.500548 -5.573607 0.043618
-3.625164 -5.482974 0.043058
-3.326637 -7.014289 0.044159
-3.753986 -6.575105 0.044277
-2.935309 -0.377173 0.041534
-3.037671 -0.510548 0.048805
-2.934040 -1.242450 0.040018
-4.215198 -2.101173 0.047135
-3.822018 -1.459562 0.047170
-3.034080 -1.422464 0.049272
-3.237405 -2.103763 0.046804
-3.335840 -2.262962 0.047165
-2.935304 -2.267140 0.042733
-3.037196 -2.112918 0.048712
-3.531578 -2.262507 0.047058
-3.922143 -2.262025 0.047081
-4.216319 -5.643328 0.047368
-3.343686 -5.169555 0.050140
-3.237648 -4.996397 0.045711
-4.116174 -4.824636 0.046893
-4.214642 -4.985473 0.047341
4.234666 5.987643 0.041645
4.169399 6.171028 0.039428
3.753986 6.575105 0.044277
1.013576 6.540972 0.035713
0.844836 6.540972 0.036016
0.766098 7.940353 0.045373
0.795553 7.755940 0.044207
0.951951 7.666375 0.043293
0.471267 7.201071 0.043627
0.157841 7.384559 0.043302
0.739985 6.637274 0.044435
0.568503 6.542810 0.038434
0.621745 6.921758 0.043494
0.774119 6.826318 0.043401
0.588946 8.032355 0.038966
3.326637 7.014289 0.044159
3.079243 6.729376 0.045087
3.173611 6.364036 0.045199
3.513390 6.248750 0.047802
2.270028 6.743352 0.039838
2.424006 6.728101 0.047039
2.768413 6.643980 0.044897
2.948909 6.594611 0.045189
2.993502 6.416986 0.044690
2.856556 6.283877 0.046287
2.148200 6.581787 0.039920
2.173856 6.415511 0.044766
1.404982 7.205483 0.043528
1.991457 6.825587 0.039681
1.984243 6.639994 0.043389
1.848464 6.542330 0.040025
2.650779 7.710732 0.041496
2.396848 7.947586 0.045368
2.463154 7.768118 0.047539
2.228482 8.024996 0.041549
1.725859 7.387856 0.043986
2.711464 7.522839 0.042409
-1.155057 7.941297 0.045157
-1.335273 8.033300 0.038631
-2.396933 7.947537 0.045374
-2.228556 8.024978 0.041547
-0.740086 6.637275 0.044433
-0.000047 6.543549 0.040158
-3.754240 6.574820 0.044277
-3.546375 6.792851 0.043696
-3.471524 6.450358 0.043198
-3.591402 6.602213 0.046171
-2.880910 7.466568 0.043881
-2.711664 7.522675 0.042412
-2.650930 7.710601 0.041500
-2.463305 7.768025 0.047540
-2.548875 6.176760 0.043351
-2.376933 6.208272 0.044089
3.818011 0.168671 0.047883
3.717317 -0.212818 0.040620
3.624038 0.168473 0.048019
3.512200 0.014914 0.048305
3.565214 -0.149975 0.044110
4.214824 1.459476 0.047240
4.116825 1.299219 0.047171
3.238035 0.499817 0.046755
2.935378 0.665876 0.042604
3.037671 0.510549 0.048805
2.930786 -0.667111 0.041623
2.931652 -0.368947 0.040310
3.029422 -0.504126 0.049776
4.224201 -0.145370 0.044827
4.123800 0.020222 0.044020
3.925830 0.014429 0.048573
3.869864 -0.151329 0.044022
4.224619 -0.493932 0.044709
4.124458 -0.659879 0.044012
3.979437 -0.319708 0.037813
4.135804 -0.319542 0.049445
3.718115 -0.425581 0.040753
3.871079 -0.488098 0.043848
3.927286 -0.653879 0.048526
3.516208 -0.654921 0.048112
3.567665 -0.488389 0.044111
3.822561 -1.133969 0.047747
3.918533 -0.974749 0.046444
3.626838 -0.808874 0.047837
3.819495 -0.808794 0.047989
0.568586 -6.542809 0.038431
0.936346 -7.108175 0.043220
4.214779 -4.344980 0.047218
4.116330 -4.504641 0.047021
4.214567 -4.664812 0.047300
4.116202 -4.823597 0.046912
2.935062 -4.162726 0.042253
0.296013 -8.031647 0.040423
0.946239 -7.481335 0.043726
0.634507 -7.662047 0.043183
0.589065 -8.032355 0.038964
1.093894 -7.202901 0.043713
1.099795 -7.389520 0.043347
1.259473 -7.482697 0.043684
1.631847 -8.033242 0.040205
1.463753 -7.940034 0.045601
1.587253 -7.665453 0.042419
1.437351 -7.756170 0.044322
1.869010 -7.104400 0.043698
2.029692 -7.173968 0.040165
2.191010 -7.054148 0.044806
2.170096 -6.891223 0.041490
1.566248 -6.544045 0.039728
2.650931 -7.710601 0.041500
2.711664 -7.522675 0.042412
2.880910 -7.466568 0.043881
1.717789 -7.202744 0.043159
1.413026 -7.390331 0.043409
1.573016 -7.482635 0.043148
1.726076 -7.387832 0.043990
2.444344 -7.445786 0.040449
2.325139 -7.325853 0.040789
2.174997 -7.430604 0.039708
2.369850 -7.639476 0.040236
2.199157 -7.628520 0.040626
1.933280 -8.031782 0.040964
1.777762 -7.938516 0.046363
2.091642 -7.930252 0.047548
2.078257 -7.739784 0.045637
1.901702 -7.657388 0.042515
1.759570 -7.754591 0.044417
3.534503 -5.800769 0.045278
3.649742 -5.303557 0.044907
3.928195 -5.138649 0.048341
3.845733 -5.286929 0.042353
3.674337 -5.863046 0.040521
3.104177 -7.237143 0.044627
2.932366 -7.281762 0.044044
2.755261 -5.969939 0.043089
2.893770 -6.109149 0.042138
2.584711 -6.000094 0.044171
2.376933 -6.208272 0.044089
2.548875 -6.176760 0.043352
2.949216 -6.594313 0.045197
2.993829 -6.416667 0.044698
2.768696 -6.643720 0.044905
2.638963 -6.503529 0.046790
2.856852 -6.283603 0.046297
2.682507 -6.321057 0.042323
2.474567 -6.534989 0.040875
2.424227 -6.727926 0.047053
2.270226 -6.743218 0.039840
2.346169 -6.384030 0.043024
-3.028899 -6.912657 0.044801
-1.403180 -6.640326 0.043866
-1.566183 -6.544039 0.039727
-1.099624 -7.389518 0.043345
-1.259298 -7.482698 0.043683
-1.269394 -7.665723 0.042808
-0.568503 -6.542810 0.038434
-0.739985 -6.637274 0.044435
0.000047 -6.543549 0.040158
-0.875546 -8.034506 0.036031
-0.766098 -7.940353 0.045373
-1.115594 -7.757583 0.044274
-1.048859 -8.034506 0.035722
-1.154927 -7.941301 0.045154
-2.933489 -4.899745 0.039143
-3.038207 -5.014455 0.049021
-2.937734 -5.181889 0.042599
-3.035737 -4.327278 0.048932
-3.234669 -4.348865 0.047008
-2.933755 -4.449150 0.039848
-2.933489 -4.729255 0.037940
-3.034228 -4.630506 0.049073
-3.830473 -5.732580 0.042257
-3.036287 -1.119025 0.048976
-3.238222 -0.818236 0.046750
-2.935378 -0.665873 0.042604
-3.037625 -0.814714 0.048660
-2.935263 -0.955807 0.042215
-3.629652 -0.816610 0.047263
-3.824666 -0.816321 0.047347
-3.238035 -0.499817 0.046755
-3.336339 -0.658664 0.047131
-3.532154 -0.656793 0.046929
-3.235924 -1.137819 0.047134
-3.335497 -0.978123 0.047137
-3.627540 -1.138760 0.047233
-3.531113 -0.978368 0.047072
-4.214824 -1.459477 0.047240
-4.116723 -1.619766 0.047158
-4.214916 -1.780108 0.047211
-4.117098 -1.940525 0.047184
-3.920226 -1.619720 0.047257
-4.215268 -2.422635 0.047109
-4.215293 -0.817245 0.047140
-2.934908 -1.977229 0.041758
-3.034948 -1.808333 0.049048
-3.334012 -1.942842 0.047097
-3.233842 -1.783102 0.047388
-3.628697 -2.101566 0.047085
-3.529566 -1.941101 0.047204
-3.626193 -1.780242 0.047257
-3.822531 -1.779959 0.047182
-3.824004 -2.101171 0.047207
-3.921210 -1.940422 0.047169
-3.819774 -4.664448 0.046815
-3.918552 -4.823119 0.047265
-4.214548 -4.665950 0.047280
-4.222199 -5.309987 0.045411
-4.125502 -5.474848 0.047907
-3.944658 -5.456997 0.044821
-4.123825 -5.143912 0.045257
-4.215125 -4.025912 0.047102
-3.919133 -4.505888 0.047202
-4.116862 -4.186203 0.047111
-4.214754 -4.346325 0.047200
-4.116286 -4.505873 0.047001
-3.334000 -4.189632 0.047294
-2.934998 -4.162225 0.042215
4.137970 5.814409 0.046508
3.958330 6.375254 0.042616
3.796936 6.391069 0.043712
4.012371 6.186968 0.047127
3.676246 6.216491 0.046371
3.035737 4.327278 0.048932
2.933755 4.449151 0.039848
1.631730 8.033247 0.040204
1.154927 7.941301 0.045154
1.115594 7.757583 0.044274
1.335157 8.033303 0.038630
1.463614 7.940042 0.045598
1.048859 8.034506 0.035722
0.875546 8.034506 0.036031
0.783649 7.200956 0.043730
0.787640 7.387499 0.043369
0.946077 7.481335 0.043725
1.099624 7.389518 0.043345
-0.000074 7.476060 0.043525
0.157130 7.200876 0.043582
0.313347 7.108655 0.043223
0.285794 6.543487 0.039764
0.148688 6.640528 0.044862
0.445473 6.639789 0.044804
0.154787 6.830558 0.043016
0.464580 6.829694 0.043194
0.311000 6.923422 0.043572
-0.445582 6.639788 0.044804
-0.285885 6.543487 0.039762
-0.148800 6.640528 0.044862
0.295891 8.031647 0.040424
0.460137 7.937494 0.045298
-0.460269 7.937494 0.045298
-0.476240 7.751601 0.043751
-0.316994 7.659467 0.043376
3.471205 6.450778 0.043191
3.303578 6.497691 0.046219
3.591111 6.602556 0.046162
3.253803 6.685406 0.044559
3.546099 6.793147 0.043692
3.376418 6.829084 0.045515
3.674089 5.863626 0.040502
3.972308 5.840562 0.043125
3.830473 5.732580 0.042257
3.911977 6.029736 0.040995
3.737246 6.043444 0.044382
2.893475 6.109416 0.042130
3.214861 6.182829 0.044792
3.387014 6.114456 0.043970
3.071671 6.061318 0.045845
3.095944 5.888759 0.041796
2.937734 5.181889 0.042599
2.474364 6.535169 0.040866
2.638711 6.503753 0.046780
2.682261 6.321275 0.042315
2.346043 6.384143 0.043014
2.548717 6.176898 0.043340
2.376846 6.208351 0.044084
1.287258 6.542795 0.038175
1.113208 6.637259 0.043879
1.556676 7.112697 0.043246
1.851686 6.918907 0.043573
1.868780 7.104434 0.043694
1.717573 7.202756 0.043159
1.933173 8.031789 0.040965
1.777622 7.938528 0.046360
1.759391 7.754612 0.044415
2.091512 7.930277 0.047544
2.369660 7.639566 0.040233
2.880705 7.466758 0.043876
2.807267 7.141959 0.045504
3.153679 7.053893 0.045165
3.103935 7.237381 0.044621
2.932126 7.281983 0.044039
3.028899 6.912657 0.044801
2.854297 6.956121 0.044564
4.214958 2.743747 0.047176
3.823553 3.705421 0.047179
4.214757 3.064162 0.047213
4.116699 2.904148 0.047143
-0.589065 8.032355 0.038964
-0.766227 7.940352 0.045373
-0.634507 7.662047 0.043183
-0.795699 7.755938 0.044207
-1.631847 8.033242 0.040205
-1.463753 7.940034 0.045601
-1.587253 7.665453 0.042419
-1.437351 7.756170 0.044322
-1.013634 6.540975 0.035716
-0.844901 6.540975 0.036013
-2.935062 4.162727 0.042253
-3.303907 6.497292 0.046234
-2.369850 7.639476 0.040236
-2.474567 6.534989 0.040875
-2.346169 6.384030 0.043024
4.116723 1.619766 0.047158
3.920226 1.619719 0.047257
3.920516 1.299351 0.047228
3.822018 1.459562 0.047170
3.527039 1.620304 0.047198
3.331970 1.299065 0.047187
3.625169 1.459863 0.047375
3.527971 1.299761 0.047238
3.532154 0.656793 0.046929
3.336339 0.658664 0.047131
3.920219 2.904508 0.047220
3.037196 2.112919 0.048712
2.934908 1.977232 0.041758
2.935309 0.377176 0.041533
2.928559 0.092462 0.037461
3.030852 0.206983 0.048586
4.116702 -1.617151 0.047162
3.036957 -1.120424 0.048983
2.934871 -1.979100 0.041580
3.034643 -1.808853 0.049042
4.215146 -4.024355 0.047120
4.116910 -4.184755 0.047134
4.117227 -3.863842 0.047180
3.921690 -3.864168 0.047059
-0.476096 -7.751601 0.043751
0.000062 -8.031596 0.040830
-0.153391 -7.936735 0.045116
0.153523 -7.936735 0.045116
-0.295891 -8.031647 0.040424
-0.588946 -8.032355 0.038966
-0.460137 -7.937494 0.045298
1.155057 -7.941297 0.045157
0.766227 -7.940352 0.045373
1.115748 -7.757578 0.044275
0.952104 -7.666373 0.043294
0.795699 -7.755938 0.044207
0.740086 -6.637275 0.044433
0.931142 -6.919683 0.043811
0.774253 -6.826321 0.043400
1.545324 -6.926326 0.043637
1.245717 -7.111236 0.043239
1.556872 -7.112705 0.043247
1.405170 -7.205489 0.043529
1.287325 -6.542802 0.038177
1.403285 -6.640339 0.043870
1.113306 -6.637269 0.043884
1.081362 -6.826931 0.043067
1.238389 -6.923759 0.043649
1.386293 -6.831634 0.042571
2.173917 -6.415453 0.044773
2.148315 -6.581705 0.039925
1.693049 -6.639873 0.042946
1.689116 -6.830860 0.042060
1.984357 -6.639967 0.043387
1.848522 -6.542336 0.040025
1.851886 -6.918894 0.043574
1.991654 -6.825538 0.039684
3.215186 -6.182369 0.044809
3.387319 -6.113922 0.043981
3.096199 -5.888291 0.041818
3.071983 -6.060933 0.045846
3.253772 -5.807265 0.041735
3.401689 -5.911460 0.047798
4.216354 -5.642766 0.047390
4.138081 -5.813945 0.046511
3.972513 -5.840048 0.043140
3.944714 -5.456254 0.044844
4.125542 -5.474146 0.047921
3.815401 -5.579031 0.043347
3.830660 -5.731975 0.042269
4.169517 -6.170864 0.039416
3.546375 -6.792851 0.043696
3.303907 -6.497292 0.046234
3.326906 -7.014017 0.044164
3.153950 -7.053622 0.045173
3.029185 -6.912377 0.044808
3.376711 -6.828768 0.045526
3.079550 -6.729067 0.045096
3.254120 -6.685063 0.044564
2.642937 -7.190276 0.042149
2.807523 -7.141736 0.045511
2.544341 -6.874716 0.045355
2.509908 -7.057158 0.044905
2.724414 -6.821970 0.044558
2.854569 -6.955872 0.044571
-2.270028 -6.743352 0.039838
-2.346043 -6.384143 0.043014
-2.148200 -6.581787 0.039920
-2.173856 -6.415511 0.044766
-3.471204 -6.450778 0.043191
-3.591111 -6.602556 0.046162
-3.546099 -6.793147 0.043692
-3.376418 -6.829084 0.045515
-1.933173 -8.031789 0.040965
-2.228482 -8.024996 0.041549
-2.091512 -7.930277 0.047544
-1.901508 -7.657422 0.042511
-1.882227 -7.473490 0.041574
-2.198963 -7.628583 0.040624
-2.078077 -7.739826 0.045635
-1.631730 -8.033247 0.040204
-1.777622 -7.938528 0.046360
-1.759391 -7.754612 0.044415
-1.463614 -7.940042 0.045598
-1.587069 -7.665470 0.042416
-1.437184 -7.756181 0.044322
-2.854297 -6.956121 0.044564
-2.509659 -7.057330 0.044898
-2.169867 -6.891331 0.041486
-1.868780 -7.104434 0.043694
-3.103935 -7.237381 0.044621
-1.093725 -7.202896 0.043711
-1.081221 -6.826919 0.043066
-1.692942 -6.639861 0.042942
-1.848464 -6.542330 0.040025
-1.984243 -6.639994 0.043389
-1.688949 -6.830845 0.042060
-1.851686 -6.918907 0.043573
-1.991457 -6.825587 0.039681
-1.725859 -7.387857 0.043986
-1.572818 -7.482646 0.043147
-1.717573 -7.202756 0.043159
-1.412837 -7.390332 0.043407
-0.464580 -6.829694 0.043194
-0.445473 -6.639789 0.044804
-0.285794 -6.543487 0.039764
-0.148688 -6.640528 0.044862
0.285885 -6.543487 0.039762
0.148800 -6.640528 0.044862
0.445582 -6.639788 0.044804
-3.218880 -5.620088 0.040200
-4.169399 -6.171028 0.039428
-4.234666 -5.987643 0.041645
-4.137970 -5.814410 0.046508
-3.972308 -5.840562 0.043125
-3.513390 -6.248750 0.047802
-3.534291 -5.801396 0.045264
-3.674089 -5.863626 0.040502
-4.215017 -1.138674 0.047201
-4.117295 -0.978126 0.047209
-4.116825 -1.299220 0.047171
-3.921823 -0.977971 0.047088
-3.920516 -1.299352 0.047228
-3.823237 -1.138652 0.047276
-3.922151 -0.655735 0.046949
-4.117308 -0.656503 0.047216
-2.930786 0.667115 0.041623
-3.029422 0.504127 0.049776
-2.931652 0.368951 0.040309
-3.030852 -0.206982 0.048586
-2.928559 -0.092457 0.037461
-2.928559 0.079293 0.036382
-3.027196 0.186347 0.050387
-2.933056 -1.522732 0.037685
-2.933056 -1.692543 0.038760
-3.527039 -1.620304 0.047198
-3.625169 -1.459863 0.047375
-3.527970 -1.299762 0.047238
-3.331970 -1.299066 0.047187
-3.232373 -1.460286 0.047752
-3.330243 -1.621422 0.047348
-3.625866 -4.988474 0.045647
-3.649711 -5.304380 0.044892
-3.536664 -5.165050 0.049159
-3.821384 -4.979580 0.046007
-3.928188 -5.139536 0.048313
-3.845717 -5.287759 0.042338
-3.330498 -4.839987 0.048590
-3.525737 -4.836569 0.048275
-3.231795 -4.672720 0.047253
-3.330254 -4.512951 0.047639
-3.525696 -4.512653 0.047808
-3.622476 -4.669004 0.046549
-2.933156 -3.124860 0.037784
-3.333772 -3.548249 0.047118
-3.330141 -3.226639 0.047304
-3.233855 -3.388354 0.047338
-2.934862 -3.580848 0.041897
-2.933156 -3.295330 0.039036
-3.035003 -3.412574 0.049022
-3.037065 -3.717470 0.048680
-2.935219 -3.871322 0.042797
-3.037201 -4.022390 0.048640
-3.237123 -3.709091 0.046764
-3.335346 -3.868762 0.047231
-3.237271 -4.028210 0.046675
-3.237690 -2.422567 0.046746
-3.334733 -2.582858 0.047120
-2.935076 -2.557680 0.042193
-3.037364 -2.417589 0.048665
-3.331243 -2.904061 0.047194
-3.232052 -3.065339 0.047764
-3.033920 -3.025965 0.049229
-3.235170 -2.742565 0.047186
-2.933780 -2.844487 0.039841
-3.035839 -2.722365 0.048976
-3.526714 -3.225437 0.047240
-4.214850 -3.384389 0.047182
-4.116946 -3.544628 0.047153
-4.215113 -3.705011 0.047110
-4.117221 -3.865487 0.047157
-3.821520 -4.346706 0.047087
-3.920781 -4.186569 0.047076
-3.625380 -4.348916 0.046806
-3.529269 -4.189981 0.047392
4.216319 5.643327 0.047368
4.214548 4.665950 0.047280
4.116286 4.505873 0.047001
4.214642 4.985472 0.047341
4.116174 4.824635 0.046893
3.815291 5.579717 0.043328
3.625164 5.482973 0.043058
3.649711 5.304379 0.044892
1.587069 7.665470 0.042416
1.437184 7.756181 0.044322
1.572819 7.482646 0.043147
1.269394 7.665723 0.042808
1.259298 7.482698 0.043683
1.412837 7.390332 0.043407
0.936187 7.108170 0.043219
1.238229 6.923744 0.043648
1.245543 7.111227 0.043238
1.093726 7.202896 0.043711
0.930997 6.919675 0.043810
1.081221 6.826919 0.043066
-0.157992 7.384558 0.043302
-0.316451 7.476540 0.043598
-0.000070 6.923609 0.043595
-0.154922 6.830558 0.043016
-0.000074 7.108694 0.043176
-0.157279 7.200875 0.043583
0.153391 7.936735 0.045116
0.158390 7.750449 0.043457
-0.000073 7.659023 0.043423
-0.158533 7.750448 0.043458
0.634359 7.662048 0.043182
0.476096 7.751601 0.043751
0.632319 7.478647 0.043844
0.316848 7.659467 0.043375
0.473510 7.385273 0.043322
0.316301 7.476540 0.043597
3.249862 5.312713 0.044141
3.043352 5.306989 0.045945
3.500548 5.573607 0.043618
3.253558 5.807877 0.041723
3.218880 5.620087 0.040200
3.333017 5.496484 0.050137
3.534291 5.801396 0.045264
3.401438 5.912062 0.047783
2.584609 6.000187 0.044169
2.755072 5.970102 0.043074
1.403180 6.640326 0.043866
1.566183 6.544039 0.039727
1.692942 6.639861 0.042942
1.386138 6.831616 0.042570
1.545147 6.926313 0.043634
1.688949 6.830845 0.042060
2.509659 7.057330 0.044898
2.642690 7.190462 0.042143
2.598307 7.386567 0.045321
2.444128 7.445907 0.040446
1.901508 7.657422 0.042511
1.882227 7.473490 0.041574
2.078078 7.739826 0.045635
2.198963 7.628582 0.040624
4.215113 3.705010 0.047110
3.920936 3.544740 0.047124
4.116591 3.224294 0.047131
4.214850 3.384389 0.047182
4.116946 3.544628 0.047153
-2.935341 2.268569 0.042700
-1.048967 8.034505 0.035723
-0.875657 8.034505 0.036029
-0.952104 7.666373 0.043294
-1.259473 7.482697 0.043684
-1.269562 7.665718 0.042809
-1.115748 7.757578 0.044275
-1.099795 7.389520 0.043347
-0.946239 7.481335 0.043726
-1.933280 8.031782 0.040964
-1.777762 7.938516 0.046363
-1.759570 7.754591 0.044417
-2.091642 7.930252 0.047548
-2.584711 6.000094 0.044171
-2.935251 3.871903 0.042755
-3.037297 4.022123 0.048669
-3.237911 2.421229 0.046731
-2.935163 2.559071 0.042291
-3.037488 2.417676 0.048661
-2.638963 6.503529 0.046790
-2.682507 6.321057 0.042323
-3.326906 7.014017 0.044164
-3.376711 6.828768 0.045526
-3.254120 6.685064 0.044564
-2.544341 6.874716 0.045355
-2.424227 6.727926 0.047053
-1.413026 7.390331 0.043409
-1.573016 7.482635 0.043148
-1.689116 6.830860 0.042060
-1.693048 6.639873 0.042946
-1.848522 6.542336 0.040025
-2.173917 6.415453 0.044773
4.215198 2.101172 0.047135
4.214916 1.780107 0.047211
4.117098 1.940524 0.047184
4.215268 2.422634 0.047109
4.117209 2.583407 0.047186
4.117450 2.261924 0.047206
3.922143 2.262025 0.047081
3.531578 2.262507 0.047058
3.335840 2.262962 0.047165
3.334012 1.942842 0.047097
3.237405 2.103762 0.046804
3.921210 1.940421 0.047169
3.824004 2.101170 0.047207
3.822531 1.779958 0.047182
3.628697 2.101565 0.047085
3.626192 1.780241 0.047257
3.529565 1.941100 0.047204
2.934040 1.242453 0.040018
3.235925 1.137819 0.047134
3.335497 0.978123 0.047137
3.238222 0.818235 0.046750
3.036287 1.119026 0.048976
3.037625 0.814715 0.048660
2.935263 0.955810 0.042215
3.627540 1.138760 0.047233
3.531113 0.978367 0.047072
3.629652 0.816609 0.047263
3.824666 0.816321 0.047347
3.921824 0.977970 0.047088
3.823238 1.138651 0.047276
3.822807 2.744390 0.047190
3.921539 2.583689 0.047120
3.824290 2.423017 0.047186
3.629031 2.423104 0.047078
3.331243 2.904061 0.047194
3.527333 2.904968 0.047263
3.530336 2.583849 0.047147
3.626863 2.744463 0.047147
4.215182 -2.098605 0.047158
4.214891 -1.777479 0.047234
4.117057 -1.937933 0.047195
3.233447 -1.781722 0.047447
2.934001 -2.846277 0.040120
3.037196 -2.113160 0.048726
2.935341 -2.268567 0.042700
2.934233 -1.245585 0.040312
3.034005 -1.423758 0.049218
4.214999 -2.741568 0.047187
4.214772 -3.062187 0.047232
4.116755 -2.902105 0.047162
4.117473 -2.259426 0.047225
4.215307 -2.420223 0.047120
4.117290 -2.581125 0.047207
4.215097 -3.703289 0.047137
3.823490 -3.703750 0.047205
3.334220 -4.188461 0.047318
3.920890 -4.185144 0.047092
3.823589 -4.025069 0.047166
3.628247 -4.026348 0.046936
3.529488 -4.188672 0.047401
3.234970 -4.347768 0.046993
3.034274 -4.630383 0.049127
3.035932 -4.327010 0.048950
2.933886 -4.449807 0.039977
3.231873 -4.671671 0.047266
3.330522 -4.511852 0.047641
3.249906 -5.311974 0.044167
3.219013 -5.619451 0.040206
3.333113 -5.495781 0.050155
3.043376 -5.306619 0.045977
3.033911 -3.026198 0.049284
2.932926 -3.127028 0.037691
-0.634358 -7.662048 0.043182
-0.946077 -7.481335 0.043725
-0.787640 -7.387499 0.043369
-0.632319 -7.478647 0.043844
-0.951951 -7.666375 0.043293
-0.795553 -7.755940 0.044207
-0.316848 -7.659467 0.043375
-0.158390 -7.750449 0.043457
0.316994 -7.659467 0.043376
0.158533 -7.750448 0.043458
0.000073 -7.659023 0.043423
0.000075 -7.476060 0.043525
1.048967 -8.034505 0.035723
0.875657 -8.034505 0.036029
0.844901 -6.540975 0.036013
1.013634 -6.540975 0.035716
3.958526 -6.375006 0.042614
3.737521 -6.042939 0.044396
3.912233 -6.029296 0.041002
4.012575 -6.186667 0.047138
-2.396848 -7.947586 0.045368
-2.424006 -6.728101 0.047039
-2.544085 -6.874914 0.045349
-2.474364 -6.535169 0.040866
-2.638711 -6.503753 0.046780
-2.724145 -6.822209 0.044549
-2.768413 -6.643980 0.044897
-2.346054 -7.133486 0.045068
-2.190761 -7.054251 0.044801
-2.324906 -7.325959 0.040786
-2.029446 -7.174034 0.040164
-2.174773 -7.430679 0.039707
-2.034606 -7.357990 0.045860
-2.932126 -7.281983 0.044039
-2.807267 -7.141959 0.045504
-2.642690 -7.190462 0.042143
-2.880705 -7.466758 0.043876
-1.245543 -7.111227 0.043238
-1.556676 -7.112697 0.043246
-1.404981 -7.205483 0.043528
-1.545147 -6.926313 0.043634
-1.386138 -6.831616 0.042570
-1.238228 -6.923744 0.043648
-0.783649 -7.200956 0.043730
-0.936187 -7.108170 0.043219
-0.626085 -7.107902 0.043399
-0.930997 -6.919675 0.043810
-0.774119 -6.826318 0.043401
-0.621745 -6.921758 0.043494
-0.311000 -6.923422 0.043572
-0.154786 -6.830558 0.043016
0.783806 -7.200959 0.043731
0.632472 -7.478647 0.043844
0.787799 -7.387500 0.043369
-2.682261 -6.321275 0.042315
-2.755072 -5.970102 0.043074
-2.948909 -6.594611 0.045189
-3.079243 -6.729376 0.045087
-3.253803 -6.685406 0.044559
-3.303578 -6.497691 0.046219
-2.955648 -5.758539 0.040728
-2.792971 -5.791784 0.044411
-2.938634 -5.461523 0.043854
-3.031007 -5.590851 0.041543
-4.012371 -6.186968 0.047127
-3.958330 -6.375254 0.042616
-3.796936 -6.391069 0.043712
-3.911976 -6.029736 0.040995
-3.676246 -6.216491 0.046371
-3.737246 -6.043444 0.044382
-3.095944 -5.888760 0.041796
-3.387014 -6.114457 0.043970
-3.253558 -5.807877 0.041723
-3.401438 -5.912062 0.047783
-4.215030 -0.495732 0.047220
-3.628257 -0.493764 0.047320
-3.823241 -0.492994 0.047704
-2.934233 1.245589 0.040312
-3.919971 -3.224430 0.047225
-4.214757 -3.064163 0.047213
-4.116591 -3.224295 0.047131
-3.921672 -3.865786 0.047039
-3.823495 -4.026577 0.047147
-3.530927 -3.867981 0.047164
-3.628122 -4.027778 0.046916
4.214754 4.346325 0.047200
3.628122 4.027778 0.046916
3.918552 4.823119 0.047265
3.821384 4.979580 0.046007
3.343686 5.169555 0.050140
3.536664 5.165050 0.049159
3.625866 4.988474 0.045647
3.525737 4.836568 0.048275
4.123825 5.143912 0.045257
4.222199 5.309987 0.045411
3.928188 5.139535 0.048313
3.845717 5.287759 0.042338
4.125502 5.474848 0.047907
3.944658 5.456997 0.044821
3.231795 4.672720 0.047253
3.034228 4.630507 0.049073
2.933489 4.729256 0.037940
3.237648 4.996397 0.045711
3.330498 4.839987 0.048590
3.038207 5.014455 0.049021
2.933489 4.899745 0.039143
-0.313495 7.108654 0.043223
-0.464716 6.829692 0.043194
-0.311141 6.923421 0.043572
-0.000062 8.031596 0.040830
-0.296013 8.031647 0.040423
-0.153523 7.936735 0.045116
3.031007 5.590851 0.041543
2.938634 5.461523 0.043854
2.955648 5.758539 0.040728
2.792971 5.791784 0.044411
2.190762 7.054251 0.044801
2.346054 7.133486 0.045068
2.324906 7.325959 0.040786
2.029446 7.174034 0.040164
2.034606 7.357990 0.045860
2.174773 7.430679 0.039707
3.821658 3.064657 0.047129
3.919971 3.224430 0.047225
3.822220 3.384636 0.047164
3.624716 3.065044 0.047302
-4.215307 2.420224 0.047120
-4.117473 2.259426 0.047225
-3.822496 1.777091 0.047236
-3.921127 1.937770 0.047181
-2.934871 1.979102 0.041580
-3.037196 2.113161 0.048726
-1.901702 7.657388 0.042515
-2.199157 7.628520 0.040626
-2.078257 7.739784 0.045637
-3.096199 5.888291 0.041818
-2.755261 5.969939 0.043089
-3.237109 3.707819 0.046797
-2.934832 3.581761 0.041746
-3.037067 3.717216 0.048726
-3.153950 7.053623 0.045173
-2.807523 7.141736 0.045511
-3.104177 7.237143 0.044627
-2.932365 7.281762 0.044044
-2.724414 6.821970 0.044558
-2.768696 6.643720 0.044905
-2.854569 6.955872 0.044571
-3.029184 6.912377 0.044808
-2.949216 6.594313 0.045197
-3.079550 6.729067 0.045096
-2.270226 6.743218 0.039840
-1.984357 6.639967 0.043387
-2.148314 6.581705 0.039925
-2.642936 7.190276 0.042149
-2.509908 7.057158 0.044905
-2.598533 7.386408 0.045326
-2.444344 7.445786 0.040449
-1.566248 6.544045 0.039728
-1.113306 6.637269 0.043884
-1.287325 6.542802 0.038177
-1.403285 6.640339 0.043870
3.034947 1.808334 0.049048
2.933055 1.692546 0.038760
3.233842 1.783101 0.047388
3.330243 1.621422 0.047349
3.232373 1.460285 0.047752
3.034080 1.422466 0.049272
2.933055 1.522736 0.037685
3.035840 2.722366 0.048976
3.235171 2.742564 0.047186
3.237690 2.422567 0.046746
3.334733 2.582858 0.047120
2.935304 2.267141 0.042733
3.037364 2.417590 0.048665
2.935076 2.557682 0.042193
3.232052 3.065339 0.047764
3.237271 4.028210 0.046675
3.822230 -1.456157 0.047298
3.920237 -1.616925 0.047235
3.626091 -1.777630 0.047363
3.921127 -1.937770 0.047181
3.822496 -1.777091 0.047236
3.530606 -0.975540 0.046676
3.627291 -1.134681 0.047367
3.336186 -0.977861 0.046961
3.236887 -1.137583 0.046952
3.232438 -1.459255 0.047741
3.330025 -1.619980 0.047405
3.332595 -1.298241 0.047106
3.527120 -1.618203 0.047119
3.625518 -1.456897 0.047533
3.528580 -1.297659 0.047119
3.821728 -3.062837 0.047145
3.920343 -2.902547 0.047234
2.935163 -2.559069 0.042291
3.037488 -2.417674 0.048661
3.036149 -2.722363 0.048960
3.235666 -2.741004 0.047132
3.335103 -2.581264 0.047145
3.237910 -2.421229 0.046731
2.932789 -1.695353 0.038369
2.932789 -1.526155 0.037597
4.116595 -3.222424 0.047148
4.214838 -3.382557 0.047207
4.116919 -3.542863 0.047169
3.920850 -3.542998 0.047155
3.919962 -3.222632 0.047249
3.822137 -3.382900 0.047173
3.237418 -4.027099 0.046684
3.037067 -3.717216 0.048726
3.037297 -4.022122 0.048669
2.935251 -3.871902 0.042755
3.237109 -3.707819 0.046797
3.335414 -3.867482 0.047248
3.628118 -3.704822 0.047015
3.530975 -3.866519 0.047185
3.625594 -4.347668 0.046817
3.525878 -4.511540 0.047829
3.919223 -4.504691 0.047222
3.821653 -4.345419 0.047110
3.237539 -4.995455 0.045752
3.330413 -4.838979 0.048633
3.536646 -5.164162 0.049189
3.343681 -5.168704 0.050160
2.933404 -4.730055 0.037889
2.955805 -5.758258 0.040732
2.793080 -5.791690 0.044409
3.031083 -5.590441 0.041556
2.938651 -5.461416 0.043811
2.934832 -3.581760 0.041746
2.932926 -3.296937 0.038699
3.034742 -3.412373 0.049063
3.624794 -3.063352 0.047325
3.527611 -2.903252 0.047283
3.331675 -2.902401 0.047177
3.232068 -3.063681 0.047765
-0.473510 -7.385273 0.043322
-0.316301 -7.476540 0.043597
-0.157841 -7.384559 0.043302
-0.471267 -7.201071 0.043627
-0.313346 -7.108655 0.043223
-0.157130 -7.200876 0.043582
3.513700 -6.248269 0.047815
3.676530 -6.216032 0.046381
3.471524 -6.450358 0.043198
3.797193 -6.390728 0.043720
3.754240 -6.574820 0.044277
3.591402 -6.602213 0.046171
-2.650779 -7.710732 0.041496
-2.711464 -7.522839 0.042409
-2.369660 -7.639566 0.040233
-2.463154 -7.768119 0.047539
-2.444127 -7.445907 0.040446
-2.598307 -7.386567 0.045321
0.154922 -6.830558 0.043016
0.000070 -6.923609 0.043595
0.000074 -7.108694 0.043176
0.157992 -7.384558 0.043302
0.157279 -7.200875 0.043583
0.316451 -7.476540 0.043598
0.473662 -7.385273 0.043322
-2.584609 -6.000187 0.044169
-2.376846 -6.208351 0.044084
-2.548717 -6.176898 0.043340
-3.173611 -6.364036 0.045199
-3.214861 -6.182829 0.044792
-3.071670 -6.061318 0.045845
-2.993501 -6.416986 0.044690
-2.893475 -6.109416 0.042130
-2.856556 -6.283877 0.046287
-3.212058 0.144944 0.045209
-3.917996 -0.334057 0.046522
-4.212614 -0.176435 0.047912
-4.114629 -0.336026 0.047392
-4.224619 0.493932 0.044709
-4.124458 0.659879 0.044012
-4.224201 0.145369 0.044827
-4.123800 -0.020223 0.044020
-3.979437 0.319707 0.037813
-4.135804 0.319541 0.049445
-4.214958 -2.743748 0.047176
-4.116699 -2.904148 0.047143
-4.117209 -2.583408 0.047186
-3.628181 -3.706415 0.046997
-3.529249 -3.546355 0.047240
-3.625905 -3.385257 0.047173
-3.822220 -3.384637 0.047164
-3.920936 -3.544741 0.047124
-3.823553 -3.705422 0.047179
4.215125 4.025911 0.047102
4.116862 4.186203 0.047111
4.117221 3.865487 0.047157
3.921672 3.865786 0.047039
3.823495 4.026576 0.047147
3.920781 4.186569 0.047076
3.622476 4.669004 0.046549
3.821520 4.346706 0.047087
3.919133 4.505887 0.047202
3.819774 4.664448 0.046815
-0.471419 7.201070 0.043627
-0.473662 7.385273 0.043322
-0.632472 7.478647 0.043844
-0.787799 7.387500 0.043369
-4.215182 2.098605 0.047158
-4.214891 1.777479 0.047234
-4.117056 1.937933 0.047195
-4.116702 1.617151 0.047162
-4.214827 1.456792 0.047254
-4.116693 1.296618 0.047183
-3.920237 1.616925 0.047235
-4.214882 1.136018 0.047257
-4.212855 0.816434 0.047853
-4.114721 0.976388 0.047478
-3.871079 0.488097 0.043848
-3.927286 0.653879 0.048526
-3.335990 2.261425 0.047180
-3.237422 2.102463 0.046821
-2.932788 1.526159 0.037597
-3.034005 1.423760 0.049218
-2.932788 1.695356 0.038369
-3.034643 1.808854 0.049042
-1.717789 7.202744 0.043159
-1.726076 7.387832 0.043990
-1.882445 7.473448 0.041575
-2.993829 6.416667 0.044698
-3.173949 6.363650 0.045204
-2.856852 6.283603 0.046297
-2.893770 6.109149 0.042138
-3.215186 6.182369 0.044809
-3.071983 6.060933 0.045846
-2.955805 5.758258 0.040732
-2.793080 5.791690 0.044409
-3.031083 5.590441 0.041556
-2.938651 5.461416 0.043811
-2.937740 5.182004 0.042523
-3.043376 5.306619 0.045977
-4.214773 3.062187 0.047232
-4.215097 3.703289 0.047137
-4.116595 3.222424 0.047148
-3.920850 3.542998 0.047155
-4.214838 3.382557 0.047207
-4.116919 3.542863 0.047169
-3.335414 3.867482 0.047248
-3.237418 4.027099 0.046684
-3.628118 3.704822 0.047015
-3.530975 3.866519 0.047185
-3.628247 4.026348 0.046936
-3.823490 3.703750 0.047205
-3.919962 3.222632 0.047249
-3.822137 3.382900 0.047173
-2.934001 2.846279 0.040120
-3.036149 2.722364 0.048960
-3.529044 3.544728 0.047275
-3.333596 3.546762 0.047126
-3.625703 3.383558 0.047216
-3.526595 3.223805 0.047236
-1.851886 6.918894 0.043574
-1.991653 6.825538 0.039684
-1.869010 7.104400 0.043698
-2.170096 6.891223 0.041490
-1.386293 6.831634 0.042571
-1.545324 6.926326 0.043637
-1.405170 7.205489 0.043529
-1.556872 7.112705 0.043247
3.330141 3.226639 0.047304
3.625905 3.385257 0.047173
3.526714 3.225436 0.047240
2.933156 3.295332 0.039035
2.934998 4.162226 0.042215
3.037202 4.022391 0.048640
3.529450 -1.938957 0.047205
3.335990 -2.261425 0.047180
3.333901 -1.941273 0.047100
3.237423 -2.102463 0.046821
3.922208 -2.259546 0.047091
3.823987 -2.098563 0.047248
3.531733 -2.260489 0.047056
3.628715 -2.099211 0.047127
3.530733 -2.581932 0.047135
3.627232 -2.742523 0.047151
3.629284 -2.420961 0.047108
3.823031 -2.742333 0.047215
3.921734 -2.581448 0.047125
3.824486 -2.420666 0.047205
3.819855 -4.663365 0.046832
3.918597 -4.822100 0.047289
3.821403 -4.978634 0.046022
3.622570 -4.667964 0.046571
3.625844 -4.987518 0.045676
3.525753 -4.835584 0.048282
3.038128 -5.014111 0.049066
2.933404 -4.900219 0.038982
2.937740 -5.182004 0.042524
3.529044 -3.544727 0.047275
3.625703 -3.383557 0.047216
3.526595 -3.223804 0.047236
3.333596 -3.546762 0.047126
3.233464 -3.386771 0.047408
3.329804 -3.224984 0.047366
0.626236 -7.107904 0.043400
0.471419 -7.201070 0.043627
0.313495 -7.108654 0.043223
0.621888 -6.921758 0.043496
0.464716 -6.829692 0.043194
0.311141 -6.923421 0.043572
-3.529039 -0.334629 0.046798
-3.334631 -0.338811 0.046948
-3.229811 -0.179351 0.048371
-3.312380 -0.021610 0.044481
-3.818012 -0.168671 0.047883
-3.624039 -0.168474 0.048019
-3.869864 0.151329 0.044022
-3.925830 -0.014429 0.048573
-3.512201 -0.014914 0.048305
-3.824290 -2.423018 0.047186
-3.921538 -2.583690 0.047120
-3.629031 -2.423104 0.047078
-3.530336 -2.583850 0.047147
3.525696 4.512653 0.047808
3.330254 4.512951 0.047639
3.529270 4.189981 0.047392
3.625380 4.348916 0.046806
3.334000 4.189632 0.047294
3.234669 4.348865 0.047008
-0.783806 7.200959 0.043731
-0.626236 7.107904 0.043400
-0.774253 6.826321 0.043400
-0.621888 6.921758 0.043496
-3.921734 2.581448 0.047125
-4.117290 2.581125 0.047207
-4.214999 2.741568 0.047187
-4.116755 2.902105 0.047162
-3.530733 2.581932 0.047135
-3.335103 2.581265 0.047145
-3.235666 2.741005 0.047132
-3.331675 2.902402 0.047177
-3.823987 2.098563 0.047248
-3.922208 2.259546 0.047091
-3.824486 2.420666 0.047205
-3.629284 2.420961 0.047108
-3.531733 2.260489 0.047056
-3.628715 2.099211 0.047127
-3.718115 0.425581 0.040753
-3.717318 0.212818 0.040620
-3.565215 0.149975 0.044110
-3.918533 0.974749 0.046444
-3.819495 0.808794 0.047989
-3.626091 1.777630 0.047363
-3.529450 1.938957 0.047205
-3.333901 1.941273 0.047100
-3.233446 1.781722 0.047447
-4.214651 4.984521 0.047365
-4.117227 3.863843 0.047180
-3.921690 3.864169 0.047059
-3.823589 4.025069 0.047166
-4.123838 5.143040 0.045273
-2.933404 4.900220 0.038982
-3.038128 5.014111 0.049066
-2.933404 4.730056 0.037889
-3.232068 3.063681 0.047765
-3.329804 3.224984 0.047366
-2.932926 3.127030 0.037691
-3.033911 3.026199 0.049284
-3.233464 3.386771 0.047408
-2.932926 3.296939 0.038699
-3.034742 3.412373 0.049063
-2.346300 7.133356 0.045071
-2.191010 7.054148 0.044806
-2.325139 7.325853 0.040789
-2.029692 7.173968 0.040165
-2.174997 7.430604 0.039708
-2.034840 7.357928 0.045863
3.233855 3.388354 0.047338
3.035002 3.412574 0.049023
3.335346 3.868762 0.047231
3.530927 3.867981 0.047164
3.237123 3.709091 0.046764
3.333772 3.548249 0.047118
3.628181 3.706415 0.046997
3.529249 3.546354 0.047240
2.933780 2.844489 0.039842
3.033920 3.025966 0.049229
2.933156 3.124862 0.037784
2.935219 3.871322 0.042797
2.934862 3.580849 0.041897
3.037065 3.717471 0.048680
-3.626863 -2.744464 0.047147
-3.527333 -2.904969 0.047263
-3.624716 -3.065044 0.047302
-3.821658 -3.064658 0.047129
-3.920219 -2.904509 0.047220
-3.822807 -2.744390 0.047190
-0.936346 7.108175 0.043220
-1.093894 7.202901 0.043713
-1.245717 7.111236 0.043239
-1.238389 6.923759 0.043649
-1.081362 6.826931 0.043067
-0.931141 6.919683 0.043811
-3.624794 3.063353 0.047325
-3.527611 2.903252 0.047283
-3.627232 2.742523 0.047151
-3.821728 3.062838 0.047145
-3.920343 2.902548 0.047234
-3.823031 2.742333 0.047215
-3.303030 0.320980 0.049230
-3.456366 0.319315 0.037484
-3.215937 0.497560 0.044826
-3.567665 0.488389 0.044111
-3.317817 0.662428 0.044363
-3.626838 0.808874 0.047837
-3.516208 0.654921 0.048112
-3.822561 1.133969 0.047747
-3.822230 1.456157 0.047298
-3.920561 1.296208 0.047092
-4.215146 4.024355 0.047120
-3.920890 4.185144 0.047092
-4.214780 4.344981 0.047218
-4.116910 4.184756 0.047134
-3.513699 6.248269 0.047815
-3.387319 6.113922 0.043981
-4.169517 6.170864 0.039416
-4.234743 5.987390 0.041650
-4.138081 5.813945 0.046511
-3.972513 5.840048 0.043140
-3.944714 5.456254 0.044844
-4.222204 5.309211 0.045436
-4.216354 5.642766 0.047390
-4.125542 5.474146 0.047921
-3.034274 4.630384 0.049127
-2.933886 4.449808 0.039977
-3.035933 4.327011 0.048950
-4.116330 4.504642 0.047021
-4.214567 4.664812 0.047300
-4.116202 4.823597 0.046912
-3.234027 0.818702 0.047545
-3.036958 1.120426 0.048983
-2.935741 0.958823 0.042416
-3.033511 0.816821 0.047468
-3.527120 1.618203 0.047119
-3.625518 1.456897 0.047533
-3.232438 1.459255 0.047741
-3.330025 1.619980 0.047405
-3.530606 0.975540 0.046676
-3.627291 1.134681 0.047367
-3.528580 1.297659 0.047119
-3.336186 0.977860 0.046961
-3.236887 1.137583 0.046952
-3.332596 1.298241 0.047106
-3.676530 6.216032 0.046381
-3.737521 6.042939 0.044396
-3.912233 6.029296 0.041002
-4.012575 6.186667 0.047138
-3.958526 6.375006 0.042614
-3.797193 6.390728 0.043720
-3.249906 5.311975 0.044167
-3.231873 4.671671 0.047266
-3.649742 5.303557 0.044907
-3.928195 5.138649 0.048341
-3.845733 5.286929 0.042353
-3.625260 5.482238 0.043075
-3.830660 5.731975 0.042269
-3.815401 5.579031 0.043347
-3.674337 5.863046 0.040521
-3.529488 4.188673 0.047401
-3.330523 4.511852 0.047641
-3.334220 4.188461 0.047318
-3.234970 4.347768 0.046993
-3.918597 4.822100 0.047289
-3.821403 4.978634 0.046022
-3.343681 5.168704 0.050160
-3.536646 5.164162 0.049189
-3.237539 4.995455 0.045752
-3.330413 4.838979 0.048633
-3.525753 4.835584 0.048282
-3.625844 4.987519 0.045676
-3.500685 5.572904 0.043635
-3.219013 5.619451 0.040206
-3.333113 5.495782 0.050155
-3.253772 5.807265 0.041735
-3.401689 5.911461 0.047798
-3.534503 5.800769 0.045278
-3.525879 4.511541 0.047829
-3.622570 4.667965 0.046571
-3.625594 4.347668 0.046817
-3.821654 4.345419 0.047110
-3.919224 4.504691 0.047222
-3.819855 4.663365 0.046832
