4.074921 5.292608 0.001612
3.965762 5.401766 0.001612
3.856604 5.510924 0.001612
3.747445 5.620083 0.001612
3.638287 5.729241 0.001612
3.529128 5.838400 0.001612
3.419970 5.947558 0.001612
3.310811 6.056717 0.001612
3.201653 6.165875 0.001612
3.092494 6.275034 0.001612
2.983336 6.384192 0.001612
2.874177 6.493351 0.001612
2.765019 6.602509 0.001612
2.655860 6.711668 0.001612
2.546702 6.820826 0.001612
2.437543 6.929985 0.001612
2.328385 7.039143 0.001612
2.219226 7.148302 0.001612
2.110068 7.257460 0.001612
1.959349 7.257460 0.001612
1.808630 7.257460 0.001612
1.657910 7.257460 0.001612
1.507191 7.257460 0.001612
1.356472 7.257460 0.001612
1.205753 7.257460 0.001612
1.055034 7.257460 0.001612
0.904315 7.257460 0.001612
0.753596 7.257460 0.001612
0.602877 7.257460 0.001612
0.452157 7.257460 0.001612
0.301438 7.257460 0.001612
0.150719 7.257460 0.001612
0.000000 7.257460 0.001612
-0.150719 7.257460 0.001612
-0.301438 7.257460 0.001612
-0.452157 7.257460 0.001612
-0.602877 7.257460 0.001612
-0.753596 7.257460 0.001612
-0.904315 7.257460 0.001612
-1.055034 7.257460 0.001612
-1.205753 7.257460 0.001612
-1.356472 7.257460 0.001612
-1.507191 7.257460 0.001612
-1.657910 7.257460 0.001612
-1.808630 7.257460 0.001612
-1.959349 7.257460 0.001612
-2.110068 7.257460 0.001612
-2.219226 7.148302 0.001612
-2.328385 7.039143 0.001612
-2.437543 6.929985 0.001612
-2.546702 6.820826 0.001612
-2.655860 6.711668 0.001612
-2.765019 6.602509 0.001612
-2.874177 6.493351 0.001612
-2.983336 6.384192 0.001612
-3.092494 6.275034 0.001612
-3.201653 6.165875 0.001612
-3.310811 6.056717 0.001612
-3.419970 5.947558 0.001612
-3.529128 5.838400 0.001612
-3.638287 5.729241 0.001612
-3.747445 5.620083 0.001612
-3.856604 5.510924 0.001612
-3.965762 5.401766 0.001612
-4.074921 5.292608 0.001612
-4.074921 5.141390 0.001612
-4.074921 4.990173 0.001612
-4.074921 4.838955 0.001612
-4.074921 4.687738 0.001612
-4.074921 4.536521 0.001612
-4.074921 4.385303 0.001612
-4.074921 4.234086 0.001612
-4.074921 4.082869 0.001612
-4.074921 3.931651 0.001612
-4.074921 3.780434 0.001612
-4.074921 3.629217 0.001612
-4.074921 3.477999 0.001612
-4.074921 3.326782 0.001612
-4.074921 3.175565 0.001612
-4.074921 3.024347 0.001612
-4.074921 2.873130 0.001612
-4.074921 2.721912 0.001612
-4.074921 2.570695 0.001612
-4.074921 2.419478 0.001612
-4.074921 2.268260 0.001612
-4.074921 2.117043 0.001612
-4.074921 1.965826 0.001612
-4.074921 1.814608 0.001612
-4.074921 1.663391 0.001612
-4.074921 1.512174 0.001612
-4.074921 1.360956 0.001612
-4.074921 1.209739 0.001612
-4.074921 1.058522 0.001612
-4.074921 0.907304 0.001612
-4.074921 0.756087 0.001612
-4.074921 0.604869 0.001612
-4.074921 0.453652 0.001612
-4.074921 0.302435 0.001612
-4.074921 0.151217 0.001612
-4.074921 0.000000 0.001612
-4.074921 -0.151217 0.001612
-4.074921 -0.302435 0.001612
-4.074921 -0.453652 0.001612
-4.074921 -0.604869 0.001612
-4.074921 -0.756087 0.001612
-4.074921 -0.907304 0.001612
-4.074921 -1.058522 0.001612
-4.074921 -1.209739 0.001612
-4.074921 -1.360956 0.001612
-4.074921 -1.512174 0.001612
-4.074921 -1.663391 0.001612
-4.074921 -1.814608 0.001612
-4.074921 -1.965826 0.001612
-4.074921 -2.117043 0.001612
-4.074921 -2.268260 0.001612
-4.074921 -2.419478 0.001612
-4.074921 -2.570695 0.001612
-4.074921 -2.721912 0.001612
-4.074921 -2.873130 0.001612
-4.074921 -3.024347 0.001612
-4.074921 -3.175565 0.001612
-4.074921 -3.326782 0.001612
-4.074921 -3.477999 0.001612
-4.074921 -3.629217 0.001612
-4.074921 -3.780434 0.001612
-4.074921 -3.931651 0.001612
-4.074921 -4.082869 0.001612
-4.074921 -4.234086 0.001612
-4.074921 -4.385303 0.001612
-4.074921 -4.536521 0.001612
-4.074921 -4.687738 0.001612
-4.074921 -4.838955 0.001612
-4.074921 -4.990173 0.001612
-4.074921 -5.141390 0.001612
-4.074921 -5.292608 0.001612
-3.965762 -5.401766 0.001612
-3.856604 -5.510924 0.001612
-3.747445 -5.620083 0.001612
-3.638287 -5.729241 0.001612
-3.529128 -5.838400 0.001612
-3.419970 -5.947558 0.001612
-3.310811 -6.056717 0.001612
-3.201653 -6.165875 0.001612
-3.092494 -6.275034 0.001612
-2.983336 -6.384192 0.001612
-2.874177 -6.493351 0.001612
-2.765019 -6.602509 0.001612
-2.655860 -6.711668 0.001612
-2.546702 -6.820826 0.001612
-2.437543 -6.929985 0.001612
-2.328385 -7.039143 0.001612
-2.219226 -7.148302 0.001612
-2.110068 -7.257460 0.001612
-1.959349 -7.257460 0.001612
-1.808630 -7.257460 0.001612
-1.657910 -7.257460 0.001612
-1.507191 -7.257460 0.001612
-1.356472 -7.257460 0.001612
-1.205753 -7.257460 0.001612
-1.055034 -7.257460 0.001612
-0.904315 -7.257460 0.001612
-0.753596 -7.257460 0.001612
-0.602877 -7.257460 0.001612
-0.452157 -7.257460 0.001612
-0.301438 -7.257460 0.001612
-0.150719 -7.257460 0.001612
0.000000 -7.257460 0.001612
0.150719 -7.257460 0.001612
0.301438 -7.257460 0.001612
0.452157 -7.257460 0.001612
0.602877 -7.257460 0.001612
0.753596 -7.257460 0.001612
0.904315 -7.257460 0.001612
1.055034 -7.257460 0.001612
1.205753 -7.257460 0.001612
1.356472 -7.257460 0.001612
1.507191 -7.257460 0.001612
1.657910 -7.257460 0.001612
1.808630 -7.257460 0.001612
1.959349 -7.257460 0.001612
2.110068 -7.257460 0.001612
2.219226 -7.148302 0.001612
2.328385 -7.039143 0.001612
2.437543 -6.929985 0.001612
2.546702 -6.820826 0.001612
2.655860 -6.711668 0.001612
2.765019 -6.602509 0.001612
2.874177 -6.493351 0.001612
2.983336 -6.384192 0.001612
3.092494 -6.275034 0.001612
3.201653 -6.165875 0.001612
3.310811 -6.056717 0.001612
3.419970 -5.947558 0.001612
3.529128 -5.838400 0.001612
3.638287 -5.729241 0.001612
3.747445 -5.620083 0.001612
3.856604 -5.510924 0.001612
3.965762 -5.401766 0.001612
4.074921 -5.292608 0.001612
4.074921 -5.141390 0.001612
4.074921 -4.990173 0.001612
4.074921 -4.838955 0.001612
4.074921 -4.687738 0.001612
4.074921 -4.536521 0.001612
4.074921 -4.385303 0.001612
4.074921 -4.234086 0.001612
4.074921 -4.082869 0.001612
4.074921 -3.931651 0.001612
4.074921 -3.780434 0.001612
4.074921 -3.629217 0.001612
4.074921 -3.477999 0.001612
4.074921 -3.326782 0.001612
4.074921 -3.175565 0.001612
4.074921 -3.024347 0.001612
4.074921 -2.873130 0.001612
4.074921 -2.721912 0.001612
4.074921 -2.570695 0.001612
4.074921 -2.419478 0.001612
4.074921 -2.268260 0.001612
4.074921 -2.117043 0.001612
4.074921 -1.965826 0.001612
4.074921 -1.814608 0.001612
4.074921 -1.663391 0.001612
4.074921 -1.512174 0.001612
4.074921 -1.360956 0.001612
4.074921 -1.209739 0.001612
4.074921 -1.058522 0.001612
4.074921 -0.907304 0.001612
4.074921 -0.756087 0.001612
4.074921 -0.604869 0.001612
4.074921 -0.453652 0.001612
4.074921 -0.302435 0.001612
4.074921 -0.151217 0.001612
4.074921 0.000000 0.001612
4.074921 0.151217 0.001612
4.074921 0.302435 0.001612
4.074921 0.453652 0.001612
4.074921 0.604869 0.001612
4.074921 0.756087 0.001612
4.074921 0.907304 0.001612
4.074921 1.058522 0.001612
4.074921 1.209739 0.001612
4.074921 1.360956 0.001612
4.074921 1.512174 0.001612
4.074921 1.663391 0.001612
4.074921 1.814608 0.001612
4.074921 1.965826 0.001612
4.074921 2.117043 0.001612
4.074921 2.268260 0.001612
4.074921 2.419478 0.001612
4.074921 2.570695 0.001612
4.074921 2.721912 0.001612
4.074921 2.873130 0.001612
4.074921 3.024347 0.001612
4.074921 3.175565 0.001612
4.074921 3.326782 0.001612
4.074921 3.477999 0.001612
4.074921 3.629217 0.001612
4.074921 3.780434 0.001612
4.074921 3.931651 0.001612
4.074921 4.082869 0.001612
4.074921 4.234086 0.001612
4.074921 4.385303 0.001612
4.074921 4.536521 0.001612
4.074921 4.687738 0.001612
4.074921 4.838955 0.001612
4.074921 4.990173 0.001612
4.074921 5.141390 0.001612
2.594921 4.742313 0.000804
2.475614 4.861620 0.000804
2.356307 4.980927 0.000804
2.237000 5.100233 0.000804
2.117694 5.219540 0.000804
1.998387 5.338847 0.000804
1.879080 5.458154 0.000804
1.759773 5.577460 0.000804
1.606750 5.577460 0.000804
1.453726 5.577460 0.000804
1.300702 5.577460 0.000804
1.147678 5.577460 0.000804
0.994655 5.577460 0.000804
0.841631 5.577460 0.000804
0.688607 5.577460 0.000804
0.535583 5.577460 0.000804
0.382559 5.577460 0.000804
0.229536 5.577460 0.000804
0.076512 5.577460 0.000804
-0.076512 5.577460 0.000804
-0.229536 5.577460 0.000804
-0.382559 5.577460 0.000804
-0.535583 5.577460 0.000804
-0.688607 5.577460 0.000804
-0.841631 5.577460 0.000804
-0.994655 5.577460 0.000804
-1.147678 5.577460 0.000804
-1.300702 5.577460 0.000804
-1.453726 5.577460 0.000804
-1.606750 5.577460 0.000804
-1.759773 5.577460 0.000804
-1.879080 5.458154 0.000804
-1.998387 5.338847 0.000804
-2.117694 5.219540 0.000804
-2.237000 5.100233 0.000804
-2.356307 4.980927 0.000804
-2.475614 4.861620 0.000804
-2.594921 4.742313 0.000804
-2.594921 4.591764 0.000804
-2.594921 4.441214 0.000804
-2.594921 4.290664 0.000804
-2.594921 4.140115 0.000804
-2.594921 3.989565 0.000804
-2.594921 3.839015 0.000804
-2.594921 3.688466 0.000804
-2.594921 3.537916 0.000804
-2.594921 3.387367 0.000804
-2.594921 3.236817 0.000804
-2.594921 3.086267 0.000804
-2.594921 2.935718 0.000804
-2.594921 2.785168 0.000804
-2.594921 2.634618 0.000804
-2.594921 2.484069 0.000804
-2.594921 2.333519 0.000804
-2.594921 2.182970 0.000804
-2.594921 2.032420 0.000804
-2.594921 1.881870 0.000804
-2.594921 1.731321 0.000804
-2.594921 1.580771 0.000804
-2.594921 1.430221 0.000804
-2.594921 1.279672 0.000804
-2.594921 1.129122 0.000804
-2.594921 0.978573 0.000804
-2.594921 0.828023 0.000804
-2.594921 0.677473 0.000804
-2.594921 0.526924 0.000804
-2.594921 0.376374 0.000804
-2.594921 0.225824 0.000804
-2.594921 0.075275 0.000804
-2.594921 -0.075275 0.000804
-2.594921 -0.225824 0.000804
-2.594921 -0.376374 0.000804
-2.594921 -0.526924 0.000804
-2.594921 -0.677473 0.000804
-2.594921 -0.828023 0.000804
-2.594921 -0.978573 0.000804
-2.594921 -1.129122 0.000804
-2.594921 -1.279672 0.000804
-2.594921 -1.430221 0.000804
-2.594921 -1.580771 0.000804
-2.594921 -1.731321 0.000804
-2.594921 -1.881870 0.000804
-2.594921 -2.032420 0.000804
-2.594921 -2.182970 0.000804
-2.594921 -2.333519 0.000804
-2.594921 -2.484069 0.000804
-2.594921 -2.634618 0.000804
-2.594921 -2.785168 0.000804
-2.594921 -2.935718 0.000804
-2.594921 -3.086267 0.000804
-2.594921 -3.236817 0.000804
-2.594921 -3.387367 0.000804
-2.594921 -3.537916 0.000804
-2.594921 -3.688466 0.000804
-2.594921 -3.839015 0.000804
-2.594921 -3.989565 0.000804
-2.594921 -4.140115 0.000804
-2.594921 -4.290664 0.000804
-2.594921 -4.441214 0.000804
-2.594921 -4.591764 0.000804
-2.594921 -4.742313 0.000804
-2.475614 -4.861620 0.000804
-2.356307 -4.980927 0.000804
-2.237000 -5.100233 0.000804
-2.117694 -5.219540 0.000804
-1.998387 -5.338847 0.000804
-1.879080 -5.458154 0.000804
-1.759773 -5.577460 0.000804
-1.606750 -5.577460 0.000804
-1.453726 -5.577460 0.000804
-1.300702 -5.577460 0.000804
-1.147678 -5.577460 0.000804
-0.994655 -5.577460 0.000804
-0.841631 -5.577460 0.000804
-0.688607 -5.577460 0.000804
-0.535583 -5.577460 0.000804
-0.382559 -5.577460 0.000804
-0.229536 -5.577460 0.000804
-0.076512 -5.577460 0.000804
0.076512 -5.577460 0.000804
0.229536 -5.577460 0.000804
0.382559 -5.577460 0.000804
0.535583 -5.577460 0.000804
0.688607 -5.577460 0.000804
0.841631 -5.577460 0.000804
0.994655 -5.577460 0.000804
1.147678 -5.577460 0.000804
1.300702 -5.577460 0.000804
1.453726 -5.577460 0.000804
1.606750 -5.577460 0.000804
1.759773 -5.577460 0.000804
1.879080 -5.458154 0.000804
1.998387 -5.338847 0.000804
2.117694 -5.219540 0.000804
2.237000 -5.100233 0.000804
2.356307 -4.980927 0.000804
2.475614 -4.861620 0.000804
2.594921 -4.742313 0.000804
2.594921 -4.591764 0.000804
2.594921 -4.441214 0.000804
2.594921 -4.290664 0.000804
2.594921 -4.140115 0.000804
2.594921 -3.989565 0.000804
2.594921 -3.839015 0.000804
2.594921 -3.688466 0.000804
2.594921 -3.537916 0.000804
2.594921 -3.387367 0.000804
2.594921 -3.236817 0.000804
2.594921 -3.086267 0.000804
2.594921 -2.935718 0.000804
2.594921 -2.785168 0.000804
2.594921 -2.634618 0.000804
2.594921 -2.484069 0.000804
2.594921 -2.333519 0.000804
2.594921 -2.182970 0.000804
2.594921 -2.032420 0.000804
2.594921 -1.881870 0.000804
2.594921 -1.731321 0.000804
2.594921 -1.580771 0.000804
2.594921 -1.430221 0.000804
2.594921 -1.279672 0.000804
2.594921 -1.129122 0.000804
2.594921 -0.978573 0.000804
2.594921 -0.828023 0.000804
2.594921 -0.677473 0.000804
2.594921 -0.526924 0.000804
2.594921 -0.376374 0.000804
2.594921 -0.225824 0.000804
2.594921 -0.075275 0.000804
2.594921 0.075275 0.000804
2.594921 0.225824 0.000804
2.594921 0.376374 0.000804
2.594921 0.526924 0.000804
2.594921 0.677473 0.000804
2.594921 0.828023 0.000804
2.594921 0.978573 0.000804
2.594921 1.129122 0.000804
2.594921 1.279672 0.000804
2.594921 1.430221 0.000804
2.594921 1.580771 0.000804
2.594921 1.731321 0.000804
2.594921 1.881870 0.000804
2.594921 2.032420 0.000804
2.594921 2.182970 0.000804
2.594921 2.333519 0.000804
2.594921 2.484069 0.000804
2.594921 2.634618 0.000804
2.594921 2.785168 0.000804
2.594921 2.935718 0.000804
2.594921 3.086267 0.000804
2.594921 3.236817 0.000804
2.594921 3.387367 0.000804
2.594921 3.537916 0.000804
2.594921 3.688466 0.000804
2.594921 3.839015 0.000804
2.594921 3.989565 0.000804
2.594921 4.140115 0.000804
2.594921 4.290664 0.000804
2.594921 4.441214 0.000804
2.594921 4.591764 0.000804
