2.696558 0.691657 0.043444
3.973803 -4.071540 0.042315
2.409901 -6.640470 0.048931
2.385753 -6.841054 0.046057
-1.945410 6.432365 0.049194
-2.489392 5.802246 0.047669
-3.586339 -1.226684 0.051025
-3.389838 -1.232152 0.051490
2.697027 1.752490 0.042595
3.668003 -5.553503 0.047347
2.578428 -5.693872 0.048232
2.217949 -5.867121 0.053340
2.243425 -6.290048 0.050032
2.254765 -6.493329 0.046455
2.094251 -6.565971 0.048586
2.575902 -6.615191 0.052103
2.614987 -6.452216 0.042600
3.235784 -5.989021 0.046434
3.053485 -6.030419 0.046201
2.895559 -5.908534 0.045052
2.926565 -5.737383 0.049355
2.822092 -5.443276 0.049141
2.772075 -5.623296 0.046899
3.866266 -3.929212 0.042616
2.076763 -6.758244 0.046651
2.213129 -6.886186 0.047396
2.163909 -7.076128 0.044099
1.995569 -7.152995 0.043001
2.673215 -5.333959 0.048784
-3.977743 -1.920984 0.050966
-3.981074 3.332528 0.050095
-3.977409 2.976912 0.051295
-3.883562 3.154625 0.051722
-3.884392 3.510090 0.050040
-3.691307 3.511359 0.051381
-3.082891 2.997132 0.046520
-3.680835 -0.352856 0.052917
-3.608725 -0.176920 0.048938
-3.889409 0.000000 0.052519
-3.716434 0.000000 0.045421
-2.689168 0.427368 0.045424
-2.693702 2.115301 0.050666
-2.789321 0.576715 0.051747
-3.879890 2.802162 0.050670
-0.424569 7.031247 0.048358
-1.124240 7.148323 0.046432
-1.413865 7.150941 0.045499
-1.273838 7.041804 0.048659
-1.141965 6.709069 0.045752
-1.280842 6.832015 0.045980
-0.281894 7.144296 0.047805
-1.631008 6.446539 0.047500
-1.779615 6.520967 0.049016
-1.447417 6.737322 0.051905
-1.462023 6.557602 0.041059
-2.095442 6.567785 0.047283
-2.276099 6.519604 0.048108
-3.981069 4.733208 0.050139
-3.976353 4.383833 0.051467
-3.882501 4.556297 0.049607
-3.899296 4.912208 0.048379
-3.993148 5.100626 0.046413
-3.726230 4.920519 0.047529
-3.668759 5.116298 0.046342
-3.060194 6.171049 0.046264
-2.877743 6.213181 0.048743
-2.829631 6.397578 0.047267
-2.646019 6.438062 0.047960
-2.746311 6.074051 0.046602
-2.314940 6.339777 0.047920
-2.503199 6.298427 0.047595
-2.426275 5.984154 0.046217
-2.555380 6.118813 0.049240
-1.978594 6.246356 0.048193
-2.167467 6.201950 0.048536
-2.226621 6.025940 0.049957
2.690519 -0.388474 0.041474
2.791492 -0.205703 0.052137
3.876393 -2.679144 0.048478
3.572683 -2.891256 0.047498
3.375262 -2.894560 0.046661
3.588836 -2.574617 0.043195
3.676701 -2.718253 0.049267
-3.977261 -1.224060 0.051081
-3.876068 -0.701520 0.051871
-3.976934 -0.875415 0.051199
-3.683935 -1.051320 0.051036
-3.879274 -1.049861 0.051195
3.376570 1.179926 0.047935
2.793853 1.881913 0.048121
3.894553 -5.338755 0.045286
3.709647 -5.377640 0.046412
3.965864 -4.899188 0.043794
3.969531 -5.174382 0.042396
3.860475 -5.048992 0.046793
3.965336 -4.624661 0.044219
3.856280 -4.767575 0.047052
3.666580 -3.974315 0.040467
3.563673 -3.862115 0.049791
2.376209 -5.971702 0.044638
2.385875 -6.189718 0.052686
2.536677 -6.270369 0.041517
2.544395 -5.879048 0.048829
2.707036 -5.979623 0.047467
2.689652 -6.152928 0.044011
3.451413 -5.768862 0.047464
3.485167 -5.589085 0.047697
3.268929 -5.808623 0.048311
3.117636 -5.678870 0.045456
3.019697 -6.206930 0.045871
2.844388 -6.258350 0.044291
2.805619 -6.438020 0.042607
3.967383 -3.797381 0.043628
3.658175 -3.669973 0.042647
3.969737 -3.519249 0.042728
3.862199 -3.650342 0.046848
2.797895 -3.890113 0.050010
3.562392 -3.536446 0.049723
1.925735 -6.456905 0.047611
1.765419 -6.553336 0.046295
0.001084 -7.144339 0.047803
0.002857 -6.693443 0.049167
0.294639 -6.470767 0.049113
-0.564504 -7.144411 0.047681
-0.424569 -7.031247 0.048358
-0.281894 -7.144296 0.047805
-0.140490 -7.031175 0.048468
-0.141285 -6.805656 0.048140
2.792239 -3.252884 0.050364
2.918886 -5.073723 0.047966
2.719891 -5.163952 0.044980
2.322683 -5.290531 0.051183
2.136521 -5.339167 0.045080
2.426545 -5.587256 0.049266
2.471315 -5.407363 0.047319
2.234252 -5.667850 0.048173
2.092860 -5.536593 0.054241
-3.977287 -1.572471 0.051066
-3.879627 -1.398340 0.050948
-3.684044 -1.399506 0.051099
-3.880109 -1.746252 0.050729
-3.978239 3.684858 0.050887
-3.696911 3.159802 0.049238
-3.601338 3.338973 0.049518
-2.949901 2.916009 0.045771
-3.093225 3.507159 0.049314
-2.998409 3.329083 0.052068
-3.113435 3.181324 0.048416
-3.295006 3.514645 0.048700
-3.402600 3.345048 0.052897
-3.315846 3.189803 0.045201
-2.797660 3.319803 0.052701
-1.840694 6.086899 0.053720
-3.976934 0.875415 0.051199
-3.982165 -0.181924 0.049676
-3.974055 -0.528666 0.052064
-3.881299 -0.357860 0.049224
-3.577227 -0.524047 0.052683
-3.679705 -0.701905 0.050573
-3.585232 -0.877258 0.051612
-3.982165 0.181924 0.049676
-3.679705 0.701905 0.050573
-3.876068 0.701520 0.051871
-3.974055 0.528666 0.052064
-3.881299 0.357860 0.049224
-2.791388 0.224190 0.055484
-2.697140 0.096076 0.044194
-2.975162 0.210483 0.049972
-2.697140 -0.096076 0.044194
2.695894 -0.086362 0.039241
2.695894 0.086362 0.039241
-3.300506 -0.196377 0.046868
-3.437089 -0.114008 0.046900
-3.109856 -0.082369 0.046971
-3.109856 0.082369 0.046971
-2.694943 1.094658 0.049910
-2.695074 0.760343 0.048928
-2.795096 0.917452 0.051729
-3.113092 2.420969 0.048627
-2.998343 2.274075 0.052031
-2.779655 2.628835 0.047761
-2.699150 2.456659 0.052171
-2.797932 2.287582 0.053047
-3.082886 2.605830 0.046477
-2.949859 2.688958 0.045878
-3.070982 0.398553 0.045521
-2.987361 0.561607 0.053198
-2.792845 1.942074 0.051380
-3.289297 0.722572 0.049733
-2.994462 0.906109 0.051314
-3.092480 0.733892 0.049822
-3.977402 2.627684 0.051283
-3.682155 2.801878 0.052076
-3.593022 2.981804 0.052296
-3.410694 3.005731 0.049288
-3.274254 2.719003 0.046466
-3.274217 2.883254 0.046216
-0.986634 7.032575 0.046899
-0.997355 6.803110 0.048934
-0.564504 7.144411 0.047681
-0.844830 7.141712 0.048111
-0.707536 7.028663 0.048484
0.001084 7.144339 0.047803
-0.140490 7.031175 0.048468
-1.989795 7.151972 0.043848
-2.062336 6.754729 0.047294
-2.158892 7.075246 0.046055
-2.202853 6.889815 0.046940
-2.382140 6.843918 0.047530
-2.603941 6.620459 0.047813
-2.422280 6.660650 0.047214
-3.725970 5.497596 0.044103
-3.928374 5.291532 0.043030
-3.777051 5.298894 0.046482
-3.287887 5.942321 0.045811
-3.111571 5.982351 0.048387
-2.969869 5.320984 0.047672
-3.286562 4.501514 0.044439
-3.687322 4.561399 0.051176
-3.612824 4.746621 0.050488
-3.504069 5.154625 0.050181
-3.152551 5.265288 0.047769
3.965336 4.624661 0.044219
3.969531 5.174382 0.042396
3.894553 5.338755 0.045286
3.668003 5.553503 0.047347
3.709647 5.377640 0.046412
3.563673 3.862115 0.049791
2.798377 4.204954 0.049592
3.976268 0.150925 0.039925
3.972607 -0.882888 0.041015
3.870670 -0.707947 0.051046
3.672871 -0.675849 0.047776
3.573589 -0.505166 0.049871
2.693046 -1.286046 0.038982
2.693046 -1.461203 0.038361
2.696558 -0.691657 0.043444
2.792156 -0.533240 0.049814
2.976417 -0.198620 0.047003
1.711170 7.154236 0.043663
1.995569 7.152995 0.043001
1.873616 7.049770 0.046123
2.163909 7.076128 0.044099
2.385753 6.841054 0.046057
2.213129 6.886186 0.047396
1.417640 7.160056 0.042964
1.579179 7.056832 0.045489
1.598796 6.856524 0.045498
1.447229 6.771272 0.046789
2.926565 5.737383 0.049355
3.235784 5.989021 0.046434
1.183329 5.993632 0.048483
0.873384 5.796007 0.048844
1.635868 5.670574 0.041726
1.495876 5.772321 0.051390
2.697241 -2.670107 0.043088
2.794923 -2.850817 0.051286
2.989924 -2.881127 0.048097
3.974009 -2.791711 0.038460
3.974009 -2.960057 0.037987
3.977304 -2.506577 0.039983
3.683238 -2.391391 0.046505
3.873970 -2.039058 0.054604
3.969632 -2.210653 0.042007
3.872016 -2.362460 0.053243
-2.689168 -0.427368 0.045424
-2.975162 -0.210483 0.049972
-2.791388 -0.224190 0.055484
-2.789321 -0.576715 0.051747
-2.695074 -0.760343 0.048928
-2.795096 -0.917452 0.051729
-2.694943 -1.094658 0.049910
2.693046 1.286046 0.038982
2.693046 1.461203 0.038361
2.795152 1.569063 0.050951
3.092944 0.700566 0.046849
3.282226 1.023551 0.048025
3.382350 0.848653 0.048402
3.286841 0.693573 0.047233
2.990327 0.531276 0.049929
2.792156 0.533240 0.049814
2.690519 0.388474 0.041474
2.791492 0.205703 0.052137
2.976417 0.198620 0.047003
3.073616 0.379426 0.043199
3.869293 1.329595 0.050968
3.571388 1.172671 0.047691
3.668519 1.338663 0.048530
3.874330 0.321300 0.048987
2.691747 2.051860 0.042800
2.994072 1.867051 0.049227
3.572156 -5.232477 0.047427
3.648007 -5.068203 0.045845
3.652716 -4.463794 0.042722
3.667106 -4.157527 0.040806
3.562615 -4.277993 0.051174
3.866791 -4.205418 0.043316
3.967909 -4.347350 0.043636
3.858324 -4.485261 0.047299
3.374419 -4.245377 0.048812
3.275095 -4.418804 0.048323
3.971484 -3.237884 0.041128
3.866300 -3.359632 0.048364
3.870572 -3.062725 0.049037
3.668937 -3.039509 0.047239
3.566529 -3.212234 0.048549
3.662980 -3.357199 0.045650
2.995729 -3.892494 0.047462
3.375711 -3.899332 0.048737
3.092652 -4.064634 0.049078
3.284527 -4.071119 0.048810
3.370577 -3.221912 0.047617
2.986183 -3.218635 0.048369
3.275565 -3.052491 0.049105
3.081548 -3.049032 0.048861
2.990804 -3.556619 0.047607
3.083547 -3.387403 0.048410
3.273923 -3.387221 0.048740
3.369288 -3.556790 0.047830
3.277109 -3.727534 0.047897
3.089001 -3.727181 0.049086
0.001250 -6.469467 0.048869
0.146210 -6.358412 0.049273
0.440426 -6.359074 0.049479
0.584737 -6.692273 0.050122
0.588784 -6.467854 0.048965
2.058440 -5.967232 0.051171
2.074250 -6.172143 0.046457
1.917075 -6.266359 0.049842
1.873616 -7.049770 0.046123
1.598796 -6.856524 0.045498
1.762762 -6.749120 0.047353
1.905590 -6.844962 0.044873
1.116667 -7.152238 0.045170
1.272091 -7.054834 0.049255
-0.986634 -7.032575 0.046899
-0.844830 -7.141712 0.048111
-0.707536 -7.028663 0.048484
-1.124240 -7.148323 0.046432
-1.413865 -7.150941 0.045499
-1.273838 -7.041804 0.048659
-1.704964 -7.154041 0.044104
-1.570331 -7.047521 0.048054
-3.993148 -5.100626 0.046413
-3.928374 -5.291532 0.043030
-3.511590 -5.717463 0.044896
-3.277297 -5.406565 0.048510
-2.489392 -5.802246 0.047669
-2.738581 -4.874207 0.047531
-2.794901 -4.688057 0.049950
-2.686418 -4.538811 0.050715
-2.881592 -5.003463 0.046427
-3.152551 -5.265288 0.047769
-3.980904 -2.272382 0.050104
-3.883726 -2.094958 0.050072
2.692603 -2.964888 0.038974
2.692603 -3.141637 0.038719
2.696123 -3.740017 0.044165
2.795759 -3.571836 0.050630
2.694557 -3.436870 0.042310
2.362393 -5.112366 0.044299
2.557701 -5.059191 0.049562
-3.977807 4.034832 0.051002
-3.879239 4.209377 0.051191
-3.881125 3.860103 0.050713
-3.079905 4.477501 0.044704
-3.092241 3.838395 0.049506
-2.990930 3.667061 0.051798
-2.675425 2.805160 0.044702
-2.779696 2.979280 0.047679
-2.699192 3.153370 0.052384
-1.593023 6.269524 0.043114
-1.672727 6.103874 0.047358
0.723229 5.688861 0.048707
0.578941 5.800586 0.049244
0.430652 5.689186 0.048935
-2.693375 3.841914 0.051459
-2.693388 3.496047 0.051103
-2.791842 3.665229 0.050683
-3.977261 1.224060 0.051081
-3.879274 1.049861 0.051195
-3.269604 -0.384447 0.049861
-3.382800 -0.536181 0.052615
-3.070982 -0.398553 0.045521
-2.987361 -0.561607 0.053198
-3.577227 0.524047 0.052683
-3.382800 0.536181 0.052615
-3.269604 0.384447 0.049861
-3.437089 0.114008 0.046900
-3.300506 0.196377 0.046868
-3.608725 0.176920 0.048938
-3.680835 0.352856 0.052917
-3.977743 1.920984 0.050966
-3.092627 2.092886 0.049646
-2.991359 1.933166 0.051677
-3.315401 2.411952 0.045270
-3.410588 2.596932 0.049183
-3.592872 2.621789 0.052270
-2.694064 1.772543 0.050591
-2.794572 1.257481 0.051326
-2.694550 1.432192 0.050379
-2.793694 1.598712 0.051240
-3.093482 1.074318 0.050569
-2.993745 1.248484 0.051083
-0.862070 6.685475 0.048765
-0.714055 6.801891 0.047599
-0.141285 6.805656 0.048140
0.002857 6.693443 0.049167
-1.760092 6.738399 0.044995
-1.892781 6.836741 0.047076
-1.596879 6.843691 0.045334
-1.864201 7.048552 0.045774
-1.704964 7.154041 0.044104
-1.570331 7.047521 0.048054
-3.511590 5.717463 0.044896
-3.341347 5.750385 0.048413
-3.220665 5.599864 0.046821
-3.565169 5.519923 0.048559
-3.451559 5.359547 0.045795
-3.277297 5.406565 0.048510
-2.985455 5.839289 0.046830
-2.674832 5.751712 0.047345
-2.802646 5.888858 0.048142
-2.731591 5.564540 0.047350
-3.041089 5.648738 0.048143
-2.915039 5.511135 0.047409
-3.587095 4.389385 0.052154
-3.392270 4.369197 0.053751
-3.685160 4.209828 0.050346
-3.293894 4.179511 0.047491
-3.207520 5.075177 0.047676
-3.384776 5.011533 0.045554
-3.309339 4.689013 0.045015
-3.436060 4.799308 0.051741
3.872016 2.362460 0.053243
3.683238 2.391391 0.046505
3.977304 2.506577 0.039983
3.974009 2.791711 0.038460
3.876393 2.679144 0.048478
3.972398 1.462285 0.040844
3.979259 1.746354 0.036537
3.876736 1.638889 0.050357
3.588836 2.574617 0.043195
3.676701 2.718253 0.049267
3.971484 3.237884 0.041128
3.974009 2.960057 0.037987
3.870572 3.062725 0.049037
3.866300 3.359632 0.048364
3.658175 3.669973 0.042647
3.641408 4.772189 0.045415
3.860475 5.048992 0.046793
3.965864 4.899188 0.043794
3.856280 4.767575 0.047052
3.572156 5.232477 0.047427
3.648007 5.068203 0.045845
3.538525 4.923011 0.048918
3.384202 5.263140 0.048627
3.967909 4.347350 0.043636
3.858324 4.485261 0.047299
3.562615 4.277993 0.051174
3.544856 4.607807 0.052882
3.652716 4.463794 0.042722
2.696693 4.043514 0.044434
2.696123 3.740017 0.044165
2.797895 3.890113 0.050010
2.996502 4.223693 0.046993
3.374419 4.245377 0.048812
3.972983 -0.600194 0.037912
3.972983 -0.433894 0.038373
3.874330 -0.321300 0.048987
3.672734 -0.342023 0.049937
3.976268 -0.150925 0.039925
3.877614 0.000000 0.054154
2.793879 -1.169215 0.050918
2.989290 -1.197139 0.048774
3.089379 -1.030225 0.047700
2.995605 -0.862321 0.048636
2.695754 -0.991429 0.042359
2.797391 -0.851447 0.050796
2.697027 -1.752490 0.042595
2.795152 -1.569063 0.050951
3.575155 -0.841360 0.048495
3.382350 -0.848653 0.048402
3.282226 -1.023551 0.048025
3.376570 -1.179926 0.047935
3.869503 -1.018433 0.051076
3.669849 -1.009003 0.048182
3.571388 -1.172671 0.047691
2.990327 -0.531276 0.049929
3.073616 -0.379426 0.043199
3.092944 -0.700566 0.046849
3.286841 -0.693573 0.047233
3.380364 -0.515597 0.048979
3.269755 -0.370741 0.046929
2.094251 6.565971 0.048586
2.076763 6.758244 0.046651
1.905590 6.844962 0.044873
1.762762 6.749120 0.047353
2.409901 6.640470 0.048931
2.254765 6.493329 0.046455
2.536677 6.270369 0.041517
1.431928 6.586374 0.043608
1.205722 6.386741 0.052120
1.240687 6.550987 0.042672
1.272091 7.054834 0.049255
1.282064 6.866358 0.042318
1.148433 6.728067 0.043529
1.035879 6.328933 0.049969
1.031477 6.111775 0.048124
0.879266 6.015897 0.049426
3.012755 5.372403 0.045754
2.719891 5.163952 0.044980
2.752690 4.814630 0.042925
3.451413 5.768862 0.047464
3.485167 5.589085 0.047697
3.268929 5.808623 0.048311
3.117636 5.678870 0.045456
3.338856 5.443886 0.047131
3.153809 5.493909 0.051406
2.805619 6.438020 0.042607
2.575902 6.615191 0.052103
2.614987 6.452216 0.042600
3.019697 6.206930 0.045871
3.053485 6.030419 0.046201
2.844388 6.258350 0.044291
2.895559 5.908534 0.045052
2.707036 5.979623 0.047467
2.689652 6.152928 0.044011
2.074250 6.172143 0.046457
2.243425 6.290048 0.050032
2.385875 6.189718 0.052686
1.175757 5.786354 0.049398
1.320906 5.679207 0.045653
1.018022 5.684607 0.047460
3.979259 -1.746354 0.036537
3.979259 -1.917362 0.037078
2.793591 -2.536131 0.048159
2.691270 -2.369038 0.042888
3.092295 -2.709605 0.049105
3.393172 -2.572638 0.046007
3.283617 -2.719578 0.049875
3.068452 -2.376716 0.046038
2.993644 -2.545319 0.049334
3.553359 -2.276672 0.044537
3.365367 -2.390937 0.043474
3.237940 -2.313560 0.044080
-3.291454 -1.065320 0.050300
-3.093482 -1.074318 0.050569
-2.994462 -0.906109 0.051314
-3.092480 -0.733892 0.049822
-3.389251 -0.885791 0.051776
-3.289297 -0.722572 0.049733
2.793879 1.169215 0.050918
2.989290 1.197139 0.048774
3.089379 1.030225 0.047700
2.995605 0.862321 0.048636
2.797391 0.851447 0.050796
2.695754 0.991429 0.042359
3.672734 0.342023 0.049937
3.573589 0.505166 0.049871
3.380364 0.515597 0.048979
3.269755 0.370741 0.046929
3.106713 -0.079279 0.044566
3.106713 0.079279 0.044566
3.297478 -0.189934 0.043890
3.297478 0.189934 0.043890
3.971816 1.173032 0.042046
3.669849 1.009003 0.048182
3.575155 0.841360 0.048495
3.972607 0.882888 0.041015
3.869503 1.018433 0.051076
3.672871 0.675849 0.047776
3.870670 0.707947 0.051046
3.972983 0.433894 0.038373
3.972983 0.600194 0.037912
2.788097 2.208611 0.052168
3.278458 1.354158 0.048530
3.092812 1.701479 0.049138
2.990719 1.532914 0.048005
3.084024 1.364696 0.048671
3.062873 -5.172857 0.051884
3.249272 -5.113618 0.049518
3.012755 -5.372403 0.045754
3.153809 -5.493909 0.051406
3.338856 -5.443886 0.047131
3.384202 -5.263140 0.048627
3.241204 -4.774566 0.052037
3.327745 -4.937764 0.049732
3.544856 -4.607807 0.052882
3.355433 -4.595432 0.046299
3.641408 -4.772189 0.045415
3.538525 -4.923011 0.048918
0.137842 -5.689146 0.049023
0.143159 -6.135473 0.049281
0.566658 -7.144810 0.047394
0.284022 -7.144392 0.047698
0.143900 -7.031270 0.048494
0.428330 -7.031741 0.048456
0.146468 -6.805894 0.048146
0.435030 -6.806999 0.048038
0.293289 -6.694273 0.049332
1.586153 -6.475842 0.049563
1.879472 -5.893569 0.049952
1.417640 -7.160056 0.042964
1.711170 -7.154236 0.043663
1.579179 -7.056832 0.045489
1.148433 -6.728067 0.043529
1.282064 -6.866358 0.042318
1.240687 -6.550987 0.042672
1.447229 -6.771272 0.046789
1.431928 -6.586374 0.043608
0.876764 -6.673744 0.050046
1.003360 -6.796317 0.049656
0.721934 -6.796789 0.046509
0.981567 -7.032012 0.044698
0.843590 -7.137235 0.048750
0.710554 -7.024584 0.048776
-1.989795 -7.151972 0.043848
-1.864201 -7.048552 0.045774
-3.060194 -6.171049 0.046264
-3.220665 -5.599864 0.046821
-3.341347 -5.750385 0.048413
-3.287887 -5.942321 0.045811
-3.111571 -5.982351 0.048387
-2.603941 -6.620459 0.047813
-2.426275 -5.984154 0.046217
-2.314940 -6.339777 0.047920
-3.393108 -4.025049 0.052459
-3.292941 -3.847082 0.048878
-3.393410 -3.683235 0.052349
-3.981069 -4.733208 0.050139
-3.899296 -4.912208 0.048379
-3.725970 -5.497596 0.044103
-3.565169 -5.519923 0.048559
-3.451559 -5.359547 0.045795
-3.777051 -5.298894 0.046482
-2.969869 -5.320984 0.047672
-2.837298 -5.188993 0.048272
-2.559088 -4.919144 0.045056
-3.293894 -4.179511 0.047491
-2.693377 -4.188009 0.052050
-2.784875 -4.348330 0.046695
-2.984815 -4.331704 0.051890
-3.093096 -4.166031 0.048464
-3.977409 -2.976912 0.051295
-2.791832 -4.008233 0.049829
-3.092241 -3.838395 0.049506
-2.991610 -4.002882 0.051280
-3.402600 -3.345048 0.052897
-3.295006 -3.514645 0.048700
-3.978239 -3.684858 0.050887
-3.590974 -3.686023 0.050429
-3.981074 -3.332528 0.050095
-3.696911 -3.159802 0.049238
-3.883562 -3.154625 0.051722
-3.601338 -3.338973 0.049518
-3.691307 -3.511359 0.051381
-3.884392 -3.510090 0.050040
-3.689932 -2.093431 0.051435
-3.600316 -2.265244 0.049483
-3.684508 -1.746415 0.051142
-3.588349 -1.919620 0.050404
-3.390707 -1.919261 0.051746
-3.586104 -1.573799 0.050793
-2.694550 -1.432192 0.050379
-2.993745 -1.248484 0.051083
-2.794572 -1.257481 0.051326
3.064509 -4.751342 0.047738
2.926187 -4.887424 0.050097
2.696693 -4.043514 0.044434
-3.686945 3.859999 0.050915
-3.590974 3.686023 0.050429
-3.393108 4.025049 0.052459
-3.589548 4.035178 0.051192
-3.292941 3.847082 0.048878
-3.393410 3.683235 0.052349
-2.988447 4.643373 0.046138
-3.069131 4.945343 0.049681
-3.119667 4.771404 0.044652
-2.791832 4.008233 0.049829
-2.984815 4.331704 0.051890
-3.093096 4.166031 0.048464
-2.991610 4.002882 0.051280
-1.524334 5.965409 0.041131
-1.393736 6.251866 0.042828
-1.163772 6.479697 0.049927
-1.317254 6.422923 0.046718
-1.351670 6.078789 0.048356
-3.683935 1.051320 0.051036
-3.585232 0.877258 0.051612
-3.389251 0.885791 0.051776
-3.586339 1.226684 0.051025
-3.389838 1.232152 0.051490
-3.291454 1.065320 0.050300
-3.977287 1.572471 0.051066
-3.879627 1.398340 0.050948
-3.684044 1.399506 0.051099
-3.880109 1.746252 0.050729
-3.293385 2.085673 0.049233
-3.401410 2.257844 0.052630
-3.883386 2.449819 0.051735
-3.696592 2.444208 0.049232
-3.980904 2.272382 0.050104
-3.883726 2.094958 0.050072
-3.689932 2.093431 0.051435
-3.600316 2.265244 0.049483
-0.291244 6.469180 0.048698
-0.574909 6.692043 0.049040
-0.428455 6.805651 0.048095
-0.286575 6.693181 0.049043
-0.147562 6.357679 0.049349
-0.151584 6.134693 0.049245
0.146210 6.358412 0.049273
0.001250 6.469467 0.048869
3.969632 2.210653 0.042007
3.979259 1.917362 0.037078
3.873970 2.039058 0.054604
3.553359 2.276672 0.044537
3.375262 2.894560 0.046661
3.668937 3.039509 0.047239
3.572683 2.891256 0.047498
3.967383 3.797381 0.043628
3.969737 3.519249 0.042728
3.862199 3.650342 0.046848
3.666580 3.974315 0.040467
3.667106 4.157527 0.040806
3.866266 3.929212 0.042616
3.973803 4.071540 0.042315
3.866791 4.205418 0.043316
3.284527 4.071119 0.048810
3.092652 4.064634 0.049078
3.375711 3.899332 0.048737
2.995729 3.892494 0.047462
2.990719 -1.532914 0.048005
3.084024 -1.364696 0.048671
3.376684 -1.506804 0.046875
3.278458 -1.354158 0.048530
2.793853 -1.881913 0.048121
2.691747 -2.051860 0.042800
2.788097 -2.208611 0.052168
2.965225 -2.207101 0.043503
3.971816 -1.173032 0.042046
3.677040 -1.666099 0.049928
3.876736 -1.638889 0.050357
3.571928 -1.498564 0.046888
3.668519 -1.338663 0.048530
3.972398 -1.462285 0.040844
3.869293 -1.329595 0.050968
1.765419 6.553336 0.046295
1.586153 6.475842 0.049563
1.917075 6.266359 0.049842
1.925735 6.456905 0.047611
0.732885 6.131681 0.049176
0.437436 6.135542 0.049203
0.582715 6.023517 0.049158
3.355433 4.595432 0.046299
3.275095 4.418804 0.048323
3.089054 4.403605 0.050111
2.992696 4.557010 0.044882
3.327745 4.937764 0.049732
3.241204 4.774566 0.052037
3.064509 4.751342 0.047738
3.249272 5.113618 0.049518
2.926187 4.887424 0.050097
3.062873 5.172857 0.051884
2.918886 5.073723 0.047966
2.362393 5.112366 0.044299
2.557701 5.059191 0.049562
2.583199 4.896168 0.043316
2.058440 5.967232 0.051171
1.879472 5.893569 0.049952
1.830866 5.728923 0.046367
3.238105 -2.092364 0.044217
3.284344 -1.685906 0.049436
3.092812 -1.701479 0.049138
3.069094 -2.035489 0.046555
2.994072 -1.867051 0.049227
3.596390 -0.171648 0.046050
3.427603 -0.110655 0.044396
3.699332 0.000000 0.043711
3.596390 0.171648 0.046050
3.427603 0.110655 0.044396
3.393172 2.572638 0.046007
3.283617 2.719578 0.049875
3.365367 2.390937 0.043474
2.691270 2.369038 0.042888
3.571928 1.498564 0.046888
3.376684 1.506804 0.046875
3.284344 1.685906 0.049436
3.677040 1.666099 0.049928
0.437436 -6.135542 0.049203
0.288599 -6.024296 0.049236
0.285589 -5.800871 0.049230
0.430652 -5.689186 0.048935
1.175757 -5.786354 0.049398
1.018022 -5.684607 0.047460
1.521762 -5.956798 0.045637
1.561545 -6.300628 0.046486
1.732151 -6.187575 0.048462
1.710359 -6.019697 0.045877
1.921912 -5.569087 0.046168
1.830866 -5.728923 0.046367
-1.280842 -6.832015 0.045980
-1.596879 -6.843691 0.045334
-1.447417 -6.737322 0.051905
-1.462023 -6.557602 0.041059
-1.513846 -5.786255 0.056689
-2.693375 -3.841914 0.051459
-2.158892 -7.075246 0.046055
-2.276099 -6.519604 0.048108
-2.202853 -6.889815 0.046940
-2.382140 -6.843918 0.047530
-2.422280 -6.660650 0.047214
-2.829631 -6.397578 0.047267
-2.646019 -6.438062 0.047960
-2.877743 -6.213181 0.048743
-2.746311 -6.074051 0.046602
-2.555380 -6.118813 0.049240
-2.503199 -6.298427 0.047595
-2.167467 -6.201950 0.048536
-2.226621 -6.025940 0.049957
-1.524334 -5.965409 0.041131
-3.976353 -4.383833 0.051467
-3.882501 -4.556297 0.049607
-3.977807 -4.034832 0.051002
-3.881125 -3.860103 0.050713
-3.686945 -3.859999 0.050915
-3.589548 -4.035178 0.051192
-3.685160 -4.209828 0.050346
-3.879239 -4.209377 0.051191
-3.726230 -4.920519 0.047529
-3.668759 -5.116298 0.046342
-3.504069 -5.154625 0.050181
-2.731591 -5.564540 0.047350
-2.985455 -5.839289 0.046830
-3.041089 -5.648738 0.048143
-2.915039 -5.511135 0.047409
-2.802646 -5.888858 0.048142
-2.674832 -5.751712 0.047345
-2.653387 -5.241608 0.046143
-2.341380 -5.136825 0.044799
-2.518188 -5.101015 0.048258
-2.602510 -5.427004 0.048338
-2.988447 -4.643373 0.046138
-3.079905 -4.477501 0.044704
-3.977402 -2.627684 0.051283
-3.883386 -2.449819 0.051735
-3.696592 -2.444208 0.049232
-3.879890 -2.802162 0.050670
-3.290489 -1.407866 0.050419
-3.389049 -1.576692 0.051384
-3.092368 -1.415200 0.050639
-3.289812 -1.748948 0.050189
-2.793694 -1.598712 0.051240
-3.091222 -1.755640 0.050329
-2.992338 -1.590717 0.051170
-3.293385 -2.085673 0.049233
-3.401410 -2.257844 0.052630
-3.315401 -2.411952 0.045270
-3.082886 -2.605830 0.046477
-3.113092 -2.420969 0.048627
-2.694064 -1.772543 0.050591
2.752690 -4.814630 0.042925
2.696687 -4.637647 0.041606
2.583199 -4.896168 0.043316
2.798371 -4.516109 0.049304
2.996502 -4.223693 0.046993
3.089054 -4.403605 0.050111
2.992696 -4.557010 0.044882
2.798377 -4.204954 0.049592
2.696605 -4.343965 0.043518
-2.364768 5.661222 0.048238
-1.038845 5.690171 0.049018
-1.191154 5.790854 0.048254
-1.195925 6.012345 0.051530
-0.874886 6.462501 0.047975
-1.031978 6.350764 0.049859
-1.043541 6.132940 0.049634
0.285589 5.800871 0.049230
-0.005823 6.023543 0.049209
0.288599 6.024296 0.049236
0.143159 6.135473 0.049281
-0.155668 5.688954 0.049032
0.137842 5.689146 0.049023
-0.008131 5.800640 0.049331
-3.586104 1.573799 0.050793
-3.684508 1.746415 0.051142
-3.588349 1.919620 0.050404
-3.390707 1.919261 0.051746
2.965225 2.207101 0.043503
3.069094 2.035489 0.046555
3.238105 2.092364 0.044217
3.068452 2.376716 0.046038
3.237940 2.313560 0.044080
3.081548 3.049032 0.048861
3.275565 3.052491 0.049105
3.662980 3.357199 0.045650
3.566529 3.212234 0.048549
3.370577 3.221912 0.047617
3.562392 3.536446 0.049723
2.692603 2.964888 0.038974
2.692603 3.141637 0.038719
1.710359 6.019697 0.045877
1.732151 6.187575 0.048462
1.561545 6.300628 0.046486
1.521762 5.956798 0.045637
1.354365 6.070963 0.050740
1.372356 6.246914 0.044554
1.116667 7.152238 0.045170
0.143900 7.031270 0.048494
0.146468 6.805894 0.048146
2.696605 4.343965 0.043518
2.798371 4.516109 0.049304
2.696687 4.637647 0.041606
2.322683 5.290531 0.051183
3.395728 -1.827348 0.046328
3.367928 -2.008234 0.043985
3.593181 -1.815781 0.043113
3.687588 -1.995141 0.046685
3.555754 -2.115164 0.044265
3.092295 2.709605 0.049105
2.993644 2.545319 0.049334
2.794923 2.850817 0.051286
2.989924 2.881127 0.048097
2.697241 2.670107 0.043088
2.793591 2.536131 0.048159
3.367928 2.008234 0.043985
3.395728 1.827348 0.046328
3.593181 1.815781 0.043113
3.687588 1.995141 0.046685
3.555754 2.115164 0.044265
0.886748 -6.453859 0.049063
0.735964 -6.352485 0.049502
1.320906 -5.679207 0.045653
1.495876 -5.772321 0.051390
1.635868 -5.670574 0.041726
-0.997355 -6.803110 0.048934
-1.141965 -6.709069 0.045752
-1.892781 -6.836741 0.047076
-1.760092 -6.738399 0.044995
-2.062336 -6.754729 0.047294
-2.095442 -6.567785 0.047283
-1.336411 -5.678143 0.045791
-0.008131 -5.800640 0.049331
-0.005823 -6.023543 0.049209
-0.286575 -6.693181 0.049043
-0.428455 -6.805651 0.048095
-2.111298 -5.886054 0.046473
-1.914244 -5.902607 0.048838
-3.207520 -5.075177 0.047676
-3.384776 -5.011533 0.045554
-3.069131 -4.945343 0.049681
-3.119667 -4.771404 0.044652
-3.612824 -4.746621 0.050488
-3.687322 -4.561399 0.051176
-3.436060 -4.799308 0.051741
-3.309339 -4.689013 0.045015
-3.587095 -4.389385 0.052154
-3.392270 -4.369197 0.053751
-3.286562 -4.501514 0.044439
-3.410588 -2.596932 0.049183
-3.592872 -2.621789 0.052270
-3.682155 -2.801878 0.052076
-3.593022 -2.981804 0.052296
-3.274254 -2.719003 0.046466
-2.797660 -3.319803 0.052701
-2.998409 -3.329083 0.052068
-2.693388 -3.496047 0.051103
-2.791842 -3.665229 0.050683
-2.990930 -3.667061 0.051798
-3.093225 -3.507159 0.049314
-3.082891 -2.997132 0.046520
-3.113435 -3.181324 0.048416
-3.315846 -3.189803 0.045201
-3.410694 -3.005731 0.049288
-3.274217 -2.883254 0.046216
-2.949901 -2.916009 0.045771
-2.949859 -2.688958 0.045878
-2.779655 -2.628835 0.047761
-2.699150 -2.456659 0.052171
-2.693377 4.188009 0.052050
-2.784875 4.348330 0.046695
-2.837298 5.188993 0.048272
-2.881592 5.003463 0.046427
-2.125061 5.352730 0.043899
-2.602510 5.427004 0.048338
-2.421127 5.473152 0.046147
-2.653387 5.241608 0.046143
-2.295196 5.323566 0.048211
-2.341380 5.136825 0.044799
-2.518188 5.101015 0.048258
-2.186329 5.703244 0.045617
-2.111298 5.886054 0.046473
-1.911364 5.564969 0.042156
-2.072552 5.544338 0.048052
-1.914244 5.902607 0.048838
-1.828087 5.740428 0.044917
-0.734951 6.354099 0.049643
-0.441205 6.356833 0.049555
-0.582990 6.467225 0.048403
-3.290489 1.407866 0.050419
-3.389049 1.576692 0.051384
-3.092368 1.415200 0.050639
-3.289812 1.748948 0.050189
-3.091222 1.755640 0.050329
-2.992338 1.590717 0.051170
3.369288 3.556790 0.047830
3.277109 3.727534 0.047897
3.089001 3.727181 0.049086
3.273923 3.387221 0.048740
0.284022 7.144392 0.047698
0.293289 6.694273 0.049332
0.294639 6.470767 0.049113
0.440426 6.359074 0.049479
2.136521 5.339167 0.045080
1.921912 5.569087 0.046168
2.092860 5.536593 0.054241
2.471315 5.407363 0.047319
2.772075 5.623296 0.046899
2.673215 5.333959 0.048784
2.822092 5.443276 0.049141
1.205722 -6.386741 0.052120
1.035879 -6.328933 0.049969
1.031477 -6.111775 0.048124
1.183329 -5.993632 0.048483
1.354365 -6.070963 0.050740
1.372356 -6.246914 0.044554
0.879266 -6.015897 0.049426
0.873384 -5.796007 0.048844
0.582715 -6.023517 0.049158
0.732885 -6.131681 0.049176
0.723229 -5.688861 0.048707
0.578941 -5.800586 0.049244
-1.191154 -5.790854 0.048254
-1.038845 -5.690171 0.049018
-1.317254 -6.422923 0.046718
-1.163772 -6.479697 0.049927
-1.393736 -6.251866 0.042828
-1.351670 -6.078789 0.048356
-1.195925 -6.012345 0.051530
-1.593023 -6.269524 0.043114
-1.631008 -6.446539 0.047500
-1.779615 -6.520967 0.049016
-1.978594 -6.246356 0.048193
-1.945410 -6.432365 0.049194
-1.840694 -6.086899 0.053720
-1.672727 -6.103874 0.047358
-2.295196 -5.323566 0.048211
-2.125061 -5.352730 0.043899
-2.421127 -5.473152 0.046147
-2.072552 -5.544338 0.048052
-2.364768 -5.661222 0.048238
-2.186329 -5.703244 0.045617
-0.449628 -5.688844 0.049010
-0.155668 -5.688954 0.049032
-0.302553 -5.800338 0.049372
-0.151584 -6.134693 0.049245
-0.300776 -6.023174 0.049353
-0.147562 -6.357679 0.049349
-0.291244 -6.469180 0.048698
-0.862070 -6.685475 0.048765
-0.714055 -6.801891 0.047599
-0.574909 -6.692043 0.049040
-1.911364 -5.564969 0.042156
-1.651546 -5.685572 0.044903
-1.828087 -5.740428 0.044917
-2.675425 -2.805160 0.044702
-2.699192 -3.153370 0.052384
-2.779696 -2.979280 0.047679
-2.693702 -2.115301 0.050666
-2.792845 -1.942074 0.051380
-2.998343 -2.274075 0.052031
-2.797932 -2.287582 0.053047
-2.991359 -1.933166 0.051677
-3.092627 -2.092886 0.049646
-2.686418 4.538811 0.050715
-2.794901 4.688057 0.049950
-2.738581 4.874207 0.047531
-2.559088 4.919144 0.045056
-1.336411 5.678143 0.045791
-1.513846 5.786255 0.056689
-1.651546 5.685572 0.044903
-0.894722 5.800876 0.050213
-0.744362 5.688165 0.048774
-0.894647 6.022154 0.049297
-0.743149 6.131577 0.049427
2.990804 3.556619 0.047607
2.795759 3.571836 0.050630
2.694557 3.436870 0.042310
3.083547 3.387403 0.048410
2.792239 3.252884 0.050364
2.986183 3.218635 0.048369
0.588784 6.467854 0.048965
0.886748 6.453859 0.049063
0.735964 6.352485 0.049502
2.578428 5.693872 0.048232
2.426545 5.587256 0.049266
2.544395 5.879048 0.048829
2.234252 5.667850 0.048173
2.376209 5.971702 0.044638
2.217949 5.867121 0.053340
-0.446714 -6.133813 0.049199
-0.441205 -6.356833 0.049555
-0.582990 -6.467225 0.048403
-0.597835 5.799549 0.049497
-0.302553 5.800338 0.049372
-0.449628 5.688844 0.049010
-0.596697 6.021682 0.049508
-0.300776 6.023174 0.049353
-0.446714 6.133813 0.049199
1.003360 6.796317 0.049656
0.876764 6.673744 0.050046
0.843590 7.137235 0.048750
0.981567 7.032012 0.044698
-0.596697 -6.021682 0.049508
-0.894722 -5.800876 0.050213
-0.744362 -5.688165 0.048774
-0.597835 -5.799549 0.049497
-1.043541 -6.132940 0.049634
-0.894647 -6.022154 0.049297
-0.743149 -6.131577 0.049427
-1.031978 -6.350764 0.049859
-0.874886 -6.462501 0.047975
-0.734951 -6.354099 0.049643
0.710554 7.024584 0.048776
0.566658 7.144810 0.047394
0.428330 7.031741 0.048456
0.435030 6.806999 0.048038
0.584737 6.692273 0.050122
0.721934 6.796789 0.046509
