-2.068805 -7.443635 0.043424
0.550888 -5.962626 0.041675
-0.133480 -6.521195 0.045133
3.355735 0.347091 0.045312
-0.847325 -7.452699 0.040471
-4.069579 -5.397181 0.046114
-2.241242 -7.364426 0.046661
-2.962377 -6.639311 0.045604
2.238069 7.373872 0.043084
-1.767868 7.451058 0.042914
-2.068949 7.443598 0.043427
-1.933036 7.347514 0.048403
-2.241436 7.364312 0.046678
-3.156788 0.433727 0.047234
-3.347122 0.124504 0.048170
-2.773741 0.420950 0.041561
-3.067351 0.599648 0.050264
-2.874288 0.582498 0.054015
-4.058618 1.257360 0.051618
-3.962408 1.441231 0.049517
-3.181163 1.806323 0.050039
3.141491 -6.462540 0.044629
2.455430 -6.576472 0.041445
0.511695 -6.888346 0.044712
0.221853 -7.451625 0.042275
-0.079701 -7.452385 0.040452
0.048574 -7.356867 0.046452
2.237999 -7.373918 0.043076
2.338941 -6.409509 0.041466
3.192666 -6.276189 0.045949
4.062437 -5.073313 0.046071
0.695755 -6.057881 0.046744
0.674998 -6.795389 0.045098
4.057390 0.811274 0.047206
4.054603 0.488434 0.047934
3.957707 0.648994 0.047641
4.057551 -1.792897 0.047196
3.958237 -0.658840 0.047595
4.057157 -1.468440 0.047244
3.960422 -1.629832 0.047085
4.062889 -0.174045 0.045693
4.055088 -0.497641 0.047776
3.963691 -0.338448 0.045210
3.669421 -0.820139 0.047391
3.764393 -0.658431 0.046515
-2.881285 -0.520948 0.058934
-2.781104 -0.356322 0.043639
-3.185653 -0.241799 0.044685
-2.775617 -1.134722 0.041364
-2.875798 -0.943712 0.055874
-2.771158 0.117267 0.037509
-2.870613 0.244735 0.055360
-3.070667 -0.118955 0.053280
-3.060597 0.240362 0.051363
-3.153833 0.086599 0.046200
-2.771158 -0.053870 0.037093
-2.877976 -0.177751 0.059107
-3.970651 -0.098011 0.045977
-4.061897 0.104001 0.052382
-4.063040 -0.255471 0.050282
-4.060918 -0.611046 0.049830
-3.969672 -0.446009 0.047466
-3.782705 -0.464854 0.048705
-3.677543 -0.636530 0.046903
-3.174286 -1.801076 0.050101
-3.367874 -1.462316 0.050633
-4.056958 -4.700832 0.049603
-4.006806 -5.580929 0.042044
-4.061593 -5.042952 0.048354
-3.691484 -5.049186 0.048063
-3.976886 -5.215719 0.046766
-3.798122 -5.218309 0.047710
-3.772920 -4.873172 0.049058
-3.964265 -4.869527 0.048265
-3.399494 -6.193902 0.045413
-3.607912 -5.981834 0.044881
-3.443554 -6.003013 0.046690
-2.974874 -5.186946 0.051035
-2.777145 -3.853086 0.042499
-1.407026 -5.962756 0.041931
-1.258963 -6.059165 0.046313
-1.104815 -5.963553 0.042338
-1.264293 -6.247371 0.044470
-1.104401 -6.341069 0.045164
-0.295692 -6.615652 0.045135
-1.106293 -6.525566 0.045060
-0.506219 -5.962915 0.040265
-2.942255 -5.398765 0.044557
-2.713977 -6.348222 0.045430
-2.579070 -6.210992 0.046556
-2.373793 -6.459155 0.045449
-2.404806 -6.269930 0.045719
-2.257351 -6.148369 0.047123
-2.088995 -6.238145 0.046931
-2.176756 -6.729788 0.042219
-2.205849 -6.536169 0.046179
-2.068507 -6.436719 0.043019
-1.927849 -6.172283 0.046961
-1.572873 -6.052419 0.045926
-2.216891 -7.049986 0.041920
-2.310341 -7.181632 0.048588
-2.500108 -7.122773 0.042546
-2.295283 -6.853689 0.041597
-2.790193 -6.684013 0.045408
-2.502338 -6.592750 0.043678
-2.668258 -6.540754 0.046387
-2.735647 -6.873446 0.044794
-2.452922 -6.793664 0.046299
-2.564296 -6.931102 0.043800
-4.055221 0.547037 0.056186
-3.650969 0.628315 0.049912
-3.449763 0.626874 0.047246
-3.441931 0.298263 0.047682
-3.344833 0.453723 0.049284
0.855076 5.962394 0.042191
1.169810 6.517083 0.045006
2.064644 7.450689 0.041932
2.053477 6.139058 0.046493
1.503592 6.336481 0.045032
1.673372 6.251571 0.045373
4.057339 1.136255 0.047250
3.960443 0.973385 0.047283
3.763113 0.647410 0.046664
3.468143 0.488830 0.048351
3.661796 0.481653 0.048037
2.880672 0.812220 0.049203
-2.776158 1.183815 0.039932
-2.778341 1.770897 0.041982
-2.975808 5.185904 0.051064
-2.829718 5.091176 0.045937
-2.500478 7.122453 0.042557
-2.310692 7.181411 0.048594
-1.923649 7.152947 0.047023
-2.292487 5.962731 0.047861
-1.761566 6.480162 0.047647
-2.774833 0.723287 0.040426
-2.776158 1.013094 0.038331
-2.876706 0.908815 0.052991
-2.775514 3.104653 0.038519
-2.775514 3.273073 0.038201
-2.778551 2.518159 0.042584
-3.142795 5.118616 0.050123
-3.278898 5.280163 0.047507
-4.058076 1.609831 0.051016
-4.057621 1.959371 0.050710
-3.961411 1.788927 0.049954
-3.963104 1.094047 0.048406
-4.058772 0.901834 0.052899
-3.959707 0.752736 0.046698
-3.768531 1.112027 0.050128
-3.761288 0.784036 0.048167
-3.665780 0.951115 0.049988
-3.767408 1.795724 0.050540
-3.376437 1.805030 0.050317
2.964507 -6.505932 0.046564
2.913138 -6.689845 0.045250
2.728788 -6.730924 0.048239
2.614852 -6.573130 0.047300
2.682545 -6.910759 0.047149
0.188440 -7.075218 0.044979
0.027127 -7.169114 0.045153
-0.264403 -7.359591 0.046633
-0.663327 -7.359905 0.046819
-0.627169 -7.174474 0.045691
0.362190 -7.355987 0.045996
0.350224 -7.167333 0.044787
0.510788 -7.073879 0.045110
0.670759 -7.166866 0.044522
1.142624 -7.451430 0.043619
0.987893 -7.355763 0.045332
2.330601 -6.701587 0.040893
1.974337 -6.833944 0.043023
1.646401 -6.062865 0.047729
1.463606 -5.961929 0.040149
2.003944 -6.304498 0.045743
2.157368 -6.435092 0.042958
2.144172 -6.603568 0.041543
1.979466 -6.658127 0.046160
4.055657 -4.418688 0.048099
3.964704 -4.907624 0.047194
4.056553 -4.742640 0.047778
3.957924 -4.581473 0.047253
3.759569 -4.587026 0.048227
3.795323 -5.801119 0.043351
3.364493 -6.236907 0.044466
3.632557 -5.827030 0.045911
3.582960 -6.016760 0.043922
3.414891 -6.049652 0.045775
3.518036 -5.668874 0.044490
4.068075 -5.413294 0.044277
4.001492 -5.594007 0.042270
3.844441 -5.610925 0.045056
3.976225 -5.244045 0.045879
3.407139 -5.001340 0.043087
3.777106 -4.916745 0.046391
3.482214 -4.805317 0.049002
3.670600 -4.757315 0.048441
3.281592 -5.368698 0.045464
2.849784 -6.355743 0.046186
2.684480 -6.381862 0.043630
2.837910 -5.826978 0.045241
2.791538 -6.011506 0.044782
3.075524 -6.126246 0.045672
2.909627 -6.162408 0.044017
2.053348 -6.139171 0.046486
3.368930 -4.700773 0.041663
3.961400 -1.954864 0.047158
4.058134 -2.118857 0.047108
3.961202 -2.281548 0.047419
2.778963 -4.143947 0.041917
0.194211 -6.335941 0.044903
0.359823 -6.244778 0.045043
0.380701 -6.057756 0.046832
0.251253 -5.962272 0.040033
0.847923 -6.335678 0.044803
0.843455 -6.518812 0.044981
0.686828 -6.244807 0.044879
0.678382 -6.611287 0.044738
0.517104 -6.519920 0.045031
0.521083 -6.336574 0.044852
4.062505 0.165610 0.045810
3.962822 0.329369 0.045243
3.971108 -0.004238 0.048487
3.764610 0.324171 0.048641
4.057435 -0.820710 0.047134
3.766142 -0.982576 0.047169
3.960312 -0.982738 0.047074
4.057163 -1.144738 0.047212
3.960034 -1.306207 0.047023
3.196885 0.066474 0.043345
3.387177 0.175414 0.043158
3.766572 -0.334326 0.048491
3.664126 -0.493110 0.047951
-3.189825 -0.432027 0.045302
-3.078147 -0.561595 0.053755
-3.389372 -0.477955 0.044337
-3.474440 -0.634008 0.050442
-3.464889 -1.295392 0.049659
-2.774466 -0.662291 0.040280
-2.774466 -0.836431 0.038225
-3.670532 0.016096 0.047616
-3.782459 -0.129030 0.048202
-3.687880 -0.305335 0.047865
-3.497651 -0.320958 0.046629
-3.383975 -0.177443 0.044626
-3.462278 -0.016693 0.048426
-3.174219 -1.454368 0.049447
-2.777139 -1.436956 0.043046
-3.078079 -1.623945 0.050850
-2.879140 -1.604303 0.054011
-2.878470 -1.275731 0.054511
-3.076611 -1.273500 0.051180
-4.056029 -1.639423 0.050401
-3.662729 -1.639301 0.050283
-3.369144 -1.805543 0.050545
-3.466592 -1.636361 0.049948
-3.663958 -3.009493 0.050382
-3.371570 -2.839411 0.050526
-3.468107 -3.010999 0.050342
-4.056275 -2.322941 0.050282
-1.932787 -7.347556 0.048392
-1.767713 -7.451065 0.042909
-1.616003 -7.355442 0.046976
-1.607404 -7.164829 0.046469
-0.979218 -7.357862 0.046931
-4.055582 -3.688360 0.050235
-2.651967 -5.185533 0.041033
-2.781948 -4.919091 0.042973
-2.829120 -5.091836 0.045857
-3.809421 -5.777422 0.043972
-3.649811 -5.790202 0.046376
-3.852746 -5.585256 0.046363
-3.528235 -5.616148 0.046105
-3.736755 -5.404097 0.045908
-3.571853 -5.422209 0.047166
-3.446682 -5.251432 0.048039
-3.277867 -5.281497 0.047455
-3.504945 -5.064197 0.049212
-3.141804 -5.119881 0.050090
-4.055042 -4.363991 0.050168
-3.957714 -4.532081 0.049206
-3.757667 -4.201235 0.049955
-3.955985 -4.196546 0.049949
-4.055229 -4.027061 0.050212
-3.956525 -3.858993 0.050260
-3.174334 -3.879939 0.049927
-3.363581 -4.219458 0.050711
-2.291926 -5.963228 0.047838
-2.159986 -5.825427 0.050837
-2.209985 -5.632873 0.043632
-0.941470 -6.249358 0.044709
-0.635995 -6.059409 0.046719
-0.803873 -5.963637 0.041843
-0.947214 -6.060047 0.046436
-1.908298 -6.550004 0.042532
-0.943806 -6.619218 0.044931
-0.620367 -6.804675 0.045214
-1.269276 -6.614253 0.044499
-1.590515 -6.783338 0.046183
-3.238468 -5.478672 0.046973
-3.069786 -5.528874 0.049931
-3.363664 -5.642546 0.047164
-3.320882 -5.837779 0.046025
-2.885515 -6.302657 0.046426
-3.230555 -6.223620 0.047179
-3.183576 -6.413779 0.045689
-3.011980 -6.450487 0.046320
-3.152283 -5.875112 0.048279
-3.026383 -5.730082 0.045489
-3.106016 -6.070064 0.045777
-2.932571 -6.112392 0.047224
-1.993794 -5.855042 0.042872
-1.897434 -6.011537 0.042708
-1.711688 -5.956806 0.039510
-3.743797 0.475434 0.044442
-3.949630 0.425457 0.045536
-3.956306 0.234451 0.045088
-3.753133 0.177564 0.045557
-3.639689 0.318534 0.047660
4.068195 5.412861 0.044304
4.001670 5.593746 0.042258
3.583308 6.016386 0.043922
0.251010 5.962273 0.040037
0.352385 6.612040 0.044866
0.193979 6.335941 0.044909
0.190704 6.519866 0.045162
0.026140 6.798577 0.045008
-0.133737 6.521200 0.045140
0.027142 6.612980 0.045149
0.847802 6.335661 0.044809
0.516957 6.519904 0.045038
0.527563 7.451498 0.043167
0.221982 7.451620 0.042274
0.362281 7.355976 0.046004
0.187728 6.889783 0.045006
0.188410 7.075205 0.044986
0.350246 7.167315 0.044792
0.350412 6.796360 0.045101
1.758603 7.453948 0.042310
1.927917 7.357494 0.046110
3.141798 6.462230 0.044637
2.964810 6.505629 0.046577
2.913396 6.689591 0.045260
2.729028 6.730690 0.048254
2.850093 6.355435 0.046199
2.708987 5.685127 0.045410
2.532491 5.726959 0.044975
2.177699 5.800752 0.045215
2.397041 5.587167 0.045862
2.221692 5.623640 0.043471
2.617605 6.049113 0.045598
2.487513 5.906401 0.044810
2.252008 6.110777 0.042221
2.308070 5.943721 0.045544
1.343861 6.242767 0.045407
1.012551 6.057405 0.046918
1.175484 6.334332 0.044714
1.014189 6.243751 0.044979
1.646416 6.062846 0.047740
2.004078 6.304393 0.045751
1.828129 6.359434 0.045749
2.157534 6.434935 0.042964
3.374925 0.657842 0.045732
3.181515 0.973579 0.046630
3.179154 0.658642 0.045714
3.082575 0.810626 0.047044
-3.084702 1.635396 0.050018
-2.882644 1.629962 0.053244
-2.778589 1.476515 0.042789
-2.880461 1.310808 0.053272
-2.962984 6.638711 0.045618
-2.736157 6.872969 0.044807
-2.453469 6.793274 0.046314
-2.564785 6.930697 0.043809
-2.790791 6.683454 0.045424
-3.184239 6.413094 0.045702
-3.012653 6.449799 0.046342
-3.231282 6.222837 0.047206
-3.106793 6.069194 0.045798
-3.809999 5.776778 0.043948
-2.943159 5.397773 0.044583
-2.652324 5.185167 0.040991
-0.663321 7.359898 0.046836
-2.295799 6.853394 0.041605
-2.217329 7.049775 0.041932
-2.045486 7.038110 0.041797
-2.480403 5.899171 0.046510
-2.849741 5.784736 0.048149
-1.760600 6.301036 0.041463
-1.711900 5.956805 0.039491
-1.897761 6.011407 0.042715
-1.928386 6.172096 0.046972
-1.908904 6.549857 0.042536
-2.177315 6.729531 0.042226
-1.892456 6.754601 0.044701
-2.023541 6.834890 0.040761
-2.257926 6.147917 0.047148
-2.089573 6.237825 0.046944
-2.206451 6.535844 0.046191
-2.069124 6.436459 0.043025
-1.264743 6.247411 0.044475
-1.407295 5.962767 0.041924
-1.259326 6.059191 0.046324
-1.430786 6.334528 0.044792
-1.573236 6.052429 0.045939
-1.591310 6.235971 0.044822
-1.105113 5.963567 0.042338
-2.777677 3.861311 0.042404
-2.879633 2.986653 0.053740
-2.778405 2.813721 0.042518
-2.882671 2.666223 0.053478
-4.057099 4.697945 0.049682
-4.007160 5.580455 0.042003
-3.853390 5.584426 0.046374
-3.174459 4.578304 0.049919
-3.196829 4.927443 0.051454
-3.085438 4.766030 0.051512
-3.473222 1.974652 0.050466
-3.669127 1.970455 0.050083
-3.374664 2.147040 0.050193
-3.472558 2.316910 0.050466
-3.472816 2.661497 0.050157
-3.084309 2.665680 0.050014
-3.180961 2.492849 0.050164
-3.375353 2.490216 0.050430
-3.465824 0.957034 0.048873
-3.360126 0.788515 0.050542
-3.074569 0.949662 0.050802
-3.165759 0.781285 0.048176
-3.181582 1.464767 0.049766
-3.371845 1.124007 0.050400
-3.081396 1.293626 0.050383
-3.174957 1.123865 0.049443
-3.670428 1.627224 0.050087
-3.475362 1.632333 0.050006
-3.376968 1.462997 0.050284
-3.473670 1.291998 0.049770
-3.768764 1.451827 0.050436
-3.670400 1.285937 0.049864
0.187823 -6.889795 0.045000
0.190907 -6.519871 0.045155
0.027350 -6.612983 0.045143
0.026291 -6.798583 0.045000
0.350513 -6.796377 0.045095
0.352539 -6.612053 0.044860
-0.135885 -7.078587 0.044850
-0.459427 -6.896772 0.045151
-0.297258 -6.802336 0.045129
-0.136104 -6.893479 0.045245
-0.461528 -7.082873 0.045046
-0.299140 -7.173545 0.045578
-0.552122 -7.454349 0.037345
-0.373516 -7.454349 0.037236
0.834913 -7.451475 0.043551
0.527432 -7.451505 0.043165
0.675436 -7.355838 0.045635
1.150788 -7.072748 0.044971
0.834922 -6.887129 0.044572
0.831589 -7.073073 0.045116
0.989247 -7.166333 0.044407
2.463510 -7.139778 0.045097
2.283310 -7.195319 0.045328
2.502749 -6.957267 0.047208
2.337115 -6.851459 0.046614
2.130992 -7.090606 0.045640
2.145558 -6.929256 0.042290
2.064582 -7.450707 0.041933
1.330844 -6.056944 0.047397
1.014291 -6.243767 0.044974
1.004121 -6.609662 0.044710
1.157179 -6.886237 0.044613
0.998971 -6.793877 0.045080
1.816752 -6.544656 0.043256
1.673324 -6.251608 0.045363
1.828034 -6.359503 0.045744
3.666875 -4.423567 0.049357
3.487067 -3.745071 0.048204
3.191182 -3.578640 0.047882
3.389166 -3.577262 0.045993
3.351196 -5.704948 0.045418
3.231131 -5.554346 0.045725
3.058057 -5.597030 0.045706
3.010582 -5.784943 0.045116
3.297648 -5.895996 0.045380
3.130108 -5.933308 0.044935
3.570760 -5.473644 0.046466
3.734398 -5.441606 0.044466
3.454381 -5.324069 0.044669
3.799601 -5.255439 0.045324
3.698214 -5.093829 0.046674
3.516633 -5.130421 0.048070
2.570124 -6.226385 0.043304
2.617339 -6.049364 0.045587
2.384007 -6.250691 0.047110
2.251838 -6.110946 0.042213
1.754746 -5.968079 0.039303
1.937044 -6.005433 0.043140
2.005222 -5.834181 0.042122
4.059067 -3.426915 0.047140
4.057783 -3.097690 0.047413
3.962563 -3.261069 0.047459
4.057353 -2.445515 0.047388
3.768902 -2.278814 0.047038
3.187696 -2.957950 0.048614
3.179718 -1.616783 0.047272
3.474593 -0.824729 0.047635
2.433853 -5.411288 0.043462
2.708679 -5.685388 0.045394
3.151455 -5.226259 0.046896
3.214750 -5.052549 0.045686
0.855228 -5.962397 0.042184
1.160870 -5.962157 0.041757
1.012670 -6.057412 0.046911
-0.039335 -5.960784 0.037009
0.068813 -6.055913 0.046630
0.032650 -6.242560 0.045369
-0.131484 -6.334702 0.045203
-0.293331 -6.243826 0.045436
-0.215433 -5.960784 0.037196
-0.325616 -6.056556 0.046803
3.694090 -0.170397 0.045168
3.523593 -0.112206 0.043204
3.799427 -0.004712 0.042400
3.692612 0.159938 0.045247
3.522499 0.100487 0.043142
3.198838 -0.085337 0.043171
3.390224 -0.189090 0.042964
-3.071966 -0.918891 0.052647
-3.167497 -0.762908 0.047176
-3.364242 -0.789393 0.049120
-3.169927 -1.107670 0.048773
-3.364550 -1.121614 0.050333
-3.463334 -0.959319 0.049773
-3.963072 -0.790906 0.047983
-3.766665 -0.797545 0.050679
-3.662654 -0.964949 0.049137
-2.776287 -1.735325 0.040538
3.083549 -1.766770 0.045479
2.880957 -1.775077 0.047497
-3.469929 -2.666722 0.050099
-3.372831 -2.494115 0.050482
-4.056153 -3.006927 0.050245
-2.776032 -3.085504 0.038715
-2.776032 -3.257163 0.039881
-3.178969 -2.493680 0.050110
-3.467495 -1.978609 0.050234
-3.370931 -2.149231 0.050513
-3.664606 -2.322792 0.050433
-3.469579 -2.322082 0.050113
-1.459663 -7.451520 0.042980
-1.151457 -7.452306 0.042158
-1.297662 -7.356683 0.046966
-2.045042 -7.038245 0.041789
-1.923265 -7.153021 0.047012
-1.749592 -7.065916 0.042975
-1.740253 -6.870806 0.043517
-2.023013 -6.835058 0.040756
-1.891898 -6.754723 0.044697
-0.956420 -7.171611 0.045405
-0.945336 -6.803657 0.045079
-0.788368 -7.081018 0.044673
-0.783666 -6.897319 0.045106
-2.884744 -4.774651 0.056839
-3.461531 -4.384391 0.049930
-3.759853 -4.537066 0.049892
-3.658862 -4.373666 0.050107
-3.667751 -4.709462 0.049142
-3.759207 -3.862876 0.050032
-3.466821 -3.699195 0.049873
-3.661783 -3.694671 0.050611
-3.659593 -4.035633 0.050407
-3.367491 -3.874898 0.050793
-3.462839 -4.043132 0.050008
-3.168589 -4.229442 0.050320
-3.073863 -4.411675 0.051553
-3.074690 -4.058157 0.051150
-2.774309 -4.148313 0.038266
-2.877168 -4.032673 0.054410
-2.432316 -5.409848 0.043456
-2.389616 -5.589124 0.049422
-2.620047 -5.353335 0.049151
-2.764580 -5.471458 0.047366
-1.760040 -6.301094 0.041463
-1.760977 -6.480241 0.047634
-1.590810 -6.235961 0.044817
-1.430293 -6.334503 0.044784
-1.433384 -6.516888 0.045612
-1.594838 -6.597493 0.043232
-0.619281 -6.619023 0.044961
-0.618472 -6.248327 0.045036
-0.780606 -6.341866 0.045072
-0.781050 -6.527229 0.045132
-0.456776 -6.524437 0.045279
-0.456411 -6.339104 0.044948
2.779192 3.868331 0.042673
3.298100 5.895513 0.045389
3.415289 6.049223 0.045793
3.364837 6.236556 0.044470
3.193024 6.275822 0.045965
3.795625 5.800774 0.043344
3.632955 5.826562 0.045926
3.844773 5.610466 0.045064
3.734831 5.440921 0.044475
0.695580 6.057877 0.046750
0.550686 5.962626 0.041681
0.686668 6.244797 0.044885
0.520905 6.336565 0.044858
0.380477 6.057756 0.046839
0.359609 6.244776 0.045048
3.698594 5.092817 0.046686
4.062525 5.072307 0.046109
3.976435 5.243262 0.045882
3.799968 5.254602 0.045355
3.517075 5.129500 0.048113
-0.781423 6.527271 0.045138
-1.104839 6.341114 0.045173
-0.456754 6.339131 0.044956
-0.506511 5.962925 0.040270
-0.619606 6.619056 0.044968
-0.457091 6.524461 0.045286
-0.295956 6.615664 0.045143
1.142758 7.451420 0.043622
0.835047 7.451467 0.043554
0.988014 7.355743 0.045339
0.675544 7.355822 0.045643
2.682740 6.910566 0.047161
2.283436 7.195230 0.045332
2.463646 7.139656 0.045107
2.502928 6.957104 0.047218
1.612127 7.358900 0.045110
1.450206 7.452095 0.043264
1.299592 7.356372 0.045090
2.772950 4.421536 0.039266
2.684751 6.381602 0.043641
2.570369 6.226148 0.043316
2.455642 6.576264 0.041454
2.615099 6.572895 0.047314
2.339140 6.409316 0.041471
2.384215 6.250493 0.047119
3.151870 5.225752 0.046909
3.058500 5.596614 0.045722
1.160774 5.962153 0.041763
1.330789 6.056935 0.047406
1.463564 5.961925 0.040152
1.937115 6.005375 0.043147
1.754764 5.968065 0.039303
2.005275 5.834125 0.042129
2.144342 6.603415 0.041549
2.330797 6.701401 0.040900
2.337305 6.851296 0.046627
4.057279 2.439052 0.047503
3.960296 2.601492 0.047395
2.886735 2.356322 0.045377
2.779115 -0.058071 0.041680
2.777254 0.677846 0.040673
3.060092 0.176522 0.044830
2.873761 0.120831 0.052075
2.768932 0.226361 0.035584
3.155260 0.350680 0.041951
3.071897 0.493218 0.048743
2.871900 0.510828 0.048831
2.768932 0.396146 0.036729
3.176491 1.608140 0.047862
3.375639 1.295459 0.046812
3.082599 1.127011 0.046755
3.179635 1.290390 0.047028
3.078237 1.443953 0.046852
2.877784 1.409944 0.048552
3.079521 1.758720 0.046069
2.878281 1.783233 0.047870
3.474770 0.811874 0.047691
3.669304 0.808619 0.047548
3.475027 1.134128 0.047501
3.377940 0.975626 0.046369
3.766952 0.972314 0.047112
3.669505 1.134070 0.047245
2.774797 1.681116 0.037134
2.774797 1.516543 0.037302
2.777704 0.960478 0.041384
2.880690 1.112316 0.048895
2.777272 1.241686 0.040338
-2.880353 2.346579 0.053499
-2.776088 2.227754 0.038857
-3.081125 2.321811 0.050518
-3.177623 2.149308 0.050649
-3.080906 1.978213 0.050647
-2.880143 1.948221 0.053591
-2.776088 2.059265 0.038329
-2.886216 6.301934 0.046446
-2.620131 6.025314 0.047295
-2.933313 6.111585 0.047253
-2.802152 5.972166 0.046189
-3.400184 6.193179 0.045419
-3.650566 5.789338 0.046398
-3.608583 5.981119 0.044874
-3.444318 6.002171 0.046718
-3.529163 5.615029 0.046119
-2.777343 4.619969 0.042348
-2.782256 4.919549 0.042697
-2.885313 4.774595 0.057092
-1.151501 7.452305 0.042171
-0.847283 7.452693 0.040487
-0.979304 7.357855 0.046942
-1.459776 7.451519 0.042989
-1.616218 7.355435 0.046985
-1.297819 7.356681 0.046975
-1.283978 7.169250 0.045479
-0.551982 7.454348 0.037357
-0.373365 7.454348 0.037228
-0.079570 7.452386 0.040448
0.048647 7.356864 0.046458
0.027110 7.169109 0.045158
-0.264341 7.359592 0.046636
-1.595387 6.597473 0.043238
-1.433897 6.516904 0.045620
-0.956628 7.171608 0.045411
-1.114983 7.078626 0.044597
-2.715444 5.656293 0.046450
-2.765387 5.470618 0.047389
-2.620642 5.352740 0.049192
-2.432696 5.409477 0.043454
-2.528126 5.717580 0.047456
-2.390123 5.588641 0.049456
-4.069820 5.396377 0.046150
-3.367088 4.560600 0.050753
-3.462264 4.381562 0.050023
-3.364488 4.216668 0.050728
-4.056835 2.652692 0.050491
-3.667060 2.658678 0.050482
-4.057231 2.306772 0.050557
-3.960566 2.135697 0.050150
-3.766076 2.139984 0.050549
-3.668064 2.314051 0.050234
-3.765104 2.484538 0.050425
-3.959780 2.481547 0.050337
1.948906 -7.176029 0.042248
1.927807 -7.357531 0.046104
1.758498 -7.453967 0.042308
1.653377 -6.621130 0.045677
1.322017 -6.794822 0.044868
3.367218 -4.518301 0.042582
3.477672 -4.396040 0.049198
4.059322 -3.757623 0.047127
3.964103 -3.591525 0.047246
3.679336 -3.753781 0.047129
3.773741 -3.589636 0.047334
4.059262 -4.089170 0.047163
3.960634 -4.255306 0.048292
3.770207 -4.254632 0.046708
3.679212 -4.086543 0.047703
3.774675 -3.921238 0.047257
3.964299 -3.923190 0.047437
3.090055 -3.735379 0.044551
2.883644 -4.018834 0.046251
3.388246 -3.254841 0.046604
3.485346 -3.419815 0.047774
3.677652 -3.423479 0.047123
3.771512 -3.259523 0.047128
4.057262 -2.771200 0.047471
3.960759 -2.933277 0.047278
3.960329 -2.607649 0.047271
3.768457 -1.952476 0.047183
3.672892 -2.113735 0.047110
3.090310 -3.435728 0.043724
3.191195 -3.269376 0.048612
3.092559 -3.138548 0.041635
2.884502 -3.446275 0.045651
3.076741 -1.453654 0.046626
3.668154 -1.143545 0.046958
3.765196 -1.305175 0.047308
2.972587 -5.272790 0.045758
2.828667 -5.147467 0.046278
2.929649 -5.457913 0.045364
2.752943 -5.504236 0.045033
2.646275 -5.198348 0.042983
2.613487 -5.369994 0.046213
2.532247 -5.727164 0.044966
2.487280 -5.906612 0.044798
2.307895 -5.943889 0.045535
2.177583 -5.800862 0.045205
2.221597 -5.623726 0.043465
2.396877 -5.587305 0.045849
2.772778 -4.420447 0.039294
2.877455 -4.304864 0.045817
3.082957 -4.331383 0.046340
3.170732 -4.478100 0.042247
2.771187 -4.866160 0.037128
2.884534 -4.969469 0.049078
2.771187 -4.697438 0.036444
2.869679 -4.597134 0.046310
3.062132 -4.628268 0.044636
3.170853 -4.765329 0.042135
3.091748 -4.921082 0.046683
3.377083 -0.672542 0.045329
3.471644 -0.502631 0.048110
3.360438 -0.362274 0.045120
-4.056440 -0.956466 0.050653
-3.661802 -1.300067 0.050039
-3.760782 -1.131919 0.050211
-3.760924 -1.469932 0.050179
-3.957749 -1.469782 0.050032
-4.056006 -1.298073 0.050515
-3.958161 -1.130075 0.049572
2.776919 -1.651419 0.040857
2.876534 -1.479983 0.048062
2.773900 -1.374255 0.037653
2.875761 -1.102327 0.048046
2.773900 -1.206572 0.037513
3.184882 -1.932400 0.047813
3.381234 -1.944756 0.046834
3.384365 -2.268649 0.046957
3.479676 -2.109145 0.047241
-3.958241 -2.494252 0.050388
-3.762616 -2.494459 0.050173
-4.056252 -2.665121 0.050266
-3.664687 -2.666357 0.050481
-3.958119 -2.836511 0.050354
-3.762179 -2.837540 0.050238
-4.055954 -3.348101 0.050230
-3.957250 -3.519292 0.050381
-3.761566 -3.179791 0.050231
-3.957821 -3.178254 0.050339
-3.663218 -3.352066 0.050471
-3.760769 -3.521721 0.050096
-2.879155 -2.977890 0.053966
-3.078504 -3.012942 0.050850
-3.177299 -2.839226 0.050207
-3.081796 -2.666102 0.050234
-2.777408 -2.794227 0.041820
-2.881254 -2.656155 0.053590
-2.879488 -3.382176 0.053724
-3.080267 -3.707983 0.050307
-2.777741 -3.552857 0.043094
-2.880600 -3.706614 0.053786
-2.778132 -2.496378 0.043327
-3.176335 -2.148037 0.050190
-3.081120 -2.320453 0.050353
-3.078040 -1.972947 0.050989
-2.880825 -2.333098 0.053661
-3.958163 -2.152054 0.050288
-3.762120 -2.151698 0.050247
-4.056174 -1.980994 0.050323
-3.957917 -1.810513 0.050192
-3.761442 -1.810240 0.050245
-3.663656 -1.980366 0.050304
-1.108315 -6.894367 0.044681
-1.114697 -7.078623 0.044587
-1.429552 -6.887095 0.044019
-1.269768 -6.798615 0.045413
-1.437102 -7.073475 0.044361
-1.283700 -7.169250 0.045472
-2.777082 -4.617586 0.042822
-2.774309 -4.319198 0.038650
-2.877105 -4.441899 0.055026
-3.195905 -4.928972 0.051378
-3.084599 -4.767551 0.051449
-3.390230 -4.903354 0.048886
-3.471600 -4.724633 0.050088
-3.173694 -4.580263 0.049854
-3.366370 -4.562963 0.050700
-2.848962 -5.785592 0.048122
-2.714691 -5.657077 0.046427
-2.801418 -5.972950 0.046165
-2.619455 -6.025985 0.047273
-2.479766 -5.899782 0.046487
-2.527457 -5.718232 0.047435
4.059427 3.754157 0.047178
3.679822 3.750724 0.047171
3.775078 3.918365 0.047307
3.964505 3.920133 0.047484
2.884423 3.733525 0.046221
2.779516 3.589320 0.043032
2.884985 3.448438 0.045732
3.091018 3.435085 0.043696
3.482658 4.804191 0.049040
3.407581 5.000429 0.043089
3.215164 5.051916 0.045723
3.670975 4.755962 0.048457
4.056641 4.741090 0.047821
3.777417 4.915517 0.046432
3.964881 4.906347 0.047213
2.909964 6.162073 0.044032
3.075907 6.125859 0.045683
2.791858 6.011204 0.044797
3.130531 5.932883 0.044953
3.010992 5.784554 0.045132
2.838262 5.826662 0.045254
-0.780997 6.341907 0.045080
-0.636333 6.059431 0.046730
-0.618843 6.248362 0.045042
-0.941879 6.249401 0.044714
-0.804177 5.963649 0.041847
-0.947570 6.060073 0.046446
-1.106731 6.525607 0.045066
-1.269745 6.614280 0.044508
-1.270200 6.798629 0.045422
-1.108673 6.894381 0.044688
-0.944197 6.619258 0.044940
-0.945685 6.803683 0.045086
0.068547 6.055918 0.046638
-0.039601 5.960787 0.037010
0.032384 6.242566 0.045375
-0.131771 6.334711 0.045210
-0.293652 6.243845 0.045443
-0.215700 5.960787 0.037199
-0.325920 6.056569 0.046816
-0.620636 6.804701 0.045222
-0.627288 7.174475 0.045701
-0.783940 6.897343 0.045115
-0.788574 7.081022 0.044680
0.670815 7.166839 0.044527
0.511648 6.888321 0.044718
0.510800 7.073854 0.045117
1.306387 7.167104 0.044382
3.231620 5.553814 0.045738
3.351681 5.704384 0.045442
3.518518 5.668270 0.044500
3.571245 5.472936 0.046489
3.454863 5.323300 0.044686
3.282074 5.368064 0.045492
3.374847 1.615362 0.046773
3.472598 1.456244 0.047636
4.057362 1.785898 0.047335
3.960256 1.298180 0.047183
4.057203 1.460959 0.047322
3.960280 1.622669 0.047183
3.765814 1.620732 0.047407
3.765914 1.297065 0.047335
3.668395 1.457907 0.047079
4.057879 3.092721 0.047480
4.057303 2.765425 0.047556
3.960896 2.927932 0.047377
3.485926 3.416668 0.047844
3.487694 3.742512 0.048265
3.389821 3.574781 0.046046
3.191896 3.577281 0.047958
3.090769 3.734839 0.044543
3.191867 3.267712 0.048682
3.388850 3.251796 0.046657
2.781718 2.500275 0.042824
2.779303 2.228336 0.041876
2.777770 1.953226 0.040345
2.882788 2.073102 0.046962
2.779754 3.311437 0.042971
3.182632 1.925253 0.047850
3.086410 2.069643 0.044563
3.768344 2.271967 0.047124
3.960925 1.947890 0.047247
4.057848 2.111965 0.047276
3.960841 2.274758 0.047587
-2.714650 6.347587 0.045449
-2.374409 6.458721 0.045468
-2.405435 6.269428 0.045734
-2.579725 6.210387 0.046581
-2.502943 6.592288 0.043692
-2.668894 6.540195 0.046405
-3.153125 5.874148 0.048313
-3.321749 5.836784 0.046044
-3.027234 5.729109 0.045516
-3.364611 5.641423 0.047204
-3.239462 5.477500 0.047001
-3.070709 5.527822 0.049967
-2.210301 5.632572 0.043653
-2.160389 5.825071 0.050874
-1.994003 5.854866 0.042912
-1.750007 7.065873 0.042988
-1.607744 7.164816 0.046478
-1.437460 7.073469 0.044372
-1.429992 6.887093 0.044026
-1.740759 6.870746 0.043523
-1.591028 6.783313 0.046195
-0.135958 7.078585 0.044858
-0.136246 6.893475 0.045251
-0.297462 6.802342 0.045136
-0.459627 6.896785 0.045158
-0.299193 7.173546 0.045583
-0.461646 7.082879 0.045054
-3.074514 4.409737 0.051620
-3.169367 4.227139 0.050430
-2.877524 4.442836 0.055234
-2.774466 4.324390 0.037961
-3.075767 4.056094 0.051135
-2.877857 4.035542 0.054544
-2.774466 4.155481 0.038185
-4.056223 3.340458 0.050371
-4.056600 2.997275 0.050405
-3.764050 2.829486 0.050375
-3.959149 2.826491 0.050395
-3.958537 3.170310 0.050371
-3.665739 3.003155 0.050381
-3.762775 3.173195 0.050378
-3.079680 3.010618 0.050660
-3.470138 3.006443 0.050439
-3.374205 2.835593 0.050502
-3.180090 2.837144 0.050162
-3.664145 3.346518 0.050451
-4.061772 5.041054 0.048414
-3.964585 4.867143 0.048303
-3.977307 5.214267 0.046766
-4.055391 4.022065 0.050315
-3.958012 4.528799 0.049255
-3.758272 4.197383 0.050039
-4.055199 4.360112 0.050254
-3.956305 4.192284 0.050016
-3.760365 4.534019 0.049984
-3.659520 4.370432 0.050146
-3.660303 4.031600 0.050470
-3.463775 4.039754 0.050070
1.306272 -7.167144 0.044378
1.611997 -7.358933 0.045101
1.450080 -7.452108 0.043262
1.299462 -7.356396 0.045082
1.644756 -6.806159 0.044404
1.803002 -6.905501 0.044447
1.792136 -7.086236 0.044811
1.478783 -6.890818 0.044847
1.469429 -7.076628 0.044656
1.624536 -7.172704 0.044131
1.494916 -6.520884 0.044690
1.343896 -6.242787 0.045400
1.503582 -6.336514 0.045027
1.329528 -6.609917 0.045029
1.175543 -6.334355 0.044708
1.169841 -6.517117 0.044999
3.390601 -3.895799 0.045107
3.487406 -4.069815 0.048658
3.389198 -4.210377 0.043724
3.190969 -4.185920 0.045636
3.090148 -4.034288 0.044990
3.191573 -3.884729 0.047080
3.670604 -2.441082 0.047614
3.765880 -2.605950 0.047511
3.378615 -2.597177 0.047972
3.479282 -2.435507 0.046863
3.766195 -1.627832 0.047260
3.670381 -1.788508 0.047076
3.668091 -1.465408 0.046951
3.476373 -1.785379 0.047221
3.376190 -1.623036 0.046808
3.472093 -1.463740 0.047524
2.886688 -3.165066 0.044551
2.779516 -3.306442 0.043287
2.779272 -3.585863 0.043225
2.883953 -3.732054 0.046131
2.778967 -3.865951 0.042784
3.177664 -0.986353 0.046505
3.075624 -1.138899 0.047003
3.173971 -1.300813 0.047343
3.372850 -1.304647 0.046426
3.374966 -0.988305 0.046210
3.471806 -1.144684 0.047716
2.778324 -1.932342 0.042384
3.186986 -2.559284 0.048288
-3.370281 -3.528714 0.050650
-3.176884 -3.532461 0.050044
-3.078964 -3.360411 0.050593
-3.467693 -3.354536 0.050189
-3.370189 -3.183767 0.050474
-3.174857 -3.185895 0.050473
-2.776287 -1.908126 0.038779
-2.878980 -2.011323 0.054088
-2.776979 -2.199058 0.041256
3.964301 3.587756 0.047300
3.774123 3.586092 0.047395
4.059160 3.422717 0.047200
3.962753 3.256550 0.047524
3.771871 3.255263 0.047203
3.678101 3.419767 0.047174
4.059364 4.086404 0.047210
3.083539 4.331045 0.046330
2.877830 4.305521 0.045875
2.884072 4.019832 0.046339
2.779166 4.145577 0.041856
3.679699 4.084106 0.047739
3.478221 4.394549 0.049261
3.092150 4.920692 0.046673
2.869990 4.597546 0.046383
2.771326 4.698138 0.036424
2.884779 4.969352 0.049094
2.771326 4.866418 0.037060
2.433970 5.411187 0.043465
2.753251 5.503984 0.045042
2.930034 5.457578 0.045382
2.613684 5.369836 0.046229
2.646390 5.198255 0.042980
2.972949 5.272466 0.045767
2.828872 5.147290 0.046295
0.678283 6.611262 0.044744
0.674948 6.795359 0.045105
1.004078 6.609629 0.044715
0.843365 6.518787 0.044987
1.329545 6.609874 0.045034
1.322069 6.794774 0.044876
1.494950 6.520836 0.044697
3.391276 3.893844 0.045156
3.488025 4.067798 0.048720
3.389827 4.208895 0.043768
3.191612 4.185128 0.045701
3.192276 3.883671 0.047157
3.090810 4.033859 0.044991
3.188477 2.956111 0.048645
3.093328 3.137898 0.041532
2.887248 3.168269 0.044583
2.781780 3.038676 0.043081
3.482282 3.088809 0.047145
3.767028 2.925674 0.047611
3.673129 3.089177 0.047675
3.380448 2.922938 0.047960
3.474078 1.777586 0.047547
3.378833 1.936898 0.047105
3.478429 2.101888 0.047306
3.669248 1.781293 0.047112
3.767277 1.945222 0.047385
3.671703 2.106505 0.047311
3.091963 2.373031 0.041942
3.188153 2.241586 0.048534
3.383972 2.262187 0.047174
3.187563 2.556497 0.048547
-3.371315 3.179876 0.050398
-3.468285 3.349910 0.050402
-3.174972 3.182499 0.050739
-3.956818 3.853636 0.050340
-3.761333 3.515974 0.050255
-3.759762 3.858071 0.050127
-3.662340 3.689747 0.050687
-4.055712 3.682137 0.050374
-3.957649 3.512799 0.050421
-3.773497 4.870880 0.049131
-3.668364 4.706901 0.049186
-3.391104 4.901469 0.048925
-3.472342 4.722352 0.050167
-3.447702 5.249961 0.048068
-3.798868 5.216780 0.047766
-3.505874 5.062440 0.049276
-3.692246 5.047302 0.048091
-3.572817 5.420905 0.047203
-3.737612 5.402861 0.045922
-3.175553 3.877359 0.049938
-3.368439 3.871490 0.050864
-3.467546 3.695012 0.049946
-3.370680 3.524631 0.050742
3.379799 -2.926520 0.047915
3.472811 -2.763761 0.047920
3.481714 -3.092583 0.047052
3.668755 -2.766959 0.047201
3.672673 -3.093601 0.047611
3.766701 -2.930735 0.047536
2.781458 -3.031487 0.043531
3.160903 -0.370148 0.042062
2.770966 -0.352961 0.041290
2.875795 -0.191681 0.050224
3.064079 -0.199444 0.044640
3.087117 -2.074587 0.044151
2.883150 -2.066223 0.046399
3.188158 -2.246448 0.048428
3.091447 -2.375413 0.041599
2.779112 -2.212606 0.042948
2.886368 -2.349936 0.044854
4.055741 4.416564 0.048148
3.958097 4.579676 0.047288
3.960819 4.252920 0.048338
3.770581 4.252392 0.046748
3.759894 4.585378 0.048274
3.667301 4.421738 0.049397
3.062605 4.627985 0.044634
3.171312 4.764785 0.042149
3.171273 4.477500 0.042274
3.367740 4.517237 0.042602
3.369403 4.699772 0.041665
1.157226 6.886194 0.044619
0.998971 6.793839 0.045087
1.150873 7.072708 0.044979
0.834922 6.887094 0.044577
0.989334 7.166300 0.044412
0.831638 7.073040 0.045123
1.478878 6.890760 0.044852
1.624674 7.172648 0.044135
1.469549 7.076576 0.044664
3.082718 2.667956 0.040050
3.082779 2.845303 0.039944
2.882100 2.628444 0.041367
2.774668 2.769357 0.041425
2.882162 2.897497 0.041668
3.479262 2.429573 0.046918
3.670361 2.434736 0.047796
3.473280 2.759277 0.048006
3.379044 2.592438 0.048173
3.765876 2.599968 0.047606
3.669014 2.761643 0.047320
-3.081243 3.705526 0.050375
-2.777886 3.563759 0.042129
-2.881277 3.710029 0.054044
-3.177263 3.529276 0.050095
-2.879114 3.387159 0.053971
-3.078525 3.357179 0.050854
2.881550 -2.892734 0.041538
3.081917 -2.845714 0.040018
3.081999 -2.668508 0.039944
3.075656 -0.512345 0.047771
3.080838 -0.824616 0.046725
3.180630 -0.674381 0.045691
2.874003 -0.502921 0.046974
1.949052 7.175955 0.042253
1.792285 7.086158 0.044821
2.131147 7.090509 0.045651
2.145734 6.929126 0.042296
2.781541 -2.487732 0.043487
2.881633 -2.622434 0.041262
2.774378 -2.759342 0.041930
2.776147 -0.928781 0.040720
2.879183 -0.803616 0.048309
2.777323 -0.643957 0.042371
1.979614 6.658010 0.046167
1.974498 6.833827 0.043033
1.803144 6.905412 0.044452
1.644862 6.806088 0.044412
1.816857 6.544572 0.043265
1.653458 6.621064 0.045682
