4.121770 5.878661 0.018690
3.901500 6.098930 0.018690
3.681231 6.319200 0.018690
3.460961 6.539470 0.018690
3.240692 6.759739 0.018690
3.020422 6.980009 0.018690
2.800152 7.200278 0.018690
2.579883 7.420548 0.018690
2.359613 7.640818 0.018690
2.099513 7.750952 0.017996
1.799583 7.750952 0.017996
1.499652 7.750952 0.017996
1.199722 7.750952 0.017996
0.899791 7.750952 0.017996
0.599861 7.750952 0.017996
0.299930 7.750952 0.017996
0.000000 7.750952 0.017996
-0.299930 7.750952 0.017996
-0.599861 7.750952 0.017996
-0.899791 7.750952 0.017996
-1.199722 7.750952 0.017996
-1.499652 7.750952 0.017996
-1.799583 7.750952 0.017996
-2.099513 7.750952 0.017996
-2.359613 7.640818 0.018690
-2.579883 7.420548 0.018690
-2.800152 7.200278 0.018690
-3.020422 6.980009 0.018690
-3.240692 6.759739 0.018690
-3.460961 6.539470 0.018690
-3.681231 6.319200 0.018690
-3.901500 6.098930 0.018690
-4.121770 5.878661 0.018690
-4.231905 5.616723 0.018216
-4.231905 5.313116 0.018216
-4.231905 5.009509 0.018216
-4.231905 4.705903 0.018216
-4.231905 4.402296 0.018216
-4.231905 4.098690 0.018216
-4.231905 3.795083 0.018216
-4.231905 3.491476 0.018216
-4.231905 3.187870 0.018216
-4.231905 2.884263 0.018216
-4.231905 2.580656 0.018216
-4.231905 2.277050 0.018216
-4.231905 1.973443 0.018216
-4.231905 1.669836 0.018216
-4.231905 1.366230 0.018216
-4.231905 1.062623 0.018216
-4.231905 0.759017 0.018216
-4.231905 0.455410 0.018216
-4.231905 0.151803 0.018216
-4.231905 -0.151803 0.018216
-4.231905 -0.455410 0.018216
-4.231905 -0.759017 0.018216
-4.231905 -1.062623 0.018216
-4.231905 -1.366230 0.018216
-4.231905 -1.669836 0.018216
-4.231905 -1.973443 0.018216
-4.231905 -2.277050 0.018216
-4.231905 -2.580656 0.018216
-4.231905 -2.884263 0.018216
-4.231905 -3.187870 0.018216
-4.231905 -3.491476 0.018216
-4.231905 -3.795083 0.018216
-4.231905 -4.098690 0.018216
-4.231905 -4.402296 0.018216
-4.231905 -4.705903 0.018216
-4.231905 -5.009509 0.018216
-4.231905 -5.313116 0.018216
-4.231905 -5.616723 0.018216
-4.121770 -5.878661 0.018690
-3.901500 -6.098930 0.018690
-3.681231 -6.319200 0.018690
-3.460961 -6.539470 0.018690
-3.240692 -6.759739 0.018690
-3.020422 -6.980009 0.018690
-2.800152 -7.200278 0.018690
-2.579883 -7.420548 0.018690
-2.359613 -7.640818 0.018690
-2.099513 -7.750952 0.017996
-1.799583 -7.750952 0.017996
-1.499652 -7.750952 0.017996
-1.199722 -7.750952 0.017996
-0.899791 -7.750952 0.017996
-0.599861 -7.750952 0.017996
-0.299930 -7.750952 0.017996
0.000000 -7.750952 0.017996
0.299930 -7.750952 0.017996
0.599861 -7.750952 0.017996
0.899791 -7.750952 0.017996
1.199722 -7.750952 0.017996
1.499652 -7.750952 0.017996
1.799583 -7.750952 0.017996
2.099513 -7.750952 0.017996
2.359613 -7.640818 0.018690
2.579883 -7.420548 0.018690
2.800152 -7.200278 0.018690
3.020422 -6.980009 0.018690
3.240692 -6.759739 0.018690
3.460961 -6.539470 0.018690
3.681231 -6.319200 0.018690
3.901500 -6.098930 0.018690
4.121770 -5.878661 0.018690
4.231905 -5.616723 0.018216
4.231905 -5.313116 0.018216
4.231905 -5.009509 0.018216
4.231905 -4.705903 0.018216
4.231905 -4.402296 0.018216
4.231905 -4.098690 0.018216
4.231905 -3.795083 0.018216
4.231905 -3.491476 0.018216
4.231905 -3.187870 0.018216
4.231905 -2.884263 0.018216
4.231905 -2.580656 0.018216
4.231905 -2.277050 0.018216
4.231905 -1.973443 0.018216
4.231905 -1.669836 0.018216
4.231905 -1.366230 0.018216
4.231905 -1.062623 0.018216
4.231905 -0.759017 0.018216
4.231905 -0.455410 0.018216
4.231905 -0.151803 0.018216
4.231905 0.151803 0.018216
4.231905 0.455410 0.018216
4.231905 0.759017 0.018216
4.231905 1.062623 0.018216
4.231905 1.366230 0.018216
4.231905 1.669836 0.018216
4.231905 1.973443 0.018216
4.231905 2.277050 0.018216
4.231905 2.580656 0.018216
4.231905 2.884263 0.018216
4.231905 3.187870 0.018216
4.231905 3.491476 0.018216
4.231905 3.795083 0.018216
4.231905 4.098690 0.018216
4.231905 4.402296 0.018216
4.231905 4.705903 0.018216
4.231905 5.009509 0.018216
4.231905 5.313116 0.018216
4.231905 5.616723 0.018216
2.555642 5.329641 0.023124
2.283118 5.602166 0.023124
2.010593 5.874690 0.023124
1.718137 6.010952 0.018743
1.405748 6.010952 0.018743
1.093360 6.010952 0.018743
0.780971 6.010952 0.018743
0.468583 6.010952 0.018743
0.156194 6.010952 0.018743
-0.156194 6.010952 0.018743
-0.468583 6.010952 0.018743
-0.780971 6.010952 0.018743
-1.093360 6.010952 0.018743
-1.405748 6.010952 0.018743
-1.718137 6.010952 0.018743
-2.010593 5.874690 0.023124
-2.283118 5.602166 0.023124
-2.555642 5.329641 0.023124
-2.691905 5.040632 0.018330
-2.691905 4.735139 0.018330
-2.691905 4.429647 0.018330
-2.691905 4.124154 0.018330
-2.691905 3.818661 0.018330
-2.691905 3.513168 0.018330
-2.691905 3.207675 0.018330
-2.691905 2.902182 0.018330
-2.691905 2.596689 0.018330
-2.691905 2.291197 0.018330
-2.691905 1.985704 0.018330
-2.691905 1.680211 0.018330
-2.691905 1.374718 0.018330
-2.691905 1.069225 0.018330
-2.691905 0.763732 0.018330
-2.691905 0.458239 0.018330
-2.691905 0.152746 0.018330
-2.691905 -0.152746 0.018330
-2.691905 -0.458239 0.018330
-2.691905 -0.763732 0.018330
-2.691905 -1.069225 0.018330
-2.691905 -1.374718 0.018330
-2.691905 -1.680211 0.018330
-2.691905 -1.985704 0.018330
-2.691905 -2.291197 0.018330
-2.691905 -2.596689 0.018330
-2.691905 -2.902182 0.018330
-2.691905 -3.207675 0.018330
-2.691905 -3.513168 0.018330
-2.691905 -3.818661 0.018330
-2.691905 -4.124154 0.018330
-2.691905 -4.429647 0.018330
-2.691905 -4.735139 0.018330
-2.691905 -5.040632 0.018330
-2.555642 -5.329641 0.023124
-2.283118 -5.602166 0.023124
-2.010593 -5.874690 0.023124
-1.718137 -6.010952 0.018743
-1.405748 -6.010952 0.018743
-1.093360 -6.010952 0.018743
-0.780971 -6.010952 0.018743
-0.468583 -6.010952 0.018743
-0.156194 -6.010952 0.018743
0.156194 -6.010952 0.018743
0.468583 -6.010952 0.018743
0.780971 -6.010952 0.018743
1.093360 -6.010952 0.018743
1.405748 -6.010952 0.018743
1.718137 -6.010952 0.018743
2.010593 -5.874690 0.023124
2.283118 -5.602166 0.023124
2.555642 -5.329641 0.023124
2.691905 -5.040632 0.018330
2.691905 -4.735139 0.018330
2.691905 -4.429647 0.018330
2.691905 -4.124154 0.018330
2.691905 -3.818661 0.018330
2.691905 -3.513168 0.018330
2.691905 -3.207675 0.018330
2.691905 -2.902182 0.018330
2.691905 -2.596689 0.018330
2.691905 -2.291197 0.018330
2.691905 -1.985704 0.018330
2.691905 -1.680211 0.018330
2.691905 -1.374718 0.018330
2.691905 -1.069225 0.018330
2.691905 -0.763732 0.018330
2.691905 -0.458239 0.018330
2.691905 -0.152746 0.018330
2.691905 0.152746 0.018330
2.691905 0.458239 0.018330
2.691905 0.763732 0.018330
2.691905 1.069225 0.018330
2.691905 1.374718 0.018330
2.691905 1.680211 0.018330
2.691905 1.985704 0.018330
2.691905 2.291197 0.018330
2.691905 2.596689 0.018330
2.691905 2.902182 0.018330
2.691905 3.207675 0.018330
2.691905 3.513168 0.018330
2.691905 3.818661 0.018330
2.691905 4.124154 0.018330
2.691905 4.429647 0.018330
2.691905 4.735139 0.018330
2.691905 5.040632 0.018330
