-1.112188 -7.279236 0.039920
-0.932350 -7.186912 0.046409
-2.722954 -3.173976 0.050378
-2.820154 -2.996413 0.049499
-1.714380 -7.275491 0.042294
-1.413139 -7.278329 0.041435
-1.561383 -7.180487 0.047012
-1.560762 -6.994876 0.043424
-1.396643 -6.908792 0.045309
-1.246443 -7.184232 0.046760
-1.230568 -7.000306 0.044147
-3.310163 0.783881 0.046459
-4.008765 1.257898 0.051223
-2.725059 -1.147213 0.049065
-2.721976 -0.166884 0.047435
2.202813 -7.193677 0.042574
2.032386 -7.273410 0.040781
2.271574 -5.769716 0.045006
2.041888 -5.973998 0.046976
2.227179 -5.947121 0.043447
-0.055013 -7.278546 0.041310
-0.818730 -7.281010 0.037026
-0.641965 -7.281010 0.036413
-0.352683 -7.279419 0.039436
-0.228059 -7.184632 0.045733
-0.251160 -6.998521 0.044394
-0.413091 -6.908622 0.044268
-0.537201 -7.187095 0.045656
-0.574507 -7.002410 0.044636
-3.082291 -6.298524 0.044868
-2.905430 -6.343892 0.045003
-2.010018 -7.276779 0.041515
-1.869737 -7.178937 0.045545
-2.723867 -2.829353 0.050133
-4.024553 0.498989 0.046246
-4.000182 0.163956 0.053948
-3.918069 0.312622 0.039908
-3.724921 0.332018 0.046783
-3.331307 0.434861 0.047155
-3.414731 0.594993 0.052317
-3.418020 0.229551 0.055030
-3.600758 0.183343 0.056236
-4.010287 0.914141 0.052005
-3.912385 1.102737 0.046925
-3.910717 1.437282 0.048799
-2.825041 -0.977979 0.049762
-3.020659 -0.971088 0.048368
-3.122609 -0.795519 0.050831
-2.817286 -0.000004 0.048276
2.256462 -7.006858 0.045080
4.007105 0.661239 0.040665
2.822629 -0.134570 0.045721
4.002011 -1.694441 0.041517
-2.725914 -1.479796 0.049554
-2.824758 -1.644248 0.049621
-2.824307 -1.311139 0.049287
2.166137 -6.696935 0.046499
2.128769 -6.889177 0.043183
2.851839 -5.990687 0.045995
2.800242 -6.177729 0.044848
3.023352 -5.947431 0.044667
3.361339 -5.873508 0.045211
3.317641 -6.058898 0.044727
3.146687 -6.094715 0.045729
3.237886 -5.717868 0.044790
3.070853 -5.755974 0.046217
2.445179 -5.730707 0.045032
2.566619 -5.880098 0.043937
2.733040 -5.842403 0.045883
2.876429 -6.503544 0.045136
3.099801 -6.280209 0.044687
2.924869 -6.319967 0.046022
1.999841 -6.134679 0.041299
2.116615 -6.302132 0.040822
2.273086 -6.294793 0.047719
2.622262 -6.221796 0.046657
2.341603 -6.100464 0.043199
2.507438 -6.072450 0.046264
1.912163 -5.831644 0.042906
1.721360 -5.886382 0.047871
1.615290 -5.785999 0.036465
-0.900650 -7.003316 0.044775
-0.736692 -6.912728 0.044524
-0.732023 -6.728148 0.044960
-1.064613 -6.911714 0.044425
-0.327127 -5.788652 0.038880
-1.988454 -5.631369 0.044743
-1.974724 -5.793400 0.045859
-3.303612 0.097569 0.044474
-3.111867 0.153856 0.044369
-3.003064 -0.000005 0.045824
-3.908054 0.612929 0.042552
-3.893788 0.783017 0.047336
-3.687990 0.802990 0.039886
-3.714906 0.507169 0.041484
-3.591222 0.616215 0.048749
-4.008619 1.599210 0.050451
-3.715429 1.115452 0.048337
-3.406197 0.948943 0.049109
-3.607533 0.946829 0.053038
-2.726648 -0.815507 0.049203
-3.028753 -0.635790 0.048354
-2.823737 -0.328024 0.046551
-2.728428 -0.490145 0.049365
-2.828409 -0.648886 0.049090
-3.118869 -1.133702 0.049296
-3.022498 -1.304519 0.049569
-4.010287 -0.914147 0.052005
-4.008765 -1.257906 0.051223
-3.912385 -1.102742 0.046925
-3.417775 -1.285735 0.049994
-3.316854 -1.123192 0.049795
-3.615016 -1.280115 0.050350
-3.715430 -1.115457 0.048337
-3.022693 -1.638413 0.049540
-3.319333 -1.459067 0.049512
-3.122041 -1.467342 0.049683
1.194648 6.160857 0.043749
0.258107 5.789381 0.041499
1.192702 6.344973 0.044000
0.229152 6.903990 0.044333
0.387991 6.995883 0.043832
2.475446 6.768435 0.045076
-2.397319 6.982362 0.044699
-2.633427 6.756901 0.043155
-2.446076 6.808785 0.047101
-3.526276 5.850821 0.044865
-2.624085 4.998595 0.040506
-2.572006 5.460175 0.044513
-2.614955 5.145097 0.044305
-2.719561 4.241066 0.053196
-3.011663 3.325803 0.050359
-2.818045 3.340786 0.049215
-1.353772 5.790776 0.040908
-1.490400 6.075471 0.044291
-1.493635 5.885027 0.044767
-1.336344 6.172539 0.043843
-2.178714 7.203648 0.043695
-2.214644 7.032251 0.044434
-4.006877 2.941097 0.049538
-3.906530 3.763139 0.048747
-3.607449 3.936383 0.048429
-3.705738 3.769722 0.049076
2.430435 -6.951543 0.045248
2.698202 -6.543758 0.046355
2.651467 -6.725666 0.045947
2.475896 -6.768068 0.045089
2.568662 -6.404248 0.044948
2.339290 -6.631142 0.045953
2.385321 -6.449231 0.047275
3.529659 -5.843797 0.044641
3.737076 -5.634171 0.044382
3.570515 -5.659040 0.044884
3.943982 -5.428976 0.043373
3.778501 -5.450556 0.044953
4.003819 -3.373017 0.043431
3.905475 -4.124583 0.047952
3.706004 -4.476761 0.046898
4.000889 -2.520301 0.043239
3.902020 -2.372917 0.041932
3.705068 -2.315318 0.039887
3.897117 -1.818237 0.046534
3.705952 -2.133845 0.040214
2.821543 -2.712262 0.047302
2.724609 -2.550438 0.047065
2.823094 -2.390844 0.047187
3.121848 -1.923195 0.045647
3.023050 -2.075555 0.047692
2.600089 -5.019269 0.041960
3.601966 0.253170 0.042325
4.001819 0.365807 0.041997
3.902257 0.515072 0.053250
3.904910 0.192880 0.054249
3.711477 0.134707 0.050128
3.622222 -0.058075 0.043948
-2.721977 0.166876 0.047436
-3.132885 0.464018 0.048535
-3.027853 0.314995 0.050140
-2.823741 0.328013 0.046551
-2.728430 0.490132 0.049365
4.005095 -0.674791 0.041603
3.715783 -0.198262 0.049051
3.909886 -0.207674 0.051037
4.006794 -0.382806 0.040657
3.905223 -0.523082 0.050126
3.615703 -0.378940 0.045211
3.708233 -0.528627 0.047785
3.906984 -0.833126 0.048961
3.021750 -0.125444 0.047250
3.424919 -0.092118 0.045624
3.019845 -1.062963 0.047623
2.824326 -1.088605 0.048282
1.959164 -6.977511 0.042842
1.750981 -7.274848 0.041432
1.916429 -7.174925 0.043251
2.773829 -4.944772 0.044111
3.025311 -4.667255 0.048260
2.912024 -5.059132 0.047908
3.445447 -5.498338 0.044918
3.281137 -5.527454 0.045159
3.160345 -5.365729 0.045427
2.877712 -5.264191 0.043660
2.998509 -5.406560 0.046453
2.952267 -5.606392 0.044697
2.785967 -5.649565 0.045091
1.439850 -5.785999 0.036693
0.854724 -5.788805 0.041091
2.174416 -5.449505 0.043711
2.137124 -5.626745 0.045534
1.963005 -5.661796 0.043747
0.246991 -7.278399 0.042233
0.082592 -7.183613 0.045383
-0.394750 -6.166299 0.044291
-1.065090 -5.790042 0.039649
-2.770923 -6.211634 0.045355
-2.859145 -6.524510 0.044428
-2.178682 -7.203662 0.043696
-1.806573 -6.056175 0.043617
-1.802316 -5.875946 0.044961
-1.646683 -5.787583 0.040587
-1.647676 -6.158256 0.042390
-1.887588 -6.987624 0.044120
-1.731610 -6.898567 0.046568
-2.020467 -6.626160 0.039925
-1.802740 -6.427375 0.040968
-1.653170 -6.346424 0.045262
-1.711479 -6.718827 0.046584
-1.837552 -6.615834 0.040695
-2.725510 -1.813792 0.049684
-2.823932 -1.979182 0.049659
-2.725088 -2.149873 0.049820
-3.014962 -2.986060 0.050168
-3.114503 -2.811285 0.049418
-3.311616 -2.801433 0.049861
-2.721758 -3.523299 0.050784
-2.818045 -3.340798 0.049215
-3.111859 -0.153872 0.044370
-3.132877 -0.464035 0.048533
-3.027843 -0.315011 0.050139
-3.303606 -0.097599 0.044474
-4.024552 -0.498996 0.046247
-3.893704 -0.000001 0.049233
-4.000188 -0.163960 0.053946
-3.918073 -0.312628 0.039908
-3.687427 -0.000010 0.046141
-3.893787 -0.783021 0.047337
-3.908051 -0.612934 0.042552
-3.713924 -1.446785 0.049224
-3.910718 -1.437290 0.048800
-3.909359 -2.110182 0.049537
-3.417510 -1.622822 0.049782
-3.614860 -1.616159 0.049942
-3.713226 -1.781398 0.049585
2.732337 5.843159 0.045865
3.099200 6.280831 0.044673
2.851132 5.991463 0.045971
1.352873 6.437705 0.044850
1.672920 6.627693 0.044161
3.943925 5.429439 0.043324
3.529093 5.844444 0.044631
2.951504 5.607355 0.044686
2.785241 5.650383 0.045062
1.358513 6.066448 0.044936
1.150369 5.787966 0.039573
1.439736 5.785991 0.036705
1.329875 5.880624 0.045973
1.021282 5.883433 0.045941
1.036923 6.070500 0.044405
0.875186 6.163778 0.044007
0.854533 5.788800 0.041093
2.202632 7.193776 0.042567
2.430098 6.951826 0.045236
2.256132 7.007053 0.045077
2.032233 7.273441 0.040787
1.033331 6.438653 0.044309
0.873539 6.347815 0.044007
0.713313 6.441034 0.044196
0.550592 7.278267 0.042629
0.246736 7.278400 0.042229
0.392825 7.183334 0.045044
0.069579 6.996655 0.044050
0.082330 7.183615 0.045378
2.651008 6.726096 0.045932
2.338765 6.631502 0.045939
2.002083 6.442635 0.042282
-2.322163 6.687963 0.041621
-2.859193 6.524464 0.044427
-2.682711 6.576127 0.044526
-3.569670 5.661350 0.047355
-3.439101 5.514095 0.045446
-3.478479 5.319042 0.049174
-2.790071 5.245819 0.044530
-2.763860 5.407979 0.044564
-1.646722 5.787585 0.040583
-1.802365 5.875934 0.044957
-2.184801 5.571199 0.044100
-2.147796 5.898030 0.043657
-1.974757 5.793371 0.045858
-1.988465 5.631354 0.044742
-2.206292 5.414742 0.043572
-2.401877 5.356529 0.044408
-2.418615 5.203610 0.042224
-2.721757 3.523288 0.050784
-2.724554 2.488232 0.049961
-2.821754 2.654971 0.049624
-3.117057 2.474203 0.049569
-3.017582 2.647256 0.049997
-1.647781 6.158251 0.042387
-1.806659 6.056157 0.043616
-0.781196 5.787645 0.037086
-1.714461 7.275489 0.042289
-2.010058 7.276773 0.041511
-1.869813 7.178928 0.045542
-2.063859 6.914055 0.044722
-2.020576 6.626129 0.039922
-2.122621 6.743344 0.047806
-1.887685 6.987607 0.044117
-1.731729 6.898552 0.046565
-1.343085 6.360174 0.044208
-1.561493 7.180483 0.047009
-1.560890 6.994867 0.043421
-4.006291 3.598391 0.049247
-3.604889 3.611848 0.049087
-3.107851 3.485319 0.048734
-3.305484 3.467906 0.049607
-3.404406 3.624769 0.049003
-4.008239 1.938187 0.050056
-3.910191 1.773944 0.049335
-3.907538 2.777849 0.049540
-4.009018 4.918817 0.047943
3.115685 -4.497106 0.047072
3.310971 -4.489185 0.047510
2.822009 -3.678890 0.047456
3.310312 -4.169201 0.047664
3.408585 -4.325996 0.046670
3.705775 -4.161617 0.046974
3.607439 -4.321150 0.047288
4.011768 -5.264187 0.041424
3.905978 -4.804569 0.047115
4.007114 -4.966322 0.042104
3.912215 -5.110018 0.046683
4.005164 -3.947612 0.040730
4.005531 -4.677300 0.041166
3.905842 -4.504685 0.047569
3.307043 -3.526926 0.047071
3.114418 -3.847851 0.046915
3.112754 -3.524905 0.046858
3.016609 -3.685202 0.047105
3.403503 -3.367298 0.046633
3.402149 -3.046041 0.046839
3.305604 -3.205500 0.046972
3.599913 -3.372879 0.047486
4.007797 -2.245971 0.041464
4.001773 -1.971431 0.042561
3.902904 -2.098248 0.041559
4.002797 -2.799055 0.043358
3.897020 -2.649205 0.044803
3.407735 -1.731564 0.048522
3.604440 -2.018651 0.048676
3.696736 -1.829859 0.042422
3.599130 -1.692348 0.049601
3.414547 -2.062187 0.049534
3.315449 -1.912612 0.044135
-0.207201 -5.884766 0.045485
-0.233707 -6.073676 0.044215
0.258285 -5.789384 0.041503
-0.037064 -5.789448 0.040662
0.097534 -5.885499 0.045532
3.601036 -2.426720 0.048583
3.597182 -2.743165 0.048440
3.694118 -2.613222 0.041769
3.019951 -2.393085 0.047396
3.120556 -2.236948 0.046643
3.318453 -2.234164 0.046327
3.410337 -2.393206 0.048815
2.725152 -2.230260 0.047256
2.726018 -1.910958 0.047538
2.824503 -2.071108 0.047340
2.724079 -3.513890 0.046391
4.009758 0.074902 0.036792
4.009758 -0.093682 0.036726
4.008894 1.118647 0.036970
4.008894 0.950030 0.037218
3.909333 0.834927 0.050576
2.723559 0.021538 0.046230
-3.122608 0.795507 0.050832
-3.028754 0.635776 0.048354
-3.020657 0.971077 0.048368
-2.828411 0.648872 0.049090
4.008556 -0.964063 0.039615
4.006944 -1.417851 0.038267
3.902288 -1.528256 0.048025
3.699788 -1.514540 0.046283
4.006944 -1.249535 0.037265
3.908833 -1.144078 0.049920
3.291521 -1.607837 0.044387
2.727724 -1.252076 0.048237
3.115296 -0.887003 0.044341
2.723269 -0.930037 0.046752
3.075210 -5.008280 0.047601
3.133033 -4.826174 0.047579
3.202734 -5.172508 0.044610
2.488561 -5.547968 0.045071
2.662928 -5.504520 0.045330
2.708431 -5.318979 0.045451
2.569003 -5.188418 0.046482
2.352248 -5.409736 0.045952
2.387188 -5.235728 0.043332
1.330104 -5.880634 0.045974
1.150538 -5.787968 0.039565
1.021525 -5.883440 0.045946
0.712512 -5.884597 0.045671
0.404339 -5.885177 0.045522
0.556373 -5.789126 0.041640
1.826914 -6.180259 0.043619
1.678158 -6.074316 0.044463
1.819715 -6.889297 0.046231
1.037245 -6.070511 0.044408
0.393116 -7.183331 0.045049
0.388308 -6.995880 0.043836
0.550435 -6.718099 0.044038
0.548043 -6.902743 0.044395
0.704743 -6.994756 0.043697
0.229455 -6.903989 0.044337
0.069863 -6.996653 0.044054
-0.090843 -6.905476 0.044272
-0.090198 -6.721677 0.044409
0.391749 -6.627059 0.044157
0.230504 -6.719812 0.044159
0.071557 -6.628677 0.044118
-0.244496 -6.445756 0.044419
-0.400607 -6.353079 0.044181
-0.248694 -6.630735 0.044078
-0.561553 -6.447266 0.044535
-0.411269 -6.724636 0.044741
-0.568017 -6.633843 0.043991
-0.549136 -6.071702 0.044295
-0.508019 -5.882965 0.044873
-0.608131 -5.787646 0.036326
-0.891258 -5.884355 0.045666
-0.781104 -5.787646 0.037085
-3.737955 -5.631117 0.045372
-3.305588 -6.075002 0.044717
-3.128715 -6.117542 0.045576
-4.013028 -4.583489 0.047044
-3.915377 -4.754135 0.049291
-2.668383 -5.906827 0.046275
-2.813142 -6.032351 0.045006
-2.994073 -5.983627 0.045467
-3.039262 -5.805440 0.045725
-2.594578 -6.264590 0.044296
-2.682652 -6.576176 0.044528
-2.379381 -6.508464 0.043954
-2.552592 -6.448513 0.045028
-2.633376 -6.756943 0.043156
-2.214588 -7.032280 0.044436
-2.122528 -6.743383 0.047809
-2.063775 -6.914084 0.044724
-2.397275 -6.982396 0.044700
-2.322081 -6.688011 0.041623
-2.446016 -6.808828 0.047103
-1.192073 -5.887484 0.045576
-1.177852 -6.078803 0.044189
-1.353707 -5.790775 0.040911
-1.493563 -5.885025 0.044769
-1.490299 -6.075469 0.044295
-1.336223 -6.172538 0.043846
-1.023250 -6.170829 0.044043
-0.863638 -6.073822 0.044580
-0.709009 -6.165851 0.044452
-0.715570 -6.354634 0.044077
-1.342951 -6.360175 0.044212
-1.502521 -6.451273 0.043187
-1.382030 -6.728874 0.045620
-1.526018 -6.635218 0.042142
-4.006291 -3.598408 0.049247
-4.006906 -3.924649 0.048919
-3.906530 -3.763156 0.048747
-4.006877 -2.941111 0.049538
-3.607996 -2.953952 0.049630
-3.409260 -2.963322 0.049342
-3.111381 -3.148641 0.049158
-3.305484 -3.467923 0.049607
-3.406481 -3.295519 0.049152
-3.308565 -3.135756 0.049833
-3.011664 -3.325816 0.050359
-3.107851 -3.485335 0.048735
-3.017583 -2.647267 0.049997
-2.821754 -2.654982 0.049624
-2.724554 -2.488243 0.049961
-2.822975 -2.316025 0.049668
-2.815479 -3.688400 0.048595
-3.007954 -3.665418 0.050475
-2.720388 -3.878800 0.051569
-3.418013 -0.229574 0.055025
-3.600762 -0.183359 0.056231
-3.724924 -0.332019 0.046783
-3.714903 -0.507170 0.041484
-3.331301 -0.434870 0.047154
-3.607534 -0.946832 0.053039
-3.687990 -0.802992 0.039886
-3.406199 -0.948948 0.049109
-3.310165 -0.783889 0.046459
-3.414731 -0.594995 0.052318
-3.591221 -0.616214 0.048750
-4.008619 -1.599219 0.050452
-4.008239 -1.938197 0.050056
-3.910192 -1.773952 0.049335
-4.007787 -2.274795 0.049830
-3.907538 -2.777862 0.049541
-4.007328 -2.609096 0.049671
-3.908448 -2.444965 0.049588
-3.708518 -2.784087 0.049484
-3.019651 -2.309712 0.049851
-3.117058 -2.474214 0.049569
2.924256 6.320598 0.046002
2.875881 6.504089 0.045121
2.697655 6.544272 0.046337
2.799584 6.178415 0.044832
3.317026 6.059558 0.044715
3.146039 6.095429 0.045706
3.360708 5.874266 0.045194
3.022642 5.948245 0.044655
3.070110 5.756912 0.046188
3.237189 5.718805 0.044777
1.508751 6.346917 0.043232
1.512446 6.159775 0.043934
1.823516 6.362649 0.041117
1.671150 6.443762 0.045332
1.826414 6.180407 0.043616
1.677743 6.074378 0.044449
1.834134 6.710528 0.041875
2.128338 6.889352 0.043176
2.165622 6.697191 0.046493
2.010930 6.606583 0.046564
2.565993 5.880739 0.043914
4.011829 5.264212 0.041534
3.736640 5.634751 0.044368
3.569986 5.659794 0.044868
3.778291 5.451316 0.044930
2.599836 5.019562 0.041993
2.822961 4.002243 0.047924
2.662271 5.505226 0.045307
2.386923 5.235987 0.043335
2.707774 5.319719 0.045429
2.568563 5.188892 0.046451
2.997783 5.407688 0.046411
2.877023 5.265209 0.043656
0.717287 6.072499 0.044058
0.712275 5.884588 0.045666
0.404117 5.885169 0.045517
0.556182 5.789121 0.041639
2.821525 3.360807 0.047182
3.015789 3.364960 0.046897
2.723932 3.197860 0.046499
2.821036 3.039297 0.047076
1.156413 7.277611 0.042490
1.456260 7.277911 0.041805
1.316963 7.182189 0.044676
1.010505 7.182176 0.044711
0.854329 7.277898 0.042720
0.702447 7.182831 0.044842
0.391432 6.627054 0.044153
0.230202 6.719809 0.044155
0.071277 6.628672 0.044114
-0.608228 5.787645 0.036322
0.097333 5.885491 0.045527
-0.037221 5.789444 0.040657
-0.732221 6.728145 0.044956
-0.251412 6.998526 0.044391
-0.413325 6.908625 0.044264
-0.090464 6.721675 0.044405
-0.091112 6.905478 0.044267
-0.055238 7.278548 0.041305
-0.352876 7.279422 0.039431
-0.228289 7.184637 0.045727
-3.417670 4.269739 0.049330
-3.327267 4.430807 0.045807
-2.725932 4.605699 0.059485
-2.818826 4.382168 0.046153
-3.015057 4.322688 0.047574
-3.126428 4.455343 0.047059
-2.379465 6.508412 0.043952
-2.552662 6.448460 0.045026
-2.594643 6.264533 0.044294
-2.455183 6.136417 0.046431
-3.737973 5.631097 0.045370
-4.012635 5.246246 0.046609
-3.914986 5.085988 0.046718
-3.945359 5.423671 0.044235
-3.780237 5.442717 0.046749
-3.718787 5.098613 0.048994
-3.651313 5.277917 0.047239
-3.264025 5.567915 0.047602
-3.116078 5.452986 0.046131
-2.926126 5.517773 0.043658
-3.406481 3.295503 0.049152
-0.709176 6.165847 0.044448
-0.715752 6.354630 0.044073
-1.502649 6.451266 0.043184
-1.802857 6.427356 0.040967
-1.653289 6.346412 0.045260
-1.526153 6.635207 0.042140
-1.837668 6.615812 0.040693
-1.711604 6.718809 0.046581
-1.190734 6.454244 0.044124
-0.886375 6.637345 0.043687
-0.876378 6.450407 0.044521
-1.029411 6.358632 0.044225
-1.413252 7.278328 0.041431
-1.112325 7.279235 0.039918
-1.246582 7.184230 0.046757
-3.906113 3.436914 0.049163
-3.706838 3.115173 0.049347
-4.006489 3.270816 0.049404
-3.906700 3.108557 0.049402
-3.705504 3.443787 0.049188
-3.606018 3.284305 0.049447
-2.815479 3.688387 0.048595
-3.007953 3.665402 0.050475
-2.813282 4.037956 0.047268
-2.720388 3.878788 0.051569
-4.006906 3.924631 0.048918
-4.007328 2.609083 0.049671
-3.708518 2.784074 0.049483
-3.607995 2.953938 0.049630
-3.713923 1.446778 0.049224
-3.615014 1.280109 0.050350
-3.613744 1.952012 0.049774
-3.417509 1.622813 0.049782
-3.713226 1.781389 0.049584
-3.614859 1.616151 0.049942
-3.316523 2.130531 0.049740
-3.416215 1.958838 0.049716
-3.318346 1.794877 0.049644
2.724876 -4.459652 0.043581
2.731083 -4.762056 0.042738
2.829293 -4.644045 0.050623
2.724596 -3.832236 0.046058
3.017841 -4.336145 0.048118
2.823051 -4.321902 0.048909
3.114853 -4.171430 0.046799
3.017992 -4.009379 0.047517
2.822771 -4.000075 0.047939
2.724841 -4.147883 0.045267
3.604683 -4.004729 0.047160
3.405520 -3.687541 0.046651
3.408074 -4.007467 0.046745
3.309041 -3.848169 0.047239
3.722250 -5.112171 0.044727
3.656322 -5.287921 0.044569
3.489828 -5.310833 0.045188
3.367907 -5.146728 0.046223
3.902744 -3.826045 0.047831
3.701963 -3.846128 0.046280
4.004246 -3.661893 0.042622
3.901399 -3.526942 0.047383
3.699767 -3.533204 0.045683
3.601833 -3.688238 0.047251
4.006978 -4.226545 0.037891
4.006978 -4.396505 0.038354
3.598344 -3.058133 0.047844
3.696748 -2.916073 0.044056
3.698210 -3.223173 0.045049
3.899462 -2.935980 0.046077
4.003331 -3.084441 0.043602
3.900484 -3.229574 0.046843
3.307894 -2.558931 0.046149
3.305027 -2.883205 0.046823
3.401656 -2.722388 0.047305
3.111341 -2.879331 0.046914
3.015481 -2.715609 0.046852
3.115404 -2.556026 0.047345
2.821185 -3.357251 0.047180
3.014510 -3.038844 0.046957
3.111651 -3.202178 0.046832
3.015261 -3.361954 0.046967
2.723601 -2.872156 0.046702
2.820707 -3.035017 0.047073
2.723773 -3.193648 0.046584
3.907518 1.225465 0.049121
3.710820 1.210632 0.047145
3.707092 0.552997 0.049226
3.600234 0.438280 0.042276
3.403305 0.491482 0.042292
3.315373 0.644537 0.047014
3.319274 1.262008 0.046352
3.413573 1.412751 0.047227
3.608462 1.389014 0.046702
3.701809 1.529692 0.045175
3.112108 3.204785 0.046888
3.014948 3.042069 0.046855
3.306009 3.207763 0.047011
3.402345 3.048558 0.046735
-2.725059 1.147201 0.049065
-2.825040 0.977967 0.049762
-2.726647 0.815494 0.049203
-2.725914 1.479786 0.049554
-2.824307 1.311128 0.049287
3.617118 -1.359358 0.049414
3.721507 -1.182342 0.044806
2.714271 -1.585205 0.044366
2.813622 -1.751552 0.044941
2.992066 -1.449649 0.044272
2.815328 -1.417612 0.048745
3.010906 -1.759342 0.049535
3.088292 -1.625032 0.037951
3.017921 -0.748561 0.047494
2.821413 -0.765953 0.046725
3.123167 -0.271248 0.045416
3.022190 -0.435262 0.046981
3.119628 -0.579215 0.045381
3.317828 -0.561834 0.045279
3.420551 -0.399890 0.047095
3.323328 -0.253256 0.045809
1.358851 -6.066467 0.044937
1.512841 -6.159766 0.043936
1.195006 -6.160873 0.043756
1.509214 -6.346885 0.043241
1.834670 -6.710397 0.041880
1.673454 -6.627596 0.044173
2.011486 -6.606369 0.046581
2.002654 -6.442393 0.042285
1.824054 -6.362492 0.041127
1.671670 -6.443667 0.045338
1.509278 -6.716294 0.044207
0.717582 -6.072513 0.044062
0.875513 -6.163792 0.044012
0.550873 -7.278265 0.042632
0.854630 -7.277895 0.042722
0.702766 -7.182827 0.044847
0.393972 -6.443016 0.044216
0.554624 -6.350043 0.043995
0.399824 -6.073682 0.043939
0.556928 -6.165547 0.044156
-3.526249 -5.850850 0.044866
-3.352375 -5.890166 0.046760
-3.569646 -5.661379 0.047357
-3.220691 -5.754519 0.045036
-3.439074 -5.514130 0.045447
-3.263993 -5.567955 0.047603
-3.135841 -5.280445 0.045042
-3.116047 -5.453025 0.046132
-2.418607 -5.203620 0.042225
-2.401862 -5.356551 0.044410
-2.352672 -5.675485 0.044454
-2.184782 -5.571226 0.044103
-2.206283 -5.414755 0.043573
-4.009016 -4.918834 0.047944
-3.945352 -5.423682 0.044237
-3.780223 -5.442737 0.046750
-4.012632 -5.246257 0.046609
-3.914981 -5.086006 0.046719
-3.731165 -4.755898 0.045671
-2.725930 -4.605711 0.059483
-2.836254 -4.719238 0.050461
-3.129790 -4.929159 0.043493
-2.702662 -5.736328 0.044067
-2.544292 -5.622675 0.044534
-2.571980 -5.460213 0.044514
-2.763833 -5.408016 0.044566
-2.892610 -5.683665 0.046243
-2.926093 -5.517815 0.043660
-2.091258 -6.441114 0.040703
-2.250619 -6.378790 0.045786
-1.956246 -6.328598 0.042612
-1.965573 -6.145566 0.044510
-1.054825 -6.730325 0.045458
-1.206167 -6.639000 0.043072
-1.190586 -6.454245 0.044128
-0.886193 -6.637347 0.043691
-0.876205 -6.450410 0.044525
-1.029255 -6.358634 0.044228
-3.705504 -3.443804 0.049188
-3.606018 -3.284321 0.049447
-3.706838 -3.115188 0.049347
-3.906113 -3.436930 0.049163
-4.006489 -3.270831 0.049405
-3.906700 -3.108572 0.049403
-2.813283 -4.037970 0.047269
-2.719561 -4.241079 0.053195
-2.818825 -4.382187 0.046154
-3.711830 -2.116561 0.049648
-3.613745 -1.952022 0.049774
2.621610 6.222417 0.046640
2.506814 6.073045 0.046241
2.384728 6.449673 0.047260
2.568056 6.404783 0.044933
1.615201 5.785991 0.036457
1.721106 5.886418 0.047870
1.911892 5.831803 0.042889
1.962857 5.661941 0.043727
4.004434 3.659478 0.042380
3.113411 3.527477 0.046889
3.017211 3.687818 0.047074
3.202233 5.173955 0.044584
3.159672 5.366975 0.045411
3.280471 5.528533 0.045139
3.444884 5.499345 0.044905
3.323987 4.812999 0.046588
2.773581 4.945584 0.044109
2.911557 5.060404 0.047855
3.074879 5.009863 0.047566
3.132783 4.827939 0.047508
3.025118 4.669056 0.048180
2.829237 4.645386 0.050574
2.731054 4.762791 0.042641
2.724260 3.517218 0.046330
2.822324 3.681713 0.047439
2.724731 3.834720 0.045992
2.724896 4.149673 0.045180
2.724850 4.460874 0.043457
2.823080 4.323609 0.048896
2.723771 2.877360 0.046588
-2.722954 3.173965 0.050378
-2.820154 2.996401 0.049498
-2.723867 2.829342 0.050133
1.750739 7.274862 0.041439
1.621775 7.179440 0.044975
1.647667 6.991332 0.042372
1.916143 7.174969 0.043253
1.819235 6.889388 0.046223
1.958747 6.977604 0.042842
1.333234 6.993512 0.043518
1.351129 6.623204 0.044194
1.508777 6.716347 0.044203
1.498423 6.901126 0.044776
0.711334 6.625052 0.044217
0.550094 6.718097 0.044034
0.547703 6.902745 0.044390
0.704391 6.994760 0.043694
0.393665 6.443006 0.044211
0.554307 6.350031 0.043991
0.399556 6.073670 0.043936
0.556633 6.165534 0.044151
-0.327256 5.788645 0.038873
-0.207376 5.884756 0.045479
-0.233921 6.073660 0.044212
-0.394954 6.166286 0.044287
-0.549313 6.071693 0.044290
-0.508160 5.882957 0.044864
-0.642124 7.281010 0.036409
-0.537395 7.187099 0.045648
-0.574722 7.002412 0.044631
-0.736890 6.912727 0.044520
-0.900830 7.003316 0.044771
-0.818883 7.281010 0.037026
-0.932512 7.186912 0.046405
-0.568227 6.633839 0.043987
-0.411500 6.724633 0.044736
-0.561755 6.447261 0.044531
-0.248939 6.630732 0.044074
-0.244732 6.445747 0.044415
-0.400820 6.353071 0.044177
-4.013029 4.583471 0.047044
-3.915380 4.754114 0.049290
-3.440158 4.589389 0.049501
-3.359938 4.740114 0.042128
-3.635589 4.588844 0.047076
-3.731169 4.755874 0.045671
-3.628607 4.933202 0.049821
-3.452806 4.916897 0.045969
-3.135863 5.280408 0.045041
-3.323189 5.200284 0.049082
-3.316605 5.034680 0.043419
-2.972122 5.183036 0.043264
-3.161138 4.754530 0.046327
-3.040519 4.628342 0.045680
-2.972637 4.997357 0.048829
-3.129794 4.929124 0.043493
-2.799716 4.913638 0.042830
-2.836254 4.719218 0.050460
-2.486757 5.957938 0.043490
-2.544325 5.622630 0.044532
-2.352705 5.675440 0.044452
-2.329408 5.840254 0.045262
-2.770979 6.211580 0.045354
-3.082333 6.298481 0.044867
-2.905480 6.343844 0.045001
-2.284444 6.190670 0.042798
-1.956351 6.328569 0.042610
-2.091360 6.441074 0.040701
-2.250707 6.378738 0.045784
-2.134407 6.069967 0.044817
-1.965662 6.145531 0.044508
-3.308565 3.135741 0.049833
-3.111380 3.148628 0.049158
-3.014962 2.986047 0.050168
-3.114503 2.811273 0.049418
-3.311616 2.801420 0.049861
-3.409259 2.963308 0.049342
-0.891372 5.884354 0.045663
-0.863783 6.073820 0.044576
-1.192168 5.887485 0.045573
-1.065174 5.790043 0.039648
-1.177975 6.078805 0.044185
-1.023392 6.170829 0.044039
-1.064784 6.911712 0.044422
-1.054997 6.730323 0.045455
-1.206323 6.638997 0.043069
-1.230722 7.000303 0.044143
-1.382177 6.728869 0.045616
-1.396789 6.908785 0.045307
-3.107924 4.144882 0.048015
-3.005414 4.001251 0.050075
-3.104994 3.819099 0.048134
-3.309697 4.116469 0.047375
-3.406007 3.949618 0.049195
-3.303813 3.795879 0.048954
-4.008738 4.251774 0.048317
-3.908978 4.088882 0.048284
-3.915100 4.417465 0.047605
-3.721871 4.421079 0.048469
-3.710312 4.094050 0.048786
-3.616844 4.260556 0.047772
-4.007787 2.274784 0.049830
-3.909359 2.110171 0.049537
-3.908448 2.444954 0.049588
-3.711830 2.116551 0.049648
-3.314275 2.466141 0.049815
-3.411913 2.629341 0.049501
-3.414251 2.294375 0.049623
-3.610079 2.621365 0.049707
-3.612029 2.287220 0.049735
-3.710219 2.451011 0.049591
-3.316852 1.123184 0.049795
-3.417774 1.285728 0.049994
-3.319332 1.459058 0.049512
-3.118867 1.133692 0.049296
-3.022497 1.304508 0.049569
-3.122040 1.467332 0.049683
-3.119140 2.137795 0.049653
-3.019651 2.309701 0.049851
-2.822975 2.316015 0.049668
-2.725088 2.149863 0.049820
3.619494 -4.955805 0.046321
3.608038 -4.636705 0.046453
3.708324 -4.791899 0.045818
3.431646 -4.967450 0.046058
3.411859 -4.644284 0.046940
3.324296 -4.811123 0.046608
3.423136 0.786424 0.045733
3.421526 1.095783 0.046640
3.323873 0.949825 0.046401
3.618183 1.068144 0.045826
3.715319 0.883848 0.048853
3.617926 0.748086 0.043663
3.115030 0.033482 0.044520
3.297486 0.346306 0.044891
3.405830 0.201323 0.042541
3.318038 0.048816 0.047046
3.113915 0.657010 0.044777
4.003316 1.684421 0.042468
4.005291 1.400607 0.040805
3.901939 1.526452 0.047604
4.007691 2.239486 0.041971
3.897482 1.817716 0.045679
4.000833 1.963741 0.043391
3.901857 2.096127 0.041539
3.598517 3.060420 0.047791
3.696865 2.917915 0.044086
4.003418 3.081868 0.043689
3.899599 2.935178 0.046042
3.901867 2.370995 0.041820
2.821963 2.717374 0.047310
2.724859 2.556915 0.046912
3.305130 2.885082 0.046958
3.115557 2.557019 0.047634
3.111635 2.881571 0.047036
3.015914 2.718812 0.046661
2.823562 1.760649 0.047183
3.344394 -1.163313 0.038193
3.139444 -1.182329 0.044375
3.120663 -1.346079 0.041397
3.310439 -1.443400 0.040911
3.439709 -1.337296 0.044969
3.423729 -1.027029 0.050148
3.314229 -0.870084 0.044476
3.415055 -0.714262 0.047930
3.623433 -1.023995 0.045545
3.610308 -0.702005 0.046167
3.709187 -0.854794 0.047971
2.724811 -0.609627 0.046894
2.725736 -0.293394 0.046920
2.823880 -0.448282 0.046495
0.865374 -6.900970 0.044474
1.622117 -7.179413 0.044978
1.648117 -6.991276 0.042376
1.498895 -6.901073 0.044786
0.082950 -6.074407 0.043991
0.239186 -6.166797 0.044230
0.235638 -6.351635 0.044006
-0.078155 -6.167265 0.044236
-0.083087 -6.352565 0.044098
0.074469 -6.444544 0.044287
-3.478459 -5.319076 0.049176
-3.651298 -5.277944 0.047240
-3.316596 -5.034715 0.043419
-3.323172 -5.200321 0.049083
-3.718777 -5.098639 0.048994
-3.452800 -4.916928 0.045969
-3.628600 -4.933230 0.049822
-3.915099 -4.417485 0.047606
-4.008738 -4.251792 0.048317
-3.908977 -4.088901 0.048284
-2.799712 -4.913657 0.042831
-2.790050 -5.245850 0.044531
-2.972104 -5.183069 0.043266
-2.972629 -4.997388 0.048829
-2.624080 -4.998604 0.040507
-2.614943 -5.145115 0.044307
-2.455118 -6.136475 0.046432
-2.284369 -6.190724 0.042800
-2.486704 -5.957996 0.043492
-2.329363 -5.840307 0.045263
-2.147743 -5.898079 0.043660
-2.134335 -6.070016 0.044818
-3.104994 -3.819116 0.048135
-3.005414 -4.001269 0.050076
-3.710220 -2.451022 0.049591
-3.612030 -2.287231 0.049736
-3.610080 -2.621377 0.049707
-3.414252 -2.294386 0.049623
-3.411913 -2.629353 0.049501
-3.314276 -2.466153 0.049815
-3.318347 -1.794886 0.049644
-3.416216 -1.958847 0.049716
-3.120822 -1.802203 0.049696
-3.316523 -2.130542 0.049740
-3.021308 -1.973428 0.049713
-3.119141 -2.137805 0.049654
2.116048 6.302443 0.040815
2.272488 6.295205 0.047698
2.341020 6.100943 0.043188
2.226694 5.947538 0.043425
1.999315 6.134923 0.041292
2.041429 5.974280 0.046967
2.444629 5.731252 0.045008
2.271124 5.770153 0.044988
2.488003 5.548516 0.045052
2.351866 5.410103 0.045926
2.174193 5.449720 0.043700
2.136824 5.627033 0.045513
4.005609 3.944403 0.040194
3.903377 3.826043 0.047879
3.702988 3.848678 0.046400
3.406418 3.689957 0.046661
3.602632 3.690569 0.047196
3.404017 3.369750 0.046600
3.307737 3.529289 0.047065
3.309868 3.850402 0.047260
3.018331 4.011491 0.047479
3.114988 3.850074 0.046894
3.431435 4.969190 0.046000
3.367585 5.148221 0.046212
3.656190 5.289067 0.044574
3.489436 5.312053 0.045160
4.005428 4.675843 0.041528
3.905919 4.805162 0.047013
4.007158 4.965775 0.042294
3.912319 5.110603 0.046580
3.722314 5.113580 0.044683
3.708176 4.793945 0.045733
3.619410 4.957534 0.046307
1.031318 6.622732 0.044283
1.188946 6.714551 0.044197
1.181405 6.900080 0.044466
0.869547 6.715912 0.043998
1.019226 6.993322 0.043634
0.864995 6.900973 0.044468
0.082708 6.074395 0.043988
0.238921 6.166786 0.044226
0.235357 6.351624 0.044002
-0.078391 6.167252 0.044231
-0.083336 6.352554 0.044095
0.074198 6.444535 0.044282
-3.305623 6.074966 0.044716
-3.128756 6.117499 0.045575
-3.352409 5.890130 0.046759
-3.220728 5.754478 0.045035
-2.813192 6.032296 0.045004
-2.702702 5.736277 0.044066
-2.668431 5.906771 0.046274
-2.892649 5.683617 0.046242
-3.039303 5.805393 0.045724
-2.994118 5.983578 0.045466
-3.021308 1.973418 0.049713
-3.120821 1.802193 0.049696
-3.022692 1.638403 0.049540
-2.824757 1.644238 0.049621
-2.725510 1.813782 0.049684
-2.823931 1.979172 0.049659
2.723376 0.659561 0.046080
3.124037 0.963980 0.045979
3.021843 0.813052 0.047006
2.822860 0.816874 0.045667
2.726151 0.973468 0.046818
2.724856 1.603077 0.046696
3.600937 1.708632 0.047806
3.695234 1.838688 0.042276
4.003930 3.370771 0.043375
3.900681 3.229102 0.046839
3.901697 3.526737 0.047418
3.700284 3.535193 0.045744
3.698514 3.224918 0.045081
3.600349 3.375042 0.047439
4.002847 2.795676 0.043597
4.000842 2.515625 0.043656
3.897023 2.647960 0.044777
3.307485 2.559728 0.046490
3.401338 2.725033 0.047051
3.596900 2.746003 0.048355
3.693810 2.615551 0.041858
2.725373 1.920948 0.046946
3.020322 2.395816 0.047057
2.824089 2.078880 0.047104
2.823575 2.397151 0.047136
2.725383 2.238518 0.047015
1.189382 -6.714545 0.044201
1.193099 -6.344991 0.044004
1.353317 -6.437704 0.044854
1.351597 -6.623184 0.044202
1.456553 -7.277898 0.041803
-3.710311 -4.094071 0.048786
4.006434 4.222631 0.038090
3.905377 4.124240 0.047877
4.006434 4.393618 0.039033
3.905195 4.505151 0.047508
2.819067 0.181445 0.046034
2.722174 0.340491 0.045813
2.818883 0.500958 0.046095
3.011416 0.184263 0.046018
3.106080 0.344580 0.045597
3.010440 0.502229 0.045778
3.121571 1.275278 0.046582
3.023987 1.123209 0.046637
3.020856 1.437059 0.046657
2.825083 1.128875 0.046417
2.823788 1.443181 0.046693
2.725599 1.287066 0.046763
3.019035 1.755458 0.046507
3.117397 1.591764 0.047028
3.312411 1.580725 0.046453
3.406428 1.735929 0.047380
3.704029 2.137898 0.040230
3.600757 2.026484 0.048135
3.409040 2.395901 0.048323
3.704039 2.318533 0.040123
3.599802 2.430754 0.048432
1.033720 -6.438665 0.044315
1.031723 -6.622739 0.044288
0.873895 -6.347827 0.044011
0.713659 -6.441044 0.044201
0.711693 -6.625057 0.044222
0.869931 -6.715914 0.044003
1.156723 -7.277606 0.042490
1.010850 -7.182168 0.044718
1.317322 -7.182170 0.044683
1.019617 -6.993314 0.043638
1.181833 -6.900064 0.044474
1.333665 -6.993483 0.043521
-3.303813 -3.795898 0.048955
-3.406006 -3.949639 0.049195
-3.404406 -3.624787 0.049003
-3.607447 -3.936403 0.048429
-3.604889 -3.611865 0.049088
-3.705737 -3.769740 0.049076
-3.616842 -4.260578 0.047772
-3.635586 -4.588869 0.047077
-3.721869 -4.421101 0.048469
3.411324 4.646380 0.046860
3.607538 4.638981 0.046445
3.705048 4.479507 0.046754
3.118092 1.913354 0.047693
3.119376 2.234780 0.047277
3.021335 2.076477 0.047020
3.310471 1.904864 0.046286
3.316165 2.232156 0.047386
3.410503 2.065362 0.048448
-3.161138 -4.754562 0.046327
-3.040519 -4.628372 0.045680
-3.359935 -4.740143 0.042129
-3.440156 -4.589415 0.049501
3.310478 4.491209 0.047423
3.115012 4.173323 0.046779
3.017825 4.338011 0.048062
3.115476 4.498946 0.047059
3.408628 4.009577 0.046694
3.606601 4.323729 0.047161
3.310430 4.171082 0.047626
3.408245 4.328032 0.046678
3.605534 4.007242 0.047197
3.705691 4.164444 0.046978
-3.015055 -4.322713 0.047575
-3.126425 -4.455371 0.047059
-3.107923 -4.144904 0.048015
-3.309696 -4.116492 0.047376
-3.417668 -4.269763 0.049330
-3.327265 -4.430833 0.045807
