4.042405 5.588978 0.018690
3.822135 5.809248 0.018690
3.601866 6.029517 0.018690
3.381596 6.249787 0.018690
3.161326 6.470057 0.018690
2.941057 6.690326 0.018690
2.720787 6.910596 0.018690
2.500518 7.130865 0.018690
2.280248 7.351135 0.018690
2.015105 7.461270 0.018601
1.705089 7.461270 0.018601
1.395073 7.461270 0.018601
1.085057 7.461270 0.018601
0.775040 7.461270 0.018601
0.465024 7.461270 0.018601
0.155008 7.461270 0.018601
-0.155008 7.461270 0.018601
-0.465024 7.461270 0.018601
-0.775040 7.461270 0.018601
-1.085057 7.461270 0.018601
-1.395073 7.461270 0.018601
-1.705089 7.461270 0.018601
-2.015105 7.461270 0.018601
-2.280248 7.351135 0.018690
-2.500518 7.130865 0.018690
-2.720787 6.910596 0.018690
-2.941057 6.690326 0.018690
-3.161326 6.470057 0.018690
-3.381596 6.249787 0.018690
-3.601866 6.029517 0.018690
-3.822135 5.809248 0.018690
-4.042405 5.588978 0.018690
-4.152540 5.326653 0.018263
-4.152540 5.022273 0.018263
-4.152540 4.717893 0.018263
-4.152540 4.413513 0.018263
-4.152540 4.109133 0.018263
-4.152540 3.804752 0.018263
-4.152540 3.500372 0.018263
-4.152540 3.195992 0.018263
-4.152540 2.891612 0.018263
-4.152540 2.587232 0.018263
-4.152540 2.282851 0.018263
-4.152540 1.978471 0.018263
-4.152540 1.674091 0.018263
-4.152540 1.369711 0.018263
-4.152540 1.065331 0.018263
-4.152540 0.760950 0.018263
-4.152540 0.456570 0.018263
-4.152540 0.152190 0.018263
-4.152540 -0.152190 0.018263
-4.152540 -0.456570 0.018263
-4.152540 -0.760950 0.018263
-4.152540 -1.065331 0.018263
-4.152540 -1.369711 0.018263
-4.152540 -1.674091 0.018263
-4.152540 -1.978471 0.018263
-4.152540 -2.282851 0.018263
-4.152540 -2.587232 0.018263
-4.152540 -2.891612 0.018263
-4.152540 -3.195992 0.018263
-4.152540 -3.500372 0.018263
-4.152540 -3.804752 0.018263
-4.152540 -4.109133 0.018263
-4.152540 -4.413513 0.018263
-4.152540 -4.717893 0.018263
-4.152540 -5.022273 0.018263
-4.152540 -5.326653 0.018263
-4.042405 -5.588978 0.018690
-3.822135 -5.809248 0.018690
-3.601866 -6.029517 0.018690
-3.381596 -6.249787 0.018690
-3.161326 -6.470057 0.018690
-2.941057 -6.690326 0.018690
-2.720787 -6.910596 0.018690
-2.500518 -7.130865 0.018690
-2.280248 -7.351135 0.018690
-2.015105 -7.461270 0.018601
-1.705089 -7.461270 0.018601
-1.395073 -7.461270 0.018601
-1.085057 -7.461270 0.018601
-0.775040 -7.461270 0.018601
-0.465024 -7.461270 0.018601
-0.155008 -7.461270 0.018601
0.155008 -7.461270 0.018601
0.465024 -7.461270 0.018601
0.775040 -7.461270 0.018601
1.085057 -7.461270 0.018601
1.395073 -7.461270 0.018601
1.705089 -7.461270 0.018601
2.015105 -7.461270 0.018601
2.280248 -7.351135 0.018690
2.500518 -7.130865 0.018690
2.720787 -6.910596 0.018690
2.941057 -6.690326 0.018690
3.161326 -6.470057 0.018690
3.381596 -6.249787 0.018690
3.601866 -6.029517 0.018690
3.822135 -5.809248 0.018690
4.042405 -5.588978 0.018690
4.152540 -5.326653 0.018263
4.152540 -5.022273 0.018263
4.152540 -4.717893 0.018263
4.152540 -4.413513 0.018263
4.152540 -4.109133 0.018263
4.152540 -3.804752 0.018263
4.152540 -3.500372 0.018263
4.152540 -3.195992 0.018263
4.152540 -2.891612 0.018263
4.152540 -2.587232 0.018263
4.152540 -2.282851 0.018263
4.152540 -1.978471 0.018263
4.152540 -1.674091 0.018263
4.152540 -1.369711 0.018263
4.152540 -1.065331 0.018263
4.152540 -0.760950 0.018263
4.152540 -0.456570 0.018263
4.152540 -0.152190 0.018263
4.152540 0.152190 0.018263
4.152540 0.456570 0.018263
4.152540 0.760950 0.018263
4.152540 1.065331 0.018263
4.152540 1.369711 0.018263
4.152540 1.674091 0.018263
4.152540 1.978471 0.018263
4.152540 2.282851 0.018263
4.152540 2.587232 0.018263
4.152540 2.891612 0.018263
4.152540 3.195992 0.018263
4.152540 3.500372 0.018263
4.152540 3.804752 0.018263
4.152540 4.109133 0.018263
4.152540 4.413513 0.018263
4.152540 4.717893 0.018263
4.152540 5.022273 0.018263
4.152540 5.326653 0.018263
2.476277 5.039959 0.023124
2.203753 5.312483 0.023124
1.931228 5.585008 0.023124
1.631787 5.721270 0.019581
1.305430 5.721270 0.019581
0.979072 5.721270 0.019581
0.652715 5.721270 0.019581
0.326357 5.721270 0.019581
0.000000 5.721270 0.019581
-0.326357 5.721270 0.019581
-0.652715 5.721270 0.019581
-0.979072 5.721270 0.019581
-1.305430 5.721270 0.019581
-1.631787 5.721270 0.019581
-1.931228 5.585008 0.023124
-2.203753 5.312483 0.023124
-2.476277 5.039959 0.023124
-2.612540 4.750456 0.018389
-2.612540 4.443975 0.018389
-2.612540 4.137494 0.018389
-2.612540 3.831013 0.018389
-2.612540 3.524532 0.018389
-2.612540 3.218051 0.018389
-2.612540 2.911570 0.018389
-2.612540 2.605089 0.018389
-2.612540 2.298608 0.018389
-2.612540 1.992127 0.018389
-2.612540 1.685646 0.018389
-2.612540 1.379165 0.018389
-2.612540 1.072684 0.018389
-2.612540 0.766203 0.018389
-2.612540 0.459722 0.018389
-2.612540 0.153241 0.018389
-2.612540 -0.153241 0.018389
-2.612540 -0.459722 0.018389
-2.612540 -0.766203 0.018389
-2.612540 -1.072684 0.018389
-2.612540 -1.379165 0.018389
-2.612540 -1.685646 0.018389
-2.612540 -1.992127 0.018389
-2.612540 -2.298608 0.018389
-2.612540 -2.605089 0.018389
-2.612540 -2.911570 0.018389
-2.612540 -3.218051 0.018389
-2.612540 -3.524532 0.018389
-2.612540 -3.831013 0.018389
-2.612540 -4.137494 0.018389
-2.612540 -4.443975 0.018389
-2.612540 -4.750456 0.018389
-2.476277 -5.039959 0.023124
-2.203753 -5.312483 0.023124
-1.931228 -5.585008 0.023124
-1.631787 -5.721270 0.019581
-1.305430 -5.721270 0.019581
-0.979072 -5.721270 0.019581
-0.652715 -5.721270 0.019581
-0.326357 -5.721270 0.019581
0.000000 -5.721270 0.019581
0.326357 -5.721270 0.019581
0.652715 -5.721270 0.019581
0.979072 -5.721270 0.019581
1.305430 -5.721270 0.019581
1.631787 -5.721270 0.019581
1.931228 -5.585008 0.023124
2.203753 -5.312483 0.023124
2.476277 -5.039959 0.023124
2.612540 -4.750456 0.018389
2.612540 -4.443975 0.018389
2.612540 -4.137494 0.018389
2.612540 -3.831013 0.018389
2.612540 -3.524532 0.018389
2.612540 -3.218051 0.018389
2.612540 -2.911570 0.018389
2.612540 -2.605089 0.018389
2.612540 -2.298608 0.018389
2.612540 -1.992127 0.018389
2.612540 -1.685646 0.018389
2.612540 -1.379165 0.018389
2.612540 -1.072684 0.018389
2.612540 -0.766203 0.018389
2.612540 -0.459722 0.018389
2.612540 -0.153241 0.018389
2.612540 0.153241 0.018389
2.612540 0.459722 0.018389
2.612540 0.766203 0.018389
2.612540 1.072684 0.018389
2.612540 1.379165 0.018389
2.612540 1.685646 0.018389
2.612540 1.992127 0.018389
2.612540 2.298608 0.018389
2.612540 2.605089 0.018389
2.612540 2.911570 0.018389
2.612540 3.218051 0.018389
2.612540 3.524532 0.018389
2.612540 3.831013 0.018389
2.612540 4.137494 0.018389
2.612540 4.443975 0.018389
2.612540 4.750456 0.018389
