3.947937 4.829115 0.001612
3.838778 4.938274 0.001612
3.729620 5.047432 0.001612
3.620461 5.156591 0.001612
3.511303 5.265749 0.001612
3.402144 5.374908 0.001612
3.292986 5.484066 0.001612
3.183827 5.593225 0.001612
3.074669 5.702383 0.001612
2.965510 5.811542 0.001612
2.856352 5.920700 0.001612
2.747193 6.029859 0.001612
2.638035 6.139017 0.001612
2.528876 6.248176 0.001612
2.419718 6.357334 0.001612
2.310559 6.466493 0.001612
2.201401 6.575651 0.001612
2.092242 6.684810 0.001612
1.983084 6.793968 0.001612
1.830539 6.793968 0.001612
1.677994 6.793968 0.001612
1.525449 6.793968 0.001612
1.372904 6.793968 0.001612
1.220359 6.793968 0.001612
1.067814 6.793968 0.001612
0.915269 6.793968 0.001612
0.762724 6.793968 0.001612
0.610180 6.793968 0.001612
0.457635 6.793968 0.001612
0.305090 6.793968 0.001612
0.152545 6.793968 0.001612
0.000000 6.793968 0.001612
-0.152545 6.793968 0.001612
-0.305090 6.793968 0.001612
-0.457635 6.793968 0.001612
-0.610180 6.793968 0.001612
-0.762724 6.793968 0.001612
-0.915269 6.793968 0.001612
-1.067814 6.793968 0.001612
-1.220359 6.793968 0.001612
-1.372904 6.793968 0.001612
-1.525449 6.793968 0.001612
-1.677994 6.793968 0.001612
-1.830539 6.793968 0.001612
-1.983084 6.793968 0.001612
-2.092242 6.684810 0.001612
-2.201401 6.575651 0.001612
-2.310559 6.466493 0.001612
-2.419718 6.357334 0.001612
-2.528876 6.248176 0.001612
-2.638035 6.139017 0.001612
-2.747193 6.029859 0.001612
-2.856352 5.920700 0.001612
-2.965510 5.811542 0.001612
-3.074669 5.702383 0.001612
-3.183827 5.593225 0.001612
-3.292986 5.484066 0.001612
-3.402144 5.374908 0.001612
-3.511303 5.265749 0.001612
-3.620461 5.156591 0.001612
-3.729620 5.047432 0.001612
-3.838778 4.938274 0.001612
-3.947937 4.829115 0.001612
-3.947937 4.678206 0.001612
-3.947937 4.527296 0.001612
-3.947937 4.376386 0.001612
-3.947937 4.225476 0.001612
-3.947937 4.074566 0.001612
-3.947937 3.923656 0.001612
-3.947937 3.772746 0.001612
-3.947937 3.621837 0.001612
-3.947937 3.470927 0.001612
-3.947937 3.320017 0.001612
-3.947937 3.169107 0.001612
-3.947937 3.018197 0.001612
-3.947937 2.867287 0.001612
-3.947937 2.716377 0.001612
-3.947937 2.565468 0.001612
-3.947937 2.414558 0.001612
-3.947937 2.263648 0.001612
-3.947937 2.112738 0.001612
-3.947937 1.961828 0.001612
-3.947937 1.810918 0.001612
-3.947937 1.660008 0.001612
-3.947937 1.509099 0.001612
-3.947937 1.358189 0.001612
-3.947937 1.207279 0.001612
-3.947937 1.056369 0.001612
-3.947937 0.905459 0.001612
-3.947937 0.754549 0.001612
-3.947937 0.603639 0.001612
-3.947937 0.452730 0.001612
-3.947937 0.301820 0.001612
-3.947937 0.150910 0.001612
-3.947937 0.000000 0.001612
-3.947937 -0.150910 0.001612
-3.947937 -0.301820 0.001612
-3.947937 -0.452730 0.001612
-3.947937 -0.603639 0.001612
-3.947937 -0.754549 0.001612
-3.947937 -0.905459 0.001612
-3.947937 -1.056369 0.001612
-3.947937 -1.207279 0.001612
-3.947937 -1.358189 0.001612
-3.947937 -1.509099 0.001612
-3.947937 -1.660008 0.001612
-3.947937 -1.810918 0.001612
-3.947937 -1.961828 0.001612
-3.947937 -2.112738 0.001612
-3.947937 -2.263648 0.001612
-3.947937 -2.414558 0.001612
-3.947937 -2.565468 0.001612
-3.947937 -2.716377 0.001612
-3.947937 -2.867287 0.001612
-3.947937 -3.018197 0.001612
-3.947937 -3.169107 0.001612
-3.947937 -3.320017 0.001612
-3.947937 -3.470927 0.001612
-3.947937 -3.621837 0.001612
-3.947937 -3.772746 0.001612
-3.947937 -3.923656 0.001612
-3.947937 -4.074566 0.001612
-3.947937 -4.225476 0.001612
-3.947937 -4.376386 0.001612
-3.947937 -4.527296 0.001612
-3.947937 -4.678206 0.001612
-3.947937 -4.829115 0.001612
-3.838778 -4.938274 0.001612
-3.729620 -5.047432 0.001612
-3.620461 -5.156591 0.001612
-3.511303 -5.265749 0.001612
-3.402144 -5.374908 0.001612
-3.292986 -5.484066 0.001612
-3.183827 -5.593225 0.001612
-3.074669 -5.702383 0.001612
-2.965510 -5.811542 0.001612
-2.856352 -5.920700 0.001612
-2.747193 -6.029859 0.001612
-2.638035 -6.139017 0.001612
-2.528876 -6.248176 0.001612
-2.419718 -6.357334 0.001612
-2.310559 -6.466493 0.001612
-2.201401 -6.575651 0.001612
-2.092242 -6.684810 0.001612
-1.983084 -6.793968 0.001612
-1.830539 -6.793968 0.001612
-1.677994 -6.793968 0.001612
-1.525449 -6.793968 0.001612
-1.372904 -6.793968 0.001612
-1.220359 -6.793968 0.001612
-1.067814 -6.793968 0.001612
-0.915269 -6.793968 0.001612
-0.762724 -6.793968 0.001612
-0.610180 -6.793968 0.001612
-0.457635 -6.793968 0.001612
-0.305090 -6.793968 0.001612
-0.152545 -6.793968 0.001612
0.000000 -6.793968 0.001612
0.152545 -6.793968 0.001612
0.305090 -6.793968 0.001612
0.457635 -6.793968 0.001612
0.610180 -6.793968 0.001612
0.762724 -6.793968 0.001612
0.915269 -6.793968 0.001612
1.067814 -6.793968 0.001612
1.220359 -6.793968 0.001612
1.372904 -6.793968 0.001612
1.525449 -6.793968 0.001612
1.677994 -6.793968 0.001612
1.830539 -6.793968 0.001612
1.983084 -6.793968 0.001612
2.092242 -6.684810 0.001612
2.201401 -6.575651 0.001612
2.310559 -6.466493 0.001612
2.419718 -6.357334 0.001612
2.528876 -6.248176 0.001612
2.638035 -6.139017 0.001612
2.747193 -6.029859 0.001612
2.856352 -5.920700 0.001612
2.965510 -5.811542 0.001612
3.074669 -5.702383 0.001612
3.183827 -5.593225 0.001612
3.292986 -5.484066 0.001612
3.402144 -5.374908 0.001612
3.511303 -5.265749 0.001612
3.620461 -5.156591 0.001612
3.729620 -5.047432 0.001612
3.838778 -4.938274 0.001612
3.947937 -4.829115 0.001612
3.947937 -4.678206 0.001612
3.947937 -4.527296 0.001612
3.947937 -4.376386 0.001612
3.947937 -4.225476 0.001612
3.947937 -4.074566 0.001612
3.947937 -3.923656 0.001612
3.947937 -3.772746 0.001612
3.947937 -3.621837 0.001612
3.947937 -3.470927 0.001612
3.947937 -3.320017 0.001612
3.947937 -3.169107 0.001612
3.947937 -3.018197 0.001612
3.947937 -2.867287 0.001612
3.947937 -2.716377 0.001612
3.947937 -2.565468 0.001612
3.947937 -2.414558 0.001612
3.947937 -2.263648 0.001612
3.947937 -2.112738 0.001612
3.947937 -1.961828 0.001612
3.947937 -1.810918 0.001612
3.947937 -1.660008 0.001612
3.947937 -1.509099 0.001612
3.947937 -1.358189 0.001612
3.947937 -1.207279 0.001612
3.947937 -1.056369 0.001612
3.947937 -0.905459 0.001612
3.947937 -0.754549 0.001612
3.947937 -0.603639 0.001612
3.947937 -0.452730 0.001612
3.947937 -0.301820 0.001612
3.947937 -0.150910 0.001612
3.947937 0.000000 0.001612
3.947937 0.150910 0.001612
3.947937 0.301820 0.001612
3.947937 0.452730 0.001612
3.947937 0.603639 0.001612
3.947937 0.754549 0.001612
3.947937 0.905459 0.001612
3.947937 1.056369 0.001612
3.947937 1.207279 0.001612
3.947937 1.358189 0.001612
3.947937 1.509099 0.001612
3.947937 1.660008 0.001612
3.947937 1.810918 0.001612
3.947937 1.961828 0.001612
3.947937 2.112738 0.001612
3.947937 2.263648 0.001612
3.947937 2.414558 0.001612
3.947937 2.565468 0.001612
3.947937 2.716377 0.001612
3.947937 2.867287 0.001612
3.947937 3.018197 0.001612
3.947937 3.169107 0.001612
3.947937 3.320017 0.001612
3.947937 3.470927 0.001612
3.947937 3.621837 0.001612
3.947937 3.772746 0.001612
3.947937 3.923656 0.001612
3.947937 4.074566 0.001612
3.947937 4.225476 0.001612
3.947937 4.376386 0.001612
3.947937 4.527296 0.001612
3.947937 4.678206 0.001612
2.467937 4.278821 0.000804
2.348630 4.398128 0.000804
2.229323 4.517435 0.000804
2.110016 4.636741 0.000804
1.990710 4.756048 0.000804
1.871403 4.875355 0.000804
1.752096 4.994662 0.000804
1.632789 5.113968 0.000804
1.477286 5.113968 0.000804
1.321782 5.113968 0.000804
1.166278 5.113968 0.000804
1.010774 5.113968 0.000804
0.855271 5.113968 0.000804
0.699767 5.113968 0.000804
0.544263 5.113968 0.000804
0.388759 5.113968 0.000804
0.233256 5.113968 0.000804
0.077752 5.113968 0.000804
-0.077752 5.113968 0.000804
-0.233256 5.113968 0.000804
-0.388759 5.113968 0.000804
-0.544263 5.113968 0.000804
-0.699767 5.113968 0.000804
-0.855271 5.113968 0.000804
-1.010774 5.113968 0.000804
-1.166278 5.113968 0.000804
-1.321782 5.113968 0.000804
-1.477286 5.113968 0.000804
-1.632789 5.113968 0.000804
-1.752096 4.994662 0.000804
-1.871403 4.875355 0.000804
-1.990710 4.756048 0.000804
-2.110016 4.636741 0.000804
-2.229323 4.517435 0.000804
-2.348630 4.398128 0.000804
-2.467937 4.278821 0.000804
-2.467937 4.128687 0.000804
-2.467937 3.978553 0.000804
-2.467937 3.828419 0.000804
-2.467937 3.678285 0.000804
-2.467937 3.528151 0.000804
-2.467937 3.378017 0.000804
-2.467937 3.227883 0.000804
-2.467937 3.077748 0.000804
-2.467937 2.927614 0.000804
-2.467937 2.777480 0.000804
-2.467937 2.627346 0.000804
-2.467937 2.477212 0.000804
-2.467937 2.327078 0.000804
-2.467937 2.176944 0.000804
-2.467937 2.026810 0.000804
-2.467937 1.876676 0.000804
-2.467937 1.726542 0.000804
-2.467937 1.576408 0.000804
-2.467937 1.426274 0.000804
-2.467937 1.276140 0.000804
-2.467937 1.126006 0.000804
-2.467937 0.975871 0.000804
-2.467937 0.825737 0.000804
-2.467937 0.675603 0.000804
-2.467937 0.525469 0.000804
-2.467937 0.375335 0.000804
-2.467937 0.225201 0.000804
-2.467937 0.075067 0.000804
-2.467937 -0.075067 0.000804
-2.467937 -0.225201 0.000804
-2.467937 -0.375335 0.000804
-2.467937 -0.525469 0.000804
-2.467937 -0.675603 0.000804
-2.467937 -0.825737 0.000804
-2.467937 -0.975871 0.000804
-2.467937 -1.126006 0.000804
-2.467937 -1.276140 0.000804
-2.467937 -1.426274 0.000804
-2.467937 -1.576408 0.000804
-2.467937 -1.726542 0.000804
-2.467937 -1.876676 0.000804
-2.467937 -2.026810 0.000804
-2.467937 -2.176944 0.000804
-2.467937 -2.327078 0.000804
-2.467937 -2.477212 0.000804
-2.467937 -2.627346 0.000804
-2.467937 -2.777480 0.000804
-2.467937 -2.927614 0.000804
-2.467937 -3.077748 0.000804
-2.467937 -3.227883 0.000804
-2.467937 -3.378017 0.000804
-2.467937 -3.528151 0.000804
-2.467937 -3.678285 0.000804
-2.467937 -3.828419 0.000804
-2.467937 -3.978553 0.000804
-2.467937 -4.128687 0.000804
-2.467937 -4.278821 0.000804
-2.348630 -4.398128 0.000804
-2.229323 -4.517435 0.000804
-2.110016 -4.636741 0.000804
-1.990710 -4.756048 0.000804
-1.871403 -4.875355 0.000804
-1.752096 -4.994662 0.000804
-1.632789 -5.113968 0.000804
-1.477286 -5.113968 0.000804
-1.321782 -5.113968 0.000804
-1.166278 -5.113968 0.000804
-1.010774 -5.113968 0.000804
-0.855271 -5.113968 0.000804
-0.699767 -5.113968 0.000804
-0.544263 -5.113968 0.000804
-0.388759 -5.113968 0.000804
-0.233256 -5.113968 0.000804
-0.077752 -5.113968 0.000804
0.077752 -5.113968 0.000804
0.233256 -5.113968 0.000804
0.388759 -5.113968 0.000804
0.544263 -5.113968 0.000804
0.699767 -5.113968 0.000804
0.855271 -5.113968 0.000804
1.010774 -5.113968 0.000804
1.166278 -5.113968 0.000804
1.321782 -5.113968 0.000804
1.477286 -5.113968 0.000804
1.632789 -5.113968 0.000804
1.752096 -4.994662 0.000804
1.871403 -4.875355 0.000804
1.990710 -4.756048 0.000804
2.110016 -4.636741 0.000804
2.229323 -4.517435 0.000804
2.348630 -4.398128 0.000804
2.467937 -4.278821 0.000804
2.467937 -4.128687 0.000804
2.467937 -3.978553 0.000804
2.467937 -3.828419 0.000804
2.467937 -3.678285 0.000804
2.467937 -3.528151 0.000804
2.467937 -3.378017 0.000804
2.467937 -3.227883 0.000804
2.467937 -3.077748 0.000804
2.467937 -2.927614 0.000804
2.467937 -2.777480 0.000804
2.467937 -2.627346 0.000804
2.467937 -2.477212 0.000804
2.467937 -2.327078 0.000804
2.467937 -2.176944 0.000804
2.467937 -2.026810 0.000804
2.467937 -1.876676 0.000804
2.467937 -1.726542 0.000804
2.467937 -1.576408 0.000804
2.467937 -1.426274 0.000804
2.467937 -1.276140 0.000804
2.467937 -1.126006 0.000804
2.467937 -0.975871 0.000804
2.467937 -0.825737 0.000804
2.467937 -0.675603 0.000804
2.467937 -0.525469 0.000804
2.467937 -0.375335 0.000804
2.467937 -0.225201 0.000804
2.467937 -0.075067 0.000804
2.467937 0.075067 0.000804
2.467937 0.225201 0.000804
2.467937 0.375335 0.000804
2.467937 0.525469 0.000804
2.467937 0.675603 0.000804
2.467937 0.825737 0.000804
2.467937 0.975871 0.000804
2.467937 1.126006 0.000804
2.467937 1.276140 0.000804
2.467937 1.426274 0.000804
2.467937 1.576408 0.000804
2.467937 1.726542 0.000804
2.467937 1.876676 0.000804
2.467937 2.026810 0.000804
2.467937 2.176944 0.000804
2.467937 2.327078 0.000804
2.467937 2.477212 0.000804
2.467937 2.627346 0.000804
2.467937 2.777480 0.000804
2.467937 2.927614 0.000804
2.467937 3.077748 0.000804
2.467937 3.227883 0.000804
2.467937 3.378017 0.000804
2.467937 3.528151 0.000804
2.467937 3.678285 0.000804
2.467937 3.828419 0.000804
2.467937 3.978553 0.000804
2.467937 4.128687 0.000804
