3.724527 4.044214 0.046617
-2.545862 1.845447 0.047079
3.825021 1.121125 0.040726
3.826599 3.891825 0.040530
2.547974 -2.507780 0.047167
-2.840695 -4.013369 0.048525
-2.649978 -3.996270 0.051253
3.106987 1.148042 0.044823
3.826207 3.621023 0.040831
3.720743 3.759864 0.047404
2.544745 -0.170876 0.046826
-2.550316 1.511827 0.048558
-2.644115 1.680383 0.048560
-2.836622 0.662705 0.047446
-3.548482 4.385813 0.043004
-1.828725 6.636631 0.045726
-0.908804 6.625785 0.050256
2.548434 3.160448 0.046610
3.513660 1.255127 0.045649
3.720828 1.261361 0.047706
3.719284 0.978200 0.047159
3.829992 4.161084 0.038857
3.839707 4.432041 0.035267
3.737635 4.329578 0.045853
3.839707 4.601338 0.035094
3.827763 -3.349067 0.039662
0.706705 -5.169490 0.046939
3.227789 -3.006990 0.046539
3.128095 -3.169690 0.047742
2.907253 -1.125804 0.038929
2.825900 -0.988599 0.050255
-2.547257 -0.831971 0.047512
2.644981 -0.665608 0.048115
2.642469 -0.337313 0.046192
2.549788 -0.500597 0.048203
-0.302149 -6.625392 0.050241
0.141732 -5.169412 0.047755
0.452826 -6.514921 0.050104
-0.877644 -5.959368 0.048903
-3.839707 -4.601338 0.035094
-3.711430 -4.682383 0.047885
-2.547833 -3.808179 0.044271
-2.643785 -3.662547 0.049260
-2.548015 -3.485208 0.045804
-2.644386 -3.331100 0.048134
2.547257 0.831971 0.047512
2.644981 0.665608 0.048115
3.515063 -0.651628 0.042873
3.731843 -0.431484 0.043804
3.836842 -0.334409 0.035880
2.549788 0.500597 0.048203
2.637426 0.000000 0.048882
2.839005 0.333771 0.049259
2.642469 0.337313 0.046192
2.544745 0.170876 0.046826
-3.124132 0.844862 0.045012
-2.931109 0.819320 0.045317
-3.106987 1.148042 0.044823
-3.218656 1.036380 0.046331
-2.633688 0.998348 0.045350
-2.538495 1.169631 0.045027
-2.907253 1.125804 0.038929
-2.825900 0.988599 0.050255
-2.813295 1.307618 0.045890
-2.636748 1.341697 0.048560
-2.549788 0.500597 0.048203
-2.644981 0.665608 0.048115
-2.547257 0.831971 0.047512
-3.422127 -2.368397 0.047102
-3.520940 -2.211233 0.046386
-3.826599 -3.891825 0.040530
-3.720743 -3.759864 0.047404
-3.220122 -3.966923 0.046289
-3.417274 -3.939926 0.046877
-3.514276 -3.774355 0.045241
-2.835347 -1.707576 0.048587
-3.826207 3.621023 0.040831
-2.649978 3.996270 0.051253
-3.437981 4.250930 0.046570
-3.737635 4.329578 0.045853
-2.009085 6.558498 0.047698
-1.520181 6.620772 0.050981
-1.684442 6.521372 0.053027
2.714016 4.630115 0.045733
2.742467 4.421232 0.050919
3.024351 4.710539 0.048106
2.847884 4.761862 0.049038
2.649978 3.996270 0.051253
2.547833 3.808179 0.044271
3.548482 4.385813 0.043004
2.840695 4.013369 0.048525
-0.586508 5.958497 0.049363
3.826326 0.854353 0.039890
2.937964 0.494153 0.047752
2.836622 0.662705 0.047446
2.931109 0.819320 0.045317
3.412735 1.085529 0.048161
3.514167 0.948838 0.043831
3.218656 1.036380 0.046331
3.124132 0.844862 0.045012
2.547271 2.178206 0.047231
3.123551 1.321826 0.041198
3.726130 -3.182956 0.048329
3.523681 -3.156450 0.046307
3.426314 -3.002583 0.047641
3.422127 -2.368397 0.047102
3.226281 -2.051096 0.047516
3.728945 -1.930859 0.048262
3.520940 -2.211233 0.046386
3.527258 -1.895951 0.047011
3.423703 -2.050781 0.047145
3.106987 -1.148042 0.044823
0.859147 -5.283107 0.049948
3.225636 -2.368685 0.047057
3.127027 -2.211836 0.046293
2.545862 -1.845447 0.047079
2.643182 -2.346430 0.047313
2.547271 -2.178206 0.047231
2.835573 -2.356449 0.047931
2.931651 -2.203939 0.045608
2.641070 -2.015160 0.047180
2.833058 -2.030874 0.048603
3.721907 -3.472725 0.048188
2.598233 -4.307720 0.044829
2.548434 -3.160448 0.046610
2.933581 -3.172606 0.046737
2.547257 -0.831971 0.047512
2.633688 -0.998348 0.045350
2.538495 -1.169631 0.045027
3.414944 -0.774863 0.046928
3.218656 -1.036380 0.046331
2.839005 -0.333771 0.049259
2.931109 -0.819320 0.045317
2.836622 -0.662705 0.047446
3.218989 -0.720036 0.045025
3.124132 -0.844862 0.045012
3.127308 -0.525942 0.046887
2.937964 -0.494153 0.047752
3.826326 -0.854353 0.039890
3.827065 -0.594197 0.038793
3.721328 -0.701757 0.044746
-0.604867 -6.625561 0.050256
-0.452826 -6.514921 0.050104
-0.756176 -6.515314 0.050427
-0.889071 -6.183043 0.048270
-0.748678 -6.293736 0.050814
0.289840 -5.508754 0.048820
0.436000 -5.621302 0.049177
0.580185 -5.508820 0.049025
0.572592 -5.282891 0.049430
0.424824 -5.169433 0.047511
0.286257 -5.282814 0.049184
-0.141732 -5.169412 0.047755
0.000000 -5.282792 0.049116
1.828725 -6.636631 0.045726
1.777357 -5.036955 0.043458
3.229478 -5.340617 0.049357
3.037706 -5.401447 0.047833
2.009085 -6.558498 0.047698
1.438971 -5.941376 0.044360
2.092936 -5.671751 0.050054
2.147063 -5.483047 0.048105
2.019259 -5.343388 0.047476
2.228041 -5.810344 0.047568
2.498872 -6.071609 0.048172
2.551316 -5.886249 0.047937
2.414282 -5.755345 0.048753
-0.150814 -6.514718 0.049989
0.302149 -6.625392 0.050241
0.000000 -6.625358 0.050227
0.150814 -6.514718 0.049989
-0.730442 -5.846460 0.049030
-0.726877 -5.621497 0.049086
-3.839707 -4.432041 0.035267
-3.227789 -3.006990 0.046539
-3.717934 -4.853635 0.050870
-3.137313 -4.142749 0.047133
-2.948983 -4.172129 0.048018
-3.522277 -4.569320 0.040191
-3.371462 -4.621376 0.048497
-3.250777 -4.288856 0.046094
-3.210463 -4.475796 0.044648
-1.828725 -6.636631 0.045726
2.643785 3.662547 0.049260
2.836358 3.337417 0.047941
2.644386 3.331100 0.048134
2.548015 3.485208 0.045804
2.633688 0.998348 0.045350
2.538495 1.169631 0.045027
2.907253 1.125804 0.038929
2.825900 0.988599 0.050255
3.836842 0.168158 0.035358
3.836842 -0.168158 0.035358
-3.428133 1.407693 0.048882
-3.827613 -2.373120 0.040431
-3.828141 -2.098286 0.039396
-3.723690 -2.223830 0.049054
-2.929082 -1.888354 0.043978
-2.833058 -2.030874 0.048603
-3.826207 -3.621023 0.040831
-3.827763 -3.349067 0.039662
-3.721907 -3.472725 0.048188
-3.119540 -3.817889 0.047901
-2.928443 -3.834955 0.046882
-2.833678 -3.672223 0.048305
-3.235706 -1.739803 0.049102
-3.126929 -1.900679 0.045063
-3.226281 -2.051096 0.047516
-3.423703 -2.050781 0.047145
-3.247768 -1.432104 0.045466
-3.123551 -1.321826 0.041198
-3.152836 -1.607189 0.038943
-2.950324 -1.587288 0.043506
-2.935639 -1.416192 0.042120
-2.633688 -0.998348 0.045350
-2.538495 -1.169631 0.045027
-2.636748 -1.341697 0.048560
-2.813295 -1.307618 0.045890
-2.547271 -2.178206 0.047231
-2.641070 -2.015160 0.047180
-2.550316 -1.511827 0.048558
-2.644115 -1.680383 0.048560
-2.545862 -1.845447 0.047079
1.520181 6.620772 0.050981
1.214734 6.626473 0.050035
1.372458 6.511213 0.053363
-3.726130 3.182956 0.048329
-3.827763 3.349067 0.039662
-3.721907 3.472725 0.048188
-2.547833 3.808179 0.044271
-3.250777 4.288856 0.046094
-3.210463 4.475796 0.044648
-3.521669 4.077825 0.044510
-3.720743 3.759864 0.047404
-3.839707 4.601338 0.035094
-3.839707 4.432041 0.035267
-3.521037 2.526979 0.046444
-3.726591 2.813340 0.048671
-3.828224 2.648685 0.039655
-3.723774 2.519105 0.049081
-3.827613 2.373120 0.040431
-3.828141 2.098286 0.039396
-3.723690 2.223830 0.049054
-3.422127 2.368397 0.047102
-3.520940 2.211233 0.046386
-2.641070 2.015160 0.047180
-2.833058 2.030874 0.048603
-1.352134 6.289931 0.052378
-1.372458 6.511213 0.053363
-1.214734 6.626473 0.050035
-1.062161 6.516226 0.051012
2.393835 4.558620 0.049047
2.537356 4.690205 0.047434
2.551316 5.886249 0.047937
3.169009 4.850624 0.046902
3.130486 5.032516 0.048726
2.740635 5.829693 0.048457
2.426262 4.385018 0.043466
2.598233 4.307720 0.044829
2.554209 4.120575 0.042673
3.514276 3.774355 0.045241
2.902500 4.361379 0.047543
2.948983 4.172129 0.048018
3.050516 4.518938 0.047531
3.210463 4.475796 0.044648
-2.740635 5.829693 0.048457
-2.794358 5.645028 0.048023
-2.985665 5.586636 0.048378
-3.037706 5.401447 0.047833
-1.777357 5.036955 0.043458
-2.257800 6.317390 0.046925
-2.061974 6.377555 0.050507
-1.468038 6.167067 0.045250
-1.713842 5.224463 0.048349
-1.438141 5.284785 0.052262
-1.537935 5.175224 0.044937
-0.889071 6.183043 0.048270
-1.182175 6.184027 0.046941
-1.049926 6.295063 0.051601
-1.164255 5.958596 0.047815
1.309431 5.609653 0.047729
2.209639 4.604484 0.044690
1.262633 5.165593 0.042857
-0.580185 5.508820 0.049025
-0.438757 5.846017 0.049024
-0.436000 5.621302 0.049177
3.836842 0.334409 0.035880
3.127308 0.525942 0.046887
3.414944 0.774863 0.046928
3.218989 0.720036 0.045025
2.547974 2.507780 0.047167
2.643182 2.346430 0.047313
2.833058 2.030874 0.048603
2.545862 1.845447 0.047079
2.641070 2.015160 0.047180
3.226281 2.051096 0.047516
3.428133 1.407693 0.048882
3.247768 1.432104 0.045466
3.721907 3.472725 0.048188
3.827871 1.390836 0.039826
3.827613 2.373120 0.040431
3.520940 2.211233 0.046386
3.423703 2.050781 0.047145
3.828141 2.098286 0.039396
3.723690 2.223830 0.049054
3.830430 -2.919109 0.036986
3.830430 -3.080507 0.036829
3.726591 -2.813340 0.048671
3.828224 -2.648685 0.039655
3.723774 -2.519105 0.049081
3.524923 -2.842793 0.046626
3.423820 -2.686012 0.047121
3.521037 -2.526979 0.046444
3.827613 -2.373120 0.040431
3.828141 -2.098286 0.039396
3.723690 -2.223830 0.049054
3.832868 -1.828927 0.036139
3.832868 -1.666245 0.036478
3.825021 -1.121125 0.040726
3.719284 -0.978200 0.047159
3.514167 -0.948838 0.043831
3.412735 -1.085529 0.048161
3.438612 -1.735390 0.046300
0.438757 -5.846017 0.049024
0.448773 -6.293037 0.050453
0.986045 -5.169649 0.045824
1.262633 -5.165593 0.042857
1.146585 -5.279210 0.050614
1.305146 -5.838809 0.049626
1.309431 -5.609653 0.047729
1.166187 -5.504220 0.051033
2.933542 -2.524987 0.046388
3.130080 -2.849259 0.047439
3.227503 -2.688071 0.046924
3.128229 -2.529325 0.046860
2.813295 -1.307618 0.045890
2.636748 -1.341697 0.048560
2.550316 -1.511827 0.048558
2.644115 -1.680383 0.048560
3.276670 -5.159149 0.046858
3.437981 -4.250930 0.046570
3.130486 -5.032516 0.048726
3.169009 -4.850624 0.046902
3.829992 -4.161084 0.038857
2.554209 -4.120575 0.042673
3.826207 -3.621023 0.040831
3.724527 -4.044214 0.046617
3.521669 -4.077825 0.044510
3.826599 -3.891825 0.040530
3.720743 -3.759864 0.047404
2.537356 -4.690205 0.047434
2.644386 -3.331100 0.048134
2.929881 -3.501202 0.046756
2.836358 -3.337417 0.047941
-2.931109 -0.819320 0.045317
-2.825900 -0.988599 0.050255
-2.907253 -1.125804 0.038929
-3.124132 -0.844862 0.045012
-3.218656 -1.036380 0.046331
-3.106987 -1.148042 0.044823
2.917955 -0.167334 0.046335
3.093008 -0.108733 0.044555
2.814101 0.000000 0.044299
3.093008 0.108733 0.044555
2.917955 0.167334 0.046335
3.213504 -0.205447 0.045390
3.232838 -0.403673 0.045424
3.424637 -0.474533 0.045412
3.535680 -0.361948 0.042189
-0.908804 -6.625785 0.050256
-1.020579 -5.845957 0.049283
-1.608699 -5.629202 0.049391
-0.289840 -5.508754 0.048820
-0.436000 -5.621302 0.049177
-0.580185 -5.508820 0.049025
-0.572592 -5.282891 0.049430
-0.424824 -5.169433 0.047511
-0.286257 -5.282814 0.049184
1.062161 -6.516226 0.051012
0.908804 -6.625785 0.050256
0.604867 -6.625561 0.050256
0.756176 -6.515314 0.050427
2.806843 -4.957150 0.047083
2.899198 -5.275182 0.048067
2.944787 -5.087718 0.048172
2.335872 -5.436615 0.048116
2.467985 -5.570320 0.048200
2.658743 -5.516560 0.048114
2.711543 -5.331902 0.047793
2.985665 -5.586636 0.048378
2.740635 -5.829693 0.048457
2.794358 -5.645028 0.048023
2.061974 -6.377555 0.050507
2.257800 -6.317390 0.046925
2.311563 -6.130864 0.047787
2.177767 -6.000504 0.048964
1.916575 -5.717783 0.045886
1.586618 -5.837587 0.046104
0.145315 -5.621294 0.049225
0.000000 -5.508734 0.048761
-0.145315 -5.621294 0.049225
-0.448773 -6.293037 0.050453
-0.593316 -6.182098 0.048884
-0.438757 -5.846017 0.049024
-0.586508 -5.958497 0.049363
-3.829992 -4.161084 0.038857
-3.724527 -4.044214 0.046617
-3.737635 -4.329578 0.045853
-3.521669 -4.077825 0.044510
-3.437981 -4.250930 0.046570
-3.548482 -4.385813 0.043004
-3.227503 -2.688071 0.046924
-3.130080 -2.849259 0.047439
-2.985665 -5.586636 0.048378
-2.711543 -5.331902 0.047793
-3.050516 -4.518938 0.047531
-3.024351 -4.710539 0.048106
-2.902500 -4.361379 0.047543
-3.169009 -4.850624 0.046902
-3.356173 -4.804605 0.048298
-3.472512 -5.096455 0.050396
-3.513492 -4.923802 0.044633
-1.520181 -6.620772 0.050981
-1.684442 -6.521372 0.053027
-1.738188 -6.318129 0.049607
-2.806843 -4.957150 0.047083
-2.847884 -4.761862 0.049038
-2.554209 -4.120575 0.042673
3.717835 0.085641 0.045864
3.717835 -0.085641 0.045864
3.521672 -0.182356 0.040087
3.391295 -0.096714 0.046390
-2.937964 -0.494153 0.047752
-2.549788 -0.500597 0.048203
-2.644981 -0.665608 0.048115
-2.836622 -0.662705 0.047446
-2.839005 -0.333771 0.049259
-2.544745 -0.170876 0.046826
-2.642469 -0.337313 0.046192
-3.827065 -0.594197 0.038793
-3.218989 -0.720036 0.045025
-3.424637 -0.474533 0.045412
-3.232838 -0.403673 0.045424
-3.127308 -0.525942 0.046887
-2.917955 -0.167334 0.046335
-3.826326 0.854353 0.039890
-3.412735 1.085529 0.048161
-3.514167 0.948838 0.043831
-3.513660 1.255127 0.045649
-3.719284 0.978200 0.047159
-2.935639 1.416192 0.042120
-3.123551 1.321826 0.041198
-3.247768 1.432104 0.045466
-3.832868 -1.828927 0.036139
-3.728945 -1.930859 0.048262
-3.527258 -1.895951 0.047011
-3.438612 -1.735390 0.046300
-3.832868 -1.666245 0.036478
-3.426314 -3.002583 0.047641
-3.523681 -3.156450 0.046307
-3.726130 -3.182956 0.048329
-3.828224 -2.648685 0.039655
-3.723774 -2.519105 0.049081
-3.726591 -2.813340 0.048671
-3.524923 -2.842793 0.046626
-3.423820 -2.686012 0.047121
-3.521037 -2.526979 0.046444
-3.217048 -3.646978 0.046214
-3.414633 -3.630441 0.047291
-3.420206 -3.317489 0.047369
-3.516799 -3.467653 0.045748
1.352134 6.289931 0.052378
1.182175 6.184027 0.046941
1.305146 5.838809 0.049626
1.164255 5.958596 0.047815
1.062161 6.516226 0.051012
0.908804 6.625785 0.050256
0.756176 6.515314 0.050427
1.049926 6.295063 0.051601
0.889071 6.183043 0.048270
0.748678 6.293736 0.050814
-3.830430 3.080507 0.036829
-3.830430 2.919109 0.036986
-3.130486 5.032516 0.048726
-3.169009 4.850624 0.046902
-2.840695 4.013369 0.048525
-2.948983 4.172129 0.048018
-3.137313 4.142749 0.047133
-2.928443 3.834955 0.046882
-2.742467 4.421232 0.050919
-2.902500 4.361379 0.047543
-2.714016 4.630115 0.045733
-2.847884 4.761862 0.049038
-3.024351 4.710539 0.048106
-3.050516 4.518938 0.047531
-3.516799 3.467653 0.045748
-2.643785 3.662547 0.049260
-2.833678 3.672223 0.048305
-3.826599 3.891825 0.040530
-3.829992 4.161084 0.038857
-3.724527 4.044214 0.046617
-3.832868 1.828927 0.036139
-3.728945 1.930859 0.048262
-3.536106 1.578365 0.044425
-3.832868 1.666245 0.036478
-3.728675 1.555274 0.050331
-3.423703 2.050781 0.047145
-3.527258 1.895951 0.047011
-3.438612 1.735390 0.046300
-3.226281 2.051096 0.047516
-2.547271 2.178206 0.047231
-2.547974 2.507780 0.047167
-2.643182 2.346430 0.047313
2.498872 6.071609 0.048172
2.311563 6.130864 0.047787
2.257800 6.317390 0.046925
2.009085 6.558498 0.047698
1.738188 6.318129 0.049607
1.935361 6.252445 0.046143
2.061974 6.377555 0.050507
1.828725 6.636631 0.045726
1.684442 6.521372 0.053027
3.356173 4.804605 0.048298
3.371462 4.621376 0.048497
3.522277 4.569320 0.040191
3.513492 4.923802 0.044633
3.717934 4.853635 0.050870
3.711430 4.682383 0.047885
3.472512 5.096455 0.050396
3.229478 5.340617 0.049357
3.276670 5.159149 0.046858
2.658743 5.516560 0.048114
2.794358 5.645028 0.048023
2.985665 5.586636 0.048378
3.037706 5.401447 0.047833
3.521669 4.077825 0.044510
3.417274 3.939926 0.046877
3.437981 4.250930 0.046570
3.220122 3.966923 0.046289
3.250777 4.288856 0.046094
3.137313 4.142749 0.047133
2.929881 3.501202 0.046756
3.119540 3.817889 0.047901
2.928443 3.834955 0.046882
2.833678 3.672223 0.048305
-2.944787 5.087718 0.048172
-2.899198 5.275182 0.048067
-2.806843 4.957150 0.047083
-2.426262 4.385018 0.043466
-2.598233 4.307720 0.044829
-2.554209 4.120575 0.042673
-2.209639 4.604484 0.044690
-2.537356 4.690205 0.047434
-2.393835 4.558620 0.049047
-0.726877 5.621497 0.049086
-0.730442 5.846460 0.049030
-0.877644 5.959368 0.048903
-1.020579 5.845957 0.049283
-2.147063 5.483047 0.048105
-2.019259 5.343388 0.047476
-1.827397 5.381211 0.048994
-1.778840 5.566901 0.050089
-1.916575 5.717783 0.045886
-2.092936 5.671751 0.050054
-1.608699 5.629202 0.049391
-1.586618 5.837587 0.046104
-1.309431 5.609653 0.047729
-1.465337 5.503835 0.049661
-1.305146 5.838809 0.049626
-1.438971 5.941376 0.044360
-0.302149 6.625392 0.050241
-0.000000 6.625358 0.050227
-0.150814 6.514718 0.049989
-0.604867 6.625561 0.050256
-0.756176 6.515314 0.050427
-0.452826 6.514921 0.050104
-0.748678 6.293736 0.050814
-0.593316 6.182098 0.048884
-0.448773 6.293037 0.050453
1.438141 5.284785 0.052262
1.465337 5.503835 0.049661
1.608699 5.629202 0.049391
0.141732 5.169412 0.047755
0.145315 5.621294 0.049225
-0.293600 5.958112 0.049522
-0.146318 5.845938 0.049016
-0.296807 6.181532 0.049151
-0.149525 6.292742 0.050288
0.150814 6.514718 0.049989
3.731843 0.431484 0.043804
3.515063 0.651628 0.042873
3.827065 0.594197 0.038793
3.721328 0.701757 0.044746
3.232838 0.403673 0.045424
3.213504 0.205447 0.045390
3.535680 0.361948 0.042189
3.424637 0.474533 0.045412
3.521672 0.182356 0.040087
3.391295 0.096714 0.046390
2.644809 3.002718 0.047576
2.548438 2.834883 0.047005
2.644349 2.675197 0.047339
2.644115 1.680383 0.048560
2.550316 1.511827 0.048558
2.636748 1.341697 0.048560
2.935639 1.416192 0.042120
2.813295 1.307618 0.045890
2.929082 1.888354 0.043978
3.126929 1.900679 0.045063
2.950324 1.587288 0.043506
2.835347 1.707576 0.048587
3.152836 1.607189 0.038943
3.235706 1.739803 0.049102
3.830430 2.919109 0.036986
3.827763 3.349067 0.039662
3.830430 3.080507 0.036829
3.726130 3.182956 0.048329
3.516799 3.467653 0.045748
3.414633 3.630441 0.047291
3.122154 3.493023 0.047858
3.217048 3.646978 0.046214
3.728945 1.930859 0.048262
3.728675 1.555274 0.050331
3.536106 1.578365 0.044425
3.438612 1.735390 0.046300
3.527258 1.895951 0.047011
3.827871 -1.390836 0.039826
3.720828 -1.261361 0.047706
3.728675 -1.555274 0.050331
3.536106 -1.578365 0.044425
3.513660 -1.255127 0.045649
3.428133 -1.407693 0.048882
3.123551 -1.321826 0.041198
3.247768 -1.432104 0.045466
2.935639 -1.416192 0.042120
0.586508 -5.958497 0.049363
0.748678 -6.293736 0.050814
0.593316 -6.182098 0.048884
1.827397 -5.381211 0.048994
1.713842 -5.224463 0.048349
1.465337 -5.503835 0.049661
1.537935 -5.175224 0.044937
1.438141 -5.284785 0.052262
1.608699 -5.629202 0.049391
1.778840 -5.566901 0.050089
2.837984 -3.008559 0.047788
2.934790 -2.847912 0.046625
2.644809 -3.002718 0.047576
2.837525 -2.682385 0.047777
2.548438 -2.834883 0.047005
2.644349 -2.675197 0.047339
3.472512 -5.096455 0.050396
3.548482 -4.385813 0.043004
3.839707 -4.432041 0.035267
3.737635 -4.329578 0.045853
3.839707 -4.601338 0.035094
3.210463 -4.475796 0.044648
2.948983 -4.172129 0.048018
3.250777 -4.288856 0.046094
3.137313 -4.142749 0.047133
2.928443 -3.834955 0.046882
2.833678 -3.672223 0.048305
2.840695 -4.013369 0.048525
2.649978 -3.996270 0.051253
3.417274 -3.939926 0.046877
3.220122 -3.966923 0.046289
3.119540 -3.817889 0.047901
3.514276 -3.774355 0.045241
2.490161 -4.877224 0.047782
2.625780 -5.012422 0.047753
2.391156 -5.250662 0.047536
2.576069 -5.199710 0.048035
2.209639 -4.604484 0.044690
2.426262 -4.385018 0.043466
2.393835 -4.558620 0.049047
2.548015 -3.485208 0.045804
2.547833 -3.808179 0.044271
2.643785 -3.662547 0.049260
-1.309431 -5.609653 0.047729
-1.465337 -5.503835 0.049661
1.214734 -6.626473 0.050035
1.468038 -6.167067 0.045250
1.352134 -6.289931 0.052378
1.684442 -6.521372 0.053027
1.520181 -6.620772 0.050981
1.372458 -6.511213 0.053363
1.997390 -6.061920 0.046993
1.871304 -5.917791 0.050347
1.711488 -5.975293 0.043664
1.935361 -6.252445 0.046143
1.738188 -6.318129 0.049607
1.640402 -6.185106 0.046458
0.293600 -5.958112 0.049522
0.146318 -5.845938 0.049016
0.149525 -6.292742 0.050288
0.296807 -6.181532 0.049151
-3.128229 -2.529325 0.046860
-3.225636 -2.368685 0.047057
-3.127027 -2.211836 0.046293
-2.931651 -2.203939 0.045608
-2.548434 -3.160448 0.046610
-3.229478 -5.340617 0.049357
-3.276670 -5.159149 0.046858
-3.130486 -5.032516 0.048726
-2.944787 -5.087718 0.048172
-2.899198 -5.275182 0.048067
-3.037706 -5.401447 0.047833
-2.009085 -6.558498 0.047698
-1.871304 -5.917791 0.050347
-1.372458 -6.511213 0.053363
-1.214734 -6.626473 0.050035
-1.062161 -6.516226 0.051012
-1.049926 -6.295063 0.051601
-1.640402 -6.185106 0.046458
-1.711488 -5.975293 0.043664
-1.586618 -5.837587 0.046104
-2.537356 -4.690205 0.047434
-2.714016 -4.630115 0.045733
-2.742467 -4.421232 0.050919
-2.598233 -4.307720 0.044829
-2.209639 -4.604484 0.044690
-2.393835 -4.558620 0.049047
-2.426262 -4.385018 0.043466
-3.826326 -0.854353 0.039890
-3.721328 -0.701757 0.044746
-3.414944 -0.774863 0.046928
-3.515063 -0.651628 0.042873
-3.836842 0.334409 0.035880
-3.836842 0.168158 0.035358
-3.731843 0.431484 0.043804
-3.827065 0.594197 0.038793
-3.721328 0.701757 0.044746
-3.535680 0.361948 0.042189
-3.717835 0.085641 0.045864
-3.521672 0.182356 0.040087
-2.937964 0.494153 0.047752
-3.825021 1.121125 0.040726
-3.827871 1.390836 0.039826
-3.720828 1.261361 0.047706
-2.835347 1.707576 0.048587
-2.950324 1.587288 0.043506
-2.929082 1.888354 0.043978
-3.126929 1.900679 0.045063
-3.152836 1.607189 0.038943
-3.235706 1.739803 0.049102
-3.728675 -1.555274 0.050331
-3.536106 -1.578365 0.044425
-3.827871 -1.390836 0.039826
-3.428133 -1.407693 0.048882
-3.830430 -3.080507 0.036829
-3.830430 -2.919109 0.036986
-3.128095 -3.169690 0.047742
-3.223145 -3.326322 0.046468
-3.122154 -3.493023 0.047858
-2.933581 -3.172606 0.046737
-2.836358 -3.337417 0.047941
-2.929881 -3.501202 0.046756
1.640402 6.185106 0.046458
1.468038 6.167067 0.045250
1.711488 5.975293 0.043664
1.438971 5.941376 0.044360
1.586618 5.837587 0.046104
0.604867 6.625561 0.050256
0.302149 6.625392 0.050241
0.452826 6.514921 0.050104
1.020579 5.845957 0.049283
0.877644 5.959368 0.048903
0.730442 5.846460 0.049030
-3.514276 3.774355 0.045241
-3.414633 3.630441 0.047291
-3.417274 3.939926 0.046877
-3.217048 3.646978 0.046214
-3.220122 3.966923 0.046289
-3.119540 3.817889 0.047901
-3.523681 3.156450 0.046307
-3.420206 3.317489 0.047369
-3.225636 2.368685 0.047057
-3.127027 2.211836 0.046293
-2.931651 2.203939 0.045608
-2.835573 2.356449 0.047931
2.075153 5.159134 0.047282
1.946807 5.009449 0.049127
1.992892 4.822000 0.044645
2.170532 4.785535 0.048976
2.177767 6.000504 0.048964
1.997390 6.061920 0.046993
1.871304 5.917791 0.050347
2.019259 5.343388 0.047476
1.827397 5.381211 0.048994
1.778840 5.566901 0.050089
1.916575 5.717783 0.045886
2.806843 4.957150 0.047083
2.711543 5.331902 0.047793
2.944787 5.087718 0.048172
2.899198 5.275182 0.048067
-2.625780 5.012422 0.047753
-2.490161 4.877224 0.047782
-2.658743 5.516560 0.048114
-2.711543 5.331902 0.047793
-2.576069 5.199710 0.048035
-2.391156 5.250662 0.047536
-2.335872 5.436615 0.048116
-2.467985 5.570320 0.048200
-0.424824 5.169433 0.047511
-0.572592 5.282891 0.049430
-0.706705 5.169490 0.046939
-1.262633 5.165593 0.042857
-1.997390 6.061920 0.046993
-1.935361 6.252445 0.046143
-1.711488 5.975293 0.043664
-1.871304 5.917791 0.050347
-1.738188 6.318129 0.049607
-1.640402 6.185106 0.046458
-2.311563 6.130864 0.047787
-2.177767 6.000504 0.048964
-2.228041 5.810344 0.047568
-2.498872 6.071609 0.048172
-2.551316 5.886249 0.047937
-2.414282 5.755345 0.048753
1.713842 5.224463 0.048349
1.537935 5.175224 0.044937
1.777357 5.036955 0.043458
-0.000000 5.508734 0.048761
-0.145315 5.621294 0.049225
-0.289840 5.508754 0.048820
-0.286257 5.282814 0.049184
-0.141732 5.169412 0.047755
-0.000000 5.282792 0.049116
0.146318 5.845938 0.049016
-0.000000 5.958021 0.049566
-0.000000 6.181406 0.049221
0.149525 6.292742 0.050288
0.593316 6.182098 0.048884
0.448773 6.293037 0.050453
0.296807 6.181532 0.049151
0.586508 5.958497 0.049363
0.438757 5.846017 0.049024
0.293600 5.958112 0.049522
2.837525 2.682385 0.047777
3.832868 1.828927 0.036139
3.832868 1.666245 0.036478
3.235706 -1.739803 0.049102
3.152836 -1.607189 0.038943
3.126929 -1.900679 0.045063
2.929082 -1.888354 0.043978
2.835347 -1.707576 0.048587
2.950324 -1.587288 0.043506
0.730442 -5.846460 0.049030
1.018227 -5.620737 0.048682
0.726877 -5.621497 0.049086
0.871726 -5.509185 0.049517
0.889071 -6.183043 0.048270
1.182175 -6.184027 0.046941
1.049926 -6.295063 0.051601
0.877644 -5.959368 0.048903
1.164255 -5.958596 0.047815
1.020579 -5.845957 0.049283
3.717934 -4.853635 0.050870
3.711430 -4.682383 0.047885
3.513492 -4.923802 0.044633
3.356173 -4.804605 0.048298
3.371462 -4.621376 0.048497
3.522277 -4.569320 0.040191
2.742467 -4.421232 0.050919
2.902500 -4.361379 0.047543
2.714016 -4.630115 0.045733
2.847884 -4.761862 0.049038
3.024351 -4.710539 0.048106
3.050516 -4.518938 0.047531
3.122154 -3.493023 0.047858
3.217048 -3.646978 0.046214
3.223145 -3.326322 0.046468
3.414633 -3.630441 0.047291
3.420206 -3.317489 0.047369
3.516799 -3.467653 0.045748
2.075153 -5.159134 0.047282
2.258241 -5.112840 0.048088
2.307535 -4.926690 0.047261
1.946807 -5.009449 0.049127
1.992892 -4.822000 0.044645
2.170532 -4.785535 0.048976
-1.916575 -5.717783 0.045886
-2.092936 -5.671751 0.050054
-1.778840 -5.566901 0.050089
-1.827397 -5.381211 0.048994
-2.335872 -5.436615 0.048116
-2.147063 -5.483047 0.048105
-2.019259 -5.343388 0.047476
-0.706705 -5.169490 0.046939
-1.713842 -5.224463 0.048349
-1.166187 -5.504220 0.051033
-0.871726 -5.509185 0.049517
-1.018227 -5.620737 0.048682
-1.146585 -5.279210 0.050614
-0.859147 -5.283107 0.049948
-0.986045 -5.169649 0.045824
0.000000 -6.181406 0.049221
-0.149525 -6.292742 0.050288
-0.296807 -6.181532 0.049151
-0.293600 -5.958112 0.049522
-0.146318 -5.845938 0.049016
0.000000 -5.958021 0.049566
-2.643182 -2.346430 0.047313
-2.835573 -2.356449 0.047931
-2.933542 -2.524987 0.046388
-1.935361 -6.252445 0.046143
-2.061974 -6.377555 0.050507
-2.257800 -6.317390 0.046925
-1.997390 -6.061920 0.046993
-2.498872 -6.071609 0.048172
-2.228041 -5.810344 0.047568
-2.311563 -6.130864 0.047787
-2.177767 -6.000504 0.048964
-2.740635 -5.829693 0.048457
-2.658743 -5.516560 0.048114
-2.794358 -5.645028 0.048023
-2.467985 -5.570320 0.048200
-2.414282 -5.755345 0.048753
-2.551316 -5.886249 0.047937
-1.352134 -6.289931 0.052378
-1.468038 -6.167067 0.045250
-1.182175 -6.184027 0.046941
-1.164255 -5.958596 0.047815
-1.305146 -5.838809 0.049626
-1.438971 -5.941376 0.044360
-3.412735 -1.085529 0.048161
-3.514167 -0.948838 0.043831
-3.513660 -1.255127 0.045649
-3.719284 -0.978200 0.047159
-3.825021 -1.121125 0.040726
-3.720828 -1.261361 0.047706
-3.414944 0.774863 0.046928
-3.515063 0.651628 0.042873
-3.218989 0.720036 0.045025
-3.424637 0.474533 0.045412
-3.127308 0.525942 0.046887
-3.232838 0.403673 0.045424
-3.836842 -0.168158 0.035358
-3.717835 -0.085641 0.045864
-3.836842 -0.334409 0.035880
-3.731843 -0.431484 0.043804
-3.535680 -0.361948 0.042189
-3.521672 -0.182356 0.040087
-3.391295 -0.096714 0.046390
-3.213504 -0.205447 0.045390
-3.093008 -0.108733 0.044555
-3.391295 0.096714 0.046390
-3.213504 0.205447 0.045390
-3.093008 0.108733 0.044555
-2.839005 0.333771 0.049259
-2.917955 0.167334 0.046335
-2.642469 0.337313 0.046192
-2.544745 0.170876 0.046826
-2.637426 -0.000000 0.048882
-2.814101 -0.000000 0.044299
0.424824 5.169433 0.047511
0.286257 5.282814 0.049184
0.289840 5.508754 0.048820
0.436000 5.621302 0.049177
-3.472512 5.096455 0.050396
-3.229478 5.340617 0.049357
-3.276670 5.159149 0.046858
-3.717934 4.853635 0.050870
-3.711430 4.682383 0.047885
-3.513492 4.923802 0.044633
-3.356173 4.804605 0.048298
-3.522277 4.569320 0.040191
-3.371462 4.621376 0.048497
-3.423820 2.686012 0.047121
-3.227789 3.006990 0.046539
-3.524923 2.842793 0.046626
-3.426314 3.002583 0.047641
-2.548015 3.485208 0.045804
-2.644349 2.675197 0.047339
-2.548438 2.834883 0.047005
-3.223145 3.326322 0.046468
-3.128095 3.169690 0.047742
-3.122154 3.493023 0.047858
-2.929881 3.501202 0.046756
2.490161 4.877224 0.047782
2.307535 4.926690 0.047261
2.625780 5.012422 0.047753
2.258241 5.112840 0.048088
2.391156 5.250662 0.047536
2.576069 5.199710 0.048035
2.147063 5.483047 0.048105
2.414282 5.755345 0.048753
2.228041 5.810344 0.047568
2.092936 5.671751 0.050054
2.467985 5.570320 0.048200
2.335872 5.436615 0.048116
-2.075153 5.159134 0.047282
-2.258241 5.112840 0.048088
-2.307535 4.926690 0.047261
-1.946807 5.009449 0.049127
-1.992892 4.822000 0.044645
-2.170532 4.785535 0.048976
-0.859147 5.283107 0.049948
-0.986045 5.169649 0.045824
-1.146585 5.279210 0.050614
-1.166187 5.504220 0.051033
-1.018227 5.620737 0.048682
-0.871726 5.509185 0.049517
2.933581 3.172606 0.046737
2.837984 3.008559 0.047788
2.934790 2.847912 0.046625
3.726591 2.813340 0.048671
3.828224 2.648685 0.039655
3.723774 2.519105 0.049081
2.933542 2.524987 0.046388
2.931651 2.203939 0.045608
2.835573 2.356449 0.047931
3.127027 2.211836 0.046293
-2.075153 -5.159134 0.047282
-2.170532 -4.785535 0.048976
-1.262633 -5.165593 0.042857
-1.438141 -5.284785 0.052262
-1.537935 -5.175224 0.044937
-2.547974 -2.507780 0.047167
-2.837525 -2.682385 0.047777
-2.644809 -3.002718 0.047576
-2.548438 -2.834883 0.047005
-2.644349 -2.675197 0.047339
-2.837984 -3.008559 0.047788
-2.934790 -2.847912 0.046625
1.146585 5.279210 0.050614
0.986045 5.169649 0.045824
1.166187 5.504220 0.051033
1.018227 5.620737 0.048682
-2.933542 2.524987 0.046388
-2.837525 2.682385 0.047777
-2.934790 2.847912 0.046625
-3.130080 2.849259 0.047439
-3.128229 2.529325 0.046860
-3.227503 2.688071 0.046924
-2.933581 3.172606 0.046737
-2.837984 3.008559 0.047788
-2.644386 3.331100 0.048134
-2.836358 3.337417 0.047941
-2.548434 3.160448 0.046610
-2.644809 3.002718 0.047576
3.130080 2.849259 0.047439
3.524923 2.842793 0.046626
-2.490161 -4.877224 0.047782
-2.307535 -4.926690 0.047261
-2.625780 -5.012422 0.047753
-2.258241 -5.112840 0.048088
-2.576069 -5.199710 0.048035
-2.391156 -5.250662 0.047536
-1.777357 -5.036955 0.043458
-1.946807 -5.009449 0.049127
-1.992892 -4.822000 0.044645
0.580185 5.508820 0.049025
0.726877 5.621497 0.049086
0.871726 5.509185 0.049517
0.859147 5.283107 0.049948
0.706705 5.169490 0.046939
0.572592 5.282891 0.049430
3.523681 3.156450 0.046307
3.426314 3.002583 0.047641
3.420206 3.317489 0.047369
3.227789 3.006990 0.046539
3.223145 3.326322 0.046468
3.128095 3.169690 0.047742
3.128229 2.529325 0.046860
3.227503 2.688071 0.046924
3.225636 2.368685 0.047057
3.422127 2.368397 0.047102
3.521037 2.526979 0.046444
3.423820 2.686012 0.047121
