3.979683 4.944988 0.001612
3.870524 5.054147 0.001612
3.761366 5.163305 0.001612
3.652207 5.272464 0.001612
3.543049 5.381622 0.001612
3.433890 5.490781 0.001612
3.324732 5.599939 0.001612
3.215573 5.709098 0.001612
3.106415 5.818256 0.001612
2.997256 5.927415 0.001612
2.888098 6.036573 0.001612
2.778939 6.145732 0.001612
2.669781 6.254890 0.001612
2.560622 6.364049 0.001612
2.451464 6.473207 0.001612
2.342305 6.582366 0.001612
2.233147 6.691524 0.001612
2.123988 6.800683 0.001612
2.014830 6.909841 0.001612
1.859843 6.909841 0.001612
1.704856 6.909841 0.001612
1.549869 6.909841 0.001612
1.394882 6.909841 0.001612
1.239895 6.909841 0.001612
1.084908 6.909841 0.001612
0.929921 6.909841 0.001612
0.774935 6.909841 0.001612
0.619948 6.909841 0.001612
0.464961 6.909841 0.001612
0.309974 6.909841 0.001612
0.154987 6.909841 0.001612
0.000000 6.909841 0.001612
-0.154987 6.909841 0.001612
-0.309974 6.909841 0.001612
-0.464961 6.909841 0.001612
-0.619948 6.909841 0.001612
-0.774935 6.909841 0.001612
-0.929921 6.909841 0.001612
-1.084908 6.909841 0.001612
-1.239895 6.909841 0.001612
-1.394882 6.909841 0.001612
-1.549869 6.909841 0.001612
-1.704856 6.909841 0.001612
-1.859843 6.909841 0.001612
-2.014830 6.909841 0.001612
-2.123988 6.800683 0.001612
-2.233147 6.691524 0.001612
-2.342305 6.582366 0.001612
-2.451464 6.473207 0.001612
-2.560622 6.364049 0.001612
-2.669781 6.254890 0.001612
-2.778939 6.145732 0.001612
-2.888098 6.036573 0.001612
-2.997256 5.927415 0.001612
-3.106415 5.818256 0.001612
-3.215573 5.709098 0.001612
-3.324732 5.599939 0.001612
-3.433890 5.490781 0.001612
-3.543049 5.381622 0.001612
-3.652207 5.272464 0.001612
-3.761366 5.163305 0.001612
-3.870524 5.054147 0.001612
-3.979683 4.944988 0.001612
-3.979683 4.792835 0.001612
-3.979683 4.640681 0.001612
-3.979683 4.488528 0.001612
-3.979683 4.336374 0.001612
-3.979683 4.184221 0.001612
-3.979683 4.032068 0.001612
-3.979683 3.879914 0.001612
-3.979683 3.727761 0.001612
-3.979683 3.575607 0.001612
-3.979683 3.423454 0.001612
-3.979683 3.271300 0.001612
-3.979683 3.119147 0.001612
-3.979683 2.966993 0.001612
-3.979683 2.814840 0.001612
-3.979683 2.662686 0.001612
-3.979683 2.510533 0.001612
-3.979683 2.358379 0.001612
-3.979683 2.206226 0.001612
-3.979683 2.054072 0.001612
-3.979683 1.901919 0.001612
-3.979683 1.749765 0.001612
-3.979683 1.597612 0.001612
-3.979683 1.445458 0.001612
-3.979683 1.293305 0.001612
-3.979683 1.141151 0.001612
-3.979683 0.988998 0.001612
-3.979683 0.836844 0.001612
-3.979683 0.684691 0.001612
-3.979683 0.532537 0.001612
-3.979683 0.380384 0.001612
-3.979683 0.228230 0.001612
-3.979683 0.076077 0.001612
-3.979683 -0.076077 0.001612
-3.979683 -0.228230 0.001612
-3.979683 -0.380384 0.001612
-3.979683 -0.532537 0.001612
-3.979683 -0.684691 0.001612
-3.979683 -0.836844 0.001612
-3.979683 -0.988998 0.001612
-3.979683 -1.141151 0.001612
-3.979683 -1.293305 0.001612
-3.979683 -1.445458 0.001612
-3.979683 -1.597612 0.001612
-3.979683 -1.749765 0.001612
-3.979683 -1.901919 0.001612
-3.979683 -2.054072 0.001612
-3.979683 -2.206226 0.001612
-3.979683 -2.358379 0.001612
-3.979683 -2.510533 0.001612
-3.979683 -2.662686 0.001612
-3.979683 -2.814840 0.001612
-3.979683 -2.966993 0.001612
-3.979683 -3.119147 0.001612
-3.979683 -3.271300 0.001612
-3.979683 -3.423454 0.001612
-3.979683 -3.575607 0.001612
-3.979683 -3.727761 0.001612
-3.979683 -3.879914 0.001612
-3.979683 -4.032068 0.001612
-3.979683 -4.184221 0.001612
-3.979683 -4.336374 0.001612
-3.979683 -4.488528 0.001612
-3.979683 -4.640681 0.001612
-3.979683 -4.792835 0.001612
-3.979683 -4.944988 0.001612
-3.870524 -5.054147 0.001612
-3.761366 -5.163305 0.001612
-3.652207 -5.272464 0.001612
-3.543049 -5.381622 0.001612
-3.433890 -5.490781 0.001612
-3.324732 -5.599939 0.001612
-3.215573 -5.709098 0.001612
-3.106415 -5.818256 0.001612
-2.997256 -5.927415 0.001612
-2.888098 -6.036573 0.001612
-2.778939 -6.145732 0.001612
-2.669781 -6.254890 0.001612
-2.560622 -6.364049 0.001612
-2.451464 -6.473207 0.001612
-2.342305 -6.582366 0.001612
-2.233147 -6.691524 0.001612
-2.123988 -6.800683 0.001612
-2.014830 -6.909841 0.001612
-1.859843 -6.909841 0.001612
-1.704856 -6.909841 0.001612
-1.549869 -6.909841 0.001612
-1.394882 -6.909841 0.001612
-1.239895 -6.909841 0.001612
-1.084908 -6.909841 0.001612
-0.929921 -6.909841 0.001612
-0.774935 -6.909841 0.001612
-0.619948 -6.909841 0.001612
-0.464961 -6.909841 0.001612
-0.309974 -6.909841 0.001612
-0.154987 -6.909841 0.001612
0.000000 -6.909841 0.001612
0.154987 -6.909841 0.001612
0.309974 -6.909841 0.001612
0.464961 -6.909841 0.001612
0.619948 -6.909841 0.001612
0.774935 -6.909841 0.001612
0.929921 -6.909841 0.001612
1.084908 -6.909841 0.001612
1.239895 -6.909841 0.001612
1.394882 -6.909841 0.001612
1.549869 -6.909841 0.001612
1.704856 -6.909841 0.001612
1.859843 -6.909841 0.001612
2.014830 -6.909841 0.001612
2.123988 -6.800683 0.001612
2.233147 -6.691524 0.001612
2.342305 -6.582366 0.001612
2.451464 -6.473207 0.001612
2.560622 -6.364049 0.001612
2.669781 -6.254890 0.001612
2.778939 -6.145732 0.001612
2.888098 -6.036573 0.001612
2.997256 -5.927415 0.001612
3.106415 -5.818256 0.001612
3.215573 -5.709098 0.001612
3.324732 -5.599939 0.001612
3.433890 -5.490781 0.001612
3.543049 -5.381622 0.001612
3.652207 -5.272464 0.001612
3.761366 -5.163305 0.001612
3.870524 -5.054147 0.001612
3.979683 -4.944988 0.001612
3.979683 -4.792835 0.001612
3.979683 -4.640681 0.001612
3.979683 -4.488528 0.001612
3.979683 -4.336374 0.001612
3.979683 -4.184221 0.001612
3.979683 -4.032068 0.001612
3.979683 -3.879914 0.001612
3.979683 -3.727761 0.001612
3.979683 -3.575607 0.001612
3.979683 -3.423454 0.001612
3.979683 -3.271300 0.001612
3.979683 -3.119147 0.001612
3.979683 -2.966993 0.001612
3.979683 -2.814840 0.001612
3.979683 -2.662686 0.001612
3.979683 -2.510533 0.001612
3.979683 -2.358379 0.001612
3.979683 -2.206226 0.001612
3.979683 -2.054072 0.001612
3.979683 -1.901919 0.001612
3.979683 -1.749765 0.001612
3.979683 -1.597612 0.001612
3.979683 -1.445458 0.001612
3.979683 -1.293305 0.001612
3.979683 -1.141151 0.001612
3.979683 -0.988998 0.001612
3.979683 -0.836844 0.001612
3.979683 -0.684691 0.001612
3.979683 -0.532537 0.001612
3.979683 -0.380384 0.001612
3.979683 -0.228230 0.001612
3.979683 -0.076077 0.001612
3.979683 0.076077 0.001612
3.979683 0.228230 0.001612
3.979683 0.380384 0.001612
3.979683 0.532537 0.001612
3.979683 0.684691 0.001612
3.979683 0.836844 0.001612
3.979683 0.988998 0.001612
3.979683 1.141151 0.001612
3.979683 1.293305 0.001612
3.979683 1.445458 0.001612
3.979683 1.597612 0.001612
3.979683 1.749765 0.001612
3.979683 1.901919 0.001612
3.979683 2.054072 0.001612
3.979683 2.206226 0.001612
3.979683 2.358379 0.001612
3.979683 2.510533 0.001612
3.979683 2.662686 0.001612
3.979683 2.814840 0.001612
3.979683 2.966993 0.001612
3.979683 3.119147 0.001612
3.979683 3.271300 0.001612
3.979683 3.423454 0.001612
3.979683 3.575607 0.001612
3.979683 3.727761 0.001612
3.979683 3.879914 0.001612
3.979683 4.032068 0.001612
3.979683 4.184221 0.001612
3.979683 4.336374 0.001612
3.979683 4.488528 0.001612
3.979683 4.640681 0.001612
3.979683 4.792835 0.001612
2.499683 4.394694 0.000804
2.380376 4.514001 0.000804
2.261069 4.633308 0.000804
2.141762 4.752614 0.000804
2.022456 4.871921 0.000804
1.903149 4.991228 0.000804
1.783842 5.110535 0.000804
1.664535 5.229841 0.000804
1.513214 5.229841 0.000804
1.361893 5.229841 0.000804
1.210571 5.229841 0.000804
1.059250 5.229841 0.000804
0.907928 5.229841 0.000804
0.756607 5.229841 0.000804
0.605286 5.229841 0.000804
0.453964 5.229841 0.000804
0.302643 5.229841 0.000804
0.151321 5.229841 0.000804
0.000000 5.229841 0.000804
-0.151321 5.229841 0.000804
-0.302643 5.229841 0.000804
-0.453964 5.229841 0.000804
-0.605286 5.229841 0.000804
-0.756607 5.229841 0.000804
-0.907928 5.229841 0.000804
-1.059250 5.229841 0.000804
-1.210571 5.229841 0.000804
-1.361893 5.229841 0.000804
-1.513214 5.229841 0.000804
-1.664535 5.229841 0.000804
-1.783842 5.110535 0.000804
-1.903149 4.991228 0.000804
-2.022456 4.871921 0.000804
-2.141762 4.752614 0.000804
-2.261069 4.633308 0.000804
-2.380376 4.514001 0.000804
-2.499683 4.394694 0.000804
-2.499683 4.243153 0.000804
-2.499683 4.091612 0.000804
-2.499683 3.940071 0.000804
-2.499683 3.788529 0.000804
-2.499683 3.636988 0.000804
-2.499683 3.485447 0.000804
-2.499683 3.333906 0.000804
-2.499683 3.182365 0.000804
-2.499683 3.030824 0.000804
-2.499683 2.879282 0.000804
-2.499683 2.727741 0.000804
-2.499683 2.576200 0.000804
-2.499683 2.424659 0.000804
-2.499683 2.273118 0.000804
-2.499683 2.121576 0.000804
-2.499683 1.970035 0.000804
-2.499683 1.818494 0.000804
-2.499683 1.666953 0.000804
-2.499683 1.515412 0.000804
-2.499683 1.363871 0.000804
-2.499683 1.212329 0.000804
-2.499683 1.060788 0.000804
-2.499683 0.909247 0.000804
-2.499683 0.757706 0.000804
-2.499683 0.606165 0.000804
-2.499683 0.454624 0.000804
-2.499683 0.303082 0.000804
-2.499683 0.151541 0.000804
-2.499683 0.000000 0.000804
-2.499683 -0.151541 0.000804
-2.499683 -0.303082 0.000804
-2.499683 -0.454624 0.000804
-2.499683 -0.606165 0.000804
-2.499683 -0.757706 0.000804
-2.499683 -0.909247 0.000804
-2.499683 -1.060788 0.000804
-2.499683 -1.212329 0.000804
-2.499683 -1.363871 0.000804
-2.499683 -1.515412 0.000804
-2.499683 -1.666953 0.000804
-2.499683 -1.818494 0.000804
-2.499683 -1.970035 0.000804
-2.499683 -2.121576 0.000804
-2.499683 -2.273118 0.000804
-2.499683 -2.424659 0.000804
-2.499683 -2.576200 0.000804
-2.499683 -2.727741 0.000804
-2.499683 -2.879282 0.000804
-2.499683 -3.030824 0.000804
-2.499683 -3.182365 0.000804
-2.499683 -3.333906 0.000804
-2.499683 -3.485447 0.000804
-2.499683 -3.636988 0.000804
-2.499683 -3.788529 0.000804
-2.499683 -3.940071 0.000804
-2.499683 -4.091612 0.000804
-2.499683 -4.243153 0.000804
-2.499683 -4.394694 0.000804
-2.380376 -4.514001 0.000804
-2.261069 -4.633308 0.000804
-2.141762 -4.752614 0.000804
-2.022456 -4.871921 0.000804
-1.903149 -4.991228 0.000804
-1.783842 -5.110535 0.000804
-1.664535 -5.229841 0.000804
-1.513214 -5.229841 0.000804
-1.361893 -5.229841 0.000804
-1.210571 -5.229841 0.000804
-1.059250 -5.229841 0.000804
-0.907928 -5.229841 0.000804
-0.756607 -5.229841 0.000804
-0.605286 -5.229841 0.000804
-0.453964 -5.229841 0.000804
-0.302643 -5.229841 0.000804
-0.151321 -5.229841 0.000804
0.000000 -5.229841 0.000804
0.151321 -5.229841 0.000804
0.302643 -5.229841 0.000804
0.453964 -5.229841 0.000804
0.605286 -5.229841 0.000804
0.756607 -5.229841 0.000804
0.907928 -5.229841 0.000804
1.059250 -5.229841 0.000804
1.210571 -5.229841 0.000804
1.361893 -5.229841 0.000804
1.513214 -5.229841 0.000804
1.664535 -5.229841 0.000804
1.783842 -5.110535 0.000804
1.903149 -4.991228 0.000804
2.022456 -4.871921 0.000804
2.141762 -4.752614 0.000804
2.261069 -4.633308 0.000804
2.380376 -4.514001 0.000804
2.499683 -4.394694 0.000804
2.499683 -4.243153 0.000804
2.499683 -4.091612 0.000804
2.499683 -3.940071 0.000804
2.499683 -3.788529 0.000804
2.499683 -3.636988 0.000804
2.499683 -3.485447 0.000804
2.499683 -3.333906 0.000804
2.499683 -3.182365 0.000804
2.499683 -3.030824 0.000804
2.499683 -2.879282 0.000804
2.499683 -2.727741 0.000804
2.499683 -2.576200 0.000804
2.499683 -2.424659 0.000804
2.499683 -2.273118 0.000804
2.499683 -2.121576 0.000804
2.499683 -1.970035 0.000804
2.499683 -1.818494 0.000804
2.499683 -1.666953 0.000804
2.499683 -1.515412 0.000804
2.499683 -1.363871 0.000804
2.499683 -1.212329 0.000804
2.499683 -1.060788 0.000804
2.499683 -0.909247 0.000804
2.499683 -0.757706 0.000804
2.499683 -0.606165 0.000804
2.499683 -0.454624 0.000804
2.499683 -0.303082 0.000804
2.499683 -0.151541 0.000804
2.499683 0.000000 0.000804
2.499683 0.151541 0.000804
2.499683 0.303082 0.000804
2.499683 0.454624 0.000804
2.499683 0.606165 0.000804
2.499683 0.757706 0.000804
2.499683 0.909247 0.000804
2.499683 1.060788 0.000804
2.499683 1.212329 0.000804
2.499683 1.363871 0.000804
2.499683 1.515412 0.000804
2.499683 1.666953 0.000804
2.499683 1.818494 0.000804
2.499683 1.970035 0.000804
2.499683 2.121576 0.000804
2.499683 2.273118 0.000804
2.499683 2.424659 0.000804
2.499683 2.576200 0.000804
2.499683 2.727741 0.000804
2.499683 2.879282 0.000804
2.499683 3.030824 0.000804
2.499683 3.182365 0.000804
2.499683 3.333906 0.000804
2.499683 3.485447 0.000804
2.499683 3.636988 0.000804
2.499683 3.788529 0.000804
2.499683 3.940071 0.000804
2.499683 4.091612 0.000804
2.499683 4.243153 0.000804
