3.995556 5.002925 0.001612
3.886397 5.112083 0.001612
3.777239 5.221242 0.001612
3.668080 5.330400 0.001612
3.558922 5.439559 0.001612
3.449763 5.548717 0.001612
3.340605 5.657876 0.001612
3.231446 5.767034 0.001612
3.122288 5.876193 0.001612
3.013129 5.985351 0.001612
2.903971 6.094510 0.001612
2.794812 6.203668 0.001612
2.685654 6.312827 0.001612
2.576495 6.421985 0.001612
2.467337 6.531144 0.001612
2.358178 6.640302 0.001612
2.249020 6.749461 0.001612
2.139861 6.858619 0.001612
2.030703 6.967778 0.001612
1.880280 6.967778 0.001612
1.729858 6.967778 0.001612
1.579435 6.967778 0.001612
1.429013 6.967778 0.001612
1.278591 6.967778 0.001612
1.128168 6.967778 0.001612
0.977746 6.967778 0.001612
0.827323 6.967778 0.001612
0.676901 6.967778 0.001612
0.526478 6.967778 0.001612
0.376056 6.967778 0.001612
0.225634 6.967778 0.001612
0.075211 6.967778 0.001612
-0.075211 6.967778 0.001612
-0.225634 6.967778 0.001612
-0.376056 6.967778 0.001612
-0.526478 6.967778 0.001612
-0.676901 6.967778 0.001612
-0.827323 6.967778 0.001612
-0.977746 6.967778 0.001612
-1.128168 6.967778 0.001612
-1.278591 6.967778 0.001612
-1.429013 6.967778 0.001612
-1.579435 6.967778 0.001612
-1.729858 6.967778 0.001612
-1.880280 6.967778 0.001612
-2.030703 6.967778 0.001612
-2.139861 6.858619 0.001612
-2.249020 6.749461 0.001612
-2.358178 6.640302 0.001612
-2.467337 6.531144 0.001612
-2.576495 6.421985 0.001612
-2.685654 6.312827 0.001612
-2.794812 6.203668 0.001612
-2.903971 6.094510 0.001612
-3.013129 5.985351 0.001612
-3.122288 5.876193 0.001612
-3.231446 5.767034 0.001612
-3.340605 5.657876 0.001612
-3.449763 5.548717 0.001612
-3.558922 5.439559 0.001612
-3.668080 5.330400 0.001612
-3.777239 5.221242 0.001612
-3.886397 5.112083 0.001612
-3.995556 5.002925 0.001612
-3.995556 4.851321 0.001612
-3.995556 4.699717 0.001612
-3.995556 4.548114 0.001612
-3.995556 4.396510 0.001612
-3.995556 4.244906 0.001612
-3.995556 4.093302 0.001612
-3.995556 3.941698 0.001612
-3.995556 3.790095 0.001612
-3.995556 3.638491 0.001612
-3.995556 3.486887 0.001612
-3.995556 3.335283 0.001612
-3.995556 3.183680 0.001612
-3.995556 3.032076 0.001612
-3.995556 2.880472 0.001612
-3.995556 2.728868 0.001612
-3.995556 2.577264 0.001612
-3.995556 2.425661 0.001612
-3.995556 2.274057 0.001612
-3.995556 2.122453 0.001612
-3.995556 1.970849 0.001612
-3.995556 1.819245 0.001612
-3.995556 1.667642 0.001612
-3.995556 1.516038 0.001612
-3.995556 1.364434 0.001612
-3.995556 1.212830 0.001612
-3.995556 1.061227 0.001612
-3.995556 0.909623 0.001612
-3.995556 0.758019 0.001612
-3.995556 0.606415 0.001612
-3.995556 0.454811 0.001612
-3.995556 0.303208 0.001612
-3.995556 0.151604 0.001612
-3.995556 0.000000 0.001612
-3.995556 -0.151604 0.001612
-3.995556 -0.303208 0.001612
-3.995556 -0.454811 0.001612
-3.995556 -0.606415 0.001612
-3.995556 -0.758019 0.001612
-3.995556 -0.909623 0.001612
-3.995556 -1.061227 0.001612
-3.995556 -1.212830 0.001612
-3.995556 -1.364434 0.001612
-3.995556 -1.516038 0.001612
-3.995556 -1.667642 0.001612
-3.995556 -1.819245 0.001612
-3.995556 -1.970849 0.001612
-3.995556 -2.122453 0.001612
-3.995556 -2.274057 0.001612
-3.995556 -2.425661 0.001612
-3.995556 -2.577264 0.001612
-3.995556 -2.728868 0.001612
-3.995556 -2.880472 0.001612
-3.995556 -3.032076 0.001612
-3.995556 -3.183680 0.001612
-3.995556 -3.335283 0.001612
-3.995556 -3.486887 0.001612
-3.995556 -3.638491 0.001612
-3.995556 -3.790095 0.001612
-3.995556 -3.941698 0.001612
-3.995556 -4.093302 0.001612
-3.995556 -4.244906 0.001612
-3.995556 -4.396510 0.001612
-3.995556 -4.548114 0.001612
-3.995556 -4.699717 0.001612
-3.995556 -4.851321 0.001612
-3.995556 -5.002925 0.001612
-3.886397 -5.112083 0.001612
-3.777239 -5.221242 0.001612
-3.668080 -5.330400 0.001612
-3.558922 -5.439559 0.001612
-3.449763 -5.548717 0.001612
-3.340605 -5.657876 0.001612
-3.231446 -5.767034 0.001612
-3.122288 -5.876193 0.001612
-3.013129 -5.985351 0.001612
-2.903971 -6.094510 0.001612
-2.794812 -6.203668 0.001612
-2.685654 -6.312827 0.001612
-2.576495 -6.421985 0.001612
-2.467337 -6.531144 0.001612
-2.358178 -6.640302 0.001612
-2.249020 -6.749461 0.001612
-2.139861 -6.858619 0.001612
-2.030703 -6.967778 0.001612
-1.880280 -6.967778 0.001612
-1.729858 -6.967778 0.001612
-1.579435 -6.967778 0.001612
-1.429013 -6.967778 0.001612
-1.278591 -6.967778 0.001612
-1.128168 -6.967778 0.001612
-0.977746 -6.967778 0.001612
-0.827323 -6.967778 0.001612
-0.676901 -6.967778 0.001612
-0.526478 -6.967778 0.001612
-0.376056 -6.967778 0.001612
-0.225634 -6.967778 0.001612
-0.075211 -6.967778 0.001612
0.075211 -6.967778 0.001612
0.225634 -6.967778 0.001612
0.376056 -6.967778 0.001612
0.526478 -6.967778 0.001612
0.676901 -6.967778 0.001612
0.827323 -6.967778 0.001612
0.977746 -6.967778 0.001612
1.128168 -6.967778 0.001612
1.278591 -6.967778 0.001612
1.429013 -6.967778 0.001612
1.579435 -6.967778 0.001612
1.729858 -6.967778 0.001612
1.880280 -6.967778 0.001612
2.030703 -6.967778 0.001612
2.139861 -6.858619 0.001612
2.249020 -6.749461 0.001612
2.358178 -6.640302 0.001612
2.467337 -6.531144 0.001612
2.576495 -6.421985 0.001612
2.685654 -6.312827 0.001612
2.794812 -6.203668 0.001612
2.903971 -6.094510 0.001612
3.013129 -5.985351 0.001612
3.122288 -5.876193 0.001612
3.231446 -5.767034 0.001612
3.340605 -5.657876 0.001612
3.449763 -5.548717 0.001612
3.558922 -5.439559 0.001612
3.668080 -5.330400 0.001612
3.777239 -5.221242 0.001612
3.886397 -5.112083 0.001612
3.995556 -5.002925 0.001612
3.995556 -4.851321 0.001612
3.995556 -4.699717 0.001612
3.995556 -4.548114 0.001612
3.995556 -4.396510 0.001612
3.995556 -4.244906 0.001612
3.995556 -4.093302 0.001612
3.995556 -3.941698 0.001612
3.995556 -3.790095 0.001612
3.995556 -3.638491 0.001612
3.995556 -3.486887 0.001612
3.995556 -3.335283 0.001612
3.995556 -3.183680 0.001612
3.995556 -3.032076 0.001612
3.995556 -2.880472 0.001612
3.995556 -2.728868 0.001612
3.995556 -2.577264 0.001612
3.995556 -2.425661 0.001612
3.995556 -2.274057 0.001612
3.995556 -2.122453 0.001612
3.995556 -1.970849 0.001612
3.995556 -1.819245 0.001612
3.995556 -1.667642 0.001612
3.995556 -1.516038 0.001612
3.995556 -1.364434 0.001612
3.995556 -1.212830 0.001612
3.995556 -1.061227 0.001612
3.995556 -0.909623 0.001612
3.995556 -0.758019 0.001612
3.995556 -0.606415 0.001612
3.995556 -0.454811 0.001612
3.995556 -0.303208 0.001612
3.995556 -0.151604 0.001612
3.995556 0.000000 0.001612
3.995556 0.151604 0.001612
3.995556 0.303208 0.001612
3.995556 0.454811 0.001612
3.995556 0.606415 0.001612
3.995556 0.758019 0.001612
3.995556 0.909623 0.001612
3.995556 1.061227 0.001612
3.995556 1.212830 0.001612
3.995556 1.364434 0.001612
3.995556 1.516038 0.001612
3.995556 1.667642 0.001612
3.995556 1.819245 0.001612
3.995556 1.970849 0.001612
3.995556 2.122453 0.001612
3.995556 2.274057 0.001612
3.995556 2.425661 0.001612
3.995556 2.577264 0.001612
3.995556 2.728868 0.001612
3.995556 2.880472 0.001612
3.995556 3.032076 0.001612
3.995556 3.183680 0.001612
3.995556 3.335283 0.001612
3.995556 3.486887 0.001612
3.995556 3.638491 0.001612
3.995556 3.790095 0.001612
3.995556 3.941698 0.001612
3.995556 4.093302 0.001612
3.995556 4.244906 0.001612
3.995556 4.396510 0.001612
3.995556 4.548114 0.001612
3.995556 4.699717 0.001612
3.995556 4.851321 0.001612
2.515556 4.452631 0.000804
2.396249 4.571937 0.000804
2.276942 4.691244 0.000804
2.157635 4.810551 0.000804
2.038329 4.929858 0.000804
1.919022 5.049164 0.000804
1.799715 5.168471 0.000804
1.680408 5.287778 0.000804
1.527644 5.287778 0.000804
1.374880 5.287778 0.000804
1.222115 5.287778 0.000804
1.069351 5.287778 0.000804
0.916586 5.287778 0.000804
0.763822 5.287778 0.000804
0.611058 5.287778 0.000804
0.458293 5.287778 0.000804
0.305529 5.287778 0.000804
0.152764 5.287778 0.000804
0.000000 5.287778 0.000804
-0.152764 5.287778 0.000804
-0.305529 5.287778 0.000804
-0.458293 5.287778 0.000804
-0.611058 5.287778 0.000804
-0.763822 5.287778 0.000804
-0.916586 5.287778 0.000804
-1.069351 5.287778 0.000804
-1.222115 5.287778 0.000804
-1.374880 5.287778 0.000804
-1.527644 5.287778 0.000804
-1.680408 5.287778 0.000804
-1.799715 5.168471 0.000804
-1.919022 5.049164 0.000804
-2.038329 4.929858 0.000804
-2.157635 4.810551 0.000804
-2.276942 4.691244 0.000804
-2.396249 4.571937 0.000804
-2.515556 4.452631 0.000804
-2.515556 4.301694 0.000804
-2.515556 4.150757 0.000804
-2.515556 3.999821 0.000804
-2.515556 3.848884 0.000804
-2.515556 3.697947 0.000804
-2.515556 3.547011 0.000804
-2.515556 3.396074 0.000804
-2.515556 3.245138 0.000804
-2.515556 3.094201 0.000804
-2.515556 2.943264 0.000804
-2.515556 2.792328 0.000804
-2.515556 2.641391 0.000804
-2.515556 2.490454 0.000804
-2.515556 2.339518 0.000804
-2.515556 2.188581 0.000804
-2.515556 2.037645 0.000804
-2.515556 1.886708 0.000804
-2.515556 1.735771 0.000804
-2.515556 1.584835 0.000804
-2.515556 1.433898 0.000804
-2.515556 1.282961 0.000804
-2.515556 1.132025 0.000804
-2.515556 0.981088 0.000804
-2.515556 0.830151 0.000804
-2.515556 0.679215 0.000804
-2.515556 0.528278 0.000804
-2.515556 0.377342 0.000804
-2.515556 0.226405 0.000804
-2.515556 0.075468 0.000804
-2.515556 -0.075468 0.000804
-2.515556 -0.226405 0.000804
-2.515556 -0.377342 0.000804
-2.515556 -0.528278 0.000804
-2.515556 -0.679215 0.000804
-2.515556 -0.830151 0.000804
-2.515556 -0.981088 0.000804
-2.515556 -1.132025 0.000804
-2.515556 -1.282961 0.000804
-2.515556 -1.433898 0.000804
-2.515556 -1.584835 0.000804
-2.515556 -1.735771 0.000804
-2.515556 -1.886708 0.000804
-2.515556 -2.037645 0.000804
-2.515556 -2.188581 0.000804
-2.515556 -2.339518 0.000804
-2.515556 -2.490454 0.000804
-2.515556 -2.641391 0.000804
-2.515556 -2.792328 0.000804
-2.515556 -2.943264 0.000804
-2.515556 -3.094201 0.000804
-2.515556 -3.245138 0.000804
-2.515556 -3.396074 0.000804
-2.515556 -3.547011 0.000804
-2.515556 -3.697947 0.000804
-2.515556 -3.848884 0.000804
-2.515556 -3.999821 0.000804
-2.515556 -4.150757 0.000804
-2.515556 -4.301694 0.000804
-2.515556 -4.452631 0.000804
-2.396249 -4.571937 0.000804
-2.276942 -4.691244 0.000804
-2.157635 -4.810551 0.000804
-2.038329 -4.929858 0.000804
-1.919022 -5.049164 0.000804
-1.799715 -5.168471 0.000804
-1.680408 -5.287778 0.000804
-1.527644 -5.287778 0.000804
-1.374880 -5.287778 0.000804
-1.222115 -5.287778 0.000804
-1.069351 -5.287778 0.000804
-0.916586 -5.287778 0.000804
-0.763822 -5.287778 0.000804
-0.611058 -5.287778 0.000804
-0.458293 -5.287778 0.000804
-0.305529 -5.287778 0.000804
-0.152764 -5.287778 0.000804
0.000000 -5.287778 0.000804
0.152764 -5.287778 0.000804
0.305529 -5.287778 0.000804
0.458293 -5.287778 0.000804
0.611058 -5.287778 0.000804
0.763822 -5.287778 0.000804
0.916586 -5.287778 0.000804
1.069351 -5.287778 0.000804
1.222115 -5.287778 0.000804
1.374880 -5.287778 0.000804
1.527644 -5.287778 0.000804
1.680408 -5.287778 0.000804
1.799715 -5.168471 0.000804
1.919022 -5.049164 0.000804
2.038329 -4.929858 0.000804
2.157635 -4.810551 0.000804
2.276942 -4.691244 0.000804
2.396249 -4.571937 0.000804
2.515556 -4.452631 0.000804
2.515556 -4.301694 0.000804
2.515556 -4.150757 0.000804
2.515556 -3.999821 0.000804
2.515556 -3.848884 0.000804
2.515556 -3.697947 0.000804
2.515556 -3.547011 0.000804
2.515556 -3.396074 0.000804
2.515556 -3.245138 0.000804
2.515556 -3.094201 0.000804
2.515556 -2.943264 0.000804
2.515556 -2.792328 0.000804
2.515556 -2.641391 0.000804
2.515556 -2.490454 0.000804
2.515556 -2.339518 0.000804
2.515556 -2.188581 0.000804
2.515556 -2.037645 0.000804
2.515556 -1.886708 0.000804
2.515556 -1.735771 0.000804
2.515556 -1.584835 0.000804
2.515556 -1.433898 0.000804
2.515556 -1.282961 0.000804
2.515556 -1.132025 0.000804
2.515556 -0.981088 0.000804
2.515556 -0.830151 0.000804
2.515556 -0.679215 0.000804
2.515556 -0.528278 0.000804
2.515556 -0.377342 0.000804
2.515556 -0.226405 0.000804
2.515556 -0.075468 0.000804
2.515556 0.075468 0.000804
2.515556 0.226405 0.000804
2.515556 0.377342 0.000804
2.515556 0.528278 0.000804
2.515556 0.679215 0.000804
2.515556 0.830151 0.000804
2.515556 0.981088 0.000804
2.515556 1.132025 0.000804
2.515556 1.282961 0.000804
2.515556 1.433898 0.000804
2.515556 1.584835 0.000804
2.515556 1.735771 0.000804
2.515556 1.886708 0.000804
2.515556 2.037645 0.000804
2.515556 2.188581 0.000804
2.515556 2.339518 0.000804
2.515556 2.490454 0.000804
2.515556 2.641391 0.000804
2.515556 2.792328 0.000804
2.515556 2.943264 0.000804
2.515556 3.094201 0.000804
2.515556 3.245138 0.000804
2.515556 3.396074 0.000804
2.515556 3.547011 0.000804
2.515556 3.697947 0.000804
2.515556 3.848884 0.000804
2.515556 3.999821 0.000804
2.515556 4.150757 0.000804
2.515556 4.301694 0.000804
