3.883675 5.009613 0.018690
3.663405 5.229883 0.018690
3.443136 5.450152 0.018690
3.222866 5.670422 0.018690
3.002596 5.890692 0.018690
2.782327 6.110961 0.018690
2.562057 6.331231 0.018690
2.341788 6.551500 0.018690
2.121518 6.771770 0.018690
1.856661 6.881905 0.018567
1.547218 6.881905 0.018567
1.237774 6.881905 0.018567
0.928331 6.881905 0.018567
0.618887 6.881905 0.018567
0.309444 6.881905 0.018567
0.000000 6.881905 0.018567
-0.309444 6.881905 0.018567
-0.618887 6.881905 0.018567
-0.928331 6.881905 0.018567
-1.237774 6.881905 0.018567
-1.547218 6.881905 0.018567
-1.856661 6.881905 0.018567
-2.121518 6.771770 0.018690
-2.341788 6.551500 0.018690
-2.562057 6.331231 0.018690
-2.782327 6.110961 0.018690
-3.002596 5.890692 0.018690
-3.222866 5.670422 0.018690
-3.443136 5.450152 0.018690
-3.663405 5.229883 0.018690
-3.883675 5.009613 0.018690
-3.993810 4.746370 0.018373
-3.993810 4.440152 0.018373
-3.993810 4.133935 0.018373
-3.993810 3.827717 0.018373
-3.993810 3.521500 0.018373
-3.993810 3.215283 0.018373
-3.993810 2.909065 0.018373
-3.993810 2.602848 0.018373
-3.993810 2.296630 0.018373
-3.993810 1.990413 0.018373
-3.993810 1.684196 0.018373
-3.993810 1.377978 0.018373
-3.993810 1.071761 0.018373
-3.993810 0.765543 0.018373
-3.993810 0.459326 0.018373
-3.993810 0.153109 0.018373
-3.993810 -0.153109 0.018373
-3.993810 -0.459326 0.018373
-3.993810 -0.765543 0.018373
-3.993810 -1.071761 0.018373
-3.993810 -1.377978 0.018373
-3.993810 -1.684196 0.018373
-3.993810 -1.990413 0.018373
-3.993810 -2.296630 0.018373
-3.993810 -2.602848 0.018373
-3.993810 -2.909065 0.018373
-3.993810 -3.215283 0.018373
-3.993810 -3.521500 0.018373
-3.993810 -3.827717 0.018373
-3.993810 -4.133935 0.018373
-3.993810 -4.440152 0.018373
-3.993810 -4.746370 0.018373
-3.883675 -5.009613 0.018690
-3.663405 -5.229883 0.018690
-3.443136 -5.450152 0.018690
-3.222866 -5.670422 0.018690
-3.002596 -5.890692 0.018690
-2.782327 -6.110961 0.018690
-2.562057 -6.331231 0.018690
-2.341788 -6.551500 0.018690
-2.121518 -6.771770 0.018690
-1.856661 -6.881905 0.018567
-1.547218 -6.881905 0.018567
-1.237774 -6.881905 0.018567
-0.928331 -6.881905 0.018567
-0.618887 -6.881905 0.018567
-0.309444 -6.881905 0.018567
0.000000 -6.881905 0.018567
0.309444 -6.881905 0.018567
0.618887 -6.881905 0.018567
0.928331 -6.881905 0.018567
1.237774 -6.881905 0.018567
1.547218 -6.881905 0.018567
1.856661 -6.881905 0.018567
2.121518 -6.771770 0.018690
2.341788 -6.551500 0.018690
2.562057 -6.331231 0.018690
2.782327 -6.110961 0.018690
3.002596 -5.890692 0.018690
3.222866 -5.670422 0.018690
3.443136 -5.450152 0.018690
3.663405 -5.229883 0.018690
3.883675 -5.009613 0.018690
3.993810 -4.746370 0.018373
3.993810 -4.440152 0.018373
3.993810 -4.133935 0.018373
3.993810 -3.827717 0.018373
3.993810 -3.521500 0.018373
3.993810 -3.215283 0.018373
3.993810 -2.909065 0.018373
3.993810 -2.602848 0.018373
3.993810 -2.296630 0.018373
3.993810 -1.990413 0.018373
3.993810 -1.684196 0.018373
3.993810 -1.377978 0.018373
3.993810 -1.071761 0.018373
3.993810 -0.765543 0.018373
3.993810 -0.459326 0.018373
3.993810 -0.153109 0.018373
3.993810 0.153109 0.018373
3.993810 0.459326 0.018373
3.993810 0.765543 0.018373
3.993810 1.071761 0.018373
3.993810 1.377978 0.018373
3.993810 1.684196 0.018373
3.993810 1.990413 0.018373
3.993810 2.296630 0.018373
3.993810 2.602848 0.018373
3.993810 2.909065 0.018373
3.993810 3.215283 0.018373
3.993810 3.521500 0.018373
3.993810 3.827717 0.018373
3.993810 4.133935 0.018373
3.993810 4.440152 0.018373
3.993810 4.746370 0.018373
2.317547 4.460593 0.023124
2.045023 4.733118 0.023124
1.772498 5.005642 0.023124
1.472612 5.141905 0.019635
1.145365 5.141905 0.019635
0.818118 5.141905 0.019635
0.490871 5.141905 0.019635
0.163624 5.141905 0.019635
-0.163624 5.141905 0.019635
-0.490871 5.141905 0.019635
-0.818118 5.141905 0.019635
-1.145365 5.141905 0.019635
-1.472612 5.141905 0.019635
-1.772498 5.005642 0.023124
-2.045023 4.733118 0.023124
-2.317547 4.460593 0.023124
-2.453810 4.169891 0.018533
-2.453810 3.861010 0.018533
-2.453810 3.552129 0.018533
-2.453810 3.243248 0.018533
-2.453810 2.934368 0.018533
-2.453810 2.625487 0.018533
-2.453810 2.316606 0.018533
-2.453810 2.007725 0.018533
-2.453810 1.698844 0.018533
-2.453810 1.389964 0.018533
-2.453810 1.081083 0.018533
-2.453810 0.772202 0.018533
-2.453810 0.463321 0.018533
-2.453810 0.154440 0.018533
-2.453810 -0.154440 0.018533
-2.453810 -0.463321 0.018533
-2.453810 -0.772202 0.018533
-2.453810 -1.081083 0.018533
-2.453810 -1.389964 0.018533
-2.453810 -1.698844 0.018533
-2.453810 -2.007725 0.018533
-2.453810 -2.316606 0.018533
-2.453810 -2.625487 0.018533
-2.453810 -2.934368 0.018533
-2.453810 -3.243248 0.018533
-2.453810 -3.552129 0.018533
-2.453810 -3.861010 0.018533
-2.453810 -4.169891 0.018533
-2.317547 -4.460593 0.023124
-2.045023 -4.733118 0.023124
-1.772498 -5.005642 0.023124
-1.472612 -5.141905 0.019635
-1.145365 -5.141905 0.019635
-0.818118 -5.141905 0.019635
-0.490871 -5.141905 0.019635
-0.163624 -5.141905 0.019635
0.163624 -5.141905 0.019635
0.490871 -5.141905 0.019635
0.818118 -5.141905 0.019635
1.145365 -5.141905 0.019635
1.472612 -5.141905 0.019635
1.772498 -5.005642 0.023124
2.045023 -4.733118 0.023124
2.317547 -4.460593 0.023124
2.453810 -4.169891 0.018533
2.453810 -3.861010 0.018533
2.453810 -3.552129 0.018533
2.453810 -3.243248 0.018533
2.453810 -2.934368 0.018533
2.453810 -2.625487 0.018533
2.453810 -2.316606 0.018533
2.453810 -2.007725 0.018533
2.453810 -1.698844 0.018533
2.453810 -1.389964 0.018533
2.453810 -1.081083 0.018533
2.453810 -0.772202 0.018533
2.453810 -0.463321 0.018533
2.453810 -0.154440 0.018533
2.453810 0.154440 0.018533
2.453810 0.463321 0.018533
2.453810 0.772202 0.018533
2.453810 1.081083 0.018533
2.453810 1.389964 0.018533
2.453810 1.698844 0.018533
2.453810 2.007725 0.018533
2.453810 2.316606 0.018533
2.453810 2.625487 0.018533
2.453810 2.934368 0.018533
2.453810 3.243248 0.018533
2.453810 3.552129 0.018533
2.453810 3.861010 0.018533
2.453810 4.169891 0.018533
