3.805079 4.307687 0.001612
3.695921 4.416845 0.001612
3.586762 4.526004 0.001612
3.477604 4.635162 0.001612
3.368445 4.744321 0.001612
3.259287 4.853479 0.001612
3.150128 4.962638 0.001612
3.040970 5.071796 0.001612
2.931811 5.180955 0.001612
2.822653 5.290113 0.001612
2.713494 5.399272 0.001612
2.604336 5.508430 0.001612
2.495177 5.617589 0.001612
2.386019 5.726747 0.001612
2.276861 5.835906 0.001612
2.167702 5.945064 0.001612
2.058544 6.054223 0.001612
1.949385 6.163381 0.001612
1.840227 6.272540 0.001612
1.686874 6.272540 0.001612
1.533522 6.272540 0.001612
1.380170 6.272540 0.001612
1.226818 6.272540 0.001612
1.073465 6.272540 0.001612
0.920113 6.272540 0.001612
0.766761 6.272540 0.001612
0.613409 6.272540 0.001612
0.460057 6.272540 0.001612
0.306704 6.272540 0.001612
0.153352 6.272540 0.001612
0.000000 6.272540 0.001612
-0.153352 6.272540 0.001612
-0.306704 6.272540 0.001612
-0.460057 6.272540 0.001612
-0.613409 6.272540 0.001612
-0.766761 6.272540 0.001612
-0.920113 6.272540 0.001612
-1.073465 6.272540 0.001612
-1.226818 6.272540 0.001612
-1.380170 6.272540 0.001612
-1.533522 6.272540 0.001612
-1.686874 6.272540 0.001612
-1.840227 6.272540 0.001612
-1.949385 6.163381 0.001612
-2.058544 6.054223 0.001612
-2.167702 5.945064 0.001612
-2.276861 5.835906 0.001612
-2.386019 5.726747 0.001612
-2.495177 5.617589 0.001612
-2.604336 5.508430 0.001612
-2.713494 5.399272 0.001612
-2.822653 5.290113 0.001612
-2.931811 5.180955 0.001612
-3.040970 5.071796 0.001612
-3.150128 4.962638 0.001612
-3.259287 4.853479 0.001612
-3.368445 4.744321 0.001612
-3.477604 4.635162 0.001612
-3.586762 4.526004 0.001612
-3.695921 4.416845 0.001612
-3.805079 4.307687 0.001612
-3.805079 4.156540 0.001612
-3.805079 4.005393 0.001612
-3.805079 3.854246 0.001612
-3.805079 3.703099 0.001612
-3.805079 3.551952 0.001612
-3.805079 3.400805 0.001612
-3.805079 3.249659 0.001612
-3.805079 3.098512 0.001612
-3.805079 2.947365 0.001612
-3.805079 2.796218 0.001612
-3.805079 2.645071 0.001612
-3.805079 2.493924 0.001612
-3.805079 2.342777 0.001612
-3.805079 2.191630 0.001612
-3.805079 2.040483 0.001612
-3.805079 1.889336 0.001612
-3.805079 1.738189 0.001612
-3.805079 1.587043 0.001612
-3.805079 1.435896 0.001612
-3.805079 1.284749 0.001612
-3.805079 1.133602 0.001612
-3.805079 0.982455 0.001612
-3.805079 0.831308 0.001612
-3.805079 0.680161 0.001612
-3.805079 0.529014 0.001612
-3.805079 0.377867 0.001612
-3.805079 0.226720 0.001612
-3.805079 0.075573 0.001612
-3.805079 -0.075573 0.001612
-3.805079 -0.226720 0.001612
-3.805079 -0.377867 0.001612
-3.805079 -0.529014 0.001612
-3.805079 -0.680161 0.001612
-3.805079 -0.831308 0.001612
-3.805079 -0.982455 0.001612
-3.805079 -1.133602 0.001612
-3.805079 -1.284749 0.001612
-3.805079 -1.435896 0.001612
-3.805079 -1.587043 0.001612
-3.805079 -1.738189 0.001612
-3.805079 -1.889336 0.001612
-3.805079 -2.040483 0.001612
-3.805079 -2.191630 0.001612
-3.805079 -2.342777 0.001612
-3.805079 -2.493924 0.001612
-3.805079 -2.645071 0.001612
-3.805079 -2.796218 0.001612
-3.805079 -2.947365 0.001612
-3.805079 -3.098512 0.001612
-3.805079 -3.249659 0.001612
-3.805079 -3.400805 0.001612
-3.805079 -3.551952 0.001612
-3.805079 -3.703099 0.001612
-3.805079 -3.854246 0.001612
-3.805079 -4.005393 0.001612
-3.805079 -4.156540 0.001612
-3.805079 -4.307687 0.001612
-3.695921 -4.416845 0.001612
-3.586762 -4.526004 0.001612
-3.477604 -4.635162 0.001612
-3.368445 -4.744321 0.001612
-3.259287 -4.853479 0.001612
-3.150128 -4.962638 0.001612
-3.040970 -5.071796 0.001612
-2.931811 -5.180955 0.001612
-2.822653 -5.290113 0.001612
-2.713494 -5.399272 0.001612
-2.604336 -5.508430 0.001612
-2.495177 -5.617589 0.001612
-2.386019 -5.726747 0.001612
-2.276861 -5.835906 0.001612
-2.167702 -5.945064 0.001612
-2.058544 -6.054223 0.001612
-1.949385 -6.163381 0.001612
-1.840227 -6.272540 0.001612
-1.686874 -6.272540 0.001612
-1.533522 -6.272540 0.001612
-1.380170 -6.272540 0.001612
-1.226818 -6.272540 0.001612
-1.073465 -6.272540 0.001612
-0.920113 -6.272540 0.001612
-0.766761 -6.272540 0.001612
-0.613409 -6.272540 0.001612
-0.460057 -6.272540 0.001612
-0.306704 -6.272540 0.001612
-0.153352 -6.272540 0.001612
0.000000 -6.272540 0.001612
0.153352 -6.272540 0.001612
0.306704 -6.272540 0.001612
0.460057 -6.272540 0.001612
0.613409 -6.272540 0.001612
0.766761 -6.272540 0.001612
0.920113 -6.272540 0.001612
1.073465 -6.272540 0.001612
1.226818 -6.272540 0.001612
1.380170 -6.272540 0.001612
1.533522 -6.272540 0.001612
1.686874 -6.272540 0.001612
1.840227 -6.272540 0.001612
1.949385 -6.163381 0.001612
2.058544 -6.054223 0.001612
2.167702 -5.945064 0.001612
2.276861 -5.835906 0.001612
2.386019 -5.726747 0.001612
2.495177 -5.617589 0.001612
2.604336 -5.508430 0.001612
2.713494 -5.399272 0.001612
2.822653 -5.290113 0.001612
2.931811 -5.180955 0.001612
3.040970 -5.071796 0.001612
3.150128 -4.962638 0.001612
3.259287 -4.853479 0.001612
3.368445 -4.744321 0.001612
3.477604 -4.635162 0.001612
3.586762 -4.526004 0.001612
3.695921 -4.416845 0.001612
3.805079 -4.307687 0.001612
3.805079 -4.156540 0.001612
3.805079 -4.005393 0.001612
3.805079 -3.854246 0.001612
3.805079 -3.703099 0.001612
3.805079 -3.551952 0.001612
3.805079 -3.400805 0.001612
3.805079 -3.249659 0.001612
3.805079 -3.098512 0.001612
3.805079 -2.947365 0.001612
3.805079 -2.796218 0.001612
3.805079 -2.645071 0.001612
3.805079 -2.493924 0.001612
3.805079 -2.342777 0.001612
3.805079 -2.191630 0.001612
3.805079 -2.040483 0.001612
3.805079 -1.889336 0.001612
3.805079 -1.738189 0.001612
3.805079 -1.587043 0.001612
3.805079 -1.435896 0.001612
3.805079 -1.284749 0.001612
3.805079 -1.133602 0.001612
3.805079 -0.982455 0.001612
3.805079 -0.831308 0.001612
3.805079 -0.680161 0.001612
3.805079 -0.529014 0.001612
3.805079 -0.377867 0.001612
3.805079 -0.226720 0.001612
3.805079 -0.075573 0.001612
3.805079 0.075573 0.001612
3.805079 0.226720 0.001612
3.805079 0.377867 0.001612
3.805079 0.529014 0.001612
3.805079 0.680161 0.001612
3.805079 0.831308 0.001612
3.805079 0.982455 0.001612
3.805079 1.133602 0.001612
3.805079 1.284749 0.001612
3.805079 1.435896 0.001612
3.805079 1.587043 0.001612
3.805079 1.738189 0.001612
3.805079 1.889336 0.001612
3.805079 2.040483 0.001612
3.805079 2.191630 0.001612
3.805079 2.342777 0.001612
3.805079 2.493924 0.001612
3.805079 2.645071 0.001612
3.805079 2.796218 0.001612
3.805079 2.947365 0.001612
3.805079 3.098512 0.001612
3.805079 3.249659 0.001612
3.805079 3.400805 0.001612
3.805079 3.551952 0.001612
3.805079 3.703099 0.001612
3.805079 3.854246 0.001612
3.805079 4.005393 0.001612
3.805079 4.156540 0.001612
2.325079 3.757392 0.000804
2.205773 3.876699 0.000804
2.086466 3.996006 0.000804
1.967159 4.115313 0.000804
1.847852 4.234619 0.000804
1.728546 4.353926 0.000804
1.609239 4.473233 0.000804
1.489932 4.592540 0.000804
1.333097 4.592540 0.000804
1.176262 4.592540 0.000804
1.019427 4.592540 0.000804
0.862592 4.592540 0.000804
0.705757 4.592540 0.000804
0.548922 4.592540 0.000804
0.392087 4.592540 0.000804
0.235252 4.592540 0.000804
0.078417 4.592540 0.000804
-0.078417 4.592540 0.000804
-0.235252 4.592540 0.000804
-0.392087 4.592540 0.000804
-0.548922 4.592540 0.000804
-0.705757 4.592540 0.000804
-0.862592 4.592540 0.000804
-1.019427 4.592540 0.000804
-1.176262 4.592540 0.000804
-1.333097 4.592540 0.000804
-1.489932 4.592540 0.000804
-1.609239 4.473233 0.000804
-1.728546 4.353926 0.000804
-1.847852 4.234619 0.000804
-1.967159 4.115313 0.000804
-2.086466 3.996006 0.000804
-2.205773 3.876699 0.000804
-2.325079 3.757392 0.000804
-2.325079 3.607097 0.000804
-2.325079 3.456801 0.000804
-2.325079 3.306505 0.000804
-2.325079 3.156210 0.000804
-2.325079 3.005914 0.000804
-2.325079 2.855618 0.000804
-2.325079 2.705323 0.000804
-2.325079 2.555027 0.000804
-2.325079 2.404731 0.000804
-2.325079 2.254435 0.000804
-2.325079 2.104140 0.000804
-2.325079 1.953844 0.000804
-2.325079 1.803548 0.000804
-2.325079 1.653253 0.000804
-2.325079 1.502957 0.000804
-2.325079 1.352661 0.000804
-2.325079 1.202366 0.000804
-2.325079 1.052070 0.000804
-2.325079 0.901774 0.000804
-2.325079 0.751478 0.000804
-2.325079 0.601183 0.000804
-2.325079 0.450887 0.000804
-2.325079 0.300591 0.000804
-2.325079 0.150296 0.000804
-2.325079 0.000000 0.000804
-2.325079 -0.150296 0.000804
-2.325079 -0.300591 0.000804
-2.325079 -0.450887 0.000804
-2.325079 -0.601183 0.000804
-2.325079 -0.751478 0.000804
-2.325079 -0.901774 0.000804
-2.325079 -1.052070 0.000804
-2.325079 -1.202366 0.000804
-2.325079 -1.352661 0.000804
-2.325079 -1.502957 0.000804
-2.325079 -1.653253 0.000804
-2.325079 -1.803548 0.000804
-2.325079 -1.953844 0.000804
-2.325079 -2.104140 0.000804
-2.325079 -2.254435 0.000804
-2.325079 -2.404731 0.000804
-2.325079 -2.555027 0.000804
-2.325079 -2.705323 0.000804
-2.325079 -2.855618 0.000804
-2.325079 -3.005914 0.000804
-2.325079 -3.156210 0.000804
-2.325079 -3.306505 0.000804
-2.325079 -3.456801 0.000804
-2.325079 -3.607097 0.000804
-2.325079 -3.757392 0.000804
-2.205773 -3.876699 0.000804
-2.086466 -3.996006 0.000804
-1.967159 -4.115313 0.000804
-1.847852 -4.234619 0.000804
-1.728546 -4.353926 0.000804
-1.609239 -4.473233 0.000804
-1.489932 -4.592540 0.000804
-1.333097 -4.592540 0.000804
-1.176262 -4.592540 0.000804
-1.019427 -4.592540 0.000804
-0.862592 -4.592540 0.000804
-0.705757 -4.592540 0.000804
-0.548922 -4.592540 0.000804
-0.392087 -4.592540 0.000804
-0.235252 -4.592540 0.000804
-0.078417 -4.592540 0.000804
0.078417 -4.592540 0.000804
0.235252 -4.592540 0.000804
0.392087 -4.592540 0.000804
0.548922 -4.592540 0.000804
0.705757 -4.592540 0.000804
0.862592 -4.592540 0.000804
1.019427 -4.592540 0.000804
1.176262 -4.592540 0.000804
1.333097 -4.592540 0.000804
1.489932 -4.592540 0.000804
1.609239 -4.473233 0.000804
1.728546 -4.353926 0.000804
1.847852 -4.234619 0.000804
1.967159 -4.115313 0.000804
2.086466 -3.996006 0.000804
2.205773 -3.876699 0.000804
2.325079 -3.757392 0.000804
2.325079 -3.607097 0.000804
2.325079 -3.456801 0.000804
2.325079 -3.306505 0.000804
2.325079 -3.156210 0.000804
2.325079 -3.005914 0.000804
2.325079 -2.855618 0.000804
2.325079 -2.705323 0.000804
2.325079 -2.555027 0.000804
2.325079 -2.404731 0.000804
2.325079 -2.254435 0.000804
2.325079 -2.104140 0.000804
2.325079 -1.953844 0.000804
2.325079 -1.803548 0.000804
2.325079 -1.653253 0.000804
2.325079 -1.502957 0.000804
2.325079 -1.352661 0.000804
2.325079 -1.202366 0.000804
2.325079 -1.052070 0.000804
2.325079 -0.901774 0.000804
2.325079 -0.751478 0.000804
2.325079 -0.601183 0.000804
2.325079 -0.450887 0.000804
2.325079 -0.300591 0.000804
2.325079 -0.150296 0.000804
2.325079 0.000000 0.000804
2.325079 0.150296 0.000804
2.325079 0.300591 0.000804
2.325079 0.450887 0.000804
2.325079 0.601183 0.000804
2.325079 0.751478 0.000804
2.325079 0.901774 0.000804
2.325079 1.052070 0.000804
2.325079 1.202366 0.000804
2.325079 1.352661 0.000804
2.325079 1.502957 0.000804
2.325079 1.653253 0.000804
2.325079 1.803548 0.000804
2.325079 1.953844 0.000804
2.325079 2.104140 0.000804
2.325079 2.254435 0.000804
2.325079 2.404731 0.000804
2.325079 2.555027 0.000804
2.325079 2.705323 0.000804
2.325079 2.855618 0.000804
2.325079 3.005914 0.000804
2.325079 3.156210 0.000804
2.325079 3.306505 0.000804
2.325079 3.456801 0.000804
2.325079 3.607097 0.000804
