3.756691 4.546121 0.018690
3.536421 4.766391 0.018690
3.316151 4.986660 0.018690
3.095882 5.206930 0.018690
2.875612 5.427199 0.018690
2.655343 5.647469 0.018690
2.435073 5.867739 0.018690
2.214803 6.088008 0.018690
1.994534 6.308278 0.018690
1.727366 6.418413 0.018844
1.413299 6.418413 0.018844
1.099233 6.418413 0.018844
0.785166 6.418413 0.018844
0.471100 6.418413 0.018844
0.157033 6.418413 0.018844
-0.157033 6.418413 0.018844
-0.471100 6.418413 0.018844
-0.785166 6.418413 0.018844
-1.099233 6.418413 0.018844
-1.413299 6.418413 0.018844
-1.727366 6.418413 0.018844
-1.994534 6.308278 0.018690
-2.214803 6.088008 0.018690
-2.435073 5.867739 0.018690
-2.655343 5.647469 0.018690
-2.875612 5.427199 0.018690
-3.095882 5.206930 0.018690
-3.316151 4.986660 0.018690
-3.536421 4.766391 0.018690
-3.756691 4.546121 0.018690
-3.866825 4.283021 0.018356
-3.866825 3.977091 0.018356
-3.866825 3.671161 0.018356
-3.866825 3.365231 0.018356
-3.866825 3.059301 0.018356
-3.866825 2.753371 0.018356
-3.866825 2.447441 0.018356
-3.866825 2.141511 0.018356
-3.866825 1.835581 0.018356
-3.866825 1.529650 0.018356
-3.866825 1.223720 0.018356
-3.866825 0.917790 0.018356
-3.866825 0.611860 0.018356
-3.866825 0.305930 0.018356
-3.866825 0.000000 0.018356
-3.866825 -0.305930 0.018356
-3.866825 -0.611860 0.018356
-3.866825 -0.917790 0.018356
-3.866825 -1.223720 0.018356
-3.866825 -1.529650 0.018356
-3.866825 -1.835581 0.018356
-3.866825 -2.141511 0.018356
-3.866825 -2.447441 0.018356
-3.866825 -2.753371 0.018356
-3.866825 -3.059301 0.018356
-3.866825 -3.365231 0.018356
-3.866825 -3.671161 0.018356
-3.866825 -3.977091 0.018356
-3.866825 -4.283021 0.018356
-3.756691 -4.546121 0.018690
-3.536421 -4.766391 0.018690
-3.316151 -4.986660 0.018690
-3.095882 -5.206930 0.018690
-2.875612 -5.427199 0.018690
-2.655343 -5.647469 0.018690
-2.435073 -5.867739 0.018690
-2.214803 -6.088008 0.018690
-1.994534 -6.308278 0.018690
-1.727366 -6.418413 0.018844
-1.413299 -6.418413 0.018844
-1.099233 -6.418413 0.018844
-0.785166 -6.418413 0.018844
-0.471100 -6.418413 0.018844
-0.157033 -6.418413 0.018844
0.157033 -6.418413 0.018844
0.471100 -6.418413 0.018844
0.785166 -6.418413 0.018844
1.099233 -6.418413 0.018844
1.413299 -6.418413 0.018844
1.727366 -6.418413 0.018844
1.994534 -6.308278 0.018690
2.214803 -6.088008 0.018690
2.435073 -5.867739 0.018690
2.655343 -5.647469 0.018690
2.875612 -5.427199 0.018690
3.095882 -5.206930 0.018690
3.316151 -4.986660 0.018690
3.536421 -4.766391 0.018690
3.756691 -4.546121 0.018690
3.866825 -4.283021 0.018356
3.866825 -3.977091 0.018356
3.866825 -3.671161 0.018356
3.866825 -3.365231 0.018356
3.866825 -3.059301 0.018356
3.866825 -2.753371 0.018356
3.866825 -2.447441 0.018356
3.866825 -2.141511 0.018356
3.866825 -1.835581 0.018356
3.866825 -1.529650 0.018356
3.866825 -1.223720 0.018356
3.866825 -0.917790 0.018356
3.866825 -0.611860 0.018356
3.866825 -0.305930 0.018356
3.866825 0.000000 0.018356
3.866825 0.305930 0.018356
3.866825 0.611860 0.018356
3.866825 0.917790 0.018356
3.866825 1.223720 0.018356
3.866825 1.529650 0.018356
3.866825 1.835581 0.018356
3.866825 2.141511 0.018356
3.866825 2.447441 0.018356
3.866825 2.753371 0.018356
3.866825 3.059301 0.018356
3.866825 3.365231 0.018356
3.866825 3.671161 0.018356
3.866825 3.977091 0.018356
3.866825 4.283021 0.018356
2.190563 3.997101 0.023124
1.918039 4.269626 0.023124
1.645514 4.542150 0.023124
1.341557 4.678413 0.020123
1.006168 4.678413 0.020123
0.670779 4.678413 0.020123
0.335389 4.678413 0.020123
0.000000 4.678413 0.020123
-0.335389 4.678413 0.020123
-0.670779 4.678413 0.020123
-1.006168 4.678413 0.020123
-1.341557 4.678413 0.020123
-1.645514 4.542150 0.023124
-1.918039 4.269626 0.023124
-2.190563 3.997101 0.023124
-2.326825 3.706406 0.018532
-2.326825 3.397538 0.018532
-2.326825 3.088671 0.018532
-2.326825 2.779804 0.018532
-2.326825 2.470937 0.018532
-2.326825 2.162070 0.018532
-2.326825 1.853203 0.018532
-2.326825 1.544336 0.018532
-2.326825 1.235469 0.018532
-2.326825 0.926601 0.018532
-2.326825 0.617734 0.018532
-2.326825 0.308867 0.018532
-2.326825 0.000000 0.018532
-2.326825 -0.308867 0.018532
-2.326825 -0.617734 0.018532
-2.326825 -0.926601 0.018532
-2.326825 -1.235469 0.018532
-2.326825 -1.544336 0.018532
-2.326825 -1.853203 0.018532
-2.326825 -2.162070 0.018532
-2.326825 -2.470937 0.018532
-2.326825 -2.779804 0.018532
-2.326825 -3.088671 0.018532
-2.326825 -3.397538 0.018532
-2.326825 -3.706406 0.018532
-2.190563 -3.997101 0.023124
-1.918039 -4.269626 0.023124
-1.645514 -4.542150 0.023124
-1.341557 -4.678413 0.020123
-1.006168 -4.678413 0.020123
-0.670779 -4.678413 0.020123
-0.335389 -4.678413 0.020123
0.000000 -4.678413 0.020123
0.335389 -4.678413 0.020123
0.670779 -4.678413 0.020123
1.006168 -4.678413 0.020123
1.341557 -4.678413 0.020123
1.645514 -4.542150 0.023124
1.918039 -4.269626 0.023124
2.190563 -3.997101 0.023124
2.326825 -3.706406 0.018532
2.326825 -3.397538 0.018532
2.326825 -3.088671 0.018532
2.326825 -2.779804 0.018532
2.326825 -2.470937 0.018532
2.326825 -2.162070 0.018532
2.326825 -1.853203 0.018532
2.326825 -1.544336 0.018532
2.326825 -1.235469 0.018532
2.326825 -0.926601 0.018532
2.326825 -0.617734 0.018532
2.326825 -0.308867 0.018532
2.326825 0.000000 0.018532
2.326825 0.308867 0.018532
2.326825 0.617734 0.018532
2.326825 0.926601 0.018532
2.326825 1.235469 0.018532
2.326825 1.544336 0.018532
2.326825 1.853203 0.018532
2.326825 2.162070 0.018532
2.326825 2.470937 0.018532
2.326825 2.779804 0.018532
2.326825 3.088671 0.018532
2.326825 3.397538 0.018532
2.326825 3.706406 0.018532
