3.757460 4.133877 0.001612
3.648302 4.243036 0.001612
3.539143 4.352194 0.001612
3.429985 4.461353 0.001612
3.320826 4.570511 0.001612
3.211668 4.679670 0.001612
3.102509 4.788828 0.001612
2.993351 4.897987 0.001612
2.884192 5.007145 0.001612
2.775034 5.116304 0.001612
2.665875 5.225462 0.001612
2.556717 5.334621 0.001612
2.447558 5.443779 0.001612
2.338400 5.552938 0.001612
2.229241 5.662096 0.001612
2.120083 5.771255 0.001612
2.010924 5.880413 0.001612
1.901766 5.989572 0.001612
1.792608 6.098730 0.001612
1.636729 6.098730 0.001612
1.480850 6.098730 0.001612
1.324971 6.098730 0.001612
1.169092 6.098730 0.001612
1.013213 6.098730 0.001612
0.857334 6.098730 0.001612
0.701455 6.098730 0.001612
0.545576 6.098730 0.001612
0.389697 6.098730 0.001612
0.233818 6.098730 0.001612
0.077939 6.098730 0.001612
-0.077939 6.098730 0.001612
-0.233818 6.098730 0.001612
-0.389697 6.098730 0.001612
-0.545576 6.098730 0.001612
-0.701455 6.098730 0.001612
-0.857334 6.098730 0.001612
-1.013213 6.098730 0.001612
-1.169092 6.098730 0.001612
-1.324971 6.098730 0.001612
-1.480850 6.098730 0.001612
-1.636729 6.098730 0.001612
-1.792608 6.098730 0.001612
-1.901766 5.989572 0.001612
-2.010924 5.880413 0.001612
-2.120083 5.771255 0.001612
-2.229241 5.662096 0.001612
-2.338400 5.552938 0.001612
-2.447558 5.443779 0.001612
-2.556717 5.334621 0.001612
-2.665875 5.225462 0.001612
-2.775034 5.116304 0.001612
-2.884192 5.007145 0.001612
-2.993351 4.897987 0.001612
-3.102509 4.788828 0.001612
-3.211668 4.679670 0.001612
-3.320826 4.570511 0.001612
-3.429985 4.461353 0.001612
-3.539143 4.352194 0.001612
-3.648302 4.243036 0.001612
-3.757460 4.133877 0.001612
-3.757460 3.983555 0.001612
-3.757460 3.833232 0.001612
-3.757460 3.682909 0.001612
-3.757460 3.532586 0.001612
-3.757460 3.382263 0.001612
-3.757460 3.231940 0.001612
-3.757460 3.081618 0.001612
-3.757460 2.931295 0.001612
-3.757460 2.780972 0.001612
-3.757460 2.630649 0.001612
-3.757460 2.480326 0.001612
-3.757460 2.330004 0.001612
-3.757460 2.179681 0.001612
-3.757460 2.029358 0.001612
-3.757460 1.879035 0.001612
-3.757460 1.728712 0.001612
-3.757460 1.578390 0.001612
-3.757460 1.428067 0.001612
-3.757460 1.277744 0.001612
-3.757460 1.127421 0.001612
-3.757460 0.977098 0.001612
-3.757460 0.826775 0.001612
-3.757460 0.676453 0.001612
-3.757460 0.526130 0.001612
-3.757460 0.375807 0.001612
-3.757460 0.225484 0.001612
-3.757460 0.075161 0.001612
-3.757460 -0.075161 0.001612
-3.757460 -0.225484 0.001612
-3.757460 -0.375807 0.001612
-3.757460 -0.526130 0.001612
-3.757460 -0.676453 0.001612
-3.757460 -0.826775 0.001612
-3.757460 -0.977098 0.001612
-3.757460 -1.127421 0.001612
-3.757460 -1.277744 0.001612
-3.757460 -1.428067 0.001612
-3.757460 -1.578390 0.001612
-3.757460 -1.728712 0.001612
-3.757460 -1.879035 0.001612
-3.757460 -2.029358 0.001612
-3.757460 -2.179681 0.001612
-3.757460 -2.330004 0.001612
-3.757460 -2.480326 0.001612
-3.757460 -2.630649 0.001612
-3.757460 -2.780972 0.001612
-3.757460 -2.931295 0.001612
-3.757460 -3.081618 0.001612
-3.757460 -3.231940 0.001612
-3.757460 -3.382263 0.001612
-3.757460 -3.532586 0.001612
-3.757460 -3.682909 0.001612
-3.757460 -3.833232 0.001612
-3.757460 -3.983555 0.001612
-3.757460 -4.133877 0.001612
-3.648302 -4.243036 0.001612
-3.539143 -4.352194 0.001612
-3.429985 -4.461353 0.001612
-3.320826 -4.570511 0.001612
-3.211668 -4.679670 0.001612
-3.102509 -4.788828 0.001612
-2.993351 -4.897987 0.001612
-2.884192 -5.007145 0.001612
-2.775034 -5.116304 0.001612
-2.665875 -5.225462 0.001612
-2.556717 -5.334621 0.001612
-2.447558 -5.443779 0.001612
-2.338400 -5.552938 0.001612
-2.229241 -5.662096 0.001612
-2.120083 -5.771255 0.001612
-2.010924 -5.880413 0.001612
-1.901766 -5.989572 0.001612
-1.792608 -6.098730 0.001612
-1.636729 -6.098730 0.001612
-1.480850 -6.098730 0.001612
-1.324971 -6.098730 0.001612
-1.169092 -6.098730 0.001612
-1.013213 -6.098730 0.001612
-0.857334 -6.098730 0.001612
-0.701455 -6.098730 0.001612
-0.545576 -6.098730 0.001612
-0.389697 -6.098730 0.001612
-0.233818 -6.098730 0.001612
-0.077939 -6.098730 0.001612
0.077939 -6.098730 0.001612
0.233818 -6.098730 0.001612
0.389697 -6.098730 0.001612
0.545576 -6.098730 0.001612
0.701455 -6.098730 0.001612
0.857334 -6.098730 0.001612
1.013213 -6.098730 0.001612
1.169092 -6.098730 0.001612
1.324971 -6.098730 0.001612
1.480850 -6.098730 0.001612
1.636729 -6.098730 0.001612
1.792608 -6.098730 0.001612
1.901766 -5.989572 0.001612
2.010924 -5.880413 0.001612
2.120083 -5.771255 0.001612
2.229241 -5.662096 0.001612
2.338400 -5.552938 0.001612
2.447558 -5.443779 0.001612
2.556717 -5.334621 0.001612
2.665875 -5.225462 0.001612
2.775034 -5.116304 0.001612
2.884192 -5.007145 0.001612
2.993351 -4.897987 0.001612
3.102509 -4.788828 0.001612
3.211668 -4.679670 0.001612
3.320826 -4.570511 0.001612
3.429985 -4.461353 0.001612
3.539143 -4.352194 0.001612
3.648302 -4.243036 0.001612
3.757460 -4.133877 0.001612
3.757460 -3.983555 0.001612
3.757460 -3.833232 0.001612
3.757460 -3.682909 0.001612
3.757460 -3.532586 0.001612
3.757460 -3.382263 0.001612
3.757460 -3.231940 0.001612
3.757460 -3.081618 0.001612
3.757460 -2.931295 0.001612
3.757460 -2.780972 0.001612
3.757460 -2.630649 0.001612
3.757460 -2.480326 0.001612
3.757460 -2.330004 0.001612
3.757460 -2.179681 0.001612
3.757460 -2.029358 0.001612
3.757460 -1.879035 0.001612
3.757460 -1.728712 0.001612
3.757460 -1.578390 0.001612
3.757460 -1.428067 0.001612
3.757460 -1.277744 0.001612
3.757460 -1.127421 0.001612
3.757460 -0.977098 0.001612
3.757460 -0.826775 0.001612
3.757460 -0.676453 0.001612
3.757460 -0.526130 0.001612
3.757460 -0.375807 0.001612
3.757460 -0.225484 0.001612
3.757460 -0.075161 0.001612
3.757460 0.075161 0.001612
3.757460 0.225484 0.001612
3.757460 0.375807 0.001612
3.757460 0.526130 0.001612
3.757460 0.676453 0.001612
3.757460 0.826775 0.001612
3.757460 0.977098 0.001612
3.757460 1.127421 0.001612
3.757460 1.277744 0.001612
3.757460 1.428067 0.001612
3.757460 1.578390 0.001612
3.757460 1.728712 0.001612
3.757460 1.879035 0.001612
3.757460 2.029358 0.001612
3.757460 2.179681 0.001612
3.757460 2.330004 0.001612
3.757460 2.480326 0.001612
3.757460 2.630649 0.001612
3.757460 2.780972 0.001612
3.757460 2.931295 0.001612
3.757460 3.081618 0.001612
3.757460 3.231940 0.001612
3.757460 3.382263 0.001612
3.757460 3.532586 0.001612
3.757460 3.682909 0.001612
3.757460 3.833232 0.001612
3.757460 3.983555 0.001612
2.277460 3.583583 0.000804
2.158154 3.702890 0.000804
2.038847 3.822196 0.000804
1.919540 3.941503 0.000804
1.800233 4.060810 0.000804
1.680927 4.180117 0.000804
1.561620 4.299423 0.000804
1.442313 4.418730 0.000804
1.290491 4.418730 0.000804
1.138668 4.418730 0.000804
0.986846 4.418730 0.000804
0.835023 4.418730 0.000804
0.683201 4.418730 0.000804
0.531379 4.418730 0.000804
0.379556 4.418730 0.000804
0.227734 4.418730 0.000804
0.075911 4.418730 0.000804
-0.075911 4.418730 0.000804
-0.227734 4.418730 0.000804
-0.379556 4.418730 0.000804
-0.531379 4.418730 0.000804
-0.683201 4.418730 0.000804
-0.835023 4.418730 0.000804
-0.986846 4.418730 0.000804
-1.138668 4.418730 0.000804
-1.290491 4.418730 0.000804
-1.442313 4.418730 0.000804
-1.561620 4.299423 0.000804
-1.680927 4.180117 0.000804
-1.800233 4.060810 0.000804
-1.919540 3.941503 0.000804
-2.038847 3.822196 0.000804
-2.158154 3.702890 0.000804
-2.277460 3.583583 0.000804
-2.277460 3.431090 0.000804
-2.277460 3.278597 0.000804
-2.277460 3.126104 0.000804
-2.277460 2.973611 0.000804
-2.277460 2.821119 0.000804
-2.277460 2.668626 0.000804
-2.277460 2.516133 0.000804
-2.277460 2.363640 0.000804
-2.277460 2.211147 0.000804
-2.277460 2.058654 0.000804
-2.277460 1.906161 0.000804
-2.277460 1.753668 0.000804
-2.277460 1.601175 0.000804
-2.277460 1.448682 0.000804
-2.277460 1.296190 0.000804
-2.277460 1.143697 0.000804
-2.277460 0.991204 0.000804
-2.277460 0.838711 0.000804
-2.277460 0.686218 0.000804
-2.277460 0.533725 0.000804
-2.277460 0.381232 0.000804
-2.277460 0.228739 0.000804
-2.277460 0.076246 0.000804
-2.277460 -0.076246 0.000804
-2.277460 -0.228739 0.000804
-2.277460 -0.381232 0.000804
-2.277460 -0.533725 0.000804
-2.277460 -0.686218 0.000804
-2.277460 -0.838711 0.000804
-2.277460 -0.991204 0.000804
-2.277460 -1.143697 0.000804
-2.277460 -1.296190 0.000804
-2.277460 -1.448682 0.000804
-2.277460 -1.601175 0.000804
-2.277460 -1.753668 0.000804
-2.277460 -1.906161 0.000804
-2.277460 -2.058654 0.000804
-2.277460 -2.211147 0.000804
-2.277460 -2.363640 0.000804
-2.277460 -2.516133 0.000804
-2.277460 -2.668626 0.000804
-2.277460 -2.821119 0.000804
-2.277460 -2.973611 0.000804
-2.277460 -3.126104 0.000804
-2.277460 -3.278597 0.000804
-2.277460 -3.431090 0.000804
-2.277460 -3.583583 0.000804
-2.158154 -3.702890 0.000804
-2.038847 -3.822196 0.000804
-1.919540 -3.941503 0.000804
-1.800233 -4.060810 0.000804
-1.680927 -4.180117 0.000804
-1.561620 -4.299423 0.000804
-1.442313 -4.418730 0.000804
-1.290491 -4.418730 0.000804
-1.138668 -4.418730 0.000804
-0.986846 -4.418730 0.000804
-0.835023 -4.418730 0.000804
-0.683201 -4.418730 0.000804
-0.531379 -4.418730 0.000804
-0.379556 -4.418730 0.000804
-0.227734 -4.418730 0.000804
-0.075911 -4.418730 0.000804
0.075911 -4.418730 0.000804
0.227734 -4.418730 0.000804
0.379556 -4.418730 0.000804
0.531379 -4.418730 0.000804
0.683201 -4.418730 0.000804
0.835023 -4.418730 0.000804
0.986846 -4.418730 0.000804
1.138668 -4.418730 0.000804
1.290491 -4.418730 0.000804
1.442313 -4.418730 0.000804
1.561620 -4.299423 0.000804
1.680927 -4.180117 0.000804
1.800233 -4.060810 0.000804
1.919540 -3.941503 0.000804
2.038847 -3.822196 0.000804
2.158154 -3.702890 0.000804
2.277460 -3.583583 0.000804
2.277460 -3.431090 0.000804
2.277460 -3.278597 0.000804
2.277460 -3.126104 0.000804
2.277460 -2.973611 0.000804
2.277460 -2.821119 0.000804
2.277460 -2.668626 0.000804
2.277460 -2.516133 0.000804
2.277460 -2.363640 0.000804
2.277460 -2.211147 0.000804
2.277460 -2.058654 0.000804
2.277460 -1.906161 0.000804
2.277460 -1.753668 0.000804
2.277460 -1.601175 0.000804
2.277460 -1.448682 0.000804
2.277460 -1.296190 0.000804
2.277460 -1.143697 0.000804
2.277460 -0.991204 0.000804
2.277460 -0.838711 0.000804
2.277460 -0.686218 0.000804
2.277460 -0.533725 0.000804
2.277460 -0.381232 0.000804
2.277460 -0.228739 0.000804
2.277460 -0.076246 0.000804
2.277460 0.076246 0.000804
2.277460 0.228739 0.000804
2.277460 0.381232 0.000804
2.277460 0.533725 0.000804
2.277460 0.686218 0.000804
2.277460 0.838711 0.000804
2.277460 0.991204 0.000804
2.277460 1.143697 0.000804
2.277460 1.296190 0.000804
2.277460 1.448682 0.000804
2.277460 1.601175 0.000804
2.277460 1.753668 0.000804
2.277460 1.906161 0.000804
2.277460 2.058654 0.000804
2.277460 2.211147 0.000804
2.277460 2.363640 0.000804
2.277460 2.516133 0.000804
2.277460 2.668626 0.000804
2.277460 2.821119 0.000804
2.277460 2.973611 0.000804
2.277460 3.126104 0.000804
2.277460 3.278597 0.000804
2.277460 3.431090 0.000804
