2.561034 -0.000000 0.050018
2.458930 -0.149444 0.043656
-3.675427 4.440091 0.044835
-3.507763 4.460718 0.048687
-3.738591 -1.895507 0.050554
-3.640419 -1.724459 0.050717
-3.738654 -1.551810 0.050614
2.458930 0.149444 0.043656
2.557486 0.317199 0.051421
-3.737780 -2.580045 0.050475
-3.640964 1.035860 0.050681
-3.738922 0.172452 0.050661
-3.641018 -0.000000 0.050631
-3.738785 -1.207729 0.050632
-3.640614 -1.380378 0.050658
-3.445460 -0.344868 0.050668
-3.054579 -0.345060 0.050784
-3.738922 -0.172452 0.050661
-3.641141 -0.344996 0.050670
-3.739044 -0.517576 0.050624
-3.744203 4.258252 0.047125
-3.738785 1.207729 0.050632
-3.640614 1.380378 0.050658
-3.738654 1.551810 0.050614
2.748594 0.339277 0.046389
2.761883 -0.000000 0.048372
2.850887 0.171522 0.049644
3.032736 0.199891 0.047418
-2.560224 3.659043 0.056262
-2.755887 3.673746 0.051988
-3.056868 0.691800 0.050616
-2.862180 0.692148 0.050590
-2.764253 0.864690 0.050345
-2.859715 1.038002 0.050487
0.125579 -4.796105 0.043104
-3.737095 -2.919043 0.050431
-3.638049 -2.752213 0.050702
-3.739004 0.862979 0.050614
-3.445166 1.036898 0.050648
-3.054263 1.038608 0.050802
-3.153488 0.864948 0.050473
-3.348133 0.864437 0.050776
-2.456994 -0.087852 0.039600
-2.855366 -0.000000 0.051052
3.737736 -4.285841 0.043146
-3.140626 3.632181 0.050077
-3.048676 3.815949 0.050618
-2.855640 3.841740 0.050951
0.907062 6.193069 0.052175
-0.162097 4.837345 0.053983
0.542687 5.635308 0.049572
-0.307309 5.617164 0.051393
-0.617772 5.585135 0.051755
-0.459159 5.490424 0.050586
-0.150570 5.532976 0.049494
-0.145140 5.315983 0.051339
3.246397 4.870614 0.043484
3.275419 4.698433 0.048141
-3.738350 -2.238659 0.050497
-3.639305 -2.411401 0.050742
-3.640116 -2.068424 0.050826
-3.444221 -2.071074 0.050404
-3.442333 -2.415597 0.050458
-3.345484 -2.245505 0.050904
-3.444235 -1.725887 0.050601
-3.346513 -1.899584 0.050872
-2.859950 -0.346416 0.050492
-2.560018 -0.204071 0.053515
-2.759204 -0.173506 0.051049
-2.764337 -0.519938 0.050338
-2.563386 -0.855543 0.053305
-3.052532 -0.000000 0.050603
-3.445019 -0.000000 0.050730
-3.347242 -0.172324 0.050622
-3.150998 -0.172150 0.050813
-3.444341 -1.381513 0.050689
-3.346198 -1.554373 0.050683
-3.640964 -1.035860 0.050681
-3.739004 -0.862979 0.050614
-3.641223 -0.690502 0.050776
-3.645827 4.093150 0.048614
-3.738450 3.921360 0.049126
2.559146 1.024280 0.049677
2.758414 1.001407 0.047610
3.642756 0.201646 0.051127
3.736179 0.982376 0.042248
3.635218 0.839840 0.051407
3.125947 0.382167 0.043121
3.323743 0.377023 0.045655
3.432162 0.519985 0.049674
-3.738591 1.895507 0.050554
-3.640419 1.724459 0.050717
-2.859950 0.346416 0.050492
-2.764337 0.519938 0.050338
-2.759204 0.173506 0.051049
-2.563421 0.529525 0.053288
-3.054579 0.345060 0.050784
-3.150998 0.172150 0.050813
-3.347242 0.172324 0.050622
-3.153653 0.518234 0.050480
-0.294168 -5.178130 0.049875
0.065791 -5.105924 0.042054
-0.018439 -4.925037 0.043095
-0.162097 -4.837345 0.053983
-0.297786 -4.948812 0.053964
-0.451448 -5.268383 0.052325
1.719460 -6.292846 0.044163
1.558610 -6.193993 0.048530
0.765351 -4.807123 0.046126
-3.636697 -3.090410 0.050625
-2.458844 -3.166038 0.043802
-2.634664 -5.354849 0.046141
-2.485963 -5.237888 0.045593
-2.186831 -5.045593 0.048094
-3.150583 -2.248953 0.050378
3.160052 0.082800 0.043808
3.348108 0.194747 0.043626
3.467846 0.111948 0.042956
2.557486 -0.317199 0.051421
-3.739044 0.517576 0.050624
-3.348290 0.517869 0.050769
-3.446149 0.690923 0.050502
-3.641223 0.690502 0.050776
-3.641141 0.344996 0.050670
-3.445460 0.344868 0.050668
3.635691 -4.139970 0.047522
3.438805 -4.155636 0.045636
2.460814 -2.628212 0.044535
2.567027 -2.479140 0.046615
-3.461455 4.651893 0.046420
-1.872572 4.493364 0.043109
-2.186831 5.045593 0.048094
-2.014498 4.967367 0.061494
-2.000141 4.797642 0.043861
-1.680497 4.710137 0.046122
-1.833185 4.693293 0.045154
-2.384196 4.391674 0.046365
-2.040092 4.469925 0.047414
-2.305766 4.606012 0.052159
-2.136527 4.644795 0.045062
-2.092107 4.282065 0.045607
-2.266973 4.242596 0.051527
-3.155393 3.974667 0.050052
-3.454873 4.108570 0.048763
-3.348918 3.949770 0.049557
-3.084899 4.164417 0.049645
-3.385584 4.294298 0.047576
-3.209134 4.325250 0.049578
0.789606 6.292035 0.039096
0.609153 6.292035 0.039166
2.090174 6.019698 0.044502
1.719460 6.292846 0.044163
1.887992 6.227007 0.043075
1.908811 6.055675 0.048883
2.499665 5.613358 0.043013
2.710529 5.411291 0.038756
2.554988 5.419469 0.051904
2.293426 5.816266 0.044467
2.117128 5.842051 0.048839
2.330478 5.631852 0.049838
1.962470 5.698876 0.047751
1.095004 6.289446 0.043368
0.880077 6.004727 0.048039
0.716631 5.731740 0.047661
0.706125 5.913180 0.050141
1.062865 5.907399 0.049256
0.448793 4.805814 0.045831
0.745181 5.374723 0.047725
0.557979 5.457534 0.047603
2.083940 4.284556 0.044517
2.183511 4.989058 0.048886
2.438357 5.261038 0.047262
2.368738 4.937387 0.047360
2.496155 5.076593 0.049272
1.995436 5.522947 0.048646
2.187147 5.481707 0.048119
2.239702 5.304782 0.050691
2.112274 5.172008 0.045963
1.658193 4.711946 0.040589
1.392163 4.811303 0.045538
1.562627 4.879241 0.042914
2.027124 4.480256 0.048532
1.866424 4.502551 0.042771
2.136071 4.642885 0.046541
1.805694 4.703329 0.047553
2.068898 4.840853 0.049064
1.899220 4.879004 0.044265
-0.297786 4.948812 0.053964
-0.602476 5.146587 0.051783
-0.294168 5.178130 0.049875
-0.451448 5.268383 0.052325
-2.458506 3.477291 0.043900
-1.069385 4.810960 0.047141
-0.915896 4.918482 0.051560
-0.757747 4.815935 0.048649
-0.454240 4.819880 0.049257
-0.601650 4.927402 0.051563
0.304651 6.286541 0.044191
0.490940 6.190164 0.053311
0.524751 5.999651 0.048513
-0.611209 5.806055 0.051989
0.028514 5.267552 0.053225
0.197234 5.413845 0.045401
0.413506 5.178414 0.048505
0.387405 5.356238 0.048215
-1.473968 6.284340 0.044637
-1.761250 6.281244 0.043933
-1.640755 6.177172 0.047650
-1.173434 6.290524 0.044125
-1.339520 6.186451 0.047364
-1.359326 5.986235 0.046733
-1.202792 5.900777 0.048013
-1.932038 6.201554 0.045469
-2.160705 5.957362 0.047518
-1.987193 6.004081 0.049606
-1.528804 5.876161 0.049431
-1.675784 5.969209 0.046260
-1.529778 5.681882 0.047172
-1.696697 5.578170 0.050335
-1.871373 5.679047 0.050693
-1.851434 5.875808 0.048728
3.057575 4.917602 0.049132
2.680312 5.025665 0.047354
3.734984 3.400448 0.042297
3.456680 4.660546 0.043872
-2.862180 -0.692148 0.050590
-2.859715 -1.038002 0.050487
-2.764253 -0.864690 0.050345
-2.459849 -0.386568 0.043878
-2.563421 -0.529525 0.053288
-2.460398 -0.692588 0.045109
-2.758943 -1.211416 0.051070
-2.459814 -0.998709 0.043885
-2.456920 -1.297685 0.039588
-2.559908 -1.181270 0.053570
-3.446149 -0.690923 0.050502
-3.153653 -0.518234 0.050480
-3.348290 -0.517869 0.050769
-3.056868 -0.691800 0.050616
-2.850960 3.484991 0.050018
-3.042662 3.469216 0.051391
2.861091 1.174300 0.048997
2.766212 1.325457 0.046159
2.461213 1.489040 0.043820
2.459714 1.199925 0.042352
2.564102 1.328209 0.048774
-2.758943 1.211416 0.051070
-2.854829 1.384816 0.051040
-2.456920 1.473460 0.039585
-2.459849 0.386568 0.043878
-2.456994 0.087852 0.039600
-2.560018 0.204071 0.053515
2.455382 0.450665 0.041194
2.554814 0.632988 0.048679
-2.563386 0.855543 0.053305
-2.460398 0.692588 0.045109
3.735864 0.680878 0.043121
3.732397 0.381748 0.042484
3.631436 0.517811 0.052421
3.638069 1.160426 0.051298
2.852062 0.843999 0.048939
3.038530 0.527395 0.049802
2.843027 0.512873 0.047440
2.751352 0.673119 0.048078
3.048360 0.855052 0.048631
3.143152 0.698693 0.046912
3.437614 0.853216 0.049364
3.338986 0.696427 0.046619
-3.640116 2.068424 0.050826
-3.051796 1.383894 0.050650
-3.444341 1.381513 0.050689
-3.346715 1.209902 0.050651
-3.150457 1.211100 0.050790
-3.444235 1.725887 0.050601
-3.346198 1.554373 0.050683
-3.149911 1.555555 0.050774
-0.865389 -6.282411 0.046525
-0.297723 -6.278091 0.047831
-0.617772 -5.585135 0.051755
-0.459159 -5.490424 0.050586
0.907062 -6.193069 0.052175
0.929360 -4.906160 0.048764
0.260613 -5.074393 0.044419
0.285614 -4.893506 0.045739
0.448793 -4.805814 0.045831
0.607749 -4.904524 0.047720
1.405258 -6.289560 0.044697
1.095004 -6.289446 0.043368
1.234706 -6.190594 0.050018
1.887992 -6.227007 0.043075
1.265842 -5.627744 0.049369
1.229552 -5.996889 0.047949
1.280162 -5.453463 0.046611
1.272428 -5.102355 0.044788
1.647059 -5.447123 0.051337
1.465627 -5.184171 0.049661
1.476167 -5.353855 0.049825
-3.736428 -3.255264 0.050331
-3.736631 -3.588786 0.049954
-3.636234 -3.425585 0.050248
-3.436283 -3.436439 0.049931
-3.140626 -3.632181 0.050077
-3.338102 -3.612631 0.050398
-2.755887 -3.673746 0.051988
-2.560224 -3.659043 0.056262
-2.458506 -3.477291 0.043900
-2.560524 -3.320258 0.054949
-3.050990 -2.424615 0.050989
-2.857111 -2.426986 0.050460
-1.473968 -6.284340 0.044637
-1.761250 -6.281244 0.043933
-1.640755 -6.177172 0.047650
-1.932038 -6.201554 0.045469
-1.675784 -5.969209 0.046260
-1.528804 -5.876161 0.049431
-1.359326 -5.986235 0.046733
-1.339520 -6.186451 0.047364
-1.173434 -6.290524 0.044125
-1.023959 -6.184522 0.050833
-3.744203 -4.258252 0.047125
-3.385584 -4.294298 0.047576
-2.590749 -5.542584 0.044460
-2.031821 -5.385685 0.053341
-2.356595 -5.721363 0.055490
-2.400756 -5.550150 0.044928
-2.329819 -5.355425 0.043549
-2.182052 -5.273407 0.054496
-2.809239 -5.307326 0.047489
-3.026668 -5.085114 0.048105
-2.847506 -5.120456 0.048981
-2.458543 -3.783812 0.040112
-2.489389 -3.975994 0.048109
-2.313992 -4.051495 0.044891
-2.613551 -4.100532 0.051043
-2.670443 -4.462194 0.052093
-2.555378 -4.325110 0.048495
-2.512278 -5.052830 0.050879
-2.360913 -4.942555 0.049747
-2.415532 -4.743136 0.051557
-2.699246 -4.982921 0.046957
-2.741377 -4.795391 0.053086
-2.609027 -4.665881 0.046952
3.738021 -2.936749 0.038712
3.747185 0.089698 0.036183
3.747185 -0.089698 0.036183
3.735864 -0.680878 0.043121
3.642756 -0.201646 0.051127
3.467846 -0.111948 0.042956
3.732397 -0.381748 0.042484
3.631436 -0.517811 0.052421
2.455382 -0.450665 0.041194
2.554814 -0.632988 0.048679
3.734922 2.044930 0.043890
3.443079 1.528334 0.048501
3.637802 1.562257 0.051103
3.735912 1.745213 0.042266
3.634008 1.879444 0.050686
2.482064 -4.004561 0.047660
2.307559 -4.057896 0.045116
2.293426 -5.816266 0.044467
2.330478 -5.631852 0.049838
2.371766 -4.400946 0.047156
2.083940 -4.284556 0.044517
2.254280 -4.249580 0.048913
3.669213 -4.451123 0.043184
3.738021 -3.111409 0.038945
3.734781 -3.988348 0.044001
3.733977 -3.693515 0.043785
3.631933 -3.834831 0.048112
2.849254 -3.907284 0.047989
2.748806 -3.751808 0.048687
2.555119 -3.800625 0.051330
2.454680 -3.692482 0.038492
3.430318 -3.838108 0.046624
3.336280 -4.007290 0.047561
3.143293 -4.031835 0.046936
3.040533 -3.880681 0.048041
2.463038 -2.340706 0.044774
3.150305 -2.376529 0.047608
2.769246 -2.445136 0.042822
-3.245653 4.867737 0.047270
-3.067145 4.897641 0.049772
-3.288380 4.677972 0.049092
-3.158238 4.517748 0.047867
-3.026668 5.085114 0.048105
-2.360913 4.942555 0.049747
-2.415532 4.743136 0.051557
-1.492336 5.322510 0.049482
-1.685971 5.393465 0.049538
-1.855774 5.284697 0.051115
-1.833671 5.094192 0.050688
-3.737095 2.919043 0.050431
-3.636697 3.090410 0.050625
-3.638256 3.758512 0.049536
-3.436283 3.436439 0.049931
-3.338102 3.612631 0.050398
-3.439677 3.771504 0.049589
-2.313992 4.051495 0.044891
-2.458543 3.783812 0.040112
-2.489389 3.975994 0.048109
-2.906682 4.203167 0.049701
-2.613551 4.100532 0.051043
-2.784139 4.039207 0.052150
-2.555378 4.325110 0.048495
1.774843 5.751111 0.049867
1.748139 5.930262 0.045763
1.229552 5.996889 0.047949
1.234706 6.190594 0.050018
1.407963 5.904603 0.047919
1.566470 6.002741 0.047142
1.405258 6.289560 0.044697
1.558610 6.193993 0.048530
3.636180 3.222040 0.049708
2.460814 2.628212 0.044535
0.597464 5.096236 0.045644
0.758564 5.191250 0.049432
0.607749 4.904524 0.047720
0.765351 4.807123 0.046126
1.614980 5.060096 0.049367
1.838231 5.387288 0.049619
1.804073 5.068475 0.047460
1.902513 5.213275 0.052160
2.428426 4.744849 0.048476
2.310372 4.598552 0.048155
3.136772 4.555497 0.046487
3.189670 4.367993 0.047200
2.307559 4.057896 0.045116
2.254280 4.249580 0.048913
2.371766 4.400946 0.047156
2.545378 4.348767 0.046957
-1.271190 5.090402 0.046762
-1.467575 5.155187 0.047769
-1.392299 4.802738 0.043237
-1.245885 4.905285 0.053218
-1.589137 4.868304 0.048433
-1.639108 5.035637 0.050271
-1.099923 5.203828 0.052531
-0.771392 5.459378 0.052396
-0.763806 5.242871 0.050247
-0.921129 5.126233 0.050401
0.182012 5.589798 0.051859
0.007862 5.660498 0.050113
0.356891 5.709965 0.047477
0.349460 5.892869 0.051063
-0.894526 5.856910 0.045190
-0.744491 5.926545 0.051536
-1.033511 5.994992 0.043623
-1.023959 6.184522 0.050833
0.285614 4.893506 0.045739
0.260613 5.074393 0.044419
0.065791 5.105924 0.042054
-0.018439 4.925037 0.043095
0.125579 4.796105 0.043104
-2.590749 5.542584 0.044460
3.037817 5.080734 0.041819
2.833957 5.287863 0.038206
2.839327 5.140658 0.050010
3.069637 4.214828 0.047219
2.893523 4.251995 0.047236
3.633123 2.196219 0.050477
3.734781 3.988348 0.044001
3.669213 4.451123 0.043184
3.494213 4.482963 0.047412
3.737736 4.285841 0.043146
3.635691 4.139970 0.047522
3.365850 4.333346 0.045747
3.438805 4.155636 0.045636
3.733977 3.693515 0.043785
3.631933 3.834831 0.048112
3.632136 3.529653 0.048968
3.430645 3.519953 0.047338
-3.149911 -1.555555 0.050774
-2.758669 -1.559093 0.051096
-3.051796 -1.383894 0.050650
-2.854829 -1.384816 0.051040
-2.459308 -2.386492 0.043578
-3.054594 -2.076841 0.050761
-3.151787 -1.901903 0.050413
-3.053222 -1.729388 0.050873
-2.858947 -1.732003 0.050471
-3.445166 -1.036898 0.050648
-3.054263 -1.038608 0.050802
-3.348133 -0.864437 0.050776
-3.153488 -0.864948 0.050473
-3.150457 -1.211100 0.050790
-3.346715 -1.209902 0.050651
-2.757315 3.313256 0.051215
-2.560524 3.320258 0.054949
-2.458844 3.166038 0.043802
-2.852414 3.129925 0.050118
-2.459814 0.998709 0.043885
-2.559908 1.181270 0.053570
-2.456920 1.297685 0.039588
2.456258 0.913000 0.039087
2.456258 0.739387 0.038596
3.738716 1.277548 0.038803
3.738716 1.452198 0.038303
3.155466 1.357289 0.048014
3.348580 1.360123 0.048426
3.056124 1.186902 0.048781
3.149743 1.025062 0.048091
3.442657 1.190165 0.049288
3.343163 1.025491 0.047340
-3.738350 2.238659 0.050497
0.000271 -6.282571 0.046483
-0.145679 -6.172249 0.050683
0.356891 -5.709965 0.047477
0.542687 -5.635308 0.049572
-0.744491 -5.926545 0.051536
-0.611209 -5.806055 0.051989
-0.451112 -5.931704 0.048614
-0.443643 -6.158196 0.050503
-0.584155 -6.268518 0.049918
-0.724906 -6.162516 0.046508
-0.145140 -5.315983 0.051339
0.028514 -5.267552 0.053225
0.197234 -5.413845 0.045401
0.182012 -5.589798 0.051859
-0.305825 -5.837524 0.050841
-0.146312 -5.958174 0.049544
0.010637 -5.865336 0.050431
0.007862 -5.660498 0.050113
-0.307309 -5.617164 0.051393
-0.150570 -5.532976 0.049494
0.789606 -6.292035 0.039096
0.609153 -6.292035 0.039166
0.916668 -5.463473 0.048039
0.932858 -5.098575 0.046144
1.103269 -5.373304 0.047751
1.106076 -5.191879 0.050435
0.880077 -6.004727 0.048039
0.706125 -5.913180 0.050141
0.716631 -5.731740 0.047661
0.903410 -5.642716 0.048805
1.075692 -5.726828 0.047301
1.062865 -5.907399 0.049256
1.392163 -4.811303 0.045538
1.251318 -4.910341 0.049619
1.081468 -4.807450 0.045752
0.597464 -5.096236 0.045644
0.758564 -5.191250 0.049432
0.745181 -5.374723 0.047725
0.557979 -5.457534 0.047603
0.387405 -5.356238 0.048215
0.413506 -5.178414 0.048505
1.431427 -5.716029 0.048649
1.616638 -5.635017 0.047021
1.566470 -6.002741 0.047142
1.407963 -5.904603 0.047919
1.614980 -5.060096 0.049367
1.804073 -5.068475 0.047460
1.562627 -4.879241 0.042914
1.658193 -4.711946 0.040589
-3.437434 -3.098246 0.050180
-3.337214 -3.273954 0.051064
-2.757315 -3.313256 0.051215
-3.141069 -3.287182 0.049889
-3.042662 -3.469216 0.051391
-2.850960 -3.484991 0.050018
-2.558770 -2.985607 0.054465
-2.456752 -2.862540 0.039905
-2.757081 -2.603346 0.051237
-2.559235 -2.572193 0.054041
-2.456752 -2.686314 0.039338
-1.696697 -5.578170 0.050335
-1.529778 -5.681882 0.047172
-2.014498 -4.967367 0.061494
-0.894526 -5.856910 0.045190
-1.033511 -5.994992 0.043623
-1.202792 -5.900777 0.048013
-3.348918 -3.949770 0.049557
-3.454873 -4.108570 0.048763
-3.645827 -4.093150 0.048614
-3.439677 -3.771504 0.049589
-3.738450 -3.921360 0.049126
-3.638256 -3.758512 0.049536
-3.461455 -4.651893 0.046420
-3.675427 -4.440091 0.044835
-3.507763 -4.460718 0.048687
-1.871373 -5.679047 0.050693
-2.036695 -5.595331 0.049164
-2.190268 -5.745372 0.052466
-1.851434 -5.875808 0.048728
-2.160705 -5.957362 0.047518
-1.987193 -6.004081 0.049606
-3.245653 -4.867737 0.047270
-3.067145 -4.897641 0.049772
-3.288380 -4.677972 0.049092
-2.930114 -4.745453 0.047613
-2.784139 -4.039207 0.052150
-2.855640 -3.841740 0.050951
-3.048676 -3.815949 0.050618
-3.155393 -3.974667 0.050052
-2.851158 -4.401576 0.049066
-2.978479 -4.555325 0.050689
-3.158238 -4.517748 0.047867
-3.209134 -4.325250 0.049578
-3.084899 -4.164417 0.049645
-2.906682 -4.203167 0.049701
-2.384196 -4.391674 0.046365
-2.092107 -4.282065 0.045607
-2.266973 -4.242596 0.051527
-2.305766 -4.606012 0.052159
3.634008 -1.879444 0.050686
3.734922 -2.044930 0.043890
3.434315 -2.198466 0.048053
3.339620 -2.368413 0.048862
3.735027 -2.346430 0.043819
3.633123 -2.196219 0.050477
3.635218 -0.839840 0.051407
3.160052 -0.082800 0.043808
3.348108 -0.194747 0.043626
2.751352 -0.673119 0.048078
2.852062 -0.843999 0.048939
2.758414 -1.001407 0.047610
3.637615 -2.827594 0.049828
3.438022 -2.532724 0.047719
3.736419 -2.646057 0.042016
3.634620 -2.512988 0.050589
2.559146 -1.024280 0.049677
2.459714 -1.199925 0.042352
3.342845 1.697690 0.048802
3.435665 1.865844 0.048386
2.499665 -5.613358 0.043013
1.995436 -5.522947 0.048646
1.838231 -5.387288 0.049619
1.902513 -5.213275 0.052160
2.187147 -5.481707 0.048119
2.239702 -5.304782 0.050691
2.112274 -5.172008 0.045963
2.090174 -6.019698 0.044502
2.117128 -5.842051 0.048839
1.908811 -6.055675 0.048883
1.962470 -5.698876 0.047751
1.774843 -5.751111 0.049867
1.748139 -5.930262 0.045763
3.456680 -4.660546 0.043872
3.494213 -4.482963 0.047412
3.275419 -4.698433 0.048141
3.365850 -4.333346 0.045747
3.246397 -4.870614 0.043484
2.545378 -4.348767 0.046957
2.602397 -4.144065 0.048471
2.775900 -4.095605 0.048601
3.734984 -3.400448 0.042297
3.632136 -3.529653 0.048968
3.636180 -3.222040 0.049708
3.437908 -3.195731 0.048040
2.844173 -3.571636 0.048131
3.343554 -3.036571 0.048594
3.441420 -2.866132 0.048126
3.343625 -2.704331 0.048298
3.337770 -2.033578 0.048529
3.342845 -1.697690 0.048802
3.435665 -1.865844 0.048386
2.563116 -1.912017 0.043448
2.563031 -2.194422 0.043041
2.456818 -2.058432 0.043293
-2.930114 4.745453 0.047613
-2.609027 4.665881 0.046952
-2.741377 4.795391 0.053086
-2.978479 4.555325 0.050689
-2.670443 4.462194 0.052093
-2.851158 4.401576 0.049066
-2.809239 5.307326 0.047489
-2.634664 5.354849 0.046141
-2.847506 5.120456 0.048981
-2.699246 4.982921 0.046957
-2.485963 5.237888 0.045593
-2.512278 5.052830 0.050879
-3.736428 3.255264 0.050331
-3.736631 3.588786 0.049954
-3.636234 3.425585 0.050248
-3.437434 3.098246 0.050180
-3.337214 3.273954 0.051064
-3.141069 3.287182 0.049889
-3.044466 3.119626 0.051449
3.738021 3.111409 0.038945
3.738021 2.936749 0.038712
2.769246 2.445136 0.042822
2.863357 2.250684 0.049614
2.463038 2.340706 0.044774
2.567027 2.479140 0.046615
1.081468 4.807450 0.045752
0.929360 4.906160 0.048764
0.932858 5.098575 0.046144
1.251318 4.910341 0.049619
1.616638 5.635017 0.047021
1.647059 5.447123 0.051337
1.431427 5.716029 0.048649
2.662513 4.493549 0.048447
2.837156 4.445235 0.047289
2.960373 4.595573 0.047588
2.910197 4.785496 0.047046
2.731423 4.833635 0.048433
2.606955 4.692026 0.047020
-0.988134 5.680417 0.043868
-0.949615 5.517699 0.053714
-1.120824 5.378786 0.045830
-1.186060 5.716172 0.044524
-1.343569 5.607351 0.050850
-1.316852 5.432684 0.047543
-0.443643 6.158196 0.050503
-0.305825 5.837524 0.050841
-0.451112 5.931704 0.048614
-0.865389 6.282411 0.046525
-0.724906 6.162516 0.046508
-0.584155 6.268518 0.049918
-2.356595 5.721363 0.055490
-2.190268 5.745372 0.052466
-2.400756 5.550150 0.044928
-2.036695 5.595331 0.049164
-2.031821 5.385685 0.053341
-2.182052 5.273407 0.054496
-2.329819 5.355425 0.043549
2.849254 3.907284 0.047989
2.482064 4.004561 0.047660
2.602397 4.144065 0.048471
2.775900 4.095605 0.048601
3.735027 2.346430 0.043819
3.438022 2.532724 0.047719
3.637615 2.827594 0.049828
3.736419 2.646057 0.042016
3.634620 2.512988 0.050589
3.134073 3.705119 0.047483
3.336280 4.007290 0.047561
3.430318 3.838108 0.046624
3.330871 3.687091 0.047781
3.143293 4.031835 0.046936
3.040533 3.880681 0.048041
3.437908 3.195731 0.048040
3.335220 3.364439 0.047972
-2.456920 -1.473460 0.039585
-2.559795 -1.589991 0.053599
-2.860455 -2.079054 0.050548
-2.762565 -2.253537 0.050516
-2.562609 -2.244197 0.053587
-2.763373 -1.906731 0.050427
-3.444221 2.071074 0.050404
-3.346513 1.899584 0.050872
-3.345484 2.245505 0.050904
-3.150583 2.248953 0.050378
0.304651 -6.286541 0.044191
0.166358 -6.180700 0.051828
0.490940 -6.190164 0.053311
0.524751 -5.999651 0.048513
0.177356 -5.977540 0.049287
0.349460 -5.892869 0.051063
1.899220 -4.879004 0.044265
1.805694 -4.703329 0.047553
1.866424 -4.502551 0.042771
2.027124 -4.480256 0.048532
-3.339655 -2.932593 0.050982
-3.146191 -2.595524 0.050551
-3.342632 -2.589955 0.050869
-3.439873 -2.757927 0.050392
-2.851378 -2.777099 0.050809
-3.046609 -2.771647 0.051041
-3.142833 -2.940745 0.050386
-2.755550 -2.956496 0.051488
-2.852414 -3.129925 0.050118
-3.044466 -3.119626 0.051449
-1.685971 -5.393465 0.049538
-1.639108 -5.035637 0.050271
-1.855774 -5.284697 0.051115
-1.833671 -5.094192 0.050688
-0.771392 -5.459378 0.052396
-0.454240 -4.819880 0.049257
-1.589137 -4.868304 0.048433
-2.040092 -4.469925 0.047414
-2.000141 -4.797642 0.043861
-2.136527 -4.644795 0.045062
3.735912 -1.745213 0.042266
3.443079 -1.528334 0.048501
3.738716 -1.452198 0.038303
3.637802 -1.562257 0.051103
3.736179 -0.982375 0.042248
3.738716 -1.277548 0.038803
3.638069 -1.160426 0.051298
2.843027 -0.512873 0.047440
2.748594 -0.339277 0.046389
2.850887 -0.171522 0.049644
3.032736 -0.199891 0.047418
3.432162 -0.519985 0.049674
3.323743 -0.377023 0.045655
3.125947 -0.382167 0.043121
3.038530 -0.527395 0.049802
2.861091 -1.174300 0.048997
2.456258 -0.739387 0.038596
2.456258 -0.913000 0.039087
3.060843 1.522411 0.048725
3.153723 1.694602 0.047755
3.053212 1.865311 0.049486
2.866621 1.503182 0.049872
3.144439 2.036133 0.048521
3.051669 2.209137 0.049195
3.434315 2.198466 0.048053
3.337770 2.033578 0.048529
3.150305 2.376529 0.047608
3.339620 2.368413 0.048862
2.496155 -5.076593 0.049272
2.438357 -5.261038 0.047262
2.710529 -5.411291 0.038756
2.554988 -5.419469 0.051904
2.606955 -4.692026 0.047020
2.662513 -4.493549 0.048447
2.454680 -3.515483 0.039448
3.134073 -3.705119 0.047483
3.038160 -3.551551 0.048246
3.330871 -3.687091 0.047781
3.139534 -3.378009 0.047730
3.430645 -3.519953 0.047338
3.335220 -3.364439 0.047972
3.152149 -2.714727 0.048047
2.864484 -2.578297 0.049793
3.057230 -2.551236 0.048351
2.463123 -1.775137 0.044615
3.144439 -2.036133 0.048521
3.051669 -2.209137 0.049195
2.761215 -1.952212 0.041318
2.863357 -2.250684 0.049614
2.761130 -2.138403 0.040880
2.456818 2.058432 0.043293
2.563031 2.194422 0.043041
2.761130 2.138403 0.040880
1.265842 5.627744 0.049369
1.075692 5.726828 0.047301
0.916668 5.463473 0.048039
0.903410 5.642716 0.048805
-0.297723 6.278091 0.047831
3.343554 3.036571 0.048594
3.343625 2.704331 0.048298
3.441420 2.866132 0.048126
3.038160 3.551551 0.048246
3.139534 3.378009 0.047730
-2.459700 -1.772655 0.043866
-2.563001 -1.916484 0.053448
-2.460126 -2.079467 0.045032
-2.456752 2.686314 0.039338
-2.559235 2.572193 0.054041
-2.755550 2.956496 0.051488
-2.456752 2.862540 0.039905
-2.558770 2.985607 0.054465
-2.762565 2.253537 0.050516
-3.442333 2.415597 0.050458
-3.737780 2.580045 0.050475
-3.639305 2.411401 0.050742
-3.638049 2.752213 0.050702
-3.142833 2.940745 0.050386
-3.339655 2.932593 0.050982
-3.439873 2.757927 0.050392
-3.342632 2.589955 0.050869
2.183511 -4.989058 0.048886
2.068898 -4.840853 0.049064
2.368738 -4.937387 0.047360
2.428426 -4.744849 0.048476
2.310372 -4.598552 0.048155
2.136071 -4.642885 0.046541
-1.186060 -5.716172 0.044524
-1.343569 -5.607351 0.050850
-0.988134 -5.680417 0.043868
-0.949615 -5.517699 0.053714
-1.680497 -4.710137 0.046122
-1.833185 -4.693293 0.045154
-1.872572 -4.493364 0.043109
3.048360 -0.855052 0.048631
3.143152 -0.698693 0.046912
3.437614 -0.853216 0.049364
3.338986 -0.696427 0.046619
3.060843 -1.522411 0.048725
3.153723 -1.694602 0.047755
2.864519 -1.832225 0.050272
3.053212 -1.865311 0.049486
2.766212 -1.325457 0.046159
2.564102 -1.328209 0.048774
2.770808 -1.642287 0.043675
2.866621 -1.503182 0.049872
2.461213 -1.489040 0.043820
2.567510 -1.625394 0.047245
3.057575 -4.917602 0.049132
2.680312 -5.025665 0.047354
2.910197 -4.785496 0.047046
2.731423 -4.833635 0.048433
3.136772 -4.555497 0.046487
2.960373 -4.595573 0.047588
2.837156 -4.445235 0.047289
3.189670 -4.367993 0.047200
3.069637 -4.214828 0.047219
2.893523 -4.251994 0.047236
2.458027 -3.219772 0.042834
2.751687 -3.415014 0.048403
2.555881 -3.397457 0.050609
3.148537 -3.048046 0.047668
3.054926 -2.888004 0.048542
3.047204 -3.220777 0.048639
2.853345 -3.237697 0.048127
2.864519 1.832225 0.050272
2.761215 1.952212 0.041318
2.770808 1.642287 0.043675
2.567510 1.625394 0.047245
2.463123 1.775137 0.044615
2.563116 1.912017 0.043448
1.106076 5.191879 0.050435
1.103269 5.373304 0.047751
1.272428 5.102355 0.044788
1.280162 5.453463 0.046611
1.465627 5.184171 0.049661
1.476167 5.353855 0.049825
0.000271 6.282571 0.046483
-0.145679 6.172249 0.050683
0.166358 6.180700 0.051828
0.177356 5.977540 0.049287
0.010637 5.865336 0.050431
-0.146312 5.958174 0.049544
3.152149 2.714727 0.048047
3.057230 2.551236 0.048351
2.864484 2.578297 0.049793
2.844173 3.571636 0.048131
2.748806 3.751808 0.048687
2.454680 3.515483 0.039448
2.454680 3.692482 0.038492
2.555119 3.800625 0.051330
-2.460126 2.079467 0.045032
-2.459308 2.386492 0.043578
-2.562609 2.244197 0.053587
-2.559795 1.589991 0.053599
-2.758669 1.559093 0.051096
-2.459700 1.772655 0.043866
-2.563001 1.916484 0.053448
-3.146191 2.595524 0.050551
-2.857111 2.426986 0.050460
-3.050990 2.424615 0.050989
-2.757081 2.603346 0.051237
-2.851378 2.777099 0.050809
-3.046609 2.771647 0.051041
-1.069385 -4.810960 0.047141
-1.392299 -4.802738 0.043237
-1.245885 -4.905285 0.053218
-0.915896 -4.918482 0.051560
-0.601650 -4.927402 0.051563
-0.757747 -4.815935 0.048649
-0.921129 -5.126233 0.050401
-0.602476 -5.146587 0.051783
-0.763806 -5.242871 0.050247
-1.099923 -5.203828 0.052531
-1.120824 -5.378786 0.045830
-1.271190 -5.090402 0.046762
-1.316852 -5.432684 0.047543
-1.467575 -5.155187 0.047769
-1.492336 -5.322510 0.049482
3.348580 -1.360123 0.048426
3.155466 -1.357289 0.048014
3.442657 -1.190165 0.049288
3.343163 -1.025491 0.047340
3.056124 -1.186902 0.048781
3.149743 -1.025062 0.048091
3.037817 -5.080734 0.041819
2.833957 -5.287863 0.038206
2.839327 -5.140658 0.050010
2.765211 -2.760778 0.045652
2.860734 -2.906994 0.048915
2.760486 -3.083956 0.047152
2.560974 -3.083588 0.049582
2.563761 -2.776690 0.048300
2.459772 -2.922539 0.044211
3.047204 3.220777 0.048639
3.148537 3.048046 0.047668
3.054926 2.888004 0.048542
-2.763373 1.906731 0.050427
-3.054594 2.076841 0.050761
-2.860455 2.079054 0.050548
-3.151787 1.901903 0.050413
-3.053222 1.729388 0.050873
-2.858947 1.732003 0.050471
2.458027 3.219772 0.042834
2.853345 3.237697 0.048127
2.555881 3.397457 0.050609
2.751687 3.415014 0.048403
2.560974 3.083588 0.049582
2.459772 2.922539 0.044211
2.563761 2.776690 0.048300
2.760486 3.083956 0.047152
2.765211 2.760778 0.045652
2.860734 2.906994 0.048915
