3.709072 4.372312 0.018690
3.488802 4.592581 0.018690
3.268532 4.812851 0.018690
3.048263 5.033120 0.018690
2.827993 5.253390 0.018690
2.607724 5.473660 0.018690
2.387454 5.693929 0.018690
2.167184 5.914199 0.018690
1.946915 6.134468 0.018690
1.683715 6.244603 0.018368
1.377585 6.244603 0.018368
1.071455 6.244603 0.018368
0.765325 6.244603 0.018368
0.459195 6.244603 0.018368
0.153065 6.244603 0.018368
-0.153065 6.244603 0.018368
-0.459195 6.244603 0.018368
-0.765325 6.244603 0.018368
-1.071455 6.244603 0.018368
-1.377585 6.244603 0.018368
-1.683715 6.244603 0.018368
-1.946915 6.134468 0.018690
-2.167184 5.914199 0.018690
-2.387454 5.693929 0.018690
-2.607724 5.473660 0.018690
-2.827993 5.253390 0.018690
-3.048263 5.033120 0.018690
-3.268532 4.812851 0.018690
-3.488802 4.592581 0.018690
-3.709072 4.372312 0.018690
-3.819206 4.109956 0.018266
-3.819206 3.805515 0.018266
-3.819206 3.501074 0.018266
-3.819206 3.196633 0.018266
-3.819206 2.892191 0.018266
-3.819206 2.587750 0.018266
-3.819206 2.283309 0.018266
-3.819206 1.978868 0.018266
-3.819206 1.674427 0.018266
-3.819206 1.369985 0.018266
-3.819206 1.065544 0.018266
-3.819206 0.761103 0.018266
-3.819206 0.456662 0.018266
-3.819206 0.152221 0.018266
-3.819206 -0.152221 0.018266
-3.819206 -0.456662 0.018266
-3.819206 -0.761103 0.018266
-3.819206 -1.065544 0.018266
-3.819206 -1.369985 0.018266
-3.819206 -1.674427 0.018266
-3.819206 -1.978868 0.018266
-3.819206 -2.283309 0.018266
-3.819206 -2.587750 0.018266
-3.819206 -2.892191 0.018266
-3.819206 -3.196633 0.018266
-3.819206 -3.501074 0.018266
-3.819206 -3.805515 0.018266
-3.819206 -4.109956 0.018266
-3.709072 -4.372312 0.018690
-3.488802 -4.592581 0.018690
-3.268532 -4.812851 0.018690
-3.048263 -5.033120 0.018690
-2.827993 -5.253390 0.018690
-2.607724 -5.473660 0.018690
-2.387454 -5.693929 0.018690
-2.167184 -5.914199 0.018690
-1.946915 -6.134468 0.018690
-1.683715 -6.244603 0.018368
-1.377585 -6.244603 0.018368
-1.071455 -6.244603 0.018368
-0.765325 -6.244603 0.018368
-0.459195 -6.244603 0.018368
-0.153065 -6.244603 0.018368
0.153065 -6.244603 0.018368
0.459195 -6.244603 0.018368
0.765325 -6.244603 0.018368
1.071455 -6.244603 0.018368
1.377585 -6.244603 0.018368
1.683715 -6.244603 0.018368
1.946915 -6.134468 0.018690
2.167184 -5.914199 0.018690
2.387454 -5.693929 0.018690
2.607724 -5.473660 0.018690
2.827993 -5.253390 0.018690
3.048263 -5.033120 0.018690
3.268532 -4.812851 0.018690
3.488802 -4.592581 0.018690
3.709072 -4.372312 0.018690
3.819206 -4.109956 0.018266
3.819206 -3.805515 0.018266
3.819206 -3.501074 0.018266
3.819206 -3.196633 0.018266
3.819206 -2.892191 0.018266
3.819206 -2.587750 0.018266
3.819206 -2.283309 0.018266
3.819206 -1.978868 0.018266
3.819206 -1.674427 0.018266
3.819206 -1.369985 0.018266
3.819206 -1.065544 0.018266
3.819206 -0.761103 0.018266
3.819206 -0.456662 0.018266
3.819206 -0.152221 0.018266
3.819206 0.152221 0.018266
3.819206 0.456662 0.018266
3.819206 0.761103 0.018266
3.819206 1.065544 0.018266
3.819206 1.369985 0.018266
3.819206 1.674427 0.018266
3.819206 1.978868 0.018266
3.819206 2.283309 0.018266
3.819206 2.587750 0.018266
3.819206 2.892191 0.018266
3.819206 3.196633 0.018266
3.819206 3.501074 0.018266
3.819206 3.805515 0.018266
3.819206 4.109956 0.018266
2.142944 3.823292 0.023124
1.870420 4.095816 0.023124
1.597895 4.368341 0.023124
1.299229 4.504603 0.019488
0.974422 4.504603 0.019488
0.649615 4.504603 0.019488
0.324807 4.504603 0.019488
0.000000 4.504603 0.019488
-0.324807 4.504603 0.019488
-0.649615 4.504603 0.019488
-0.974422 4.504603 0.019488
-1.299229 4.504603 0.019488
-1.597895 4.368341 0.023124
-1.870420 4.095816 0.023124
-2.142944 3.823292 0.023124
-2.279206 3.533403 0.018435
-2.279206 3.226151 0.018435
-2.279206 2.918898 0.018435
-2.279206 2.611646 0.018435
-2.279206 2.304393 0.018435
-2.279206 1.997141 0.018435
-2.279206 1.689889 0.018435
-2.279206 1.382636 0.018435
-2.279206 1.075384 0.018435
-2.279206 0.768131 0.018435
-2.279206 0.460879 0.018435
-2.279206 0.153626 0.018435
-2.279206 -0.153626 0.018435
-2.279206 -0.460879 0.018435
-2.279206 -0.768131 0.018435
-2.279206 -1.075384 0.018435
-2.279206 -1.382636 0.018435
-2.279206 -1.689889 0.018435
-2.279206 -1.997141 0.018435
-2.279206 -2.304393 0.018435
-2.279206 -2.611646 0.018435
-2.279206 -2.918898 0.018435
-2.279206 -3.226151 0.018435
-2.279206 -3.533403 0.018435
-2.142944 -3.823292 0.023124
-1.870420 -4.095816 0.023124
-1.597895 -4.368341 0.023124
-1.299229 -4.504603 0.019488
-0.974422 -4.504603 0.019488
-0.649615 -4.504603 0.019488
-0.324807 -4.504603 0.019488
0.000000 -4.504603 0.019488
0.324807 -4.504603 0.019488
0.649615 -4.504603 0.019488
0.974422 -4.504603 0.019488
1.299229 -4.504603 0.019488
1.597895 -4.368341 0.023124
1.870420 -4.095816 0.023124
2.142944 -3.823292 0.023124
2.279206 -3.533403 0.018435
2.279206 -3.226151 0.018435
2.279206 -2.918898 0.018435
2.279206 -2.611646 0.018435
2.279206 -2.304393 0.018435
2.279206 -1.997141 0.018435
2.279206 -1.689889 0.018435
2.279206 -1.382636 0.018435
2.279206 -1.075384 0.018435
2.279206 -0.768131 0.018435
2.279206 -0.460879 0.018435
2.279206 -0.153626 0.018435
2.279206 0.153626 0.018435
2.279206 0.460879 0.018435
2.279206 0.768131 0.018435
2.279206 1.075384 0.018435
2.279206 1.382636 0.018435
2.279206 1.689889 0.018435
2.279206 1.997141 0.018435
2.279206 2.304393 0.018435
2.279206 2.611646 0.018435
2.279206 2.918898 0.018435
2.279206 3.226151 0.018435
2.279206 3.533403 0.018435
