3.852698 4.481496 0.001612
3.743540 4.590655 0.001612
3.634381 4.699813 0.001612
3.525223 4.808972 0.001612
3.416064 4.918130 0.001612
3.306906 5.027289 0.001612
3.197747 5.136447 0.001612
3.088589 5.245606 0.001612
2.979430 5.354764 0.001612
2.870272 5.463923 0.001612
2.761114 5.573081 0.001612
2.651955 5.682240 0.001612
2.542797 5.791398 0.001612
2.433638 5.900557 0.001612
2.324480 6.009715 0.001612
2.215321 6.118874 0.001612
2.106163 6.228032 0.001612
1.997004 6.337191 0.001612
1.887846 6.446349 0.001612
1.736818 6.446349 0.001612
1.585790 6.446349 0.001612
1.434763 6.446349 0.001612
1.283735 6.446349 0.001612
1.132707 6.446349 0.001612
0.981680 6.446349 0.001612
0.830652 6.446349 0.001612
0.679624 6.446349 0.001612
0.528597 6.446349 0.001612
0.377569 6.446349 0.001612
0.226541 6.446349 0.001612
0.075514 6.446349 0.001612
-0.075514 6.446349 0.001612
-0.226541 6.446349 0.001612
-0.377569 6.446349 0.001612
-0.528597 6.446349 0.001612
-0.679624 6.446349 0.001612
-0.830652 6.446349 0.001612
-0.981680 6.446349 0.001612
-1.132707 6.446349 0.001612
-1.283735 6.446349 0.001612
-1.434763 6.446349 0.001612
-1.585790 6.446349 0.001612
-1.736818 6.446349 0.001612
-1.887846 6.446349 0.001612
-1.997004 6.337191 0.001612
-2.106163 6.228032 0.001612
-2.215321 6.118874 0.001612
-2.324480 6.009715 0.001612
-2.433638 5.900557 0.001612
-2.542797 5.791398 0.001612
-2.651955 5.682240 0.001612
-2.761114 5.573081 0.001612
-2.870272 5.463923 0.001612
-2.979430 5.354764 0.001612
-3.088589 5.245606 0.001612
-3.197747 5.136447 0.001612
-3.306906 5.027289 0.001612
-3.416064 4.918130 0.001612
-3.525223 4.808972 0.001612
-3.634381 4.699813 0.001612
-3.743540 4.590655 0.001612
-3.852698 4.481496 0.001612
-3.852698 4.329581 0.001612
-3.852698 4.177666 0.001612
-3.852698 4.025751 0.001612
-3.852698 3.873836 0.001612
-3.852698 3.721921 0.001612
-3.852698 3.570006 0.001612
-3.852698 3.418090 0.001612
-3.852698 3.266175 0.001612
-3.852698 3.114260 0.001612
-3.852698 2.962345 0.001612
-3.852698 2.810430 0.001612
-3.852698 2.658515 0.001612
-3.852698 2.506600 0.001612
-3.852698 2.354685 0.001612
-3.852698 2.202769 0.001612
-3.852698 2.050854 0.001612
-3.852698 1.898939 0.001612
-3.852698 1.747024 0.001612
-3.852698 1.595109 0.001612
-3.852698 1.443194 0.001612
-3.852698 1.291279 0.001612
-3.852698 1.139363 0.001612
-3.852698 0.987448 0.001612
-3.852698 0.835533 0.001612
-3.852698 0.683618 0.001612
-3.852698 0.531703 0.001612
-3.852698 0.379788 0.001612
-3.852698 0.227873 0.001612
-3.852698 0.075958 0.001612
-3.852698 -0.075958 0.001612
-3.852698 -0.227873 0.001612
-3.852698 -0.379788 0.001612
-3.852698 -0.531703 0.001612
-3.852698 -0.683618 0.001612
-3.852698 -0.835533 0.001612
-3.852698 -0.987448 0.001612
-3.852698 -1.139363 0.001612
-3.852698 -1.291279 0.001612
-3.852698 -1.443194 0.001612
-3.852698 -1.595109 0.001612
-3.852698 -1.747024 0.001612
-3.852698 -1.898939 0.001612
-3.852698 -2.050854 0.001612
-3.852698 -2.202769 0.001612
-3.852698 -2.354685 0.001612
-3.852698 -2.506600 0.001612
-3.852698 -2.658515 0.001612
-3.852698 -2.810430 0.001612
-3.852698 -2.962345 0.001612
-3.852698 -3.114260 0.001612
-3.852698 -3.266175 0.001612
-3.852698 -3.418090 0.001612
-3.852698 -3.570006 0.001612
-3.852698 -3.721921 0.001612
-3.852698 -3.873836 0.001612
-3.852698 -4.025751 0.001612
-3.852698 -4.177666 0.001612
-3.852698 -4.329581 0.001612
-3.852698 -4.481496 0.001612
-3.743540 -4.590655 0.001612
-3.634381 -4.699813 0.001612
-3.525223 -4.808972 0.001612
-3.416064 -4.918130 0.001612
-3.306906 -5.027289 0.001612
-3.197747 -5.136447 0.001612
-3.088589 -5.245606 0.001612
-2.979430 -5.354764 0.001612
-2.870272 -5.463923 0.001612
-2.761114 -5.573081 0.001612
-2.651955 -5.682240 0.001612
-2.542797 -5.791398 0.001612
-2.433638 -5.900557 0.001612
-2.324480 -6.009715 0.001612
-2.215321 -6.118874 0.001612
-2.106163 -6.228032 0.001612
-1.997004 -6.337191 0.001612
-1.887846 -6.446349 0.001612
-1.736818 -6.446349 0.001612
-1.585790 -6.446349 0.001612
-1.434763 -6.446349 0.001612
-1.283735 -6.446349 0.001612
-1.132707 -6.446349 0.001612
-0.981680 -6.446349 0.001612
-0.830652 -6.446349 0.001612
-0.679624 -6.446349 0.001612
-0.528597 -6.446349 0.001612
-0.377569 -6.446349 0.001612
-0.226541 -6.446349 0.001612
-0.075514 -6.446349 0.001612
0.075514 -6.446349 0.001612
0.226541 -6.446349 0.001612
0.377569 -6.446349 0.001612
0.528597 -6.446349 0.001612
0.679624 -6.446349 0.001612
0.830652 -6.446349 0.001612
0.981680 -6.446349 0.001612
1.132707 -6.446349 0.001612
1.283735 -6.446349 0.001612
1.434763 -6.446349 0.001612
1.585790 -6.446349 0.001612
1.736818 -6.446349 0.001612
1.887846 -6.446349 0.001612
1.997004 -6.337191 0.001612
2.106163 -6.228032 0.001612
2.215321 -6.118874 0.001612
2.324480 -6.009715 0.001612
2.433638 -5.900557 0.001612
2.542797 -5.791398 0.001612
2.651955 -5.682240 0.001612
2.761114 -5.573081 0.001612
2.870272 -5.463923 0.001612
2.979430 -5.354764 0.001612
3.088589 -5.245606 0.001612
3.197747 -5.136447 0.001612
3.306906 -5.027289 0.001612
3.416064 -4.918130 0.001612
3.525223 -4.808972 0.001612
3.634381 -4.699813 0.001612
3.743540 -4.590655 0.001612
3.852698 -4.481496 0.001612
3.852698 -4.329581 0.001612
3.852698 -4.177666 0.001612
3.852698 -4.025751 0.001612
3.852698 -3.873836 0.001612
3.852698 -3.721921 0.001612
3.852698 -3.570006 0.001612
3.852698 -3.418090 0.001612
3.852698 -3.266175 0.001612
3.852698 -3.114260 0.001612
3.852698 -2.962345 0.001612
3.852698 -2.810430 0.001612
3.852698 -2.658515 0.001612
3.852698 -2.506600 0.001612
3.852698 -2.354685 0.001612
3.852698 -2.202769 0.001612
3.852698 -2.050854 0.001612
3.852698 -1.898939 0.001612
3.852698 -1.747024 0.001612
3.852698 -1.595109 0.001612
3.852698 -1.443194 0.001612
3.852698 -1.291279 0.001612
3.852698 -1.139363 0.001612
3.852698 -0.987448 0.001612
3.852698 -0.835533 0.001612
3.852698 -0.683618 0.001612
3.852698 -0.531703 0.001612
3.852698 -0.379788 0.001612
3.852698 -0.227873 0.001612
3.852698 -0.075958 0.001612
3.852698 0.075958 0.001612
3.852698 0.227873 0.001612
3.852698 0.379788 0.001612
3.852698 0.531703 0.001612
3.852698 0.683618 0.001612
3.852698 0.835533 0.001612
3.852698 0.987448 0.001612
3.852698 1.139363 0.001612
3.852698 1.291279 0.001612
3.852698 1.443194 0.001612
3.852698 1.595109 0.001612
3.852698 1.747024 0.001612
3.852698 1.898939 0.001612
3.852698 2.050854 0.001612
3.852698 2.202769 0.001612
3.852698 2.354685 0.001612
3.852698 2.506600 0.001612
3.852698 2.658515 0.001612
3.852698 2.810430 0.001612
3.852698 2.962345 0.001612
3.852698 3.114260 0.001612
3.852698 3.266175 0.001612
3.852698 3.418090 0.001612
3.852698 3.570006 0.001612
3.852698 3.721921 0.001612
3.852698 3.873836 0.001612
3.852698 4.025751 0.001612
3.852698 4.177666 0.001612
3.852698 4.329581 0.001612
2.372698 3.931202 0.000804
2.253392 4.050509 0.000804
2.134085 4.169816 0.000804
2.014778 4.289122 0.000804
1.895471 4.408429 0.000804
1.776165 4.527736 0.000804
1.656858 4.647042 0.000804
1.537551 4.766349 0.000804
1.383796 4.766349 0.000804
1.230041 4.766349 0.000804
1.076286 4.766349 0.000804
0.922531 4.766349 0.000804
0.768776 4.766349 0.000804
0.615020 4.766349 0.000804
0.461265 4.766349 0.000804
0.307510 4.766349 0.000804
0.153755 4.766349 0.000804
0.000000 4.766349 0.000804
-0.153755 4.766349 0.000804
-0.307510 4.766349 0.000804
-0.461265 4.766349 0.000804
-0.615020 4.766349 0.000804
-0.768776 4.766349 0.000804
-0.922531 4.766349 0.000804
-1.076286 4.766349 0.000804
-1.230041 4.766349 0.000804
-1.383796 4.766349 0.000804
-1.537551 4.766349 0.000804
-1.656858 4.647042 0.000804
-1.776165 4.527736 0.000804
-1.895471 4.408429 0.000804
-2.014778 4.289122 0.000804
-2.134085 4.169816 0.000804
-2.253392 4.050509 0.000804
-2.372698 3.931202 0.000804
-2.372698 3.780002 0.000804
-2.372698 3.628802 0.000804
-2.372698 3.477602 0.000804
-2.372698 3.326402 0.000804
-2.372698 3.175202 0.000804
-2.372698 3.024002 0.000804
-2.372698 2.872801 0.000804
-2.372698 2.721601 0.000804
-2.372698 2.570401 0.000804
-2.372698 2.419201 0.000804
-2.372698 2.268001 0.000804
-2.372698 2.116801 0.000804
-2.372698 1.965601 0.000804
-2.372698 1.814401 0.000804
-2.372698 1.663201 0.000804
-2.372698 1.512001 0.000804
-2.372698 1.360801 0.000804
-2.372698 1.209601 0.000804
-2.372698 1.058401 0.000804
-2.372698 0.907200 0.000804
-2.372698 0.756000 0.000804
-2.372698 0.604800 0.000804
-2.372698 0.453600 0.000804
-2.372698 0.302400 0.000804
-2.372698 0.151200 0.000804
-2.372698 -0.000000 0.000804
-2.372698 -0.151200 0.000804
-2.372698 -0.302400 0.000804
-2.372698 -0.453600 0.000804
-2.372698 -0.604800 0.000804
-2.372698 -0.756000 0.000804
-2.372698 -0.907200 0.000804
-2.372698 -1.058401 0.000804
-2.372698 -1.209601 0.000804
-2.372698 -1.360801 0.000804
-2.372698 -1.512001 0.000804
-2.372698 -1.663201 0.000804
-2.372698 -1.814401 0.000804
-2.372698 -1.965601 0.000804
-2.372698 -2.116801 0.000804
-2.372698 -2.268001 0.000804
-2.372698 -2.419201 0.000804
-2.372698 -2.570401 0.000804
-2.372698 -2.721601 0.000804
-2.372698 -2.872801 0.000804
-2.372698 -3.024002 0.000804
-2.372698 -3.175202 0.000804
-2.372698 -3.326402 0.000804
-2.372698 -3.477602 0.000804
-2.372698 -3.628802 0.000804
-2.372698 -3.780002 0.000804
-2.372698 -3.931202 0.000804
-2.253392 -4.050509 0.000804
-2.134085 -4.169816 0.000804
-2.014778 -4.289122 0.000804
-1.895471 -4.408429 0.000804
-1.776165 -4.527736 0.000804
-1.656858 -4.647042 0.000804
-1.537551 -4.766349 0.000804
-1.383796 -4.766349 0.000804
-1.230041 -4.766349 0.000804
-1.076286 -4.766349 0.000804
-0.922531 -4.766349 0.000804
-0.768776 -4.766349 0.000804
-0.615020 -4.766349 0.000804
-0.461265 -4.766349 0.000804
-0.307510 -4.766349 0.000804
-0.153755 -4.766349 0.000804
-0.000000 -4.766349 0.000804
0.153755 -4.766349 0.000804
0.307510 -4.766349 0.000804
0.461265 -4.766349 0.000804
0.615020 -4.766349 0.000804
0.768776 -4.766349 0.000804
0.922531 -4.766349 0.000804
1.076286 -4.766349 0.000804
1.230041 -4.766349 0.000804
1.383796 -4.766349 0.000804
1.537551 -4.766349 0.000804
1.656858 -4.647042 0.000804
1.776165 -4.527736 0.000804
1.895471 -4.408429 0.000804
2.014778 -4.289122 0.000804
2.134085 -4.169816 0.000804
2.253392 -4.050509 0.000804
2.372698 -3.931202 0.000804
2.372698 -3.780002 0.000804
2.372698 -3.628802 0.000804
2.372698 -3.477602 0.000804
2.372698 -3.326402 0.000804
2.372698 -3.175202 0.000804
2.372698 -3.024002 0.000804
2.372698 -2.872801 0.000804
2.372698 -2.721601 0.000804
2.372698 -2.570401 0.000804
2.372698 -2.419201 0.000804
2.372698 -2.268001 0.000804
2.372698 -2.116801 0.000804
2.372698 -1.965601 0.000804
2.372698 -1.814401 0.000804
2.372698 -1.663201 0.000804
2.372698 -1.512001 0.000804
2.372698 -1.360801 0.000804
2.372698 -1.209601 0.000804
2.372698 -1.058401 0.000804
2.372698 -0.907200 0.000804
2.372698 -0.756000 0.000804
2.372698 -0.604800 0.000804
2.372698 -0.453600 0.000804
2.372698 -0.302400 0.000804
2.372698 -0.151200 0.000804
2.372698 0.000000 0.000804
2.372698 0.151200 0.000804
2.372698 0.302400 0.000804
2.372698 0.453600 0.000804
2.372698 0.604800 0.000804
2.372698 0.756000 0.000804
2.372698 0.907200 0.000804
2.372698 1.058401 0.000804
2.372698 1.209601 0.000804
2.372698 1.360801 0.000804
2.372698 1.512001 0.000804
2.372698 1.663201 0.000804
2.372698 1.814401 0.000804
2.372698 1.965601 0.000804
2.372698 2.116801 0.000804
2.372698 2.268001 0.000804
2.372698 2.419201 0.000804
2.372698 2.570401 0.000804
2.372698 2.721601 0.000804
2.372698 2.872801 0.000804
2.372698 3.024002 0.000804
2.372698 3.175202 0.000804
2.372698 3.326402 0.000804
2.372698 3.477602 0.000804
2.372698 3.628802 0.000804
2.372698 3.780002 0.000804
