3.804310 4.719931 0.018690
3.584040 4.940200 0.018690
3.363770 5.160470 0.018690
3.143501 5.380739 0.018690
2.923231 5.601009 0.018690
2.702962 5.821279 0.018690
2.482692 6.041548 0.018690
2.262422 6.261818 0.018690
2.042153 6.482087 0.018690
1.771017 6.592222 0.019320
1.449014 6.592222 0.019320
1.127011 6.592222 0.019320
0.805008 6.592222 0.019320
0.483005 6.592222 0.019320
0.161002 6.592222 0.019320
-0.161002 6.592222 0.019320
-0.483005 6.592222 0.019320
-0.805008 6.592222 0.019320
-1.127011 6.592222 0.019320
-1.449014 6.592222 0.019320
-1.771017 6.592222 0.019320
-2.042153 6.482087 0.018690
-2.262422 6.261818 0.018690
-2.482692 6.041548 0.018690
-2.702962 5.821279 0.018690
-2.923231 5.601009 0.018690
-3.143501 5.380739 0.018690
-3.363770 5.160470 0.018690
-3.584040 4.940200 0.018690
-3.804310 4.719931 0.018690
-3.914444 4.456136 0.018439
-3.914444 4.148816 0.018439
-3.914444 3.841497 0.018439
-3.914444 3.534177 0.018439
-3.914444 3.226857 0.018439
-3.914444 2.919537 0.018439
-3.914444 2.612218 0.018439
-3.914444 2.304898 0.018439
-3.914444 1.997578 0.018439
-3.914444 1.690258 0.018439
-3.914444 1.382939 0.018439
-3.914444 1.075619 0.018439
-3.914444 0.768299 0.018439
-3.914444 0.460980 0.018439
-3.914444 0.153660 0.018439
-3.914444 -0.153660 0.018439
-3.914444 -0.460980 0.018439
-3.914444 -0.768299 0.018439
-3.914444 -1.075619 0.018439
-3.914444 -1.382939 0.018439
-3.914444 -1.690258 0.018439
-3.914444 -1.997578 0.018439
-3.914444 -2.304898 0.018439
-3.914444 -2.612218 0.018439
-3.914444 -2.919537 0.018439
-3.914444 -3.226857 0.018439
-3.914444 -3.534177 0.018439
-3.914444 -3.841497 0.018439
-3.914444 -4.148816 0.018439
-3.914444 -4.456136 0.018439
-3.804310 -4.719931 0.018690
-3.584040 -4.940200 0.018690
-3.363770 -5.160470 0.018690
-3.143501 -5.380739 0.018690
-2.923231 -5.601009 0.018690
-2.702962 -5.821279 0.018690
-2.482692 -6.041548 0.018690
-2.262422 -6.261818 0.018690
-2.042153 -6.482087 0.018690
-1.771017 -6.592222 0.019320
-1.449014 -6.592222 0.019320
-1.127011 -6.592222 0.019320
-0.805008 -6.592222 0.019320
-0.483005 -6.592222 0.019320
-0.161002 -6.592222 0.019320
0.161002 -6.592222 0.019320
0.483005 -6.592222 0.019320
0.805008 -6.592222 0.019320
1.127011 -6.592222 0.019320
1.449014 -6.592222 0.019320
1.771017 -6.592222 0.019320
2.042153 -6.482087 0.018690
2.262422 -6.261818 0.018690
2.482692 -6.041548 0.018690
2.702962 -5.821279 0.018690
2.923231 -5.601009 0.018690
3.143501 -5.380739 0.018690
3.363770 -5.160470 0.018690
3.584040 -4.940200 0.018690
3.804310 -4.719931 0.018690
3.914444 -4.456136 0.018439
3.914444 -4.148816 0.018439
3.914444 -3.841497 0.018439
3.914444 -3.534177 0.018439
3.914444 -3.226857 0.018439
3.914444 -2.919537 0.018439
3.914444 -2.612218 0.018439
3.914444 -2.304898 0.018439
3.914444 -1.997578 0.018439
3.914444 -1.690258 0.018439
3.914444 -1.382939 0.018439
3.914444 -1.075619 0.018439
3.914444 -0.768299 0.018439
3.914444 -0.460980 0.018439
3.914444 -0.153660 0.018439
3.914444 0.153660 0.018439
3.914444 0.460980 0.018439
3.914444 0.768299 0.018439
3.914444 1.075619 0.018439
3.914444 1.382939 0.018439
3.914444 1.690258 0.018439
3.914444 1.997578 0.018439
3.914444 2.304898 0.018439
3.914444 2.612218 0.018439
3.914444 2.919537 0.018439
3.914444 3.226857 0.018439
3.914444 3.534177 0.018439
3.914444 3.841497 0.018439
3.914444 4.148816 0.018439
3.914444 4.456136 0.018439
2.238182 4.170911 0.023124
1.965658 4.443435 0.023124
1.693133 4.715960 0.023124
1.401184 4.852222 0.018682
1.089810 4.852222 0.018682
0.778435 4.852222 0.018682
0.467061 4.852222 0.018682
0.155687 4.852222 0.018682
-0.155687 4.852222 0.018682
-0.467061 4.852222 0.018682
-0.778435 4.852222 0.018682
-1.089810 4.852222 0.018682
-1.401184 4.852222 0.018682
-1.693133 4.715960 0.023124
-1.965658 4.443435 0.023124
-2.238182 4.170911 0.023124
-2.374444 3.879470 0.018621
-2.374444 3.569112 0.018621
-2.374444 3.258755 0.018621
-2.374444 2.948397 0.018621
-2.374444 2.638039 0.018621
-2.374444 2.327682 0.018621
-2.374444 2.017324 0.018621
-2.374444 1.706967 0.018621
-2.374444 1.396609 0.018621
-2.374444 1.086252 0.018621
-2.374444 0.775894 0.018621
-2.374444 0.465536 0.018621
-2.374444 0.155179 0.018621
-2.374444 -0.155179 0.018621
-2.374444 -0.465536 0.018621
-2.374444 -0.775894 0.018621
-2.374444 -1.086252 0.018621
-2.374444 -1.396609 0.018621
-2.374444 -1.706967 0.018621
-2.374444 -2.017324 0.018621
-2.374444 -2.327682 0.018621
-2.374444 -2.638039 0.018621
-2.374444 -2.948397 0.018621
-2.374444 -3.258755 0.018621
-2.374444 -3.569112 0.018621
-2.374444 -3.879470 0.018621
-2.238182 -4.170911 0.023124
-1.965658 -4.443435 0.023124
-1.693133 -4.715960 0.023124
-1.401184 -4.852222 0.018682
-1.089810 -4.852222 0.018682
-0.778435 -4.852222 0.018682
-0.467061 -4.852222 0.018682
-0.155687 -4.852222 0.018682
0.155687 -4.852222 0.018682
0.467061 -4.852222 0.018682
0.778435 -4.852222 0.018682
1.089810 -4.852222 0.018682
1.401184 -4.852222 0.018682
1.693133 -4.715960 0.023124
1.965658 -4.443435 0.023124
2.238182 -4.170911 0.023124
2.374444 -3.879470 0.018621
2.374444 -3.569112 0.018621
2.374444 -3.258755 0.018621
2.374444 -2.948397 0.018621
2.374444 -2.638039 0.018621
2.374444 -2.327682 0.018621
2.374444 -2.017324 0.018621
2.374444 -1.706967 0.018621
2.374444 -1.396609 0.018621
2.374444 -1.086252 0.018621
2.374444 -0.775894 0.018621
2.374444 -0.465536 0.018621
2.374444 -0.155179 0.018621
2.374444 0.155179 0.018621
2.374444 0.465536 0.018621
2.374444 0.775894 0.018621
2.374444 1.086252 0.018621
2.374444 1.396609 0.018621
2.374444 1.706967 0.018621
2.374444 2.017324 0.018621
2.374444 2.327682 0.018621
2.374444 2.638039 0.018621
2.374444 2.948397 0.018621
2.374444 3.258755 0.018621
2.374444 3.569112 0.018621
2.374444 3.879470 0.018621
