3.613833 4.024693 0.018690
3.393564 4.244962 0.018690
3.173294 4.465232 0.018690
2.953025 4.685501 0.018690
2.732755 4.905771 0.018690
2.512485 5.126041 0.018690
2.292216 5.346310 0.018690
2.071946 5.566580 0.018690
1.851677 5.786849 0.018690
1.583220 5.896984 0.018999
1.266576 5.896984 0.018999
0.949932 5.896984 0.018999
0.633288 5.896984 0.018999
0.316644 5.896984 0.018999
0.000000 5.896984 0.018999
-0.316644 5.896984 0.018999
-0.633288 5.896984 0.018999
-0.949932 5.896984 0.018999
-1.266576 5.896984 0.018999
-1.583220 5.896984 0.018999
-1.851677 5.786849 0.018690
-2.071946 5.566580 0.018690
-2.292216 5.346310 0.018690
-2.512485 5.126041 0.018690
-2.732755 4.905771 0.018690
-2.953025 4.685501 0.018690
-3.173294 4.465232 0.018690
-3.393564 4.244962 0.018690
-3.613833 4.024693 0.018690
-3.723968 3.763998 0.018067
-3.723968 3.462878 0.018067
-3.723968 3.161758 0.018067
-3.723968 2.860638 0.018067
-3.723968 2.559519 0.018067
-3.723968 2.258399 0.018067
-3.723968 1.957279 0.018067
-3.723968 1.656159 0.018067
-3.723968 1.355039 0.018067
-3.723968 1.053919 0.018067
-3.723968 0.752800 0.018067
-3.723968 0.451680 0.018067
-3.723968 0.150560 0.018067
-3.723968 -0.150560 0.018067
-3.723968 -0.451680 0.018067
-3.723968 -0.752800 0.018067
-3.723968 -1.053919 0.018067
-3.723968 -1.355039 0.018067
-3.723968 -1.656159 0.018067
-3.723968 -1.957279 0.018067
-3.723968 -2.258399 0.018067
-3.723968 -2.559519 0.018067
-3.723968 -2.860638 0.018067
-3.723968 -3.161758 0.018067
-3.723968 -3.462878 0.018067
-3.723968 -3.763998 0.018067
-3.613833 -4.024693 0.018690
-3.393564 -4.244962 0.018690
-3.173294 -4.465232 0.018690
-2.953025 -4.685501 0.018690
-2.732755 -4.905771 0.018690
-2.512485 -5.126041 0.018690
-2.292216 -5.346310 0.018690
-2.071946 -5.566580 0.018690
-1.851677 -5.786849 0.018690
-1.583220 -5.896984 0.018999
-1.266576 -5.896984 0.018999
-0.949932 -5.896984 0.018999
-0.633288 -5.896984 0.018999
-0.316644 -5.896984 0.018999
0.000000 -5.896984 0.018999
0.316644 -5.896984 0.018999
0.633288 -5.896984 0.018999
0.949932 -5.896984 0.018999
1.266576 -5.896984 0.018999
1.583220 -5.896984 0.018999
1.851677 -5.786849 0.018690
2.071946 -5.566580 0.018690
2.292216 -5.346310 0.018690
2.512485 -5.126041 0.018690
2.732755 -4.905771 0.018690
2.953025 -4.685501 0.018690
3.173294 -4.465232 0.018690
3.393564 -4.244962 0.018690
3.613833 -4.024693 0.018690
3.723968 -3.763998 0.018067
3.723968 -3.462878 0.018067
3.723968 -3.161758 0.018067
3.723968 -2.860638 0.018067
3.723968 -2.559519 0.018067
3.723968 -2.258399 0.018067
3.723968 -1.957279 0.018067
3.723968 -1.656159 0.018067
3.723968 -1.355039 0.018067
3.723968 -1.053919 0.018067
3.723968 -0.752800 0.018067
3.723968 -0.451680 0.018067
3.723968 -0.150560 0.018067
3.723968 0.150560 0.018067
3.723968 0.451680 0.018067
3.723968 0.752800 0.018067
3.723968 1.053919 0.018067
3.723968 1.355039 0.018067
3.723968 1.656159 0.018067
3.723968 1.957279 0.018067
3.723968 2.258399 0.018067
3.723968 2.559519 0.018067
3.723968 2.860638 0.018067
3.723968 3.161758 0.018067
3.723968 3.462878 0.018067
3.723968 3.763998 0.018067
2.047706 3.475673 0.023124
1.775181 3.748197 0.023124
1.502657 4.020722 0.023124
1.214573 4.156984 0.018219
0.910930 4.156984 0.018219
0.607287 4.156984 0.018219
0.303643 4.156984 0.018219
0.000000 4.156984 0.018219
-0.303643 4.156984 0.018219
-0.607287 4.156984 0.018219
-0.910930 4.156984 0.018219
-1.214573 4.156984 0.018219
-1.502657 4.020722 0.023124
-1.775181 3.748197 0.023124
-2.047706 3.475673 0.023124
-2.183968 3.187619 0.018215
-2.183968 2.884036 0.018215
-2.183968 2.580454 0.018215
-2.183968 2.276871 0.018215
-2.183968 1.973288 0.018215
-2.183968 1.669705 0.018215
-2.183968 1.366122 0.018215
-2.183968 1.062540 0.018215
-2.183968 0.758957 0.018215
-2.183968 0.455374 0.018215
-2.183968 0.151791 0.018215
-2.183968 -0.151791 0.018215
-2.183968 -0.455374 0.018215
-2.183968 -0.758957 0.018215
-2.183968 -1.062540 0.018215
-2.183968 -1.366122 0.018215
-2.183968 -1.669705 0.018215
-2.183968 -1.973288 0.018215
-2.183968 -2.276871 0.018215
-2.183968 -2.580454 0.018215
-2.183968 -2.884036 0.018215
-2.183968 -3.187619 0.018215
-2.047706 -3.475673 0.023124
-1.775181 -3.748197 0.023124
-1.502657 -4.020722 0.023124
-1.214573 -4.156984 0.018219
-0.910930 -4.156984 0.018219
-0.607287 -4.156984 0.018219
-0.303643 -4.156984 0.018219
-0.000000 -4.156984 0.018219
0.303643 -4.156984 0.018219
0.607287 -4.156984 0.018219
0.910930 -4.156984 0.018219
1.214573 -4.156984 0.018219
1.502657 -4.020722 0.023124
1.775181 -3.748197 0.023124
2.047706 -3.475673 0.023124
2.183968 -3.187619 0.018215
2.183968 -2.884036 0.018215
2.183968 -2.580454 0.018215
2.183968 -2.276871 0.018215
2.183968 -1.973288 0.018215
2.183968 -1.669705 0.018215
2.183968 -1.366122 0.018215
2.183968 -1.062540 0.018215
2.183968 -0.758957 0.018215
2.183968 -0.455374 0.018215
2.183968 -0.151791 0.018215
2.183968 0.151791 0.018215
2.183968 0.455374 0.018215
2.183968 0.758957 0.018215
2.183968 1.062540 0.018215
2.183968 1.366122 0.018215
2.183968 1.669705 0.018215
2.183968 1.973288 0.018215
2.183968 2.276871 0.018215
2.183968 2.580454 0.018215
2.183968 2.884036 0.018215
2.183968 3.187619 0.018215
