3.534468 3.735010 0.018690
3.314199 3.955280 0.018690
3.093929 4.175549 0.018690
2.873660 4.395819 0.018690
2.653390 4.616088 0.018690
2.433120 4.836358 0.018690
2.212851 5.056628 0.018690
1.992581 5.276897 0.018690
1.772312 5.497167 0.018690
1.511070 5.607302 0.018133
1.208856 5.607302 0.018133
0.906642 5.607302 0.018133
0.604428 5.607302 0.018133
0.302214 5.607302 0.018133
0.000000 5.607302 0.018133
-0.302214 5.607302 0.018133
-0.604428 5.607302 0.018133
-0.906642 5.607302 0.018133
-1.208856 5.607302 0.018133
-1.511070 5.607302 0.018133
-1.772312 5.497167 0.018690
-1.992581 5.276897 0.018690
-2.212851 5.056628 0.018690
-2.433120 4.836358 0.018690
-2.653390 4.616088 0.018690
-2.873660 4.395819 0.018690
-3.093929 4.175549 0.018690
-3.314199 3.955280 0.018690
-3.534468 3.735010 0.018690
-3.644603 3.473839 0.018124
-3.644603 3.171766 0.018124
-3.644603 2.869693 0.018124
-3.644603 2.567620 0.018124
-3.644603 2.265547 0.018124
-3.644603 1.963474 0.018124
-3.644603 1.661401 0.018124
-3.644603 1.359328 0.018124
-3.644603 1.057255 0.018124
-3.644603 0.755182 0.018124
-3.644603 0.453109 0.018124
-3.644603 0.151036 0.018124
-3.644603 -0.151036 0.018124
-3.644603 -0.453109 0.018124
-3.644603 -0.755182 0.018124
-3.644603 -1.057255 0.018124
-3.644603 -1.359328 0.018124
-3.644603 -1.661401 0.018124
-3.644603 -1.963474 0.018124
-3.644603 -2.265547 0.018124
-3.644603 -2.567620 0.018124
-3.644603 -2.869693 0.018124
-3.644603 -3.171766 0.018124
-3.644603 -3.473839 0.018124
-3.534468 -3.735010 0.018690
-3.314199 -3.955280 0.018690
-3.093929 -4.175549 0.018690
-2.873660 -4.395819 0.018690
-2.653390 -4.616088 0.018690
-2.433120 -4.836358 0.018690
-2.212851 -5.056628 0.018690
-1.992581 -5.276897 0.018690
-1.772312 -5.497167 0.018690
-1.511070 -5.607302 0.018133
-1.208856 -5.607302 0.018133
-0.906642 -5.607302 0.018133
-0.604428 -5.607302 0.018133
-0.302214 -5.607302 0.018133
0.000000 -5.607302 0.018133
0.302214 -5.607302 0.018133
0.604428 -5.607302 0.018133
0.906642 -5.607302 0.018133
1.208856 -5.607302 0.018133
1.511070 -5.607302 0.018133
1.772312 -5.497167 0.018690
1.992581 -5.276897 0.018690
2.212851 -5.056628 0.018690
2.433120 -4.836358 0.018690
2.653390 -4.616088 0.018690
2.873660 -4.395819 0.018690
3.093929 -4.175549 0.018690
3.314199 -3.955280 0.018690
3.534468 -3.735010 0.018690
3.644603 -3.473839 0.018124
3.644603 -3.171766 0.018124
3.644603 -2.869693 0.018124
3.644603 -2.567620 0.018124
3.644603 -2.265547 0.018124
3.644603 -1.963474 0.018124
3.644603 -1.661401 0.018124
3.644603 -1.359328 0.018124
3.644603 -1.057255 0.018124
3.644603 -0.755182 0.018124
3.644603 -0.453109 0.018124
3.644603 -0.151036 0.018124
3.644603 0.151036 0.018124
3.644603 0.453109 0.018124
3.644603 0.755182 0.018124
3.644603 1.057255 0.018124
3.644603 1.359328 0.018124
3.644603 1.661401 0.018124
3.644603 1.963474 0.018124
3.644603 2.265547 0.018124
3.644603 2.567620 0.018124
3.644603 2.869693 0.018124
3.644603 3.171766 0.018124
3.644603 3.473839 0.018124
1.968341 3.185990 0.023124
1.695816 3.458515 0.023124
1.423292 3.731039 0.023124
1.126151 3.867302 0.019305
0.804393 3.867302 0.019305
0.482636 3.867302 0.019305
0.160879 3.867302 0.019305
-0.160879 3.867302 0.019305
-0.482636 3.867302 0.019305
-0.804393 3.867302 0.019305
-1.126151 3.867302 0.019305
-1.423292 3.731039 0.023124
-1.695816 3.458515 0.023124
-1.968341 3.185990 0.023124
-2.104603 2.897242 0.018298
-2.104603 2.592269 0.018298
-2.104603 2.287296 0.018298
-2.104603 1.982323 0.018298
-2.104603 1.677350 0.018298
-2.104603 1.372378 0.018298
-2.104603 1.067405 0.018298
-2.104603 0.762432 0.018298
-2.104603 0.457459 0.018298
-2.104603 0.152486 0.018298
-2.104603 -0.152486 0.018298
-2.104603 -0.457459 0.018298
-2.104603 -0.762432 0.018298
-2.104603 -1.067405 0.018298
-2.104603 -1.372378 0.018298
-2.104603 -1.677350 0.018298
-2.104603 -1.982323 0.018298
-2.104603 -2.287296 0.018298
-2.104603 -2.592269 0.018298
-2.104603 -2.897242 0.018298
-1.968341 -3.185990 0.023124
-1.695816 -3.458515 0.023124
-1.423292 -3.731039 0.023124
-1.126151 -3.867302 0.019305
-0.804393 -3.867302 0.019305
-0.482636 -3.867302 0.019305
-0.160879 -3.867302 0.019305
0.160879 -3.867302 0.019305
0.482636 -3.867302 0.019305
0.804393 -3.867302 0.019305
1.126151 -3.867302 0.019305
1.423292 -3.731039 0.023124
1.695816 -3.458515 0.023124
1.968341 -3.185990 0.023124
2.104603 -2.897242 0.018298
2.104603 -2.592269 0.018298
2.104603 -2.287296 0.018298
2.104603 -1.982323 0.018298
2.104603 -1.677350 0.018298
2.104603 -1.372378 0.018298
2.104603 -1.067405 0.018298
2.104603 -0.762432 0.018298
2.104603 -0.457459 0.018298
2.104603 -0.152486 0.018298
2.104603 0.152486 0.018298
2.104603 0.457459 0.018298
2.104603 0.762432 0.018298
2.104603 1.067405 0.018298
2.104603 1.372378 0.018298
2.104603 1.677350 0.018298
2.104603 1.982323 0.018298
2.104603 2.287296 0.018298
2.104603 2.592269 0.018298
2.104603 2.897242 0.018298
