-2.283138 -0.945262 0.039196
-2.662992 4.585964 0.045159
-2.893738 0.840085 0.040635
-2.892599 0.985005 0.041783
-2.901928 1.552228 0.043815
-3.105100 4.150166 0.044531
-3.219433 3.798981 0.044601
2.583781 0.156937 0.046166
3.585885 0.404857 0.042082
3.484912 0.211296 0.050506
2.981875 0.138596 0.041803
3.295615 0.208046 0.050863
3.181991 0.088894 0.041947
-3.058180 -4.328418 0.044342
-2.839166 -4.546153 0.044771
-2.882520 -4.367106 0.044871
-1.859990 -4.604095 0.041316
-0.000000 -4.228820 0.038724
-1.706501 -3.920489 0.041780
-2.296831 -0.368751 0.040219
-2.305975 -0.650684 0.043813
-2.391018 -0.784970 0.043524
-2.404711 -0.491651 0.047778
3.580470 -3.293556 0.049656
3.484912 -0.211296 0.050506
2.915400 -3.693335 0.044985
2.693719 -3.398101 0.045409
2.592271 -3.248702 0.045520
2.394914 -2.964281 0.046891
2.296729 -3.135677 0.041099
2.397306 -3.268576 0.047592
0.974902 -4.798243 0.043936
0.817701 -4.888341 0.045843
2.091427 -3.669053 0.046045
2.145710 -3.480208 0.044626
2.320336 -3.446462 0.046879
1.285300 -4.608697 0.043188
-2.839166 4.546153 0.044771
-2.882520 4.367106 0.044871
-3.058180 4.328418 0.044342
-2.620378 4.765549 0.044807
-3.181991 0.088894 0.041947
-3.295615 0.208046 0.050863
-3.583856 -0.730570 0.044690
-3.491646 -0.550779 0.050023
-3.181991 -0.088894 0.041947
-3.295615 -0.208046 0.050863
-2.292802 -0.085498 0.036437
-2.391537 -0.192733 0.047252
3.580470 3.293556 0.049656
2.886005 3.381428 0.044658
3.480672 3.400630 0.039870
3.280202 3.355163 0.040547
2.145710 3.480208 0.044626
-2.700758 0.747867 0.042308
-3.484062 2.485228 0.044868
-3.581097 2.653910 0.047502
-3.484605 2.797255 0.043684
-2.997810 1.699224 0.046392
-3.587344 3.700966 0.046692
-3.512094 3.890549 0.040515
-3.280217 4.110742 0.043270
-3.337931 3.933382 0.044094
-3.293798 3.635857 0.041129
-3.480672 3.400630 0.039870
-3.487546 3.580675 0.040803
3.585610 1.377792 0.045039
3.490490 1.211833 0.047019
3.577121 -0.092145 0.041869
3.577121 0.092145 0.041869
2.899120 0.281258 0.044561
2.693819 0.299599 0.042353
-2.174015 -5.205754 0.045738
-2.400546 -4.988849 0.044228
-2.085885 -4.897464 0.043409
-2.215915 -5.030960 0.047320
-1.271637 -5.712114 0.044204
-0.960068 -5.714275 0.044351
-1.125255 -5.617342 0.045745
-0.546083 -4.226345 0.034428
-1.285300 -4.608697 0.043188
-1.121097 -4.523391 0.044483
-1.250475 -4.229598 0.037766
-1.115648 -4.329653 0.047759
-1.461405 -5.425009 0.044888
-1.577129 -5.713701 0.042923
-1.436943 -5.616768 0.045127
-3.280217 -4.110742 0.043270
-3.105100 -4.150166 0.044531
-1.615264 -4.762819 0.042134
-1.786875 -4.789707 0.043670
-1.891094 -4.934226 0.048896
-1.940370 -4.229150 0.044222
-1.733675 -4.460721 0.043025
-1.408613 -4.298472 0.042778
-1.765060 -4.278823 0.046595
-1.583125 -4.552665 0.042216
-1.437991 -4.483835 0.047892
-1.648766 -4.121773 0.047476
-1.501254 -4.134290 0.041105
-2.305975 0.650684 0.043813
-2.404711 0.491651 0.047778
2.391537 0.192733 0.047252
2.292802 0.085498 0.036437
-2.298697 -1.530208 0.043429
-3.011915 -1.394725 0.047066
-3.194431 -1.695948 0.045180
-2.930348 -1.258960 0.040188
-3.181498 -3.217029 0.045209
-2.752131 -4.224760 0.044905
-2.577184 -4.262498 0.045091
3.587344 -3.700966 0.046692
3.512094 -3.890549 0.040515
3.181498 -3.217029 0.045209
2.980755 -3.222663 0.043834
2.886005 -3.381428 0.044658
2.990626 -3.525583 0.043842
3.581097 -2.653910 0.047502
3.191450 -2.007485 0.045488
3.585885 -0.404857 0.042082
2.936054 -0.564744 0.040666
2.883907 -3.076605 0.045827
2.985304 -2.921955 0.044585
2.687709 -3.085971 0.044672
2.590929 -2.934449 0.046465
0.149457 -4.327747 0.047576
0.800497 -4.518207 0.044888
0.964499 -4.614647 0.044862
1.121097 -4.523391 0.044483
1.115648 -4.329653 0.047759
1.961122 -5.417534 0.045590
1.992299 -5.243837 0.045365
2.085885 -4.897464 0.043409
2.618351 -3.568645 0.045699
2.439933 -3.597132 0.045351
2.735411 -3.719725 0.044260
1.437991 -4.483835 0.047892
1.923789 -3.702768 0.043552
2.839166 -4.546153 0.044771
2.662992 -4.585964 0.045159
2.620378 -4.765549 0.044807
2.443985 -4.809047 0.045183
2.531400 -4.444655 0.045010
3.058180 -4.328418 0.044342
2.882520 -4.367106 0.044871
1.984542 -4.046195 0.046447
1.866968 -3.894584 0.046554
1.706501 -3.920489 0.041780
1.940370 -4.229150 0.044222
1.765060 -4.278823 0.046595
1.648766 -4.121773 0.047476
1.304968 -4.787631 0.044027
1.151168 -4.885921 0.045694
1.159875 -5.063284 0.046321
2.400546 -4.988849 0.044228
2.174015 -5.205754 0.045738
2.215915 -5.030960 0.047320
-3.585610 1.377792 0.045039
-3.209855 1.383554 0.043953
-3.011915 1.394725 0.047066
-2.930348 1.258960 0.040188
-3.028300 1.089409 0.043752
-3.585610 -1.377792 0.045039
-3.489044 -1.537652 0.045180
-3.209855 -1.383554 0.043953
-3.296489 -1.537780 0.046799
-3.581529 -1.698581 0.046243
-3.585885 0.404857 0.042082
-3.577121 0.092145 0.041869
-3.484912 0.211296 0.050506
-3.207302 1.059087 0.046366
-3.307290 1.217467 0.044925
-3.582975 1.051779 0.045520
-3.490490 1.211833 0.047019
-2.731069 0.584010 0.043972
-2.609455 0.458295 0.046800
-3.216121 0.397177 0.042591
-3.032170 0.722698 0.044046
-2.936054 0.564744 0.040666
-3.019741 0.420688 0.046924
-3.585885 -0.404857 0.042082
-3.577121 -0.092145 0.041869
-3.484912 -0.211296 0.050506
-3.028300 -1.089409 0.043752
-2.731069 -0.584010 0.043972
-2.609455 -0.458295 0.046800
-3.032170 -0.722698 0.044046
-3.210914 -0.727815 0.045903
-2.936054 -0.564744 0.040666
-3.019741 -0.420688 0.046924
-3.311178 -0.546350 0.046590
-3.216121 -0.397177 0.042591
3.581060 2.334883 0.046908
3.581240 2.016616 0.046508
3.484205 2.170891 0.045433
3.581603 2.974313 0.048264
3.483978 3.103891 0.041667
-2.699373 1.094196 0.042261
-2.727849 1.257844 0.043999
-2.305729 1.239882 0.044897
3.280217 4.110742 0.043270
2.839166 4.546153 0.044771
3.105100 4.150166 0.044531
3.058180 4.328418 0.044342
2.882520 4.367106 0.044871
2.752131 4.224760 0.044905
2.977870 4.009652 0.044785
2.800561 4.045557 0.044460
2.400546 4.988849 0.044228
2.215915 5.030960 0.047320
2.735411 3.719725 0.044260
2.677190 3.898123 0.045112
3.184080 3.504951 0.044401
3.034489 3.835827 0.043522
2.915400 3.693335 0.044985
2.990626 3.525583 0.043842
2.320336 3.446462 0.046879
2.439933 3.597132 0.045351
2.618351 3.568645 0.045699
2.693719 3.398101 0.045409
1.923789 3.702768 0.043552
2.091427 3.669053 0.046045
-3.581060 2.334883 0.046908
-3.581529 1.698581 0.046243
-3.489044 1.537652 0.045180
-3.296489 1.537780 0.046799
-3.194431 1.695948 0.045180
-3.288959 2.164519 0.046067
-3.191450 2.007485 0.045488
-3.290131 1.852375 0.046188
-3.484674 1.855135 0.045661
-3.581240 2.016616 0.046508
-3.484205 2.170891 0.045433
-3.580470 3.293556 0.049656
-3.581603 2.974313 0.048264
-3.483978 3.103891 0.041667
3.581529 1.698581 0.046243
3.484674 1.855135 0.045661
3.489044 1.537652 0.045180
3.296489 1.537780 0.046799
3.194431 1.695948 0.045180
3.290131 1.852375 0.046188
3.582975 1.051779 0.045520
3.491646 0.550779 0.050023
3.583856 0.730570 0.044690
3.488736 0.884558 0.046670
2.677289 -0.000000 0.043630
2.870082 -0.000000 0.042609
-2.139008 -4.717280 0.045348
-2.017332 -4.568430 0.046201
-2.232803 -4.339425 0.045643
-2.066327 -4.375382 0.043944
-2.620378 -4.765549 0.044807
-2.443985 -4.809047 0.045183
-2.662992 -4.585964 0.045159
-2.312478 -4.670974 0.045252
-2.531400 -4.444655 0.045010
-2.357278 -4.486167 0.045232
-0.964499 -4.614647 0.044862
-0.800497 -4.518207 0.044888
-0.822956 -5.071010 0.045236
-0.817701 -4.888341 0.045843
-0.974902 -4.798243 0.043936
-0.446206 -4.325271 0.047017
-0.160380 -4.520100 0.044505
-0.149457 -4.327747 0.047576
-0.277034 -4.227974 0.037595
-0.977154 -4.229104 0.037838
-0.705321 -4.226345 0.035292
-0.818601 -4.326401 0.047858
-1.749572 -5.641298 0.042819
-3.512094 -3.890549 0.040515
-3.337931 -3.933382 0.044094
-3.587344 -3.700966 0.046692
-1.660249 -5.160147 0.048006
-1.839408 -5.105805 0.046874
-1.634128 -5.345771 0.044136
-1.782110 -5.465126 0.046538
-1.961122 -5.417534 0.045590
-1.992299 -5.243837 0.045365
-1.866968 -3.894584 0.046554
-1.984542 -4.046195 0.046447
-0.000000 -4.613526 0.045035
0.160380 -4.520100 0.044505
0.822956 -5.071010 0.045236
0.988865 -5.158275 0.044533
-0.657180 -5.162556 0.044984
-0.492748 -5.072015 0.045022
-0.163582 -4.889476 0.045192
0.163582 -4.889476 0.045192
-0.000000 -4.797895 0.044649
-2.297206 -2.571762 0.037823
-2.297206 -2.398586 0.039414
-2.298609 -2.113513 0.041848
-2.596108 -2.308742 0.046229
-2.397720 -2.282176 0.046946
2.583781 -0.156937 0.046166
2.693819 -0.299599 0.042353
2.292802 -0.085498 0.036437
2.391537 -0.192733 0.047252
-2.296831 0.368751 0.040219
-2.292802 0.085498 0.036437
-2.391537 0.192733 0.047252
-2.298894 -1.823369 0.043024
-2.399496 -1.682704 0.046387
-2.399408 -1.982704 0.046567
-2.609239 -1.391479 0.045512
-2.727849 -1.257844 0.043999
-2.390771 -1.088800 0.044015
-2.305729 -1.239882 0.044897
-2.406330 -1.382698 0.047625
-2.700758 -0.747867 0.042308
-2.565450 -0.825220 0.040603
-2.893738 -0.840085 0.040635
-2.892599 -0.985005 0.041783
-2.565204 -1.026630 0.040411
-2.699373 -1.094196 0.042261
-3.581097 -2.653910 0.047502
-3.187835 -2.622900 0.045277
-3.580470 -3.293556 0.049656
-3.484605 -2.797255 0.043684
-3.581603 -2.974313 0.048264
-3.483978 -3.103891 0.041667
-3.285477 -3.072831 0.043404
-3.186129 -2.923814 0.045375
-3.287633 -2.777816 0.045285
-2.282512 -4.150592 0.044848
-2.452771 -4.115177 0.045108
-2.504347 -3.930004 0.044805
-2.160207 -4.003594 0.044472
-2.985304 -2.921955 0.044585
-1.923789 -3.702768 0.043552
3.219433 -3.798981 0.044601
3.337931 -3.933382 0.044094
3.034489 -3.835827 0.043522
2.977870 -4.009652 0.044785
3.280217 -4.110742 0.043270
3.105100 -4.150166 0.044531
3.280202 -3.355163 0.040547
3.480672 -3.400630 0.039870
3.487546 -3.580675 0.040803
3.293798 -3.635857 0.041129
3.184080 -3.504951 0.044401
3.187835 -2.622900 0.045277
2.991612 -2.313998 0.045623
3.484605 -2.797255 0.043684
3.581603 -2.974313 0.048264
3.483978 -3.103891 0.041667
3.285477 -3.072831 0.043404
3.186129 -2.923814 0.045375
3.287633 -2.777816 0.045285
3.585610 -1.377792 0.045039
3.032170 -0.722698 0.044046
3.583856 -0.730570 0.044690
3.210914 -0.727815 0.045903
3.491646 -0.550779 0.050023
3.311178 -0.546350 0.046590
3.216121 -0.397177 0.042591
3.181991 -0.088894 0.041947
3.295615 -0.208046 0.050863
3.019741 -0.420688 0.046924
2.981875 -0.138596 0.041803
2.899120 -0.281258 0.044561
0.277034 -4.227974 0.037595
0.546083 -4.226345 0.034428
0.446206 -4.325271 0.047017
2.298894 -1.823369 0.043024
2.997810 -1.699224 0.046392
2.901928 -1.552228 0.043815
0.480448 -4.516860 0.044592
0.642826 -4.609739 0.045404
0.325401 -4.796923 0.044605
0.322200 -4.611915 0.045129
0.649627 -4.796277 0.044315
0.490451 -4.888405 0.045507
0.705321 -4.226345 0.035292
0.818601 -4.326401 0.047858
0.977154 -4.229104 0.037838
1.749572 -5.641298 0.042819
1.782110 -5.465126 0.046538
1.577129 -5.713701 0.042923
1.436943 -5.616768 0.045127
2.282512 -4.150592 0.044848
2.160207 -4.003594 0.044472
2.210271 -3.818269 0.045909
2.384150 -3.780094 0.044922
1.733675 -4.460721 0.043025
1.583125 -4.552665 0.042216
1.859990 -4.604095 0.041316
1.250475 -4.229598 0.037766
1.408613 -4.298472 0.042778
1.501254 -4.134290 0.041105
2.297206 -2.398586 0.039414
2.139008 -4.717280 0.045348
2.312478 -4.670974 0.045252
2.017332 -4.568430 0.046201
2.357278 -4.486167 0.045232
2.066327 -4.375382 0.043944
2.232803 -4.339425 0.045643
2.800561 -4.045557 0.044460
2.452771 -4.115177 0.045108
2.577184 -4.262498 0.045091
2.752131 -4.224760 0.044905
2.677190 -3.898123 0.045112
2.504347 -3.930004 0.044805
-1.961122 5.417534 0.045590
-2.174015 5.205754 0.045738
-1.992299 5.243837 0.045365
-0.960068 5.714275 0.044351
-1.660249 5.160147 0.048006
-1.839408 5.105805 0.046874
-1.891094 4.934226 0.048896
-1.634128 5.345771 0.044136
-1.749572 5.641298 0.042819
-1.782110 5.465126 0.046538
-0.277034 4.227974 0.037595
-0.446206 4.325271 0.047017
-0.642826 4.609739 0.045404
-0.480448 4.516860 0.044592
-0.322200 4.611915 0.045129
-0.325401 4.796923 0.044605
-2.752131 4.224760 0.044905
-3.285477 3.072831 0.043404
-2.210271 3.818269 0.045909
-3.582975 -1.051779 0.045520
-3.490490 -1.211833 0.047019
-3.307290 -1.217467 0.044925
-3.207302 -1.059087 0.046366
-3.488736 -0.884558 0.046670
-3.296263 -0.886232 0.048149
-3.581240 -2.016616 0.046508
-3.484674 -1.855135 0.045661
-3.290131 -1.852375 0.046188
-2.981875 0.138596 0.041803
-2.899120 0.281258 0.044561
-2.583781 0.156937 0.046166
-2.693819 0.299599 0.042353
-3.491646 0.550779 0.050023
-3.311178 0.546350 0.046590
-3.583856 0.730570 0.044690
-3.488736 0.884558 0.046670
-3.296263 0.886232 0.048149
-3.210914 0.727815 0.045903
-2.981875 -0.138596 0.041803
-2.899120 -0.281258 0.044561
-2.870082 0.000000 0.042609
-2.677289 0.000000 0.043630
-2.583781 -0.156937 0.046166
-2.693819 -0.299599 0.042353
3.581097 2.653910 0.047502
3.484605 2.797255 0.043684
3.484062 2.485228 0.044868
3.287633 2.777816 0.045285
3.287772 2.473656 0.045913
3.187835 2.622900 0.045277
3.181498 3.217029 0.045209
3.285477 3.072831 0.043404
3.186129 2.923814 0.045375
2.985304 2.921955 0.044585
2.980755 3.222663 0.043834
2.883907 3.076605 0.045827
3.288959 2.164519 0.046067
3.189523 2.316940 0.045432
3.191450 2.007485 0.045488
2.991612 2.313998 0.045623
2.887336 2.772430 0.045901
2.890389 2.467187 0.045719
2.988364 2.619374 0.045356
2.692458 2.465538 0.045314
2.997810 1.699224 0.046392
2.901928 1.552228 0.043815
2.599642 1.693812 0.045809
2.701752 1.550097 0.044722
-2.565204 1.026630 0.040411
-2.390771 1.088800 0.044015
-2.283138 0.945262 0.039196
-2.391018 0.784970 0.043524
-2.565450 0.825220 0.040603
-2.701752 1.550097 0.044722
-2.609239 1.391479 0.045512
-2.298697 1.530208 0.043429
-2.406330 1.382698 0.047625
1.749572 5.641298 0.042819
1.782110 5.465126 0.046538
2.174015 5.205754 0.045738
1.961122 5.417534 0.045590
1.992299 5.243837 0.045365
0.000000 5.163928 0.044910
-0.163582 4.889476 0.045192
-0.164232 5.072493 0.045018
0.327131 5.346733 0.045216
0.964499 4.614647 0.044862
3.512094 3.890549 0.040515
3.587344 3.700966 0.046692
3.487546 3.580675 0.040803
3.337931 3.933382 0.044094
3.219433 3.798981 0.044601
3.293798 3.635857 0.041129
2.620378 4.765549 0.044807
2.443985 4.809047 0.045183
2.662992 4.585964 0.045159
2.312478 4.670974 0.045252
2.384150 3.780094 0.044922
2.210271 3.818269 0.045909
2.160207 4.003594 0.044472
2.504347 3.930004 0.044805
3.296263 0.886232 0.048149
2.893738 0.840085 0.040635
2.892599 0.985005 0.041783
-1.151168 -4.885921 0.045694
-1.304968 -4.787631 0.044027
-1.489797 -4.872923 0.049117
-1.501606 -5.055802 0.046495
-0.325401 -4.796923 0.044605
-0.322200 -4.611915 0.045129
-0.480448 -4.516860 0.044592
-0.642826 -4.609739 0.045404
-0.490451 -4.888405 0.045507
-0.649627 -4.796277 0.044315
-2.618351 -3.568645 0.045699
-2.977870 -4.009652 0.044785
-2.800561 -4.045557 0.044460
-2.677190 -3.898123 0.045112
-2.735411 -3.719725 0.044260
-3.219433 -3.798981 0.044601
-3.034489 -3.835827 0.043522
-2.990626 -3.525583 0.043842
-2.915400 -3.693335 0.044985
-3.280202 -3.355163 0.040547
-3.184080 -3.504951 0.044401
-3.293798 -3.635857 0.041129
-3.480672 -3.400630 0.039870
-3.487546 -3.580675 0.040803
0.815240 -5.435502 0.044471
1.140560 -5.428442 0.044412
0.983631 -5.339851 0.046117
0.489049 -5.438116 0.044705
0.492748 -5.072015 0.045022
0.657180 -5.162556 0.044984
0.654698 -5.345473 0.045427
-0.642224 -5.715799 0.044399
-0.806982 -5.621027 0.045673
-0.815240 -5.435502 0.044471
-0.654698 -5.345473 0.045427
-0.164232 -5.072493 0.045018
-0.328349 -5.163550 0.044979
0.163014 -5.438723 0.044737
-0.000000 -5.346976 0.045201
-0.000000 -5.163928 0.044910
0.164232 -5.072493 0.045018
0.328349 -5.163550 0.044979
0.327131 -5.346733 0.045216
0.484832 -5.622917 0.045351
2.399496 -1.682704 0.046387
2.701752 -1.550097 0.044722
2.599642 -1.693812 0.045809
2.283138 -0.945262 0.039196
2.296831 -0.368751 0.040219
2.296831 0.368751 0.040219
-2.997810 -1.699224 0.046392
-2.901928 -1.552228 0.043815
-2.701752 -1.550097 0.044722
-2.599642 -1.693812 0.045809
-2.991612 -2.313998 0.045623
-3.191450 -2.007485 0.045488
-2.692458 -2.465538 0.045314
-2.887336 -2.772430 0.045901
-2.988364 -2.619374 0.045356
-2.890389 -2.467187 0.045719
-2.590929 -2.934449 0.046465
-2.395391 -2.665270 0.046754
-2.592255 -2.620852 0.046732
-2.689160 -2.775558 0.045132
-2.687709 -3.085971 0.044672
-2.592271 -3.248702 0.045520
-2.693719 -3.398101 0.045409
-2.886005 -3.381428 0.044658
-2.980755 -3.222663 0.043834
-2.883907 -3.076605 0.045827
-2.296280 -2.849808 0.038663
-2.394914 -2.964281 0.046891
3.581240 -2.016616 0.046508
3.581060 -2.334883 0.046908
3.484062 -2.485228 0.044868
3.484205 -2.170891 0.045433
3.287772 -2.473656 0.045913
3.288959 -2.164519 0.046067
3.189523 -2.316940 0.045432
3.290131 -1.852375 0.046188
3.194431 -1.695948 0.045180
3.296489 -1.537780 0.046799
3.489044 -1.537652 0.045180
3.581529 -1.698581 0.046243
3.484674 -1.855135 0.045661
3.582975 -1.051779 0.045520
3.490490 -1.211833 0.047019
3.488736 -0.884558 0.046670
3.296263 -0.886232 0.048149
2.692458 -2.465538 0.045314
2.887336 -2.772430 0.045901
2.689160 -2.775558 0.045132
2.592255 -2.620852 0.046732
2.988364 -2.619374 0.045356
2.890389 -2.467187 0.045719
2.596108 -2.308742 0.046229
2.397720 -2.282176 0.046946
2.298609 -2.113513 0.041848
2.399408 -1.982704 0.046567
1.634128 -5.345771 0.044136
1.325485 -5.147873 0.044783
1.311404 -5.331455 0.046319
1.461405 -5.425009 0.044888
2.296280 -2.849808 0.038663
2.395391 -2.665270 0.046754
2.297206 -2.571762 0.037823
-2.215915 5.030960 0.047320
-2.085885 4.897464 0.043409
-2.400546 4.988849 0.044228
-2.443985 4.809047 0.045183
-1.615264 4.762819 0.042134
-1.786875 4.789707 0.043670
-1.859990 4.604095 0.041316
-1.577129 5.713701 0.042923
0.000000 5.716237 0.044578
0.000000 5.346976 0.045201
0.163014 5.438723 0.044737
0.161683 5.623354 0.045255
-0.161683 5.623354 0.045255
-0.163014 5.438723 0.044737
-1.285300 4.608697 0.043188
-0.983631 5.339851 0.046117
-0.490451 4.888405 0.045507
-0.649627 4.796277 0.044315
-2.017332 4.568430 0.046201
-2.312478 4.670974 0.045252
-2.139008 4.717280 0.045348
-3.287633 2.777816 0.045285
-3.186129 2.923814 0.045375
-2.504347 3.930004 0.044805
-2.384150 3.780094 0.044922
-2.896672 1.854921 0.044903
-2.994613 2.006755 0.045833
-2.091427 3.669053 0.046045
-3.484205 -2.170891 0.045433
-3.581060 -2.334883 0.046908
-3.484062 -2.485228 0.044868
-3.287772 -2.473656 0.045913
-3.189523 -2.316940 0.045432
-3.288959 -2.164519 0.046067
2.397306 3.268576 0.047592
2.296729 3.135677 0.041099
2.592271 3.248702 0.045520
2.687709 3.085971 0.044672
2.596108 2.308742 0.046229
2.397720 2.282176 0.046946
2.399408 1.982704 0.046567
2.298609 2.113513 0.041848
2.298894 1.823369 0.043024
2.399496 1.682704 0.046387
2.298697 1.530208 0.043429
1.271637 5.712114 0.044204
1.577129 5.713701 0.042923
1.436943 5.616768 0.045127
0.960068 5.714275 0.044351
1.125255 5.617342 0.045745
0.983631 5.339851 0.046117
1.140560 5.428442 0.044412
0.321583 5.716165 0.044528
0.489049 5.438116 0.044705
0.806982 5.621027 0.045673
0.642224 5.715799 0.044399
0.484832 5.622917 0.045351
0.654698 5.345473 0.045427
0.815240 5.435502 0.044471
0.988865 5.158275 0.044533
0.974902 4.798243 0.043936
1.304968 4.787631 0.044027
1.151168 4.885921 0.045694
1.159875 5.063284 0.046321
1.461405 5.425009 0.044888
1.311404 5.331455 0.046319
1.325485 5.147873 0.044783
1.634128 5.345771 0.044136
1.501254 4.134290 0.041105
1.583125 4.552665 0.042216
0.977154 4.229104 0.037838
1.285300 4.608697 0.043188
1.121097 4.523391 0.044483
1.408613 4.298472 0.042778
1.437991 4.483835 0.047892
1.250475 4.229598 0.037766
1.115648 4.329653 0.047759
2.139008 4.717280 0.045348
2.085885 4.897464 0.043409
2.531400 4.444655 0.045010
2.357278 4.486167 0.045232
2.577184 4.262498 0.045091
2.232803 4.339425 0.045643
2.282512 4.150592 0.044848
2.452771 4.115177 0.045108
3.032170 0.722698 0.044046
3.210914 0.727815 0.045903
2.936054 0.564744 0.040666
3.019741 0.420688 0.046924
3.216121 0.397177 0.042591
3.311178 0.546350 0.046590
3.207302 1.059087 0.046366
3.028300 1.089409 0.043752
3.307290 1.217467 0.044925
3.209855 1.383554 0.043953
3.011915 1.394725 0.047066
2.930348 1.258960 0.040188
-1.311404 -5.331455 0.046319
-1.325485 -5.147873 0.044783
-1.159875 -5.063284 0.046321
-0.988865 -5.158275 0.044533
-1.140560 -5.428442 0.044412
-0.983631 -5.339851 0.046117
-2.439933 -3.597132 0.045351
-2.091427 -3.669053 0.046045
-2.384150 -3.780094 0.044922
-2.210271 -3.818269 0.045909
1.271637 -5.712114 0.044204
1.125255 -5.617342 0.045745
-0.484832 -5.622917 0.045351
-0.489049 -5.438116 0.044705
-0.327131 -5.346733 0.045216
-0.163014 -5.438723 0.044737
-0.161683 -5.623354 0.045255
-0.321583 -5.716165 0.044528
2.298697 -1.530208 0.043429
2.609239 -1.391479 0.045512
2.727849 -1.257844 0.043999
2.390771 -1.088800 0.044015
2.305729 -1.239882 0.044897
2.406330 -1.382698 0.047625
2.731069 -0.584010 0.043972
2.609455 -0.458295 0.046800
2.404711 -0.491651 0.047778
2.391018 -0.784970 0.043524
2.305975 -0.650684 0.043813
2.283138 0.945262 0.039196
2.404711 0.491651 0.047778
2.305975 0.650684 0.043813
2.391018 0.784970 0.043524
2.731069 0.584010 0.043972
2.609455 0.458295 0.046800
2.700758 0.747867 0.042308
2.565450 0.825220 0.040603
2.609239 1.391479 0.045512
2.727849 1.257844 0.043999
2.390771 1.088800 0.044015
2.699373 1.094196 0.042261
2.565204 1.026630 0.040411
2.406330 1.382698 0.047625
2.305729 1.239882 0.044897
-2.894210 -2.160847 0.045440
-2.696637 -2.157240 0.045198
-2.896672 -1.854921 0.044903
-2.994613 -2.006755 0.045833
-2.599049 -1.999866 0.045782
-2.698681 -1.851639 0.045009
-2.397306 -3.268576 0.047592
-2.296729 -3.135677 0.041099
-2.145710 -3.480208 0.044626
-2.320336 -3.446462 0.046879
2.696637 -2.157240 0.045198
2.894210 -2.160847 0.045440
2.698681 -1.851639 0.045009
2.599049 -1.999866 0.045782
2.994613 -2.006755 0.045833
2.896672 -1.854921 0.044903
1.501606 -5.055802 0.046495
1.489797 -4.872923 0.049117
1.615264 -4.762819 0.042134
1.660249 -5.160147 0.048006
1.786875 -4.789707 0.043670
1.839408 -5.105805 0.046874
1.891094 -4.934226 0.048896
-1.271637 5.712114 0.044204
-1.125255 5.617342 0.045745
-1.140560 5.428442 0.044412
-1.436943 5.616768 0.045127
-1.461405 5.425009 0.044888
-1.311404 5.331455 0.046319
-0.546083 4.226345 0.034428
-0.705321 4.226345 0.035292
-1.250475 4.229598 0.037766
-0.321583 5.716165 0.044528
-0.806982 5.621027 0.045673
-0.815240 5.435502 0.044471
-0.642224 5.715799 0.044399
-0.484832 5.622917 0.045351
-0.988865 5.158275 0.044533
-0.822956 5.071010 0.045236
-0.974902 4.798243 0.043936
-0.817701 4.888341 0.045843
-1.325485 5.147873 0.044783
-1.489797 4.872923 0.049117
-1.501606 5.055802 0.046495
-1.304968 4.787631 0.044027
-1.151168 4.885921 0.045694
-1.159875 5.063284 0.046321
-1.765060 4.278823 0.046595
-1.733675 4.460721 0.043025
-1.408613 4.298472 0.042778
-1.437991 4.483835 0.047892
-1.583125 4.552665 0.042216
-2.066327 4.375382 0.043944
-1.940370 4.229150 0.044222
-2.160207 4.003594 0.044472
-1.984542 4.046195 0.046447
-3.189523 2.316940 0.045432
-3.287772 2.473656 0.045913
-3.187835 2.622900 0.045277
-2.980755 3.222663 0.043834
-3.184080 3.504951 0.044401
-3.280202 3.355163 0.040547
-3.181498 3.217029 0.045209
-2.985304 2.921955 0.044585
-2.883907 3.076605 0.045827
-2.687709 3.085971 0.044672
-2.590929 2.934449 0.046465
-2.677190 3.898123 0.045112
-3.034489 3.835827 0.043522
-2.977870 4.009652 0.044785
-2.800561 4.045557 0.044460
-2.990626 3.525583 0.043842
-2.886005 3.381428 0.044658
-2.915400 3.693335 0.044985
-2.735411 3.719725 0.044260
-2.394914 2.964281 0.046891
-1.501254 4.134290 0.041105
-1.648766 4.121773 0.047476
-1.923789 3.702768 0.043552
-1.866968 3.894584 0.046554
-1.706501 3.920489 0.041780
2.590929 2.934449 0.046465
2.395391 2.665270 0.046754
2.296280 2.849808 0.038663
2.394914 2.964281 0.046891
2.689160 2.775558 0.045132
2.592255 2.620852 0.046732
2.297206 2.571762 0.037823
2.297206 2.398586 0.039414
2.698681 1.851639 0.045009
2.599049 1.999866 0.045782
2.696637 2.157240 0.045198
2.894210 2.160847 0.045440
2.994613 2.006755 0.045833
2.896672 1.854921 0.044903
0.822956 5.071010 0.045236
0.817701 4.888341 0.045843
0.657180 5.162556 0.044984
0.649627 4.796277 0.044315
1.615264 4.762819 0.042134
1.489797 4.872923 0.049117
1.501606 5.055802 0.046495
1.660249 5.160147 0.048006
1.786875 4.789707 0.043670
1.839408 5.105805 0.046874
1.891094 4.934226 0.048896
0.000000 4.797895 0.044649
0.818601 4.326401 0.047858
0.800497 4.518207 0.044888
0.642826 4.609739 0.045404
1.733675 4.460721 0.043025
2.066327 4.375382 0.043944
1.859990 4.604095 0.041316
2.017332 4.568430 0.046201
0.806982 -5.621027 0.045673
0.960068 -5.714275 0.044351
0.642224 -5.715799 0.044399
-0.000000 -5.716237 0.044578
0.161683 -5.623354 0.045255
0.321583 -5.716165 0.044528
2.700758 -0.747867 0.042308
2.565450 -0.825220 0.040603
2.893738 -0.840085 0.040635
2.892599 -0.985005 0.041783
2.565204 -1.026630 0.040411
2.699373 -1.094196 0.042261
3.207302 -1.059087 0.046366
3.028300 -1.089409 0.043752
3.307290 -1.217467 0.044925
3.209855 -1.383554 0.043953
3.011915 -1.394725 0.047066
2.930348 -1.258960 0.040188
-1.115648 4.329653 0.047759
-0.977154 4.229104 0.037838
-0.964499 4.614647 0.044862
-1.121097 4.523391 0.044483
-0.800497 4.518207 0.044888
-0.818601 4.326401 0.047858
-0.657180 5.162556 0.044984
-0.654698 5.345473 0.045427
-0.492748 5.072015 0.045022
-0.489049 5.438116 0.044705
-0.328349 5.163550 0.044979
-0.327131 5.346733 0.045216
-2.452771 4.115177 0.045108
-2.282512 4.150592 0.044848
-2.232803 4.339425 0.045643
-2.577184 4.262498 0.045091
-2.531400 4.444655 0.045010
-2.357278 4.486167 0.045232
-2.894210 2.160847 0.045440
-2.991612 2.313998 0.045623
-2.592271 3.248702 0.045520
-2.693719 3.398101 0.045409
-2.439933 3.597132 0.045351
-2.618351 3.568645 0.045699
-2.296280 2.849808 0.038663
0.492748 5.072015 0.045022
0.490451 4.888405 0.045507
0.328349 5.163550 0.044979
0.325401 4.796923 0.044605
0.164232 5.072493 0.045018
0.163582 4.889476 0.045192
1.648766 4.121773 0.047476
1.765060 4.278823 0.046595
1.940370 4.229150 0.044222
1.984542 4.046195 0.046447
1.866968 3.894584 0.046554
1.706501 3.920489 0.041780
-2.297206 2.571762 0.037823
-2.395391 2.665270 0.046754
-2.887336 2.772430 0.045901
-2.988364 2.619374 0.045356
-2.890389 2.467187 0.045719
-2.692458 2.465538 0.045314
-2.689160 2.775558 0.045132
-2.592255 2.620852 0.046732
-2.296729 3.135677 0.041099
-2.397306 3.268576 0.047592
-2.145710 3.480208 0.044626
-2.320336 3.446462 0.046879
0.705321 4.226345 0.035292
0.546083 4.226345 0.034428
0.000000 4.228820 0.038724
-0.149457 4.327747 0.047576
-0.160380 4.520100 0.044505
0.000000 4.613526 0.045035
0.480448 4.516860 0.044592
0.446206 4.325271 0.047017
0.322200 4.611915 0.045129
0.160380 4.520100 0.044505
0.277034 4.227974 0.037595
0.149457 4.327747 0.047576
-2.297206 2.398586 0.039414
-2.298609 2.113513 0.041848
-2.397720 2.282176 0.046946
-2.696637 2.157240 0.045198
-2.596108 2.308742 0.046229
-2.599642 1.693812 0.045809
-2.698681 1.851639 0.045009
-2.599049 1.999866 0.045782
-2.399408 1.982704 0.046567
-2.298894 1.823369 0.043024
-2.399496 1.682704 0.046387
