3.645579 4.140566 0.018690
3.425310 4.360835 0.018690
3.205040 4.581105 0.018690
2.984771 4.801374 0.018690
2.764501 5.021644 0.018690
2.544231 5.241914 0.018690
2.323962 5.462183 0.018690
2.103692 5.682453 0.018690
1.883423 5.902722 0.018690
1.612080 6.012857 0.019345
1.289664 6.012857 0.019345
0.967248 6.012857 0.019345
0.644832 6.012857 0.019345
0.322416 6.012857 0.019345
0.000000 6.012857 0.019345
-0.322416 6.012857 0.019345
-0.644832 6.012857 0.019345
-0.967248 6.012857 0.019345
-1.289664 6.012857 0.019345
-1.612080 6.012857 0.019345
-1.883423 5.902722 0.018690
-2.103692 5.682453 0.018690
-2.323962 5.462183 0.018690
-2.544231 5.241914 0.018690
-2.764501 5.021644 0.018690
-2.984771 4.801374 0.018690
-3.205040 4.581105 0.018690
-3.425310 4.360835 0.018690
-3.645579 4.140566 0.018690
-3.755714 3.875414 0.018602
-3.755714 3.565381 0.018602
-3.755714 3.255348 0.018602
-3.755714 2.945315 0.018602
-3.755714 2.635282 0.018602
-3.755714 2.325249 0.018602
-3.755714 2.015215 0.018602
-3.755714 1.705182 0.018602
-3.755714 1.395149 0.018602
-3.755714 1.085116 0.018602
-3.755714 0.775083 0.018602
-3.755714 0.465050 0.018602
-3.755714 0.155017 0.018602
-3.755714 -0.155017 0.018602
-3.755714 -0.465050 0.018602
-3.755714 -0.775083 0.018602
-3.755714 -1.085116 0.018602
-3.755714 -1.395149 0.018602
-3.755714 -1.705182 0.018602
-3.755714 -2.015215 0.018602
-3.755714 -2.325249 0.018602
-3.755714 -2.635282 0.018602
-3.755714 -2.945315 0.018602
-3.755714 -3.255348 0.018602
-3.755714 -3.565381 0.018602
-3.755714 -3.875414 0.018602
-3.645579 -4.140566 0.018690
-3.425310 -4.360835 0.018690
-3.205040 -4.581105 0.018690
-2.984771 -4.801374 0.018690
-2.764501 -5.021644 0.018690
-2.544231 -5.241914 0.018690
-2.323962 -5.462183 0.018690
-2.103692 -5.682453 0.018690
-1.883423 -5.902722 0.018690
-1.612080 -6.012857 0.019345
-1.289664 -6.012857 0.019345
-0.967248 -6.012857 0.019345
-0.644832 -6.012857 0.019345
-0.322416 -6.012857 0.019345
0.000000 -6.012857 0.019345
0.322416 -6.012857 0.019345
0.644832 -6.012857 0.019345
0.967248 -6.012857 0.019345
1.289664 -6.012857 0.019345
1.612080 -6.012857 0.019345
1.883423 -5.902722 0.018690
2.103692 -5.682453 0.018690
2.323962 -5.462183 0.018690
2.544231 -5.241914 0.018690
2.764501 -5.021644 0.018690
2.984771 -4.801374 0.018690
3.205040 -4.581105 0.018690
3.425310 -4.360835 0.018690
3.645579 -4.140566 0.018690
3.755714 -3.875414 0.018602
3.755714 -3.565381 0.018602
3.755714 -3.255348 0.018602
3.755714 -2.945315 0.018602
3.755714 -2.635282 0.018602
3.755714 -2.325249 0.018602
3.755714 -2.015215 0.018602
3.755714 -1.705182 0.018602
3.755714 -1.395149 0.018602
3.755714 -1.085116 0.018602
3.755714 -0.775083 0.018602
3.755714 -0.465050 0.018602
3.755714 -0.155017 0.018602
3.755714 0.155017 0.018602
3.755714 0.465050 0.018602
3.755714 0.775083 0.018602
3.755714 1.085116 0.018602
3.755714 1.395149 0.018602
3.755714 1.705182 0.018602
3.755714 2.015215 0.018602
3.755714 2.325249 0.018602
3.755714 2.635282 0.018602
3.755714 2.945315 0.018602
3.755714 3.255348 0.018602
3.755714 3.565381 0.018602
3.755714 3.875414 0.018602
2.079452 3.591546 0.023124
1.806927 3.864070 0.023124
1.534403 4.136595 0.023124
1.242792 4.272857 0.018642
0.932094 4.272857 0.018642
0.621396 4.272857 0.018642
0.310698 4.272857 0.018642
0.000000 4.272857 0.018642
-0.310698 4.272857 0.018642
-0.621396 4.272857 0.018642
-0.932094 4.272857 0.018642
-1.242792 4.272857 0.018642
-1.534403 4.136595 0.023124
-1.806927 3.864070 0.023124
-2.079452 3.591546 0.023124
-2.215714 3.298225 0.018847
-2.215714 2.984109 0.018847
-2.215714 2.669992 0.018847
-2.215714 2.355875 0.018847
-2.215714 2.041758 0.018847
-2.215714 1.727642 0.018847
-2.215714 1.413525 0.018847
-2.215714 1.099408 0.018847
-2.215714 0.785292 0.018847
-2.215714 0.471175 0.018847
-2.215714 0.157058 0.018847
-2.215714 -0.157058 0.018847
-2.215714 -0.471175 0.018847
-2.215714 -0.785292 0.018847
-2.215714 -1.099408 0.018847
-2.215714 -1.413525 0.018847
-2.215714 -1.727642 0.018847
-2.215714 -2.041758 0.018847
-2.215714 -2.355875 0.018847
-2.215714 -2.669992 0.018847
-2.215714 -2.984109 0.018847
-2.215714 -3.298225 0.018847
-2.079452 -3.591546 0.023124
-1.806927 -3.864070 0.023124
-1.534403 -4.136595 0.023124
-1.242792 -4.272857 0.018642
-0.932094 -4.272857 0.018642
-0.621396 -4.272857 0.018642
-0.310698 -4.272857 0.018642
0.000000 -4.272857 0.018642
0.310698 -4.272857 0.018642
0.621396 -4.272857 0.018642
0.932094 -4.272857 0.018642
1.242792 -4.272857 0.018642
1.534403 -4.136595 0.023124
1.806927 -3.864070 0.023124
2.079452 -3.591546 0.023124
2.215714 -3.298225 0.018847
2.215714 -2.984109 0.018847
2.215714 -2.669992 0.018847
2.215714 -2.355875 0.018847
2.215714 -2.041758 0.018847
2.215714 -1.727642 0.018847
2.215714 -1.413525 0.018847
2.215714 -1.099408 0.018847
2.215714 -0.785292 0.018847
2.215714 -0.471175 0.018847
2.215714 -0.157058 0.018847
2.215714 0.157058 0.018847
2.215714 0.471175 0.018847
2.215714 0.785292 0.018847
2.215714 1.099408 0.018847
2.215714 1.413525 0.018847
2.215714 1.727642 0.018847
2.215714 2.041758 0.018847
2.215714 2.355875 0.018847
2.215714 2.669992 0.018847
2.215714 2.984109 0.018847
2.215714 3.298225 0.018847
