-1.580102 -5.836936 0.044416
2.430567 -2.153635 0.048906
-2.328100 -1.129006 0.036759
-2.331891 -1.697917 0.041397
-2.918558 -0.756225 0.048299
-2.718676 -1.054482 0.047046
-2.239810 -4.341236 0.047072
-2.308623 -3.614237 0.052636
-2.028638 -3.745085 0.040597
-2.160877 -3.612846 0.039208
3.612893 -3.169670 0.046673
3.516077 -3.007918 0.047328
2.471214 -4.114109 0.046492
2.327622 -0.083612 0.036791
2.330796 -1.410988 0.040296
2.432846 -1.544895 0.049412
-0.448552 -5.488071 0.049858
-0.603939 -5.818418 0.049278
-0.449460 -5.707648 0.048774
2.343649 -3.970517 0.046912
2.331891 -1.697917 0.041397
2.433536 -1.850351 0.049159
2.331486 -1.983764 0.040469
-2.330796 -1.410988 0.040296
-2.432846 -1.544895 0.049412
-2.624706 -1.213028 0.047554
-2.429054 -1.237963 0.049727
-2.331486 -1.983764 0.040469
-2.433536 -1.850351 0.049159
-2.323663 0.386216 0.039496
-2.654490 4.078801 0.046008
-2.791164 4.213513 0.044253
-3.535960 3.989731 0.047198
0.937210 5.248478 0.044206
-2.471214 4.114109 0.046492
-2.617896 4.915686 0.045531
-2.392984 5.136431 0.045622
-2.430034 4.963055 0.047519
-0.916561 5.823655 0.048162
0.772770 5.111906 0.052662
0.602757 5.172858 0.050437
-2.323663 -0.386216 0.039496
-2.426367 -0.538518 0.048709
-2.626280 -0.550710 0.050186
-2.727383 -0.724701 0.047107
-2.625729 -0.883176 0.047714
-3.613026 -2.847177 0.046596
-3.071564 -4.465732 0.045436
-3.311284 -4.236649 0.043472
-3.125723 -4.289599 0.045264
-1.413157 -5.743941 0.046572
-1.759513 -5.769706 0.042564
-2.617896 -4.915686 0.045531
-2.658372 -4.738573 0.046523
-2.842436 -4.690835 0.045952
-2.886948 -4.513711 0.046152
-2.515401 -4.608349 0.046601
-2.392984 -5.136431 0.045622
-2.430034 -4.963055 0.047519
-3.023195 -2.508135 0.046676
-2.926821 -2.663077 0.046669
-1.811391 -3.963761 0.043725
-1.785580 -4.125122 0.046219
-2.011325 -3.897935 0.048070
-2.162994 -4.013943 0.047206
-1.932483 -4.248403 0.045911
-2.109964 -4.203049 0.046611
-2.414801 -3.436241 0.045374
3.608686 -3.813575 0.047081
3.535960 -3.989731 0.047198
3.613026 -2.847177 0.046596
2.175971 -5.350334 0.045349
1.580102 -5.836936 0.044416
1.018663 -4.725552 0.046615
1.823709 -5.269330 0.046186
1.987597 -5.393610 0.046358
1.609601 -5.495101 0.044704
1.634015 -5.323209 0.048018
1.854637 -5.101191 0.046734
1.697049 -4.973290 0.047542
2.432846 1.544895 0.049412
2.631076 1.539049 0.047032
2.327622 0.083612 0.036791
3.627131 -0.000000 0.041752
3.011256 0.453660 0.042329
0.916561 -5.823655 0.048162
0.756231 -5.717153 0.048610
-0.300565 -5.814151 0.050204
-0.599640 -5.391350 0.048385
3.611166 -1.576755 0.046615
2.328922 -2.263647 0.037374
2.328922 -2.430511 0.037024
2.162994 -4.013943 0.047206
2.011325 -3.897935 0.048070
2.109964 -4.203049 0.046611
1.932483 -4.248403 0.045911
-2.328922 -2.263647 0.037374
-2.430567 -2.153635 0.048906
-2.328922 -2.430511 0.037024
-2.697030 0.402590 0.040876
-2.330796 1.410988 0.040296
-3.028752 -0.631674 0.043087
-3.011256 -0.453660 0.042329
-3.228896 -0.654281 0.041418
-2.697030 -0.402590 0.040876
-2.879591 -0.366573 0.046846
-2.715277 3.904945 0.046162
-2.690954 3.596072 0.045560
-2.595347 3.758367 0.046472
-3.311284 4.236649 0.043472
-3.362054 4.041661 0.050059
-3.125723 4.289599 0.045264
-2.987021 4.167179 0.047249
-3.071564 4.465732 0.045436
-2.658372 4.738573 0.046523
-2.842436 4.690835 0.045952
-2.886948 4.513711 0.046152
-2.745249 4.383911 0.046889
-3.612833 3.492619 0.046554
-3.608686 3.813575 0.047081
-3.511678 3.659630 0.049347
-2.332024 3.278774 0.041892
-2.434485 3.134420 0.048098
-2.414801 3.436241 0.045374
-2.608779 3.448340 0.048432
-2.727134 3.289442 0.044897
-2.635617 3.132989 0.046447
-2.332303 2.992422 0.041859
-3.613026 2.847177 0.046596
1.759513 5.769706 0.042564
1.580102 5.836936 0.044416
1.609601 5.495101 0.044704
1.776911 5.607210 0.046762
0.916561 5.823655 0.048162
0.920397 5.427741 0.051061
1.243689 5.831926 0.046029
1.077479 5.730661 0.048693
1.084706 5.542237 0.046072
1.263017 5.464164 0.047364
1.425257 5.564603 0.045895
1.413157 5.743941 0.046572
0.979087 4.340818 0.042230
-1.418624 4.443459 0.041831
-0.682217 4.351319 0.044918
-2.420406 4.295721 0.046265
-2.557766 4.430811 0.045873
-2.515401 4.608349 0.046601
-2.343649 3.970517 0.046912
-2.406995 3.788631 0.047219
-2.160877 3.612846 0.039208
-2.308623 3.614237 0.052636
-2.328922 2.263647 0.037374
-2.328922 2.430511 0.037024
-1.474198 5.212360 0.045713
-1.634015 5.323209 0.048018
-2.162994 4.013943 0.047206
0.811487 4.947087 0.042461
-0.756231 5.717153 0.048610
-0.752839 5.509662 0.048522
0.300565 5.814151 0.050204
-3.317393 -0.795415 0.048109
-3.610123 -0.950319 0.046678
-3.516847 -0.793117 0.045217
-3.611402 -1.892423 0.046677
-3.512727 -1.732797 0.046706
-2.332546 -0.678565 0.040822
-2.328100 -0.962339 0.036935
-2.430804 -0.849233 0.051132
-3.515263 -2.685455 0.046819
-3.319946 -2.678856 0.047157
-3.220270 -2.515199 0.046293
-3.224044 -2.831833 0.046019
-3.027995 -2.823118 0.046379
-3.535960 -3.989731 0.047198
-3.362054 -4.041661 0.050059
-3.314686 -3.639221 0.049327
-1.243689 -5.831926 0.046029
-1.425257 -5.564603 0.045895
-1.263017 -5.464164 0.047364
-0.547401 -4.471482 0.044447
-0.287096 -4.707648 0.046386
-1.776911 -5.607210 0.046762
-1.634015 -5.323209 0.048018
-1.609601 -5.495101 0.044704
-1.965213 -5.559598 0.044640
-2.745249 -4.383911 0.046889
-2.420406 -4.295721 0.046265
-2.557766 -4.430811 0.045873
-1.883891 -4.438962 0.048069
-2.331202 -4.659001 0.046631
-2.286310 -4.836594 0.045268
-2.192972 -4.526978 0.046417
-2.014534 -4.579350 0.046303
-0.138945 -4.358746 0.046983
-0.412396 -4.365083 0.048185
-0.278780 -4.478909 0.048708
0.847780 -4.634907 0.041431
0.833306 -4.447217 0.048102
-2.331310 -2.708229 0.040346
-2.730274 -2.660853 0.046448
-2.430391 -2.534400 0.048322
-2.628886 -2.502241 0.046990
-2.332024 -3.278774 0.041892
3.511678 -3.659630 0.049347
3.612833 -3.492619 0.046554
3.515885 -3.332782 0.047708
3.224044 -2.831833 0.046019
3.322412 -2.999173 0.047285
3.225965 -3.933984 0.043365
3.362054 -4.041661 0.050059
3.311284 -4.236649 0.043472
3.125723 -4.289599 0.045264
1.243689 -5.831926 0.046029
1.084706 -5.542237 0.046072
1.077479 -5.730661 0.048693
1.263017 -5.464164 0.047364
1.413157 -5.743941 0.046572
1.425257 -5.564603 0.045895
1.160353 -4.643543 0.042118
1.467414 -4.642340 0.043407
1.342116 -4.746526 0.047997
1.006822 -4.909126 0.043504
1.965213 -5.559598 0.044640
1.759513 -5.769706 0.042564
1.776911 -5.607210 0.046762
3.071564 -4.465732 0.045436
2.617896 -4.915686 0.045531
2.286310 -4.836594 0.045268
2.204664 -5.181147 0.046631
2.392984 -5.136431 0.045622
2.430034 -4.963055 0.047519
2.047217 -5.056284 0.046033
2.091814 -4.885108 0.048481
2.331202 -4.659001 0.046631
2.192972 -4.526978 0.046417
2.420406 -4.295721 0.046265
2.239810 -4.341236 0.047072
2.658372 -4.738573 0.046523
2.842436 -4.690835 0.045952
2.886948 -4.513711 0.046152
2.745249 -4.383911 0.046889
2.557766 -4.430811 0.045873
2.515401 -4.608349 0.046601
1.506304 -5.030580 0.049591
1.350545 -4.927499 0.046464
1.474198 -5.212360 0.045713
1.287543 -5.283814 0.046861
1.126046 -5.182623 0.047881
1.156942 -5.008090 0.046705
1.958267 -4.759886 0.044240
2.014534 -4.579350 0.046303
1.649004 -4.666654 0.044240
1.756083 -4.803161 0.049593
1.720546 -4.482990 0.041682
1.883891 -4.438962 0.048069
3.611599 2.209077 0.046745
3.611402 1.892423 0.046677
3.513160 2.049029 0.046706
3.516077 3.007918 0.047328
2.330796 1.410988 0.040296
2.724677 1.380207 0.046521
2.914044 1.073793 0.047654
3.212883 1.256483 0.045967
3.019722 1.558589 0.045906
2.918900 1.391712 0.047552
3.014297 1.243844 0.045401
3.228896 0.654281 0.041418
3.012271 0.934012 0.044360
2.918558 0.756225 0.048299
3.028752 0.631674 0.043087
3.616565 0.635169 0.044944
3.523854 0.158983 0.043488
3.325073 0.489736 0.044927
3.606564 0.317050 0.047394
3.513288 0.472922 0.048205
3.201399 0.367200 0.041972
2.323663 0.386216 0.039496
2.421444 0.209054 0.053706
3.313915 -1.413751 0.046699
3.512071 -1.417952 0.046520
2.632550 -1.861607 0.046889
3.216150 -1.567990 0.046512
3.021814 -1.875884 0.046242
3.351405 0.102894 0.041552
3.217164 0.192319 0.048441
2.594898 0.213236 0.044281
2.879591 0.366573 0.046846
2.697030 0.402590 0.040876
0.603939 -5.818418 0.049278
0.300565 -5.814151 0.050204
0.449460 -5.707648 0.048774
-0.299092 -5.372485 0.049720
-0.299812 -5.151994 0.049880
3.218260 -2.199339 0.046506
3.023195 -2.508135 0.046676
3.513835 -2.366286 0.046733
3.612078 -2.527030 0.046739
3.515263 -2.685455 0.046819
3.319946 -2.678856 0.047157
3.220270 -2.515199 0.046293
3.317344 -2.361054 0.046960
3.611599 -2.209077 0.046745
3.512727 -1.732797 0.046706
3.316312 -2.044523 0.046783
3.611402 -1.892423 0.046677
3.513160 -2.049029 0.046706
3.315867 -1.728232 0.046584
3.217695 -1.883352 0.046692
2.926821 -2.663077 0.046669
3.027995 -2.823118 0.046379
2.931109 -2.977758 0.046517
2.628507 -2.183172 0.047262
2.725357 -2.344063 0.046916
2.728440 -2.024557 0.046529
2.923281 -2.030798 0.047102
3.021109 -2.193081 0.046647
2.923118 -2.347732 0.046668
2.879591 -0.366573 0.046846
3.011256 -0.453660 0.042329
2.918558 -0.756225 0.048299
3.028752 -0.631674 0.043087
3.516847 -0.793117 0.045217
3.317393 -0.795415 0.048109
3.228896 -0.654281 0.041418
1.573039 -4.352995 0.046309
1.418624 -4.443459 0.041831
2.028638 -3.745085 0.040597
-2.331891 1.697917 0.041397
-2.432846 1.544895 0.049412
-2.328100 1.129006 0.036759
-2.429054 1.237963 0.049727
-2.328100 0.962339 0.036935
-3.325073 -0.489736 0.044927
-3.201399 -0.367200 0.041972
-3.217164 -0.192319 0.048441
-2.594898 -0.213236 0.044281
-2.327622 -0.083612 0.036791
-2.421444 -0.209054 0.053706
-2.594898 0.213236 0.044281
-2.327622 0.083612 0.036791
-2.421444 0.209054 0.053706
-3.314686 3.639221 0.049327
-2.904519 3.589304 0.046158
-2.733903 2.975774 0.046277
-3.220347 3.460428 0.043898
-2.922790 3.290911 0.047278
-3.018001 3.443040 0.045470
1.135252 4.446499 0.044462
1.697049 4.973290 0.047542
1.634015 5.323209 0.048018
1.965213 5.559598 0.044640
0.752839 5.509662 0.048522
0.599640 5.391350 0.048385
0.448552 5.488071 0.049858
0.449460 5.707648 0.048774
0.603939 5.818418 0.049278
0.756231 5.717153 0.048610
-1.268225 4.350602 0.043936
-0.547401 4.471482 0.044447
-0.442153 4.828827 0.051074
-0.568842 4.706487 0.048774
-1.160353 4.643543 0.042118
-1.135252 4.446499 0.044462
-0.833306 4.447217 0.048102
-0.979087 4.340818 0.042230
-3.515263 2.685455 0.046819
-3.319946 2.678856 0.047157
-3.220270 2.515199 0.046293
-1.506304 5.030580 0.049591
-1.697049 4.973290 0.047542
-1.350545 4.927499 0.046464
-1.342116 4.746526 0.047997
-1.467414 4.642340 0.043407
-0.920397 5.427741 0.051061
-1.287543 5.283814 0.046861
-1.965213 5.559598 0.044640
-1.609601 5.495101 0.044704
-1.580102 5.836936 0.044416
-1.759513 5.769706 0.042564
-1.776911 5.607210 0.046762
-1.823709 5.269330 0.046186
-1.854637 5.101191 0.046734
-2.047217 5.056284 0.046033
-1.987597 5.393610 0.046358
-2.175971 5.350334 0.045349
-2.204664 5.181147 0.046631
-2.091814 4.885108 0.048481
-2.286310 4.836594 0.045268
-2.331202 4.659001 0.046631
-0.603939 5.818418 0.049278
0.149584 5.703212 0.049545
0.138945 4.358746 0.046983
0.412396 4.365083 0.048185
0.278780 4.478909 0.048708
0.718131 4.774015 0.045055
0.568842 4.706487 0.048774
0.847780 4.634907 0.041431
0.833306 4.447217 0.048102
0.682217 4.351319 0.044918
0.547401 4.471482 0.044447
0.452390 5.049088 0.049971
0.442153 4.828827 0.051074
0.287096 4.707648 0.046386
0.147261 4.813411 0.051064
1.785580 4.125122 0.046219
2.617896 4.915686 0.045531
2.392984 5.136431 0.045622
2.430034 4.963055 0.047519
1.932483 4.248403 0.045911
2.109964 4.203049 0.046611
3.071564 4.465732 0.045436
2.658372 4.738573 0.046523
2.842436 4.690835 0.045952
2.886948 4.513711 0.046152
2.745249 4.383911 0.046889
2.791164 4.213513 0.044253
2.901423 3.879031 0.044015
-3.616565 -0.635169 0.044944
-3.606564 -0.317050 0.047394
-3.513288 -0.472922 0.048205
-3.511028 -1.105038 0.046450
-3.611166 -1.576755 0.046615
-3.610746 -1.262706 0.046608
-3.512071 -1.417952 0.046520
-2.632550 -1.861607 0.046889
-3.612078 -2.527030 0.046739
-3.513160 -2.049029 0.046706
-3.611599 -2.209077 0.046745
-3.513835 -2.366286 0.046733
-3.317344 -2.361054 0.046960
-3.612833 -3.492619 0.046554
-3.608686 -3.813575 0.047081
-3.511678 -3.659630 0.049347
-3.612893 -3.169670 0.046673
-3.516077 -3.007918 0.047328
-3.515885 -3.332782 0.047708
-3.322412 -2.999173 0.047285
-2.931109 -2.977758 0.046517
-3.225965 -3.933984 0.043365
-3.202879 -3.758215 0.042632
-2.995059 -3.725686 0.042227
-0.916561 -5.823655 0.048162
-0.756231 -5.717153 0.048610
-1.077479 -5.730661 0.048693
-1.084706 -5.542237 0.046072
-0.920397 -5.427741 0.051061
-0.752839 -5.509662 0.048522
-1.287543 -5.283814 0.046861
-1.474198 -5.212360 0.045713
-0.937210 -5.248478 0.044206
-1.126046 -5.182623 0.047881
-1.156942 -5.008090 0.046705
-1.823709 -5.269330 0.046186
-1.987597 -5.393610 0.046358
-2.175971 -5.350334 0.045349
-2.204664 -5.181147 0.046631
-2.791164 -4.213513 0.044253
-2.901423 -3.879031 0.044015
-2.987021 -4.167179 0.047249
-3.036494 -4.006554 0.042111
-2.471214 -4.114109 0.046492
-2.343649 -3.970517 0.046912
-2.715277 -3.904945 0.046162
-2.654490 -4.078801 0.046008
-2.595347 -3.758367 0.046472
-2.406995 -3.788631 0.047219
-1.506304 -5.030580 0.049591
-1.350545 -4.927499 0.046464
0.682217 -4.351319 0.044918
0.412396 -4.365083 0.048185
0.547401 -4.471482 0.044447
-2.433772 -2.834126 0.048267
-2.332303 -2.992422 0.041859
-2.434485 -3.134420 0.048098
-2.634240 -2.818909 0.046565
-2.733903 -2.975774 0.046277
-2.635617 -3.132989 0.046447
3.320391 -3.320999 0.048469
3.223733 -3.149143 0.045754
3.028480 -3.136442 0.045681
2.791164 -4.213513 0.044253
2.654490 -4.078801 0.046008
2.715277 -3.904945 0.046162
2.901423 -3.879031 0.044015
3.036494 -4.006554 0.042111
2.987021 -4.167179 0.047249
3.513835 2.366286 0.046733
3.613026 2.847177 0.046596
3.612078 2.527030 0.046739
3.515263 2.685455 0.046819
3.217695 1.883352 0.046692
3.316312 2.044523 0.046783
2.923558 1.711363 0.047205
3.021814 1.875884 0.046242
2.923281 2.030798 0.047102
2.729135 1.703328 0.046598
2.429054 1.237963 0.049727
2.718676 1.054482 0.047046
2.624706 1.213028 0.047554
3.610746 1.262706 0.046608
3.611166 1.576755 0.046615
3.512727 1.732797 0.046706
3.512071 1.417952 0.046520
3.315867 1.728232 0.046584
3.216150 1.567990 0.046512
3.313915 1.413751 0.046699
2.323663 -0.386216 0.039496
2.421444 -0.209054 0.053706
2.594898 -0.213236 0.044281
2.697030 -0.402590 0.040876
2.328100 -0.962339 0.036935
2.718676 -1.054482 0.047046
2.624706 -1.213028 0.047554
2.328100 -1.129006 0.036759
2.429054 -1.237963 0.049727
3.317393 0.795415 0.048109
3.516847 0.793117 0.045217
3.311321 1.103015 0.046868
3.210962 0.950594 0.044802
3.610123 0.950319 0.046678
3.511028 1.105038 0.046450
2.631076 -1.539049 0.047032
2.724677 -1.380207 0.046521
2.729135 -1.703328 0.046598
2.918900 -1.391712 0.047552
3.019722 -1.558589 0.045906
2.923558 -1.711363 0.047205
3.610746 -1.262706 0.046608
3.610123 -0.950319 0.046678
3.511028 -1.105038 0.046450
2.890977 -0.177219 0.040942
3.038406 -0.089425 0.044099
2.712375 -0.087794 0.044848
2.712375 0.087794 0.044848
3.038406 0.089425 0.044099
2.890977 0.177219 0.040942
0.149019 -5.481123 0.049716
-0.000000 -5.369804 0.049717
-0.149019 -5.481123 0.049716
-0.000000 -5.813982 0.050186
-0.149584 -5.703212 0.049545
0.149584 -5.703212 0.049545
0.287096 -4.707648 0.046386
0.278780 -4.478909 0.048708
0.138945 -4.358746 0.046983
-0.000000 -4.472572 0.048373
0.299812 -5.151994 0.049880
0.448552 -5.488071 0.049858
0.299092 -5.372485 0.049720
-0.000000 -5.146668 0.050090
-0.149740 -5.037496 0.049785
0.149740 -5.037496 0.049785
-0.147261 -4.813411 0.051064
0.147261 -4.813411 0.051064
-0.000000 -4.698498 0.047640
2.730274 -2.660853 0.046448
2.430391 -2.534400 0.048322
2.628886 -2.502241 0.046990
2.331310 -2.708229 0.040346
2.914044 -1.073793 0.047654
3.012271 -0.934012 0.044360
3.014297 -1.243844 0.045401
3.210962 -0.950594 0.044802
3.311321 -1.103015 0.046868
3.212883 -1.256483 0.045967
3.616565 -0.635169 0.044944
3.523854 -0.158983 0.043488
3.325073 -0.489736 0.044927
3.606564 -0.317050 0.047394
3.513288 -0.472922 0.048205
3.201399 -0.367200 0.041972
3.351405 -0.102894 0.041552
3.217164 -0.192319 0.048441
1.589479 -4.185685 0.045415
1.811391 -3.963761 0.043725
1.785580 -4.125122 0.046219
-2.331486 1.983764 0.040469
-2.433536 1.850351 0.049159
-2.430567 2.153635 0.048906
-2.628507 2.183172 0.047262
-2.728440 2.024557 0.046529
-2.632550 1.861607 0.046889
-2.430804 0.849233 0.051132
-2.626280 0.550710 0.050186
-2.426367 0.538518 0.048709
-2.332546 0.678565 0.040822
-2.727383 0.724701 0.047107
-2.625729 0.883176 0.047714
-3.217164 0.192319 0.048441
-2.879591 0.366573 0.046846
-2.712375 0.087794 0.044848
-2.712375 -0.087794 0.044848
-3.038406 0.089425 0.044099
-2.890977 0.177219 0.040942
-3.038406 -0.089425 0.044099
-2.890977 -0.177219 0.040942
-3.036494 4.006554 0.042111
-2.901423 3.879031 0.044015
-2.995059 3.725686 0.042227
-3.225965 3.933984 0.043365
-3.202879 3.758215 0.042632
-2.725357 2.344063 0.046916
-2.923118 2.347732 0.046668
-3.023195 2.508135 0.046676
-2.926821 2.663077 0.046669
-3.515885 3.332782 0.047708
-3.320391 3.320999 0.048469
-3.612893 3.169670 0.046673
-3.516077 3.007918 0.047328
-3.224044 2.831833 0.046019
-3.028480 3.136442 0.045681
-3.322412 2.999173 0.047285
-3.223733 3.149143 0.045754
-3.027995 2.823118 0.046379
-2.931109 2.977758 0.046517
1.018663 4.725552 0.046615
1.160353 4.643543 0.042118
1.006822 4.909126 0.043504
1.342116 4.746526 0.047997
1.467414 4.642340 0.043407
0.000000 4.472572 0.048373
0.000000 4.698498 0.047640
-0.147261 4.813411 0.051064
-0.287096 4.707648 0.046386
-0.772770 5.111906 0.052662
-0.937210 5.248478 0.044206
-1.156942 5.008090 0.046705
-1.126046 5.182623 0.047881
-3.612078 2.527030 0.046739
-3.611402 1.892423 0.046677
-3.513160 2.049029 0.046706
-3.611599 2.209077 0.046745
-3.513835 2.366286 0.046733
-3.317344 2.361054 0.046960
-1.243689 5.831926 0.046029
-1.077479 5.730661 0.048693
-1.084706 5.542237 0.046072
-1.263017 5.464164 0.047364
-1.425257 5.564603 0.045895
-1.413157 5.743941 0.046572
-1.958267 4.759886 0.044240
-1.649004 4.666654 0.044240
-1.756083 4.803161 0.049593
-1.811391 3.963761 0.043725
-2.028638 3.745085 0.040597
-2.011325 3.897935 0.048070
0.000000 5.813982 0.050186
-0.599640 5.391350 0.048385
-0.452390 5.049088 0.049971
-0.602757 5.172858 0.050437
3.535960 3.989731 0.047198
3.311284 4.236649 0.043472
3.125723 4.289599 0.045264
3.225965 3.933984 0.043365
3.362054 4.041661 0.050059
3.036494 4.006554 0.042111
2.987021 4.167179 0.047249
3.612893 3.169670 0.046673
3.515885 3.332782 0.047708
3.320391 3.320999 0.048469
2.162994 4.013943 0.047206
2.175971 5.350334 0.045349
2.204664 5.181147 0.046631
1.987597 5.393610 0.046358
2.047217 5.056284 0.046033
1.854637 5.101191 0.046734
1.823709 5.269330 0.046186
2.286310 4.836594 0.045268
2.091814 4.885108 0.048481
-3.210962 -0.950594 0.044802
-3.311321 -1.103015 0.046868
-2.914044 -1.073793 0.047654
-3.012271 -0.934012 0.044360
-3.218260 -2.199339 0.046506
-3.316312 -2.044523 0.046783
-2.729135 -1.703328 0.046598
-2.724677 -1.380207 0.046521
-2.631076 -1.539049 0.047032
-3.028480 -3.136442 0.045681
-3.223733 -3.149143 0.045754
-3.220347 -3.460428 0.043898
-3.320391 -3.320999 0.048469
-2.727134 -3.289442 0.044897
-2.690954 -3.596072 0.045560
-2.608779 -3.448340 0.048432
-2.922790 -3.290911 0.047278
-2.904519 -3.589304 0.046158
-3.018001 -3.443040 0.045470
-1.589479 -4.185685 0.045415
-0.568842 -4.706487 0.048774
-0.442153 -4.828827 0.051074
-0.452390 -5.049088 0.049971
-0.602757 -5.172858 0.050437
-0.772770 -5.111906 0.052662
-1.854637 -5.101191 0.046734
-1.697049 -4.973290 0.047542
-1.756083 -4.803161 0.049593
-1.958267 -4.759886 0.044240
-2.091814 -4.885108 0.048481
-2.047217 -5.056284 0.046033
2.922790 -3.290911 0.047278
2.727134 -3.289442 0.044897
3.220347 -3.460428 0.043898
3.202879 -3.758215 0.042632
3.314686 -3.639221 0.049327
3.018001 -3.443040 0.045470
2.995059 -3.725686 0.042227
2.904519 -3.589304 0.046158
2.406995 -3.788631 0.047219
2.595347 -3.758367 0.046472
2.690954 -3.596072 0.045560
2.608779 -3.448340 0.048432
2.632550 1.861607 0.046889
2.728440 2.024557 0.046529
2.328100 1.129006 0.036759
2.727383 0.724701 0.047107
2.625729 0.883176 0.047714
2.626280 0.550710 0.050186
2.426367 0.538518 0.048709
2.332546 -0.678565 0.040822
2.426367 -0.538518 0.048709
2.626280 -0.550710 0.050186
2.430804 -0.849233 0.051132
2.727383 -0.724701 0.047107
2.625729 -0.883176 0.047714
0.599640 -5.391350 0.048385
0.752839 -5.509662 0.048522
0.920397 -5.427741 0.051061
0.937210 -5.248478 0.044206
2.634240 -2.818909 0.046565
2.733903 -2.975774 0.046277
2.635617 -3.132989 0.046447
2.433772 -2.834126 0.048267
2.332303 -2.992422 0.041859
2.434485 -3.134420 0.048098
0.979087 -4.340818 0.042230
1.135252 -4.446499 0.044462
1.268225 -4.350602 0.043936
-2.729135 1.703328 0.046598
-2.631076 1.539049 0.047032
-3.019722 1.558589 0.045906
-2.923558 1.711363 0.047205
-3.610746 1.262706 0.046608
-3.516847 0.793117 0.045217
-3.610123 0.950319 0.046678
-3.511028 1.105038 0.046450
-3.627131 0.000000 0.041752
-3.523854 -0.158983 0.043488
-3.351405 -0.102894 0.041552
-3.351405 0.102894 0.041552
-3.523854 0.158983 0.043488
-2.918558 0.756225 0.048299
-3.317393 0.795415 0.048109
-3.616565 0.635169 0.044944
-3.606564 0.317050 0.047394
-3.513288 0.472922 0.048205
-3.325073 0.489736 0.044927
-3.201399 0.367200 0.041972
-3.228896 0.654281 0.041418
-3.011256 0.453660 0.042329
-3.028752 0.631674 0.043087
-2.628886 2.502241 0.046990
-2.430391 2.534400 0.048322
-2.634240 2.818909 0.046565
-2.730274 2.660853 0.046448
-2.331310 2.708229 0.040346
-2.433772 2.834126 0.048267
1.126046 5.182623 0.047881
1.156942 5.008090 0.046705
1.287543 5.283814 0.046861
1.474198 5.212360 0.045713
1.506304 5.030580 0.049591
1.350545 4.927499 0.046464
1.589479 4.185685 0.045415
1.573039 4.352995 0.046309
1.268225 4.350602 0.043936
1.418624 4.443459 0.041831
-0.138945 4.358746 0.046983
-0.412396 4.365083 0.048185
-0.278780 4.478909 0.048708
-1.018663 4.725552 0.046615
-1.006822 4.909126 0.043504
-0.811487 4.947087 0.042461
-0.718131 4.774015 0.045055
-0.847780 4.634907 0.041431
-2.192972 4.526978 0.046417
-2.014534 4.579350 0.046303
-2.239810 4.341236 0.047072
-2.109964 4.203049 0.046611
-0.300565 5.814151 0.050204
-0.449460 5.707648 0.048774
-0.149584 5.703212 0.049545
-0.448552 5.488071 0.049858
-0.149740 5.037496 0.049785
-0.299812 5.151994 0.049880
-0.149019 5.481123 0.049716
-0.299092 5.372485 0.049720
3.612833 3.492619 0.046554
3.608686 3.813575 0.047081
3.511678 3.659630 0.049347
3.322412 2.999173 0.047285
3.223733 3.149143 0.045754
2.343649 3.970517 0.046912
2.471214 4.114109 0.046492
2.715277 3.904945 0.046162
2.654490 4.078801 0.046008
1.811391 3.963761 0.043725
2.011325 3.897935 0.048070
2.331202 4.659001 0.046631
2.557766 4.430811 0.045873
2.515401 4.608349 0.046601
2.192972 4.526978 0.046417
2.420406 4.295721 0.046265
2.239810 4.341236 0.047072
2.014534 4.579350 0.046303
1.883891 4.438962 0.048069
1.720546 4.482990 0.041682
1.958267 4.759886 0.044240
1.756083 4.803161 0.049593
1.649004 4.666654 0.044240
-2.923281 -2.030798 0.047102
-2.728440 -2.024557 0.046529
-2.923118 -2.347732 0.046668
-3.021109 -2.193081 0.046647
-2.628507 -2.183172 0.047262
-2.725357 -2.344063 0.046916
-3.315867 -1.728232 0.046584
-3.217695 -1.883352 0.046692
-3.021814 -1.875884 0.046242
-2.923558 -1.711363 0.047205
-1.006822 -4.909126 0.043504
-1.018663 -4.725552 0.046615
-0.811487 -4.947087 0.042461
-0.847780 -4.634907 0.041431
-0.718131 -4.774015 0.045055
-0.979087 -4.340818 0.042230
-0.682217 -4.351319 0.044918
-0.833306 -4.447217 0.048102
-1.573039 -4.352995 0.046309
-1.720546 -4.482990 0.041682
-1.649004 -4.666654 0.044240
-1.135252 -4.446499 0.044462
-1.268225 -4.350602 0.043936
-1.418624 -4.443459 0.041831
-1.160353 -4.643543 0.042118
-1.342116 -4.746526 0.047997
-1.467414 -4.642340 0.043407
2.160877 -3.612846 0.039208
2.308623 -3.614237 0.052636
2.332024 -3.278774 0.041892
2.414801 -3.436241 0.045374
2.331891 1.697917 0.041397
2.433536 1.850351 0.049159
2.331486 1.983764 0.040469
2.430391 2.534400 0.048322
2.328922 2.430511 0.037024
2.628507 2.183172 0.047262
2.430567 2.153635 0.048906
2.328922 2.263647 0.037374
2.332546 0.678565 0.040822
2.328100 0.962339 0.036935
2.430804 0.849233 0.051132
0.602757 -5.172858 0.050437
0.452390 -5.049088 0.049971
0.811487 -4.947087 0.042461
0.772770 -5.111906 0.052662
0.442153 -4.828827 0.051074
0.718131 -4.774015 0.045055
0.568842 -4.706487 0.048774
-2.724677 1.380207 0.046521
-2.624706 1.213028 0.047554
-2.718676 1.054482 0.047046
-2.918900 1.391712 0.047552
-3.315867 1.728232 0.046584
-3.512071 1.417952 0.046520
-3.313915 1.413751 0.046699
-3.216150 1.567990 0.046512
-3.611166 1.576755 0.046615
-3.512727 1.732797 0.046706
-3.217695 1.883352 0.046692
-3.218260 2.199339 0.046506
-3.316312 2.044523 0.046783
-3.021109 2.193081 0.046647
-2.923281 2.030798 0.047102
-3.021814 1.875884 0.046242
-1.720546 4.482990 0.041682
-1.883891 4.438962 0.048069
-1.573039 4.352995 0.046309
-1.589479 4.185685 0.045415
-1.785580 4.125122 0.046219
-1.932483 4.248403 0.045911
0.299812 5.151994 0.049880
0.299092 5.372485 0.049720
0.149740 5.037496 0.049785
0.000000 5.146668 0.050090
0.149019 5.481123 0.049716
0.000000 5.369804 0.049717
3.018001 3.443040 0.045470
3.220347 3.460428 0.043898
2.995059 3.725686 0.042227
2.904519 3.589304 0.046158
3.202879 3.758215 0.042632
3.314686 3.639221 0.049327
2.922790 3.290911 0.047278
3.028480 3.136442 0.045681
2.635617 3.132989 0.046447
2.727134 3.289442 0.044897
2.725357 2.344063 0.046916
2.628886 2.502241 0.046990
-3.019722 -1.558589 0.045906
-3.014297 -1.243844 0.045401
-2.918900 -1.391712 0.047552
-3.212883 -1.256483 0.045967
-3.313915 -1.413751 0.046699
-3.216150 -1.567990 0.046512
-3.012271 0.934012 0.044360
-2.914044 1.073793 0.047654
-3.014297 1.243844 0.045401
-3.210962 0.950594 0.044802
-3.212883 1.256483 0.045967
-3.311321 1.103015 0.046868
3.319946 2.678856 0.047157
3.224044 2.831833 0.046019
2.028638 3.745085 0.040597
2.160877 3.612846 0.039208
2.406995 3.788631 0.047219
2.308623 3.614237 0.052636
2.595347 3.758367 0.046472
2.414801 3.436241 0.045374
2.690954 3.596072 0.045560
2.608779 3.448340 0.048432
2.433772 2.834126 0.048267
2.331310 2.708229 0.040346
3.023195 2.508135 0.046676
3.021109 2.193081 0.046647
2.923118 2.347732 0.046668
3.218260 2.199339 0.046506
3.317344 2.361054 0.046960
3.220270 2.515199 0.046293
2.926821 2.663077 0.046669
2.733903 2.975774 0.046277
2.931109 2.977758 0.046517
3.027995 2.823118 0.046379
2.634240 2.818909 0.046565
2.730274 2.660853 0.046448
2.332024 3.278774 0.041892
2.434485 3.134420 0.048098
2.332303 2.992422 0.041859
