-3.510578 2.487916 0.040152
-3.507512 2.217884 0.041697
-3.403487 2.367560 0.046621
-2.232444 1.622603 0.047439
2.841714 4.117457 0.046526
3.514442 -3.473594 0.040891
3.237966 -3.844724 0.046031
3.445493 -3.633266 0.046011
3.277610 -3.656787 0.045744
2.325805 0.813106 0.046076
-3.401791 1.547973 0.046140
-3.510166 3.195957 0.040465
-3.209913 2.993425 0.046182
-3.513549 2.922180 0.037051
-3.409111 3.027999 0.049539
-3.513549 2.759114 0.037102
-3.409524 2.654902 0.048304
-3.513808 3.477021 0.040615
-3.409371 3.325718 0.048532
-2.526827 1.788441 0.047466
-2.233048 1.945429 0.047495
-2.330890 1.785490 0.047636
-1.191132 5.478295 0.045159
-1.501320 5.481681 0.044090
-1.348989 5.382674 0.046629
-1.789692 3.550450 0.037401
3.020114 4.074006 0.044763
2.792335 4.299769 0.045416
2.711465 3.981279 0.046002
2.566154 4.525479 0.045554
2.612126 4.344559 0.046480
2.384912 4.572091 0.046313
2.248028 4.439982 0.045952
1.791273 3.549035 0.037459
1.755755 3.725307 0.050530
1.596533 3.740979 0.035805
2.115571 -4.979913 0.044407
2.566161 -4.525473 0.045554
1.192537 -5.478108 0.045169
1.189221 -5.096109 0.048892
0.783615 -3.994092 0.047610
0.616354 -4.096514 0.047428
-0.151690 -4.005044 0.049880
-2.231860 0.972660 0.047333
-2.329181 0.810376 0.047311
2.227139 -0.650895 0.045729
3.212574 0.887393 0.047406
3.111150 0.734415 0.048520
2.959152 0.373934 0.047303
3.127235 0.089819 0.045707
2.802465 0.091112 0.044889
2.948539 0.180926 0.041514
-2.621806 1.625718 0.048164
-3.406844 2.092677 0.042172
-3.207496 2.053864 0.040247
-3.207154 1.872663 0.040217
-3.509224 1.412881 0.041620
-3.405258 1.262776 0.047689
-3.512613 -0.417138 0.039241
-3.210715 0.633085 0.046719
-3.510956 0.145169 0.041571
-3.408124 0.299915 0.048824
-3.110365 3.156237 0.049637
-3.208768 3.320572 0.046548
-3.200472 2.356816 0.042516
-3.105149 2.168327 0.049071
1.192528 5.478108 0.045169
1.502158 5.481422 0.044093
1.350518 5.382228 0.046686
1.674424 5.411351 0.044547
0.812738 4.936431 0.048751
1.357376 5.189363 0.045623
1.189203 5.096111 0.048892
1.469535 4.828038 0.042293
-0.561942 5.490716 0.041329
-0.283178 5.444907 0.053962
-0.417217 5.358322 0.040955
-0.879953 5.481488 0.044217
-1.033999 5.382481 0.047051
-1.023282 5.193580 0.044286
-0.714792 5.394902 0.045221
-0.145101 5.332930 0.054463
0.148600 5.101078 0.048658
-2.290737 4.262516 0.046296
-2.244283 4.443233 0.045880
-1.673574 5.411891 0.044466
-1.355161 5.190270 0.045558
-1.186586 5.096990 0.048815
-1.466223 4.829960 0.042252
-1.971123 4.180373 0.045545
-2.154321 4.131691 0.046318
-1.278506 4.811150 0.042226
-1.153913 4.914024 0.049060
-0.957440 4.833067 0.043989
-0.930463 4.648852 0.046388
-0.764397 4.570872 0.046142
-0.601711 4.694063 0.049572
-0.441424 4.619884 0.047527
0.294762 4.962732 0.047935
0.464690 5.015660 0.052873
0.292586 4.748080 0.047475
0.623160 4.875239 0.043646
0.563567 5.490691 0.041320
0.419312 5.357569 0.040917
0.499388 5.179373 0.041327
0.448202 4.411847 0.047540
0.767606 4.570398 0.046196
0.604855 4.693329 0.049544
0.444208 4.619099 0.047537
0.607428 4.296411 0.047775
0.766185 4.380732 0.047526
0.297961 4.319640 0.048743
1.886191 3.869315 0.046904
2.527831 4.029158 0.046347
2.477871 4.210127 0.045900
2.295015 4.258938 0.046368
2.158959 4.128090 0.046387
2.340819 4.751603 0.045293
2.115564 4.979919 0.044407
2.158841 4.802011 0.046171
2.233855 2.260569 0.047768
2.332307 2.422148 0.047909
0.152738 4.004988 0.049859
0.303362 4.107413 0.047772
2.233269 0.974617 0.047453
3.066866 3.882890 0.048322
0.783602 3.994093 0.047611
0.616337 4.096518 0.047429
0.462512 3.999726 0.048714
3.410514 -3.318721 0.048833
3.147076 -3.490202 0.047111
3.211031 -3.311808 0.046869
3.112581 -3.145820 0.049863
2.792341 -4.299763 0.045415
2.612133 -4.344552 0.046479
2.340826 -4.751597 0.045292
2.384920 -4.572084 0.046312
2.158850 -4.802005 0.046171
-0.879914 -5.481490 0.044216
-0.957353 -4.833088 0.043986
-1.118735 -3.985468 0.045744
1.469554 -4.828034 0.042293
1.035796 -5.382204 0.047128
1.025618 -5.193071 0.044343
0.690579 -5.216588 0.043603
0.845466 -5.114066 0.047368
1.674427 -5.411349 0.044547
1.357388 -5.189362 0.045623
1.502163 -5.481421 0.044092
1.350526 -5.382228 0.046686
0.462527 -3.999724 0.048713
0.943440 -4.082200 0.046256
1.119731 -3.985410 0.045644
1.273414 -4.243257 0.046140
1.288615 -4.069996 0.045908
1.096029 -4.345415 0.044542
0.934939 -4.268944 0.047268
0.297984 -4.319630 0.048742
0.000620 -4.112729 0.047829
0.152752 -4.004986 0.049858
0.303379 -4.107409 0.047772
0.292623 -4.748056 0.047475
-3.444212 -3.636227 0.045938
-3.512828 -0.689492 0.037425
-3.410837 -0.594178 0.048241
-2.821602 -1.958639 0.047591
-2.231925 0.648344 0.047342
-2.329102 0.486185 0.047275
-2.231781 0.324053 0.047300
-2.231616 1.297575 0.047265
-2.328872 1.135087 0.047424
-2.329457 1.460862 0.047791
-2.522881 1.461026 0.047093
2.216672 -0.000001 0.042382
2.227139 0.650894 0.045729
3.507651 -2.202520 0.041809
3.407234 -2.070173 0.043169
3.514291 -0.952916 0.036901
3.403546 -1.517500 0.047459
3.201264 -1.534275 0.043003
3.510592 -1.392016 0.040432
3.514291 -1.116916 0.037129
3.410279 -1.225021 0.049400
3.109273 -1.398903 0.048863
2.823016 -1.274631 0.046403
2.916325 -1.428530 0.048860
2.922562 -1.098128 0.048585
3.117840 -1.068256 0.048856
3.211242 -1.215133 0.046121
3.510300 0.674011 0.040846
3.514291 0.952938 0.036901
3.409987 0.844421 0.051222
3.519436 0.383937 0.039682
3.420179 0.208363 0.054503
3.244416 0.215262 0.044840
3.415132 0.536854 0.049335
3.141937 0.408269 0.041591
3.213396 0.554286 0.050160
2.828613 0.462536 0.042944
3.510592 1.392036 0.040432
3.514291 1.116937 0.037129
3.410280 1.225039 0.049400
3.507557 1.664847 0.041810
3.403546 1.517517 0.047459
3.515346 0.082923 0.037033
3.515346 -0.082902 0.037033
2.802465 -0.091105 0.044889
-3.201843 1.264135 0.044833
-2.812769 1.624653 0.046834
-2.913330 1.792202 0.048863
-3.103293 1.758773 0.049162
-2.906751 1.457491 0.047662
-3.197261 1.571983 0.042311
-3.101280 1.438250 0.048899
-3.513935 1.951165 0.040575
-3.507170 1.684007 0.042067
-3.406502 1.821908 0.042580
-3.510637 1.137627 0.040422
-3.513913 0.864354 0.037356
-3.409948 0.970862 0.048501
-3.511771 0.426203 0.040220
-3.513913 0.700106 0.037066
-3.411082 0.597003 0.048468
-2.524002 0.809528 0.047429
-2.911678 0.159967 0.047042
-3.109732 0.477849 0.047491
-3.206452 0.315479 0.046514
-3.107299 0.158144 0.047401
-3.511145 -0.137541 0.041283
-3.407498 0.000888 0.048888
-3.409154 -0.298116 0.048860
-3.205513 -0.001701 0.046468
-3.444194 3.636178 0.045949
-2.608349 4.348208 0.046359
-2.473505 4.214035 0.045850
-2.918454 3.128001 0.050313
-2.823518 2.939923 0.045017
-2.628548 2.916122 0.045638
-2.233768 2.905795 0.047199
-2.529778 2.755580 0.047281
-2.626519 2.600739 0.047055
-2.331983 2.749146 0.047093
-2.232818 2.587344 0.047123
-2.920112 2.796811 0.048561
-3.209769 2.670962 0.045247
-3.114596 2.822077 0.049774
-3.107809 2.493232 0.049065
-2.821882 2.618168 0.046069
-2.914406 2.465705 0.048510
-2.915815 2.129030 0.049210
-2.817736 2.289992 0.046314
-2.821435 1.957421 0.047612
-2.625895 1.952595 0.047818
0.933946 4.648118 0.046365
0.960771 4.832240 0.044083
1.281954 4.809630 0.042293
1.157077 4.912917 0.049115
1.025604 5.193072 0.044342
0.881569 5.481398 0.044223
1.035786 5.382204 0.047128
0.716507 5.394787 0.045300
0.845444 5.114069 0.047369
0.690564 5.216590 0.043602
0.001222 5.465325 0.047569
0.285353 5.444180 0.054233
0.147920 5.332203 0.054447
0.001472 5.003421 0.051137
-0.145532 5.102152 0.048748
-0.291854 4.964205 0.047996
-0.289901 4.749059 0.047428
-0.619998 4.875982 0.043583
-0.688386 5.216869 0.043511
-0.496882 5.180289 0.041255
-0.461664 5.016949 0.052946
-0.809661 4.937006 0.048766
-0.842830 5.114553 0.047327
-2.562937 4.528574 0.045510
-2.338104 4.754194 0.045229
-2.381639 4.575118 0.046240
-2.113397 4.981936 0.044332
-2.156094 4.804486 0.046116
-1.926192 4.362084 0.046895
-1.837804 4.731078 0.045936
-2.062937 4.494119 0.045862
-2.018282 4.676296 0.045933
-1.531522 5.122501 0.046600
-1.580201 4.954959 0.049730
-1.697604 5.245115 0.045201
-1.784358 4.907780 0.043346
-1.884065 5.200241 0.045418
-1.922140 5.030448 0.048072
-1.607368 4.278997 0.045590
-1.749201 4.409764 0.044587
-1.538043 4.648285 0.042749
-1.705467 4.596582 0.047142
-1.286459 4.071221 0.046032
-1.482987 3.992090 0.048470
-1.752534 3.727765 0.050478
-1.646199 4.102110 0.046850
-1.881388 3.872894 0.046917
-1.832963 4.051166 0.045379
-0.445912 4.412295 0.047491
0.147528 4.436723 0.047346
0.146147 4.657911 0.049453
0.001195 4.774906 0.047082
-0.143857 4.658491 0.049498
1.975501 4.177018 0.045619
1.837697 4.047806 0.045428
1.650641 4.098767 0.046919
1.970926 3.510127 0.050278
2.324133 3.062790 0.045229
2.351014 3.406656 0.046725
2.236543 3.244584 0.049657
1.981932 3.355571 0.035284
2.091947 3.245556 0.034394
2.521923 3.063761 0.049184
2.436902 3.722119 0.045033
2.392084 3.898471 0.046742
2.206069 3.948592 0.045820
2.071104 3.819029 0.045207
2.120322 3.636114 0.046977
2.300103 3.589325 0.045350
1.885578 5.198839 0.045531
1.924303 5.028546 0.048156
1.787110 4.905574 0.043407
1.699174 5.243966 0.045301
1.582978 4.953073 0.049798
1.533767 5.121172 0.046684
1.841039 4.728517 0.045968
1.930131 4.358947 0.046969
2.066602 4.491063 0.045916
2.021509 4.673581 0.046001
2.528778 2.426472 0.047322
2.628293 2.265839 0.048653
2.233842 2.902787 0.047636
2.332294 2.743560 0.047382
2.233055 2.582402 0.047487
3.513592 2.749888 0.037475
3.513592 2.913771 0.037017
3.147071 3.490207 0.047111
3.237962 3.844727 0.046031
3.445492 3.633268 0.046011
3.277607 3.656790 0.045744
2.981690 3.539802 0.050108
2.625311 3.671013 0.047411
2.764128 3.799485 0.046555
2.941129 3.744548 0.043898
1.093614 4.534924 0.047769
1.245316 4.615758 0.042306
1.486155 3.851357 0.034108
1.486062 3.989798 0.048658
2.921214 -2.784727 0.049037
2.236547 -3.244579 0.049657
2.325805 -0.813106 0.046076
2.233269 -0.974617 0.047453
3.020119 -4.074001 0.044763
2.841720 -4.117451 0.046525
3.066871 -3.882885 0.048322
2.021520 -4.673574 0.046000
1.841053 -4.728510 0.045967
-0.283133 -5.444924 0.053955
-0.291791 -4.964239 0.047996
-0.289845 -4.749082 0.047425
-0.601636 -4.694078 0.049571
-0.441362 -4.619901 0.047526
-1.673550 -5.411907 0.044463
-1.278410 -4.811194 0.042223
-1.153828 -4.914055 0.049058
-1.501297 -5.481689 0.044089
-2.290618 -4.262627 0.046293
-2.244175 -4.443333 0.045878
-1.466128 -4.830017 0.042250
-1.241339 -4.617527 0.042250
-1.752461 -3.727832 0.050474
0.563582 -5.490691 0.041319
0.881581 -5.481398 0.044222
0.716516 -5.394787 0.045301
1.582993 -4.953069 0.049798
1.533778 -5.121169 0.046683
1.699181 -5.243963 0.045301
1.787123 -4.905568 0.043407
1.885584 -5.198835 0.045530
1.924311 -5.028541 0.048155
1.245341 -4.615753 0.042305
1.093641 -4.534919 0.047769
1.157100 -4.912915 0.049115
1.281976 -4.809626 0.042292
0.448230 -4.411833 0.047540
0.607453 -4.296402 0.047774
0.766213 -4.380724 0.047525
0.444243 -4.619077 0.047535
0.146181 -4.657897 0.049450
0.147554 -4.436715 0.047345
-0.143815 -4.658505 0.049498
0.001235 -4.774906 0.047080
-0.145607 -4.437017 0.047314
0.000817 -4.332236 0.049641
-0.145471 -5.102179 0.048749
0.001525 -5.003423 0.051135
-0.145045 -5.332948 0.054462
-0.930373 -4.648870 0.046388
-0.764318 -4.570882 0.046140
-1.089777 -4.536170 0.047654
-1.092625 -4.346298 0.044590
-0.296137 -4.319997 0.048768
-0.445862 -4.412304 0.047488
-0.302023 -4.107531 0.047744
-3.513841 -3.476921 0.040663
-2.519905 -3.071128 0.049063
-3.210314 -0.636975 0.046673
-3.110548 -0.800685 0.047957
-2.814288 -0.001214 0.047260
-2.814617 -0.970138 0.047439
-2.913595 -0.806892 0.047120
-2.816792 -0.646892 0.047526
-2.621652 -1.627306 0.048100
2.319161 0.162497 0.044094
2.329627 0.484230 0.049122
2.237092 0.324463 0.048235
2.516659 0.500682 0.045904
2.639504 0.374645 0.042567
2.623969 0.196228 0.049051
2.490657 0.105118 0.042302
3.514187 -1.933333 0.040554
3.507557 -1.664827 0.041810
3.407141 -1.795891 0.042876
2.919826 0.771797 0.049120
2.810937 0.644641 0.043905
2.523510 0.814538 0.049107
2.611876 0.668778 0.042171
3.407141 1.795908 0.042876
3.514187 1.933352 0.040554
3.407234 2.070189 0.043169
3.208925 1.841932 0.040525
3.209019 2.026467 0.040689
3.409278 2.640885 0.049203
3.209783 2.654758 0.045856
3.117840 1.068268 0.048856
3.211242 1.215146 0.046121
3.107060 1.727641 0.049325
2.916324 1.428538 0.048860
3.201264 1.534288 0.043003
3.109272 1.398914 0.048863
2.331528 1.133990 0.047398
2.232862 1.295733 0.047428
2.490657 -0.105117 0.042302
2.623969 -0.196224 0.049051
2.319161 -0.162497 0.044093
2.237092 -0.324463 0.048235
2.329628 -0.484230 0.049122
2.825972 -0.954635 0.045358
2.628718 -0.973242 0.045753
2.523511 -0.814536 0.049107
2.919826 -0.771788 0.049120
-2.914645 0.804786 0.047080
-3.106143 1.117819 0.048078
-3.208868 0.949695 0.046302
-3.112467 0.797466 0.048148
-2.812135 1.294371 0.047279
-2.620869 0.970914 0.047305
-2.910965 1.128815 0.047478
-2.815866 0.968011 0.047544
-2.523061 1.134189 0.047384
-2.619229 1.296842 0.047620
-2.817119 0.645281 0.047558
-2.913959 0.482724 0.047185
-2.815057 0.322178 0.047291
-2.620574 0.323423 0.047267
-2.523830 0.485808 0.047386
-2.621473 0.647120 0.047199
-3.234939 3.848280 0.046060
-3.274920 3.661619 0.045599
-3.143931 3.497316 0.047074
-2.788745 4.303353 0.045383
-2.322847 3.066843 0.044946
-2.519832 3.070736 0.049075
-2.527479 2.436123 0.047053
-2.626172 2.277839 0.048136
-2.528712 2.112051 0.047449
-2.331573 2.429162 0.047560
-2.331804 2.107835 0.047592
-2.233358 2.266663 0.047443
-1.092708 4.346277 0.044589
-1.241444 4.617480 0.042251
-1.089874 4.536139 0.047658
-1.401975 4.525374 0.043861
-1.427566 4.342903 0.046926
-1.269869 4.245147 0.045996
-1.484619 3.852296 0.034083
-1.594935 3.741979 0.035495
0.000602 4.112730 0.047830
-0.296172 4.319990 0.048768
-0.145640 4.437011 0.047316
0.000792 4.332237 0.049641
2.920963 3.118237 0.050685
3.115486 2.808568 0.049987
1.541640 4.645850 0.042777
1.709012 4.593827 0.047213
1.753011 4.406775 0.044630
1.611325 4.275808 0.045683
1.405851 4.523092 0.043878
1.431536 4.340102 0.047017
2.822961 2.605888 0.046358
2.921211 2.784734 0.049037
2.825162 2.929769 0.045171
2.629680 2.907757 0.046025
2.530342 2.747559 0.047544
2.627573 2.590724 0.047492
2.819814 2.274626 0.046491
3.106874 2.145004 0.049735
2.918461 2.109245 0.049976
2.915685 2.450422 0.049078
3.108233 2.475458 0.049416
3.200775 2.335422 0.043162
3.514441 3.473598 0.040891
2.667512 3.502366 0.042922
2.530013 3.370803 0.044765
2.613332 3.209702 0.042954
2.816890 3.242167 0.042612
2.846889 3.426092 0.043808
1.273393 4.243264 0.046140
1.288603 4.070001 0.045909
1.119723 3.985410 0.045645
0.943424 4.082202 0.046257
0.934916 4.268947 0.047268
1.096005 4.345419 0.044544
3.510675 -3.189362 0.040579
3.403337 -2.349220 0.047466
3.108235 -2.475451 0.049416
3.200776 -2.335412 0.043162
2.915688 -2.450416 0.049078
2.822963 -2.605882 0.046358
2.819816 -2.274620 0.046491
2.628295 -2.265835 0.048653
2.324135 -3.062786 0.045229
2.233855 -2.260568 0.047768
2.819866 -1.603783 0.046503
2.626979 -1.289080 0.047212
2.529271 -1.131184 0.047790
2.331528 -1.133989 0.047398
2.232862 -1.295733 0.047428
2.981695 -3.539795 0.050107
2.941135 -3.744542 0.043897
1.975514 -4.177009 0.045619
1.930144 -4.358938 0.046968
2.066613 -4.491055 0.045915
2.248037 -4.439974 0.045951
1.753027 -4.406766 0.044629
1.611342 -4.275797 0.045683
1.541659 -4.645843 0.042777
1.709029 -4.593819 0.047213
1.431558 -4.340092 0.047017
1.405873 -4.523085 0.043877
2.091949 -3.245554 0.034395
-0.561905 -5.490718 0.041328
-0.714750 -5.394906 0.045219
-0.417170 -5.358340 0.040954
-1.191096 -5.478301 0.045158
-1.033953 -5.382489 0.047048
-1.348948 -5.382688 0.046626
-1.023221 -5.193595 0.044284
-1.186516 -5.097016 0.048812
-1.355100 -5.190297 0.045555
-3.016516 -4.077975 0.044716
-3.234889 -3.848366 0.046055
-3.062994 -3.887699 0.048185
-2.936622 -3.750775 0.043796
-3.274928 -3.661714 0.045602
-2.977556 -3.547227 0.049849
-3.143967 -3.497498 0.047074
-2.759309 -3.805567 0.046376
-2.562844 -4.528665 0.045509
-2.338025 -4.754271 0.045226
-2.381544 -4.575209 0.046238
-2.113334 -4.981996 0.044330
-2.156013 -4.804560 0.046114
-1.531459 -5.122540 0.046597
-1.580122 -4.955014 0.049728
-1.697559 -5.245149 0.045198
-1.784278 -4.907845 0.043344
-1.884022 -5.200282 0.045414
-1.922077 -5.030504 0.048069
-1.286406 -4.071249 0.046034
-1.269780 -4.245192 0.045993
-1.482922 -3.992146 0.048468
-1.594904 -3.742008 0.035490
-1.484590 -3.852322 0.034084
-1.881276 -3.872997 0.046914
-2.154196 -4.131807 0.046315
0.623196 -4.875224 0.043646
0.604891 -4.693312 0.049542
0.812768 -4.936425 0.048750
0.960800 -4.832236 0.044083
0.933976 -4.648113 0.046364
0.767638 -4.570389 0.046196
0.001268 -5.465326 0.047568
-0.941757 -4.082265 0.046196
-0.932273 -4.269153 0.047252
-0.763370 -4.381037 0.047502
-0.605188 -4.296635 0.047776
-3.409426 -3.325653 0.048520
-3.208837 -3.320744 0.046554
-2.609997 -3.217430 0.042830
-2.842814 -3.434171 0.043729
-2.813683 -3.250904 0.042496
-3.110949 -0.481150 0.047637
-3.208013 -0.319331 0.046703
-3.108019 -0.161345 0.047373
-2.912415 -0.162682 0.047078
-2.914379 -0.484859 0.047095
-2.815840 -0.324377 0.047379
-2.620858 -0.325022 0.047204
-3.507664 -2.215855 0.041798
-3.403797 -2.366755 0.046555
-2.628718 -2.916613 0.045624
-2.625970 -1.953858 0.047775
-2.526794 -1.789823 0.047439
-2.330857 -1.786761 0.047595
-2.233058 -1.946522 0.047468
3.507650 2.202538 0.041809
3.510289 2.475397 0.040551
3.403336 2.349234 0.047466
2.825972 0.954642 0.045358
2.922562 1.098136 0.048585
2.823016 1.274638 0.046403
2.628718 0.973246 0.045753
2.529271 1.131187 0.047790
2.626979 1.289084 0.047212
2.918610 1.767519 0.049817
2.819866 1.603789 0.046503
2.825526 1.938622 0.047640
2.233700 1.617839 0.047724
2.331959 1.456054 0.047882
2.528332 1.452208 0.047414
2.627911 1.613013 0.048476
2.516660 -0.500680 0.045904
2.639505 -0.374641 0.042567
2.611877 -0.668775 0.042171
2.828613 -0.462530 0.042944
2.810938 -0.644635 0.043905
3.510300 -0.673991 0.040846
3.409987 -0.844403 0.051222
3.212574 -0.887379 0.047406
3.111151 -0.734404 0.048520
-3.063059 3.887576 0.048187
-3.016601 4.077868 0.044720
-2.837713 4.121802 0.046364
-1.968094 3.512582 0.050291
-1.980711 3.356579 0.035397
-2.090812 3.246479 0.034230
-2.234018 3.247630 0.049619
-2.813652 3.250534 0.042497
-2.610000 3.217070 0.042832
-0.461389 3.999788 0.048752
-0.151707 4.005043 0.049880
-0.302048 4.107529 0.047745
-1.118757 3.985466 0.045742
-0.614839 4.096585 0.047389
-0.763436 4.381031 0.047504
-0.605238 4.296632 0.047777
-0.932336 4.269149 0.047253
-0.941794 4.082264 0.046198
-0.782496 3.994099 0.047657
3.211027 3.311814 0.046869
3.112578 3.145826 0.049863
3.211051 2.981192 0.046537
3.409663 3.017824 0.049931
3.510674 3.189371 0.040579
3.410512 3.318727 0.048833
3.510289 -2.475381 0.040551
3.115489 -2.808561 0.049987
3.209786 -2.654750 0.045856
3.211054 -2.981185 0.046537
3.513593 -2.749873 0.037475
3.409279 -2.640873 0.049203
3.513593 -2.913757 0.037018
3.409665 -3.017814 0.049930
2.521926 -3.063754 0.049183
2.920967 -3.118230 0.050685
2.825165 -2.929762 0.045171
2.629682 -2.907751 0.046025
2.332307 -2.422146 0.047909
2.528779 -2.426468 0.047322
2.627575 -2.590719 0.047492
2.530343 -2.747554 0.047544
2.918611 -1.767511 0.049817
3.107061 -1.727631 0.049325
3.208926 -1.841919 0.040525
2.825527 -1.938616 0.047640
2.918463 -2.109238 0.049976
3.106875 -2.144994 0.049735
3.209020 -2.026455 0.040689
2.531115 -2.101070 0.047689
2.629700 -1.939233 0.048324
2.233895 -1.939270 0.047796
2.333147 -2.100125 0.047967
-2.232403 -1.623875 0.047404
-2.618620 -1.298642 0.047549
-2.522586 -1.462637 0.047072
-2.329274 -1.462268 0.047735
-2.231475 -1.298875 0.047211
2.351021 -3.406648 0.046725
1.486074 -3.989789 0.048658
1.486160 -3.851354 0.034108
1.650657 -4.098755 0.046919
1.837712 -4.047795 0.045428
1.886204 -3.869305 0.046903
1.596538 -3.740975 0.035806
1.755764 -3.725300 0.050530
2.233055 -2.582400 0.047487
2.233843 -2.902785 0.047636
2.332295 -2.743557 0.047382
1.981934 -3.355569 0.035284
1.970932 -3.510121 0.050278
1.791277 -3.549031 0.037459
-0.461594 -5.016979 0.052947
-0.496824 -5.180311 0.041253
-0.619922 -4.875999 0.043581
-0.688333 -5.216877 0.043509
-0.809584 -4.937021 0.048766
-0.842764 -5.114567 0.047325
-2.788647 -4.303458 0.045380
-2.608244 -4.348317 0.046355
-2.473387 -4.214155 0.045849
-2.522955 -4.033813 0.046229
-2.837615 -4.121928 0.046359
-2.706781 -3.986444 0.045928
-2.386979 -3.902991 0.046668
-2.115772 -3.639914 0.047001
-2.066221 -3.822916 0.045070
-2.200989 -3.952513 0.045793
-1.646094 -4.102199 0.046849
-1.971002 -4.180481 0.045542
-1.832849 -4.051268 0.045375
0.285386 -5.444162 0.054239
0.419336 -5.357552 0.040914
0.147968 -5.332187 0.054445
0.148651 -5.101053 0.048654
0.294803 -4.962696 0.047932
0.464729 -5.015630 0.052870
0.499414 -5.179353 0.041328
-0.461368 -3.999789 0.048753
-0.614808 -4.096586 0.047388
-0.782472 -3.994099 0.047658
-3.510189 -3.195560 0.040533
-3.513640 -2.921298 0.037134
-3.409225 -3.027706 0.049546
-1.789648 -3.550490 0.037400
-1.968014 -3.512653 0.050290
-1.980675 -3.356611 0.035401
-2.322877 -3.067087 0.044935
-2.233958 -3.247756 0.049625
-2.090778 -3.246508 0.034226
-3.512828 -0.855712 0.038702
-3.507292 -1.680559 0.042245
-2.909735 -1.131266 0.047373
-2.811471 -1.296468 0.047275
-2.328812 0.161704 0.047320
-2.522877 0.161451 0.047249
-2.619971 -0.000977 0.047239
-2.523116 -0.163090 0.047294
-3.510736 -2.486415 0.040193
-3.513640 -2.757877 0.037114
-3.409772 -2.654239 0.048221
-2.916093 -2.130032 0.049190
-3.105512 -2.169007 0.049051
-3.200892 -2.357154 0.042529
-2.529943 -2.756150 0.047261
2.530828 1.777358 0.047693
2.531114 2.101073 0.047689
2.629699 1.939238 0.048324
2.333146 2.100126 0.047967
2.233895 1.939271 0.047796
2.332991 1.778338 0.047959
3.519436 -0.383917 0.039682
3.415132 -0.536836 0.049335
3.213397 -0.554273 0.050160
3.420179 -0.208345 0.054503
-2.523077 4.033667 0.046234
-2.706888 3.986288 0.045930
2.530829 -1.777355 0.047693
2.627911 -1.613009 0.048477
2.528333 -1.452205 0.047414
2.331959 -1.456053 0.047882
2.233700 -1.617838 0.047724
2.332992 -1.778337 0.047959
2.667518 -3.502358 0.042922
2.846895 -3.426084 0.043808
2.816895 -3.242159 0.042612
2.613337 -3.209695 0.042954
2.530019 -3.370795 0.044764
2.477880 -4.210120 0.045900
2.158971 -4.128082 0.046387
2.295025 -4.258930 0.046367
-2.431845 -3.727263 0.044911
-2.620349 -3.677208 0.047275
-2.662921 -3.509360 0.042768
-2.295406 -3.593783 0.045279
-2.346809 -3.411790 0.046527
-2.525819 -3.377422 0.044685
-1.926078 -4.362182 0.046893
-1.837709 -4.731155 0.045935
-2.062830 -4.494214 0.045860
-2.018187 -4.676379 0.045931
-2.823714 -2.940392 0.045010
-3.210104 -2.993558 0.046201
-2.918587 -3.128381 0.050311
-3.110478 -3.156503 0.049615
-2.232857 -2.587906 0.047097
-2.233819 -2.906062 0.047171
-2.332073 -2.749641 0.047079
-3.206852 -0.953234 0.046060
-3.408609 -0.969342 0.048363
-3.105016 -1.120570 0.048117
-3.510384 -1.131695 0.041117
-3.514088 -1.948422 0.040688
-3.406777 -1.820562 0.042508
-3.407149 -2.091566 0.042072
-3.207530 -1.873269 0.040182
-3.207902 -2.054319 0.040257
-2.906475 -1.459506 0.047586
-2.812689 -1.626349 0.046824
-2.913463 -1.793646 0.048800
-3.103548 -1.759924 0.049110
-2.329094 -0.487284 0.047249
-2.621262 -0.648426 0.047181
-2.523868 -0.487038 0.047386
-2.231814 -0.325176 0.047302
-2.328845 -0.162998 0.047280
-2.231635 -0.000631 0.047258
-3.108179 -2.493702 0.049052
-2.920367 -2.797306 0.048549
-3.210120 -2.671128 0.045241
-3.114866 -2.822350 0.049754
-2.528820 -2.113138 0.047429
-2.331644 -2.429919 0.047540
-2.233391 -2.267499 0.047418
-2.331845 -2.108864 0.047559
-2.626699 -2.601426 0.047036
-2.822126 -2.618803 0.046051
-2.914684 -2.466420 0.048490
-2.817978 -2.290898 0.046293
-2.626337 -2.278784 0.048110
-2.527615 -2.436930 0.047030
3.127235 -0.089807 0.045707
3.244416 -0.215248 0.044840
2.948539 -0.180917 0.041514
2.959152 -0.373925 0.047303
3.141937 -0.408257 0.041591
-2.387112 3.902844 0.046668
-2.115898 3.639801 0.047001
-2.066351 3.822798 0.045074
-2.201124 3.952388 0.045796
-2.936686 3.750594 0.043798
-2.759403 3.805372 0.046384
-2.977577 3.546995 0.049858
-2.842851 3.433868 0.043726
2.206080 -3.948584 0.045820
2.071115 -3.819020 0.045206
2.120331 -3.636106 0.046977
2.300111 -3.589317 0.045350
2.527840 -4.029151 0.046347
2.711473 -3.981272 0.046002
2.436910 -3.722111 0.045033
2.392094 -3.898463 0.046742
2.764135 -3.799478 0.046555
2.625319 -3.671005 0.047411
-1.537938 -4.648356 0.042748
-1.705363 -4.596663 0.047139
-1.749090 -4.409855 0.044585
-1.607258 -4.279084 0.045587
-1.401866 -4.525437 0.043860
-1.427460 -4.342974 0.046924
-3.405073 -1.261425 0.047470
-3.509292 -1.408502 0.041954
-3.401981 -1.546606 0.045935
-3.201462 -1.266409 0.044684
-3.197484 -1.573264 0.042211
-3.101184 -1.440143 0.048896
-2.231883 -0.649381 0.047322
-2.295537 3.593624 0.045280
-2.346911 3.411582 0.046537
-2.525908 3.377130 0.044691
-2.431977 3.727076 0.044919
-2.663013 3.509078 0.042778
-2.620457 3.676983 0.047278
-2.231740 -0.973789 0.047290
-2.329020 -0.811476 0.047296
-2.328611 -1.136382 0.047405
-2.522444 -1.135780 0.047319
-2.620178 -0.972478 0.047309
-2.523625 -0.810767 0.047387
2.226610 -5.000442 0.000000
