3.519365 3.264830 0.001612
3.410207 3.373988 0.001612
3.301048 3.483147 0.001612
3.191890 3.592305 0.001612
3.082731 3.701464 0.001612
2.973573 3.810622 0.001612
2.864414 3.919781 0.001612
2.755256 4.028939 0.001612
2.646097 4.138098 0.001612
2.536939 4.247256 0.001612
2.427780 4.356415 0.001612
2.318622 4.465573 0.001612
2.209463 4.574732 0.001612
2.100305 4.683890 0.001612
1.991146 4.793049 0.001612
1.881988 4.902207 0.001612
1.772829 5.011366 0.001612
1.663671 5.120524 0.001612
1.554512 5.229683 0.001612
1.399061 5.229683 0.001612
1.243610 5.229683 0.001612
1.088159 5.229683 0.001612
0.932707 5.229683 0.001612
0.777256 5.229683 0.001612
0.621805 5.229683 0.001612
0.466354 5.229683 0.001612
0.310902 5.229683 0.001612
0.155451 5.229683 0.001612
0.000000 5.229683 0.001612
-0.155451 5.229683 0.001612
-0.310902 5.229683 0.001612
-0.466354 5.229683 0.001612
-0.621805 5.229683 0.001612
-0.777256 5.229683 0.001612
-0.932707 5.229683 0.001612
-1.088159 5.229683 0.001612
-1.243610 5.229683 0.001612
-1.399061 5.229683 0.001612
-1.554512 5.229683 0.001612
-1.663671 5.120524 0.001612
-1.772829 5.011366 0.001612
-1.881988 4.902207 0.001612
-1.991146 4.793049 0.001612
-2.100305 4.683890 0.001612
-2.209463 4.574732 0.001612
-2.318622 4.465573 0.001612
-2.427780 4.356415 0.001612
-2.536939 4.247256 0.001612
-2.646097 4.138098 0.001612
-2.755256 4.028939 0.001612
-2.864414 3.919781 0.001612
-2.973573 3.810622 0.001612
-3.082731 3.701464 0.001612
-3.191890 3.592305 0.001612
-3.301048 3.483147 0.001612
-3.410207 3.373988 0.001612
-3.519365 3.264830 0.001612
-3.519365 3.112977 0.001612
-3.519365 2.961125 0.001612
-3.519365 2.809272 0.001612
-3.519365 2.657420 0.001612
-3.519365 2.505567 0.001612
-3.519365 2.353714 0.001612
-3.519365 2.201862 0.001612
-3.519365 2.050009 0.001612
-3.519365 1.898157 0.001612
-3.519365 1.746304 0.001612
-3.519365 1.594452 0.001612
-3.519365 1.442599 0.001612
-3.519365 1.290747 0.001612
-3.519365 1.138894 0.001612
-3.519365 0.987042 0.001612
-3.519365 0.835189 0.001612
-3.519365 0.683336 0.001612
-3.519365 0.531484 0.001612
-3.519365 0.379631 0.001612
-3.519365 0.227779 0.001612
-3.519365 0.075926 0.001612
-3.519365 -0.075926 0.001612
-3.519365 -0.227779 0.001612
-3.519365 -0.379631 0.001612
-3.519365 -0.531484 0.001612
-3.519365 -0.683336 0.001612
-3.519365 -0.835189 0.001612
-3.519365 -0.987042 0.001612
-3.519365 -1.138894 0.001612
-3.519365 -1.290747 0.001612
-3.519365 -1.442599 0.001612
-3.519365 -1.594452 0.001612
-3.519365 -1.746304 0.001612
-3.519365 -1.898157 0.001612
-3.519365 -2.050009 0.001612
-3.519365 -2.201862 0.001612
-3.519365 -2.353714 0.001612
-3.519365 -2.505567 0.001612
-3.519365 -2.657420 0.001612
-3.519365 -2.809272 0.001612
-3.519365 -2.961125 0.001612
-3.519365 -3.112977 0.001612
-3.519365 -3.264830 0.001612
-3.410207 -3.373988 0.001612
-3.301048 -3.483147 0.001612
-3.191890 -3.592305 0.001612
-3.082731 -3.701464 0.001612
-2.973573 -3.810622 0.001612
-2.864414 -3.919781 0.001612
-2.755256 -4.028939 0.001612
-2.646097 -4.138098 0.001612
-2.536939 -4.247256 0.001612
-2.427780 -4.356415 0.001612
-2.318622 -4.465573 0.001612
-2.209463 -4.574732 0.001612
-2.100305 -4.683890 0.001612
-1.991146 -4.793049 0.001612
-1.881988 -4.902207 0.001612
-1.772829 -5.011366 0.001612
-1.663671 -5.120524 0.001612
-1.554512 -5.229683 0.001612
-1.399061 -5.229683 0.001612
-1.243610 -5.229683 0.001612
-1.088159 -5.229683 0.001612
-0.932707 -5.229683 0.001612
-0.777256 -5.229683 0.001612
-0.621805 -5.229683 0.001612
-0.466354 -5.229683 0.001612
-0.310902 -5.229683 0.001612
-0.155451 -5.229683 0.001612
0.000000 -5.229683 0.001612
0.155451 -5.229683 0.001612
0.310902 -5.229683 0.001612
0.466354 -5.229683 0.001612
0.621805 -5.229683 0.001612
0.777256 -5.229683 0.001612
0.932707 -5.229683 0.001612
1.088159 -5.229683 0.001612
1.243610 -5.229683 0.001612
1.399061 -5.229683 0.001612
1.554512 -5.229683 0.001612
1.663671 -5.120524 0.001612
1.772829 -5.011366 0.001612
1.881988 -4.902207 0.001612
1.991146 -4.793049 0.001612
2.100305 -4.683890 0.001612
2.209463 -4.574732 0.001612
2.318622 -4.465573 0.001612
2.427780 -4.356415 0.001612
2.536939 -4.247256 0.001612
2.646097 -4.138098 0.001612
2.755256 -4.028939 0.001612
2.864414 -3.919781 0.001612
2.973573 -3.810622 0.001612
3.082731 -3.701464 0.001612
3.191890 -3.592305 0.001612
3.301048 -3.483147 0.001612
3.410207 -3.373988 0.001612
3.519365 -3.264830 0.001612
3.519365 -3.112977 0.001612
3.519365 -2.961125 0.001612
3.519365 -2.809272 0.001612
3.519365 -2.657420 0.001612
3.519365 -2.505567 0.001612
3.519365 -2.353714 0.001612
3.519365 -2.201862 0.001612
3.519365 -2.050009 0.001612
3.519365 -1.898157 0.001612
3.519365 -1.746304 0.001612
3.519365 -1.594452 0.001612
3.519365 -1.442599 0.001612
3.519365 -1.290747 0.001612
3.519365 -1.138894 0.001612
3.519365 -0.987042 0.001612
3.519365 -0.835189 0.001612
3.519365 -0.683336 0.001612
3.519365 -0.531484 0.001612
3.519365 -0.379631 0.001612
3.519365 -0.227779 0.001612
3.519365 -0.075926 0.001612
3.519365 0.075926 0.001612
3.519365 0.227779 0.001612
3.519365 0.379631 0.001612
3.519365 0.531484 0.001612
3.519365 0.683336 0.001612
3.519365 0.835189 0.001612
3.519365 0.987042 0.001612
3.519365 1.138894 0.001612
3.519365 1.290747 0.001612
3.519365 1.442599 0.001612
3.519365 1.594452 0.001612
3.519365 1.746304 0.001612
3.519365 1.898157 0.001612
3.519365 2.050009 0.001612
3.519365 2.201862 0.001612
3.519365 2.353714 0.001612
3.519365 2.505567 0.001612
3.519365 2.657420 0.001612
3.519365 2.809272 0.001612
3.519365 2.961125 0.001612
3.519365 3.112977 0.001612
2.039365 2.714535 0.000804
1.920058 2.833842 0.000804
1.800752 2.953149 0.000804
1.681445 3.072456 0.000804
1.562138 3.191762 0.000804
1.442831 3.311069 0.000804
1.323525 3.430376 0.000804
1.204218 3.549683 0.000804
1.053691 3.549683 0.000804
0.903163 3.549683 0.000804
0.752636 3.549683 0.000804
0.602109 3.549683 0.000804
0.451582 3.549683 0.000804
0.301054 3.549683 0.000804
0.150527 3.549683 0.000804
-0.000000 3.549683 0.000804
-0.150527 3.549683 0.000804
-0.301054 3.549683 0.000804
-0.451582 3.549683 0.000804
-0.602109 3.549683 0.000804
-0.752636 3.549683 0.000804
-0.903163 3.549683 0.000804
-1.053691 3.549683 0.000804
-1.204218 3.549683 0.000804
-1.323525 3.430376 0.000804
-1.442831 3.311069 0.000804
-1.562138 3.191762 0.000804
-1.681445 3.072456 0.000804
-1.800752 2.953149 0.000804
-1.920058 2.833842 0.000804
-2.039365 2.714535 0.000804
-2.039365 2.563728 0.000804
-2.039365 2.412920 0.000804
-2.039365 2.262113 0.000804
-2.039365 2.111305 0.000804
-2.039365 1.960498 0.000804
-2.039365 1.809690 0.000804
-2.039365 1.658883 0.000804
-2.039365 1.508075 0.000804
-2.039365 1.357268 0.000804
-2.039365 1.206460 0.000804
-2.039365 1.055653 0.000804
-2.039365 0.904845 0.000804
-2.039365 0.754038 0.000804
-2.039365 0.603230 0.000804
-2.039365 0.452423 0.000804
-2.039365 0.301615 0.000804
-2.039365 0.150808 0.000804
-2.039365 0.000000 0.000804
-2.039365 -0.150808 0.000804
-2.039365 -0.301615 0.000804
-2.039365 -0.452423 0.000804
-2.039365 -0.603230 0.000804
-2.039365 -0.754038 0.000804
-2.039365 -0.904845 0.000804
-2.039365 -1.055653 0.000804
-2.039365 -1.206460 0.000804
-2.039365 -1.357268 0.000804
-2.039365 -1.508075 0.000804
-2.039365 -1.658883 0.000804
-2.039365 -1.809690 0.000804
-2.039365 -1.960498 0.000804
-2.039365 -2.111305 0.000804
-2.039365 -2.262113 0.000804
-2.039365 -2.412920 0.000804
-2.039365 -2.563728 0.000804
-2.039365 -2.714535 0.000804
-1.920058 -2.833842 0.000804
-1.800752 -2.953149 0.000804
-1.681445 -3.072456 0.000804
-1.562138 -3.191762 0.000804
-1.442831 -3.311069 0.000804
-1.323525 -3.430376 0.000804
-1.204218 -3.549683 0.000804
-1.053691 -3.549683 0.000804
-0.903163 -3.549683 0.000804
-0.752636 -3.549683 0.000804
-0.602109 -3.549683 0.000804
-0.451582 -3.549683 0.000804
-0.301054 -3.549683 0.000804
-0.150527 -3.549683 0.000804
0.000000 -3.549683 0.000804
0.150527 -3.549683 0.000804
0.301054 -3.549683 0.000804
0.451582 -3.549683 0.000804
0.602109 -3.549683 0.000804
0.752636 -3.549683 0.000804
0.903163 -3.549683 0.000804
1.053691 -3.549683 0.000804
1.204218 -3.549683 0.000804
1.323525 -3.430376 0.000804
1.442831 -3.311069 0.000804
1.562138 -3.191762 0.000804
1.681445 -3.072456 0.000804
1.800752 -2.953149 0.000804
1.920058 -2.833842 0.000804
2.039365 -2.714535 0.000804
2.039365 -2.563728 0.000804
2.039365 -2.412920 0.000804
2.039365 -2.262113 0.000804
2.039365 -2.111305 0.000804
2.039365 -1.960498 0.000804
2.039365 -1.809690 0.000804
2.039365 -1.658883 0.000804
2.039365 -1.508075 0.000804
2.039365 -1.357268 0.000804
2.039365 -1.206460 0.000804
2.039365 -1.055653 0.000804
2.039365 -0.904845 0.000804
2.039365 -0.754038 0.000804
2.039365 -0.603230 0.000804
2.039365 -0.452423 0.000804
2.039365 -0.301615 0.000804
2.039365 -0.150808 0.000804
2.039365 -0.000000 0.000804
2.039365 0.150808 0.000804
2.039365 0.301615 0.000804
2.039365 0.452423 0.000804
2.039365 0.603230 0.000804
2.039365 0.754038 0.000804
2.039365 0.904845 0.000804
2.039365 1.055653 0.000804
2.039365 1.206460 0.000804
2.039365 1.357268 0.000804
2.039365 1.508075 0.000804
2.039365 1.658883 0.000804
2.039365 1.809690 0.000804
2.039365 1.960498 0.000804
2.039365 2.111305 0.000804
2.039365 2.262113 0.000804
2.039365 2.412920 0.000804
2.039365 2.563728 0.000804
