3.503492 3.206893 0.001612
3.394334 3.316052 0.001612
3.285175 3.425210 0.001612
3.176017 3.534369 0.001612
3.066858 3.643527 0.001612
2.957700 3.752686 0.001612
2.848541 3.861844 0.001612
2.739383 3.971003 0.001612
2.630224 4.080161 0.001612
2.521066 4.189320 0.001612
2.411907 4.298478 0.001612
2.302749 4.407637 0.001612
2.193590 4.516795 0.001612
2.084432 4.625954 0.001612
1.975273 4.735112 0.001612
1.866115 4.844271 0.001612
1.756956 4.953429 0.001612
1.647798 5.062588 0.001612
1.538639 5.171746 0.001612
1.384775 5.171746 0.001612
1.230911 5.171746 0.001612
1.077047 5.171746 0.001612
0.923184 5.171746 0.001612
0.769320 5.171746 0.001612
0.615456 5.171746 0.001612
0.461592 5.171746 0.001612
0.307728 5.171746 0.001612
0.153864 5.171746 0.001612
0.000000 5.171746 0.001612
-0.153864 5.171746 0.001612
-0.307728 5.171746 0.001612
-0.461592 5.171746 0.001612
-0.615456 5.171746 0.001612
-0.769320 5.171746 0.001612
-0.923184 5.171746 0.001612
-1.077047 5.171746 0.001612
-1.230911 5.171746 0.001612
-1.384775 5.171746 0.001612
-1.538639 5.171746 0.001612
-1.647798 5.062588 0.001612
-1.756956 4.953429 0.001612
-1.866115 4.844271 0.001612
-1.975273 4.735112 0.001612
-2.084432 4.625954 0.001612
-2.193590 4.516795 0.001612
-2.302749 4.407637 0.001612
-2.411907 4.298478 0.001612
-2.521066 4.189320 0.001612
-2.630224 4.080161 0.001612
-2.739383 3.971003 0.001612
-2.848541 3.861844 0.001612
-2.957700 3.752686 0.001612
-3.066858 3.643527 0.001612
-3.176017 3.534369 0.001612
-3.285175 3.425210 0.001612
-3.394334 3.316052 0.001612
-3.503492 3.206893 0.001612
-3.503492 3.054184 0.001612
-3.503492 2.901475 0.001612
-3.503492 2.748766 0.001612
-3.503492 2.596056 0.001612
-3.503492 2.443347 0.001612
-3.503492 2.290638 0.001612
-3.503492 2.137929 0.001612
-3.503492 1.985220 0.001612
-3.503492 1.832510 0.001612
-3.503492 1.679801 0.001612
-3.503492 1.527092 0.001612
-3.503492 1.374383 0.001612
-3.503492 1.221674 0.001612
-3.503492 1.068964 0.001612
-3.503492 0.916255 0.001612
-3.503492 0.763546 0.001612
-3.503492 0.610837 0.001612
-3.503492 0.458128 0.001612
-3.503492 0.305418 0.001612
-3.503492 0.152709 0.001612
-3.503492 0.000000 0.001612
-3.503492 -0.152709 0.001612
-3.503492 -0.305418 0.001612
-3.503492 -0.458128 0.001612
-3.503492 -0.610837 0.001612
-3.503492 -0.763546 0.001612
-3.503492 -0.916255 0.001612
-3.503492 -1.068964 0.001612
-3.503492 -1.221674 0.001612
-3.503492 -1.374383 0.001612
-3.503492 -1.527092 0.001612
-3.503492 -1.679801 0.001612
-3.503492 -1.832510 0.001612
-3.503492 -1.985220 0.001612
-3.503492 -2.137929 0.001612
-3.503492 -2.290638 0.001612
-3.503492 -2.443347 0.001612
-3.503492 -2.596056 0.001612
-3.503492 -2.748766 0.001612
-3.503492 -2.901475 0.001612
-3.503492 -3.054184 0.001612
-3.503492 -3.206893 0.001612
-3.394334 -3.316052 0.001612
-3.285175 -3.425210 0.001612
-3.176017 -3.534369 0.001612
-3.066858 -3.643527 0.001612
-2.957700 -3.752686 0.001612
-2.848541 -3.861844 0.001612
-2.739383 -3.971003 0.001612
-2.630224 -4.080161 0.001612
-2.521066 -4.189320 0.001612
-2.411907 -4.298478 0.001612
-2.302749 -4.407637 0.001612
-2.193590 -4.516795 0.001612
-2.084432 -4.625954 0.001612
-1.975273 -4.735112 0.001612
-1.866115 -4.844271 0.001612
-1.756956 -4.953429 0.001612
-1.647798 -5.062588 0.001612
-1.538639 -5.171746 0.001612
-1.384775 -5.171746 0.001612
-1.230911 -5.171746 0.001612
-1.077047 -5.171746 0.001612
-0.923184 -5.171746 0.001612
-0.769320 -5.171746 0.001612
-0.615456 -5.171746 0.001612
-0.461592 -5.171746 0.001612
-0.307728 -5.171746 0.001612
-0.153864 -5.171746 0.001612
0.000000 -5.171746 0.001612
0.153864 -5.171746 0.001612
0.307728 -5.171746 0.001612
0.461592 -5.171746 0.001612
0.615456 -5.171746 0.001612
0.769320 -5.171746 0.001612
0.923184 -5.171746 0.001612
1.077047 -5.171746 0.001612
1.230911 -5.171746 0.001612
1.384775 -5.171746 0.001612
1.538639 -5.171746 0.001612
1.647798 -5.062588 0.001612
1.756956 -4.953429 0.001612
1.866115 -4.844271 0.001612
1.975273 -4.735112 0.001612
2.084432 -4.625954 0.001612
2.193590 -4.516795 0.001612
2.302749 -4.407637 0.001612
2.411907 -4.298478 0.001612
2.521066 -4.189320 0.001612
2.630224 -4.080161 0.001612
2.739383 -3.971003 0.001612
2.848541 -3.861844 0.001612
2.957700 -3.752686 0.001612
3.066858 -3.643527 0.001612
3.176017 -3.534369 0.001612
3.285175 -3.425210 0.001612
3.394334 -3.316052 0.001612
3.503492 -3.206893 0.001612
3.503492 -3.054184 0.001612
3.503492 -2.901475 0.001612
3.503492 -2.748766 0.001612
3.503492 -2.596056 0.001612
3.503492 -2.443347 0.001612
3.503492 -2.290638 0.001612
3.503492 -2.137929 0.001612
3.503492 -1.985220 0.001612
3.503492 -1.832510 0.001612
3.503492 -1.679801 0.001612
3.503492 -1.527092 0.001612
3.503492 -1.374383 0.001612
3.503492 -1.221674 0.001612
3.503492 -1.068964 0.001612
3.503492 -0.916255 0.001612
3.503492 -0.763546 0.001612
3.503492 -0.610837 0.001612
3.503492 -0.458128 0.001612
3.503492 -0.305418 0.001612
3.503492 -0.152709 0.001612
3.503492 0.000000 0.001612
3.503492 0.152709 0.001612
3.503492 0.305418 0.001612
3.503492 0.458128 0.001612
3.503492 0.610837 0.001612
3.503492 0.763546 0.001612
3.503492 0.916255 0.001612
3.503492 1.068964 0.001612
3.503492 1.221674 0.001612
3.503492 1.374383 0.001612
3.503492 1.527092 0.001612
3.503492 1.679801 0.001612
3.503492 1.832510 0.001612
3.503492 1.985220 0.001612
3.503492 2.137929 0.001612
3.503492 2.290638 0.001612
3.503492 2.443347 0.001612
3.503492 2.596056 0.001612
3.503492 2.748766 0.001612
3.503492 2.901475 0.001612
3.503492 3.054184 0.001612
2.023492 2.656599 0.000804
1.904185 2.775906 0.000804
1.784879 2.895212 0.000804
1.665572 3.014519 0.000804
1.546265 3.133826 0.000804
1.426958 3.253133 0.000804
1.307652 3.372439 0.000804
1.188345 3.491746 0.000804
1.029899 3.491746 0.000804
0.871453 3.491746 0.000804
0.713007 3.491746 0.000804
0.554561 3.491746 0.000804
0.396115 3.491746 0.000804
0.237669 3.491746 0.000804
0.079223 3.491746 0.000804
-0.079223 3.491746 0.000804
-0.237669 3.491746 0.000804
-0.396115 3.491746 0.000804
-0.554561 3.491746 0.000804
-0.713007 3.491746 0.000804
-0.871453 3.491746 0.000804
-1.029899 3.491746 0.000804
-1.188345 3.491746 0.000804
-1.307652 3.372439 0.000804
-1.426958 3.253133 0.000804
-1.546265 3.133826 0.000804
-1.665572 3.014519 0.000804
-1.784879 2.895212 0.000804
-1.904185 2.775906 0.000804
-2.023492 2.656599 0.000804
-2.023492 2.504793 0.000804
-2.023492 2.352988 0.000804
-2.023492 2.201182 0.000804
-2.023492 2.049376 0.000804
-2.023492 1.897571 0.000804
-2.023492 1.745765 0.000804
-2.023492 1.593959 0.000804
-2.023492 1.442154 0.000804
-2.023492 1.290348 0.000804
-2.023492 1.138542 0.000804
-2.023492 0.986737 0.000804
-2.023492 0.834931 0.000804
-2.023492 0.683125 0.000804
-2.023492 0.531320 0.000804
-2.023492 0.379514 0.000804
-2.023492 0.227708 0.000804
-2.023492 0.075903 0.000804
-2.023492 -0.075903 0.000804
-2.023492 -0.227708 0.000804
-2.023492 -0.379514 0.000804
-2.023492 -0.531320 0.000804
-2.023492 -0.683125 0.000804
-2.023492 -0.834931 0.000804
-2.023492 -0.986737 0.000804
-2.023492 -1.138542 0.000804
-2.023492 -1.290348 0.000804
-2.023492 -1.442154 0.000804
-2.023492 -1.593959 0.000804
-2.023492 -1.745765 0.000804
-2.023492 -1.897571 0.000804
-2.023492 -2.049376 0.000804
-2.023492 -2.201182 0.000804
-2.023492 -2.352988 0.000804
-2.023492 -2.504793 0.000804
-2.023492 -2.656599 0.000804
-1.904185 -2.775906 0.000804
-1.784879 -2.895212 0.000804
-1.665572 -3.014519 0.000804
-1.546265 -3.133826 0.000804
-1.426958 -3.253133 0.000804
-1.307652 -3.372439 0.000804
-1.188345 -3.491746 0.000804
-1.029899 -3.491746 0.000804
-0.871453 -3.491746 0.000804
-0.713007 -3.491746 0.000804
-0.554561 -3.491746 0.000804
-0.396115 -3.491746 0.000804
-0.237669 -3.491746 0.000804
-0.079223 -3.491746 0.000804
0.079223 -3.491746 0.000804
0.237669 -3.491746 0.000804
0.396115 -3.491746 0.000804
0.554561 -3.491746 0.000804
0.713007 -3.491746 0.000804
0.871453 -3.491746 0.000804
1.029899 -3.491746 0.000804
1.188345 -3.491746 0.000804
1.307652 -3.372439 0.000804
1.426958 -3.253133 0.000804
1.546265 -3.133826 0.000804
1.665572 -3.014519 0.000804
1.784879 -2.895212 0.000804
1.904185 -2.775906 0.000804
2.023492 -2.656599 0.000804
2.023492 -2.504793 0.000804
2.023492 -2.352988 0.000804
2.023492 -2.201182 0.000804
2.023492 -2.049376 0.000804
2.023492 -1.897571 0.000804
2.023492 -1.745765 0.000804
2.023492 -1.593959 0.000804
2.023492 -1.442154 0.000804
2.023492 -1.290348 0.000804
2.023492 -1.138542 0.000804
2.023492 -0.986737 0.000804
2.023492 -0.834931 0.000804
2.023492 -0.683125 0.000804
2.023492 -0.531320 0.000804
2.023492 -0.379514 0.000804
2.023492 -0.227708 0.000804
2.023492 -0.075903 0.000804
2.023492 0.075903 0.000804
2.023492 0.227708 0.000804
2.023492 0.379514 0.000804
2.023492 0.531320 0.000804
2.023492 0.683125 0.000804
2.023492 0.834931 0.000804
2.023492 0.986737 0.000804
2.023492 1.138542 0.000804
2.023492 1.290348 0.000804
2.023492 1.442154 0.000804
2.023492 1.593959 0.000804
2.023492 1.745765 0.000804
2.023492 1.897571 0.000804
2.023492 2.049376 0.000804
2.023492 2.201182 0.000804
2.023492 2.352988 0.000804
2.023492 2.504793 0.000804
