3.487619 3.148957 0.001612
3.378461 3.258115 0.001612
3.269302 3.367274 0.001612
3.160144 3.476432 0.001612
3.050985 3.585591 0.001612
2.941827 3.694749 0.001612
2.832668 3.803908 0.001612
2.723510 3.913066 0.001612
2.614351 4.022225 0.001612
2.505193 4.131383 0.001612
2.396034 4.240542 0.001612
2.286876 4.349700 0.001612
2.177717 4.458859 0.001612
2.068559 4.568017 0.001612
1.959400 4.677176 0.001612
1.850242 4.786334 0.001612
1.741083 4.895493 0.001612
1.631925 5.004651 0.001612
1.522766 5.113810 0.001612
1.370490 5.113810 0.001612
1.218213 5.113810 0.001612
1.065936 5.113810 0.001612
0.913660 5.113810 0.001612
0.761383 5.113810 0.001612
0.609106 5.113810 0.001612
0.456830 5.113810 0.001612
0.304553 5.113810 0.001612
0.152277 5.113810 0.001612
0.000000 5.113810 0.001612
-0.152277 5.113810 0.001612
-0.304553 5.113810 0.001612
-0.456830 5.113810 0.001612
-0.609106 5.113810 0.001612
-0.761383 5.113810 0.001612
-0.913660 5.113810 0.001612
-1.065936 5.113810 0.001612
-1.218213 5.113810 0.001612
-1.370490 5.113810 0.001612
-1.522766 5.113810 0.001612
-1.631925 5.004651 0.001612
-1.741083 4.895493 0.001612
-1.850242 4.786334 0.001612
-1.959400 4.677176 0.001612
-2.068559 4.568017 0.001612
-2.177717 4.458859 0.001612
-2.286876 4.349700 0.001612
-2.396034 4.240542 0.001612
-2.505193 4.131383 0.001612
-2.614351 4.022225 0.001612
-2.723510 3.913066 0.001612
-2.832668 3.803908 0.001612
-2.941827 3.694749 0.001612
-3.050985 3.585591 0.001612
-3.160144 3.476432 0.001612
-3.269302 3.367274 0.001612
-3.378461 3.258115 0.001612
-3.487619 3.148957 0.001612
-3.487619 2.995349 0.001612
-3.487619 2.841741 0.001612
-3.487619 2.688134 0.001612
-3.487619 2.534526 0.001612
-3.487619 2.380918 0.001612
-3.487619 2.227311 0.001612
-3.487619 2.073703 0.001612
-3.487619 1.920096 0.001612
-3.487619 1.766488 0.001612
-3.487619 1.612880 0.001612
-3.487619 1.459273 0.001612
-3.487619 1.305665 0.001612
-3.487619 1.152057 0.001612
-3.487619 0.998450 0.001612
-3.487619 0.844842 0.001612
-3.487619 0.691234 0.001612
-3.487619 0.537627 0.001612
-3.487619 0.384019 0.001612
-3.487619 0.230411 0.001612
-3.487619 0.076804 0.001612
-3.487619 -0.076804 0.001612
-3.487619 -0.230411 0.001612
-3.487619 -0.384019 0.001612
-3.487619 -0.537627 0.001612
-3.487619 -0.691234 0.001612
-3.487619 -0.844842 0.001612
-3.487619 -0.998450 0.001612
-3.487619 -1.152057 0.001612
-3.487619 -1.305665 0.001612
-3.487619 -1.459273 0.001612
-3.487619 -1.612880 0.001612
-3.487619 -1.766488 0.001612
-3.487619 -1.920096 0.001612
-3.487619 -2.073703 0.001612
-3.487619 -2.227311 0.001612
-3.487619 -2.380918 0.001612
-3.487619 -2.534526 0.001612
-3.487619 -2.688134 0.001612
-3.487619 -2.841741 0.001612
-3.487619 -2.995349 0.001612
-3.487619 -3.148957 0.001612
-3.378461 -3.258115 0.001612
-3.269302 -3.367274 0.001612
-3.160144 -3.476432 0.001612
-3.050985 -3.585591 0.001612
-2.941827 -3.694749 0.001612
-2.832668 -3.803908 0.001612
-2.723510 -3.913066 0.001612
-2.614351 -4.022225 0.001612
-2.505193 -4.131383 0.001612
-2.396034 -4.240542 0.001612
-2.286876 -4.349700 0.001612
-2.177717 -4.458859 0.001612
-2.068559 -4.568017 0.001612
-1.959400 -4.677176 0.001612
-1.850242 -4.786334 0.001612
-1.741083 -4.895493 0.001612
-1.631925 -5.004651 0.001612
-1.522766 -5.113810 0.001612
-1.370490 -5.113810 0.001612
-1.218213 -5.113810 0.001612
-1.065936 -5.113810 0.001612
-0.913660 -5.113810 0.001612
-0.761383 -5.113810 0.001612
-0.609106 -5.113810 0.001612
-0.456830 -5.113810 0.001612
-0.304553 -5.113810 0.001612
-0.152277 -5.113810 0.001612
0.000000 -5.113810 0.001612
0.152277 -5.113810 0.001612
0.304553 -5.113810 0.001612
0.456830 -5.113810 0.001612
0.609106 -5.113810 0.001612
0.761383 -5.113810 0.001612
0.913660 -5.113810 0.001612
1.065936 -5.113810 0.001612
1.218213 -5.113810 0.001612
1.370490 -5.113810 0.001612
1.522766 -5.113810 0.001612
1.631925 -5.004651 0.001612
1.741083 -4.895493 0.001612
1.850242 -4.786334 0.001612
1.959400 -4.677176 0.001612
2.068559 -4.568017 0.001612
2.177717 -4.458859 0.001612
2.286876 -4.349700 0.001612
2.396034 -4.240542 0.001612
2.505193 -4.131383 0.001612
2.614351 -4.022225 0.001612
2.723510 -3.913066 0.001612
2.832668 -3.803908 0.001612
2.941827 -3.694749 0.001612
3.050985 -3.585591 0.001612
3.160144 -3.476432 0.001612
3.269302 -3.367274 0.001612
3.378461 -3.258115 0.001612
3.487619 -3.148957 0.001612
3.487619 -2.995349 0.001612
3.487619 -2.841741 0.001612
3.487619 -2.688134 0.001612
3.487619 -2.534526 0.001612
3.487619 -2.380918 0.001612
3.487619 -2.227311 0.001612
3.487619 -2.073703 0.001612
3.487619 -1.920096 0.001612
3.487619 -1.766488 0.001612
3.487619 -1.612880 0.001612
3.487619 -1.459273 0.001612
3.487619 -1.305665 0.001612
3.487619 -1.152057 0.001612
3.487619 -0.998450 0.001612
3.487619 -0.844842 0.001612
3.487619 -0.691234 0.001612
3.487619 -0.537627 0.001612
3.487619 -0.384019 0.001612
3.487619 -0.230411 0.001612
3.487619 -0.076804 0.001612
3.487619 0.076804 0.001612
3.487619 0.230411 0.001612
3.487619 0.384019 0.001612
3.487619 0.537627 0.001612
3.487619 0.691234 0.001612
3.487619 0.844842 0.001612
3.487619 0.998450 0.001612
3.487619 1.152057 0.001612
3.487619 1.305665 0.001612
3.487619 1.459273 0.001612
3.487619 1.612880 0.001612
3.487619 1.766488 0.001612
3.487619 1.920096 0.001612
3.487619 2.073703 0.001612
3.487619 2.227311 0.001612
3.487619 2.380918 0.001612
3.487619 2.534526 0.001612
3.487619 2.688134 0.001612
3.487619 2.841741 0.001612
3.487619 2.995349 0.001612
2.007619 2.598662 0.000804
1.888312 2.717969 0.000804
1.769006 2.837276 0.000804
1.649699 2.956583 0.000804
1.530392 3.075889 0.000804
1.411085 3.195196 0.000804
1.291779 3.314503 0.000804
1.172472 3.433810 0.000804
1.016142 3.433810 0.000804
0.859813 3.433810 0.000804
0.703483 3.433810 0.000804
0.547154 3.433810 0.000804
0.390824 3.433810 0.000804
0.234494 3.433810 0.000804
0.078165 3.433810 0.000804
-0.078165 3.433810 0.000804
-0.234494 3.433810 0.000804
-0.390824 3.433810 0.000804
-0.547154 3.433810 0.000804
-0.703483 3.433810 0.000804
-0.859813 3.433810 0.000804
-1.016142 3.433810 0.000804
-1.172472 3.433810 0.000804
-1.291779 3.314503 0.000804
-1.411085 3.195196 0.000804
-1.530392 3.075889 0.000804
-1.649699 2.956583 0.000804
-1.769006 2.837276 0.000804
-1.888312 2.717969 0.000804
-2.007619 2.598662 0.000804
-2.007619 2.445800 0.000804
-2.007619 2.292937 0.000804
-2.007619 2.140075 0.000804
-2.007619 1.987212 0.000804
-2.007619 1.834350 0.000804
-2.007619 1.681487 0.000804
-2.007619 1.528625 0.000804
-2.007619 1.375762 0.000804
-2.007619 1.222900 0.000804
-2.007619 1.070037 0.000804
-2.007619 0.917175 0.000804
-2.007619 0.764312 0.000804
-2.007619 0.611450 0.000804
-2.007619 0.458587 0.000804
-2.007619 0.305725 0.000804
-2.007619 0.152862 0.000804
-2.007619 0.000000 0.000804
-2.007619 -0.152862 0.000804
-2.007619 -0.305725 0.000804
-2.007619 -0.458587 0.000804
-2.007619 -0.611450 0.000804
-2.007619 -0.764312 0.000804
-2.007619 -0.917175 0.000804
-2.007619 -1.070037 0.000804
-2.007619 -1.222900 0.000804
-2.007619 -1.375762 0.000804
-2.007619 -1.528625 0.000804
-2.007619 -1.681487 0.000804
-2.007619 -1.834350 0.000804
-2.007619 -1.987212 0.000804
-2.007619 -2.140075 0.000804
-2.007619 -2.292937 0.000804
-2.007619 -2.445800 0.000804
-2.007619 -2.598662 0.000804
-1.888312 -2.717969 0.000804
-1.769006 -2.837276 0.000804
-1.649699 -2.956583 0.000804
-1.530392 -3.075889 0.000804
-1.411085 -3.195196 0.000804
-1.291779 -3.314503 0.000804
-1.172472 -3.433810 0.000804
-1.016142 -3.433810 0.000804
-0.859813 -3.433810 0.000804
-0.703483 -3.433810 0.000804
-0.547154 -3.433810 0.000804
-0.390824 -3.433810 0.000804
-0.234494 -3.433810 0.000804
-0.078165 -3.433810 0.000804
0.078165 -3.433810 0.000804
0.234494 -3.433810 0.000804
0.390824 -3.433810 0.000804
0.547154 -3.433810 0.000804
0.703483 -3.433810 0.000804
0.859813 -3.433810 0.000804
1.016142 -3.433810 0.000804
1.172472 -3.433810 0.000804
1.291779 -3.314503 0.000804
1.411085 -3.195196 0.000804
1.530392 -3.075889 0.000804
1.649699 -2.956583 0.000804
1.769006 -2.837276 0.000804
1.888312 -2.717969 0.000804
2.007619 -2.598662 0.000804
2.007619 -2.445800 0.000804
2.007619 -2.292937 0.000804
2.007619 -2.140075 0.000804
2.007619 -1.987212 0.000804
2.007619 -1.834350 0.000804
2.007619 -1.681487 0.000804
2.007619 -1.528625 0.000804
2.007619 -1.375762 0.000804
2.007619 -1.222900 0.000804
2.007619 -1.070037 0.000804
2.007619 -0.917175 0.000804
2.007619 -0.764312 0.000804
2.007619 -0.611450 0.000804
2.007619 -0.458587 0.000804
2.007619 -0.305725 0.000804
2.007619 -0.152862 0.000804
2.007619 0.000000 0.000804
2.007619 0.152862 0.000804
2.007619 0.305725 0.000804
2.007619 0.458587 0.000804
2.007619 0.611450 0.000804
2.007619 0.764312 0.000804
2.007619 0.917175 0.000804
2.007619 1.070037 0.000804
2.007619 1.222900 0.000804
2.007619 1.375762 0.000804
2.007619 1.528625 0.000804
2.007619 1.681487 0.000804
2.007619 1.834350 0.000804
2.007619 1.987212 0.000804
2.007619 2.140075 0.000804
2.007619 2.292937 0.000804
2.007619 2.445800 0.000804
