3.359529 1.147577 0.038481
2.147653 -0.745044 0.049614
2.068897 0.560000 0.048761
0.085247 -4.806146 0.046145
2.968939 0.156315 0.043829
3.268567 3.104263 0.044530
2.526183 3.836873 0.046174
2.338962 3.895955 0.046144
2.204726 3.773530 0.047062
3.268096 0.977448 0.050222
2.069618 2.290512 0.049303
2.177856 2.432452 0.047302
3.254431 2.213706 0.046998
3.354908 2.377708 0.038466
3.257234 2.508083 0.047336
3.063845 2.502536 0.044964
2.962184 2.346304 0.045127
3.055096 2.187850 0.045952
3.359529 -1.147520 0.038481
2.454836 0.469877 0.046420
2.648794 0.385160 0.043452
2.795519 -0.101439 0.041459
2.659230 0.199497 0.049900
2.795520 0.101492 0.041459
2.049497 0.207605 0.042625
2.142521 0.393788 0.039876
2.317964 0.363139 0.047477
3.364439 -0.856947 0.034614
3.268095 -0.977391 0.050221
3.347172 -1.416630 0.041027
3.250828 -1.280316 0.044744
2.959448 -0.464010 0.046248
3.074366 -0.621997 0.043632
2.644935 -1.585406 0.046111
2.298915 -0.764134 0.038441
2.142520 -0.393740 0.039876
2.068896 -0.559953 0.048761
2.049497 -0.207558 0.042624
-2.062214 -0.487589 0.046546
-2.149732 -0.301831 0.049795
-2.306980 -0.296722 0.040275
0.250136 -4.901496 0.040582
-1.361050 -4.902232 0.039955
-1.218579 -4.804710 0.045793
-2.069484 -1.538772 0.050345
0.067312 -4.618605 0.044015
0.228914 -4.525330 0.044599
-0.574712 -4.077366 0.045391
-0.582000 -4.260330 0.044645
3.356891 0.143474 0.039475
2.980714 2.666951 0.045028
3.072010 2.828555 0.041754
2.796503 2.669290 0.045856
3.358199 2.656293 0.038576
3.353780 2.936727 0.037821
3.256107 2.812350 0.049336
2.282267 4.078550 0.046444
1.375378 4.065161 0.042569
1.388379 4.228748 0.047156
2.771737 3.591851 0.046309
2.584303 3.653385 0.046188
3.012256 3.342964 0.048335
3.075692 3.163402 0.046102
2.826476 3.403376 0.048043
2.675409 3.295608 0.048635
2.976809 3.012070 0.048280
2.252122 3.598029 0.044461
2.112918 3.469277 0.046812
2.480845 3.367663 0.043081
2.444476 3.536965 0.047997
2.329998 3.247743 0.044997
2.154427 3.288294 0.044623
3.261804 0.585873 0.048256
3.353238 0.415044 0.039300
3.254256 0.296151 0.044141
3.047905 0.308991 0.046512
3.099693 0.957122 0.039415
3.364439 0.857000 0.034614
3.364439 0.689893 0.034142
2.054632 0.926620 0.043442
2.147655 0.745091 0.049614
2.065661 1.278347 0.046591
2.144420 1.109069 0.043026
2.322108 1.116851 0.047616
2.069746 1.951843 0.048357
2.163491 2.107786 0.045298
3.355397 2.109890 0.035989
3.355397 1.950771 0.035956
2.953969 2.035351 0.046228
2.746626 1.734789 0.046410
3.250828 1.280378 0.044744
2.659229 -0.199445 0.049900
2.317963 -0.363090 0.047477
2.493520 0.098031 0.043952
2.346212 0.176957 0.040254
2.346212 -0.176907 0.040254
2.493519 -0.097980 0.043952
2.170769 -0.078902 0.043072
2.170770 0.078951 0.043072
3.353238 -0.414993 0.039300
3.364439 -0.689841 0.034142
3.261804 -0.585819 0.048255
3.254256 -0.296098 0.044141
2.968939 -0.156262 0.043829
3.047904 -0.308938 0.046512
3.076308 0.000026 0.040765
3.356891 -0.143423 0.039476
3.257909 0.000026 0.048839
3.099691 -0.957063 0.039414
2.847106 -0.829560 0.040242
3.008597 -0.789816 0.043537
2.953970 -2.035258 0.046226
2.746621 -1.734712 0.046409
3.254437 -2.213626 0.046994
3.354912 -2.377641 0.038464
3.257246 -2.507997 0.047332
3.063866 -2.502423 0.044962
3.055103 -2.187751 0.045950
2.962198 -2.346192 0.045124
3.268593 -3.104211 0.044529
2.252286 -3.597858 0.044454
2.444624 -3.536807 0.047991
2.752923 -2.044990 0.046553
2.650353 -1.898117 0.046243
1.806692 4.554316 0.046304
1.544542 4.313896 0.046262
-0.030273 3.415615 0.037806
-0.494950 4.904341 0.036286
0.070496 4.071429 0.044637
0.067811 4.253609 0.044410
0.718799 4.250703 0.044270
0.542998 4.901229 0.041092
0.249498 4.901493 0.040593
0.390330 4.804786 0.045874
-1.525767 4.830442 0.042793
-1.231538 4.615870 0.043519
-1.404323 4.540456 0.043378
-1.556503 4.657383 0.045074
-1.361484 4.902078 0.039964
-1.219435 4.804434 0.045810
-0.580712 4.622797 0.044371
-0.607667 4.808234 0.046786
-1.076009 4.524356 0.045443
-0.746473 4.529019 0.044848
-0.907248 4.616812 0.043656
1.566631 4.811610 0.042716
1.335473 4.600312 0.042581
1.506316 4.507812 0.043909
1.630409 4.619882 0.044255
1.210394 4.334671 0.041926
1.195713 4.512318 0.046624
1.046206 4.253566 0.044294
0.879974 4.341792 0.044181
-2.155855 -0.661658 0.045709
-2.069514 -0.836407 0.049014
-2.160883 -1.007159 0.048449
-2.343700 -0.998716 0.047291
-2.067242 -1.187885 0.048797
-2.160853 -1.355013 0.046983
0.543540 -4.901230 0.041075
0.390993 -4.804789 0.045858
0.387706 -4.616166 0.043701
-1.525326 -4.830729 0.042763
-0.040629 -4.902587 0.038842
-1.070584 -4.900414 0.040558
-0.780047 -4.901887 0.039276
-0.913637 -4.804365 0.046783
0.398794 -3.513461 0.047088
0.532797 -3.415265 0.038175
0.402544 -3.703117 0.044226
0.559747 -3.793253 0.043959
-0.407206 -3.983001 0.043597
-0.251907 -4.073457 0.044939
0.557306 -3.976258 0.043824
-0.087322 -3.980590 0.043982
-0.080586 -3.796206 0.044378
0.082391 -3.704103 0.044099
0.239086 -3.796074 0.044211
-0.256276 -4.257175 0.044515
-0.094150 -4.529063 0.044504
-0.094377 -4.346483 0.044377
-0.418863 -4.349682 0.044329
-2.186633 -2.373916 0.051041
-2.072292 -2.251657 0.055324
-3.373681 -0.199982 0.043573
-3.370851 -0.561531 0.044722
-3.288658 -0.379468 0.047748
-3.134509 -0.365003 0.040429
-3.025393 -0.507455 0.041271
-2.859417 -0.424026 0.041202
-2.859525 -0.232611 0.042225
-3.028332 -0.189188 0.040729
-1.546888 -3.048779 0.043622
-3.362180 -2.193081 0.046583
-2.443130 -2.958884 0.045717
1.486945 3.925309 0.041017
1.365423 3.761281 0.041310
2.729123 2.828960 0.041362
2.685634 3.134014 0.041394
2.818133 3.010136 0.041236
2.430581 2.701164 0.045246
2.554907 2.843561 0.043181
2.359126 3.065032 0.045737
2.520197 3.023358 0.041293
1.522089 3.078710 0.044390
2.014821 3.149351 0.044960
1.838883 3.186795 0.044886
1.697747 3.045023 0.045268
1.267675 3.458646 0.043184
1.313345 3.288169 0.044363
1.487283 3.256368 0.045322
1.403622 3.601919 0.046629
3.008599 0.789874 0.043537
3.074367 0.622053 0.043632
2.732675 0.694784 0.045478
2.847109 0.829618 0.040242
2.779247 0.497051 0.044487
2.959449 0.464064 0.046248
2.677184 1.090410 0.047576
2.824426 1.035415 0.040205
2.931800 1.412594 0.047818
2.981006 1.113362 0.041503
3.040708 1.266488 0.047254
2.578043 0.749119 0.040838
2.545235 0.938948 0.040476
2.383584 0.953495 0.042190
2.430657 0.636103 0.041394
2.298920 0.764184 0.038442
2.432904 1.281779 0.043595
2.644940 1.585475 0.046112
2.626329 1.269886 0.046850
2.736722 1.417642 0.046711
2.355305 2.083729 0.047325
2.452992 1.915071 0.045382
2.650359 1.898197 0.046245
2.752926 2.045082 0.046554
3.347172 1.416690 0.041027
3.251420 1.848522 0.047604
3.049328 1.879362 0.046102
3.351897 1.685052 0.039158
3.243196 1.561529 0.048458
2.944552 1.725684 0.047006
3.037944 1.571322 0.044849
2.732671 -0.694729 0.045478
2.578038 -0.749065 0.040838
2.779245 -0.496998 0.044486
2.648792 -0.385109 0.043452
2.430653 -0.636051 0.041394
2.454834 -0.469826 0.046420
2.824422 -1.035354 0.040205
2.736718 -1.417576 0.046710
2.931797 -1.412524 0.047817
3.040706 -1.266423 0.047253
2.981003 -1.113299 0.041503
3.358206 -2.656231 0.038576
3.353786 -2.936685 0.037823
3.256119 -2.812272 0.049335
3.355398 -2.109828 0.035989
3.355398 -1.950707 0.035957
3.351896 -1.684988 0.039159
3.243195 -1.561461 0.048457
3.251421 -1.848448 0.047602
3.049327 -1.879278 0.046102
3.037942 -1.571248 0.044848
2.944549 -1.725605 0.047004
3.072038 -2.828442 0.041751
2.980745 -2.666827 0.045024
2.729186 -2.828832 0.041359
2.796544 -2.669161 0.045852
2.526343 -3.836711 0.046170
2.584450 -3.653230 0.046182
2.771863 -3.591720 0.046304
2.480971 -3.367518 0.043076
3.012341 -3.342869 0.048330
3.075747 -3.163310 0.046101
2.826583 -3.403253 0.048038
2.818208 -3.010011 0.041232
2.976858 -3.011954 0.048273
2.685730 -3.133890 0.041390
2.675517 -3.295475 0.048629
2.069614 -2.290486 0.049303
2.177864 -2.432399 0.047301
2.054630 -0.926576 0.043441
2.144417 -1.109024 0.043025
2.450951 -1.598726 0.045527
2.349309 -1.442794 0.047933
2.040944 4.315324 0.047252
1.859429 4.368889 0.045191
2.094903 4.133224 0.046562
1.721372 4.240539 0.047301
-2.791763 3.026647 0.043467
-2.163084 0.052157 0.045605
-2.063391 -0.122343 0.046520
0.084487 4.806144 0.046164
0.066446 4.618603 0.044032
-0.252950 4.073458 0.044953
-0.081548 3.796198 0.044402
-0.088306 3.980590 0.044001
0.719059 4.067673 0.045109
0.386954 4.616157 0.043717
0.393457 4.250778 0.044377
0.229696 4.342911 0.044191
0.228081 4.525323 0.044615
0.549829 4.523952 0.044682
0.554717 4.340985 0.044247
-1.735298 4.611336 0.045004
-1.071327 4.900292 0.040579
-0.780849 4.901829 0.039300
-0.914669 4.804185 0.046831
1.122885 4.898709 0.039955
1.395099 4.897346 0.038836
1.288034 4.798118 0.043416
0.835863 4.901393 0.040642
0.695188 4.804686 0.045612
0.705395 4.616037 0.043439
0.997621 4.802165 0.045612
0.871459 4.524160 0.045052
1.023010 4.613581 0.042334
-3.073693 3.281355 0.044199
-2.848912 3.506681 0.044554
-2.758579 3.195671 0.046664
-2.898279 3.323405 0.046577
-1.737825 2.995803 0.044344
-1.899335 3.108730 0.044189
-2.086486 3.059783 0.044375
-3.381017 2.481959 0.042774
-3.351799 1.782526 0.051470
-2.343981 -0.650963 0.050054
-2.708358 -0.522081 0.052452
-2.440457 -0.817269 0.048861
-2.563581 -0.414181 0.042498
-2.407588 -0.471784 0.045680
-3.254999 1.612358 0.051502
-3.275456 -0.027226 0.043588
-3.084256 -0.030897 0.049240
-3.356835 0.781697 0.048746
-3.256499 0.615677 0.048230
-2.357953 -1.988224 0.047765
-2.164965 -2.041095 0.045996
-2.068546 -1.893573 0.051560
-2.162156 -1.698869 0.046732
2.204919 -3.773346 0.047057
2.339150 -3.895775 0.046136
1.375858 -4.065070 0.042556
1.123173 -4.898717 0.039930
1.388855 -4.228683 0.047147
-0.863463 -3.518556 0.046122
-0.219545 -4.809004 0.045989
-0.606723 -4.808304 0.046731
-0.255132 -4.623021 0.044294
-0.579546 -4.622881 0.044349
-0.417946 -4.532947 0.044807
-0.746680 -4.349923 0.044182
-0.745143 -4.529209 0.044810
-0.905911 -4.617110 0.043641
0.724005 -3.698639 0.044692
0.700805 -3.510308 0.046968
1.080465 -3.514420 0.048262
-0.235130 -3.702300 0.044062
-0.549538 -3.705065 0.043999
-0.397166 -3.796227 0.044731
-0.301678 -3.414315 0.035120
-0.199479 -3.512001 0.045998
0.550555 -4.523959 0.044668
0.555468 -4.340998 0.044231
0.068727 -4.253614 0.044395
0.071412 -4.071440 0.044621
0.230556 -4.342920 0.044174
0.234843 -3.979026 0.043929
0.394260 -4.250795 0.044362
0.395862 -4.069075 0.044584
-1.555658 -4.657998 0.045031
-1.965032 -2.631286 0.041028
-2.145605 -2.559805 0.043636
-2.309329 -2.657908 0.046864
-2.292382 -2.840649 0.043430
-3.263852 -0.731934 0.047059
-3.072544 -0.692323 0.050459
-2.623603 -3.732863 0.044549
-2.414792 -3.136744 0.044253
-2.175595 -4.184068 0.043592
-3.072084 -3.281145 0.044851
-3.358357 -2.877781 0.047510
-3.288488 -3.055918 0.045448
-3.117870 -3.090808 0.048649
-2.777163 -3.030123 0.043081
-2.618172 -2.909904 0.044289
-2.970412 -2.803911 0.042053
-2.966842 -2.966020 0.048079
-3.372316 -2.532082 0.043678
-3.278624 -2.359692 0.044805
-3.107752 -2.690524 0.042982
-3.274800 -2.709476 0.049370
-3.094499 -2.355514 0.048095
-3.021143 -2.508952 0.041250
1.937326 3.508010 0.043849
1.588964 3.575429 0.043989
1.802897 3.364470 0.045248
1.626954 3.400355 0.044902
1.731682 2.868951 0.044376
2.254091 2.741447 0.044467
2.119069 2.609533 0.045581
2.217345 2.925518 0.043417
2.048612 2.969286 0.045374
1.940321 2.654975 0.043353
1.906609 2.830658 0.044755
2.450957 1.598785 0.045529
2.349314 1.442847 0.047933
2.159759 1.447196 0.045106
2.355275 1.764973 0.047483
2.069971 1.615850 0.047941
2.163844 1.777689 0.045799
2.459852 2.225845 0.046220
2.493980 2.528640 0.045245
2.376276 2.391842 0.045057
2.660106 2.204072 0.044829
2.685686 2.511367 0.043764
2.768236 2.352796 0.046662
2.677179 -1.090351 0.047576
2.626324 -1.269825 0.046849
2.432899 -1.281725 0.043594
2.322103 -1.116801 0.047616
2.383578 -0.953443 0.042189
2.545229 -0.938893 0.040476
2.520297 -3.023231 0.041290
2.554987 -2.843436 0.043178
2.430642 -2.701047 0.045242
1.522146 -3.078646 0.044389
2.459849 -2.225762 0.046219
2.660107 -2.203974 0.044826
2.494012 -2.528529 0.045243
2.376287 -2.391753 0.045053
2.768249 -2.352683 0.046660
2.685715 -2.511247 0.043761
0.250517 -3.416133 0.038948
0.097573 -3.513818 0.046791
-0.029754 -3.415622 0.037815
2.159756 -1.447152 0.045105
2.069969 -1.615812 0.047941
2.065660 -1.278306 0.046591
2.452984 -1.915003 0.045380
2.355269 -1.764917 0.047483
2.163840 -1.777646 0.045797
2.355296 -2.083664 0.047323
2.163485 -2.107743 0.045295
2.069744 -1.951810 0.048358
1.649854 3.914905 0.048999
1.769145 4.060469 0.047155
1.886093 3.692853 0.047543
1.713673 3.724388 0.043095
2.014290 3.829621 0.045836
1.961162 4.006720 0.046312
-2.397638 2.329795 0.044900
-2.065723 1.914819 0.048897
-2.157715 2.072439 0.045749
-2.636187 2.908950 0.044860
-2.454634 2.958181 0.045050
-2.984095 2.964050 0.047937
-3.294749 3.056509 0.043502
-3.126325 3.091024 0.048378
-3.364953 2.868648 0.048138
-3.290097 2.679818 0.052995
-2.072745 1.222847 0.049392
-2.075566 0.215670 0.049953
-0.041333 4.902587 0.038843
-0.324116 4.904341 0.035666
-0.220385 4.808992 0.046006
-0.095359 4.346477 0.044395
-0.095109 4.529058 0.044525
-0.257319 4.257165 0.044532
-0.256121 4.623004 0.044309
-0.419998 4.349658 0.044352
-0.419050 4.532916 0.044832
-0.408351 3.982996 0.043625
-0.712926 3.803877 0.044420
-0.236113 3.702311 0.044074
-0.200211 3.512006 0.046009
-0.302142 3.414328 0.035095
-0.550729 3.705116 0.044029
-0.398271 3.796240 0.044754
0.810240 3.412975 0.035353
1.080187 3.514440 0.048282
0.974874 3.412975 0.035056
0.250047 3.416135 0.038958
0.081525 3.704093 0.044116
0.096897 3.513814 0.046810
-2.399888 3.956209 0.044461
-2.570702 3.251607 0.044339
-2.422332 3.131814 0.044868
-2.202355 3.351662 0.045264
-2.239106 3.180145 0.044123
-2.124664 3.700901 0.044210
-1.772299 3.797956 0.046199
-1.947842 4.401368 0.044973
-1.765158 4.441730 0.044029
-0.583192 4.260278 0.044664
-0.748005 4.349759 0.044200
-0.575914 4.077324 0.045404
-0.728031 3.989328 0.042955
-1.084108 4.347423 0.043588
-0.916879 4.260619 0.044874
-0.904182 4.083144 0.045983
-1.049894 3.995204 0.041369
-2.620877 -0.829083 0.047685
-2.740085 -0.704203 0.041795
-2.725054 -0.997349 0.040993
-2.938294 -0.791016 0.043244
-2.928572 -0.965594 0.045398
-3.359073 1.446547 0.048950
-3.258967 0.942179 0.048526
-3.358004 1.111489 0.048815
-3.261205 1.274437 0.048970
-3.057845 1.581030 0.050400
-3.357648 0.134283 0.048124
-3.257312 0.294624 0.047097
-3.355537 0.456660 0.048813
-2.466982 0.211968 0.050322
-2.359711 0.047721 0.050678
-2.417265 -0.121670 0.044853
-2.716968 -0.107876 0.050607
-2.572082 -0.191391 0.043145
-2.964916 0.120068 0.045402
-2.766434 0.086511 0.047263
-2.659089 0.228093 0.050539
-3.055779 0.284080 0.048583
-2.653802 -1.771243 0.047263
-2.353698 -1.666001 0.049364
-2.453075 -1.807834 0.046587
-2.759546 -1.909115 0.046810
-2.982007 -2.194245 0.043881
-2.389368 -2.294504 0.045112
-2.468015 -2.119374 0.047242
-2.668881 -2.076856 0.045885
-2.785101 -2.212059 0.046539
-2.835078 -2.515262 0.044126
-2.798306 -2.688951 0.041799
-2.635745 -2.730841 0.045715
-2.711528 -2.379637 0.045088
-2.477650 -2.597079 0.044936
-2.516661 -2.419564 0.047116
2.282459 -4.078369 0.046438
2.014517 -3.829435 0.045827
1.886310 -3.692663 0.047539
1.267861 -3.458565 0.043181
1.627116 -3.400183 0.044895
1.487386 -3.256256 0.045313
1.313408 -3.288105 0.044368
-1.165161 -3.710257 0.044833
-0.736374 -3.417073 0.038175
-0.464568 -3.414315 0.035526
-0.571614 -3.513451 0.046228
-1.151230 -3.513304 0.044004
-1.010015 -3.419420 0.039326
-0.494256 -4.904353 0.036270
-0.323412 -4.904353 0.035677
-1.403066 -4.541251 0.043336
-1.423595 -4.366163 0.045886
-1.230263 -4.616460 0.043483
-1.074542 -4.524910 0.045382
1.192357 -3.807830 0.043364
1.043056 -3.704300 0.044418
0.878203 -3.791190 0.044048
1.193450 -3.989498 0.040777
0.810442 -3.412980 0.035332
0.975022 -3.412980 0.035058
0.998054 -4.802174 0.045592
0.706044 -4.616040 0.043425
0.836285 -4.901394 0.040621
0.695742 -4.804687 0.045596
1.210936 -4.334647 0.041915
1.196220 -4.512319 0.046609
1.023551 -4.613590 0.042320
0.872084 -4.524161 0.045038
-1.734533 -4.612025 0.044968
-1.948679 -2.785412 0.044506
-1.758418 -2.838017 0.042554
-1.736162 -2.997279 0.044313
-2.112306 -2.896672 0.044327
-3.348875 -0.893135 0.051033
-2.848449 -3.506703 0.044791
-2.751628 -3.197669 0.046861
-2.895521 -3.323903 0.046542
-2.669582 -3.553080 0.045772
-2.564299 -3.255310 0.044267
-2.529325 -3.427921 0.045515
-2.234117 -3.185246 0.044099
-2.082378 -3.063409 0.044166
-1.896495 -3.111410 0.044227
-1.479140 -3.543279 0.043276
-1.521103 -3.210252 0.043798
-1.331209 -3.263140 0.044425
-1.313553 -3.429781 0.045283
-1.904105 -3.934751 0.044192
-1.769584 -3.800886 0.046107
2.119108 -2.609472 0.045574
2.254162 -2.741343 0.044465
1.940355 -2.654940 0.043349
2.330123 -3.247601 0.044991
2.359236 -3.064899 0.045732
2.217447 -2.925401 0.043412
-2.343617 2.033898 0.047789
-2.460892 2.163145 0.046530
-2.436660 1.852646 0.045687
-2.669219 2.108483 0.045973
-2.664144 2.736090 0.045246
-2.543684 2.443617 0.046704
-2.505893 2.613420 0.045277
-2.190513 2.399349 0.049907
-2.067865 2.271240 0.051380
-2.164923 1.385796 0.046759
-2.068052 1.563326 0.048522
-2.342937 1.702921 0.047919
-2.157901 1.726552 0.046409
-2.073075 0.886632 0.049228
-2.169947 1.051927 0.048189
-2.365856 1.048608 0.049103
-2.464113 0.883348 0.048310
0.700391 3.510312 0.046998
0.723433 3.698634 0.044713
0.532434 3.415274 0.038197
0.398228 3.513473 0.047110
1.191883 3.807899 0.043375
1.042594 3.704330 0.044428
0.877660 3.791187 0.044064
0.875763 3.977238 0.043021
1.192921 3.989559 0.040783
1.041735 4.072041 0.045650
0.556586 3.976240 0.043843
0.395066 4.069063 0.044597
0.559063 3.793252 0.043971
0.401815 3.703129 0.044241
0.233990 3.979016 0.043948
0.238262 3.796071 0.044228
-2.624005 3.731924 0.044575
-2.444685 3.778385 0.045092
-2.670640 3.551924 0.045776
-2.532131 3.424584 0.045600
-2.306199 3.650109 0.045391
-2.347010 3.476308 0.044350
-1.906357 3.932180 0.044295
-1.856260 4.106300 0.042534
-1.989781 4.230016 0.046581
-2.084297 3.878617 0.045238
-2.176617 4.182927 0.043625
-2.221035 4.005649 0.044712
-1.809044 3.615563 0.042671
-1.869949 3.274062 0.044125
-2.020349 3.396632 0.043729
-1.983469 3.572070 0.045932
-1.683010 3.322197 0.044239
-1.658985 3.488260 0.044282
-1.547941 3.047755 0.043669
-1.522512 3.208817 0.043829
-1.331935 3.262360 0.044501
-1.023016 3.811295 0.043731
-0.862199 3.713783 0.043465
-0.864496 3.518631 0.046176
-1.010608 3.419450 0.039310
-1.609288 3.842232 0.040743
-0.736939 3.417117 0.038190
-0.572446 3.513508 0.046290
-0.464994 3.414328 0.035544
-3.064696 1.254228 0.049835
-2.965410 1.395010 0.045642
-2.662235 0.890304 0.049014
-2.763930 1.057695 0.047535
-3.060957 0.927268 0.049031
-2.963485 1.076369 0.047115
-3.356633 -1.543648 0.048338
-3.257690 -1.383978 0.048257
-3.048901 -1.085674 0.049519
-3.356930 -1.218175 0.048533
-3.249932 -1.056697 0.051085
-2.956613 -1.575828 0.045987
-2.754061 -1.603075 0.046449
-2.955813 -1.266667 0.045607
-3.057604 -1.403492 0.049165
-3.263971 -2.029493 0.046368
-3.058490 -1.719788 0.048634
-3.357663 -1.866898 0.047878
-3.258423 -1.707121 0.047400
-3.067923 -2.034835 0.048456
-2.961682 -1.884907 0.045495
1.769466 -4.060310 0.047140
2.041154 -4.315151 0.047243
2.095134 -4.133041 0.046550
1.961423 -4.006537 0.046306
1.713946 -3.724199 0.043080
1.589201 -3.575244 0.043985
1.487355 -3.925175 0.041004
1.650195 -3.914743 0.048990
1.365829 -3.761163 0.041300
1.403924 -3.601778 0.046614
1.806886 -4.554184 0.046291
1.859681 -4.368737 0.045177
1.544934 -4.313808 0.046244
1.721704 -4.240400 0.047290
1.566768 -4.811571 0.042697
1.395243 -4.897346 0.038816
1.288328 -4.798126 0.043390
1.335878 -4.600313 0.042563
1.506673 -4.507766 0.043894
1.630648 -4.619805 0.044234
-1.021169 -3.811533 0.043702
-0.726655 -3.989375 0.042917
-0.711521 -3.803847 0.044395
-0.860685 -3.713717 0.043447
-1.541122 -4.020575 0.041602
-1.359184 -3.993809 0.040377
-1.606612 -3.844866 0.040719
-1.465843 -3.715031 0.043291
-1.314188 -3.798486 0.040633
-0.915459 -4.260977 0.044836
-0.902721 -4.083393 0.045989
-1.048071 -3.995681 0.041287
-1.082554 -4.348063 0.043577
-1.237059 -4.089727 0.047514
-1.258804 -4.264524 0.044790
1.042325 -4.072011 0.045636
1.046814 -4.253547 0.044284
0.880631 -4.341791 0.044168
0.719503 -4.250709 0.044258
0.719740 -4.067688 0.045094
0.876379 -3.977234 0.043009
-1.946917 -4.402404 0.044913
-1.988582 -4.231445 0.046484
-1.854532 -4.108318 0.042498
-1.764095 -4.442828 0.043941
-1.654522 -4.150161 0.047665
-1.605749 -4.313713 0.045589
-1.866785 -3.277302 0.043982
-1.680666 -3.324643 0.044223
-1.656359 -3.491030 0.044167
-1.806034 -3.618802 0.042606
-2.082343 -3.881054 0.045226
-2.219783 -4.007244 0.044630
-2.398980 -3.957340 0.044444
-2.443685 -3.780145 0.044958
-2.198154 -3.356638 0.045044
-2.122049 -3.704193 0.044038
-2.016705 -3.400693 0.043644
-1.980261 -3.575807 0.045798
-2.343856 -3.480747 0.044071
-2.304195 -3.653188 0.045404
1.906676 -2.830586 0.044750
1.731731 -2.868897 0.044372
1.697830 -3.044928 0.045260
2.048713 -2.969175 0.045370
2.154566 -3.288139 0.044617
2.113076 -3.469107 0.046805
1.937503 -3.507823 0.043841
1.803054 -3.364297 0.045241
1.839007 -3.186653 0.044880
2.014946 -3.149211 0.044954
-3.290492 2.293979 0.043281
-3.365348 2.121412 0.047564
-3.261274 1.948188 0.049116
-3.068260 1.984060 0.050546
-2.941535 1.700728 0.044102
-2.945675 1.877829 0.042907
-2.737311 1.666474 0.041766
-2.627034 1.823011 0.045259
-2.742318 1.949601 0.042596
-2.841870 2.691795 0.043490
-3.143824 2.669998 0.041218
-3.006245 2.802058 0.041638
-2.801336 2.225121 0.046068
-2.739055 2.393605 0.044605
-2.878990 2.519113 0.046165
-3.059429 2.487324 0.040791
-3.115178 2.309165 0.049940
-2.997019 2.172470 0.042725
-2.154700 2.568864 0.044294
-2.324034 2.669113 0.045198
-2.300732 2.841013 0.044239
-2.115810 2.894285 0.044172
-1.759573 2.837022 0.042578
-1.950407 2.784450 0.044471
-1.965994 2.630930 0.041100
-2.172783 0.383293 0.049294
-2.367571 0.384027 0.048226
-2.073089 0.550653 0.049167
-2.170291 0.717972 0.048576
-2.463007 0.551423 0.049126
-2.365420 0.718008 0.048931
-1.167140 3.709542 0.044907
-1.316550 3.796942 0.040695
-1.314799 3.428670 0.045370
-1.152436 3.512850 0.043998
-1.481350 3.541190 0.043298
-1.468398 3.712768 0.043349
-1.238987 4.088695 0.047549
-1.361519 3.992185 0.040517
-1.260504 4.263438 0.044872
-1.425191 4.364956 0.045962
-1.543479 4.018356 0.041685
-1.656393 4.148200 0.047785
-1.607231 4.312278 0.045647
-2.651994 1.523217 0.049277
-2.763783 1.371450 0.046298
-2.663513 1.211994 0.048834
-2.463560 1.209862 0.047415
-2.447993 1.530028 0.044984
-2.359829 1.376130 0.049689
-2.759926 0.736238 0.047640
-2.756062 0.411426 0.046768
-2.659391 0.562697 0.049561
-2.954271 0.433857 0.047948
-3.056766 0.603418 0.048365
-2.959092 0.754528 0.047871
-2.641997 -1.146536 0.051084
-2.752427 -1.295774 0.045620
-2.651666 -1.459846 0.048838
-2.441063 -1.159718 0.046514
-2.351857 -1.335290 0.050078
-2.452029 -1.486181 0.046783
