3.391611 3.213581 0.018690
3.171342 3.433851 0.018690
2.951072 3.654121 0.018690
2.730802 3.874390 0.018690
2.510533 4.094660 0.018690
2.290263 4.314929 0.018690
2.069994 4.535199 0.018690
1.849724 4.755469 0.018690
1.629454 4.975738 0.018690
1.367388 5.085873 0.018232
1.063524 5.085873 0.018232
0.759660 5.085873 0.018232
0.455796 5.085873 0.018232
0.151932 5.085873 0.018232
-0.151932 5.085873 0.018232
-0.455796 5.085873 0.018232
-0.759660 5.085873 0.018232
-1.063524 5.085873 0.018232
-1.367388 5.085873 0.018232
-1.629454 4.975738 0.018690
-1.849724 4.755469 0.018690
-2.069994 4.535199 0.018690
-2.290263 4.314929 0.018690
-2.510533 4.094660 0.018690
-2.730802 3.874390 0.018690
-2.951072 3.654121 0.018690
-3.171342 3.433851 0.018690
-3.391611 3.213581 0.018690
-3.501746 2.948274 0.018621
-3.501746 2.637930 0.018621
-3.501746 2.327585 0.018621
-3.501746 2.017240 0.018621
-3.501746 1.706896 0.018621
-3.501746 1.396551 0.018621
-3.501746 1.086206 0.018621
-3.501746 0.775862 0.018621
-3.501746 0.465517 0.018621
-3.501746 0.155172 0.018621
-3.501746 -0.155172 0.018621
-3.501746 -0.465517 0.018621
-3.501746 -0.775862 0.018621
-3.501746 -1.086206 0.018621
-3.501746 -1.396551 0.018621
-3.501746 -1.706896 0.018621
-3.501746 -2.017240 0.018621
-3.501746 -2.327585 0.018621
-3.501746 -2.637930 0.018621
-3.501746 -2.948274 0.018621
-3.391611 -3.213581 0.018690
-3.171342 -3.433851 0.018690
-2.951072 -3.654121 0.018690
-2.730802 -3.874390 0.018690
-2.510533 -4.094660 0.018690
-2.290263 -4.314929 0.018690
-2.069994 -4.535199 0.018690
-1.849724 -4.755469 0.018690
-1.629454 -4.975738 0.018690
-1.367388 -5.085873 0.018232
-1.063524 -5.085873 0.018232
-0.759660 -5.085873 0.018232
-0.455796 -5.085873 0.018232
-0.151932 -5.085873 0.018232
0.151932 -5.085873 0.018232
0.455796 -5.085873 0.018232
0.759660 -5.085873 0.018232
1.063524 -5.085873 0.018232
1.367388 -5.085873 0.018232
1.629454 -4.975738 0.018690
1.849724 -4.755469 0.018690
2.069994 -4.535199 0.018690
2.290263 -4.314929 0.018690
2.510533 -4.094660 0.018690
2.730802 -3.874390 0.018690
2.951072 -3.654121 0.018690
3.171342 -3.433851 0.018690
3.391611 -3.213581 0.018690
3.501746 -2.948274 0.018621
3.501746 -2.637930 0.018621
3.501746 -2.327585 0.018621
3.501746 -2.017240 0.018621
3.501746 -1.706896 0.018621
3.501746 -1.396551 0.018621
3.501746 -1.086206 0.018621
3.501746 -0.775862 0.018621
3.501746 -0.465517 0.018621
3.501746 -0.155172 0.018621
3.501746 0.155172 0.018621
3.501746 0.465517 0.018621
3.501746 0.775862 0.018621
3.501746 1.086206 0.018621
3.501746 1.396551 0.018621
3.501746 1.706896 0.018621
3.501746 2.017240 0.018621
3.501746 2.327585 0.018621
3.501746 2.637930 0.018621
3.501746 2.948274 0.018621
1.825484 2.664562 0.023124
1.552959 2.937086 0.023124
1.280435 3.209611 0.023124
0.980719 3.345873 0.019614
0.653813 3.345873 0.019614
0.326906 3.345873 0.019614
0.000000 3.345873 0.019614
-0.326906 3.345873 0.019614
-0.653813 3.345873 0.019614
-0.980719 3.345873 0.019614
-1.280435 3.209611 0.023124
-1.552959 2.937086 0.023124
-1.825484 2.664562 0.023124
-1.961746 2.370281 0.018962
-1.961746 2.054243 0.018962
-1.961746 1.738206 0.018962
-1.961746 1.422168 0.018962
-1.961746 1.106131 0.018962
-1.961746 0.790094 0.018962
-1.961746 0.474056 0.018962
-1.961746 0.158019 0.018962
-1.961746 -0.158019 0.018962
-1.961746 -0.474056 0.018962
-1.961746 -0.790094 0.018962
-1.961746 -1.106131 0.018962
-1.961746 -1.422168 0.018962
-1.961746 -1.738206 0.018962
-1.961746 -2.054243 0.018962
-1.961746 -2.370281 0.018962
-1.825484 -2.664562 0.023124
-1.552959 -2.937086 0.023124
-1.280435 -3.209611 0.023124
-0.980719 -3.345873 0.019614
-0.653813 -3.345873 0.019614
-0.326906 -3.345873 0.019614
0.000000 -3.345873 0.019614
0.326906 -3.345873 0.019614
0.653813 -3.345873 0.019614
0.980719 -3.345873 0.019614
1.280435 -3.209611 0.023124
1.552959 -2.937086 0.023124
1.825484 -2.664562 0.023124
1.961746 -2.370281 0.018962
1.961746 -2.054243 0.018962
1.961746 -1.738206 0.018962
1.961746 -1.422168 0.018962
1.961746 -1.106131 0.018962
1.961746 -0.790094 0.018962
1.961746 -0.474056 0.018962
1.961746 -0.158019 0.018962
1.961746 0.158019 0.018962
1.961746 0.474056 0.018962
1.961746 0.790094 0.018962
1.961746 1.106131 0.018962
1.961746 1.422168 0.018962
1.961746 1.738206 0.018962
1.961746 2.054243 0.018962
1.961746 2.370281 0.018962
