3.535238 3.322766 0.001612
3.426080 3.431925 0.001612
3.316921 3.541083 0.001612
3.207763 3.650242 0.001612
3.098604 3.759400 0.001612
2.989446 3.868559 0.001612
2.880287 3.977717 0.001612
2.771129 4.086876 0.001612
2.661970 4.196034 0.001612
2.552812 4.305193 0.001612
2.443653 4.414351 0.001612
2.334495 4.523510 0.001612
2.225336 4.632668 0.001612
2.116178 4.741827 0.001612
2.007019 4.850985 0.001612
1.897861 4.960144 0.001612
1.788702 5.069302 0.001612
1.679544 5.178461 0.001612
1.570385 5.287619 0.001612
1.413347 5.287619 0.001612
1.256308 5.287619 0.001612
1.099270 5.287619 0.001612
0.942231 5.287619 0.001612
0.785193 5.287619 0.001612
0.628154 5.287619 0.001612
0.471116 5.287619 0.001612
0.314077 5.287619 0.001612
0.157039 5.287619 0.001612
0.000000 5.287619 0.001612
-0.157039 5.287619 0.001612
-0.314077 5.287619 0.001612
-0.471116 5.287619 0.001612
-0.628154 5.287619 0.001612
-0.785193 5.287619 0.001612
-0.942231 5.287619 0.001612
-1.099270 5.287619 0.001612
-1.256308 5.287619 0.001612
-1.413347 5.287619 0.001612
-1.570385 5.287619 0.001612
-1.679544 5.178461 0.001612
-1.788702 5.069302 0.001612
-1.897861 4.960144 0.001612
-2.007019 4.850985 0.001612
-2.116178 4.741827 0.001612
-2.225336 4.632668 0.001612
-2.334495 4.523510 0.001612
-2.443653 4.414351 0.001612
-2.552812 4.305193 0.001612
-2.661970 4.196034 0.001612
-2.771129 4.086876 0.001612
-2.880287 3.977717 0.001612
-2.989446 3.868559 0.001612
-3.098604 3.759400 0.001612
-3.207763 3.650242 0.001612
-3.316921 3.541083 0.001612
-3.426080 3.431925 0.001612
-3.535238 3.322766 0.001612
-3.535238 3.171731 0.001612
-3.535238 3.020697 0.001612
-3.535238 2.869662 0.001612
-3.535238 2.718627 0.001612
-3.535238 2.567592 0.001612
-3.535238 2.416557 0.001612
-3.535238 2.265522 0.001612
-3.535238 2.114488 0.001612
-3.535238 1.963453 0.001612
-3.535238 1.812418 0.001612
-3.535238 1.661383 0.001612
-3.535238 1.510348 0.001612
-3.535238 1.359313 0.001612
-3.535238 1.208279 0.001612
-3.535238 1.057244 0.001612
-3.535238 0.906209 0.001612
-3.535238 0.755174 0.001612
-3.535238 0.604139 0.001612
-3.535238 0.453104 0.001612
-3.535238 0.302070 0.001612
-3.535238 0.151035 0.001612
-3.535238 0.000000 0.001612
-3.535238 -0.151035 0.001612
-3.535238 -0.302070 0.001612
-3.535238 -0.453104 0.001612
-3.535238 -0.604139 0.001612
-3.535238 -0.755174 0.001612
-3.535238 -0.906209 0.001612
-3.535238 -1.057244 0.001612
-3.535238 -1.208279 0.001612
-3.535238 -1.359313 0.001612
-3.535238 -1.510348 0.001612
-3.535238 -1.661383 0.001612
-3.535238 -1.812418 0.001612
-3.535238 -1.963453 0.001612
-3.535238 -2.114488 0.001612
-3.535238 -2.265522 0.001612
-3.535238 -2.416557 0.001612
-3.535238 -2.567592 0.001612
-3.535238 -2.718627 0.001612
-3.535238 -2.869662 0.001612
-3.535238 -3.020697 0.001612
-3.535238 -3.171731 0.001612
-3.535238 -3.322766 0.001612
-3.426080 -3.431925 0.001612
-3.316921 -3.541083 0.001612
-3.207763 -3.650242 0.001612
-3.098604 -3.759400 0.001612
-2.989446 -3.868559 0.001612
-2.880287 -3.977717 0.001612
-2.771129 -4.086876 0.001612
-2.661970 -4.196034 0.001612
-2.552812 -4.305193 0.001612
-2.443653 -4.414351 0.001612
-2.334495 -4.523510 0.001612
-2.225336 -4.632668 0.001612
-2.116178 -4.741827 0.001612
-2.007019 -4.850985 0.001612
-1.897861 -4.960144 0.001612
-1.788702 -5.069302 0.001612
-1.679544 -5.178461 0.001612
-1.570385 -5.287619 0.001612
-1.413347 -5.287619 0.001612
-1.256308 -5.287619 0.001612
-1.099270 -5.287619 0.001612
-0.942231 -5.287619 0.001612
-0.785193 -5.287619 0.001612
-0.628154 -5.287619 0.001612
-0.471116 -5.287619 0.001612
-0.314077 -5.287619 0.001612
-0.157039 -5.287619 0.001612
0.000000 -5.287619 0.001612
0.157039 -5.287619 0.001612
0.314077 -5.287619 0.001612
0.471116 -5.287619 0.001612
0.628154 -5.287619 0.001612
0.785193 -5.287619 0.001612
0.942231 -5.287619 0.001612
1.099270 -5.287619 0.001612
1.256308 -5.287619 0.001612
1.413347 -5.287619 0.001612
1.570385 -5.287619 0.001612
1.679544 -5.178461 0.001612
1.788702 -5.069302 0.001612
1.897861 -4.960144 0.001612
2.007019 -4.850985 0.001612
2.116178 -4.741827 0.001612
2.225336 -4.632668 0.001612
2.334495 -4.523510 0.001612
2.443653 -4.414351 0.001612
2.552812 -4.305193 0.001612
2.661970 -4.196034 0.001612
2.771129 -4.086876 0.001612
2.880287 -3.977717 0.001612
2.989446 -3.868559 0.001612
3.098604 -3.759400 0.001612
3.207763 -3.650242 0.001612
3.316921 -3.541083 0.001612
3.426080 -3.431925 0.001612
3.535238 -3.322766 0.001612
3.535238 -3.171731 0.001612
3.535238 -3.020697 0.001612
3.535238 -2.869662 0.001612
3.535238 -2.718627 0.001612
3.535238 -2.567592 0.001612
3.535238 -2.416557 0.001612
3.535238 -2.265522 0.001612
3.535238 -2.114488 0.001612
3.535238 -1.963453 0.001612
3.535238 -1.812418 0.001612
3.535238 -1.661383 0.001612
3.535238 -1.510348 0.001612
3.535238 -1.359313 0.001612
3.535238 -1.208279 0.001612
3.535238 -1.057244 0.001612
3.535238 -0.906209 0.001612
3.535238 -0.755174 0.001612
3.535238 -0.604139 0.001612
3.535238 -0.453104 0.001612
3.535238 -0.302070 0.001612
3.535238 -0.151035 0.001612
3.535238 0.000000 0.001612
3.535238 0.151035 0.001612
3.535238 0.302070 0.001612
3.535238 0.453104 0.001612
3.535238 0.604139 0.001612
3.535238 0.755174 0.001612
3.535238 0.906209 0.001612
3.535238 1.057244 0.001612
3.535238 1.208279 0.001612
3.535238 1.359313 0.001612
3.535238 1.510348 0.001612
3.535238 1.661383 0.001612
3.535238 1.812418 0.001612
3.535238 1.963453 0.001612
3.535238 2.114488 0.001612
3.535238 2.265522 0.001612
3.535238 2.416557 0.001612
3.535238 2.567592 0.001612
3.535238 2.718627 0.001612
3.535238 2.869662 0.001612
3.535238 3.020697 0.001612
3.535238 3.171731 0.001612
2.055238 2.772472 0.000804
1.935931 2.891779 0.000804
1.816625 3.011085 0.000804
1.697318 3.130392 0.000804
1.578011 3.249699 0.000804
1.458704 3.369006 0.000804
1.339398 3.488312 0.000804
1.220091 3.607619 0.000804
1.067580 3.607619 0.000804
0.915068 3.607619 0.000804
0.762557 3.607619 0.000804
0.610045 3.607619 0.000804
0.457534 3.607619 0.000804
0.305023 3.607619 0.000804
0.152511 3.607619 0.000804
0.000000 3.607619 0.000804
-0.152511 3.607619 0.000804
-0.305023 3.607619 0.000804
-0.457534 3.607619 0.000804
-0.610045 3.607619 0.000804
-0.762557 3.607619 0.000804
-0.915068 3.607619 0.000804
-1.067580 3.607619 0.000804
-1.220091 3.607619 0.000804
-1.339398 3.488312 0.000804
-1.458704 3.369006 0.000804
-1.578011 3.249699 0.000804
-1.697318 3.130392 0.000804
-1.816625 3.011085 0.000804
-1.935931 2.891779 0.000804
-2.055238 2.772472 0.000804
-2.055238 2.618446 0.000804
-2.055238 2.464419 0.000804
-2.055238 2.310393 0.000804
-2.055238 2.156367 0.000804
-2.055238 2.002341 0.000804
-2.055238 1.848315 0.000804
-2.055238 1.694288 0.000804
-2.055238 1.540262 0.000804
-2.055238 1.386236 0.000804
-2.055238 1.232210 0.000804
-2.055238 1.078184 0.000804
-2.055238 0.924157 0.000804
-2.055238 0.770131 0.000804
-2.055238 0.616105 0.000804
-2.055238 0.462079 0.000804
-2.055238 0.308052 0.000804
-2.055238 0.154026 0.000804
-2.055238 -0.000000 0.000804
-2.055238 -0.154026 0.000804
-2.055238 -0.308052 0.000804
-2.055238 -0.462079 0.000804
-2.055238 -0.616105 0.000804
-2.055238 -0.770131 0.000804
-2.055238 -0.924157 0.000804
-2.055238 -1.078184 0.000804
-2.055238 -1.232210 0.000804
-2.055238 -1.386236 0.000804
-2.055238 -1.540262 0.000804
-2.055238 -1.694288 0.000804
-2.055238 -1.848315 0.000804
-2.055238 -2.002341 0.000804
-2.055238 -2.156367 0.000804
-2.055238 -2.310393 0.000804
-2.055238 -2.464419 0.000804
-2.055238 -2.618446 0.000804
-2.055238 -2.772472 0.000804
-1.935931 -2.891779 0.000804
-1.816625 -3.011085 0.000804
-1.697318 -3.130392 0.000804
-1.578011 -3.249699 0.000804
-1.458704 -3.369006 0.000804
-1.339398 -3.488312 0.000804
-1.220091 -3.607619 0.000804
-1.067580 -3.607619 0.000804
-0.915068 -3.607619 0.000804
-0.762557 -3.607619 0.000804
-0.610045 -3.607619 0.000804
-0.457534 -3.607619 0.000804
-0.305023 -3.607619 0.000804
-0.152511 -3.607619 0.000804
-0.000000 -3.607619 0.000804
0.152511 -3.607619 0.000804
0.305023 -3.607619 0.000804
0.457534 -3.607619 0.000804
0.610045 -3.607619 0.000804
0.762557 -3.607619 0.000804
0.915068 -3.607619 0.000804
1.067580 -3.607619 0.000804
1.220091 -3.607619 0.000804
1.339398 -3.488312 0.000804
1.458704 -3.369006 0.000804
1.578011 -3.249699 0.000804
1.697318 -3.130392 0.000804
1.816625 -3.011085 0.000804
1.935931 -2.891779 0.000804
2.055238 -2.772472 0.000804
2.055238 -2.618446 0.000804
2.055238 -2.464419 0.000804
2.055238 -2.310393 0.000804
2.055238 -2.156367 0.000804
2.055238 -2.002341 0.000804
2.055238 -1.848315 0.000804
2.055238 -1.694288 0.000804
2.055238 -1.540262 0.000804
2.055238 -1.386236 0.000804
2.055238 -1.232210 0.000804
2.055238 -1.078184 0.000804
2.055238 -0.924157 0.000804
2.055238 -0.770131 0.000804
2.055238 -0.616105 0.000804
2.055238 -0.462079 0.000804
2.055238 -0.308052 0.000804
2.055238 -0.154026 0.000804
2.055238 0.000000 0.000804
2.055238 0.154026 0.000804
2.055238 0.308052 0.000804
2.055238 0.462079 0.000804
2.055238 0.616105 0.000804
2.055238 0.770131 0.000804
2.055238 0.924157 0.000804
2.055238 1.078184 0.000804
2.055238 1.232210 0.000804
2.055238 1.386236 0.000804
2.055238 1.540262 0.000804
2.055238 1.694288 0.000804
2.055238 1.848315 0.000804
2.055238 2.002341 0.000804
2.055238 2.156367 0.000804
2.055238 2.310393 0.000804
2.055238 2.464419 0.000804
2.055238 2.618446 0.000804
