2.590411 -0.152601 0.043475
2.782928 -0.097438 0.042806
-3.469937 1.906884 0.050161
-3.372928 1.726046 0.052095
0.270046 5.285153 0.050158
0.126340 5.172259 0.050696
0.873029 5.308141 0.044408
1.040021 5.205036 0.047634
0.768858 4.395600 0.046254
0.607085 4.541164 0.052335
0.437224 4.482206 0.051551
-2.192151 -1.618972 0.036553
2.782928 0.097438 0.042806
2.292698 -0.300023 0.048861
2.497154 -0.313716 0.048519
2.587707 -1.478355 0.049376
-3.469975 1.559663 0.049351
-3.470356 1.216017 0.047367
-3.373347 1.372024 0.053029
-3.180526 1.718458 0.051206
-3.465847 -0.000001 0.049532
-3.472087 0.348297 0.045592
-3.370950 0.187117 0.058866
-3.469970 -2.255763 0.050427
-3.469937 -1.906885 0.050161
-3.180034 -2.074903 0.051120
-3.372923 -2.078725 0.051745
-3.084646 -1.895475 0.051036
-2.892280 -1.890647 0.051664
-2.503561 -1.881493 0.051022
-2.192151 -1.774754 0.037172
-2.299641 -1.895771 0.055768
-1.838670 -3.413845 0.054060
-0.900226 -5.306633 0.044070
3.461294 0.347225 0.040280
3.467806 -0.084915 0.037898
3.163339 0.092704 0.041549
3.467806 0.084915 0.037898
3.362115 0.177619 0.043862
3.462271 0.624346 0.041980
3.356581 0.458353 0.048811
-2.192268 0.359826 0.039900
3.462128 2.011409 0.041525
2.190648 2.529464 0.038545
2.639574 -4.235859 0.048443
-2.192151 1.774755 0.037172
0.556765 5.299385 0.046762
0.410645 5.181046 0.046408
0.716130 5.204034 0.050813
0.422831 4.949273 0.051072
0.129240 4.502574 0.050775
0.286472 4.607611 0.051464
0.283301 4.826880 0.052364
0.127410 4.945758 0.048556
-0.588334 5.298833 0.046492
-3.168286 2.788936 0.050636
-3.365491 2.781565 0.052866
-3.468308 2.604479 0.050790
1.182097 5.300388 0.045530
0.722108 5.019050 0.043448
0.655245 4.708087 0.043864
0.574928 4.882629 0.046571
1.377680 4.992697 0.047159
1.479214 5.300411 0.044418
1.348823 5.197307 0.047892
0.859475 4.743626 0.045567
1.224059 4.899545 0.049626
1.053125 5.008804 0.046784
0.892112 4.926925 0.047331
0.753181 4.214397 0.050392
0.749211 3.823640 0.048010
-2.509319 1.189392 0.050725
-2.609680 1.015995 0.051617
-3.370950 -0.187118 0.058866
-3.182566 -0.232980 0.054915
-3.097909 -0.447394 0.047637
-3.090949 -1.178135 0.050193
-2.906921 -0.482865 0.050868
3.063684 0.221205 0.053852
2.880496 0.225939 0.052076
3.157747 0.417248 0.043472
2.787227 0.431871 0.044404
2.189024 -0.138907 0.038454
2.190659 0.407589 0.036849
2.596402 0.464485 0.048296
2.190659 0.565086 0.036629
0.749211 -3.823640 0.048010
-3.472632 0.684050 0.041064
-3.377735 0.558856 0.056416
-3.191941 0.612090 0.054306
-3.472632 0.880450 0.042324
-3.376004 1.014480 0.054849
0.270046 -5.285153 0.050158
-3.464167 -2.946764 0.051412
-3.160498 -3.141868 0.052261
-3.467288 -3.281370 0.049700
-3.364471 -3.122176 0.051467
-3.365491 -2.781565 0.052866
-3.468308 -2.604479 0.050790
-3.371294 -2.431571 0.052314
-2.194473 -2.051614 0.039713
-0.784846 -3.824724 0.047273
-3.086607 -3.332364 0.051959
3.461455 0.907996 0.042962
3.356742 0.754875 0.049279
3.354222 1.889239 0.047812
2.189006 2.252110 0.035814
2.292670 2.369338 0.054157
2.189006 2.096253 0.035740
2.293482 1.980518 0.054234
1.085741 3.810106 0.044182
1.103014 4.151666 0.044765
0.923241 4.092917 0.047143
0.916359 3.910254 0.049155
3.465171 -2.737206 0.040867
2.464771 -3.435814 0.050728
2.325069 -3.303520 0.044567
2.049930 -3.058458 0.043465
2.435074 -3.631801 0.046353
2.887505 -3.986368 0.048942
2.697000 -4.046682 0.049205
2.588501 -3.750222 0.046755
2.553052 -3.927191 0.049838
-1.838670 3.413845 0.054060
-1.733229 3.795418 0.051810
-1.593497 3.663211 0.055288
-1.644223 3.469915 0.045693
-0.176380 4.279698 0.050809
-0.327084 4.164168 0.050791
-1.694997 3.983888 0.049757
-1.520920 4.082449 0.048895
-1.169075 4.157287 0.045551
-1.347619 4.023807 0.052355
-0.827703 4.394187 0.046101
-0.481933 4.260480 0.049429
-0.487653 4.479143 0.051602
-0.660761 4.537293 0.053109
-1.185457 4.329817 0.050678
-1.015572 4.448892 0.047085
-0.017667 5.290598 0.048832
-0.446753 5.179660 0.046509
-0.464533 4.945983 0.051338
-0.304291 5.284319 0.050078
-0.164306 5.171425 0.050656
-0.614765 4.878084 0.045448
-0.702295 4.702177 0.043825
-0.023881 4.613140 0.051070
-0.177959 4.500925 0.050896
-0.334384 4.604057 0.051354
-0.328015 4.823600 0.052404
-0.022541 4.837056 0.052850
-0.170250 4.944384 0.048403
-2.927583 3.943900 0.049007
-3.464168 2.946764 0.051412
-3.467288 3.281370 0.049700
-3.364471 3.122176 0.051467
-3.469970 2.255762 0.050427
-3.371294 2.431571 0.052314
-3.372923 2.078725 0.051745
-1.874191 3.239515 0.043825
-2.268479 2.907415 0.048209
-2.434599 3.238418 0.047662
-2.243605 3.285194 0.051806
-2.084491 3.171649 0.054492
-2.098017 3.019746 0.041305
-2.463623 2.918070 0.054107
-2.535073 3.071085 0.046395
2.145874 4.733903 0.047181
1.195771 4.708824 0.049181
1.113838 4.331226 0.050823
0.949742 4.453680 0.046419
0.992200 4.634784 0.047585
0.430787 4.261600 0.048898
0.584972 4.139356 0.049355
0.587883 3.931262 0.049155
-3.086292 1.538606 0.050759
-3.182067 1.358555 0.051715
-2.504818 1.534582 0.050688
-2.600819 1.708723 0.051779
-2.796582 1.712093 0.050440
-2.894715 1.537069 0.051780
-2.606500 1.361245 0.051433
-2.800633 1.360362 0.050577
-2.192151 1.618972 0.036553
-2.300071 1.509098 0.055288
2.295252 -0.672139 0.051029
2.191578 -0.835666 0.039254
-3.074714 -0.100280 0.045853
-2.810252 0.663116 0.050434
-2.597237 0.342164 0.048462
-3.472087 -0.348299 0.045592
-3.086292 -1.538606 0.050759
-3.469975 -1.559663 0.049351
-3.373347 -1.372024 0.053029
-3.182067 -1.358555 0.051715
-3.180525 -1.718458 0.051206
-3.372928 -1.726046 0.052095
-2.894715 -1.537068 0.051780
-2.600819 -1.708723 0.051779
-2.796582 -1.712093 0.050440
-3.470356 -1.216018 0.047367
-3.187877 -0.990066 0.052873
-3.098711 -0.812556 0.049396
-3.472632 -0.880452 0.042324
-3.376004 -1.014480 0.054849
-3.191941 -0.612090 0.054306
-3.472632 -0.684053 0.041064
-3.377735 -0.558857 0.056416
-2.507113 -0.512760 0.051014
-2.192268 -0.359825 0.039900
-2.299664 -0.508471 0.053532
2.291064 -0.000000 0.050659
2.189024 0.138907 0.038454
2.487995 -0.000000 0.047111
2.292698 0.300023 0.048861
2.590411 0.152601 0.043475
2.497154 0.313716 0.048519
2.496540 0.636830 0.047548
2.295252 0.672139 0.051029
0.584972 -4.139356 0.049355
0.434676 -3.831114 0.049739
0.587883 -3.931262 0.049155
0.430787 -4.261600 0.048898
-2.908010 0.828111 0.052348
-3.098711 0.812557 0.049396
-3.187877 0.990067 0.052873
-2.807320 1.008966 0.050384
-2.901093 1.181480 0.052177
-3.090949 1.178136 0.050193
0.556765 -5.299385 0.046762
0.410645 -5.181046 0.046408
1.224059 -4.899545 0.049626
0.859475 -4.743626 0.045567
0.126340 -5.172259 0.050696
-0.749481 -5.201974 0.051037
-0.588334 -5.298833 0.046492
-0.446753 -5.179660 0.046509
-0.464533 -4.945983 0.051338
1.377680 -4.992697 0.047159
1.556756 -4.911024 0.049261
1.182097 -5.300388 0.045530
1.479214 -5.300411 0.044418
1.348823 -5.197307 0.047892
0.873029 -5.308141 0.044408
0.716130 -5.204034 0.050813
0.722108 -5.019050 0.043448
1.040021 -5.205036 0.047634
1.053125 -5.008804 0.046784
0.892112 -4.926925 0.047331
-3.084598 -2.251980 0.051390
-3.178810 -2.431610 0.050612
-2.084491 -3.171649 0.054492
-1.874191 -3.239515 0.043825
-1.644223 -3.469915 0.045693
-0.809814 -4.215985 0.051236
-0.169749 -3.835224 0.050432
-3.392629 -3.466810 0.049112
-3.215922 -3.498112 0.050748
-3.164194 -3.696023 0.050230
-1.986312 -3.536894 0.051517
-2.434599 -3.238418 0.047662
-2.243605 -3.285194 0.051806
-2.180947 -3.476109 0.048503
-2.323395 -3.602780 0.049362
-2.767874 -3.282581 0.048247
-2.907032 -3.392187 0.054284
-2.573184 -3.368227 0.046142
-2.524638 -3.541673 0.051146
3.155854 0.747073 0.044848
2.875216 0.585328 0.050623
3.062549 0.575440 0.052463
3.459604 1.187779 0.043270
3.354075 1.049203 0.047787
-2.510226 0.849037 0.050753
-2.301946 0.890740 0.054143
-2.194380 0.795555 0.037321
-2.507113 0.512760 0.051014
-2.610109 0.677013 0.050813
-2.299664 0.508471 0.053532
-2.194380 0.637204 0.039207
3.459078 1.735251 0.043083
3.150148 1.879104 0.043359
3.468117 3.030292 0.041453
3.465171 2.737206 0.040867
3.366304 2.869215 0.049825
2.887505 3.986368 0.048942
2.939956 3.791247 0.051370
2.784900 3.674592 0.051265
3.363613 -2.562176 0.049057
3.462128 -2.011409 0.041525
3.360570 -2.181768 0.049252
3.378870 -3.498845 0.047920
3.462125 -3.327319 0.041652
2.360994 -3.095409 0.049757
2.227502 -2.981866 0.046710
2.494022 -2.693765 0.049580
2.295629 -2.685706 0.054847
2.191965 -2.806730 0.036666
1.610353 -3.505609 0.043986
1.679351 -3.852599 0.049641
1.552360 -3.703795 0.051535
2.151294 -3.370798 0.048932
2.009646 -3.239280 0.049038
1.830489 -3.285378 0.044920
1.783194 -3.473307 0.050387
2.355721 -3.992225 0.047057
1.974362 -4.106462 0.049453
-1.676341 5.210084 0.047331
-2.187144 4.699219 0.046861
-2.436333 4.438419 0.049079
-2.253420 4.502072 0.047350
-1.986312 3.536894 0.051517
-1.931597 3.725171 0.048740
-2.180946 3.476109 0.048503
-2.323395 3.602780 0.049362
0.127998 4.281144 0.050779
-0.023545 4.170483 0.050239
0.278793 4.165575 0.050725
-0.472769 3.831152 0.049242
-0.322846 3.942884 0.049935
-1.112969 3.813711 0.042934
-1.415078 3.702820 0.045172
-1.311555 3.863448 0.045100
-0.809814 4.215985 0.051236
-0.637151 4.140428 0.049738
-0.981301 4.098160 0.047025
-0.961258 3.914943 0.051748
-0.784846 3.824724 0.047273
-0.632226 3.932384 0.050262
-1.360969 4.406354 0.048374
-1.665514 4.382374 0.044701
-1.517888 4.292466 0.049352
-1.383631 4.603489 0.046437
-3.392629 3.466810 0.049112
-2.867617 2.960246 0.054823
-2.748957 3.096470 0.046551
-3.062990 2.973828 0.054116
-3.160498 3.141868 0.052261
-2.193003 2.757466 0.039594
-2.298064 2.595063 0.054482
-2.299535 2.209646 0.055464
-2.194473 2.051614 0.039713
-2.299641 1.895771 0.055768
-2.503561 1.881493 0.051022
-3.078619 2.611890 0.052659
-3.178810 2.431610 0.050612
1.556756 4.911024 0.049261
1.617822 4.729462 0.050623
1.823404 4.669543 0.045749
1.950373 4.793312 0.049944
2.392383 4.483427 0.048186
2.204392 4.545572 0.047588
1.508257 4.608003 0.043932
1.315673 4.598820 0.044389
1.276198 4.402326 0.044291
1.439031 4.300203 0.046129
1.579309 4.416664 0.044585
-2.194904 1.344067 0.040303
-2.194550 1.066004 0.039373
-2.302470 1.197699 0.055152
2.190659 -0.407589 0.036849
2.190659 -0.565086 0.036629
2.496540 -0.636830 0.047548
2.596402 -0.464485 0.048296
2.494188 -1.310554 0.048366
2.296278 -0.976030 0.052658
2.190648 -2.529464 0.038545
2.292670 -2.369338 0.054157
2.492354 -1.651642 0.049143
2.293482 -1.980518 0.054234
-3.182566 0.232980 0.054915
-3.074714 0.100280 0.045853
-3.097909 0.447395 0.047637
-2.906921 0.482866 0.050868
-2.880039 0.157996 0.045727
-2.796903 0.326167 0.051496
-2.300071 -1.509098 0.055288
-2.504818 -1.534582 0.050688
-2.194904 -1.344067 0.040303
-2.294251 -0.195943 0.054546
-2.188967 -0.079666 0.036561
-2.491772 0.173993 0.049132
-2.294251 0.195943 0.054546
-2.188967 0.079666 0.036561
2.191684 1.113987 0.039151
2.296278 0.976030 0.052658
2.191578 0.835666 0.039254
3.155854 -0.747073 0.044848
3.461455 -0.907996 0.042962
3.356742 -0.754875 0.049279
3.362115 -0.177619 0.043862
3.163339 -0.092704 0.041549
0.768858 -4.395600 0.046254
0.753181 -4.214397 0.050392
1.286258 -4.032426 0.048713
1.103014 -4.151666 0.044765
0.916359 -3.910254 0.049155
0.923241 -4.092917 0.047143
1.617822 -4.729462 0.050623
1.884695 -4.484562 0.047018
1.823404 -4.669543 0.045749
0.437224 -4.482206 0.051551
0.607085 -4.541164 0.052335
0.655245 -4.708087 0.043864
0.422831 -4.949273 0.051072
0.574928 -4.882629 0.046571
0.278793 -4.165575 0.050725
-0.023545 -4.170483 0.050239
0.127998 -4.281144 0.050779
-0.021152 -3.947293 0.050517
0.131367 -3.835561 0.050682
0.279770 -3.943183 0.049441
1.508257 -4.608003 0.043932
-0.017667 -5.290598 0.048832
-0.304291 -5.284319 0.050078
-0.164306 -5.171425 0.050656
-0.487653 -4.479143 0.051602
-0.176380 -4.279698 0.050809
-0.660761 -4.537293 0.053109
-0.827703 -4.394187 0.046101
1.950373 -4.793312 0.049944
2.145874 -4.733903 0.047181
-2.892471 -2.245553 0.051802
-2.795542 -2.063648 0.050704
-2.602587 -2.057864 0.050801
-3.168286 -2.788936 0.050636
-3.078619 -2.611890 0.052659
-3.062990 -2.973828 0.054116
-2.098017 -3.019746 0.041305
-2.268479 -2.907415 0.048209
-2.193003 -2.757466 0.039594
-1.497044 -5.298324 0.043093
-0.472769 -3.831152 0.049242
-0.322846 -3.942884 0.049935
-0.632226 -3.932384 0.050262
-0.637151 -4.140428 0.049738
-0.481933 -4.260480 0.049429
-0.327084 -4.164168 0.050791
-2.681449 -4.189151 0.049641
-2.667936 -3.668342 0.050136
-2.927583 -3.943900 0.049007
-2.983487 -3.742590 0.052749
-2.855639 -3.604501 0.047862
-2.608596 -3.858594 0.050187
-2.740395 -3.996064 0.050160
2.495743 0.970862 0.047716
2.592330 0.795188 0.048881
2.780182 0.776301 0.046945
2.191460 1.819801 0.038719
3.465920 1.462339 0.041815
3.358541 1.331587 0.043868
3.358015 1.608843 0.043111
2.490084 2.000137 0.048827
2.586280 1.824501 0.048879
2.771064 1.824951 0.048325
3.465426 2.457120 0.038280
3.363613 2.562176 0.049057
3.163621 2.523252 0.047398
3.465426 2.288934 0.038583
3.360570 2.181768 0.049252
3.171009 2.853233 0.047263
2.898975 3.014741 0.048753
3.085929 3.019850 0.047547
3.069883 2.682300 0.048271
2.790927 2.844486 0.046705
2.876756 2.678661 0.049109
2.639574 4.235859 0.048443
2.449604 4.296016 0.048093
2.309699 4.171873 0.049598
2.697000 4.046682 0.049205
2.925135 3.376085 0.043436
2.793932 3.505200 0.044150
2.832453 3.181874 0.043915
3.127550 3.735403 0.051223
1.459916 4.109864 0.049025
1.275867 3.873529 0.044974
1.286258 4.032426 0.048713
1.641774 4.034512 0.048295
1.679351 3.852599 0.049641
3.465426 -2.457120 0.038280
3.465426 -2.288934 0.038583
2.489413 -2.346934 0.049342
2.585784 -2.515119 0.047827
3.354222 -1.889239 0.047812
3.150148 -1.879104 0.043359
3.127550 -3.735403 0.051223
2.939956 -3.791247 0.051370
3.185731 -3.549315 0.049378
2.784900 -3.674592 0.051265
3.082094 -3.383329 0.050849
3.468117 -3.030292 0.041453
3.366304 -2.869215 0.049825
3.176366 -3.194227 0.044277
3.363259 -3.188687 0.052781
3.171009 -2.853233 0.047263
3.085929 -3.019850 0.047547
2.876756 -2.678661 0.049109
2.775461 -2.510009 0.048740
3.163621 -2.523252 0.047398
3.069883 -2.682300 0.048271
2.898975 -3.014741 0.048753
2.790927 -2.844486 0.046705
2.532969 -3.037578 0.048628
2.597871 -2.854480 0.048612
2.449604 -4.296016 0.048093
2.309699 -4.171873 0.049598
2.392383 -4.483427 0.048186
2.118268 -4.233713 0.047014
2.070182 -4.420000 0.049156
2.204392 -4.545572 0.047588
2.252342 -3.686093 0.048820
2.208438 -3.869548 0.048077
2.108263 -3.557384 0.047383
2.018510 -3.921945 0.048044
1.873470 -3.794900 0.047706
1.919319 -3.613794 0.048758
-1.917706 4.944307 0.052827
-1.884133 4.615811 0.045856
-1.987192 4.755560 0.052526
-1.699443 4.592552 0.045548
-1.574478 4.699779 0.050968
-1.733691 5.009123 0.049523
-1.587412 4.894857 0.050237
-1.497044 5.298324 0.043093
-2.078577 3.846237 0.049861
-2.275741 3.784631 0.050089
0.434676 3.831114 0.049739
0.279770 3.943183 0.049441
-0.758132 5.014903 0.043606
-0.900226 5.306633 0.044070
-0.749481 5.201974 0.051037
-3.164194 3.696023 0.050230
-2.983487 3.742590 0.052749
-3.215922 3.498112 0.050748
-3.086607 3.332364 0.051959
-2.192046 2.327228 0.036854
-2.192046 2.482570 0.036589
-3.084598 2.251980 0.051390
-3.180035 2.074903 0.051120
-3.084646 1.895475 0.051036
-2.892280 1.890647 0.051664
1.892581 4.976950 0.048982
1.655861 5.219520 0.047410
1.704546 5.034742 0.047297
2.070182 4.420000 0.049156
2.118268 4.233713 0.047014
1.750165 4.353143 0.049497
1.884695 4.484562 0.047018
1.791745 4.161330 0.046744
1.974362 4.106462 0.049453
2.780182 -0.776301 0.046945
2.592330 -0.795188 0.048881
2.590978 -1.136587 0.049583
2.495743 -0.970862 0.047716
2.189006 -2.096253 0.035740
2.189006 -2.252110 0.035814
2.771064 -1.824951 0.048325
2.586280 -1.824501 0.048879
2.490084 -2.000137 0.048827
2.582351 -2.171477 0.048487
2.191460 -1.819801 0.038719
2.294135 -1.666561 0.053872
2.189659 -1.542483 0.036781
-2.901093 -1.181479 0.052177
-2.800634 -1.360362 0.050577
-2.606500 -1.361245 0.051433
-2.194380 -0.637204 0.039207
-2.194380 -0.795554 0.037321
2.191684 -1.113987 0.039151
2.294359 -1.282786 0.052453
2.189659 -1.385898 0.035567
-2.772610 0.000000 0.048341
-2.584009 0.000000 0.049627
-2.491772 -0.173993 0.049132
-2.597237 -0.342164 0.048462
-2.796903 -0.326167 0.051496
-2.880039 -0.157996 0.045727
3.462271 -0.624346 0.041980
3.461294 -0.347225 0.040280
3.356581 -0.458353 0.048811
2.779050 -1.475794 0.048677
2.868480 -1.649531 0.049773
3.055689 -1.685340 0.050709
3.158699 -1.569067 0.040848
2.880496 -0.225939 0.052076
3.063684 -0.221205 0.053852
3.157747 -0.417248 0.043472
3.062549 -0.575440 0.052463
2.787227 -0.431871 0.044404
2.875216 -0.585328 0.050623
3.465920 -1.462339 0.041815
3.459078 -1.735251 0.043083
3.358015 -1.608843 0.043111
0.992200 -4.634784 0.047585
0.949742 -4.453680 0.046419
1.195771 -4.708824 0.049181
1.315673 -4.598820 0.044389
1.113838 -4.331226 0.050823
1.276198 -4.402326 0.044291
1.393865 -3.721657 0.041169
1.275867 -3.873529 0.044974
1.085741 -3.810106 0.044182
0.127410 -4.945758 0.048556
0.283301 -4.826880 0.052364
0.129240 -4.502574 0.050775
0.286472 -4.607611 0.051464
1.750165 -4.353143 0.049497
1.579309 -4.416664 0.044585
1.791745 -4.161330 0.046744
1.439031 -4.300203 0.046129
1.641774 -4.034512 0.048295
1.459916 -4.109864 0.049025
-0.927013 -4.921508 0.047555
-0.902477 -4.737800 0.045085
-0.758132 -5.014903 0.043606
-0.614765 -4.878084 0.045448
-0.702295 -4.702177 0.043825
1.892581 -4.976950 0.048982
1.655861 -5.219520 0.047410
1.704546 -5.034742 0.047297
-2.503729 -2.230174 0.050945
-2.299535 -2.209646 0.055464
-2.298064 -2.595063 0.054482
-2.888153 -2.601122 0.051888
-2.502256 -2.574737 0.050829
-2.796218 -2.414414 0.049797
-2.600431 -2.404820 0.051071
-1.204669 -5.301403 0.044247
-1.069675 -5.204545 0.047556
-1.378011 -5.196236 0.048626
-1.087811 -5.006491 0.047397
-1.676341 -5.210084 0.047331
3.055689 1.685340 0.050709
3.158699 1.569067 0.040848
2.868480 1.649531 0.049773
3.159225 1.383756 0.041089
2.582351 2.171477 0.048487
2.489413 2.346934 0.049342
2.585784 2.515119 0.047827
2.775461 2.510009 0.048740
2.294359 1.282786 0.052453
2.189659 1.385898 0.035567
2.492354 1.651642 0.049143
2.294135 1.666561 0.053872
2.189659 1.542483 0.036781
1.783194 3.473307 0.050387
2.018510 3.921945 0.048044
1.919319 3.613794 0.048758
1.873470 3.794900 0.047706
3.378870 3.498845 0.047920
3.176366 3.194227 0.044277
3.082094 3.383329 0.050849
3.185731 3.549315 0.049378
3.462125 3.327319 0.041652
3.363259 3.188687 0.052781
2.793932 -3.505200 0.044150
2.925135 -3.376085 0.043436
2.627230 -3.384842 0.043850
2.832453 -3.181874 0.043915
2.659504 -3.194717 0.045766
2.869025 -2.341159 0.048451
2.772286 -2.170812 0.048809
3.159194 -2.198760 0.046237
3.064057 -2.350763 0.050023
3.056677 -2.018266 0.050489
2.864802 -1.999921 0.048698
-2.038958 4.031896 0.049938
-2.181842 4.162967 0.047413
-1.827296 4.287770 0.047644
-1.853747 4.099300 0.048770
-1.961600 4.421921 0.044784
-2.130935 4.364523 0.050947
-2.495370 4.244358 0.049111
-2.363364 4.106455 0.050619
-2.681449 4.189151 0.049641
-2.417644 3.913778 0.049405
-2.608596 3.858595 0.050187
-2.740395 3.996064 0.050160
0.131367 3.835561 0.050682
-0.021152 3.947293 0.050517
-0.169749 3.835224 0.050432
-0.927013 4.921508 0.047555
-1.048812 4.627621 0.049584
-0.902477 4.737800 0.045085
-1.241359 4.705681 0.048920
-2.855639 3.604501 0.047862
-2.667936 3.668342 0.050136
-2.767874 3.282581 0.048247
-2.907032 3.392187 0.054284
-2.573184 3.368227 0.046142
-2.524638 3.541673 0.051146
-2.602587 2.057864 0.050801
-2.795542 2.063648 0.050704
-2.503729 2.230174 0.050945
-2.892472 2.245553 0.051802
3.057569 -0.921679 0.051855
2.869230 -0.941018 0.049456
2.776614 -1.125631 0.047365
2.871167 -1.297037 0.050043
-2.807320 -1.008966 0.050384
-2.610109 -0.677013 0.050813
-2.908010 -0.828111 0.052348
-2.810252 -0.663116 0.050434
-2.509319 -1.189392 0.050725
-2.302470 -1.197698 0.055152
-2.194550 -1.066004 0.039373
-2.301946 -0.890740 0.054143
-2.510226 -0.849037 0.050753
-2.609680 -1.015995 0.051617
-0.023881 -4.613140 0.051070
-0.177959 -4.500925 0.050896
-0.334384 -4.604057 0.051354
-0.328015 -4.823600 0.052404
-0.170250 -4.944384 0.048403
-0.022541 -4.837056 0.052850
-2.192046 -2.327227 0.036854
-2.192046 -2.482570 0.036589
-2.592338 -2.747795 0.048094
-2.782448 -2.764586 0.050093
-2.535073 -3.071085 0.046395
-2.463623 -2.918070 0.054107
-2.748957 -3.096470 0.046551
-2.867617 -2.960246 0.054823
-1.169075 -4.157287 0.045551
-0.981301 -4.098160 0.047025
-0.961258 -3.914943 0.051748
-1.112969 -3.813711 0.042934
-2.275741 -3.784631 0.050089
-2.417644 -3.913778 0.049405
-1.593497 -3.663211 0.055288
-1.415078 -3.702820 0.045172
-1.311555 -3.863448 0.045100
-1.347619 -4.023807 0.052355
3.057292 1.261433 0.051248
2.869230 0.941018 0.049456
3.057569 0.921679 0.051855
3.151077 1.070688 0.043172
2.869025 2.341159 0.048451
3.159194 2.198760 0.046237
3.064057 2.350763 0.050023
2.772286 2.170812 0.048809
3.056677 2.018266 0.050489
2.864802 1.999921 0.048698
2.494188 1.310554 0.048366
2.871167 1.297037 0.050043
2.779050 1.475794 0.048677
2.587707 1.478355 0.049376
2.590978 1.136587 0.049583
2.776614 1.125631 0.047365
2.597871 2.854480 0.048612
2.494022 2.693765 0.049580
2.295629 2.685706 0.054847
2.151294 3.370798 0.048932
2.108263 3.557384 0.047383
2.659504 3.194717 0.045766
2.532969 3.037578 0.048628
2.360994 3.095409 0.049757
2.325069 3.303520 0.044567
2.627230 3.384842 0.043850
2.464771 3.435814 0.050728
1.610353 3.505609 0.043986
1.393865 3.721657 0.041169
1.552360 3.703795 0.051535
2.009646 3.239280 0.049038
1.830489 3.285378 0.044920
-1.087811 5.006491 0.047397
-1.378011 5.196236 0.048626
-1.411028 4.993729 0.046603
-1.255822 4.900843 0.049026
-1.204669 5.301403 0.044247
-1.069675 5.204545 0.047556
-2.600431 2.404821 0.051071
-2.796218 2.414415 0.049797
-2.502256 2.574737 0.050829
-2.592338 2.747795 0.048094
-2.782448 2.764586 0.050093
-2.888153 2.601122 0.051888
3.151077 -1.070688 0.043172
3.358541 -1.331587 0.043868
3.159225 -1.383756 0.041089
3.057292 -1.261433 0.051248
3.459604 -1.187779 0.043270
3.354075 -1.049203 0.047787
-2.436333 -4.438419 0.049079
-2.181842 -4.162967 0.047413
-2.495370 -4.244358 0.049111
-2.363364 -4.106455 0.050619
-2.038958 -4.031896 0.049938
-1.733229 -3.795418 0.051810
-1.931597 -3.725171 0.048740
-2.078577 -3.846237 0.049861
-1.917706 -4.944307 0.052827
-1.733691 -5.009123 0.049523
-1.827296 -4.287769 0.047644
-1.853747 -4.099300 0.048770
-1.520920 -4.082449 0.048895
-1.694997 -3.983888 0.049757
-2.187144 -4.699219 0.046861
-1.987192 -4.755560 0.052526
-1.884133 -4.615811 0.045856
-2.253420 -4.502072 0.047350
-1.961600 -4.421921 0.044784
-2.130935 -4.364523 0.050947
2.208438 3.869548 0.048077
2.252342 3.686093 0.048820
2.355721 3.992225 0.047057
2.435074 3.631801 0.046353
2.588501 3.750222 0.046755
2.553052 3.927191 0.049838
2.049930 3.058458 0.043465
2.191965 2.806730 0.036666
2.227502 2.981866 0.046710
-1.587412 -4.894857 0.050237
-1.255822 -4.900843 0.049026
-1.411028 -4.993729 0.046603
-1.699443 -4.592552 0.045548
-1.574478 -4.699779 0.050968
-1.517888 -4.292466 0.049352
-1.665514 -4.382374 0.044701
-1.241359 -4.705681 0.048920
-1.383631 -4.603489 0.046437
-1.048812 -4.627621 0.049584
-1.015572 -4.448892 0.047085
-1.185457 -4.329817 0.050678
-1.360969 -4.406354 0.048374
