3.439230 3.387391 0.018690
3.218961 3.607661 0.018690
2.998691 3.827930 0.018690
2.778421 4.048200 0.018690
2.558152 4.268469 0.018690
2.337882 4.488739 0.018690
2.117613 4.709009 0.018690
1.897343 4.929278 0.018690
1.677073 5.149548 0.018690
1.410245 5.259683 0.018803
1.096857 5.259683 0.018803
0.783469 5.259683 0.018803
0.470082 5.259683 0.018803
0.156694 5.259683 0.018803
-0.156694 5.259683 0.018803
-0.470082 5.259683 0.018803
-0.783469 5.259683 0.018803
-1.096857 5.259683 0.018803
-1.410245 5.259683 0.018803
-1.677073 5.149548 0.018690
-1.897343 4.929278 0.018690
-2.117613 4.709009 0.018690
-2.337882 4.488739 0.018690
-2.558152 4.268469 0.018690
-2.778421 4.048200 0.018690
-2.998691 3.827930 0.018690
-3.218961 3.607661 0.018690
-3.439230 3.387391 0.018690
-3.549365 3.121196 0.018727
-3.549365 2.809077 0.018727
-3.549365 2.496957 0.018727
-3.549365 2.184837 0.018727
-3.549365 1.872718 0.018727
-3.549365 1.560598 0.018727
-3.549365 1.248479 0.018727
-3.549365 0.936359 0.018727
-3.549365 0.624239 0.018727
-3.549365 0.312120 0.018727
-3.549365 0.000000 0.018727
-3.549365 -0.312120 0.018727
-3.549365 -0.624239 0.018727
-3.549365 -0.936359 0.018727
-3.549365 -1.248479 0.018727
-3.549365 -1.560598 0.018727
-3.549365 -1.872718 0.018727
-3.549365 -2.184837 0.018727
-3.549365 -2.496957 0.018727
-3.549365 -2.809077 0.018727
-3.549365 -3.121196 0.018727
-3.439230 -3.387391 0.018690
-3.218961 -3.607661 0.018690
-2.998691 -3.827930 0.018690
-2.778421 -4.048200 0.018690
-2.558152 -4.268469 0.018690
-2.337882 -4.488739 0.018690
-2.117613 -4.709009 0.018690
-1.897343 -4.929278 0.018690
-1.677073 -5.149548 0.018690
-1.410245 -5.259683 0.018803
-1.096857 -5.259683 0.018803
-0.783469 -5.259683 0.018803
-0.470082 -5.259683 0.018803
-0.156694 -5.259683 0.018803
0.156694 -5.259683 0.018803
0.470082 -5.259683 0.018803
0.783469 -5.259683 0.018803
1.096857 -5.259683 0.018803
1.410245 -5.259683 0.018803
1.677073 -5.149548 0.018690
1.897343 -4.929278 0.018690
2.117613 -4.709009 0.018690
2.337882 -4.488739 0.018690
2.558152 -4.268469 0.018690
2.778421 -4.048200 0.018690
2.998691 -3.827930 0.018690
3.218961 -3.607661 0.018690
3.439230 -3.387391 0.018690
3.549365 -3.121196 0.018727
3.549365 -2.809077 0.018727
3.549365 -2.496957 0.018727
3.549365 -2.184837 0.018727
3.549365 -1.872718 0.018727
3.549365 -1.560598 0.018727
3.549365 -1.248479 0.018727
3.549365 -0.936359 0.018727
3.549365 -0.624239 0.018727
3.549365 -0.312120 0.018727
3.549365 0.000000 0.018727
3.549365 0.312120 0.018727
3.549365 0.624239 0.018727
3.549365 0.936359 0.018727
3.549365 1.248479 0.018727
3.549365 1.560598 0.018727
3.549365 1.872718 0.018727
3.549365 2.184837 0.018727
3.549365 2.496957 0.018727
3.549365 2.809077 0.018727
3.549365 3.121196 0.018727
1.873103 2.838371 0.023124
1.600578 3.110896 0.023124
1.328054 3.383420 0.023124
1.021536 3.519683 0.020431
0.681024 3.519683 0.020431
0.340512 3.519683 0.020431
-0.000000 3.519683 0.020431
-0.340512 3.519683 0.020431
-0.681024 3.519683 0.020431
-1.021536 3.519683 0.020431
-1.328054 3.383420 0.023124
-1.600578 3.110896 0.023124
-1.873103 2.838371 0.023124
-2.009365 2.543161 0.019074
-2.009365 2.225266 0.019074
-2.009365 1.907371 0.019074
-2.009365 1.589476 0.019074
-2.009365 1.271581 0.019074
-2.009365 0.953686 0.019074
-2.009365 0.635790 0.019074
-2.009365 0.317895 0.019074
-2.009365 0.000000 0.019074
-2.009365 -0.317895 0.019074
-2.009365 -0.635790 0.019074
-2.009365 -0.953686 0.019074
-2.009365 -1.271581 0.019074
-2.009365 -1.589476 0.019074
-2.009365 -1.907371 0.019074
-2.009365 -2.225266 0.019074
-2.009365 -2.543161 0.019074
-1.873103 -2.838371 0.023124
-1.600578 -3.110896 0.023124
-1.328054 -3.383420 0.023124
-1.021536 -3.519683 0.020431
-0.681024 -3.519683 0.020431
-0.340512 -3.519683 0.020431
0.000000 -3.519683 0.020431
0.340512 -3.519683 0.020431
0.681024 -3.519683 0.020431
1.021536 -3.519683 0.020431
1.328054 -3.383420 0.023124
1.600578 -3.110896 0.023124
1.873103 -2.838371 0.023124
2.009365 -2.543161 0.019074
2.009365 -2.225266 0.019074
2.009365 -1.907371 0.019074
2.009365 -1.589476 0.019074
2.009365 -1.271581 0.019074
2.009365 -0.953686 0.019074
2.009365 -0.635790 0.019074
2.009365 -0.317895 0.019074
2.009365 -0.000000 0.019074
2.009365 0.317895 0.019074
2.009365 0.635790 0.019074
2.009365 0.953686 0.019074
2.009365 1.271581 0.019074
2.009365 1.589476 0.019074
2.009365 1.907371 0.019074
2.009365 2.225266 0.019074
2.009365 2.543161 0.019074
