-0.000076
-0.000076
-0.000076
-0.000072
-0.000072
-0.000072
-0.000072
-0.000072
-0.000072
-0.000072
-0.000068
-0.000068
-0.000068
-0.000068
-0.000068
-0.000068
-0.000064
-0.000064
-0.000064
-0.000064
-0.000064
-0.000064
-0.000064
-0.000064
-0.000060
-0.000060
-0.000060
-0.000060
-0.000060
-0.000060
-0.000060
-0.000056
-0.000056
-0.000056
-0.000056
-0.000056
-0.000056
-0.000056
-0.000052
-0.000052
-0.000052
-0.000052
-0.000052
-0.000052
-0.000052
-0.000048
-0.000048
-0.000048
-0.000048
-0.000048
-0.000048
-0.000048
-0.000048
-0.000044
-0.000044
-0.000044
-0.000044
-0.000044
-0.000044
-0.000044
-0.000040
-0.000040
-0.000040
-0.000040
-0.000040
-0.000040
-0.000040
-0.000040
-0.000036
-0.000036
-0.000036
-0.000036
-0.000036
-0.000036
-0.000036
-0.000036
-0.000032
-0.000032
-0.000032
-0.000032
-0.000032
-0.000032
-0.000032
-0.000032
-0.000028
-0.000028
-0.000028
-0.000028
-0.000028
-0.000028
-0.000028
-0.000028
-0.000028
-0.000024
-0.000024
-0.000044
-0.000024
-0.000024
-0.000024
-0.000024
-0.000024
-0.000024
-0.000020
-0.000020
-0.000020
-0.000020
-0.000020
-0.000020
-0.000020
-0.000020
-0.000020
-0.000016
-0.000016
-0.000016
-0.000016
-0.000016
-0.000016
-0.000016
-0.000016
-0.000016
-0.000016
-0.000012
-0.000012
-0.000012
-0.000012
-0.000012
-0.000012
-0.000012
-0.000012
-0.000012
-0.000012
-0.000012
-0.000008
-0.000008
-0.000008
-0.000008
-0.000008
-0.000008
-0.000008
-0.000008
-0.000008
-0.000008
-0.000008
-0.000008
-0.000004
-0.000004
-0.000004
-0.000004
-0.000004
-0.000004
-0.000004
-0.000004
-0.000004
-0.000004
-0.000004
-0.000004
-0.000004
-0.000048
-0.000000
-0.000000
-0.000000
-0.000000
0.000000
0.000000
0.000000
0.000000
0.000000
0.000000
0.000000
0.000004
0.000004
0.000004
0.000004
0.000004
0.000004
0.000004
0.000004
0.000004
0.000004
0.000004
0.000060
0.000236
0.000756
0.001456
0.001676
0.001836
0.001872
0.000632
0.000076
0.000320
0.000192
0.001956
0.005460
0.008328
0.006796
0.002628
0.001440
-0.003072
-0.010692
-0.009152
0.002008
0.017136
0.029188
0.023608
0.008692
-0.004316
-0.020904
-0.046028
-0.046884
0.005052
0.063488
0.084156
0.076260
0.062988
0.025780
-0.037316
-0.065572
-0.028132
0.034424
0.057900
0.036388
0.036544
0.058856
0.010928
-0.072108
-0.088724
-0.085220
-0.105452
-0.072064
-0.066204
-0.116288
-0.101640
0.101200
0.298444
0.209348
0.037136
-0.035960
-0.130276
-0.213472
-0.133428
0.036592
0.083084
-0.022120
-0.150572
-0.112136
0.115396
0.170000
0.062140
0.031736
-0.003720
-0.085332
-0.126236
-0.005376
0.168976
0.229556
0.164532
-0.024008
-0.228604
-0.277408
-0.148728
-0.039080
0.088848
0.245788
0.260292
0.160956
0.044888
-0.024640
-0.021252
-0.019788
-0.127688
-0.234736
-0.036620
0.272696
0.301760
0.102620
-0.067812
-0.052720
-0.049320
-0.199588
-0.340688
-0.382820
-0.111616
0.368580
0.488508
0.352688
0.088268
-0.256828
-0.439828
-0.490900
-0.266092
0.114456
0.320752
0.288552
-0.034820
-0.080164
0.074456
-0.021264
-0.107048
-0.148128
-0.120212
0.020860
-0.038840
-0.180240
-0.193268
-0.021708
0.166012
0.250692
0.242512
0.043532
-0.217892
-0.272964
-0.051488
0.277204
0.332832
0.029392
-0.317972
-0.500404
-0.649192
-0.582156
-0.090920
0.357196
0.316004
0.005424
-0.018676
0.251272
0.211316
-0.090136
-0.073552
0.252616
0.359136
-0.049604
-0.494368
-0.317976
0.152072
0.295884
0.204000
0.348092
0.793040
0.814212
0.265384
-0.081004
0.038456
0.409208
0.550776
0.150368
-0.148204
0.045352
0.264572
0.163728
-0.096100
-0.079280
0.253724
0.303432
-0.088352
-0.395548
-0.312596
-0.030972
0.182884
0.225504
0.016712
-0.371332
-0.602524
-0.638164
-0.756144
-0.919676
-0.937876
-0.902460
-0.794004
-0.518736
-0.328772
-0.501688
-0.488604
0.128840
0.697244
0.516928
-0.030616
-0.313604
-0.155252
0.208320
0.498728
0.423464
0.050168
-0.095936
0.198004
0.639532
1.079040
1.371028
1.222376
0.821700
0.621248
0.732508
0.979500
1.139808
1.031736
0.669756
0.304880
0.071588
-0.181696
-0.440708
-0.568732
-0.618532
-0.579144
-0.444420
-0.326680
-0.289860
-0.303672
-0.403036
-0.622756
-0.940124
-1.226300
-1.307268
-1.083580
-0.527828
0.325992
1.069448
1.160956
0.861160
0.586404
0.244944
-0.136900
-0.486496
-0.889844
-1.169160
-1.153260
-0.865880
-0.404612
-0.138232
-0.188392
-0.430480
-0.750140
-0.958724
-0.826504
-0.345280
0.134584
0.247560
0.233628
0.392924
0.411972
0.120172
-0.251988
-0.452460
-0.453560
-0.359028
-0.227372
-0.039248
0.208364
0.276208
0.149644
0.119136
0.355792
0.615108
0.617156
0.445920
0.225136
0.010464
-0.053488
0.052600
0.192716
0.315756
0.523892
0.803784
0.872772
0.584228
0.230812
0.168504
0.365376
0.470488
0.343308
0.133452
0.046332
0.162984
0.301636
0.364080
0.397776
0.315212
0.177596
0.142400
0.097264
0.000036
0.104064
0.444388
0.621576
0.312888
-0.118456
-0.237312
-0.225976
-0.303832
-0.329708
-0.258912
-0.248644
-0.253636
-0.072384
0.350028
0.544552
0.226896
-0.238516
-0.404076
-0.354936
-0.448904
-0.582228
-0.407964
-0.095788
-0.104992
-0.434140
-0.733024
-0.866260
-0.816224
-0.624816
-0.422368
-0.261944
-0.099244
0.054700
0.025340
-0.112332
-0.055448
0.273252
0.659436
0.716012
0.343504
-0.178240
-0.698388
-1.070092
-0.881628
-0.188740
0.230796
0.102960
0.165840
0.546624
0.820828
0.825652
0.588292
0.340704
0.266820
0.186224
0.037596
0.106576
0.258248
0.378532
0.675264
0.868500
0.604620
0.384084
0.381472
0.221056
-0.128852
-0.577144
-1.037732
-1.205808
-0.853556
-0.217320
0.322688
0.664148
0.796640
0.838516
0.827720
0.547684
0.022944
-0.429688
-0.841180
-1.045868
-0.742408
-0.111288
0.502088
0.628000
0.233904
-0.129828
-0.127716
0.018200
-0.045484
-0.230208
-0.288320
-0.106148
0.228476
0.282304
-0.106488
-0.469476
-0.516020
-0.345864
-0.097832
0.104816
0.115684
0.158056
0.474612
0.682816
0.504064
0.241084
0.097860
0.124356
0.156152
0.064820
-0.101756
-0.303288
-0.366316
-0.130944
0.198252
0.274232
0.065652
-0.116124
0.038244
0.292308
0.122508
-0.298668
-0.544040
-0.502760
-0.259664
-0.094396
-0.135900
-0.177036
-0.328692
-0.549608
-0.617632
-0.598840
-0.554720
-0.402552
-0.110008
0.234668
0.238512
0.002316
-0.104460
-0.123468
-0.174324
-0.298152
-0.437372
-0.348360
-0.052636
0.265200
0.466876
0.445788
0.169616
-0.280032
-0.623048
-0.674808
-0.471440
-0.133904
0.214752
0.297724
0.140128
0.076400
0.313536
0.681196
0.783496
0.617968
0.380620
0.190072
0.108216
0.222384
0.397400
0.526024
0.487100
0.187448
-0.158072
-0.375804
-0.425436
-0.277736
-0.071732
0.167052
0.539572
0.739084
0.610532
0.346536
0.016544
-0.350968
-0.529940
-0.359308
-0.063008
0.122992
0.152464
0.131612
0.139360
0.204560
0.220320
0.041728
-0.211868
-0.373628
-0.496728
-0.564160
-0.465172
-0.214844
0.029860
0.135616
0.169956
0.077108
-0.102996
-0.284068
-0.507820
-0.616680
-0.412904
-0.157024
-0.080552
-0.035668
0.112096
0.256300
0.244692
0.118232
-0.017012
-0.035680
0.103640
0.220800
0.226504
0.307076
0.503360
0.518848
0.323664
0.145148
0.034028
0.008376
0.142148
0.289312
0.258688
0.080480
-0.070012
-0.114460
-0.129336
-0.145788
-0.048340
0.132508
0.223120
0.192880
0.090800
-0.037340
-0.100636
-0.124524
-0.204492
-0.301984
-0.344892
-0.372448
-0.352824
-0.229864
-0.174344
-0.229036
-0.211344
-0.111672
-0.076988
-0.141412
-0.146120
-0.026524
0.112300
0.139216
0.046716
-0.113016
-0.215548
-0.172948
-0.077948
-0.067776
-0.042272
0.059784
0.150864
0.242056
0.301808
0.288664
0.205708
0.138708
0.125728
0.108104
0.103068
0.090540
0.133944
0.296132
0.425304
0.394452
0.306360
0.199048
0.044716
-0.065732
-0.068792
-0.025880
0.008516
0.053380
0.076736
-0.032208
-0.161656
-0.186316
-0.148952
-0.122104
-0.147644
-0.187748
-0.257840
-0.330384
-0.320628
-0.300428
-0.325812
-0.341684
-0.261648
-0.117248
-0.056676
-0.086280
-0.076016
0.050632
0.112880
0.040920
0.034312
0.118968
0.116328
0.068584
0.100476
0.173564
0.198688
0.198012
0.187172
0.171796
0.136564
0.074316
0.029948
0.041548
0.095432
0.114612
0.032072
-0.052624
-0.025608
-0.007888
-0.065180
-0.132428
-0.158644
-0.138088
-0.131204
-0.124764
-0.073652
-0.045556
-0.059468
-0.033736
0.006792
-0.024604
-0.070088
-0.055868
-0.048148
0.002004
0.143504
0.176276
-0.016148
-0.205876
-0.246844
-0.206052
-0.140252
-0.081604
-0.037832
0.014160
0.079532
0.128688
0.126184
0.095560
0.118424
0.197504
0.272644
0.313236
0.310204
0.253764
0.179012
0.204328
0.309332
0.309900
0.150804
-0.022252
-0.085808
-0.115332
-0.178340
-0.202360
-0.142228
-0.108720
-0.116952
-0.002296
0.128820
0.064652
-0.113960
-0.223628
-0.174004
-0.070424
-0.078776
-0.137408
-0.132816
-0.092052
-0.078260
-0.096084
-0.104904
-0.144788
-0.241168
-0.313548
-0.318484
-0.303264
-0.290752
-0.280456
-0.270320
-0.213916
-0.074388
0.006140
-0.039976
-0.054004
0.053088
0.169772
0.127328
-0.023300
-0.052668
0.121840
0.313272
0.323336
0.172644
0.064984
0.080584
0.142684
0.191200
0.189912
0.152108
0.143040
0.178964
0.230196
0.272192
0.271084
0.192020
0.082196
0.023256
-0.035520
-0.170620
-0.259164
-0.196160
-0.083684
-0.033900
-0.016732
0.007556
0.017184
0.003060
-0.040344
-0.076000
-0.056964
-0.023000
0.020080
0.080600
0.097072
0.086704
0.104968
0.098384
0.028836
-0.014044
0.013824
0.029596
0.001908
-0.003744
0.061240
0.091160
0.003860
-0.076912
-0.060300
-0.012280
0.012020
-0.003904
-0.026896
-0.011540
0.076940
0.166392
0.164508
0.121472
0.091348
0.047444
0.026744
0.063992
0.129088
0.177904
0.177084
0.128508
0.089440
0.079708
0.051480
0.005960
-0.030376
-0.061172
-0.106684
-0.131988
-0.117300
-0.110184
-0.090912
-0.031140
-0.036124
-0.116204
-0.146440
-0.091424
-0.034656
-0.023952
-0.057268
-0.101752
-0.086664
-0.021500
-0.000204
-0.057528
-0.140268
-0.182728
-0.138588
-0.028300
0.042136
0.017608
-0.016620
0.006604
0.041416
0.017252
-0.043492
-0.050216
-0.006120
-0.005992
-0.020676
0.017356
0.039160
0.027452
0.036724
0.026176
-0.014316
-0.002828
0.044264
0.041768
0.001860
-0.004996
0.031908
0.036512
-0.018564
-0.093356
-0.123880
-0.109544
-0.083020
-0.022356
0.016424
0.010656
0.016772
-0.018492
-0.109636
-0.151288
-0.122644
-0.119552
-0.126156
-0.068016
0.017176
0.044852
0.004940
-0.048860
-0.088484
-0.134028
-0.163388
-0.138876
-0.077400
-0.010360
0.056604
0.120672
0.134348
0.079140
0.019408
0.018860
0.040176
0.040888
0.040556
0.073260
0.148216
0.238020
0.270640
0.222020
0.146324
0.084476
0.037724
-0.003528
-0.020828
0.025600
0.106764
0.126388
0.093880
0.063428
0.030216
-0.025600
-0.080348
-0.115160
-0.129440
-0.116240
-0.104916
-0.098300
-0.048656
0.009876
0.020968
0.013696
0.010764
-0.004708
-0.027404
-0.020356
0.013412
0.046700
0.052356
0.017288
-0.008448
-0.002972
-0.005624
-0.027144
-0.046120
-0.048552
-0.047684
-0.049360
-0.056916
-0.074528
-0.060564
-0.016160
0.014980
0.022004
0.023696
0.016364
0.008168
0.005520
-0.004176
-0.010324
-0.029872
-0.054160
-0.044964
-0.035052
-0.068344
-0.106428
-0.096188
-0.017540
0.073480
0.099444
0.070612
0.056812
0.062568
0.054704
0.027104
0.014756
0.047968
0.095968
0.118676
0.112268
0.061132
-0.023052
-0.038948
0.049264
0.112596
0.060148
-0.008776
-0.003324
0.015112
-0.007388
-0.047940
-0.066052
-0.052380
-0.035284
-0.040416
-0.044736
-0.034752
-0.006676
0.043500
0.075044
0.049768
-0.014416
-0.046984
-0.027280
-0.002472
0.012336
0.033472
0.053112
0.079200
0.104608
0.092728
0.046584
0.000520
-0.027148
-0.020104
0.012840
0.031800
0.008684
-0.028136
-0.038828
-0.035844
-0.028504
-0.018952
-0.032932
-0.064420
-0.076140
-0.043276
0.032508
0.085728
0.066352
0.032040
-0.000676
-0.052660
-0.075824
-0.053036
-0.031012
-0.024964
-0.026044
-0.018264
-0.016976
-0.058572
-0.101976
-0.081300
-0.019108
0.002488
0.000104
0.028600
0.044324
0.014796
-0.009672
-0.008816
-0.025180
-0.028504
-0.004568
0.000360
0.002860
0.018964
0.043644
0.044560
0.011664
0.001524
0.013724
0.006220
-0.002196
0.017888
0.047596
0.059796
0.048780
0.013624
0.007508
0.041820
0.051644
0.036920
0.018612
0.003736
0.017936
0.039964
0.031704
-0.000132
-0.010780
0.009480
0.020668
0.010760
-0.001096
-0.005364
-0.005320
-0.017012
-0.032052
-0.031684
-0.034372
-0.033904
-0.030152
-0.037544
-0.046204
-0.045624
-0.031272
-0.013888
-0.011684
-0.014460
-0.018608
-0.029444
-0.031096
-0.017376
-0.006512
-0.012296
-0.013800
-0.007184
-0.015220
-0.027292
-0.031284
-0.033612
-0.017468
0.024292
0.046132
0.032316
0.027884
0.036284
0.023360
0.006188
0.008436
0.025436
0.041744
0.049232
0.049084
0.041588
0.029260
0.012344
0.006648
0.003984
-0.003628
-0.009104
-0.010992
-0.011392
-0.009588
0.002568
0.011648
0.006052
0.003552
0.010216
0.003924
-0.036204
-0.075424
-0.074564
-0.049236
-0.023108
-0.012992
-0.020788
-0.016760
0.019524
0.051484
0.063504
0.062820
0.041008
0.010352
0.011660
0.032168
0.034496
0.026440
0.038004
0.057808
0.038632
0.000900
-0.012904
-0.018164
-0.029308
-0.019424
0.012000
0.041500
0.054232
0.043864
0.011096
-0.025420
-0.045700
-0.043600
-0.028508
-0.007572
0.020688
0.037300
0.023436
-0.006348
-0.033816
-0.051268
-0.059200
-0.058504
-0.035460
-0.004008
0.003280
-0.009384
-0.026124
-0.024592
-0.006252
-0.006052
-0.020392
-0.026868
-0.024252
-0.022916
-0.032836
-0.050168
-0.057408
-0.034788
0.008144
0.042164
0.048784
0.037328
0.031692
0.029008
0.019708
0.021908
0.042160
0.048252
0.040280
0.031924
0.004636
-0.034328
-0.047852
-0.028400
0.007072
0.035280
0.042368
0.049496
0.041868
0.010444
-0.000504
0.001836
-0.003056
-0.004008
-0.013288
-0.033136
-0.037756
-0.025544
-0.015896
-0.011732
-0.016620
-0.028500
-0.037336
-0.039000
-0.040400
-0.048140
-0.046264
-0.024148
0.002692
0.009792
0.011788
0.023060
0.021976
-0.008528
-0.040156
-0.039016
-0.019232
0.001232
0.023112
0.044816
0.058876
0.060600
0.046200
0.023544
0.011260
0.016512
0.034512
0.044644
0.050272
0.057652
0.047360
0.021580
-0.001600
-0.015996
-0.025500
-0.025264
-0.022192
-0.028304
-0.030664
-0.022800
-0.012236
-0.012896
-0.024860
-0.029816
-0.033196
-0.037252
-0.027664
-0.002084
0.021488
0.027204
0.017668
-0.002500
-0.017896
-0.010960
0.004112
0.001928
-0.019376
-0.037940
-0.031056
0.000384
0.026324
0.021996
0.001772
-0.006424
-0.002204
-0.004352
-0.008928
0.000336
0.016044
0.024760
0.024736
0.014320
-0.004844
-0.023684
-0.030284
-0.019024
-0.006572
-0.005716
-0.011896
-0.021904
-0.025664
-0.022216
-0.029236
-0.038524
-0.021088
0.013308
0.032884
0.038992
0.037864
0.032320
0.021608
-0.010836
-0.037968
-0.019824
0.011352
0.016684
0.018092
0.028000
0.029496
0.028424
0.014404
-0.018612
-0.035708
-0.026760
-0.016312
0.002320
0.031772
0.044468
0.030044
-0.003336
-0.033776
-0.040808
-0.029040
-0.003952
0.012916
0.011568
0.014400
0.023408
0.022192
0.010636
0.002112
-0.006140
-0.016180
-0.009024
0.013016
0.022012
0.017852
0.017856
0.012500
-0.001656
-0.007384
0.000120
0.012440
0.034888
0.046072
0.027224
-0.005268
-0.023116
-0.008304
0.002336
-0.005380
-0.001752
0.009592
0.002596
-0.007892
-0.012936
-0.017412
-0.007044
-0.000168
-0.012040
-0.024364
-0.023984
-0.017864
-0.024768
-0.033412
-0.020016
0.001028
0.009796
0.006604
-0.001156
-0.008720
-0.017012
-0.019876
-0.017880
-0.009036
0.012668
0.028964
0.025456
0.013244
0.007424
0.004892
-0.002968
-0.008416
0.002892
0.016836
0.017088
0.013348
0.002432
-0.016600
-0.024072
-0.016584
-0.009828
-0.007324
-0.006440
-0.003060
0.005752
0.019744
0.021856
0.001856
-0.008152
-0.001844
-0.006752
-0.012528
-0.008868
-0.009056
-0.012612
-0.011612
-0.011976
-0.018952
-0.028196
-0.029152
-0.023236
-0.019820
-0.011164
-0.000764
0.000500
0.000300
-0.000024
0.003076
0.017816
0.026644
0.022864
0.013996
0.005316
0.009628
0.018988
0.021740
0.027028
0.034580
0.043592
0.048960
0.044560
0.030456
0.004120
-0.017604
-0.017244
-0.012076
-0.007600
0.002072
0.004664
0.001160
0.001860
0.006004
0.001880
-0.016328
-0.031776
-0.021572
-0.003916
-0.004352
-0.006148
-0.000372
-0.000260
-0.007248
-0.011328
-0.003488
0.004324
0.007352
0.012288
0.006440
-0.001144
0.001424
-0.005056
-0.014956
-0.004356
0.019280
0.033600
0.027592
0.014956
0.010528
0.006044
0.001712
0.003112
0.006384
0.021480
0.035244
0.027928
0.016588
0.010072
0.004004
-0.004576
-0.010776
-0.007488
-0.005944
-0.011292
-0.019348
-0.022576
-0.020868
-0.026636
-0.032976
-0.028120
-0.022848
-0.018432
-0.010316
-0.007456
-0.005040
0.003188
0.009124
0.001800
-0.014920
-0.024980
-0.022276
-0.012648
-0.004432
-0.001552
0.000556
0.003584
0.004364
0.003076
0.002784
0.003348
0.005348
0.004880
0.005648
0.012288
0.012868
0.001616
-0.006596
-0.005160
-0.000444
0.011052
0.025928
0.025488
0.018436
0.020240
0.016688
0.010036
0.005080
-0.002276
-0.001996
0.002260
0.003884
0.004340
0.001596
-0.001612
-0.001968
-0.005604
-0.018940
-0.036188
-0.042592
-0.029636
-0.007760
0.000320
-0.006436
-0.004984
0.007440
0.015400
0.021472
0.028060
0.029368
0.020300
0.003952
-0.011008
-0.026040
-0.041960
-0.045292
-0.032888
-0.010840
0.014264
0.031940
0.035512
0.022692
0.004380
-0.006608
-0.012132
-0.010792
-0.003468
0.001432
-0.003096
-0.008200
-0.009244
-0.005212
0.000340
0.002636
0.010068
0.016388
0.008156
-0.007084
-0.021928
-0.028252
-0.024640
-0.017708
-0.009256
0.000592
0.003004
0.001992
-0.000832
-0.006932
-0.000244
0.013056
0.014480
0.012756
0.015416
0.016076
0.013688
0.004232
-0.004808
-0.001420
0.008868
0.016068
0.015240
0.011904
0.016756
0.020948
0.006464
-0.011764
-0.019412
-0.027120
-0.032100
-0.025420
-0.011004
0.003108
0.010508
0.012840
0.011968
0.004608
-0.003480
-0.007364
-0.008060
-0.007296
-0.009576
-0.010700
-0.006480
-0.003600
-0.001212
0.003064
0.007568
0.007412
0.004768
0.009988
0.025024
0.038036
0.042536
0.035128
0.012772
-0.005136
-0.004188
0.002164
0.006292
0.017140
0.031612
0.033332
0.025460
0.014624
-0.003344
-0.016964
-0.019328
-0.017408
-0.012496
-0.008096
-0.009684
-0.015428
-0.022752
-0.030928
-0.034404
-0.033360
-0.027400
-0.012340
0.006960
0.014172
0.005012
-0.008468
-0.022444
-0.031392
-0.029936
-0.026420
-0.024060
-0.019916
-0.011652
-0.002836
0.001968
0.007048
0.009056
0.001776
-0.006304
-0.004808
-0.000856
-0.001424
-0.003064
-0.003336
-0.000692
0.007600
0.015296
0.015612
0.017264
0.021984
0.022628
0.012876
-0.001876
-0.011960
-0.016184
-0.014748
-0.008616
0.002088
0.019920
0.030772
0.023592
0.008376
-0.002524
-0.003424
0.006916
0.015608
0.016252
0.018188
0.022900
0.020340
0.005156
-0.008684
-0.010936
-0.008552
-0.010952
-0.016196
-0.021776
-0.024608
-0.022168
-0.023916
-0.034540
-0.039864
-0.030780
-0.015264
-0.000956
0.008060
0.016740
0.028996
0.035648
0.029880
0.020208
0.018856
0.022840
0.020300
0.006100
-0.007628
-0.013408
-0.013736
-0.009336
-0.003732
0.004228
0.012580
0.012064
0.006124
0.003500
0.004156
0.005968
0.010328
0.015072
0.017260
0.021752
0.025884
0.018532
0.003140
-0.011164
-0.022068
-0.025508
-0.019592
-0.011220
-0.007300
-0.007168
-0.011120
-0.015868
-0.018580
-0.019252
-0.015868
-0.010940
-0.008044
-0.002456
0.002200
-0.000512
-0.005780
-0.012196
-0.014468
-0.008332
-0.001648
0.003128
0.004772
0.002388
-0.000788
-0.004028
-0.007400
-0.011228
-0.013764
-0.015520
-0.015372
-0.009608
-0.004664
-0.003200
0.002204
0.008612
0.012556
0.019612
0.027684
0.029804
0.025336
0.019996
0.014796
0.009052
0.006136
0.005408
0.004452
0.000360
-0.005096
-0.007372
-0.008308
-0.009832
-0.010956
-0.005624
0.007516
0.022720
0.031660
0.029224
0.017720
0.010748
0.013676
0.013368
0.005808
0.004956
0.000252
-0.006180
-0.008480
-0.029624
-0.025572
-0.003728
0.000824
0.026204
0.044300
0.008512
-0.067792
-0.095092
-0.008256
0.063708
0.008008
-0.061700
-0.021972
0.062964
0.067176
-0.001604
-0.044560
-0.009140
0.045672
0.037756
-0.006152
-0.021040
-0.007000
-0.003160
-0.022192
-0.033304
-0.019672
0.003904
0.012836
-0.000492
-0.012896
-0.010796
-0.005860
-0.013032
-0.028224
-0.030716
-0.013652
0.004880
0.003560
-0.008440
-0.011496
-0.010156
-0.021904
-0.038944
-0.035772
-0.015156
0.004736
0.011084
0.002056
-0.004784
-0.006820
-0.009892
0.000900
0.026788
0.035908
0.026780
0.017600
0.012816
0.020484
0.020664
-0.007668
-0.027948
-0.007864
0.028308
0.042328
0.019724
-0.001648
0.014164
0.032552
0.019424
0.004124
0.010452
0.018668
0.018404
0.019244
0.020908
0.024716
0.027704
0.025296
0.016380
-0.003180
-0.016288
-0.019024
-0.035580
-0.048976
-0.029736
0.003000
0.020748
0.015484
-0.003716
-0.023920
-0.037444
-0.038116
-0.021116
0.004560
0.018224
0.021820
0.028784
0.028900
0.009544
-0.010912
-0.014184
-0.005212
0.002512
0.004148
0.008028
0.012820
0.009260
-0.003992
-0.015132
-0.013728
-0.012016
-0.014684
-0.012800
-0.005064
0.002796
0.010948
0.018104
0.012504
-0.002256
-0.017440
-0.024780
-0.017148
-0.000348
0.020068
0.037788
0.047516
0.051016
0.046072
0.028648
0.000640
-0.018848
-0.018232
-0.005812
0.006944
0.010144
0.004440
-0.002180
-0.003380
-0.009748
-0.021456
-0.024876
-0.023796
-0.019852
-0.005804
0.010484
0.018680
0.017664
0.010648
-0.001796
-0.014832
-0.025176
-0.029156
-0.021660
-0.008792
0.001020
0.008828
0.014444
0.008664
-0.005784
-0.016296
-0.023324
-0.024664
-0.017656
-0.009424
-0.004800
-0.006480
-0.004912
0.006920
0.018160
0.017412
0.007120
0.003160
0.005392
0.002120
-0.001920
-0.002000
-0.000632
0.001928
0.008028
0.014640
0.013356
0.010048
0.007892
0.001936
-0.006604
-0.011520
-0.008868
-0.008592
-0.012912
-0.015320
-0.016224
-0.013952
-0.009668
-0.006560
-0.000396
0.008056
0.008728
0.002536
-0.000776
-0.001240
-0.000240
-0.000112
-0.001928
-0.000660
0.005416
0.009260
0.008100
0.004460
0.000128
-0.005816
-0.014144
-0.022176
-0.029800
-0.034016
-0.023876
-0.007176
0.006156
0.014000
0.015312
0.015872
0.011316
0.003032
0.002148
0.004176
0.003252
-0.001532
-0.004504
-0.000516
0.002896
0.003456
0.002424
-0.004164
-0.011652
-0.012720
-0.007472
-0.001768
0.002404
0.006132
0.008648
0.006104
0.002244
0.001132
0.004284
0.010352
0.016580
0.021180
0.020992
0.015636
0.009872
0.003892
-0.001760
-0.004144
-0.003580
-0.001808
0.001984
0.003508
-0.001424
-0.008380
-0.011232
-0.011980
-0.015372
-0.014312
-0.006012
0.000492
0.004008
0.007776
0.011260
0.010668
0.007548
0.005140
0.003828
0.003512
0.003808
0.006116
0.008652
0.005108
-0.003964
-0.009292
-0.008736
-0.005688
-0.003884
-0.004168
-0.001040
0.007064
0.011880
0.011268
0.006920
0.005696
0.007752
0.004348
-0.001804
-0.002612
0.000584
0.003956
0.005396
0.003620
0.002692
-0.000656
-0.009216
-0.013876
-0.012816
-0.008084
-0.002532
-0.003468
-0.009496
-0.013452
-0.014992
-0.017252
-0.019308
-0.017092
-0.011992
-0.007356
-0.004852
-0.002652
0.002916
0.008284
0.007112
0.004960
0.004932
0.006244
0.009560
0.011948
0.012548
0.014056
0.014144
0.011092
0.006732
0.002568
0.000504
0.002456
0.006156
0.005460
0.002992
0.005160
0.010104
0.013988
0.014092
0.012096
0.010576
0.008448
0.002548
-0.005476
-0.010784
-0.010524
-0.006080
-0.003432
-0.003704
-0.003312
-0.002652
-0.002796
-0.004240
-0.004516
-0.001664
0.000796
0.000212
-0.003288
-0.007712
-0.009932
-0.009592
-0.009392
-0.008672
-0.004880
-0.000776
-0.000372
-0.000872
-0.000260
0.000132
0.000656
0.000160
-0.001392
-0.001396
0.000360
0.001768
0.001588
0.000628
0.000440
0.000704
0.000472
-0.000424
-0.000888
0.000440
0.001272
0.000396
-0.000476
-0.000372
0.000360
0.000932
0.000692
0.000680
0.000972
0.000640
0.000064
-0.000420
-0.000936
-0.000968
-0.000612
-0.000432
-0.000328
-0.000260
-0.000308
-0.000076
0.000348
0.000564
0.000548
0.000468
0.000468
0.000492
0.000344
0.000076
-0.000112
-0.000156
-0.000168
-0.000196
-0.000196
-0.000168
-0.000140
-0.000120
-0.000124
-0.000132
-0.000136
