0.001060
0.001044
0.001056
0.001044
0.001064
0.001056
0.001076
0.001068
0.001084
0.001076
0.001116
0.001144
0.001172
0.001148
0.001124
0.001052
0.000976
0.000908
0.001008
0.001260
0.001648
0.002016
0.002348
0.002392
0.002188
0.001776
0.001232
0.000808
0.000728
0.000812
0.000744
0.000276
-0.000216
-0.000652
-0.001020
-0.001168
-0.000832
-0.000444
-0.000148
-0.000348
-0.000428
0.000580
0.001924
0.002484
0.001652
-0.000732
-0.003444
-0.004892
-0.004732
-0.003560
-0.001088
0.002824
0.006412
0.007512
0.005684
0.001988
-0.001628
-0.004972
-0.008092
-0.009784
-0.009164
-0.006524
-0.002956
-0.000500
-0.001952
-0.007564
-0.013428
-0.015628
-0.013068
-0.006992
0.001368
0.010384
0.015588
0.013840
0.007916
0.002148
-0.001808
-0.003644
-0.001060
0.006220
0.014372
0.019332
0.021052
0.021532
0.021720
0.021848
0.021912
0.019548
0.013520
0.005592
-0.001476
-0.008508
-0.017708
-0.027160
-0.031652
-0.027956
-0.018332
-0.009480
-0.004920
-0.005320
-0.009832
-0.016388
-0.024092
-0.032552
-0.041144
-0.046672
-0.047848
-0.045572
-0.038840
-0.026496
-0.009752
0.007472
0.020584
0.028720
0.035540
0.043196
0.049176
0.051840
0.053568
0.055672
0.055408
0.051184
0.042872
0.031960
0.024324
0.022080
0.022044
0.020772
0.016980
0.010644
0.006728
0.007820
0.011924
0.015448
0.016760
0.016096
0.013760
0.009256
-0.000256
-0.015684
-0.034800
-0.052480
-0.062248
-0.063132
-0.057912
-0.050332
-0.036640
-0.010724
0.020880
0.046492
0.060324
0.061812
0.055640
0.043764
0.027668
0.008968
-0.009432
-0.020660
-0.022092
-0.018072
-0.011184
-0.002228
0.006180
0.012984
0.018868
0.022944
0.025212
0.024600
0.019228
0.009736
-0.004048
-0.022316
-0.043452
-0.061388
-0.072108
-0.076264
-0.072084
-0.061856
-0.049960
-0.038632
-0.028344
-0.015976
0.000720
0.023368
0.046532
0.058096
0.050656
0.023472
-0.013320
-0.048516
-0.077296
-0.097868
-0.108148
-0.104836
-0.085340
-0.052944
-0.020676
0.003700
0.018912
0.027696
0.035292
0.040732
0.039620
0.034888
0.033784
0.032452
0.026256
0.016756
0.004256
-0.010488
-0.018740
-0.012904
0.004916
0.023168
0.030056
0.025964
0.017776
0.006200
-0.007696
-0.015968
-0.015144
-0.008348
0.009288
0.037984
0.066624
0.082500
0.079616
0.063080
0.043116
0.028636
0.024220
0.029204
0.039140
0.052280
0.064164
0.064692
0.050048
0.026392
0.003124
-0.016008
-0.033752
-0.052728
-0.072444
-0.087252
-0.094876
-0.097164
-0.092832
-0.083048
-0.070496
-0.054388
-0.033772
-0.008964
0.018540
0.045084
0.062492
0.063856
0.049492
0.022704
-0.011448
-0.046200
-0.071564
-0.078604
-0.068796
-0.050480
-0.032020
-0.022980
-0.032224
-0.058048
-0.087728
-0.111864
-0.136540
-0.163644
-0.181356
-0.188648
-0.185220
-0.157264
-0.097680
-0.018108
0.063336
0.125140
0.156528
0.170148
0.175196
0.164136
0.136152
0.100796
0.067268
0.044060
0.043328
0.067896
0.109164
0.144416
0.154968
0.131204
0.071000
-0.005572
-0.070240
-0.114308
-0.142960
-0.157104
-0.160904
-0.161548
-0.155524
-0.146368
-0.143624
-0.136372
-0.107404
-0.070716
-0.051060
-0.045392
-0.041224
-0.031568
-0.006088
0.038364
0.079528
0.088484
0.072852
0.061336
0.061564
0.064676
0.066104
0.059520
0.040176
0.019420
0.008872
0.008592
0.017804
0.037860
0.067496
0.100252
0.121016
0.118696
0.092748
0.050476
0.006844
-0.017388
-0.004840
0.041384
0.099372
0.149916
0.186880
0.211620
0.228992
0.238024
0.231388
0.206520
0.167940
0.117640
0.054880
-0.008324
-0.050100
-0.063164
-0.051776
-0.024132
0.012296
0.050852
0.085060
0.108268
0.115088
0.103784
0.078268
0.044644
0.012852
-0.006788
-0.009016
0.000720
0.006580
-0.001940
-0.024604
-0.053280
-0.078336
-0.093664
-0.099372
-0.094540
-0.077092
-0.051992
-0.022072
0.011924
0.047692
0.084752
0.126536
0.170540
0.205636
0.223924
0.222948
0.204832
0.177996
0.147524
0.110748
0.067440
0.026268
-0.006880
-0.030072
-0.040888
-0.039096
-0.031420
-0.018560
-0.002412
0.011364
0.015900
0.008928
-0.007332
-0.040688
-0.102112
-0.190852
-0.289080
-0.372504
-0.421512
-0.434168
-0.412340
-0.357420
-0.289996
-0.217232
-0.119724
0.005760
0.141692
0.263944
0.358124
0.430320
0.487152
0.521136
0.519236
0.482960
0.425100
0.363040
0.306436
0.251208
0.191216
0.127236
0.064692
0.008048
-0.043896
-0.093892
-0.144512
-0.194836
-0.235940
-0.259296
-0.252848
-0.207196
-0.125680
-0.025292
0.063668
0.113556
0.112652
0.071864
0.017700
-0.025928
-0.047508
-0.037644
0.003596
0.063236
0.117348
0.139176
0.110184
0.015660
-0.135872
-0.316116
-0.498748
-0.673584
-0.825632
-0.946860
-1.041268
-1.102540
-1.115212
-1.071408
-0.993680
-0.926116
-0.903816
-0.926116
-0.965280
-0.976460
-0.932608
-0.841552
-0.715476
-0.559988
-0.381228
-0.199172
-0.042924
0.073308
0.166464
0.278832
0.449008
0.676152
0.923092
1.156256
1.357776
1.516236
1.614528
1.636712
1.581660
1.448228
1.239544
0.991456
0.753520
0.548864
0.387836
0.278076
0.195952
0.117160
0.036764
-0.040656
-0.111644
-0.172136
-0.216736
-0.237812
-0.234580
-0.218176
-0.208384
-0.208384
-0.211388
-0.210692
-0.199372
-0.178264
-0.154888
-0.129064
-0.093424
-0.048992
-0.001612
0.044300
0.085428
0.119692
0.152168
0.189924
0.234496
0.303864
0.424804
0.608840
0.831560
1.041492
1.185816
1.242736
1.220884
1.148764
1.058352
0.959324
0.828980
0.638036
0.393500
0.140848
-0.075892
-0.239720
-0.360996
-0.430576
-0.432268
-0.368268
-0.251856
-0.134068
-0.089956
-0.159684
-0.335548
-0.571280
-0.798188
-0.952208
-0.995112
-0.927376
-0.793888
-0.647512
-0.548644
-0.564116
-0.705696
-0.899040
-1.024976
-0.982648
-0.758068
-0.454184
-0.211296
-0.084680
-0.027044
0.051572
0.226524
0.508240
0.791684
0.945788
0.929040
0.782600
0.579492
0.379244
0.218132
0.118616
0.070444
0.044112
0.015500
-0.043988
-0.142464
-0.249048
-0.334112
-0.394228
-0.452600
-0.519432
-0.591800
-0.657852
-0.669204
-0.594028
-0.451624
-0.309628
-0.243440
-0.254900
-0.276880
-0.269244
-0.272964
-0.348656
-0.524924
-0.793460
-1.095716
-1.341616
-1.475984
-1.464216
-1.295708
-0.990860
-0.572888
-0.072580
0.430604
0.805728
0.947364
0.847012
0.573252
0.228860
-0.089032
-0.312464
-0.421156
-0.401592
-0.227300
0.154168
0.773184
1.435920
1.733380
1.498928
0.950056
0.379976
0.011980
-0.098812
-0.020740
0.147816
0.314540
0.395932
0.366776
0.278972
0.223332
0.255884
0.347616
0.420752
0.404664
0.257508
0.012952
-0.260512
-0.518808
-0.735252
-0.891104
-0.979196
-0.986120
-0.917380
-0.814744
-0.712984
-0.621764
-0.524520
-0.378072
-0.167744
0.046288
0.160140
0.105364
-0.094384
-0.321872
-0.445780
-0.389836
-0.189416
0.035636
0.180256
0.229756
0.239676
0.255892
0.282332
0.307836
0.330604
0.365000
0.402900
0.431596
0.436024
0.400136
0.334600
0.256256
0.166188
0.074292
-0.001428
-0.061684
-0.103680
-0.116604
-0.105432
-0.081908
-0.058660
-0.047656
-0.051140
-0.057312
-0.064644
-0.071300
-0.068524
-0.054764
-0.034504
-0.013012
0.007004
0.023772
0.036228
0.044292
0.048676
0.059612
0.084756
0.120820
0.156988
0.185996
0.214556
0.246812
0.276452
0.297848
0.309836
0.314376
0.308444
0.288636
0.260400
0.225596
0.181008
0.133544
0.091924
0.057684
0.031392
0.016692
0.016384
0.023256
0.031240
0.041680
0.050888
0.056100
0.059016
0.062908
0.068528
0.073128
0.076952
0.080176
0.083840
0.089772
0.096520
0.100332
0.095640
0.083388
0.073420
0.073840
0.084576
0.103380
0.127976
0.155636
0.180016
0.197228
0.206812
0.210188
0.204956
0.188396
0.162200
0.131328
0.097992
0.064372
0.035328
0.013004
0.003048
0.005200
0.012032
0.016836
0.011396
-0.008548
-0.041376
-0.079836
-0.118740
-0.147348
-0.159292
-0.152972
-0.134740
-0.119160
-0.110360
-0.102880
-0.096436
-0.094028
-0.094856
-0.093652
-0.085744
-0.070196
-0.051504
-0.040920
-0.039896
-0.040460
-0.038500
-0.031848
-0.023004
-0.016700
-0.015676
-0.022448
-0.033512
-0.042536
-0.050900
-0.059656
-0.067156
-0.075844
-0.088020
-0.101392
-0.113104
-0.122480
-0.132144
-0.141432
-0.149744
-0.158200
-0.164052
-0.165624
-0.163740
-0.158504
-0.147108
-0.129564
-0.107724
-0.085608
-0.067800
-0.053212
-0.040424
-0.030508
-0.026828
-0.029296
-0.038240
-0.048016
-0.051616
-0.047456
-0.031308
-0.002872
0.028364
0.051956
0.063576
0.063220
0.053592
0.040708
0.032712
0.030620
0.031856
0.036744
0.045200
0.057500
0.068104
0.072012
0.070348
0.071116
0.080788
0.098644
0.116384
0.128300
0.135532
0.137080
0.130600
0.112308
0.080324
0.042456
0.009356
-0.012452
-0.023372
-0.025604
-0.020148
-0.012612
-0.008412
-0.009908
-0.017452
-0.028964
-0.042432
-0.054612
-0.062792
-0.063040
-0.051032
-0.024884
0.008716
0.047216
0.085156
0.114092
0.134420
0.145204
0.144988
0.135296
0.121648
0.108248
0.099376
0.100584
0.109888
0.125460
0.145500
0.166812
0.185036
0.192920
0.187748
0.173636
0.152900
0.128388
0.108716
0.100036
0.099264
0.100816
0.100500
0.094768
0.080272
0.056024
0.024020
-0.012660
-0.049064
-0.079712
-0.100120
-0.110052
-0.111024
-0.104940
-0.093328
-0.080972
-0.073304
-0.074740
-0.087932
-0.106488
-0.123708
-0.137976
-0.149452
-0.155068
-0.152276
-0.144636
-0.134236
-0.122736
-0.112800
-0.108128
-0.110096
-0.117152
-0.127056
-0.136632
-0.143300
-0.143436
-0.136632
-0.128408
-0.121160
-0.110780
-0.095964
-0.076772
-0.055080
-0.034604
-0.019700
-0.011372
-0.008264
-0.007532
-0.007032
-0.007444
-0.008164
-0.007428
-0.004268
0.001020
0.008236
0.015656
0.019744
0.022908
0.029052
0.035944
0.038964
0.035768
0.030008
0.023668
0.017072
0.011312
0.006332
0.002524
-0.000092
-0.001452
-0.000528
0.000440
0.001868
0.003848
0.006852
0.013772
0.022832
0.031924
0.038764
0.043260
0.046340
0.047540
0.046040
0.042576
0.036836
0.030128
0.021656
0.009504
-0.004032
-0.012904
-0.016160
-0.016672
-0.015880
-0.014076
-0.014676
-0.015648
-0.013256
-0.008776
-0.001828
0.007816
0.017652
0.025736
0.033412
0.039048
0.040528
0.038172
0.031356
0.020696
0.009460
0.002712
0.001876
0.008560
0.021932
0.040048
0.060100
0.078796
0.091624
0.097216
0.098304
0.097188
0.097100
0.100124
0.105428
0.111908
0.117188
0.117800
0.112508
0.102072
0.087792
0.069956
0.049932
0.031872
0.019804
0.016960
0.023416
0.036384
0.051488
0.063884
0.069496
0.067252
0.059376
0.049356
0.039952
0.033440
0.030524
0.028520
0.024360
0.014988
0.000616
-0.018168
-0.039936
-0.062596
-0.082584
-0.093880
-0.092324
-0.080168
-0.063156
-0.046980
-0.036428
-0.032092
-0.032408
-0.033724
-0.032428
-0.026952
-0.016976
-0.001668
0.013580
0.023396
0.030408
0.036040
0.039416
0.041088
0.042200
0.041980
0.038676
0.032692
0.026640
0.019492
0.011696
0.003868
-0.000824
-0.004092
-0.009472
-0.017996
-0.029064
-0.040684
-0.051768
-0.062924
-0.073120
-0.080692
-0.084372
-0.083544
-0.079448
-0.074040
-0.068364
-0.063860
-0.064640
-0.071424
-0.082996
-0.093380
-0.098776
-0.098144
-0.091996
-0.084680
-0.080460
-0.077744
-0.072272
-0.064188
-0.056868
-0.052420
-0.048812
-0.044376
-0.036696
-0.026876
-0.023320
-0.026680
-0.032312
-0.038224
-0.044448
-0.049076
-0.051752
-0.052260
-0.047280
-0.035796
-0.022948
-0.015032
-0.013680
-0.016656
-0.021444
-0.025344
-0.024956
-0.020316
-0.012212
-0.001280
0.009288
0.016480
0.020444
0.023780
0.026664
0.028820
0.029660
0.031184
0.034072
0.036328
0.035340
0.030700
0.022984
0.015312
0.011720
0.011408
0.012360
0.013260
0.011732
0.006460
-0.002864
-0.014736
-0.026844
-0.037064
-0.043200
-0.042432
-0.033888
-0.020720
-0.006340
0.007016
0.013624
0.010636
0.000500
-0.012996
-0.026588
-0.039816
-0.049304
-0.052688
-0.050572
-0.043276
-0.030940
-0.014344
0.004624
0.023244
0.040920
0.057328
0.069528
0.074680
0.072388
0.064064
0.053144
0.046284
0.045800
0.047968
0.048592
0.047240
0.045032
0.042840
0.038936
0.031072
0.020472
0.008732
-0.003016
-0.011928
-0.017088
-0.017420
-0.011772
-0.001664
0.007676
0.011504
0.008932
-0.000008
-0.014924
-0.032508
-0.046520
-0.052940
-0.049328
-0.037808
-0.025024
-0.015916
-0.010300
-0.008840
-0.009360
-0.004904
0.005220
0.011248
0.007444
-0.005392
-0.018616
-0.021128
-0.007756
0.017728
0.048240
0.075312
0.093572
0.102248
0.100216
0.088736
0.070644
0.049812
0.030672
0.018768
0.015428
0.018268
0.025896
0.036564
0.047920
0.056352
0.056300
0.050140
0.042384
0.035256
0.030660
0.029168
0.031772
0.038708
0.046056
0.050848
0.051108
0.044052
0.027548
0.008360
-0.008284
-0.022496
-0.035012
-0.042496
-0.043796
-0.039264
-0.027536
-0.010692
0.006280
0.019776
0.027580
0.028412
0.021620
0.010484
-0.001784
-0.012664
-0.022000
-0.029820
-0.035744
-0.038212
-0.039592
-0.040204
-0.038744
-0.035592
-0.028872
-0.016476
0.000264
0.020104
0.039792
0.056588
0.068804
0.075616
0.075028
0.069480
0.064772
0.060104
0.050332
0.033980
0.014668
-0.004328
-0.020052
-0.030680
-0.034408
-0.030576
-0.022820
-0.012688
-0.002592
0.004556
0.007100
0.006940
0.004232
0.000048
-0.004992
-0.009532
-0.015520
-0.024024
-0.033820
-0.044100
-0.052876
-0.055652
-0.049628
-0.035728
-0.019280
-0.004456
0.004880
0.006940
0.002952
-0.004644
-0.009732
-0.010868
-0.009856
-0.006844
-0.000892
0.006440
0.011856
0.012804
0.010428
0.006652
0.002896
0.001908
0.003764
0.008548
0.014936
0.019532
0.023496
0.028696
0.033576
0.037508
0.042732
0.049896
0.055216
0.056732
0.054128
0.049400
0.045180
0.044660
0.047660
0.053600
0.062016
0.071184
0.077400
0.076104
0.067832
0.053916
0.033760
0.009412
-0.013640
-0.032348
-0.047180
-0.056832
-0.062212
-0.066544
-0.071748
-0.075904
-0.076820
-0.073616
-0.067860
-0.059284
-0.050936
-0.047580
-0.049944
-0.056428
-0.062144
-0.061792
-0.054724
-0.044028
-0.033300
-0.024240
-0.017068
-0.011220
-0.007320
-0.005220
-0.004288
-0.001244
0.007460
0.023104
0.041484
0.057880
0.069584
0.073440
0.066768
0.048744
0.022580
-0.006100
-0.028924
-0.041124
-0.043664
-0.039312
-0.031128
-0.021708
-0.013596
-0.007904
-0.006476
-0.010112
-0.017072
-0.022600
-0.023472
-0.019736
-0.014288
-0.009484
-0.006004
-0.004428
-0.004508
-0.007120
-0.011836
-0.017176
-0.021800
-0.024420
-0.025080
-0.024728
-0.021404
-0.016564
-0.012736
-0.009560
-0.005972
-0.005360
-0.008552
-0.013008
-0.015204
-0.014840
-0.012964
-0.010916
-0.011460
-0.014528
-0.017792
-0.020748
-0.023700
-0.027240
-0.030276
-0.030448
-0.028416
-0.024804
-0.021648
-0.018832
-0.012272
0.000040
0.013664
0.024108
0.031520
0.036080
0.037680
0.037288
0.037652
0.038860
0.042832
0.048800
0.051888
0.050236
0.043932
0.034504
0.024912
0.016564
0.011456
0.011516
0.015044
0.021004
0.026072
0.028564
0.027448
0.022160
0.011332
-0.006024
-0.026260
-0.046644
-0.065184
-0.078456
-0.085380
-0.086972
-0.086304
-0.084916
-0.082916
-0.081216
-0.082008
-0.085500
-0.090608
-0.095944
-0.100716
-0.103972
-0.102880
-0.095100
-0.083592
-0.071604
-0.060720
-0.052784
-0.049916
-0.050632
-0.052364
-0.055372
-0.055768
-0.049920
-0.036116
-0.017632
0.000020
0.013592
0.022904
0.028860
0.031480
0.030704
0.027584
0.022332
0.016272
0.011136
0.009964
0.013768
0.021740
0.031456
0.041480
0.048412
0.050176
0.047980
0.041788
0.031632
0.019860
0.010356
0.002876
-0.005624
-0.012856
-0.014016
-0.008676
0.002620
0.017864
0.034180
0.049088
0.060132
0.065432
0.064940
0.058700
0.050700
0.045772
0.045392
0.049592
0.056732
0.065404
0.074428
0.079388
0.077700
0.071504
0.064156
0.059032
0.058500
0.061704
0.067376
0.073748
0.079548
0.083284
0.086024
0.087904
0.089668
0.090592
0.091024
0.090912
0.088120
0.082056
0.075440
0.071644
0.071188
0.070692
0.069636
0.068332
0.064716
0.055544
0.041004
0.025088
0.009856
-0.003340
-0.012736
-0.020500
-0.026540
-0.029316
-0.028188
-0.024168
-0.019636
-0.016256
-0.016688
-0.022168
-0.028384
-0.034856
-0.042040
-0.049436
-0.056944
-0.065384
-0.073596
-0.079240
-0.081616
-0.078516
-0.071796
-0.065092
-0.059776
-0.057220
-0.057956
-0.059092
-0.057988
-0.053204
-0.045436
-0.035400
-0.025352
-0.016188
-0.009532
-0.007804
-0.008352
-0.009992
-0.011188
-0.011480
-0.013444
-0.019612
-0.027032
-0.032100
-0.034324
-0.034548
-0.032572
-0.027532
-0.019684
-0.013024
-0.011520
-0.015448
-0.021688
-0.027716
-0.034304
-0.041412
-0.050444
-0.059008
-0.066932
-0.074360
-0.081040
-0.085788
-0.089344
-0.090588
-0.089788
-0.087160
-0.081972
-0.074296
-0.065524
-0.058224
-0.053452
-0.050836
-0.047776
-0.041908
-0.031968
-0.019288
-0.005240
0.007468
0.015868
0.017844
0.015468
0.012608
0.012092
0.016028
0.024088
0.033028
0.039540
0.041136
0.038068
0.031860
0.027580
0.025704
0.025560
0.026428
0.026812
0.026760
0.026008
0.024616
0.024924
0.027744
0.030308
0.032004
0.033312
0.033724
0.033156
0.034008
0.038608
0.046696
0.055268
0.062992
0.068236
0.066352
0.057896
0.046600
0.034716
0.025072
0.020488
0.021496
0.025456
0.028228
0.028036
0.023248
0.015272
0.006524
-0.000524
-0.004440
-0.004188
0.000112
0.005460
0.012456
0.020496
0.025972
0.029008
0.031188
0.033360
0.036312
0.039312
0.042224
0.045240
0.049396
0.052476
0.055416
0.060952
0.068992
0.075116
0.077408
0.075760
0.069308
0.060604
0.052852
0.046964
0.044220
0.043928
0.044660
0.044852
0.042140
0.034540
0.023156
0.010148
-0.002248
-0.010548
-0.013088
-0.010436
-0.003588
0.003972
0.009852
0.013512
0.013312
0.010436
0.006200
0.002240
0.000148
-0.000524
-0.000356
-0.001292
-0.001628
-0.000540
-0.000864
-0.003064
-0.007928
-0.013356
-0.019244
-0.023212
-0.026040
-0.028440
-0.029172
-0.028692
-0.027500
-0.027596
-0.029704
-0.032736
-0.035876
-0.037276
-0.036376
-0.035200
-0.036084
-0.040460
-0.046844
-0.053904
-0.061536
-0.067968
-0.072884
-0.076904
-0.078736
-0.078048
-0.074140
-0.069760
-0.068420
-0.067912
-0.066740
-0.064144
-0.061668
-0.058176
-0.052292
-0.045780
-0.040508
-0.035320
-0.029428
-0.025208
-0.021532
-0.018356
-0.016596
-0.015384
-0.015528
-0.016764
-0.018300
-0.019804
-0.021040
-0.023016
-0.025680
-0.029236
-0.032712
-0.036640
-0.038768
-0.037220
-0.033516
-0.029560
-0.022744
-0.013796
-0.007780
-0.006268
-0.007176
-0.009352
-0.011948
-0.013220
-0.011740
-0.005856
0.001584
0.008856
0.015348
0.018580
0.019656
0.021632
0.023876
0.024468
0.024956
0.027180
0.030336
0.033372
0.034356
0.033720
0.034472
0.036804
0.039432
0.042480
0.047088
0.051592
0.054440
0.056920
0.061732
0.070852
0.082632
0.092044
0.097108
0.096008
0.087428
0.073136
0.056784
0.041064
0.028824
0.022540
0.022592
0.024988
0.025848
0.022720
0.015204
0.004400
-0.006980
-0.014392
-0.016188
-0.012988
-0.006276
0.000528
0.006388
0.010004
0.007664
-0.000864
-0.012868
-0.024956
-0.034072
-0.038112
-0.036580
-0.029720
-0.021124
-0.014480
-0.010324
-0.008472
-0.008752
-0.010808
-0.013820
-0.016476
-0.017272
-0.016120
-0.015388
-0.016592
-0.019208
-0.021132
-0.021404
-0.021572
-0.022036
-0.023536
-0.024848
-0.025640
-0.026944
-0.028076
-0.029272
-0.029600
-0.028056
-0.025936
-0.023996
-0.022440
-0.021128
-0.018560
-0.015300
-0.013216
-0.013612
-0.013164
-0.010476
-0.007016
-0.003784
-0.001236
-0.000284
-0.000740
-0.001324
-0.004192
-0.010032
-0.016404
-0.021384
-0.025656
-0.029088
-0.029096
-0.025452
-0.020116
-0.014288
-0.007740
0.000012
0.010012
0.021376
0.030212
0.035740
0.037396
0.036460
0.034148
0.029524
0.023908
0.020172
0.018560
0.017944
0.017424
0.014616
0.010036
0.007152
0.005776
0.006540
0.010560
0.017640
0.025812
0.030876
0.031104
0.026940
0.021356
0.014544
0.007632
0.003168
0.003424
0.007512
0.011904
0.014820
0.016344
0.013300
0.006624
-0.000216
-0.005756
-0.009604
-0.011156
-0.011560
-0.011888
-0.011888
-0.012356
-0.014108
-0.016772
-0.018896
-0.018084
-0.017400
-0.015920
-0.013356
-0.004536
0.002836
0.001284
-0.000452
0.000104
0.003052
0.007212
0.011232
0.017188
0.024764
0.029612
0.030572
0.028788
0.026260
0.023860
0.020972
0.016368
0.010428
0.003592
-0.002120
-0.005520
-0.007000
-0.006972
-0.004616
-0.000944
0.001604
0.001752
-0.000444
-0.003916
-0.008152
-0.012660
-0.016604
-0.018892
-0.017652
-0.014028
-0.011396
-0.010844
-0.011236
-0.008948
-0.003200
0.004124
0.010968
0.016460
0.019036
0.019100
0.017516
0.014756
0.010588
0.005100
-0.000648
-0.006840
-0.012728
-0.018448
-0.024036
-0.027712
-0.027980
-0.024700
-0.017952
-0.009392
0.000080
0.008552
0.012676
0.013092
0.011076
0.007076
0.003040
0.000352
0.000028
0.001232
0.003556
0.006200
0.008020
0.009052
0.008540
0.005756
0.001996
-0.002440
-0.007304
-0.010292
-0.013136
-0.014880
-0.015576
-0.016192
-0.015832
-0.014688
-0.012324
-0.009116
-0.006188
-0.003404
-0.001088
0.001484
0.003876
0.005204
0.005784
0.005964
0.007556
0.010292
0.012576
0.013016
0.012304
0.011308
0.009840
0.007972
0.005236
0.002760
0.001708
0.003356
0.005496
0.005388
0.005604
0.004420
0.000332
-0.006444
-0.014460
-0.020996
-0.025412
-0.025892
-0.022732
-0.018460
-0.014232
-0.010488
-0.008492
-0.008484
-0.008976
-0.008252
-0.005224
-0.001560
0.002456
0.006408
0.011604
0.018568
0.025328
0.031860
0.037560
0.041800
0.042908
0.040464
0.036352
0.032128
0.027868
0.022724
0.016980
0.012952
0.011488
0.011908
0.012984
0.013760
0.012568
0.009500
0.005528
0.002668
0.000592
-0.001444
-0.002752
-0.003504
-0.004040
-0.005944
-0.008468
-0.010944
-0.012224
-0.012284
-0.012036
-0.010852
-0.009324
-0.007344
-0.005060
-0.003996
-0.005548
-0.007504
-0.008780
-0.010452
-0.012272
-0.014360
-0.017388
-0.021360
-0.025332
-0.029292
-0.032716
-0.034888
-0.035072
-0.032972
-0.029952
-0.025544
-0.020600
-0.017372
-0.017716
-0.020884
-0.023676
-0.025120
-0.024488
-0.020940
-0.014480
-0.007380
-0.001396
0.003836
0.008216
0.012444
0.015044
0.015464
0.013728
0.010660
0.007288
0.004152
0.000184
-0.004596
-0.009452
-0.013472
-0.016884
-0.018228
-0.017036
-0.013044
-0.007900
-0.002624
0.002404
0.007716
0.011960
0.014272
0.015500
0.015644
0.014596
0.011236
0.004440
-0.001548
-0.004148
-0.003536
0.000056
0.003404
0.005112
0.004412
0.002080
-0.001316
-0.003428
-0.002560
-0.000136
0.002344
0.003484
0.001856
-0.002760
-0.008380
-0.013172
-0.014900
-0.012884
-0.008640
-0.003292
0.003100
0.008972
0.013664
0.015904
0.016468
0.014564
0.011116
0.008168
0.006020
0.004612
0.004836
0.005716
0.005584
0.002944
-0.000684
-0.004724
-0.007908
-0.009072
-0.009600
-0.008344
-0.005668
-0.003416
-0.001900
-0.001524
-0.003888
-0.008020
-0.012052
-0.015868
-0.018740
-0.019240
-0.017908
-0.015780
-0.013392
-0.010236
-0.005488
0.000400
0.006456
0.010368
0.011264
0.011560
0.013240
0.015804
0.016940
0.017532
0.019468
0.021312
0.020996
0.018948
0.014796
0.010376
0.005176
0.001408
-0.000484
-0.001168
0.000888
0.004564
0.007284
0.008676
0.007636
0.004872
0.002376
0.000964
0.001028
0.003216
0.006920
0.009420
0.009532
0.007340
0.003408
-0.002084
-0.006372
-0.009092
-0.008992
-0.006140
-0.001636
0.004196
0.009208
0.012248
0.012772
0.011488
0.009812
0.009412
0.009880
0.010080
0.010128
0.010408
0.010756
0.010184
0.009080
0.007068
0.004504
0.001348
-0.002556
-0.005212
-0.007072
-0.008684
-0.011724
-0.014392
-0.014668
-0.014984
-0.015244
-0.015132
-0.015344
-0.015892
-0.015520
-0.014736
-0.012048
-0.007904
-0.001500
0.006248
0.014300
0.020664
0.023112
0.021844
0.016984
0.010512
0.004352
-0.000316
-0.002064
-0.001356
-0.000628
-0.001552
-0.003144
-0.005504
-0.009036
-0.012872
-0.017272
-0.022080
-0.027288
-0.033844
-0.040728
-0.046160
-0.049712
-0.051532
-0.051032
-0.047996
-0.042200
-0.034924
-0.027680
-0.021652
-0.016772
-0.013428
-0.011652
-0.010028
-0.008460
-0.006376
-0.003668
-0.000812
0.002576
0.005708
0.008068
0.008432
0.007832
0.006788
0.006828
0.008788
0.010848
0.012304
0.014552
0.017876
0.020072
0.018864
0.014604
0.008472
0.000500
-0.006404
-0.007948
-0.005640
-0.002668
-0.000684
-0.000480
-0.001128
-0.001588
-0.000460
0.002388
0.006848
0.010724
0.013344
0.016976
0.020272
0.021380
0.020744
0.019712
0.019468
0.018972
0.017788
0.018252
0.018692
0.019140
0.020620
0.021540
0.021396
0.020564
0.019280
0.018188
0.016604
0.015116
0.013604
0.011020
0.009784
0.009492
0.008028
0.005040
0.003012
0.003584
0.006220
0.010016
0.012364
0.012184
0.010276
0.007172
0.004620
0.000892
-0.004012
-0.007336
-0.008372
-0.008224
-0.008360
-0.009132
-0.010520
-0.010904
-0.009860
-0.008472
-0.006816
-0.005112
-0.004300
-0.004416
-0.005008
-0.005780
-0.005472
-0.003140
-0.000204
0.003036
0.006012
0.007644
0.006872
0.004636
0.004188
0.004724
0.006108
0.008368
0.010016
0.011368
0.011372
0.009472
0.007300
0.004456
0.001184
-0.002328
-0.004728
-0.004808
-0.003464
-0.001688
0.000196
0.001264
0.001220
-0.000068
-0.001912
-0.003900
-0.005412
-0.006184
-0.005908
-0.004100
-0.001104
0.001096
0.001768
0.001004
0.000496
-0.000068
0.000072
0.002040
0.003216
0.003392
0.002384
0.001464
0.001436
0.001752
0.002848
0.004504
0.006348
0.007592
0.008416
0.007644
0.004956
0.001464
-0.002444
-0.005828
-0.008492
-0.010304
-0.011468
-0.011520
-0.011236
-0.011272
-0.010516
-0.009556
-0.008940
-0.008340
-0.006968
-0.011364
-0.017076
-0.015784
-0.014268
-0.012600
-0.011512
-0.010304
-0.008764
-0.006128
-0.002468
0.000920
0.002920
0.004572
0.005432
0.005900
0.006832
0.008464
0.010392
0.011616
0.011816
0.011536
0.009040
0.005108
0.000008
-0.006940
-0.012488
-0.013540
-0.011980
-0.009128
-0.005336
-0.002164
-0.000740
-0.000628
-0.001948
-0.005244
-0.009544
-0.013300
-0.014780
-0.013972
-0.012996
-0.013348
-0.014232
-0.015284
-0.014932
-0.012632
-0.009480
-0.007036
-0.003808
0.000896
0.005752
0.009928
0.012788
0.014076
0.014784
0.016060
0.018228
0.020176
0.021668
0.022236
0.021112
0.018876
0.017412
0.015548
0.013724
0.011916
0.009632
0.006424
0.003456
-0.000140
-0.004816
-0.008488
-0.010016
-0.009672
-0.007796
-0.004780
-0.000908
0.002632
0.005704
0.008172
0.010876
0.013684
0.014812
0.014764
0.013388
0.011284
0.009164
0.008064
0.008064
0.008856
0.008680
0.007804
0.008080
0.009592
0.012760
0.016740
0.017928
0.017108
0.014216
0.009600
0.004972
0.000348
-0.003356
-0.006232
-0.008812
-0.010752
-0.011392
-0.011356
-0.010984
-0.009956
-0.007872
-0.004864
-0.002036
0.000244
0.001780
0.002468
0.002848
0.002380
0.002060
0.003952
0.007208
0.008940
0.008436
0.005828
0.003096
-0.000160
-0.003268
-0.005404
-0.005616
-0.004064
-0.002168
-0.001268
-0.001312
-0.001840
-0.003080
-0.004644
-0.004728
-0.003760
-0.003440
-0.003360
-0.003888
-0.004620
-0.005188
-0.005732
-0.007036
-0.008316
-0.008760
-0.007580
-0.004960
-0.001096
0.001452
0.001892
0.000548
-0.001516
-0.003760
-0.005152
-0.005472
-0.005932
-0.006104
-0.005484
-0.004732
-0.003512
-0.001800
-0.001248
-0.002056
-0.004088
-0.006448
-0.008016
-0.008376
-0.007288
-0.005016
-0.002108
0.000728
0.002572
0.002692
0.001684
0.000416
-0.002076
-0.005116
-0.007684
-0.009692
-0.009964
-0.009660
-0.008052
-0.005748
-0.004532
-0.004592
-0.004984
-0.005356
-0.006476
-0.008092
-0.009748
-0.012636
-0.015988
-0.018104
-0.018972
-0.018312
-0.015824
-0.011436
-0.005452
0.000144
0.003960
0.007160
0.010772
0.014176
0.016016
0.016296
0.015284
0.012468
0.008968
0.005872
0.002696
-0.000332
-0.002700
-0.003908
-0.003672
-0.004648
-0.005440
-0.005704
-0.007104
-0.008408
-0.007308
-0.004680
-0.002580
-0.001088
-0.000148
-0.000676
-0.002616
-0.004100
-0.003640
-0.000404
0.003416
0.007136
0.011624
0.016316
0.018696
0.018972
0.019024
0.017964
0.016192
0.014128
0.010756
0.008196
0.006228
0.005248
0.005528
0.005380
0.005116
0.004388
0.003284
0.003552
0.003920
0.003376
0.002340
0.002464
0.003636
0.005748
0.007848
0.009356
0.010204
0.009828
0.009432
0.008728
0.007708
0.006492
0.005864
0.005268
0.003452
0.000996
-0.001720
-0.003668
-0.004100
-0.004468
-0.004512
-0.003952
-0.002636
-0.001756
-0.001896
-0.002024
-0.002624
-0.003948
-0.007028
-0.010932
-0.015016
-0.017888
-0.019364
-0.019300
-0.018340
-0.016832
-0.015064
-0.012984
-0.011320
-0.009248
-0.007168
-0.005636
-0.005324
-0.005468
-0.005636
-0.005520
-0.004084
-0.001068
0.002968
0.006740
0.010900
0.013552
0.013240
0.010464
0.007060
0.004244
0.002772
0.003004
0.004536
0.006116
0.009312
0.012380
0.013020
0.011424
0.009576
0.008292
0.007056
0.006540
0.006508
0.006128
0.004180
0.001840
-0.000232
-0.002876
-0.006952
-0.011288
-0.012456
-0.009500
-0.004868
-0.001788
-0.000044
0.001452
0.002580
0.002456
0.000740
-0.001224
-0.003852
-0.007432
-0.009728
-0.011112
-0.012596
-0.015120
-0.018248
-0.020528
-0.023416
-0.024564
-0.022012
-0.016680
-0.010580
-0.004176
0.001160
0.004436
0.005988
0.005232
0.003508
0.001704
0.000088
-0.001324
-0.002792
-0.004048
-0.005508
-0.005912
-0.006560
-0.008420
-0.010656
-0.012652
-0.013748
-0.013868
-0.013608
-0.013000
-0.011420
-0.007688
-0.002624
0.000792
0.002112
0.001980
0.000792
-0.000908
-0.003076
-0.005372
-0.007292
-0.008200
-0.007808
-0.006556
-0.005072
-0.004104
-0.003556
-0.002900
-0.001620
-0.000768
-0.000224
-0.000376
-0.000192
-0.000516
-0.002020
-0.003760
-0.004964
-0.005104
-0.003664
-0.002244
-0.002712
-0.003128
-0.002736
-0.002292
-0.001992
-0.001688
-0.002020
-0.002164
-0.000464
0.002600
0.005192
0.006432
0.007972
0.010076
0.011940
0.012612
0.012760
0.013396
0.012948
0.011180
0.010172
0.009160
0.007744
0.006520
0.005152
0.004084
0.004032
0.005008
0.005644
0.006144
0.006264
0.005428
0.004440
0.002964
0.000884
-0.001832
-0.003100
-0.002504
-0.000824
0.000520
0.002192
0.004508
0.006740
0.008612
0.010112
0.009996
0.009060
0.008516
0.008048
0.007240
0.006692
0.004656
0.002592
0.001516
0.000784
0.000948
0.001736
0.002744
0.003012
0.002292
0.000656
-0.000460
-0.002296
-0.004132
-0.005300
-0.006500
-0.007832
-0.009940
-0.011732
-0.013376
-0.014196
-0.014460
-0.013832
-0.011700
-0.008472
-0.004396
-0.000096
0.002756
0.004348
0.005744
0.007704
0.008492
0.007708
0.007656
0.008748
0.011184
0.015640
0.020340
0.023936
0.024500
0.022768
0.020088
0.017020
0.013644
0.010692
0.008032
0.005968
0.003752
0.000700
-0.001508
-0.003492
-0.004896
-0.005396
-0.004640
-0.004844
-0.004712
-0.002924
-0.000652
0.000472
0.001372
0.002268
0.002604
0.002236
0.001128
-0.000916
-0.003112
-0.003660
-0.002312
0.000336
0.003696
0.006124
0.006544
0.005852
0.005884
0.006244
0.006032
0.005376
0.005372
0.005024
0.003300
0.000848
-0.002024
-0.005136
-0.007796
-0.009232
-0.008128
-0.004976
-0.000900
0.002656
0.005296
0.007688
0.010320
0.012128
0.012672
0.012584
0.012876
0.012880
0.012924
0.011276
0.006236
0.000556
-0.004344
-0.008264
-0.011528
-0.013188
-0.014212
-0.016484
-0.020168
-0.021588
-0.019768
-0.016236
-0.011104
-0.006068
-0.002324
0.000136
0.002252
0.003180
0.003488
0.003332
0.003052
0.003888
0.004184
0.004492
0.004396
0.002476
-0.001092
-0.004544
-0.007212
-0.008000
-0.007160
-0.006508
-0.007036
-0.007368
-0.006504
-0.004752
-0.003148
-0.002560
-0.003612
-0.005348
-0.008412
-0.011600
-0.013584
-0.014608
-0.014704
-0.013212
-0.010704
-0.007896
-0.005912
-0.005736
-0.007256
-0.007592
-0.006368
-0.005516
-0.005420
-0.004248
-0.002308
-0.000864
-0.000748
-0.000644
-0.001276
-0.003124
-0.004204
-0.004456
-0.004132
-0.002948
-0.002476
-0.001992
-0.000996
0.000756
0.002580
0.003716
0.003068
0.001308
-0.000360
-0.002100
-0.004240
-0.006088
-0.007732
-0.008292
-0.007700
-0.007248
-0.006164
-0.003848
-0.002400
-0.001752
-0.001288
-0.001052
0.000032
0.001312
0.003668
0.006648
0.009212
0.011060
0.012172
0.011696
0.009460
0.007988
0.007868
0.008196
0.009120
0.011328
0.014136
0.015880
0.015296
0.013252
0.010492
0.007656
0.006616
0.005956
0.004600
0.003384
0.003364
0.004640
0.006064
0.006632
0.006412
0.006012
0.007256
0.009256
0.010544
0.011864
0.013548
0.015600
0.017352
0.017960
0.016636
0.013516
0.009276
0.005860
0.003308
0.000572
0.000004
0.001336
0.003276
0.004676
0.005324
0.005520
0.005540
0.005940
0.005908
0.005424
0.005600
0.008148
0.010432
0.010336
0.010400
0.011580
0.011932
0.011140
0.009076
0.006096
0.002816
0.000892
0.001160
0.002316
0.001996
0.000328
-0.002240
-0.004832
-0.007164
-0.010128
-0.012516
-0.013692
-0.014368
-0.014112
-0.013048
-0.011256
-0.009228
-0.007968
-0.007940
-0.009684
-0.011624
-0.013192
-0.014156
-0.013444
-0.011136
-0.008100
-0.004176
-0.000696
0.001644
0.002812
0.002932
0.002200
-0.000216
-0.003368
-0.006060
-0.007136
-0.007192
-0.007116
-0.006520
-0.008028
-0.010060
-0.011292
-0.012060
-0.012576
-0.011592
-0.008964
-0.006196
-0.004376
-0.003532
-0.001516
0.000652
0.001912
0.002320
0.003156
0.004620
0.006140
0.008000
0.009496
0.009372
0.007408
0.004864
0.002184
-0.000468
-0.003384
-0.006220
-0.008908
-0.010700
-0.009592
-0.008620
-0.008812
-0.008456
-0.007412
-0.006632
-0.005640
-0.003972
-0.001640
0.001340
0.002792
0.003564
0.004756
0.003892
0.002264
0.000516
0.000056
0.000268
0.000584
0.001752
0.002864
0.002688
0.002600
0.001668
0.000620
-0.000068
-0.000400
-0.000768
-0.001492
-0.002692
-0.005132
-0.007016
-0.008120
-0.007300
-0.004520
-0.001252
0.003028
0.007960
0.011496
0.014836
0.016624
0.016040
0.013704
0.012228
0.013068
0.015132
0.017948
0.019032
0.018544
0.016300
0.011228
0.006176
0.002252
-0.000660
-0.002104
-0.002476
-0.003232
-0.004664
-0.005024
-0.005096
-0.004848
-0.003112
-0.001292
-0.000076
0.001368
0.002344
0.002784
0.003028
0.003052
0.002392
0.000664
-0.000200
0.000232
0.000188
-0.000940
-0.002200
-0.003044
-0.004136
-0.005392
-0.005880
-0.006624
-0.007868
-0.009528
-0.011124
-0.012152
-0.012460
-0.012260
-0.011248
-0.009780
-0.009040
-0.009400
-0.010832
-0.012116
-0.012484
-0.011928
-0.010920
-0.009036
-0.005940
-0.002052
0.001292
0.003640
0.005772
0.006504
0.006552
0.006028
0.005596
0.006164
0.007820
0.009316
0.010248
0.011340
0.011280
0.010808
0.010156
0.008536
0.006548
0.006084
0.004668
0.003448
0.003172
0.002312
0.001228
0.000244
-0.000512
-0.001288
-0.003804
-0.006600
-0.008692
-0.010220
-0.010556
-0.009504
-0.006648
-0.002816
0.000860
0.005228
0.009112
0.010800
0.011436
0.010280
0.008344
0.006380
0.003692
0.000960
-0.000052
0.000676
0.003044
0.006100
0.008264
0.009832
0.009940
0.009896
0.009176
0.007956
0.006968
0.005924
0.005620
0.006740
0.006984
0.006236
0.006176
0.006188
0.006264
0.005988
0.005928
0.006512
0.006464
0.005476
0.003996
0.002220
0.000556
-0.001528
-0.003112
-0.003696
-0.004076
-0.003836
-0.004392
-0.005456
-0.007048
-0.006928
-0.004092
-0.001340
0.000748
0.001888
0.002144
0.002704
0.003776
0.004240
0.003636
0.003164
0.002504
0.001068
-0.000496
-0.001396
-0.001664
-0.001512
-0.001836
-0.001856
-0.001716
-0.000740
0.000572
0.000676
-0.000592
-0.001428
-0.001164
0.000036
0.000716
0.000868
-0.000560
-0.003092
-0.004676
-0.004948
-0.004300
-0.003408
-0.001888
0.000592
0.001728
0.002268
0.002140
0.002436
0.000672
-0.002168
-0.003632
-0.004464
-0.003732
-0.002844
-0.003480
-0.004164
-0.004676
-0.005132
-0.005228
-0.004436
-0.002972
-0.002260
-0.002268
-0.003760
-0.005356
-0.005728
-0.006604
-0.007252
-0.007160
-0.006800
-0.005268
-0.004228
-0.004008
-0.003856
-0.003608
-0.002880
-0.002136
-0.001660
-0.001888
-0.002720
-0.003288
-0.004176
-0.005616
-0.005948
-0.005068
-0.004028
-0.002628
-0.001372
-0.001172
-0.001000
-0.001408
-0.000876
0.001272
0.004340
0.006616
0.008300
0.010272
0.011208
0.010752
0.009932
0.009708
0.008604
0.006916
0.006744
0.006300
0.005804
0.005528
0.005716
0.006624
0.007496
0.008460
0.009668
0.010288
0.010732
0.010368
0.009780
0.009060
0.007900
0.006408
0.005684
0.005464
0.003956
0.002276
0.001336
0.000460
0.000164
0.001264
0.002648
0.003596
0.004240
0.005196
0.005924
0.006200
0.006180
0.005780
0.005600
0.005396
0.004140
0.002292
0.000616
-0.000668
-0.002228
-0.002124
-0.001516
-0.001628
-0.002292
-0.001960
-0.001916
-0.003336
-0.005116
-0.006896
-0.008016
-0.007968
-0.007000
-0.006672
-0.006948
-0.006872
-0.006436
-0.006144
-0.005564
-0.003868
-0.001848
-0.000200
0.000144
-0.000536
-0.000572
-0.000860
-0.001532
-0.002296
-0.002144
-0.001276
-0.000284
0.000084
0.000688
0.001068
0.000956
0.001600
0.003136
0.004192
0.003988
0.003892
0.005076
0.005784
0.006392
0.006492
0.005704
0.004132
0.002012
0.000512
-0.000120
-0.000668
-0.002096
-0.003644
-0.004540
-0.005488
-0.006908
-0.008040
-0.008780
-0.008440
-0.006832
-0.004168
-0.001448
0.000548
0.001588
0.002248
0.001328
-0.000220
-0.001264
-0.001368
-0.003168
-0.006656
-0.008068
-0.008408
-0.007744
-0.006624
-0.005696
-0.004340
-0.002484
-0.001672
-0.001968
-0.002372
-0.002972
-0.002756
-0.002820
-0.002996
-0.003244
-0.003516
-0.004980
-0.006748
-0.007860
-0.007704
-0.006484
-0.005408
-0.004560
-0.003976
-0.003568
-0.003632
-0.004216
-0.004664
-0.005132
-0.005008
-0.005332
-0.006372
-0.007304
-0.008556
-0.009608
-0.010112
-0.010104
-0.009836
-0.008636
-0.007336
-0.006720
-0.005948
-0.007168
-0.009836
-0.012340
-0.014820
-0.015764
-0.015644
-0.014744
-0.013388
-0.011656
-0.009804
-0.008032
-0.005956
-0.005876
-0.007772
-0.008132
-0.006592
-0.004856
-0.003068
-0.001712
-0.000212
0.001316
0.001948
0.002528
0.003396
0.004544
0.005584
0.006572
0.006764
0.006708
0.006980
0.007976
0.008280
0.008372
0.009040
0.009568
0.009676
0.008572
0.006648
0.004900
0.004300
0.003960
0.002968
0.001336
0.000072
-0.000776
-0.001192
-0.000948
-0.000904
-0.000692
-0.000356
0.000392
0.001764
0.002772
0.004828
0.007296
0.008860
0.009836
0.010800
0.011796
0.013072
0.013128
0.012220
0.011264
0.009908
0.008404
0.006568
0.004788
0.002524
-0.000204
-0.002368
-0.003176
-0.003616
-0.003412
-0.003168
-0.003468
-0.003524
-0.005264
-0.007264
-0.007352
-0.006672
-0.006780
-0.006988
-0.005592
-0.003388
-0.001916
-0.001492
-0.000724
0.000020
0.000932
0.001916
0.002968
0.004440
0.006128
0.006844
0.006180
0.005112
0.003816
0.002352
0.001800
0.002100
0.002448
0.003096
0.004016
0.004064
0.003644
0.002632
0.001880
0.001816
0.002336
0.003016
0.004280
0.005476
0.005908
0.005636
0.005068
0.004568
0.004168
0.004040
0.003772
0.003480
0.004032
0.004276
0.003224
0.001576
-0.000000
-0.001340
-0.002488
-0.003632
-0.004392
-0.004524
-0.004140
-0.003136
-0.002072
-0.001736
-0.001852
-0.002388
-0.003096
-0.003644
-0.003396
-0.002720
-0.003232
-0.003860
-0.004300
-0.004492
-0.004412
-0.004552
-0.004984
-0.005732
-0.006332
-0.006856
-0.007000
-0.006944
-0.006292
-0.005972
-0.006520
-0.006536
-0.006496
-0.007152
-0.007612
-0.007684
-0.007548
-0.006372
-0.005400
-0.004832
-0.004944
-0.004276
-0.002336
-0.000488
0.001128
0.002008
0.002292
0.001572
0.000496
0.000360
0.000836
0.001408
0.001736
0.001448
0.001240
0.001124
0.000824
0.000588
-0.000272
-0.000872
-0.001292
-0.001880
-0.002200
-0.002220
-0.001848
-0.001472
-0.000808
-0.000240
0.000092
0.000044
0.000264
0.000780
0.001188
0.001464
0.002008
0.002316
0.002796
0.003328
0.003420
0.003288
0.003184
0.003200
0.003364
0.003364
0.003396
0.003128
0.002676
0.002324
0.001984
0.001740
0.001744
0.001928
0.001916
0.001880
0.001928
0.001884
0.001776
0.001592
0.001296
0.000904
0.000560
0.000276
0.000364
0.000940
0.001320
0.001208
0.000920
0.000612
0.000280
-0.000160
-0.000392
-0.000352
-0.000228
0.000216
0.000580
0.000788
0.000860
0.000920
0.001072
0.001260
0.001408
0.001344
0.001156
0.000784
0.000484
0.000452
0.000292
0.000188
0.000108
0.000020
-0.000056
-0.000204
-0.000360
-0.000304
-0.000220
-0.000284
-0.000272
-0.000140
0.000008
0.000148
0.000272
0.000432
0.000460
0.000396
0.000292
0.000196
0.000080
0.000052
0.000004
-0.000000
0.000132
0.000248
0.000196
0.000092
0.000072
0.000040
0.000060
0.000184
0.000160
0.000100
0.000080
0.000084
0.000168
0.000252
0.000284
0.000280
0.000228
0.000172
0.000176
0.000224
0.000312
0.000384
0.000416
0.000408
0.000408
0.000440
0.000456
0.000488
0.000540
0.000588
0.000612
0.000616
0.000632
0.000628
0.000596
0.000572
0.000564
0.000560
0.000540
0.000516
0.000508
0.000500
0.000488
0.000488
0.000476
0.000480
0.000472
0.000468
0.000452
0.000420
0.000404
0.000392
0.000360
0.000332
0.000312
0.000296
0.000276
0.000256
0.000252
0.000248
0.000240
0.000236
0.000228
0.000220
0.000212
0.000204
0.000196
0.000192
0.000188
0.000188
0.000184
0.000180
0.000180
0.000180
0.000184
0.000184
0.000188
0.000188
0.000188
0.000188
0.000188
0.000188
0.000192
0.000192
0.000192
0.000192
0.000192
0.000196
0.000196
0.000196
0.000196
0.000196
0.000196
0.000196
0.000196
0.000196
0.000196
0.000192
0.000192
0.000192
0.000192
0.000188
0.000188
0.000188
0.000184
0.000184
0.000180
0.000180
0.000176
