0.000788
0.000784
0.000780
0.000772
0.000764
0.000752
0.000740
0.000724
0.000716
0.000724
0.000740
0.000760
0.000788
0.000820
0.000816
0.000772
0.000708
0.000628
0.000560
0.000560
0.000616
0.000668
0.000708
0.000764
0.000848
0.000956
0.001068
0.001144
0.001156
0.001076
0.000876
0.000512
0.000088
-0.000244
-0.000364
-0.000332
-0.000192
0.000120
0.000616
0.000916
0.000880
0.000744
0.000568
0.000196
-0.000124
-0.000164
-0.000104
-0.000224
-0.000636
-0.001156
-0.001616
-0.002016
-0.002368
-0.002540
-0.002596
-0.002688
-0.002828
-0.002968
-0.003072
-0.003160
-0.003200
-0.002968
-0.002444
-0.001852
-0.001312
-0.000844
-0.000604
-0.000548
-0.000108
0.000956
0.002376
0.003280
0.003260
0.002952
0.002756
0.002404
0.002324
0.002896
0.002968
0.002132
0.001548
0.001672
0.002076
0.002732
0.003572
0.003900
0.003712
0.003472
0.002980
0.001800
-0.000320
-0.002652
-0.004180
-0.005152
-0.006328
-0.007844
-0.008860
-0.008136
-0.006296
-0.004544
-0.002540
-0.000072
0.001760
0.001952
0.000300
-0.002580
-0.006064
-0.010388
-0.015008
-0.018536
-0.020040
-0.019540
-0.016912
-0.013156
-0.009884
-0.008396
-0.008696
-0.009272
-0.009576
-0.010720
-0.012900
-0.015288
-0.017440
-0.019872
-0.023508
-0.026836
-0.027432
-0.025520
-0.021996
-0.014980
-0.005820
0.001504
0.005300
0.006324
0.005028
0.003156
0.002996
0.004020
0.003964
0.000304
-0.006012
-0.011932
-0.015788
-0.017712
-0.018304
-0.017920
-0.016180
-0.014312
-0.013792
-0.012956
-0.010264
-0.006652
-0.003412
-0.000700
0.002048
0.004720
0.005844
0.005496
0.004932
0.003676
0.001628
0.002124
0.005936
0.010228
0.013356
0.015892
0.018872
0.022436
0.025976
0.028292
0.028224
0.025740
0.020540
0.009344
-0.004372
-0.014020
-0.022820
-0.034764
-0.043720
-0.046172
-0.044116
-0.036792
-0.022940
-0.006376
0.008272
0.019100
0.026428
0.028972
0.021232
0.003796
-0.016932
-0.035416
-0.049324
-0.057460
-0.060116
-0.057044
-0.046232
-0.024040
0.005904
0.034248
0.051016
0.054680
0.047196
0.034700
0.022904
0.011968
0.000984
-0.008060
-0.010112
-0.001784
0.014684
0.031972
0.042592
0.049728
0.059844
0.068248
0.068484
0.059428
0.045004
0.026840
0.003644
-0.022444
-0.041956
-0.050764
-0.050504
-0.046500
-0.042220
-0.035984
-0.028580
-0.025676
-0.027068
-0.027148
-0.020660
-0.010228
-0.005492
-0.004676
0.001592
0.013712
0.024632
0.027304
0.024340
0.022188
0.020968
0.017052
0.008176
-0.004432
-0.019012
-0.032368
-0.042360
-0.050988
-0.058840
-0.061568
-0.059968
-0.057648
-0.052256
-0.041332
-0.025732
-0.010356
0.000272
0.006420
0.009684
0.007620
-0.000964
-0.014316
-0.023704
-0.023536
-0.019596
-0.016328
-0.009692
0.001296
0.011824
0.015916
0.014288
0.012628
0.013376
0.014928
0.015536
0.013704
0.005816
-0.003532
-0.005476
0.000056
0.007960
0.016472
0.023440
0.024016
0.017112
0.005916
-0.005060
-0.013312
-0.017916
-0.019736
-0.018884
-0.012616
-0.001572
0.010040
0.020132
0.029620
0.039756
0.050528
0.060724
0.066284
0.061816
0.048204
0.030432
0.010756
-0.011048
-0.034664
-0.052332
-0.057284
-0.051928
-0.042368
-0.030160
-0.020636
-0.019484
-0.022248
-0.024364
-0.029948
-0.038728
-0.044296
-0.042400
-0.034488
-0.023732
-0.012852
-0.002928
0.007028
0.016364
0.020128
0.016420
0.006808
-0.002644
-0.008096
-0.014128
-0.022164
-0.025512
-0.021992
-0.014884
-0.005936
0.002556
0.005468
0.006816
0.014968
0.028412
0.039572
0.041752
0.038336
0.036456
0.037668
0.038044
0.031380
0.021036
0.017092
0.019548
0.021780
0.021136
0.021348
0.028304
0.037116
0.039732
0.039824
0.041900
0.040784
0.036212
0.033076
0.028464
0.020008
0.014716
0.012708
0.006448
-0.001164
-0.003332
-0.001388
-0.000056
-0.000696
-0.001748
-0.002508
-0.005232
-0.010564
-0.016160
-0.019248
-0.018920
-0.017624
-0.015960
-0.009096
-0.000228
0.003316
0.006300
0.014724
0.023988
0.029728
0.033136
0.035148
0.035516
0.035040
0.033752
0.029340
0.020908
0.010996
0.006132
0.008260
0.014072
0.018092
0.017476
0.015284
0.013256
0.006788
-0.001644
-0.004980
-0.007900
-0.014916
-0.016736
-0.008860
0.004020
0.017928
0.031644
0.043068
0.048156
0.040624
0.024260
0.006400
-0.014228
-0.039328
-0.065844
-0.088428
-0.101956
-0.100748
-0.089416
-0.082908
-0.081000
-0.070324
-0.048440
-0.024048
-0.005956
0.002292
-0.001112
-0.009252
-0.014868
-0.020224
-0.024796
-0.019736
-0.009920
-0.005928
-0.002964
0.004264
0.009484
0.012552
0.019456
0.026180
0.027304
0.024884
0.020752
0.012800
0.003924
-0.002480
-0.009680
-0.018856
-0.025772
-0.027968
-0.027564
-0.029736
-0.033716
-0.031340
-0.019708
-0.002416
0.014832
0.030528
0.048296
0.066344
0.078024
0.081076
0.077276
0.064748
0.045560
0.025504
0.012180
0.007644
0.005104
-0.000544
-0.007780
-0.012212
-0.009924
0.004580
0.027120
0.045496
0.054616
0.055544
0.046824
0.031332
0.018324
0.010004
0.002276
-0.005612
-0.012784
-0.021460
-0.029760
-0.032000
-0.029740
-0.027564
-0.024672
-0.019680
-0.014048
-0.010580
-0.010364
-0.011220
-0.012964
-0.019688
-0.027616
-0.028396
-0.019716
-0.008192
-0.004240
-0.004396
0.002296
0.015604
0.030084
0.047364
0.066984
0.083980
0.098144
0.110508
0.115596
0.111372
0.100328
0.087768
0.077192
0.067496
0.056892
0.045208
0.033416
0.023100
0.018036
0.018304
0.019640
0.020620
0.023712
0.029020
0.035252
0.043488
0.051360
0.053192
0.050712
0.047900
0.041780
0.032016
0.024520
0.022124
0.022868
0.023324
0.021480
0.016172
0.009372
0.003692
-0.000968
-0.004300
-0.001508
0.010180
0.028112
0.038148
0.027788
-0.008296
-0.055552
-0.092696
-0.111580
-0.115836
-0.112068
-0.103444
-0.086960
-0.064384
-0.044444
-0.038856
-0.046528
-0.054140
-0.051760
-0.039100
-0.026792
-0.022148
-0.024180
-0.029356
-0.038056
-0.050792
-0.065888
-0.080640
-0.088868
-0.080724
-0.057848
-0.029076
0.000508
0.026240
0.039904
0.044408
0.047920
0.051652
0.051172
0.038092
0.009736
-0.031544
-0.076656
-0.113100
-0.125212
-0.118944
-0.108688
-0.092520
-0.062772
-0.018040
0.030476
0.068492
0.089884
0.099264
0.109868
0.127644
0.145452
0.149756
0.130460
0.086196
0.032880
0.000072
-0.000252
0.027552
0.065768
0.097192
0.111732
0.109212
0.090604
0.065836
0.045896
0.031904
0.019860
0.007880
-0.003948
-0.014528
-0.019332
-0.021312
-0.032232
-0.053304
-0.075532
-0.090348
-0.094888
-0.086764
-0.075288
-0.072844
-0.076828
-0.077624
-0.068564
-0.056252
-0.052672
-0.060140
-0.073024
-0.087020
-0.099696
-0.109192
-0.117336
-0.123856
-0.118384
-0.098140
-0.068880
-0.034716
0.004888
0.047984
0.087748
0.112524
0.118936
0.108020
0.083216
0.056392
0.050288
0.064216
0.079508
0.087540
0.092772
0.103472
0.118960
0.130512
0.128628
0.111240
0.086980
0.065624
0.050852
0.041260
0.034972
0.029324
0.023340
0.019952
0.016924
0.008384
-0.004292
-0.016796
-0.030328
-0.048336
-0.072708
-0.098484
-0.115132
-0.106684
-0.073648
-0.026308
0.021264
0.060072
0.091252
0.118012
0.137428
0.150056
0.158272
0.157112
0.144988
0.126824
0.107592
0.088252
0.071696
0.061248
0.058584
0.063044
0.075052
0.089072
0.098896
0.105884
0.109044
0.098820
0.080136
0.068060
0.071756
0.085812
0.097132
0.095520
0.078664
0.059360
0.048668
0.046088
0.047924
0.055048
0.065544
0.072788
0.067388
0.052340
0.038520
0.029248
0.020472
0.006952
-0.009768
-0.022844
-0.028400
-0.028344
-0.029732
-0.035908
-0.042992
-0.045308
-0.038360
-0.019472
0.008060
0.035672
0.057472
0.070712
0.073716
0.068208
0.061212
0.058900
0.064036
0.073548
0.083304
0.091860
0.096392
0.088548
0.069412
0.046556
0.024996
0.006644
-0.005780
-0.014868
-0.024480
-0.031396
-0.032000
-0.026984
-0.020496
-0.016940
-0.022548
-0.037456
-0.049316
-0.051632
-0.048312
-0.044120
-0.042320
-0.050496
-0.071940
-0.105488
-0.137272
-0.152344
-0.152184
-0.144972
-0.128808
-0.104544
-0.078156
-0.054156
-0.036760
-0.034644
-0.045872
-0.061220
-0.073600
-0.079004
-0.072932
-0.056024
-0.031364
-0.005896
0.014640
0.032944
0.049452
0.054836
0.047948
0.036520
0.028240
0.025400
0.025348
0.021124
0.005428
-0.019824
-0.048492
-0.077332
-0.099580
-0.101824
-0.081556
-0.048120
-0.014768
0.010696
0.025188
0.030976
0.032896
0.039104
0.051700
0.063948
0.066676
0.056804
0.046692
0.045832
0.049556
0.050868
0.047244
0.034648
0.013876
-0.003452
-0.016272
-0.035784
-0.060208
-0.076544
-0.073628
-0.052848
-0.018756
0.016628
0.037972
0.032024
0.003908
-0.029024
-0.051776
-0.058748
-0.057276
-0.057632
-0.067084
-0.080460
-0.087504
-0.084784
-0.075360
-0.061176
-0.046016
-0.033572
-0.018008
0.006320
0.032624
0.051452
0.057252
0.053980
0.049116
0.050108
0.057340
0.063580
0.059180
0.036876
-0.001008
-0.044416
-0.082332
-0.111004
-0.129404
-0.135504
-0.128256
-0.106856
-0.077068
-0.046240
-0.019768
-0.001348
0.005200
0.001872
-0.007788
-0.022060
-0.041744
-0.068804
-0.098576
-0.118660
-0.128452
-0.133412
-0.127460
-0.105776
-0.073480
-0.042400
-0.021692
-0.011688
-0.007856
-0.006396
-0.008336
-0.019816
-0.039828
-0.060196
-0.071076
-0.068556
-0.049180
-0.016028
0.023728
0.060320
0.085332
0.089824
0.081524
0.075520
0.078124
0.087740
0.101276
0.112364
0.111212
0.094012
0.065984
0.040192
0.025384
0.025300
0.035724
0.048152
0.050044
0.037836
0.015096
-0.012344
-0.041228
-0.068880
-0.093400
-0.113996
-0.129036
-0.136004
-0.138700
-0.142716
-0.147984
-0.148052
-0.132812
-0.099756
-0.055376
-0.010780
0.024444
0.041980
0.046068
0.042772
0.025504
-0.004948
-0.034300
-0.051312
-0.054344
-0.049580
-0.046284
-0.054008
-0.069220
-0.081892
-0.090072
-0.095480
-0.094312
-0.088240
-0.086352
-0.094340
-0.112460
-0.139452
-0.170756
-0.199428
-0.217720
-0.219328
-0.203612
-0.177304
-0.146576
-0.117872
-0.095708
-0.076200
-0.053076
-0.021248
0.019028
0.064880
0.106472
0.133196
0.135840
0.124104
0.115288
0.111092
0.106576
0.107728
0.118384
0.133976
0.149180
0.159264
0.154484
0.132892
0.099976
0.063780
0.030124
0.005336
-0.009112
-0.018720
-0.026620
-0.031156
-0.035908
-0.046332
-0.062060
-0.078940
-0.092568
-0.097852
-0.086808
-0.045988
0.017376
0.077644
0.112352
0.111884
0.083124
0.043632
0.008504
-0.019352
-0.040972
-0.052776
-0.051280
-0.034816
-0.009832
0.014396
0.029408
0.030940
0.019092
0.002304
-0.009052
-0.015732
-0.024156
-0.038412
-0.055296
-0.067660
-0.072424
-0.069896
-0.059172
-0.043392
-0.031028
-0.028752
-0.038312
-0.051932
-0.061904
-0.068936
-0.075672
-0.080072
-0.075404
-0.057176
-0.024200
0.018924
0.067336
0.107760
0.126468
0.121780
0.097940
0.046716
-0.017072
-0.065780
-0.091400
-0.103784
-0.110592
-0.113740
-0.109436
-0.088052
-0.050480
-0.012544
0.012856
0.021724
0.018028
0.007664
-0.005516
-0.018376
-0.027936
-0.032624
-0.032256
-0.028148
-0.020296
-0.003040
0.022256
0.049900
0.078484
0.107904
0.134712
0.154932
0.164832
0.164364
0.155164
0.134052
0.104920
0.078360
0.066408
0.070972
0.077156
0.075164
0.069392
0.066412
0.066388
0.064352
0.057544
0.046732
0.037792
0.037096
0.044748
0.058796
0.083752
0.115212
0.141832
0.159500
0.169348
0.168244
0.155132
0.130688
0.103128
0.082484
0.073140
0.072844
0.079676
0.088016
0.089880
0.079556
0.058776
0.031792
0.001004
-0.032844
-0.064700
-0.090920
-0.114684
-0.136032
-0.149292
-0.154804
-0.156924
-0.154668
-0.149512
-0.146740
-0.146884
-0.146760
-0.145096
-0.142844
-0.140364
-0.133376
-0.117852
-0.098164
-0.081940
-0.075300
-0.079216
-0.093980
-0.118780
-0.147712
-0.170396
-0.182724
-0.185264
-0.179656
-0.168712
-0.156416
-0.143148
-0.122628
-0.089892
-0.045644
0.003432
0.049588
0.087636
0.123076
0.161476
0.194180
0.213124
0.217428
0.212716
0.202332
0.187668
0.171648
0.158588
0.153080
0.159964
0.176828
0.194140
0.198724
0.185684
0.152904
0.102392
0.042088
-0.010700
-0.047436
-0.071128
-0.085428
-0.087092
-0.069132
-0.037088
-0.007560
0.006428
-0.000128
-0.021692
-0.047352
-0.068152
-0.082164
-0.091084
-0.097584
-0.101664
-0.096848
-0.076984
-0.034568
0.019604
0.065876
0.090720
0.095316
0.080188
0.042892
-0.021376
-0.108664
-0.198120
-0.255572
-0.274240
-0.264716
-0.240568
-0.207832
-0.156332
-0.083440
0.003300
0.079080
0.123268
0.134680
0.133184
0.135976
0.132856
0.104792
0.050956
-0.010548
-0.058540
-0.076976
-0.058056
-0.021084
0.011024
0.035852
0.063020
0.096556
0.124192
0.130180
0.100732
0.053184
0.021924
0.021616
0.043392
0.067372
0.076564
0.055956
0.009820
-0.050472
-0.120588
-0.190428
-0.234336
-0.246824
-0.237072
-0.213896
-0.177376
-0.110056
-0.026700
0.032836
0.049872
0.034996
0.006692
-0.016484
-0.018252
0.005656
0.048988
0.097244
0.137712
0.164740
0.190300
0.226828
0.266984
0.292660
0.279976
0.240784
0.204084
0.185568
0.176744
0.150412
0.099284
0.038804
0.000056
0.001092
0.037780
0.085164
0.119684
0.137864
0.148032
0.160728
0.182896
0.219668
0.254728
0.262828
0.233828
0.175496
0.089444
-0.003356
-0.071172
-0.101076
-0.102536
-0.089900
-0.071620
-0.049660
-0.035812
-0.039772
-0.050548
-0.056180
-0.057244
-0.061292
-0.070328
-0.076712
-0.076260
-0.073524
-0.072512
-0.074672
-0.083548
-0.100788
-0.124784
-0.146892
-0.157680
-0.160116
-0.163600
-0.175704
-0.191364
-0.197036
-0.183860
-0.148900
-0.086068
0.010116
0.147924
0.276132
0.328156
0.295612
0.224452
0.153696
0.093484
0.037040
-0.031692
-0.112224
-0.182188
-0.229764
-0.254852
-0.252904
-0.223564
-0.173996
-0.119800
-0.073388
-0.036792
-0.006428
0.021664
0.046828
0.061192
0.059444
0.045360
0.035100
0.042992
0.080664
0.140296
0.203100
0.244024
0.255276
0.249768
0.243472
0.241520
0.241072
0.238600
0.227600
0.196892
0.131824
0.055920
0.014784
0.051424
0.153704
0.278980
0.367072
0.376324
0.325760
0.237596
0.074288
-0.089768
-0.123852
-0.061004
-0.014972
-0.043932
-0.113136
-0.168876
-0.184752
-0.172200
-0.168116
-0.203704
-0.301404
-0.440936
-0.582192
-0.692984
-0.766580
-0.801252
-0.810068
-0.802848
-0.764508
-0.696316
-0.624452
-0.567660
-0.519324
-0.449332
-0.343136
-0.214328
-0.085524
0.025760
0.099792
0.124164
0.099916
0.036604
-0.064020
-0.151256
-0.156608
-0.049244
0.108788
0.204164
0.209868
0.163576
0.101776
0.036980
-0.034528
-0.113564
-0.191176
-0.254220
-0.296148
-0.315968
-0.324388
-0.332740
-0.339212
-0.339388
-0.334656
-0.329072
-0.320180
-0.301008
-0.261048
-0.185136
-0.085400
-0.000812
0.049564
0.071348
0.085148
0.104152
0.126132
0.140824
0.142112
0.136788
0.134960
0.139204
0.141112
0.128304
0.104036
0.082764
0.082160
0.100296
0.123720
0.143456
0.159336
0.173672
0.188172
0.202396
0.210468
0.206248
0.195748
0.189720
0.196360
0.209984
0.220688
0.227096
0.231352
0.228428
0.213604
0.179372
0.114736
0.022940
-0.062864
-0.117308
-0.131008
-0.112316
-0.072568
-0.023396
0.019756
0.035288
0.021836
-0.009092
-0.042196
-0.067388
-0.081944
-0.092784
-0.106764
-0.119824
-0.124036
-0.113012
-0.097216
-0.095840
-0.108452
-0.119212
-0.111052
-0.078024
-0.014128
0.067352
0.141000
0.179564
0.184184
0.177000
0.168392
0.149052
0.108612
0.053408
0.001968
-0.024432
-0.008096
0.037936
0.082700
0.097404
0.084888
0.064008
0.045964
0.031072
0.016456
0.001964
-0.010776
-0.023180
-0.039804
-0.065496
-0.096792
-0.120884
-0.131196
-0.130340
-0.131316
-0.141064
-0.150664
-0.149516
-0.129072
-0.080092
-0.006880
0.062124
0.096776
0.071344
-0.000176
-0.081276
-0.136116
-0.151904
-0.123756
-0.071876
-0.023248
0.008684
0.023724
0.022012
0.009132
-0.008596
-0.030200
-0.050360
-0.053088
-0.029996
0.023748
0.114088
0.219664
0.267076
0.237340
0.172584
0.121592
0.101396
0.094256
0.084192
0.074488
0.070508
0.071432
0.082412
0.101248
0.112028
0.105160
0.082436
0.053604
0.032700
0.037684
0.062884
0.084596
0.081188
0.048540
0.002880
-0.037056
-0.060220
-0.068444
-0.066544
-0.059088
-0.048856
-0.035676
-0.021360
-0.010436
-0.005936
-0.006376
-0.006828
-0.005740
0.000704
0.031720
0.098408
0.189812
0.267472
0.284736
0.247260
0.186016
0.109292
0.031396
-0.010572
-0.012540
0.002740
0.016504
0.021012
0.011380
-0.001736
-0.002900
0.008516
0.021244
0.020832
0.008652
-0.003480
-0.003520
0.011472
0.037280
0.066584
0.095420
0.122620
0.145436
0.157132
0.154724
0.136392
0.110680
0.091408
0.090408
0.105796
0.126024
0.135360
0.123216
0.098288
0.074884
0.058992
0.041136
0.010524
-0.020200
-0.025000
0.025396
0.117552
0.211140
0.265660
0.262584
0.212348
0.137964
0.046972
-0.042192
-0.104644
-0.140444
-0.162672
-0.170616
-0.163204
-0.143128
-0.111856
-0.077652
-0.057408
-0.049792
-0.037616
-0.013428
0.017076
0.042420
0.055672
0.051456
0.034468
0.013872
-0.002872
-0.005772
0.026068
0.084512
0.139908
0.161904
0.149168
0.122932
0.106368
0.111940
0.138560
0.177196
0.216088
0.242460
0.238608
0.192660
0.107488
-0.002372
-0.103796
-0.153948
-0.155756
-0.135756
-0.103544
-0.061912
-0.018240
0.012952
0.019700
0.006872
-0.007084
-0.000516
0.029088
0.068756
0.089984
0.077152
0.038916
0.001060
-0.014472
-0.010444
-0.003300
-0.011700
-0.034340
-0.054720
-0.058840
-0.044728
-0.021848
-0.002516
0.002664
-0.008692
-0.033956
-0.062984
-0.085528
-0.095808
-0.096472
-0.090820
-0.079760
-0.063480
-0.039944
-0.009436
0.023640
0.041556
0.024288
-0.043672
-0.142488
-0.233800
-0.295824
-0.327960
-0.344020
-0.354120
-0.352156
-0.342140
-0.336532
-0.336852
-0.324652
-0.257044
-0.147040
-0.050176
-0.011200
-0.028596
-0.062900
-0.081320
-0.076008
-0.059248
-0.041584
-0.024780
-0.012508
-0.015232
-0.019164
0.001712
0.058336
0.131628
0.186584
0.213164
0.223128
0.235988
0.259404
0.284956
0.302980
0.309468
0.306348
0.295488
0.273380
0.243236
0.213040
0.183728
0.152648
0.121724
0.095976
0.081472
0.076560
0.075604
0.074276
0.073108
0.079160
0.094072
0.117288
0.154564
0.205228
0.254932
0.288924
0.296356
0.277940
0.237736
0.168500
0.078240
-0.012752
-0.089732
-0.144848
-0.168232
-0.162924
-0.134396
-0.088776
-0.027976
0.050556
0.137152
0.206700
0.244620
0.246876
0.218976
0.175884
0.133720
0.106128
0.102228
0.111312
0.107244
0.054608
-0.057732
-0.225844
-0.384148
-0.467820
-0.495132
-0.516072
-0.543952
-0.557964
-0.537032
-0.477496
-0.396360
-0.310456
-0.237416
-0.193228
-0.177740
-0.181280
-0.203808
-0.236968
-0.263484
-0.267508
-0.241800
-0.183504
-0.105220
-0.023504
0.044608
0.091088
0.128380
0.167580
0.200276
0.212276
0.197820
0.170732
0.150712
0.150800
0.156948
0.142792
0.097528
0.034476
-0.017460
-0.040972
-0.031236
-0.006044
0.011332
0.006472
-0.014684
-0.036352
-0.043252
-0.030400
-0.012096
-0.003928
-0.013132
-0.025344
-0.022492
-0.004900
0.014248
0.022564
0.021340
0.020752
0.033436
0.063556
0.105184
0.146336
0.176120
0.192812
0.199184
0.197256
0.191848
0.189816
0.190744
0.191184
0.191628
0.197128
0.216088
0.241336
0.255696
0.249088
0.224364
0.187452
0.144620
0.098832
0.050904
0.005168
-0.028996
-0.049728
-0.060912
-0.068152
-0.073436
-0.070404
-0.056116
-0.030740
-0.001396
0.023628
0.039124
0.043144
0.027628
-0.003304
-0.041472
-0.087928
-0.143416
-0.201372
-0.251128
-0.281076
-0.286296
-0.271300
-0.245540
-0.220240
-0.202704
-0.187092
-0.166148
-0.143332
-0.126608
-0.122236
-0.124516
-0.124380
-0.120596
-0.120424
-0.138340
-0.170884
-0.201412
-0.214172
-0.201564
-0.154160
-0.088072
-0.034084
-0.011440
-0.014764
-0.015372
-0.004248
-0.003088
-0.031192
-0.082556
-0.123528
-0.131256
-0.100576
-0.055972
-0.026216
-0.022660
-0.033704
-0.034120
-0.014044
0.023352
0.070756
0.121384
0.167728
0.200860
0.207204
0.183440
0.139252
0.090548
0.051840
0.034460
0.033948
0.038440
0.038840
0.032716
0.021028
0.006508
-0.005480
-0.003720
0.018792
0.064420
0.110216
0.125472
0.115312
0.104740
0.111896
0.132896
0.154300
0.160244
0.145328
0.119840
0.095196
0.071240
0.040408
-0.001088
-0.047040
-0.085604
-0.100568
-0.090820
-0.064180
-0.032044
-0.006464
-0.000584
-0.007436
-0.009460
-0.000384
0.017256
0.044148
0.076916
0.108188
0.135200
0.157536
0.171948
0.169668
0.130088
0.051832
-0.044612
-0.121128
-0.161764
-0.177248
-0.187796
-0.202692
-0.217824
-0.229340
-0.236756
-0.239444
-0.233880
-0.223876
-0.216708
-0.217564
-0.223284
-0.225988
-0.216460
-0.192560
-0.164776
-0.145524
-0.141112
-0.137552
-0.114644
-0.064568
-0.000720
0.052524
0.085936
0.103436
0.114876
0.126956
0.139980
0.150656
0.155844
0.156020
0.154736
0.156796
0.163460
0.171844
0.173228
0.159268
0.127360
0.085192
0.042920
0.007744
-0.016664
-0.031368
-0.040668
-0.047040
-0.048172
-0.041140
-0.033188
-0.033884
-0.046940
-0.064536
-0.073908
-0.066124
-0.040152
-0.000828
0.040744
0.070928
0.080756
0.067448
0.036180
-0.003296
-0.046032
-0.087852
-0.120876
-0.135244
-0.125612
-0.082056
-0.014468
0.057412
0.118828
0.161432
0.175912
0.167728
0.148760
0.129828
0.117504
0.111228
0.106840
0.097832
0.073056
0.027252
-0.021284
-0.053248
-0.059632
-0.053800
-0.055644
-0.079672
-0.128292
-0.201884
-0.272868
-0.300852
-0.281412
-0.232896
-0.158084
-0.068024
0.019712
0.110988
0.212064
0.297652
0.347920
0.358996
0.347896
0.330276
0.304088
0.268640
0.232240
0.200744
0.173120
0.145536
0.119092
0.104688
0.100920
0.098248
0.097780
0.105072
0.119476
0.134480
0.143556
0.143888
0.135808
0.121144
0.102000
0.077424
0.049440
0.023504
0.006208
-0.002400
-0.007028
-0.010776
-0.012236
-0.007280
0.002312
0.006708
0.001696
-0.009004
-0.016284
-0.012956
0.004696
0.034176
0.072636
0.111420
0.137848
0.139160
0.115748
0.072180
0.024480
-0.008916
-0.019056
-0.016372
-0.026264
-0.057528
-0.103676
-0.152304
-0.195488
-0.230092
-0.256344
-0.272548
-0.282332
-0.287484
-0.276388
-0.245692
-0.202024
-0.159260
-0.129172
-0.116284
-0.116652
-0.127104
-0.140108
-0.148188
-0.153680
-0.161084
-0.170692
-0.177644
-0.177464
-0.173512
-0.166964
-0.143860
-0.098552
-0.036492
0.022440
0.061772
0.080048
0.088496
0.096988
0.113344
0.140612
0.170520
0.193372
0.203240
0.205656
0.208628
0.213992
0.220396
0.228644
0.240880
0.257332
0.269808
0.272196
0.267956
0.262696
0.256764
0.247660
0.235044
0.221284
0.209416
0.201588
0.197608
0.192916
0.175648
0.143104
0.103424
0.069148
0.049580
0.046524
0.053008
0.058008
0.054924
0.043104
0.031008
0.028420
0.043476
0.068028
0.084552
0.081976
0.061520
0.033628
0.008228
-0.010964
-0.026636
-0.043784
-0.069372
-0.106300
-0.155752
-0.207676
-0.247764
-0.270116
-0.277424
-0.270024
-0.253960
-0.238280
-0.229896
-0.228736
-0.225224
-0.212400
-0.189780
-0.169556
-0.161912
-0.162884
-0.162464
-0.154108
-0.135672
-0.106952
-0.070848
-0.034220
-0.006176
0.008644
0.011140
0.013896
0.025048
0.036280
0.036604
0.021964
0.003376
-0.005792
0.001400
0.018288
0.034384
0.043708
0.046060
0.045280
0.042180
0.031420
0.017500
0.010844
0.014172
0.021824
0.028524
0.040184
0.066256
0.099344
0.124600
0.132188
0.126444
0.115988
0.109576
0.113028
0.129172
0.152092
0.172032
0.184836
0.190392
0.188088
0.180644
0.173412
0.167880
0.162844
0.159008
0.155604
0.146660
0.134024
0.124444
0.116696
0.106372
0.093712
0.082376
0.075888
0.075860
0.077580
0.066036
0.040288
0.014348
-0.002096
-0.009644
-0.014232
-0.019972
-0.026832
-0.031688
-0.031904
-0.027644
-0.021524
-0.016020
-0.011428
-0.006788
-0.001420
0.001676
-0.007148
-0.026092
-0.043896
-0.053416
-0.056688
-0.062600
-0.074156
-0.087016
-0.097596
-0.107400
-0.122436
-0.141040
-0.149884
-0.141784
-0.118740
-0.090184
-0.063756
-0.039568
-0.015928
0.005448
0.019344
0.025656
0.032484
0.042808
0.051248
0.055948
0.057760
0.052480
0.040340
0.029068
0.028896
0.046008
0.078224
0.113060
0.131828
0.132500
0.122604
0.106676
0.085524
0.057580
0.030360
0.015440
0.008784
-0.000688
-0.017228
-0.035468
-0.048232
-0.056536
-0.064056
-0.068244
-0.066052
-0.056456
-0.043736
-0.033708
-0.030256
-0.031656
-0.032048
-0.025680
-0.008652
0.018616
0.049640
0.073264
0.084580
0.083916
0.077812
0.072596
0.068804
0.064488
0.058248
0.049296
0.038368
0.029716
0.030120
0.050412
0.084156
0.115452
0.134792
0.141616
0.133228
0.114540
0.094228
0.078884
0.070716
0.068628
0.067336
0.060528
0.046764
0.029424
0.015252
0.003436
-0.013716
-0.034960
-0.052784
-0.064312
-0.071084
-0.072244
-0.067224
-0.058304
-0.052516
-0.055264
-0.069228
-0.089488
-0.109308
-0.125648
-0.137776
-0.144216
-0.146064
-0.144996
-0.139424
-0.129316
-0.119968
-0.114248
-0.109220
-0.101064
-0.090048
-0.083312
-0.082304
-0.079540
-0.070732
-0.058548
-0.048912
-0.045316
-0.048924
-0.054372
-0.054072
-0.045992
-0.032168
-0.013828
0.001088
0.000140
-0.010904
-0.017712
-0.013460
-0.002620
0.008704
0.018284
0.026908
0.036332
0.043488
0.037744
0.019336
-0.002492
-0.018112
-0.026260
-0.033436
-0.041128
-0.044592
-0.043708
-0.043796
-0.050624
-0.058048
-0.053092
-0.041952
-0.038020
-0.041056
-0.043688
-0.042908
-0.040772
-0.040212
-0.043340
-0.049996
-0.059472
-0.068488
-0.072392
-0.067220
-0.056328
-0.051016
-0.051940
-0.049052
-0.034700
-0.011688
0.008880
0.021952
0.029728
0.034044
0.036812
0.046144
0.063576
0.081736
0.096652
0.106232
0.099448
0.074880
0.045040
0.021688
0.009336
0.007880
0.014704
0.027356
0.041076
0.049476
0.047452
0.035128
0.018472
0.003808
-0.006436
-0.017016
-0.031728
-0.046480
-0.057616
-0.066496
-0.074272
-0.079152
-0.077880
-0.070752
-0.059924
-0.048496
-0.038128
-0.028124
-0.017532
-0.006296
0.006220
0.020272
0.029684
0.029536
0.023024
0.016312
0.012472
0.013024
0.016472
0.013232
0.000740
-0.012916
-0.019780
-0.018728
-0.015780
-0.017160
-0.026784
-0.040492
-0.051076
-0.054548
-0.051912
-0.046500
-0.042320
-0.042144
-0.043808
-0.042948
-0.034972
-0.020940
-0.004216
0.013868
0.033096
0.050888
0.065192
0.075216
0.080600
0.080672
0.076240
0.071500
0.073180
0.078728
0.080272
0.077452
0.074608
0.073828
0.073988
0.073576
0.072484
0.070092
0.062400
0.047788
0.027096
0.005964
-0.008940
-0.013708
-0.011052
-0.006236
-0.003636
-0.004840
-0.006876
-0.007212
-0.006604
-0.009112
-0.017604
-0.025308
-0.027328
-0.031408
-0.039664
-0.043884
-0.042380
-0.040264
-0.040296
-0.042400
-0.046664
-0.050400
-0.050076
-0.045316
-0.039556
-0.038096
-0.041488
-0.047672
-0.055812
-0.064792
-0.071248
-0.076464
-0.083308
-0.084636
-0.074768
-0.060432
-0.051180
-0.049972
-0.046376
-0.032084
-0.014756
-0.003628
0.000200
0.000856
0.001200
0.001960
0.001272
-0.006524
-0.021020
-0.037640
-0.053464
-0.065388
-0.064752
-0.049840
-0.024996
-0.001516
0.012100
0.016600
0.016808
0.014244
0.011496
0.012716
0.020408
0.030248
0.032444
0.025008
0.013104
0.004196
0.001748
0.006500
0.013824
0.018432
0.018892
0.018524
0.024508
0.032856
0.031524
0.020044
0.006536
-0.004096
-0.012784
-0.022564
-0.035672
-0.051440
-0.065092
-0.073104
-0.073472
-0.069028
-0.063044
-0.055192
-0.044296
-0.030152
-0.021232
-0.027028
-0.037256
-0.038236
-0.029916
-0.019440
-0.009904
-0.000608
0.007928
0.011476
0.008152
-0.001564
-0.013512
-0.023772
-0.032836
-0.041600
-0.048012
-0.050812
-0.050740
-0.050028
-0.048676
-0.041728
-0.032464
-0.028604
-0.025628
-0.018524
-0.016168
-0.022180
-0.029656
-0.032448
-0.030692
-0.028708
-0.028768
-0.030100
-0.032580
-0.037064
-0.042540
-0.047592
-0.051672
-0.052640
-0.048552
-0.044132
-0.043608
-0.045088
-0.045536
-0.044136
-0.040444
-0.034684
-0.028688
-0.024652
-0.023388
-0.019748
-0.010732
-0.004148
-0.003316
-0.002456
-0.002780
-0.010420
-0.023000
-0.034600
-0.043640
-0.050872
-0.054956
-0.051280
-0.041392
-0.036384
-0.039968
-0.046408
-0.047116
-0.040668
-0.035416
-0.035540
-0.038236
-0.043188
-0.050948
-0.055400
-0.053028
-0.047304
-0.048432
-0.062956
-0.083052
-0.097900
-0.101416
-0.092984
-0.072952
-0.048752
-0.027644
-0.009296
0.006192
0.013508
0.009924
-0.000888
-0.012120
-0.018728
-0.018668
-0.016044
-0.016228
-0.020988
-0.029764
-0.042848
-0.053708
-0.053804
-0.043840
-0.030140
-0.016008
-0.004384
0.001152
0.001860
0.001480
0.002056
0.001920
-0.001456
-0.005352
-0.006108
-0.004836
-0.004088
-0.005072
-0.009948
-0.019420
-0.028076
-0.030916
-0.025724
-0.015772
-0.005644
0.001340
0.005376
0.009180
0.011580
0.008652
0.001992
-0.003388
-0.004196
-0.002364
-0.001528
-0.002300
-0.002636
0.000684
0.008092
0.018540
0.029724
0.038816
0.042184
0.039024
0.029232
0.015348
-0.000772
-0.021844
-0.045916
-0.061636
-0.067280
-0.069204
-0.068888
-0.063740
-0.050824
-0.035576
-0.027884
-0.029800
-0.036296
-0.041652
-0.042652
-0.037660
-0.031756
-0.030652
-0.032584
-0.033520
-0.031792
-0.024944
-0.009640
0.011572
0.033448
0.053488
0.071544
0.086144
0.093452
0.092492
0.086692
0.080528
0.075992
0.073584
0.072432
0.068712
0.058748
0.039320
0.016748
0.000448
-0.006816
-0.008124
-0.004504
0.002824
0.012184
0.022356
0.031712
0.037888
0.040536
0.039868
0.034288
0.023920
0.012224
0.001800
-0.007520
-0.015396
-0.020588
-0.022144
-0.021576
-0.021220
-0.021632
-0.022032
-0.021860
-0.022112
-0.025616
-0.031668
-0.036460
-0.035508
-0.028932
-0.021500
-0.014864
-0.006992
-0.000904
0.001244
0.006444
0.015592
0.019956
0.018248
0.016052
0.016224
0.017504
0.018536
0.022032
0.030124
0.036332
0.034660
0.024328
0.012584
0.006536
0.004052
0.000944
-0.001540
-0.002016
-0.001720
-0.001708
-0.002000
-0.002140
-0.002040
-0.001848
-0.001740
-0.001704
-0.001676
-0.001616
-0.001052
0.002812
0.012448
0.024724
0.035596
0.044500
0.050620
0.051700
0.050080
0.048772
0.045444
0.035716
0.016888
-0.002588
-0.014260
-0.021356
-0.029144
-0.035736
-0.035132
-0.025160
-0.011820
-0.000900
0.007940
0.017320
0.028100
0.039428
0.048140
0.046516
0.034708
0.018548
0.004784
-0.004396
-0.012504
-0.020168
-0.023108
-0.021980
-0.020996
-0.021388
-0.020008
-0.012196
-0.003296
-0.001184
-0.003780
-0.005280
-0.003796
0.001384
0.010364
0.016644
0.015608
0.009180
0.002380
-0.001808
-0.003012
-0.002360
-0.001924
-0.002428
-0.002440
0.001968
0.012360
0.024640
0.033172
0.034008
0.031032
0.029988
0.031328
0.030980
0.023300
0.013404
0.010536
0.013236
0.015096
0.014116
0.012408
0.011448
0.009308
0.005052
0.002604
0.005580
0.015304
0.027776
0.036716
0.035964
0.028856
0.025520
0.027652
0.030100
0.029988
0.026928
0.018424
0.009300
0.006316
0.003660
-0.005552
-0.018676
-0.030556
-0.039764
-0.046452
-0.051892
-0.059908
-0.071068
-0.081696
-0.087172
-0.084580
-0.072264
-0.054244
-0.037852
-0.028884
-0.029212
-0.034460
-0.038660
-0.038044
-0.035004
-0.034020
-0.037252
-0.043308
-0.048912
-0.051788
-0.051196
-0.049492
-0.047688
-0.041112
-0.028180
-0.011816
0.002884
0.012740
0.018436
0.020244
0.013388
-0.001028
-0.015844
-0.022344
-0.019320
-0.012504
-0.008388
-0.007936
-0.001296
0.015388
0.030652
0.037580
0.039692
0.040980
0.042040
0.042520
0.042592
0.042376
0.042076
0.040680
0.034168
0.024212
0.019828
0.020160
0.018020
0.014012
0.012944
0.017112
0.022396
0.023072
0.018508
0.011908
0.006416
0.003388
0.003332
0.004276
0.004844
0.007368
0.012684
0.018384
0.021540
0.020780
0.016504
0.010728
0.005448
0.000852
-0.004320
-0.012432
-0.022032
-0.025800
-0.023620
-0.021480
-0.021828
-0.023088
-0.023476
-0.024096
-0.027328
-0.030912
-0.030784
-0.025892
-0.018016
-0.008332
0.000532
0.006092
0.010172
0.013572
0.011892
0.007064
0.005432
0.007080
0.008516
0.008396
0.009012
0.013132
0.019556
0.024776
0.025892
0.023172
0.017980
0.012260
0.007344
0.002728
-0.002280
-0.007728
-0.013216
-0.017960
-0.020088
-0.018060
-0.009480
0.001360
0.007088
0.004848
-0.001376
-0.003548
0.001612
0.012508
0.022404
0.027800
0.033928
0.044160
0.055484
0.061992
0.061588
0.058904
0.057308
0.054212
0.048488
0.043040
0.043204
0.047628
0.045972
0.034428
0.017728
0.005460
0.002596
0.007848
0.015136
0.019448
0.020040
0.019952
0.026184
0.039732
0.055916
0.067652
0.071440
0.070216
0.067924
0.063980
0.056708
0.046096
0.034328
0.023320
0.013340
0.006092
0.005208
0.011828
0.022152
0.029252
0.031028
0.029764
0.028724
0.029812
0.033944
0.038792
0.039308
0.033156
0.021764
0.009676
-0.001348
-0.013952
-0.024676
-0.027084
-0.024368
-0.023096
-0.024392
-0.025808
-0.025408
-0.021900
-0.017164
-0.017964
-0.023488
-0.025796
-0.021812
-0.014604
-0.008420
-0.007128
-0.015136
-0.026588
-0.033520
-0.038848
-0.046684
-0.053620
-0.054912
-0.049548
-0.041960
-0.036232
-0.031944
-0.027188
-0.021344
-0.015176
-0.009372
-0.004176
-0.001436
-0.004688
-0.011676
-0.015904
-0.010248
0.001128
0.005384
0.000124
-0.006936
-0.006588
0.001268
0.009716
0.016436
0.023612
0.028500
0.030020
0.035908
0.047916
0.059712
0.064756
0.062960
0.060000
0.057336
0.049256
0.032712
0.010500
-0.011956
-0.029392
-0.036924
-0.040732
-0.048196
-0.052520
-0.047348
-0.035328
-0.024324
-0.019312
-0.019060
-0.019128
-0.015140
-0.010508
-0.012232
-0.017200
-0.018776
-0.017084
-0.016672
-0.020952
-0.027812
-0.033096
-0.034212
-0.034472
-0.041000
-0.049884
-0.051772
-0.045880
-0.037224
-0.027356
-0.015260
-0.000624
0.013396
0.022912
0.025056
0.023112
0.022456
0.023780
0.025036
0.024928
0.023040
0.018260
0.011932
0.006800
0.005168
0.006080
0.006992
0.008364
0.012316
0.018224
0.022484
0.019240
0.008132
-0.006900
-0.018120
-0.022244
-0.024100
-0.024680
-0.018840
-0.011180
-0.009516
-0.011956
-0.013276
-0.011584
-0.005816
0.004076
0.012864
0.017656
0.021308
0.027968
0.037804
0.044092
0.043648
0.041024
0.040372
0.041376
0.042068
0.040396
0.032524
0.021252
0.013288
0.007332
-0.001488
-0.013104
-0.023676
-0.030108
-0.035728
-0.043956
-0.049648
-0.049480
-0.046740
-0.042284
-0.034328
-0.027984
-0.027436
-0.029216
-0.029380
-0.027064
-0.020584
-0.010904
-0.005900
-0.006112
-0.003988
0.002600
0.009400
0.011768
0.010416
0.009188
0.009600
0.010588
0.010944
0.010668
0.010128
0.008276
0.004536
0.003984
0.008668
0.012384
0.013272
0.015516
0.018768
0.018628
0.010904
-0.001668
-0.012628
-0.017504
-0.015308
-0.006852
0.004440
0.014324
0.019616
0.018980
0.014316
0.009612
0.008956
0.010980
0.011992
0.011216
0.010828
0.014248
0.020680
0.026400
0.028688
0.027216
0.022616
0.016776
0.011868
0.009412
0.009544
0.010220
0.009972
0.009440
0.010968
0.015376
0.018788
0.017972
0.012804
0.007748
0.007096
0.009008
0.009912
0.009040
0.006652
0.002716
0.001672
0.006080
0.010228
0.012388
0.018388
0.025824
0.027868
0.025720
0.024216
0.024784
0.025792
0.025924
0.025308
0.025448
0.029104
0.035296
0.041392
0.048528
0.056808
0.060380
0.058560
0.056412
0.056392
0.056656
0.053264
0.045420
0.034312
0.022600
0.012028
0.002060
-0.007444
-0.014044
-0.016840
-0.016424
-0.013096
-0.007896
-0.002660
0.000688
0.001008
0.000076
0.000008
0.000752
0.001316
0.001968
0.006420
0.014824
0.017076
0.010172
0.001892
-0.001312
0.000364
0.002344
0.002116
0.000996
0.002132
0.006644
0.010408
0.010508
0.009004
0.008460
0.008652
0.006644
0.001956
-0.000892
-0.000312
0.000968
0.001040
0.000300
-0.000156
-0.000060
0.000212
0.000300
0.000256
0.000168
0.001744
0.009296
0.018296
0.021364
0.024024
0.031616
0.036904
0.036172
0.033836
0.033240
0.035272
0.042460
0.051420
0.053480
0.048024
0.040488
0.034788
0.031616
0.030648
0.027192
0.018044
0.010640
0.009420
0.008328
0.006152
0.007852
0.011432
0.012292
0.010904
0.009868
0.010056
0.010572
0.010664
0.010504
0.012616
0.020396
0.028404
0.028540
0.019276
0.008064
0.004656
0.004412
-0.001868
-0.009432
-0.011264
-0.009092
-0.006204
-0.002268
0.002824
0.008748
0.017440
0.028524
0.038800
0.043972
0.043260
0.040988
0.038448
0.030940
0.018892
0.006900
-0.003356
-0.013088
-0.023000
-0.030164
-0.031432
-0.029636
-0.028992
-0.029716
-0.028868
-0.024084
-0.017232
-0.011856
-0.010408
-0.008944
-0.001756
0.004312
0.001040
-0.007500
-0.013156
-0.012712
-0.010012
-0.009288
-0.010460
-0.011500
-0.011228
-0.008832
-0.003760
0.002352
0.007000
0.007992
0.008176
0.011320
0.012952
0.008576
0.001184
-0.004948
-0.008640
-0.008300
-0.003876
-0.000816
-0.002688
-0.008436
-0.012980
-0.012956
-0.010904
-0.010140
-0.010900
-0.011688
-0.011688
-0.011324
-0.009704
-0.002468
0.006732
0.009392
0.006656
0.004664
0.005184
0.004040
-0.003620
-0.011996
-0.014204
-0.014776
-0.019092
-0.025668
-0.029900
-0.028792
-0.021008
-0.010808
-0.007852
-0.014372
-0.025164
-0.031036
-0.029200
-0.025744
-0.025264
-0.026100
-0.022032
-0.012372
-0.006484
-0.008792
-0.015676
-0.021996
-0.026052
-0.029672
-0.034344
-0.039344
-0.040816
-0.036108
-0.028620
-0.023388
-0.022956
-0.024716
-0.024176
-0.017468
-0.006800
-0.001904
-0.004072
-0.006688
-0.006360
-0.003992
0.000328
0.005956
0.011020
0.013596
0.013324
0.012352
0.012356
0.012968
0.013272
0.013036
0.012652
0.012428
0.012744
0.016044
0.025140
0.037320
0.046204
0.044376
0.035252
0.027700
0.023812
0.020512
0.015480
0.010292
0.008376
0.009148
0.009716
0.009188
0.010176
0.017972
0.030584
0.041248
0.044720
0.042496
0.040032
0.037180
0.029644
0.020168
0.012984
0.005176
-0.005520
-0.016564
-0.022808
-0.022056
-0.016608
-0.009516
-0.000984
0.007216
0.013276
0.020496
0.030144
0.037312
0.037992
0.032300
0.025008
0.019004
0.011288
0.001972
-0.005092
-0.009664
-0.014876
-0.023800
-0.033052
-0.035624
-0.033048
-0.031244
-0.031912
-0.033124
-0.033256
-0.032500
-0.032300
-0.035072
-0.039808
-0.041792
-0.042060
-0.043872
-0.041452
-0.032372
-0.026584
-0.027796
-0.029956
-0.027344
-0.020920
-0.017200
-0.017944
-0.019224
-0.016912
-0.011308
-0.007752
-0.008236
-0.009740
-0.009904
-0.008524
-0.004868
0.000748
0.006252
0.009440
0.009420
0.008292
0.008144
0.008656
0.007576
0.003288
-0.000744
-0.001884
-0.003920
-0.008064
-0.010248
-0.009576
-0.008568
-0.008604
-0.009176
-0.009420
-0.009240
-0.008940
-0.008864
-0.007384
0.000280
0.011172
0.018228
0.021568
0.024464
0.026196
0.026152
0.025720
0.025656
0.025760
0.025612
0.025236
0.024824
0.024524
0.024268
0.023984
0.022732
0.018348
0.011808
0.006260
0.004260
0.004320
0.001096
-0.005740
-0.012100
-0.014520
-0.013524
-0.012344
-0.012620
-0.012772
-0.008252
0.001208
0.006880
0.005684
0.003008
0.002772
0.004188
0.005064
0.004808
0.004188
0.003916
0.003964
0.004060
0.003296
-0.000716
-0.007092
-0.012612
-0.014712
-0.015192
-0.021204
-0.030812
-0.034500
-0.032004
-0.029540
-0.029776
-0.031060
-0.031420
-0.030764
-0.030008
-0.029668
-0.029584
-0.029436
-0.029148
-0.028796
-0.028560
-0.026956
-0.019432
-0.009940
-0.007116
-0.009716
-0.011528
-0.010588
-0.008932
-0.008368
-0.008764
-0.009148
-0.009088
-0.008816
-0.008636
-0.008604
-0.008604
-0.008548
-0.008452
-0.008364
-0.008296
-0.008232
-0.008172
-0.008096
-0.007864
-0.006236
-0.001644
0.004600
0.009580
0.010764
0.009436
0.009344
0.014476
0.024244
0.029908
0.028460
0.025440
0.024956
0.026228
0.026956
0.026504
0.025668
0.025180
0.025040
0.024924
0.024652
0.023988
0.020636
0.012104
0.004556
0.002460
-0.001980
-0.013012
-0.025428
-0.031988
-0.031152
-0.028452
-0.028224
-0.029176
-0.026028
-0.016836
-0.009740
-0.008180
-0.003332
0.005156
0.008884
0.007256
0.004744
0.001504
-0.001944
-0.003248
-0.004712
-0.008752
-0.011820
-0.011760
-0.010280
-0.007776
-0.003268
0.002388
0.006836
0.007628
0.006312
0.004820
-0.000452
-0.009484
-0.013608
-0.011516
-0.009216
-0.009552
-0.011044
-0.011648
-0.011220
-0.010632
-0.010468
-0.010548
-0.010444
-0.007988
0.000060
0.008280
0.010224
0.010544
0.012968
0.012008
0.007688
0.005212
0.003368
-0.000980
-0.006984
-0.011248
-0.011660
-0.010268
-0.009840
-0.010516
-0.011124
-0.011084
-0.010676
-0.011552
-0.018076
-0.027560
-0.030884
-0.028108
-0.025648
-0.026024
-0.026540
-0.022868
-0.015920
-0.009840
-0.007688
-0.008608
-0.009460
-0.008904
-0.008684
-0.013460
-0.022960
-0.028172
-0.027760
-0.028976
-0.032644
-0.033908
-0.029904
-0.023996
-0.021952
-0.023472
-0.023600
-0.016852
-0.005984
-0.001920
-0.008116
-0.019240
-0.025352
-0.023472
-0.019908
-0.019388
-0.021008
-0.022012
-0.021616
-0.020728
-0.020264
-0.019872
-0.017572
-0.012280
-0.005872
0.000724
0.009124
0.016224
0.017540
0.015524
0.015444
0.020348
0.027620
0.032984
0.034364
0.032344
0.027532
0.021616
0.016724
0.014444
0.014648
0.015340
0.017412
0.024520
0.031972
0.033152
0.030344
0.026812
0.019808
0.012296
0.010500
0.012592
0.013652
0.012952
0.015028
0.023080
0.030304
0.029384
0.019400
0.008868
0.006264
0.005056
-0.002180
-0.008796
-0.009364
-0.007268
-0.006540
-0.007456
-0.008256
-0.006324
0.001836
0.010724
0.012592
0.009600
0.009284
0.017428
0.026348
0.024364
0.014740
0.006072
-0.001416
-0.009224
-0.015464
-0.020196
-0.024480
-0.026624
-0.026328
-0.025600
-0.025568
-0.025876
-0.025868
-0.025500
-0.025068
-0.024788
-0.024584
-0.024408
-0.023460
-0.019516
-0.014656
-0.013172
-0.014396
-0.014548
-0.010472
-0.004860
-0.003008
-0.004484
-0.005656
-0.005224
-0.004252
-0.004448
-0.008884
-0.017964
-0.023908
-0.023056
-0.020228
-0.019644
-0.020392
-0.018372
-0.012576
-0.006192
-0.003880
-0.007580
-0.009824
-0.005468
-0.000816
-0.001776
-0.007304
-0.009656
-0.004996
-0.000052
0.000216
-0.001832
-0.002736
-0.002040
-0.001168
-0.000996
-0.001264
-0.001448
-0.001360
-0.001252
0.000164
0.007384
0.016640
0.019304
0.016512
0.014460
0.015056
0.015196
0.011212
0.004392
-0.001268
-0.002768
-0.000432
0.004284
0.007936
0.007400
0.002748
-0.002604
-0.004296
-0.005928
-0.013164
-0.020428
-0.021456
-0.018968
-0.017716
-0.018484
-0.019420
-0.019392
-0.018732
-0.018220
-0.017728
-0.015436
-0.010244
-0.003968
0.000580
0.001260
-0.000088
0.000480
0.007264
0.017736
0.021488
0.015244
0.004052
-0.002432
-0.000956
0.002392
0.002784
0.000988
-0.000252
-0.000096
0.000580
0.000860
0.000728
0.000548
0.000556
0.000656
0.000740
0.000500
-0.001440
-0.006236
-0.012332
-0.016992
-0.017668
-0.016044
-0.015304
-0.015880
-0.016512
-0.016420
-0.015904
-0.015492
-0.015332
-0.015248
-0.015088
-0.014856
-0.014628
-0.014428
-0.014252
-0.014064
-0.013872
-0.013672
-0.013504
-0.012404
-0.006412
0.003424
0.007836
0.005664
0.002456
-0.002420
-0.010148
-0.014340
-0.014264
-0.016564
-0.022832
-0.029044
-0.030724
-0.026760
-0.017428
-0.009348
-0.008516
-0.011352
-0.012320
-0.010348
-0.005012
0.003940
0.010084
0.010440
0.011408
0.013956
0.012412
0.008488
0.006560
0.004204
-0.000832
-0.006644
-0.009844
-0.009504
-0.008108
-0.005780
0.001368
0.009312
0.011108
0.008696
0.007332
0.008276
0.009592
0.009876
0.009396
0.009008
0.009000
0.009168
0.008460
0.003272
-0.006104
-0.010936
-0.006704
0.003952
0.011868
0.011560
0.008024
0.007004
0.008616
0.010080
0.010132
0.009456
0.009076
0.009160
0.009352
0.009376
0.009276
0.009180
0.009156
0.009156
0.009136
0.009120
0.008480
0.004976
-0.001024
-0.006000
-0.004108
0.004868
0.008532
0.003764
0.002448
0.007260
0.010868
0.010452
0.008796
0.008352
0.008976
0.009500
0.009452
0.009156
0.008996
0.009024
0.009076
0.009060
0.008996
0.008940
0.008912
0.008888
0.008860
0.008824
0.008788
0.008760
0.008236
0.004300
-0.004420
-0.010820
-0.010540
-0.007848
-0.007140
-0.008328
-0.009284
-0.009128
-0.008480
-0.008072
-0.008732
-0.013612
-0.022672
-0.027768
-0.026232
-0.023440
-0.023068
-0.024260
-0.024856
-0.024356
-0.023280
-0.020900
-0.015956
-0.009668
-0.004648
-0.003528
-0.004764
-0.005204
-0.004332
-0.003388
-0.003388
-0.006356
-0.014568
-0.022048
-0.022724
-0.019764
-0.018372
-0.019252
-0.020304
-0.019192
-0.012240
-0.002008
0.002048
-0.000400
-0.002664
-0.001980
-0.000160
0.000624
0.000296
0.000256
0.002864
0.008448
0.014576
0.018460
0.018664
0.017312
0.017012
0.017744
0.018340
0.018252
0.017864
0.017616
0.017588
0.017592
0.017528
0.017400
0.017284
0.017192
0.017120
0.017036
0.016944
0.016848
0.016760
0.016672
0.016588
0.016496
0.016408
0.016324
0.016228
0.016040
0.013864
0.006012
-0.002480
-0.004224
-0.001452
0.000124
-0.000804
-0.002152
-0.002388
-0.001812
-0.001320
-0.001256
-0.001340
-0.002076
-0.006964
-0.016072
-0.021072
-0.019472
-0.016752
-0.016496
-0.017748
-0.018372
-0.017892
-0.017112
-0.016692
-0.016584
-0.016476
-0.016220
-0.015896
-0.015604
-0.015364
-0.015136
-0.014888
-0.014632
-0.014388
-0.013424
-0.008236
0.001216
0.006660
0.005456
0.003052
0.003052
0.005668
0.012888
0.021352
0.020480
0.011532
0.004028
0.002876
0.005432
0.006856
0.005988
0.005508
0.010576
0.020464
0.025328
0.020596
0.009692
0.002132
0.002816
0.006364
0.007228
0.005576
0.004180
0.004208
0.004904
0.005276
0.005196
0.005020
0.005024
0.005140
0.005244
0.005464
0.007128
0.011344
0.014920
0.015136
0.013672
0.011792
0.008300
0.005040
0.004596
0.005696
0.006152
0.005656
0.005128
0.005088
0.005348
0.005528
0.005536
0.005508
0.004644
-0.001068
-0.009260
-0.006272
0.005268
0.010448
0.007436
0.003932
0.004072
0.006024
0.007072
0.006728
0.006132
0.006116
0.008540
0.016552
0.024888
0.026384
0.023528
0.021952
0.022864
0.024144
0.024280
0.023680
0.021808
0.014464
0.005260
0.002540
0.005228
0.005892
-0.001752
-0.012672
-0.016200
-0.012980
-0.010256
-0.010764
-0.012368
-0.012824
-0.012168
-0.010436
-0.004156
0.006264
0.014268
0.018272
0.021376
0.023852
0.024572
0.023968
0.020784
0.012708
0.005472
0.004692
0.007192
0.008148
0.006996
0.005788
0.005656
0.006156
0.006480
0.006432
0.006272
0.006232
0.006300
0.006368
0.006376
0.006388
0.005556
0.000116
-0.009344
-0.013944
-0.011944
-0.008596
-0.003696
0.004104
0.008684
0.007728
0.005792
0.005880
0.007748
0.011632
0.015276
0.012832
0.007108
0.005104
0.006872
0.008484
0.008076
0.005404
0.001180
0.000620
0.005528
0.009316
0.008748
0.006820
0.006336
0.007128
0.007804
0.007804
0.006900
0.002408
-0.006432
-0.012208
-0.011404
-0.008748
-0.008268
-0.009480
-0.010360
-0.008716
-0.000684
0.008908
0.011436
0.008564
0.006672
0.007608
0.009220
0.009668
0.009164
0.008688
0.008672
0.008856
0.009520
0.013712
0.022492
0.028440
0.027760
0.025056
0.024500
0.024796
0.019916
0.010044
0.005016
0.006884
0.009408
0.009188
0.007552
0.006716
0.007004
0.007528
0.007640
0.007452
0.007288
0.007288
0.007348
0.007368
0.007336
0.007300
0.007284
0.007280
0.007272
0.007256
0.007240
0.007224
0.007212
0.007200
0.007184
0.007168
0.007152
0.007136
0.007124
0.007108
0.007092
0.007076
0.007060
0.007044
0.007024
0.007008
0.006992
0.006976
0.006956
0.006944
0.006920
0.006920
0.006852
0.008152
0.015280
0.024540
0.027224
0.024380
0.022240
0.022872
0.024260
0.024572
0.023912
0.023252
0.023028
0.023040
0.022440
0.018216
0.009220
0.002740
0.002980
0.005524
0.006036
0.004240
0.000436
-0.004940
-0.010288
-0.013708
-0.013896
-0.012736
-0.011244
-0.005136
0.003860
0.007256
0.004996
0.003008
0.003632
0.005152
0.005708
0.005292
0.004812
0.004748
0.004916
0.005016
0.004972
0.004884
0.004848
0.004852
0.004852
0.004836
0.004808
0.004784
0.004768
0.004756
0.004732
0.004724
0.004672
0.005688
0.011892
0.021456
0.025196
0.022608
0.020128
0.020480
0.021940
0.022404
0.021816
0.021088
0.020868
0.019608
0.012592
0.003028
-0.000164
0.002384
0.004404
0.003644
0.002028
0.001464
0.001896
0.002360
0.002388
0.002172
0.002056
0.002056
0.003008
0.008732
0.018312
0.022604
0.020312
0.017708
0.017888
0.019344
0.019912
0.019376
0.018660
0.018364
0.018364
0.018316
0.018112
0.017580
0.015268
0.011188
0.011036
0.015968
0.019080
0.017932
0.015896
0.015448
0.016120
0.016208
0.012812
0.004016
-0.003528
-0.004156
-0.001460
-0.000504
-0.001108
0.002232
0.010592
0.013480
0.007972
0.003448
0.004204
0.006136
0.003756
-0.002060
-0.004976
-0.003812
-0.002276
-0.002280
-0.004504
-0.012128
-0.021232
-0.023992
-0.023612
-0.026200
-0.029100
-0.024692
-0.007692
0.008920
0.010708
0.001724
-0.005768
-0.005560
-0.003516
-0.005796
-0.007300
-0.003824
-0.000664
-0.000980
-0.002028
0.000296
0.006304
0.012688
0.016324
0.016152
0.014648
0.014340
0.015040
0.015532
0.014704
0.009788
0.000508
-0.005384
-0.004588
-0.002060
-0.001808
-0.003260
-0.004256
-0.004140
-0.003616
-0.003428
-0.002744
0.002472
0.011892
0.016672
0.014804
0.012176
0.012164
0.013572
0.014224
0.013776
0.013076
0.012768
0.012760
0.012732
0.012552
0.012072
0.009968
0.005036
-0.001248
-0.006128
-0.006872
-0.003824
0.001324
0.006744
0.010784
0.011704
0.010592
0.010032
0.010512
0.011076
0.011040
0.010632
0.010280
0.010140
0.010068
0.009948
0.009760
0.009572
0.009428
0.008392
0.002520
-0.007244
-0.011732
-0.009604
-0.007160
-0.007496
-0.009120
-0.009848
-0.009484
-0.008916
-0.008808
-0.008404
-0.005276
-0.000480
0.001616
0.002452
0.005188
0.005416
0.001052
-0.001772
0.000744
0.006572
0.010072
0.009236
0.007264
0.006836
0.007612
0.008152
0.007948
0.007464
0.007172
0.007108
0.007068
0.006940
0.006752
0.006584
0.006444
0.006320
0.006180
0.006036
0.005892
0.005752
0.005632
0.004644
-0.001040
-0.010696
-0.015356
-0.013392
-0.010916
-0.011144
-0.012720
-0.013460
-0.013104
-0.012532
-0.012352
-0.013016
-0.016292
-0.021000
-0.022428
-0.019052
-0.013452
-0.010496
-0.011392
-0.012524
-0.009060
0.000388
0.007856
0.007948
0.004916
0.003900
0.005112
0.006260
0.006200
0.005528
0.005084
0.005044
0.005104
0.005008
0.004752
0.002656
-0.005152
-0.013856
-0.015816
-0.013084
-0.011468
-0.012408
-0.013828
-0.014132
-0.013596
-0.013136
-0.013228
-0.014808
-0.018572
-0.019812
-0.015516
-0.011396
-0.011412
-0.012896
-0.011372
-0.005680
0.001136
0.005660
0.005956
0.004276
0.004216
0.007860
0.014060
0.019768
0.022720
0.022340
0.020952
0.020656
0.020948
0.018436
0.009956
0.001740
0.000416
0.002996
0.004100
0.002848
0.001392
0.001036
0.001404
-0.000100
-0.007848
-0.016944
-0.019152
-0.016328
-0.014536
-0.015420
-0.016892
-0.016452
-0.010688
-0.000836
0.004140
0.002296
-0.000376
-0.000296
0.000112
-0.005612
-0.015488
-0.019584
-0.017192
-0.014760
-0.015164
-0.016728
-0.017348
-0.016888
-0.016296
-0.016140
-0.016256
-0.016312
-0.016224
-0.015316
-0.010100
-0.000744
0.004316
0.002760
0.000204
0.000164
0.001604
0.002368
0.002032
0.001404
0.001156
0.001200
0.001256
0.000364
-0.003344
-0.006200
-0.006500
-0.001816
-0.000972
-0.002892
-0.004196
-0.003928
-0.003256
-0.003168
-0.003572
-0.003968
-0.004124
-0.004172
-0.004268
-0.004444
-0.004628
-0.004792
-0.004920
-0.005076
-0.005188
-0.006820
-0.014392
-0.023580
-0.025996
-0.023236
-0.021388
-0.022244
-0.023724
-0.024096
-0.023548
-0.023040
-0.022960
-0.023088
-0.023108
-0.022992
-0.022844
-0.022748
-0.022692
-0.022624
-0.022544
-0.022432
-0.022392
-0.020928
-0.013544
-0.004432
-0.002012
-0.004812
-0.006744
-0.005976
-0.004552
-0.004228
-0.004816
-0.005384
-0.005588
-0.006652
-0.010804
-0.017016
-0.022176
-0.023740
-0.022652
-0.021820
-0.022216
-0.023364
-0.026340
-0.029984
-0.028100
-0.022356
-0.019884
-0.021320
-0.022872
-0.022640
-0.021572
-0.020964
-0.021060
-0.020152
-0.013836
-0.004580
-0.001204
-0.003680
-0.005880
-0.005372
-0.003912
-0.003420
-0.003920
-0.004492
-0.004644
-0.004556
-0.004532
-0.004656
-0.004820
-0.004936
-0.005008
-0.005080
-0.005168
-0.005264
-0.005360
-0.005444
-0.005524
-0.005604
-0.005948
-0.007932
-0.012516
-0.018152
-0.022312
-0.022852
-0.021408
-0.020800
-0.021340
-0.021900
-0.021800
-0.021340
-0.020972
-0.020832
-0.020744
-0.020500
-0.019108
-0.015596
-0.013992
-0.017396
-0.020932
-0.019960
-0.014484
-0.008108
-0.003920
-0.003004
-0.003968
-0.004444
-0.003928
-0.002532
0.002400
0.010372
0.013960
0.011976
0.009620
0.009632
0.009664
0.004204
-0.004408
-0.007756
-0.005720
-0.003840
-0.004384
-0.005824
-0.006412
-0.006108
-0.005720
-0.005704
-0.005908
-0.006048
-0.006060
-0.006032
-0.006044
-0.006092
-0.006136
-0.006164
-0.006184
-0.006204
-0.006228
-0.006252
-0.006276
-0.006292
-0.006312
-0.006328
-0.006348
-0.006360
-0.006380
-0.006372
-0.007120
-0.011788
-0.019408
-0.022552
-0.020476
-0.018328
-0.018440
-0.019496
-0.019796
-0.019240
-0.018568
-0.018240
-0.018128
-0.017976
-0.017700
-0.017380
-0.017112
-0.016472
-0.013884
-0.009376
-0.004932
-0.002488
-0.002908
-0.005832
-0.009860
-0.013440
-0.015444
-0.015312
-0.014460
-0.013304
-0.008580
-0.002048
0.000212
-0.001504
-0.002456
0.000420
0.005624
0.009664
0.009700
0.005844
0.002816
0.002480
0.001268
-0.001412
-0.002768
-0.002392
-0.001840
-0.001928
-0.002308
-0.002476
-0.002380
-0.002248
-0.002212
-0.002248
-0.002040
-0.000500
0.002848
0.006716
0.009324
0.009272
0.006836
0.003888
0.004224
0.007768
0.009392
0.006056
-0.000796
-0.005204
-0.004640
-0.002808
-0.004352
-0.010396
-0.015468
-0.015548
-0.013288
-0.012252
-0.012772
-0.013344
-0.013144
-0.012504
-0.011996
-0.011744
-0.011580
-0.011316
-0.011000
-0.009772
-0.005208
0.000116
0.001484
-0.000000
-0.001688
-0.005100
-0.009296
-0.010380
-0.008896
-0.007796
-0.007992
-0.008476
-0.008428
-0.007908
-0.008000
-0.011092
-0.015900
-0.017432
-0.015632
-0.013440
-0.010184
-0.005644
-0.003560
-0.004296
-0.005000
-0.004472
-0.003484
-0.002960
-0.002908
-0.002904
-0.002704
-0.002392
-0.002156
-0.002528
-0.004368
-0.007072
-0.008908
-0.007752
-0.004196
-0.000880
0.000540
0.000712
0.002972
0.007604
0.009988
0.009148
0.007772
0.006620
0.005256
0.004624
0.004940
0.005300
0.005256
0.005296
0.006616
0.008640
0.009384
0.008828
0.008312
0.008380
0.008660
0.008736
0.008600
0.008448
0.008384
0.008372
0.008348
0.008292
0.008228
0.008172
0.008128
0.008084
0.008040
0.007992
0.007940
0.008084
0.009116
0.010248
0.009408
0.007540
0.006876
0.007384
0.007836
0.007716
0.007392
0.006956
0.005272
0.002504
0.001328
0.002092
0.003056
0.003848
0.004656
0.004340
0.003752
0.005436
0.007980
0.008692
0.007912
0.007320
0.007460
0.007816
0.007908
0.007760
0.007608
0.007512
0.007096
0.006216
0.006092
0.007164
0.007976
0.008132
0.008564
0.009168
0.009300
0.009048
0.008832
0.008784
0.008776
0.008696
0.008556
0.008232
0.007428
0.006612
0.006432
0.006656
0.006764
0.006652
0.006508
0.006468
0.006484
0.006708
0.007784
0.009120
0.009412
0.008856
0.008516
0.008960
0.009516
0.009092
0.008148
0.007724
0.007824
0.007924
0.007784
0.007548
0.007324
0.006900
0.006212
0.005516
0.005112
0.005108
0.005240
0.005260
0.005168
0.004972
0.004564
0.004048
0.003664
0.003636
0.003836
0.003988
0.004032
0.004096
0.004416
0.004812
0.004740
0.004384
0.004292
0.004496
0.004644
0.004464
0.004180
0.004168
0.004376
0.004556
0.004632
0.004748
0.005060
0.005476
0.005832
0.006092
0.006264
0.006296
0.006244
0.006216
0.006220
0.006220
0.006192
0.006080
0.005868
0.005624
0.005432
0.005292
0.005212
0.005228
0.005284
0.005344
0.005464
0.005608
0.005660
0.005632
0.005608
0.005620
0.005636
0.005636
0.005624
0.005612
0.005600
0.005588
0.005572
0.005556
0.005536
0.005512
0.005500
0.005532
0.005544
0.005464
0.005356
0.005304
0.005292
0.005276
0.005232
0.005176
0.005132
0.005092
0.005048
0.005004
0.004972
0.004956
0.004924
0.004860
0.004784
0.004716
0.004656
0.004592
0.004520
0.004428
0.004332
0.004260
0.004200
0.004136
0.004060
0.003984
0.003908
0.003836
0.003760
0.003684
0.003604
0.003520
0.003440
0.003356
0.003272
0.003188
0.003100
0.003012
0.002924
0.002832
0.002740
0.002648
0.002556
0.002464
0.002372
0.002272
0.002176
0.002080
0.001976
0.001872
0.001768
0.001664
0.001560
0.001452
0.001344
0.001236
0.001128
0.001020
0.000912
0.000800
0.000692
0.000584
0.000476
0.000364
0.000252
0.000140
0.000028
-0.000088
-0.000200
-0.000316
-0.000428
-0.000544
-0.000660
-0.000776
-0.000896
-0.001012
-0.001128
-0.001248
-0.001364
-0.001484
-0.001604
-0.001724
-0.001844
-0.001960
-0.002080
-0.002200
-0.002320
-0.002440
-0.002560
-0.002680
