-0.002709
-0.002686
-0.002697
-0.002677
-0.002691
-0.002674
-0.002691
-0.002677
-0.002697
-0.002686
-0.002709
-0.002701
-0.002727
-0.002722
-0.002751
-0.002748
-0.002781
-0.002781
-0.002817
-0.002820
-0.002858
-0.002864
-0.002905
-0.002916
-0.002960
-0.002972
-0.003018
-0.003029
-0.003076
-0.003088
-0.003137
-0.003153
-0.003204
-0.003222
-0.003271
-0.003292
-0.003346
-0.003366
-0.003423
-0.003441
-0.003500
-0.003524
-0.003582
-0.003613
-0.003676
-0.003707
-0.003773
-0.003805
-0.003873
-0.003907
-0.003977
-0.004013
-0.004084
-0.004121
-0.004194
-0.004233
-0.004307
-0.004348
-0.004423
-0.004465
-0.004542
-0.004586
-0.004664
-0.004708
-0.004788
-0.004833
-0.004914
-0.004961
-0.005043
-0.005090
-0.005173
-0.005221
-0.005305
-0.005355
-0.005439
-0.005489
-0.005575
-0.005625
-0.005712
-0.005762
-0.005850
-0.005901
-0.006003
-0.006069
-0.006166
-0.006252
-0.006348
-0.006414
-0.006521
-0.006585
-0.006711
-0.006774
-0.006878
-0.006952
-0.007053
-0.007149
-0.007250
-0.007319
-0.007432
-0.007460
-0.007532
-0.007596
-0.007663
-0.007695
-0.007796
-0.007823
-0.007891
-0.007952
-0.008039
-0.008068
-0.008131
-0.008194
-0.008251
-0.008277
-0.008373
-0.008394
-0.008451
-0.008513
-0.008564
-0.008585
-0.008677
-0.008721
-0.008772
-0.008788
-0.008880
-0.008889
-0.008937
-0.008992
-0.009034
-0.009043
-0.009130
-0.009164
-0.009238
-0.009274
-0.009346
-0.009380
-0.009451
-0.009482
-0.009551
-0.009581
-0.009648
-0.009676
-0.009741
-0.009767
-0.009831
-0.009853
-0.009951
-0.010047
-0.010167
-0.010251
-0.010374
-0.010455
-0.010578
-0.010619
-0.010698
-0.010796
-0.010908
-0.010988
-0.011103
-0.011184
-0.011294
-0.011375
-0.011401
-0.011305
-0.011278
-0.011202
-0.011164
-0.011084
-0.011045
-0.010959
-0.010961
-0.010919
-0.010852
-0.010767
-0.010714
-0.010620
-0.010565
-0.010466
-0.010453
-0.010449
-0.010460
-0.010439
-0.010452
-0.010428
-0.010438
-0.010410
-0.010416
-0.010386
-0.010389
-0.010355
-0.010355
-0.010318
-0.010315
-0.010275
-0.010269
-0.010225
-0.010216
-0.010168
-0.010156
-0.010105
-0.010089
-0.010035
-0.010016
-0.009958
-0.009937
-0.009876
-0.009850
-0.009786
-0.009757
-0.009689
-0.009657
-0.009585
-0.009550
-0.009476
-0.009437
-0.009359
-0.009317
-0.009235
-0.009190
-0.009106
-0.009057
-0.008969
-0.008916
-0.008825
-0.008770
-0.008675
-0.008616
-0.008518
-0.008455
-0.008354
-0.008289
-0.008184
-0.008116
-0.008007
-0.007936
-0.007825
-0.007750
-0.007635
-0.007557
-0.007440
-0.007358
-0.007237
-0.007153
-0.007029
-0.006942
-0.006814
-0.006724
-0.006595
-0.006501
-0.006367
-0.006272
-0.006136
-0.006039
-0.005905
-0.005810
-0.005676
-0.005582
-0.005450
-0.005358
-0.005226
-0.005135
-0.005006
-0.004915
-0.004787
-0.004698
-0.004570
-0.004483
-0.004357
-0.004270
-0.004145
-0.004060
-0.003935
-0.003852
-0.003729
-0.003646
-0.003525
-0.003443
-0.003323
-0.003242
-0.003122
-0.003043
-0.002925
-0.002847
-0.002730
-0.002653
-0.002537
-0.002462
-0.002347
-0.002272
-0.002158
-0.002085
-0.001971
-0.001900
-0.001788
-0.001717
-0.001606
-0.001536
-0.001427
-0.001358
-0.001250
-0.001182
-0.001075
-0.001007
-0.000901
-0.000836
-0.000730
-0.000666
-0.000561
-0.000498
-0.000394
-0.000332
-0.000230
-0.000169
-0.000067
-0.000008
0.000093
0.000151
0.000251
0.000309
0.000407
0.000464
0.000562
0.000618
0.000715
0.000769
0.000865
0.000918
0.001014
0.001063
0.001162
0.001151
0.001187
0.001207
0.001169
0.001192
0.001240
0.001229
0.001291
0.001214
0.001278
0.001287
0.001316
0.001336
0.001302
0.001323
0.001375
0.001360
0.001539
0.001645
0.001709
0.001826
0.001978
0.001996
0.002155
0.002258
0.002322
0.002371
0.002517
0.002622
0.002677
0.002788
0.002929
0.002945
0.003091
0.003193
0.003240
0.003351
0.003483
0.003499
0.003577
0.003674
0.003809
0.003816
0.003957
0.004049
0.004093
0.004193
0.004322
0.004326
0.004403
0.004431
0.004500
0.004526
0.004596
0.004621
0.004691
0.004715
0.004783
0.004806
0.004874
0.004898
0.004963
0.004986
0.005051
0.005073
0.005138
0.005158
0.005222
0.005242
0.005305
0.005325
0.005387
0.005406
0.005467
0.005485
0.005546
0.005562
0.005623
0.005640
0.005699
0.005714
0.005773
0.005787
0.005845
0.005859
0.005916
0.005930
0.005987
0.005999
0.006055
0.006067
0.006122
0.006133
0.006188
0.006197
0.006252
0.006261
0.006314
0.006323
0.006376
0.006384
0.006436
0.006444
0.006495
0.006502
0.006553
0.006558
0.006609
0.006614
0.006664
0.006668
0.006717
0.006721
0.006769
0.006772
0.006820
0.006822
0.006870
0.006871
0.006918
0.006919
0.006965
0.006965
0.007011
0.007009
0.007055
0.007053
0.007098
0.007096
0.007141
0.007138
0.007182
0.007178
0.007222
0.007218
0.007261
0.007256
0.007298
0.007292
0.007334
0.007328
0.007369
0.007362
0.007404
0.007396
0.007437
0.007427
0.007468
0.007458
0.007499
0.007488
0.007529
0.007517
0.007558
0.007544
0.007586
0.007570
0.007614
0.007593
0.007643
0.007389
0.007018
0.006697
0.006312
0.005981
0.005691
0.005274
0.004996
0.004674
0.004304
0.003997
0.003721
0.003324
0.003059
0.002764
0.002399
0.002516
0.003143
0.003461
0.003881
0.004328
0.004727
0.005073
0.005566
0.005895
0.006292
0.006709
0.007093
0.007412
0.007888
0.008187
0.008574
0.008730
0.008683
0.008676
0.008703
0.008672
0.008702
0.008671
0.008701
0.008669
0.008700
0.008665
0.008699
0.008658
0.008700
0.008647
0.008702
0.008077
0.006876
0.005859
0.004938
0.003925
0.003012
0.001965
0.001011
0.000056
-0.000806
-0.001799
-0.001432
0.000109
0.001178
0.002337
0.003567
0.004756
0.005860
0.006993
0.008139
0.009326
0.009512
0.008767
0.008404
0.008002
0.007613
0.007146
0.006717
0.006338
0.005911
0.005454
0.005125
0.004728
0.004325
0.003875
0.003573
0.003170
0.003253
0.003759
0.004197
0.004610
0.005063
0.005469
0.005909
0.006310
0.006740
0.007135
0.007499
0.007824
0.008268
0.008636
0.009050
0.009416
0.009822
0.010180
0.010581
0.010929
0.011322
0.011663
0.012051
0.012382
0.012764
0.013086
0.013463
0.013775
0.014150
0.014445
0.014826
0.014655
0.014124
0.013808
0.013395
0.012958
0.012593
0.012153
0.011857
0.011421
0.011047
0.010707
0.010339
0.009906
0.009654
0.009198
0.008892
0.007613
0.005511
0.003739
0.001944
0.000097
-0.000465
0.000376
0.000637
0.001013
0.001339
0.001779
0.002687
0.004285
0.005449
0.007028
0.004908
-0.000285
-0.004281
-0.008368
-0.012665
-0.012334
-0.007722
-0.004991
-0.001606
0.001555
0.004636
0.007385
0.010486
0.013220
0.016223
0.016570
0.014741
0.013673
0.012478
0.011289
0.010131
0.008909
0.007839
0.006699
0.005565
0.004389
0.003361
0.002201
0.001097
0.000073
-0.000991
-0.000595
0.001431
0.002769
0.004337
0.005685
0.008670
0.012915
0.016618
0.020423
0.021986
0.020991
0.021253
0.020859
0.023543
0.028665
0.032923
0.037080
0.041635
0.041727
0.037886
0.035680
0.033046
0.030542
0.028056
0.025572
0.022954
0.020539
0.017974
0.019675
0.025662
0.029544
0.034478
0.032665
0.024788
0.019451
0.013500
0.007262
0.000606
-0.005600
-0.012242
-0.014571
-0.013026
-0.013069
-0.012663
-0.012329
-0.011959
-0.011700
-0.011263
-0.011081
-0.010573
-0.014420
-0.022448
-0.028371
-0.035253
-0.034139
-0.025106
-0.019616
-0.011094
-0.001134
0.008425
0.012261
0.010954
0.011626
0.011836
0.011993
0.012250
0.012469
0.012672
0.012956
0.013224
0.013401
0.013629
0.013806
0.014046
0.014182
0.014465
0.012819
0.009433
0.006842
0.003937
0.001240
-0.001533
-0.003219
-0.003855
-0.004814
-0.005687
-0.006606
-0.007531
-0.007913
-0.007676
-0.007692
-0.007692
-0.007708
-0.007689
-0.007719
-0.007689
-0.007728
-0.007684
-0.007685
-0.006551
-0.004417
-0.002635
-0.000775
0.001038
0.002885
0.003566
0.003106
0.003136
0.002941
0.002800
0.002705
0.002633
0.002503
0.002446
0.002315
0.002260
0.002071
0.001957
0.001854
0.001798
0.001665
0.001630
0.001483
0.002076
0.003309
0.004326
0.005263
0.006278
0.007209
0.008194
0.009110
0.010080
0.010974
0.011930
0.012801
0.013745
0.014594
0.015524
0.016408
0.017334
0.018038
0.019000
0.019738
0.020628
0.020861
0.020974
0.020866
0.021215
0.016863
0.008534
0.001845
-0.005116
-0.012181
-0.019001
-0.025839
-0.032469
-0.039274
-0.045635
-0.052504
-0.051796
-0.044047
-0.039244
-0.033636
-0.026722
-0.018381
-0.010890
-0.003017
0.004498
0.012294
0.019543
0.027210
0.034250
0.041902
0.043427
0.039609
0.037814
0.035605
0.033310
0.031199
0.029006
0.026881
0.024738
0.022660
0.020536
0.018512
0.016405
0.014493
0.012459
0.010528
0.007441
0.003415
-0.000181
-0.003763
-0.007436
-0.010914
-0.014585
-0.017995
-0.020919
-0.022928
-0.025436
-0.027460
-0.030120
-0.025420
-0.014201
-0.005679
0.003492
0.010980
0.016642
0.023051
0.029050
0.035262
0.037769
0.036836
0.037319
0.037490
0.037547
0.037829
0.037826
0.040359
0.044950
0.048870
0.048900
0.045106
0.042809
0.040250
0.034741
0.026354
0.019380
0.011997
0.004686
0.001520
0.002641
0.001734
0.001741
0.001206
0.001271
-0.000525
-0.002998
-0.005438
-0.007400
-0.011575
-0.016792
-0.021892
-0.026376
-0.031644
-0.029854
-0.021945
-0.016365
-0.010253
-0.003749
0.002206
0.008625
0.010933
0.009520
0.009628
0.009324
0.009105
0.008864
0.008592
0.009310
0.011007
0.012106
0.016937
0.025346
0.032016
0.039360
0.042139
0.040603
0.040814
0.040544
0.040287
0.038407
0.034873
0.031973
0.028920
0.025941
0.022936
0.020046
0.017114
0.014376
0.011364
0.009897
0.009584
0.008899
0.008187
0.007687
0.005637
0.002392
-0.000411
-0.003177
-0.006565
-0.010099
-0.013706
-0.013590
-0.009782
-0.007562
-0.004840
-0.002350
0.000346
0.000113
-0.002724
-0.004513
-0.006476
-0.008424
-0.010417
-0.012340
-0.014308
-0.016186
-0.018067
-0.019839
-0.021781
-0.023557
-0.025455
-0.027185
-0.029020
-0.030718
-0.032919
-0.034580
-0.036846
-0.032627
-0.022645
-0.015021
-0.006996
0.001174
0.005375
0.005708
0.007712
0.009097
0.010691
0.012100
0.013651
0.014990
0.018167
0.024133
0.028966
0.030629
0.034045
0.029987
0.019673
0.011918
0.003726
-0.004610
-0.012434
-0.020577
-0.023520
-0.021220
-0.021348
-0.017717
-0.011733
-0.006496
-0.006036
-0.010321
-0.012575
-0.015406
-0.019568
-0.025621
-0.030419
-0.036137
-0.034160
-0.025531
-0.019645
-0.011077
-0.000162
0.009238
0.019434
0.022150
0.017715
0.016372
0.007250
-0.009474
-0.022067
-0.036780
-0.038408
-0.029094
-0.016662
0.003993
0.021827
0.033576
0.038596
0.046315
0.053117
0.051172
0.038861
0.031979
0.017254
-0.000683
-0.018373
-0.023187
-0.018230
-0.009410
0.006493
0.020358
0.026477
0.024950
0.026738
0.019811
0.004924
-0.006077
-0.021417
-0.038857
-0.055896
-0.062866
-0.061459
-0.052157
-0.030478
-0.014220
0.004060
0.014698
0.019502
0.025884
0.032826
0.028396
0.014547
-0.001316
-0.024716
-0.044617
-0.065970
-0.075675
-0.075619
-0.071226
-0.057522
-0.047691
-0.032531
-0.013946
0.003639
0.012085
0.012531
0.009405
-0.001465
-0.009024
-0.017897
-0.025783
-0.034684
-0.041981
-0.051185
-0.041156
-0.014575
0.005315
0.028332
0.054136
0.067464
0.070257
0.077654
0.075880
0.066168
0.060295
0.047898
0.030587
0.015252
0.000212
-0.015808
-0.017661
-0.006250
-0.000570
0.009323
0.021822
0.032906
0.044908
0.057311
0.069736
0.071672
0.063115
0.059131
0.052286
0.044462
0.037130
0.029942
0.022445
0.015328
0.007702
0.000534
-0.006847
-0.012965
-0.017859
-0.023373
-0.022350
-0.014850
-0.010210
-0.004650
0.002286
0.011069
0.018854
0.023310
0.023174
0.025483
0.026198
0.028451
0.016680
-0.007524
-0.026452
-0.047727
-0.069901
-0.091429
-0.112528
-0.128463
-0.116480
-0.086855
-0.065221
-0.041277
-0.018112
0.012187
0.050516
0.068807
0.071283
0.080590
0.083153
0.064363
0.030022
0.003598
-0.026142
-0.050504
-0.073370
-0.095049
-0.119071
-0.126307
-0.122250
-0.109092
-0.082822
-0.061451
-0.039344
-0.028057
-0.029749
-0.024979
-0.034918
-0.055204
-0.081561
-0.119150
-0.141240
-0.151410
-0.166504
-0.176551
-0.202358
-0.221824
-0.176943
-0.085868
-0.029715
-0.030145
-0.047406
-0.025827
0.019286
0.055358
0.069189
0.059506
0.059091
0.055895
0.053017
0.050045
0.047577
0.044380
0.041938
0.038834
0.036466
0.028833
0.016219
0.012584
0.015690
0.010492
0.000698
-0.006650
-0.015010
-0.022637
-0.035537
-0.052866
-0.068460
-0.083903
-0.099750
-0.114781
-0.130543
-0.144975
-0.160907
-0.162861
-0.153919
-0.135333
-0.101898
-0.074674
-0.045809
-0.017951
0.010507
0.024476
0.024776
0.030950
0.032659
0.033159
0.026544
0.013482
0.002283
-0.001401
0.012851
0.053968
0.105635
0.152814
0.198746
0.245446
0.270708
0.277942
0.281592
0.274073
0.255846
0.222487
0.189200
0.147388
0.109593
0.079715
0.062031
0.037887
0.026140
0.019531
0.023857
0.038697
0.050686
0.061548
0.074713
0.073601
0.062076
0.046237
0.002782
-0.074548
-0.159095
-0.231835
-0.273393
-0.297777
-0.321147
-0.335301
-0.351815
-0.368396
-0.367704
-0.335533
-0.277779
-0.195632
-0.111237
-0.039179
0.020569
0.086551
0.130736
0.159651
0.169629
0.134026
0.074141
0.006950
-0.041733
-0.054260
-0.082617
-0.216309
-0.390193
-0.429594
-0.321157
-0.189019
-0.098896
-0.047751
-0.004224
0.074226
0.207382
0.319514
0.371104
0.391561
0.386199
0.347498
0.300767
0.251760
0.195126
0.142179
0.088602
0.058843
0.077908
0.109733
0.134627
0.170925
0.217719
0.247215
0.267406
0.271198
0.230146
0.174836
0.127997
0.077627
0.040196
0.012414
-0.007965
-0.018141
-0.015249
0.004646
0.027166
0.062448
0.091437
0.123473
0.143601
0.157061
0.161337
0.156675
0.142673
0.102872
0.037283
-0.035522
-0.104841
-0.162441
-0.183495
-0.153698
-0.089916
-0.018388
0.025028
0.022507
0.002448
0.020469
0.075963
0.115213
0.102507
0.072899
0.041050
-0.000217
-0.056589
-0.130039
-0.196889
-0.264203
-0.333785
-0.367165
-0.338892
-0.260263
-0.159282
-0.008931
0.171151
0.084942
-0.168141
-0.175433
0.061689
0.216749
0.175523
0.087578
0.074717
0.131276
0.187505
0.191304
0.171318
0.172762
0.182762
0.170295
0.140683
0.128773
0.123290
0.115632
0.091070
0.049691
0.010810
-0.034874
-0.077264
-0.110735
-0.112706
-0.102342
-0.087577
-0.062957
-0.041417
-0.024598
-0.011874
0.002129
0.022016
0.049183
0.045602
-0.014687
-0.091622
-0.147058
-0.180478
-0.205535
-0.243967
-0.290067
-0.332554
-0.355215
-0.325941
-0.257861
-0.184392
-0.096052
0.014843
0.100349
0.176422
0.235525
0.274809
0.296652
0.267896
0.226621
0.181987
0.123833
0.063593
-0.008553
-0.052959
-0.079539
-0.092436
-0.084735
-0.093290
-0.140700
-0.163156
-0.070101
0.012991
-0.000956
-0.039234
-0.037374
-0.013896
-0.020891
-0.045497
-0.061564
-0.080440
-0.094986
-0.105612
-0.117881
-0.126511
-0.132510
-0.134264
-0.131102
-0.119137
-0.096158
-0.077698
-0.062762
-0.052628
-0.052506
-0.066346
-0.073386
-0.079777
-0.078527
-0.108324
-0.163691
-0.207546
-0.238497
-0.213007
-0.236148
-0.335911
-0.289164
-0.212187
-0.179130
-0.154310
-0.231401
-0.287472
-0.205365
-0.130046
-0.161660
-0.176160
-0.102650
-0.082322
-0.088679
-0.074779
-0.026827
-0.028757
-0.008691
0.016993
-0.023599
0.021060
0.061150
0.065520
0.061546
0.066027
0.033507
0.020555
0.096170
0.086163
-0.005661
-0.047163
-0.056854
-0.043952
-0.057331
-0.064334
-0.058499
-0.111373
-0.155638
-0.144880
-0.086875
-0.016405
-0.025767
-0.043404
-0.047424
-0.101701
-0.134996
0.219552
0.519961
0.325320
-0.056957
-0.318696
-0.179798
0.000019
0.018618
0.017860
0.118458
0.085688
-0.217550
-0.252798
-0.062147
-0.002697
-0.021756
-0.034208
-0.026652
0.003809
0.024227
0.034341
0.005391
-0.015654
0.004637
0.087159
0.194253
0.090486
-0.084258
-0.016743
0.116577
0.191544
0.199070
0.164596
0.163056
0.194320
0.217251
0.196085
0.139681
0.092664
0.081343
0.080995
0.084396
0.104350
0.082314
0.074537
0.134017
0.053582
-0.075421
0.056487
0.210002
0.159860
0.087964
0.076368
0.088334
0.136880
0.150981
0.096354
0.046833
0.013846
0.007727
0.009830
-0.002447
-0.006195
0.013614
0.022463
0.036231
0.032178
0.014803
0.001751
-0.010544
-0.036563
-0.072687
-0.094489
-0.089774
-0.074943
-0.064644
-0.053152
-0.036943
-0.014988
-0.010648
-0.020414
-0.024361
-0.024623
-0.019777
-0.002410
0.031635
0.057226
0.086906
0.099025
0.098008
0.101166
0.104763
0.099655
0.089577
0.080943
0.070478
0.056298
0.045091
0.024168
-0.003296
-0.028373
-0.052968
-0.078333
-0.102480
-0.122979
-0.137283
-0.155003
-0.163555
-0.166345
-0.171030
-0.165710
-0.147682
-0.143571
-0.144007
-0.131374
-0.104225
-0.095126
-0.101759
-0.122574
-0.093182
-0.028875
0.031276
0.050417
-0.033691
-0.045716
0.141133
0.258842
0.225293
0.244929
0.256303
0.175950
0.108788
0.028711
-0.151998
-0.247240
-0.109242
0.002666
0.030101
0.093394
0.000483
-0.280657
-0.260350
0.029841
0.169113
0.197884
0.176651
-0.014414
-0.131193
0.131433
0.313271
0.183646
0.181324
0.339041
0.360194
0.127515
0.039408
0.402074
0.503405
0.073623
-0.008637
0.228812
0.153884
-0.041535
-0.034027
0.043673
0.086207
0.071238
-0.128268
-0.344726
-0.207566
0.134211
0.178697
0.005863
-0.058494
-0.175210
-0.433600
-0.155719
0.400398
0.147052
-0.265914
-0.312480
-0.392265
-0.485940
-0.096156
0.587482
0.609900
-0.120072
-0.347192
-0.154642
0.037537
0.441951
0.383382
-0.160724
-0.438963
-0.270653
0.226051
0.327820
0.006365
-0.126235
-0.041405
0.187092
0.093318
-0.044548
-0.061007
-0.023608
0.032524
0.037786
-0.062127
-0.083397
-0.038242
0.071430
0.076733
0.033151
0.028929
0.057695
0.025581
-0.009683
0.014591
0.073260
0.064998
0.018991
0.083250
0.180351
0.017365
-0.081992
0.003018
0.091965
0.127102
0.011846
0.053467
0.170680
-0.122260
-0.366148
-0.123357
0.007594
-0.185937
-0.147210
-0.084990
-0.188549
-0.318428
-0.294150
-0.031566
0.293637
0.301514
0.060902
-0.085269
-0.146036
-0.063186
0.085510
0.021688
-0.153895
-0.291472
-0.273549
-0.313486
-0.452489
-0.369425
-0.114502
-0.097823
-0.132726
-0.050567
-0.104911
-0.322432
-0.305615
-0.103980
-0.074371
0.077826
0.203188
0.114978
0.041281
0.099825
0.107994
-0.013008
0.036329
0.215892
0.271184
0.135372
0.017389
0.053647
0.095380
0.079958
0.097248
0.083479
0.033174
0.022947
-0.000628
0.001942
0.111555
0.153622
0.073302
0.068813
0.156613
0.055372
-0.050595
-0.004992
0.092431
0.096513
0.014944
-0.080315
-0.115776
-0.143568
-0.142603
-0.097605
-0.037265
-0.002975
0.028461
0.056327
0.095039
0.095410
0.029473
-0.010514
0.048613
0.085949
0.097658
0.116781
0.137395
0.147895
0.134816
0.098760
0.043474
0.034827
0.114095
-0.042638
-0.188556
-0.093919
0.024377
0.114584
0.157786
0.039786
-0.062544
-0.036638
0.000412
-0.131439
-0.216299
-0.113629
-0.084211
-0.024892
0.075898
-0.076357
-0.125205
-0.013672
0.063456
0.086199
0.141409
0.167901
0.151443
0.065264
-0.162755
-0.526557
-0.535723
-0.135851
0.368060
0.464737
0.293781
0.002169
-0.337186
-0.277570
-0.217371
-0.170713
-0.047148
0.280611
0.411790
0.283827
0.317932
0.222874
-0.265662
-0.210776
0.467916
0.862837
0.886028
-0.205175
-0.822950
-0.652950
-0.650123
-0.605736
-0.673673
-0.620111
-0.506980
-0.536302
-0.334890
-0.045263
-0.055956
0.044406
0.014233
-0.124579
-0.115565
-0.013206
0.042107
0.219866
0.492201
0.382454
0.254576
0.330639
0.148335
0.182061
0.368051
0.332148
0.222294
0.245618
0.115608
0.245720
0.412181
0.202052
0.080298
0.168038
0.235277
0.240230
0.258245
0.239948
0.185895
0.246465
0.301827
0.238810
0.224590
0.268636
0.229444
0.228423
0.257649
0.255387
0.234504
0.211134
0.165221
0.151971
0.157347
0.133647
0.104626
0.118995
0.098690
-0.055400
-0.164014
-0.025432
0.078300
0.015438
-0.049927
-0.003427
0.067662
0.065934
-0.004271
0.040055
0.120495
0.100179
0.062023
0.044169
0.065962
0.130166
0.129923
0.072748
0.063309
0.100236
0.114392
0.138109
0.141576
0.130993
0.149578
0.197971
0.212968
0.237861
0.283724
0.334286
0.397374
0.430565
0.420560
0.386259
0.318980
0.268211
0.265117
0.280427
0.274215
0.240026
0.188999
0.146867
0.101202
0.054790
0.003028
-0.030817
-0.050953
-0.088604
-0.124246
-0.123160
-0.125007
-0.169450
-0.195893
-0.205181
-0.246635
-0.277568
-0.276777
-0.288650
-0.353235
-0.318371
-0.297447
-0.282002
-0.256268
-0.222532
-0.018225
-0.022475
-0.450174
-0.562552
-0.069938
0.173760
0.039634
0.126543
0.005744
-0.203991
0.018135
0.459821
0.357888
-0.068464
0.010237
0.310860
0.233063
0.086079
0.245333
0.230324
0.097465
-0.030110
0.098344
0.231828
0.109361
0.085385
0.143426
0.202186
0.215448
0.245316
0.295133
0.281246
0.219674
0.247788
0.303111
0.322114
0.297797
0.279030
0.250219
0.283200
0.268907
0.185925
0.203182
0.183561
0.148043
0.116965
0.071377
0.051895
0.023504
0.012084
0.013257
0.010853
-0.009498
-0.045669
-0.061817
-0.039029
0.000875
0.018423
0.021437
0.032669
0.026875
0.026899
0.048247
0.061243
0.076370
0.068544
0.034759
0.014432
-0.026738
-0.026448
0.005600
-0.092418
-0.208302
-0.212110
-0.190423
-0.222477
-0.292110
-0.294834
-0.236490
-0.170130
-0.174895
-0.208022
-0.180599
-0.163151
-0.073482
-0.106030
-0.263490
-0.173217
-0.123982
-0.172420
0.007590
0.144586
-0.059220
-0.221180
-0.112845
-0.159063
-0.221513
-0.149562
-0.191080
-0.239436
-0.213104
-0.225560
-0.275644
-0.242330
-0.088053
-0.254328
-0.358157
-0.095458
0.142076
0.335898
0.449502
0.458228
0.453825
0.462075
0.485395
0.353453
0.103123
-0.015295
-0.084542
-0.028512
0.144691
0.253677
0.261513
0.242695
0.201236
0.115071
0.043060
0.047912
0.080564
0.100073
0.099967
0.101582
0.081347
0.056352
0.054413
0.077017
0.074504
0.066537
0.047109
0.017301
-0.010757
-0.000302
0.048001
0.033518
-0.063928
-0.181072
-0.245363
-0.242746
-0.207756
-0.159310
-0.128982
-0.110261
-0.094149
-0.153807
-0.291322
-0.355749
-0.276898
-0.143781
-0.077386
-0.070093
-0.076917
-0.071456
-0.064936
-0.077054
-0.111077
-0.106036
-0.060287
-0.007434
0.021924
0.021460
-0.000970
-0.029300
-0.036126
-0.000050
0.046827
0.088853
0.116027
0.112866
0.099494
0.102980
0.115665
0.123830
0.133994
0.123656
0.092619
0.071113
0.046219
0.029358
0.018250
0.005751
-0.007182
-0.018016
-0.029182
-0.039401
-0.050564
-0.060492
-0.071875
-0.082166
-0.093641
-0.097689
-0.096527
-0.096916
-0.097470
-0.097301
-0.099275
-0.101920
-0.104511
-0.106679
-0.109429
-0.111543
-0.114212
-0.116647
-0.119145
-0.126626
-0.140008
-0.150263
-0.162054
-0.169349
-0.173899
-0.179009
-0.184585
-0.189241
-0.194742
-0.199157
-0.204788
-0.203785
-0.198379
-0.185935
-0.151080
-0.083580
-0.016083
-0.012940
-0.040489
-0.026654
0.011786
0.018351
0.000923
-0.020536
-0.012488
0.019968
0.042593
0.058275
0.064307
0.073936
0.082325
0.083195
0.075098
0.071498
0.065722
0.061447
0.054809
0.048590
0.041269
0.035595
0.020530
-0.001243
-0.020568
-0.039795
-0.054848
-0.063973
-0.075997
-0.088417
-0.104979
-0.103999
-0.088680
-0.091205
-0.105807
-0.114743
-0.128901
-0.129461
-0.122523
-0.103847
-0.093859
-0.127877
-0.170378
-0.193588
-0.206490
-0.206686
-0.186273
-0.183452
-0.170144
-0.138127
-0.114253
-0.076271
-0.041819
-0.067136
-0.134862
-0.171222
-0.127413
-0.060800
-0.017867
-0.018166
-0.060822
-0.110271
-0.131195
-0.111988
-0.054145
0.025971
0.055375
0.006689
-0.060778
-0.102487
-0.096008
-0.063565
-0.042171
-0.018344
0.005880
0.012810
0.002825
0.000354
-0.009175
-0.022893
-0.023823
-0.025847
-0.051246
-0.009670
0.071009
0.048529
-0.038468
-0.093564
-0.096966
-0.072820
-0.040417
-0.045990
-0.084008
-0.093631
-0.091215
-0.106500
-0.130328
-0.150299
-0.157984
-0.151703
-0.151226
-0.148791
-0.147085
-0.144955
-0.141947
-0.137074
-0.133332
-0.130384
-0.129334
-0.127527
-0.119887
-0.105409
-0.094146
-0.081873
-0.070142
-0.060041
-0.052335
-0.043557
-0.032928
-0.019438
-0.007381
0.004921
0.020228
0.038733
0.055882
0.062035
0.056265
0.055850
0.053336
0.056795
0.065464
0.060886
0.044723
0.034398
0.021711
0.010357
-0.002092
-0.012891
-0.037940
-0.076320
-0.092789
-0.093389
-0.101587
-0.105308
-0.108826
-0.111847
-0.116020
-0.114385
-0.110053
-0.105813
-0.116336
-0.140926
-0.147890
-0.143681
-0.147546
-0.151923
-0.155965
-0.149079
-0.107256
-0.003417
0.135779
0.180577
0.106490
0.063544
0.090361
0.082449
0.042775
0.027243
0.031081
0.024829
-0.004933
-0.009919
-0.004195
-0.002786
-0.010997
-0.029702
-0.030681
-0.018051
-0.008027
0.009565
0.011474
0.001980
-0.002624
-0.015698
-0.036980
-0.053891
-0.072522
-0.089968
-0.108141
-0.125041
-0.135703
-0.135572
-0.171377
-0.236621
-0.264475
-0.238584
-0.208447
-0.239119
-0.276816
-0.292657
-0.292699
-0.264365
-0.292253
-0.367017
-0.311350
-0.138042
-0.153589
-0.231564
-0.139611
-0.069251
-0.043943
-0.000692
0.041396
0.042270
0.003043
0.013263
0.068778
0.085552
0.061127
0.088444
0.163136
0.216136
0.197091
0.154124
0.142403
0.158587
0.176114
0.183616
0.180896
0.183309
0.183066
0.184675
0.191342
0.208664
0.200438
0.176227
0.149900
0.114359
0.082034
0.034939
-0.028476
-0.083406
-0.145956
-0.212027
-0.260265
-0.306459
-0.384141
-0.382113
-0.320600
-0.336684
-0.439363
-0.444162
-0.346408
-0.304215
-0.234635
-0.184837
-0.194707
-0.147652
-0.073581
0.002656
0.079653
0.063078
-0.007592
-0.029279
-0.053058
-0.116984
-0.158422
-0.110153
0.016967
0.133809
0.161455
0.138971
0.119305
0.133490
0.212377
0.289985
0.297280
0.226924
0.133304
0.122906
0.118180
0.072819
0.047301
0.055133
0.065320
0.043396
0.035321
0.009089
-0.026906
-0.072777
-0.111052
-0.124202
-0.157829
-0.200708
-0.237193
-0.272746
-0.303148
-0.285961
-0.230120
-0.243900
-0.309927
-0.287308
-0.203389
-0.194382
-0.225429
-0.213955
-0.197057
-0.186689
-0.126268
-0.087561
-0.088642
-0.056676
0.005216
0.074942
0.121190
0.131185
0.132387
0.131963
0.122842
0.133894
0.177929
0.230717
0.262866
0.256400
0.233543
0.218488
0.200851
0.184105
0.167169
0.150906
0.134142
0.114836
0.090798
0.078722
0.074515
0.067589
0.060685
0.055050
0.039912
0.016975
-0.007835
-0.039177
-0.058194
-0.065808
-0.075304
-0.084283
-0.093266
-0.101954
-0.110898
-0.114088
-0.111340
-0.116976
-0.128021
-0.136489
-0.139884
-0.136135
-0.142695
-0.154610
-0.164576
-0.165640
-0.158061
-0.153890
-0.144949
-0.131354
-0.125574
-0.124431
-0.121449
-0.112038
-0.095545
-0.082183
-0.071012
-0.064602
-0.044489
-0.014263
0.011909
0.033892
0.051272
0.070010
0.088325
0.105714
0.122628
0.127879
0.106246
0.076287
0.050598
0.027012
0.007749
-0.013621
-0.019912
-0.012256
-0.010585
-0.005475
0.001031
0.006691
0.012503
0.015561
0.014989
0.016374
0.016376
0.017521
0.003241
-0.025943
-0.048101
-0.073017
-0.083779
-0.083043
-0.069470
-0.037143
-0.008866
0.027101
0.039230
0.032302
0.032847
0.036889
0.045907
0.041569
0.009390
-0.033930
-0.070657
-0.110526
-0.128032
-0.125568
-0.130805
-0.134619
-0.120391
-0.087786
-0.064131
-0.029964
0.009077
0.046615
0.067221
0.057074
0.036406
0.022483
0.004527
0.006268
0.023109
0.034833
0.032231
0.015695
0.004323
-0.001432
-0.000117
-0.001971
-0.002181
-0.003902
0.016762
0.059432
0.067927
0.017062
-0.075951
-0.128432
-0.081743
0.018070
0.092046
0.110169
0.072951
0.013519
-0.017535
-0.019039
-0.013082
-0.011373
-0.007260
-0.014453
-0.030876
-0.043801
-0.047917
-0.042362
-0.041035
-0.038013
-0.038060
-0.039669
-0.041282
-0.036094
-0.025745
-0.017092
-0.013282
-0.014062
-0.013182
-0.012730
-0.012155
-0.011672
-0.008840
-0.003713
0.000389
0.004784
0.009026
0.013328
0.017514
0.021837
0.025843
0.030050
0.033994
0.038140
0.041980
0.046092
0.048421
0.049470
0.050847
0.052241
0.053519
0.054916
0.055356
0.055191
0.055168
0.055294
0.055184
0.055239
0.054942
0.054440
0.053956
0.053552
0.052989
0.052525
0.052072
0.051644
0.051207
0.050735
0.050382
0.046766
0.039819
0.034418
0.028573
0.023013
0.017224
0.010653
0.002494
-0.004510
-0.012341
-0.013030
-0.007503
-0.004471
-0.000876
0.002717
0.006220
0.009607
0.015304
0.023145
0.030048
0.035749
0.039854
0.044637
0.049015
0.053626
0.056615
0.058450
0.060674
0.062751
0.064838
0.065881
0.065581
0.065888
0.065951
0.066108
0.066213
0.064894
0.061802
0.059575
0.056999
0.054644
0.052194
0.049900
0.047390
0.045181
0.042693
0.040874
0.039084
0.037447
0.035604
0.034032
0.032209
0.030729
0.028993
0.027466
0.025693
0.024241
0.022018
0.019600
0.017048
0.014960
0.012316
0.013399
0.017563
0.020486
0.023662
0.025826
0.026805
0.028347
0.029612
0.031028
0.032267
0.033693
0.034862
0.036311
0.035908
0.034036
0.032664
0.031314
0.029730
0.028434
0.026752
0.024895
0.023060
0.021331
0.019495
0.017804
0.016003
0.014341
0.012575
0.010945
0.009212
0.007667
0.006037
0.004422
0.002796
0.001201
0.000644
0.001163
0.001193
0.001448
0.003519
0.007756
0.011009
0.014619
0.017899
0.021487
0.023911
0.025928
0.027810
0.030081
0.029322
0.026353
0.024128
0.021862
0.019456
0.016866
0.013677
0.010849
0.007738
0.006784
0.007561
0.007713
0.007934
0.008274
0.008468
0.008784
0.008992
0.009299
0.009504
0.009809
0.010010
0.010309
0.010514
0.010794
0.011020
0.010269
0.008270
0.006870
0.005238
0.003693
0.002102
0.000690
-0.000979
-0.002346
-0.003903
-0.005273
-0.006791
-0.008190
-0.009691
-0.010953
-0.012491
-0.012450
-0.011385
-0.010656
-0.009958
-0.009108
-0.008446
-0.007606
-0.006963
-0.005170
-0.002435
-0.000041
0.002339
0.004794
0.007128
0.009518
0.011839
0.014147
0.016478
0.016407
0.013711
0.012213
0.010267
0.008565
0.006669
0.005050
0.003136
0.001607
-0.000338
0.000797
0.004410
0.007125
0.009980
0.012806
0.015558
0.016899
0.016558
0.016973
0.017075
0.017344
0.017448
0.017750
0.017809
0.018161
0.018210
0.021645
0.028034
0.033187
0.038589
0.043931
0.049231
0.054380
0.059692
0.061640
0.060378
0.060471
0.060131
0.059908
0.059610
0.059422
0.059105
0.058915
0.059063
0.059824
0.060191
0.060724
0.061234
0.061764
0.062281
0.060919
0.057409
0.054834
0.051910
0.049196
0.046349
0.042973
0.038581
0.034808
0.030603
0.028574
0.027922
0.026833
0.025784
0.024896
0.023737
0.024344
0.026375
0.027841
0.032639
0.040910
0.047351
0.054709
0.057182
0.055511
0.055555
0.055126
0.056629
0.060579
0.063278
0.066577
0.066522
0.063680
0.061932
0.059935
0.057858
0.056007
0.054067
0.052117
0.050687
0.049816
0.048580
0.047542
0.046450
0.045483
0.044313
0.043320
0.042074
0.040795
0.039439
0.038247
0.036828
0.035664
0.034351
0.033174
0.031895
0.030733
0.029484
0.028327
0.027126
0.025898
0.025638
0.026433
0.026684
0.027207
0.027540
0.028048
0.028354
0.029041
0.029632
0.030294
0.030782
0.031531
0.032054
0.032768
0.033285
0.033987
0.034432
0.035059
0.035582
0.036245
0.036738
0.037386
0.038380
0.040153
0.041547
0.043118
0.044447
0.046088
0.047358
0.048909
0.050155
0.051703
0.051551
0.050075
0.048987
0.048054
0.046824
0.045844
0.044736
0.043761
0.042570
0.041676
0.040445
0.039690
0.036352
0.031034
0.026531
0.022014
0.017278
0.012823
0.008274
0.003553
-0.001857
-0.006741
-0.011912
-0.016597
-0.021877
-0.021980
-0.017734
-0.015241
-0.012355
-0.009529
-0.005954
-0.001344
0.002766
0.006950
0.011012
0.015152
0.019102
0.023198
0.027047
0.031106
0.034825
0.038888
0.039666
0.037663
0.036734
0.035610
0.034401
0.033335
0.032174
0.031105
0.029964
0.028926
0.027784
0.026787
0.025028
0.022733
0.020631
0.018562
0.016435
0.014408
0.012721
0.011573
0.010087
0.008789
0.007389
0.006108
0.004727
0.003476
0.002117
0.000890
-0.000444
-0.001647
-0.002899
-0.003959
-0.005152
-0.006267
-0.007439
-0.008436
-0.009692
-0.010867
-0.012470
-0.013727
-0.015395
-0.013565
-0.008925
-0.005328
-0.001583
0.002178
0.005749
0.009455
0.012178
0.014077
0.016207
0.018408
0.020395
0.022498
0.024471
0.026539
0.027678
0.027914
0.028435
0.029014
0.029483
0.030039
0.030513
0.031053
0.031515
0.031991
0.032373
0.032933
0.033348
0.033883
0.034005
0.033877
0.033756
0.033807
0.033643
0.033615
0.033542
0.033511
0.033341
0.033417
0.033220
0.033235
0.033037
0.033086
0.031280
0.027918
0.025074
0.022213
0.019321
0.016551
0.013606
0.012456
0.012733
0.012404
0.012176
0.012100
0.011894
0.012071
0.012485
0.012826
0.013142
0.013512
0.013814
0.014177
0.014528
0.014951
0.015203
0.015576
0.015835
0.016207
0.016443
0.016890
0.017153
0.018541
0.020960
0.023073
0.025169
0.027167
0.028848
0.030706
0.032399
0.034225
0.035904
0.037816
0.037858
0.036551
0.035612
0.036752
0.039604
0.041738
0.042658
0.042126
0.042169
0.042030
0.041948
0.041817
0.041752
0.041605
0.041495
0.041317
0.041337
0.039174
0.035188
0.031911
0.028483
0.025150
0.021868
0.018523
0.015242
0.012018
0.008844
0.005515
0.005583
0.008846
0.010639
0.012896
0.013989
0.013841
0.014203
0.011993
0.006920
0.003227
-0.000959
-0.004767
-0.009059
-0.007568
-0.001143
0.003238
0.008155
0.012960
0.017641
0.022391
0.027023
0.031589
0.035334
0.037915
0.041073
0.042262
0.041988
0.042300
0.042539
0.040413
0.036199
0.032906
0.028854
0.024319
0.020079
0.015715
0.011457
0.007216
0.005101
0.005099
0.004216
0.003623
0.002958
0.002406
0.001797
0.001184
0.000533
-0.000054
-0.000688
-0.001275
-0.001885
-0.002475
-0.003059
-0.003656
-0.004316
-0.005129
-0.005702
-0.006657
-0.003271
0.004269
0.010008
0.016600
0.023612
0.030386
0.036284
0.041403
0.046908
0.048722
0.047106
0.047088
0.046433
0.046952
0.048548
0.049767
0.050919
0.052156
0.053379
0.054590
0.055763
0.055662
0.054300
0.053360
0.054033
0.056223
0.057849
0.056981
0.053377
0.051056
0.048153
0.045646
0.042874
0.040386
0.035706
0.029264
0.023500
0.017790
0.012346
0.007496
0.002521
-0.002407
-0.007304
-0.012093
-0.016801
-0.021666
-0.026199
-0.031087
-0.027522
-0.015726
-0.007609
0.001750
0.010552
0.020151
0.029713
0.039457
0.048733
0.054894
0.053370
0.055918
0.063252
0.068813
0.076583
0.087404
0.089322
0.084532
0.082687
0.079823
0.084782
0.097911
0.107135
0.117143
0.124997
0.134602
0.129635
0.112935
0.095951
0.073594
0.052785
0.032530
0.011503
-0.001142
-0.006970
-0.009722
-0.006311
-0.004889
-0.014645
-0.036685
-0.052871
-0.071425
-0.088151
-0.106610
-0.112779
-0.110536
-0.101473
-0.083114
-0.067694
-0.062666
-0.068292
-0.069124
-0.082715
-0.107011
-0.126545
-0.134539
-0.110911
-0.076306
-0.046821
-0.014561
0.021236
0.038069
0.039799
0.039253
0.027617
0.031055
0.044199
0.052960
0.062773
0.072433
0.082066
0.091286
0.101086
0.101616
0.093592
0.088975
0.079449
0.064587
0.071202
0.097206
0.102810
0.099242
0.100118
0.099546
0.099158
0.098742
0.098702
0.093335
0.083628
0.075341
0.074613
0.081216
0.085177
0.079507
0.063052
0.051392
0.039250
0.029527
0.018258
0.011974
0.008043
0.004070
-0.006405
-0.022020
-0.030356
-0.032929
-0.038675
-0.042536
-0.050440
-0.059964
-0.069770
-0.068638
-0.058374
-0.051477
-0.044292
-0.036583
-0.029662
-0.022082
-0.015226
-0.006003
0.004487
0.014832
0.024373
0.034966
0.037783
0.034887
0.033628
0.038563
0.048963
0.057462
0.065782
0.074831
0.074358
0.065125
0.059633
0.053165
0.046782
0.040504
0.034391
0.028221
0.022122
0.016059
0.010011
0.004199
-0.005225
-0.018475
-0.029773
-0.041719
-0.053109
-0.064947
-0.075845
-0.087916
-0.079689
-0.051913
-0.031036
-0.004437
0.001700
-0.009788
-0.014144
-0.020128
-0.026188
-0.031823
-0.037547
-0.043427
-0.045047
-0.042743
-0.042151
-0.041026
-0.037650
-0.031681
-0.026991
-0.021682
-0.016921
-0.010515
-0.003295
0.003827
0.010609
0.013597
0.011247
0.016305
0.024364
0.031675
0.034133
0.033510
0.025234
-0.002175
-0.038657
-0.047554
-0.020310
0.015395
0.023061
0.010328
-0.003437
-0.031135
-0.037729
-0.030180
-0.028568
-0.025636
-0.022343
-0.019737
-0.016730
-0.014967
-0.013978
-0.012801
-0.010409
-0.007018
-0.004026
-0.000984
0.002163
-0.001180
-0.011786
-0.010136
-0.001023
0.005124
0.005070
-0.002138
-0.006245
-0.011519
-0.010560
-0.004317
-0.000039
0.001475
-0.000014
-0.000313
-0.000960
-0.000668
0.000216
0.001014
0.001597
0.002354
0.002396
0.003044
-0.002058
-0.012156
-0.020192
-0.028700
-0.035005
-0.038857
-0.043888
-0.044980
-0.042694
-0.041754
-0.040619
-0.039302
-0.038178
-0.036977
-0.035942
-0.034614
-0.033643
-0.029184
-0.021544
-0.015141
-0.008701
-0.001960
-0.000099
-0.002633
-0.003246
-0.004522
-0.005517
-0.006777
-0.004799
0.000004
0.003575
0.007576
0.009414
0.009032
0.009618
0.009951
0.010209
0.010514
0.010865
0.011208
0.011456
0.011820
0.012110
0.012417
0.011265
0.008717
0.006761
0.004665
0.002652
0.000686
-0.001384
-0.003352
-0.006282
-0.010189
-0.013682
-0.017148
-0.020694
-0.024153
-0.027559
-0.030870
-0.034347
-0.035698
-0.034953
-0.035079
-0.034888
-0.034736
-0.034945
-0.035467
-0.035742
-0.036116
-0.036453
-0.036782
-0.037197
-0.036660
-0.035122
-0.034067
-0.032810
-0.031754
-0.029961
-0.027589
-0.025459
-0.023307
-0.021218
-0.019110
-0.016979
-0.014943
-0.012830
-0.010913
-0.008814
-0.007822
-0.007947
-0.007662
-0.007388
-0.007171
-0.006900
-0.006742
-0.005866
-0.004179
-0.002927
-0.001554
-0.000171
0.001175
0.002410
0.003866
0.003748
0.002275
0.001355
0.000367
-0.000614
-0.001658
-0.002598
-0.003553
-0.004565
-0.005554
-0.006471
-0.007383
-0.008378
-0.009260
-0.010488
-0.012185
-0.013565
-0.016290
-0.020436
-0.023801
-0.027466
-0.028820
-0.027831
-0.027789
-0.027546
-0.027901
-0.028864
-0.029529
-0.030216
-0.031025
-0.031291
-0.031082
-0.031160
-0.031129
-0.031761
-0.033122
-0.034231
-0.035418
-0.036489
-0.037596
-0.038715
-0.039869
-0.040871
-0.041962
-0.043008
-0.044159
-0.045052
-0.046195
-0.044571
-0.040460
-0.037451
-0.034054
-0.030815
-0.027497
-0.025547
-0.024778
-0.023639
-0.022594
-0.021509
-0.020251
-0.018771
-0.017380
-0.016060
-0.014670
-0.013289
-0.012023
-0.010657
-0.009327
-0.008082
-0.006768
-0.005570
-0.004622
-0.003555
-0.002579
-0.001532
-0.000606
0.000521
-0.000002
-0.002099
-0.003484
-0.005021
-0.006629
-0.008112
-0.009588
-0.011151
-0.012593
-0.014035
-0.015555
-0.016955
-0.018369
-0.019772
-0.021156
-0.022585
-0.024182
-0.025968
-0.027721
-0.029364
-0.031211
-0.031552
-0.030593
-0.030193
-0.029732
-0.027967
-0.025139
-0.022891
-0.020405
-0.018006
-0.015616
-0.013255
-0.010911
-0.008582
-0.006356
-0.004053
-0.001802
0.000447
0.002634
0.004875
0.005705
0.005143
0.005242
0.005075
0.004947
0.004842
0.004700
0.004669
0.003671
0.001700
0.000238
-0.001363
-0.002984
-0.004759
-0.006744
-0.008658
-0.010536
-0.012432
-0.014284
-0.016188
-0.018035
-0.019772
-0.021686
-0.020853
-0.017524
-0.015219
-0.012604
-0.010176
-0.007637
-0.005190
-0.002776
-0.000420
0.002005
0.004411
0.005381
0.004936
0.005191
0.005196
0.005224
0.005194
0.005256
0.005207
0.005270
0.005222
0.005334
0.005353
0.005370
0.005344
0.005368
0.005353
0.004629
0.003054
0.001906
0.000515
-0.000749
-0.002024
-0.003205
-0.004546
-0.005761
-0.006991
-0.008361
-0.010132
-0.011665
-0.013258
-0.014728
-0.016381
-0.017862
-0.019422
-0.020134
-0.020254
-0.020480
-0.020741
-0.020975
-0.021295
-0.021448
-0.021705
-0.021935
-0.022245
-0.022381
-0.022641
-0.022845
-0.023171
-0.023259
-0.023563
-0.022353
-0.019830
-0.017803
-0.015744
-0.013599
-0.011616
-0.009554
-0.008753
-0.008914
-0.008788
-0.008697
-0.008617
-0.008487
-0.009859
-0.012527
-0.014627
-0.016874
-0.019059
-0.021262
-0.022764
-0.023619
-0.024717
-0.025798
-0.026878
-0.027856
-0.028877
-0.029847
-0.030905
-0.031918
-0.032872
-0.033756
-0.034649
-0.035545
-0.036394
-0.037300
-0.037212
-0.036242
-0.035672
-0.034907
-0.034194
-0.033539
-0.032841
-0.032102
-0.031514
-0.030833
-0.030180
-0.029443
-0.029291
-0.029394
-0.029398
-0.029415
-0.029444
-0.029520
-0.029542
-0.029531
-0.029644
-0.029571
-0.029415
-0.029283
-0.029156
-0.029025
-0.028885
-0.029444
-0.030743
-0.031693
-0.032769
-0.033824
-0.034938
-0.035869
-0.036929
-0.037846
-0.038956
-0.039226
-0.038793
-0.038598
-0.038397
-0.038123
-0.037939
-0.037667
-0.037490
-0.036984
-0.036398
-0.035867
-0.035417
-0.034753
-0.034309
-0.031624
-0.026796
-0.022892
-0.018776
-0.014728
-0.011039
-0.007834
-0.004300
-0.001055
0.002370
0.002472
-0.000437
-0.002071
-0.004069
-0.005965
-0.007901
-0.009660
-0.011539
-0.013274
-0.015118
-0.016870
-0.018759
-0.019872
-0.020603
-0.021407
-0.022334
-0.023122
-0.023968
-0.024675
-0.025610
-0.026322
-0.028367
-0.031518
-0.034275
-0.036979
-0.039851
-0.042415
-0.045320
-0.043833
-0.038285
-0.034465
-0.030188
-0.026031
-0.022096
-0.018616
-0.014938
-0.011547
-0.007879
-0.007127
-0.008922
-0.009754
-0.010829
-0.011870
-0.012921
-0.013826
-0.014910
-0.014732
-0.013244
-0.012290
-0.011265
-0.010264
-0.009238
-0.008292
-0.007199
-0.006229
-0.005214
-0.004359
-0.003277
-0.004745
-0.008470
-0.011268
-0.014240
-0.017244
-0.020095
-0.023069
-0.023824
-0.022420
-0.021946
-0.021173
-0.020552
-0.019883
-0.019207
-0.018483
-0.017842
-0.017186
-0.016614
-0.015888
-0.015272
-0.014583
-0.014024
-0.013416
-0.012553
-0.011423
-0.010521
-0.009536
-0.008540
-0.007525
-0.006629
-0.005689
-0.004721
-0.003750
-0.002822
-0.001919
-0.001349
-0.000989
-0.000531
-0.000143
0.000319
-0.000563
-0.002684
-0.004236
-0.005974
-0.007617
-0.009312
-0.010906
-0.012587
-0.014142
-0.015799
-0.017320
-0.018955
-0.020375
-0.021992
-0.023458
-0.025023
-0.025958
-0.026295
-0.026786
-0.027378
-0.027847
-0.028362
-0.028753
-0.029364
-0.028764
-0.027238
-0.026169
-0.024945
-0.023710
-0.022611
-0.021406
-0.020218
-0.019147
-0.017455
-0.015236
-0.013305
-0.011266
-0.009323
-0.007319
-0.005426
-0.003442
-0.001600
0.000369
0.002145
0.004176
0.004822
0.004460
0.004536
0.004563
0.004477
0.004502
0.002878
-0.000199
-0.002736
-0.005376
-0.007998
-0.010520
-0.013014
-0.015589
-0.018082
-0.020590
-0.023039
-0.025454
-0.027770
-0.030258
-0.031375
-0.031335
-0.031792
-0.032069
-0.032411
-0.032622
-0.032987
-0.033237
-0.033597
-0.032149
-0.028870
-0.026541
-0.023760
-0.022623
-0.021785
-0.019330
-0.017594
-0.015813
-0.013991
-0.012234
-0.010460
-0.008747
-0.006966
-0.006892
-0.008553
-0.009491
-0.010561
-0.011654
-0.012768
-0.013675
-0.014608
-0.015489
-0.016351
-0.017153
-0.018077
-0.018926
-0.019737
-0.020529
-0.020835
-0.020465
-0.020403
-0.020212
-0.020092
-0.019910
-0.019796
-0.019612
-0.019499
-0.019319
-0.019202
-0.019029
-0.018907
-0.018743
-0.018610
-0.018465
-0.017590
-0.015827
-0.014468
-0.012983
-0.011557
-0.010174
-0.008780
-0.007330
-0.005996
-0.004560
-0.003256
-0.001837
-0.000628
0.000779
0.002034
0.003401
0.003958
0.003741
0.003760
0.003859
0.003851
0.003938
0.003882
0.003902
0.003928
0.004009
0.003993
0.004048
0.002991
0.001096
-0.000526
-0.002183
-0.003842
-0.005467
-0.007081
-0.008688
-0.010265
-0.011848
-0.013388
-0.014953
-0.016450
-0.018003
-0.019442
-0.021008
-0.021477
-0.021240
-0.021238
-0.021219
-0.019011
-0.014711
-0.011327
-0.007762
-0.004289
-0.000739
0.002715
0.005398
0.007107
0.009275
0.011180
0.013239
0.015096
0.017158
0.017822
0.017510
0.017603
0.017670
0.017616
0.017717
0.017593
0.017648
0.016298
0.013589
0.011340
0.009097
0.006834
0.004551
0.002355
0.000186
-0.002061
-0.004183
-0.006300
-0.008483
-0.010547
-0.012614
-0.014713
-0.016763
-0.017422
-0.016710
-0.016512
-0.016137
-0.015892
-0.015594
-0.015282
-0.014925
-0.014643
-0.014343
-0.014128
-0.013744
-0.013541
-0.013245
-0.012957
-0.012662
-0.012479
-0.011521
-0.010091
-0.008892
-0.007715
-0.006384
-0.005201
-0.003902
-0.003528
-0.003935
-0.004036
-0.004262
-0.004500
-0.004637
-0.004792
-0.005644
-0.007226
-0.008465
-0.009820
-0.011102
-0.012427
-0.013674
-0.014981
-0.016201
-0.017483
-0.018681
-0.019935
-0.021112
-0.022336
-0.023506
-0.024684
-0.027021
-0.030657
-0.033505
-0.036736
-0.039585
-0.042899
-0.041392
-0.035443
-0.031425
-0.026908
-0.023689
-0.021834
-0.019365
-0.017098
-0.014818
-0.012592
-0.010304
-0.009222
-0.009304
-0.008942
-0.008678
-0.008439
-0.008163
-0.007916
-0.007652
-0.007409
-0.007143
-0.006909
-0.006642
-0.006416
-0.006149
-0.005930
-0.005662
-0.005452
-0.005181
-0.005037
-0.004828
-0.004605
-0.004340
-0.004210
-0.003995
-0.003848
-0.003584
-0.003375
-0.003199
-0.003047
-0.002794
-0.002582
-0.002426
-0.001927
-0.000971
-0.000221
0.000529
0.001308
0.002130
0.002791
0.003617
0.004343
0.005071
0.005332
0.005177
0.005067
0.005059
0.004989
0.004953
0.004901
0.004798
0.004749
0.004735
0.004590
0.004589
0.004531
0.004493
0.004449
0.004350
0.004363
0.004528
0.004602
0.004732
0.004816
0.004943
0.005023
0.005151
0.005227
0.005357
0.005370
0.005437
0.005535
0.005655
0.005722
0.005855
0.005577
0.004986
0.004514
0.003976
0.003415
0.002977
0.002482
0.002028
0.001492
0.000981
0.000543
0.000088
-0.000356
-0.000862
-0.001347
-0.001778
-0.001566
-0.000753
-0.000226
0.000412
0.000985
0.001607
0.002163
0.002781
0.003322
0.003932
0.004464
0.005062
0.005586
0.006222
0.006756
0.005891
0.003421
0.004285
0.007950
0.005000
-0.008952
-0.010651
-0.009256
-0.009252
-0.009234
-0.009559
-0.009903
-0.010044
-0.010392
-0.010602
-0.010861
-0.009924
-0.007861
-0.006228
-0.004546
-0.002819
-0.001184
0.000507
0.002058
0.003721
0.005326
0.006923
0.008512
0.010010
0.011577
0.013113
0.014634
0.015410
0.015291
0.015562
0.015683
0.015817
0.015765
0.015814
0.015856
0.015955
0.015918
0.015959
0.016009
0.016097
0.016130
0.016163
0.016138
0.016250
0.016285
0.016305
0.016300
0.015737
0.014321
0.013301
0.012209
0.011144
0.010009
0.009020
0.007898
0.006952
0.005852
0.005009
0.003932
0.003050
0.002028
0.001186
0.000182
-0.000231
-0.000358
-0.000436
-0.000732
0.001052
0.004530
0.007315
0.010135
0.012945
0.015777
0.016975
0.016430
0.016702
0.016604
0.016751
0.016625
0.016808
0.014962
0.011897
0.009077
0.010400
0.015484
0.014939
0.010001
0.012881
0.020497
0.026107
0.028710
0.027931
0.028437
0.028584
0.028790
0.028957
0.029184
0.029328
0.029538
0.029745
0.029931
0.030063
0.030263
0.030383
0.030574
0.030682
0.030824
0.030751
0.030826
0.030752
0.030858
0.028820
0.024829
0.021687
0.018338
0.016076
0.014816
0.013114
0.011926
0.010696
0.018939
0.037739
0.035968
0.019341
0.018228
0.024393
0.026553
0.030439
0.028455
0.021566
0.016638
0.014658
0.015856
0.015819
0.016150
0.016368
0.016684
0.016843
0.017207
0.017314
0.019395
0.023124
0.026180
0.028095
0.028831
0.030007
0.030898
0.032051
0.028473
0.019882
0.024522
0.040578
0.034772
0.013160
0.011077
0.019234
0.022191
0.027065
0.027107
0.023094
0.020598
0.020782
0.023495
0.025340
0.025342
0.023585
0.022576
0.021394
0.020238
0.020860
0.023422
0.024993
0.026879
0.028619
0.030368
0.031954
0.031184
0.027224
0.028504
0.032560
0.035548
0.035411
0.032362
0.030438
0.029674
0.030243
0.030307
0.030491
0.030657
0.030800
0.030960
0.030352
0.029017
0.028010
0.026890
0.025920
0.024852
0.023888
0.022661
0.021202
0.019829
0.018590
0.017247
0.016045
0.014814
0.014693
0.015508
0.015921
0.016470
0.016990
0.017487
0.017972
0.018452
0.018909
0.019326
0.019720
0.020165
0.020565
0.020971
0.021347
0.021731
0.021914
0.021927
0.022002
0.022056
0.022106
0.022156
0.022201
0.022240
0.022279
0.022311
0.022342
0.022367
0.022391
0.022408
0.022426
0.022433
0.022536
0.022725
0.022897
0.023073
0.023189
0.023322
0.023400
0.023455
0.023470
0.023491
0.023506
0.023511
0.023544
0.023539
0.023515
0.023549
0.023503
0.023494
0.023128
0.022373
0.021779
0.021213
0.020636
0.020103
0.019554
0.019466
0.019804
0.019948
0.020135
0.020324
0.020508
0.020630
0.020772
0.020879
0.021019
0.021130
0.021208
0.021276
0.021340
0.021405
0.021473
0.021413
0.021320
0.021265
0.021164
0.021060
0.020961
0.020840
0.020749
0.020618
0.020479
0.020376
0.020212
0.020078
0.019387
0.018150
0.017236
0.016230
0.015316
0.014392
0.013992
0.014052
0.013916
0.013810
0.013741
0.013640
0.013532
0.013411
0.013322
0.013191
0.013071
0.012959
0.012832
0.012688
0.012583
0.012440
0.012485
0.012650
0.012740
0.012839
0.012921
0.012975
0.013020
0.013038
0.013049
0.013018
0.012982
0.012924
0.012858
0.012767
0.012673
0.012416
0.011989
0.011626
0.011269
0.010906
0.010550
0.010194
0.009841
0.009479
0.009121
0.008778
0.008433
0.008091
0.007751
0.007413
0.007067
0.006741
0.006439
0.006114
0.005799
0.005481
0.005167
0.004850
0.004538
0.004223
0.003912
0.003599
0.003289
0.002984
0.002683
0.002369
0.002063
0.001766
0.001485
0.001194
0.000914
0.000628
0.000338
0.000045
-0.000238
-0.000527
-0.000819
-0.001113
-0.001403
-0.001693
-0.001978
-0.002276
-0.002564
-0.002903
-0.003282
-0.003636
-0.003984
-0.004330
-0.004658
-0.004990
-0.005285
-0.005544
-0.005813
-0.006084
-0.006350
-0.006617
-0.006878
-0.007139
-0.007401
-0.007661
-0.007916
-0.008160
-0.008394
-0.008633
-0.008868
-0.009106
-0.009344
-0.009584
-0.009820
-0.010058
-0.010295
-0.010534
-0.010768
-0.011005
-0.011239
-0.011475
-0.011691
-0.011893
-0.012103
-0.012314
-0.012526
-0.012741
-0.012956
-0.013173
-0.013389
-0.013607
-0.013823
-0.014041
-0.014256
-0.014473
-0.014686
-0.014925
-0.015180
-0.015418
-0.015650
-0.015875
-0.016093
-0.016304
-0.016509
-0.016707
-0.016899
-0.017083
-0.017260
-0.017432
-0.017599
-0.017762
-0.017914
-0.018058
-0.018202
-0.018342
-0.018479
-0.018614
-0.018745
-0.018874
-0.019000
-0.019122
-0.019243
-0.019362
-0.019476
-0.019587
-0.019693
-0.019796
-0.019894
-0.019990
-0.020081
-0.020168
-0.020250
-0.020328
-0.020403
-0.020475
-0.020543
-0.020607
-0.020668
-0.020725
-0.020779
-0.020829
-0.020875
-0.020917
-0.020955
-0.020990
-0.021021
-0.021048
-0.021071
-0.021090
-0.021105
-0.021117
-0.021124
-0.021128
-0.021128
-0.021124
-0.021116
-0.021104
-0.021088
-0.021068
-0.021045
-0.021017
-0.020986
-0.020951
-0.020912
-0.020870
-0.020823
-0.020773
-0.020719
-0.020661
-0.020600
-0.020535
-0.020466
