0.002846
0.006743
0.003173
-0.009482
-0.008271
0.003198
0.000926
-0.000550
0.004090
0.010893
0.008032
-0.005479
-0.009530
-0.003314
0.000379
-0.002930
-0.002386
0.007483
0.002514
-0.012399
-0.003381
0.004662
0.000361
0.001947
0.009792
0.012081
0.003385
-0.002167
0.000933
-0.000515
-0.004057
-0.005432
0.002383
0.000075
0.003319
0.004765
-0.001323
0.000293
-0.003927
-0.003754
-0.000785
0.004301
0.012001
-0.000020
-0.009243
-0.002334
-0.002435
0.002601
0.008122
0.016597
0.018093
0.000628
-0.005055
-0.006833
-0.010276
-0.010669
-0.011091
0.007581
0.011169
0.003673
0.010232
0.008180
-0.005658
-0.014920
-0.003527
0.008775
-0.003911
-0.003696
0.013091
0.012239
-0.019256
-0.005423
0.018027
-0.003261
-0.022764
-0.007185
0.013887
0.009150
-0.002726
0.007374
0.028108
0.002794
-0.009600
-0.005653
-0.005945
-0.030977
-0.013522
0.023035
0.026741
0.010204
0.005603
0.016364
0.008487
0.012027
-0.004017
-0.032338
-0.018237
0.009495
0.010786
0.006930
0.003804
0.002962
-0.039097
-0.019576
0.034965
0.011313
-0.025701
-0.016017
-0.003440
-0.009729
0.001589
0.000222
0.006163
0.012901
0.009922
-0.003716
-0.007148
-0.008836
-0.023255
0.013953
0.038240
0.011807
-0.027601
-0.038575
0.005433
-0.010819
-0.009976
0.010409
-0.007588
0.011272
0.025853
0.023421
-0.001003
-0.010239
-0.011004
-0.009971
0.004429
0.024835
0.005076
-0.006508
0.031567
0.020706
-0.017629
-0.024905
-0.003930
-0.022896
-0.042725
-0.008599
0.016720
-0.011413
-0.011627
0.000220
0.012569
0.003739
-0.013952
0.008127
-0.004028
-0.018042
-0.032749
-0.027598
0.003506
0.000636
0.019465
0.041088
0.021111
0.016888
0.001377
-0.019865
-0.025225
-0.034464
-0.030495
0.001468
0.028230
0.032979
0.020051
0.019218
0.017599
-0.009061
0.007165
0.018735
0.009123
-0.009314
-0.011340
0.005477
-0.009580
-0.013995
0.005101
0.001592
-0.000635
0.003093
0.020535
0.003387
-0.026625
-0.007147
0.007540
-0.002722
-0.016258
0.002254
0.019564
0.013763
0.017886
0.009154
-0.026956
-0.017052
0.004449
0.009184
-0.002985
0.008727
0.024882
0.011169
0.007612
0.009748
-0.008143
-0.033419
-0.038698
-0.010488
-0.000630
-0.004284
0.001556
0.013818
0.019440
-0.010936
-0.018226
-0.021353
-0.013926
0.015745
0.021180
0.010807
0.006260
0.019634
0.002076
-0.035201
-0.017068
-0.000064
-0.003786
-0.001235
0.017022
0.009250
-0.015824
-0.019635
0.005149
0.012093
-0.015462
-0.049353
-0.008454
0.039032
-0.013171
-0.004705
0.037480
0.017028
-0.028336
-0.001128
0.034348
-0.014592
-0.038380
0.011178
0.019912
-0.020234
-0.014755
0.018651
0.042890
0.004355
-0.011606
-0.010650
-0.013391
-0.009726
-0.003717
0.018780
0.011958
0.011775
0.017893
0.022826
-0.011882
-0.043011
-0.034695
0.006040
-0.007891
0.001799
0.019206
-0.009788
-0.004721
-0.004296
-0.019070
-0.038521
-0.006218
0.029489
0.021945
0.011654
0.014096
0.003843
-0.018835
0.002838
0.013688
0.019640
0.034783
0.024134
-0.004038
-0.032054
-0.030502
-0.000659
0.013214
0.005459
0.017092
-0.009166
-0.017765
-0.028617
-0.023199
0.001846
0.000273
-0.009391
0.011260
0.046687
0.003504
-0.042508
-0.012221
0.031440
-0.021818
-0.022607
-0.013187
0.009740
0.024511
-0.028387
-0.004106
0.021021
-0.011542
-0.038382
-0.006538
0.037977
0.031648
0.004593
0.019651
0.014320
-0.001990
-0.013633
-0.000727
0.054675
0.003213
-0.001546
0.031025
0.000437
0.001844
-0.049164
-0.018767
0.000769
-0.017141
0.022824
0.040097
0.015055
-0.034270
-0.029023
0.006495
-0.014759
-0.016908
0.020462
0.005336
0.003214
-0.023654
-0.013058
0.013317
0.010687
-0.009371
0.024089
0.001290
-0.050589
-0.024199
0.027463
0.065047
0.014936
-0.029191
-0.042242
0.002452
-0.031782
-0.021213
0.009327
-0.003371
0.010341
-0.003106
0.059078
0.032973
0.001625
0.024193
0.021284
-0.026543
-0.045548
0.004582
-0.043048
-0.048393
0.064208
0.098169
0.014667
-0.006992
0.013913
-0.009195
-0.113093
-0.036057
0.022615
-0.023726
0.010906
0.026897
0.055394
0.000393
-0.024811
-0.004173
-0.041767
-0.081332
-0.012978
0.005285
-0.007290
0.041890
0.051261
0.038412
0.000274
-0.028768
-0.044664
-0.034593
0.014914
0.022674
0.006859
0.033193
0.035802
0.033779
0.022856
0.017611
0.002340
-0.028733
0.021551
0.025801
0.009160
-0.013251
0.022160
0.006887
-0.033155
0.003470
-0.046021
-0.082589
-0.055585
0.010368
0.020608
0.019677
0.038462
0.027598
0.006101
0.006004
-0.007198
-0.018224
-0.005924
-0.006398
-0.011933
-0.027126
0.029352
0.031603
-0.032523
0.013796
0.033080
-0.004159
-0.035258
0.012765
0.012102
-0.070790
-0.035943
-0.001662
-0.025340
0.005044
0.051370
0.022934
0.011141
-0.033882
-0.004265
0.003995
0.028304
0.034304
-0.040339
0.038252
0.040456
-0.030584
-0.039825
-0.025641
0.002274
0.033273
0.023450
-0.003654
-0.024230
0.004653
0.062380
0.014061
-0.033471
-0.021427
-0.021751
-0.030105
0.000678
0.041484
-0.014726
-0.048656
-0.008181
0.048654
-0.002500
-0.090371
-0.028788
0.017088
-0.013347
0.032229
0.051179
0.018427
0.008542
-0.011746
-0.036520
-0.058171
-0.059801
-0.051571
0.013784
0.025548
0.020141
0.017591
0.029647
0.044173
-0.031032
-0.013647
0.029950
0.010947
-0.025346
0.019482
0.052539
0.025968
-0.020251
0.000364
-0.013244
-0.016307
-0.050712
-0.046546
0.071783
0.007679
-0.074580
-0.031216
0.071837
0.050632
-0.004755
-0.016430
0.017708
-0.036395
-0.044877
-0.017495
0.020748
0.017443
-0.051478
0.035711
0.094676
0.003366
-0.066892
-0.023682
-0.029332
0.013304
0.006142
0.050897
0.125098
0.038201
0.014949
0.039877
-0.037478
-0.125168
-0.043117
0.023750
0.012673
0.058264
0.005419
0.030874
-0.000878
-0.076875
0.004425
-0.053234
-0.020750
0.024686
0.031743
0.071464
0.012599
-0.036146
-0.015616
-0.007108
0.037885
0.043045
-0.010372
0.030479
0.050311
-0.006996
-0.040934
-0.028982
-0.042815
-0.053251
-0.023131
0.018423
-0.000639
0.024928
0.016086
0.055357
0.023253
0.004310
0.036489
-0.035934
-0.010102
0.023294
0.014989
-0.070671
-0.028966
0.053111
0.009677
0.039337
0.051614
-0.020230
-0.052931
-0.010254
0.009740
-0.063262
-0.059319
0.011261
0.044817
0.053836
0.009147
-0.022701
0.008599
-0.003633
0.031651
0.026577
-0.007125
0.041344
0.016417
0.023470
-0.003824
-0.043610
-0.077564
-0.044266
0.012350
-0.012189
0.040276
0.067211
0.035145
0.042008
0.060795
-0.007987
-0.098441
-0.023989
0.017075
-0.028598
0.014762
0.028455
0.047663
0.018045
-0.030340
-0.022388
-0.050888
-0.064505
-0.019648
0.025343
0.024439
0.050539
0.076204
0.066740
0.021298
-0.048662
-0.062318
-0.001565
-0.042185
-0.049264
0.101086
0.065891
0.007511
-0.007119
0.003873
0.011927
-0.081944
-0.080829
-0.029664
-0.012624
-0.003095
0.049518
0.020343
0.010200
0.075386
0.009429
-0.041500
-0.051612
-0.027755
-0.004020
0.023298
0.098018
0.054525
0.007203
0.000418
-0.027702
-0.051464
-0.065962
-0.039589
-0.022648
-0.009360
0.050009
0.064628
0.051607
0.028445
-0.033212
-0.037766
-0.006283
0.014151
-0.044117
-0.135889
-0.110418
-0.018192
-0.007705
-0.020260
-0.017780
0.008292
0.077767
0.039245
0.032335
0.043892
-0.005289
0.008966
-0.038104
0.009539
0.031290
0.022024
0.074661
0.056077
0.030845
0.026526
0.034450
-0.020466
-0.048137
-0.039577
-0.024633
-0.033064
-0.050727
0.022117
0.065090
0.070713
0.083992
0.022101
-0.033480
-0.067048
-0.005086
0.017139
0.000800
-0.020453
-0.036167
0.043465
0.024845
-0.036258
-0.056642
-0.039380
-0.011641
-0.037360
-0.068666
-0.073314
-0.052429
-0.009836
0.002544
-0.056256
-0.008859
0.087508
0.052028
0.015341
0.018670
0.031111
0.057016
0.000848
-0.090499
-0.064763
-0.025624
-0.020877
-0.059131
-0.044904
0.021715
0.107716
0.035960
-0.083218
-0.025006
0.054611
0.002532
-0.006388
0.107349
0.040627
0.008623
-0.004617
0.023638
0.018639
-0.046332
0.024216
0.062293
-0.007943
-0.095576
-0.028364
-0.006317
-0.068857
-0.063798
-0.022252
0.026191
0.005936
-0.007786
0.015437
0.000818
-0.022582
-0.056993
-0.070995
0.025100
0.060325
0.038316
-0.005335
-0.001395
0.026429
-0.047625
-0.066644
-0.028668
0.026592
0.047373
0.053386
0.052624
0.009928
0.003679
-0.011233
0.000846
0.054796
0.010669
-0.012342
0.029506
0.031005
-0.012817
-0.035225
0.002129
0.013440
-0.044575
-0.037940
0.024203
0.048662
0.005231
0.032825
0.091486
0.067123
0.038772
0.039058
-0.006133
-0.081076
-0.048589
-0.002722
0.023424
-0.009605
-0.093858
-0.086304
-0.099448
-0.044403
0.016675
0.023673
0.039622
0.052315
0.000051
-0.018433
0.015348
-0.074780
-0.113753
-0.074433
0.034941
0.027143
-0.047960
0.006881
0.049416
0.016469
-0.006634
-0.030659
-0.042848
-0.014371
-0.020318
0.009273
-0.002280
-0.022503
-0.002198
0.016031
0.052550
0.098233
0.104973
0.058568
0.030516
0.042727
0.034449
0.017691
0.015177
-0.027186
-0.052703
-0.003981
0.030749
0.026370
0.040805
-0.009671
-0.046531
-0.017876
0.007938
-0.013925
-0.017880
-0.028768
-0.001824
0.014087
-0.014651
-0.006736
-0.017160
-0.020341
-0.025237
-0.018768
-0.067496
-0.078089
-0.046047
-0.046978
-0.002586
0.026567
0.061240
0.059399
0.009948
0.018410
0.012648
0.036886
0.024473
-0.009027
0.028913
-0.037282
-0.094097
-0.039188
-0.006140
-0.038891
-0.022174
0.061610
0.049186
0.015679
0.011560
0.017434
0.014589
-0.030566
-0.025070
0.007783
0.032571
0.070267
0.068241
0.051265
0.048605
-0.004231
-0.039777
-0.037193
-0.001967
0.030944
0.002751
-0.004602
0.058683
0.045560
0.035170
0.034542
0.007453
0.010008
0.003561
0.061113
0.021697
0.004344
0.035171
0.029837
0.041947
-0.008089
0.028986
0.068875
0.001267
-0.019040
0.023082
0.057076
0.021979
0.020041
0.051914
0.013275
-0.028920
-0.041445
-0.032253
-0.029944
-0.016597
-0.014794
-0.015420
-0.035381
-0.056396
-0.003825
-0.016857
-0.034140
-0.016183
-0.048241
-0.071087
-0.050164
-0.035280
-0.066892
-0.066992
0.001685
0.003722
-0.015645
-0.004690
-0.012192
-0.023551
-0.007486
0.013724
-0.019311
-0.035987
0.027779
0.046434
-0.003935
-0.025940
-0.014104
0.003133
-0.005786
0.008009
0.048486
0.065165
0.022811
0.042559
0.072019
0.032437
-0.013457
0.011595
0.040401
-0.003137
-0.001589
0.019518
0.011151
0.000872
0.004387
0.004292
-0.008319
0.020616
0.048297
0.028699
0.006312
-0.019175
-0.027830
-0.037750
-0.054238
-0.013976
0.038631
0.019324
-0.005550
0.023020
0.032198
-0.033019
-0.047387
-0.025757
-0.029393
-0.042638
-0.026066
0.003328
-0.015906
-0.042793
-0.025424
0.016568
-0.016863
-0.056057
-0.038649
-0.026436
-0.010995
0.002238
-0.026225
-0.030624
0.007086
-0.027500
-0.029849
-0.024048
-0.028200
-0.017809
-0.029109
-0.027566
-0.030952
-0.022265
-0.013586
-0.003520
-0.012621
-0.011215
-0.002558
-0.009470
-0.022974
0.006356
0.017367
-0.008129
0.020702
0.022865
0.007855
0.009097
-0.003240
0.000162
0.024268
0.033086
0.032991
0.044698
0.037039
0.016494
-0.033125
-0.008431
0.023309
0.007429
0.028972
0.052020
0.067069
0.012670
0.019012
0.044688
-0.014031
-0.022158
0.014024
0.018325
0.014737
0.027945
0.034536
-0.005282
-0.022499
0.009533
0.007773
0.009437
-0.000643
-0.011421
-0.026327
-0.007258
0.005763
-0.004935
-0.004176
-0.016256
-0.016469
-0.001904
-0.003571
-0.017931
-0.028521
-0.009465
-0.008779
-0.032636
-0.036284
-0.014983
-0.027593
-0.023673
0.011800
0.010014
-0.018218
-0.037832
-0.024430
-0.017373
0.012214
0.019410
0.039910
0.057604
0.009459
0.013712
0.045185
0.038761
0.000327
-0.017412
-0.010837
-0.009697
0.009317
0.012277
-0.002982
0.019393
0.002148
-0.021824
-0.029442
0.006173
0.035218
-0.011916
-0.028725
0.009698
0.011774
-0.012098
0.005146
0.030527
-0.005360
-0.007800
-0.003492
-0.008525
-0.016123
-0.044763
0.010556
0.014982
0.006248
0.002069
0.014107
0.018329
-0.027348
-0.029613
-0.003888
-0.013079
-0.005449
0.027951
0.058850
0.044543
-0.000413
-0.028518
-0.046054
-0.035182
-0.009995
0.002244
0.002504
0.019775
-0.000752
0.006637
0.029773
0.028011
0.012107
0.019998
0.024105
-0.015298
-0.024962
-0.012273
0.010170
0.002614
0.012322
0.044498
0.023821
0.005574
0.010929
0.032619
0.018219
-0.036675
-0.013447
0.014956
0.001094
-0.012134
-0.000637
0.011706
0.018329
0.013394
-0.019762
-0.018863
0.005015
-0.005515
-0.010775
-0.010183
-0.008968
0.014670
0.004043
0.008572
0.017899
0.008678
-0.012975
-0.027279
-0.012386
-0.018567
0.024470
0.034222
0.004836
0.024902
0.006759
-0.018775
-0.012015
-0.029705
-0.025136
-0.031708
-0.020223
0.021648
0.010642
0.002589
-0.005598
-0.014920
0.006546
-0.001537
-0.006478
0.001049
0.003962
0.017222
0.018286
0.004227
-0.005454
0.004962
0.002620
-0.001665
-0.000596
0.007422
0.023750
0.009172
-0.013489
-0.000053
-0.011104
-0.017241
-0.012926
-0.016348
0.007107
0.021307
-0.009798
-0.002888
0.019739
-0.015291
-0.045282
-0.039149
-0.015504
-0.009639
-0.011927
0.009735
0.012643
-0.001398
-0.001652
-0.001367
-0.007614
0.000494
0.014021
0.012837
0.019402
0.006642
0.002808
0.007637
0.023214
0.038030
0.020054
0.008681
0.008104
0.010159
0.008881
0.017535
0.032465
0.024359
0.000048
-0.010649
-0.007975
0.008936
-0.004452
0.001239
0.015310
0.015258
0.011884
0.006478
0.018278
-0.003265
-0.014161
-0.015173
-0.016744
-0.047717
-0.044312
-0.027156
-0.029155
-0.020116
-0.031841
-0.023400
-0.015842
-0.035632
-0.021763
0.000715
-0.020953
-0.024683
0.002522
0.008509
-0.037511
-0.018351
0.032132
0.014159
-0.024380
0.022370
0.018029
0.005038
0.026011
0.012128
0.003300
0.016426
0.009517
-0.003204
0.027474
0.026385
0.007257
0.014887
0.046244
0.010162
-0.027081
-0.026318
0.037719
0.053266
0.033407
0.032875
0.054549
0.023462
-0.016455
0.034186
-0.000604
-0.045528
-0.013835
-0.031653
-0.009316
0.029963
-0.027905
-0.011210
0.006460
-0.011956
0.017346
-0.006287
-0.029520
-0.010958
-0.003516
0.021702
-0.007952
-0.015421
0.010296
-0.016681
-0.046836
-0.024240
0.015823
-0.019305
-0.036152
0.006940
0.017199
-0.008020
-0.004780
0.015718
0.003084
-0.034267
-0.012734
0.000137
0.002954
0.009042
0.006887
0.021474
0.009849
0.013207
0.004555
-0.023890
-0.012355
0.011108
0.005857
0.015922
-0.008771
-0.001343
0.012731
-0.011265
-0.023174
-0.030149
-0.013710
-0.008752
-0.013139
-0.010471
-0.001747
0.002537
-0.001507
-0.005672
0.008058
0.003751
-0.040645
-0.028533
-0.008284
-0.012176
-0.005154
-0.016472
-0.013652
0.004601
0.011953
0.007458
0.026632
-0.001431
-0.008489
-0.007827
0.012591
0.024327
-0.017490
-0.018139
-0.036458
0.006385
0.028556
0.010879
0.035196
0.020060
0.026513
0.029703
0.005140
-0.036026
-0.022604
0.012632
0.024116
-0.008699
-0.027045
0.022002
-0.007489
-0.008905
-0.016819
0.007511
0.041829
0.032974
0.013265
-0.004698
-0.006829
-0.027685
-0.032602
-0.010879
0.026398
0.021364
0.005809
0.005124
0.008266
-0.005561
-0.053173
-0.042927
-0.033346
-0.005034
-0.002312
-0.005168
0.049153
0.017739
0.001773
0.018498
0.027157
0.015286
-0.012828
-0.029369
-0.001012
0.041284
0.020520
0.021557
0.018974
0.000744
-0.020039
-0.023585
0.009896
0.018062
0.021714
0.023937
0.004436
-0.018068
-0.005429
-0.008378
-0.023173
-0.032263
-0.023435
-0.010147
-0.025037
-0.001538
0.007266
-0.002353
-0.025013
-0.027889
0.000249
0.016256
0.030119
0.009966
-0.017466
-0.004692
-0.018607
-0.026937
-0.004376
-0.012960
-0.000213
0.021974
0.034819
0.021539
0.006472
-0.002330
-0.004414
-0.013222
-0.003085
0.023967
0.019572
0.014165
0.008644
0.005159
-0.016011
-0.008304
0.028647
0.038378
0.026799
0.025620
0.040276
0.025703
0.007540
-0.003536
-0.016134
-0.018090
-0.035422
-0.027945
0.010182
0.003129
0.004652
-0.004323
-0.006354
-0.016704
-0.018623
0.011191
0.012392
0.015381
0.003699
-0.021164
-0.011363
-0.005395
-0.016464
-0.000584
0.007510
0.011466
-0.006758
0.004285
0.022611
0.008278
-0.013965
0.006983
0.016395
0.010123
-0.001783
-0.002611
0.005107
-0.010670
0.013616
0.024214
0.049886
0.028943
-0.008009
-0.006520
-0.018442
-0.019964
-0.017491
-0.007475
-0.008461
0.002502
-0.016586
-0.030526
-0.025273
-0.015818
-0.002734
-0.001090
0.004363
-0.000821
-0.004162
-0.006885
-0.013322
-0.010620
0.000080
-0.004375
0.005994
0.022653
0.034306
0.021391
0.009768
0.005000
0.008534
0.006432
-0.017819
-0.015346
0.012358
0.021856
0.020017
0.026150
0.011838
0.007795
0.004534
-0.000499
0.005070
0.010692
0.003371
-0.007173
-0.012409
-0.002112
0.000965
-0.027563
-0.029528
-0.011352
0.014138
0.005874
-0.004868
-0.001175
-0.020109
-0.010305
-0.006188
-0.015588
-0.008804
-0.013095
-0.019862
-0.016725
-0.013671
-0.005752
-0.006657
-0.007778
0.002736
0.000652
0.006825
-0.008632
-0.010148
-0.006937
-0.025792
-0.023562
-0.015640
0.003217
0.000590
-0.004114
0.000902
-0.008245
0.003561
0.020218
0.021707
0.013598
-0.002710
-0.002659
0.001287
-0.003319
0.001672
0.009730
0.020323
0.001767
-0.004881
0.003254
-0.004365
-0.000010
-0.005975
0.013140
0.022351
0.000579
0.009178
0.011566
0.001117
0.009217
0.020263
0.018338
0.005145
0.005017
0.013085
0.009655
-0.006280
-0.014341
0.001543
0.004772
-0.003993
0.007126
0.007225
0.006721
0.005249
0.007918
0.008802
-0.003870
-0.012101
0.000664
-0.006263
-0.013835
0.006053
0.003444
-0.003383
-0.011798
0.002992
0.003416
-0.009345
-0.017276
-0.008862
0.004246
-0.007381
-0.007606
-0.002207
-0.001586
0.003790
0.000082
-0.003134
0.000273
-0.009590
-0.010208
-0.013175
-0.008324
0.003502
-0.000129
0.004158
0.004082
-0.000461
-0.004886
-0.010799
-0.009479
-0.004576
-0.008825
-0.005502
0.000493
0.004436
0.011905
0.013499
0.002643
0.000853
0.009218
0.006051
0.001060
-0.005230
-0.001697
-0.003905
-0.003717
-0.000675
0.001642
-0.009700
-0.010392
-0.003156
-0.007241
-0.003481
-0.009688
-0.015426
-0.015435
0.000267
0.001752
0.003719
0.007626
0.006815
0.005116
-0.002832
0.008178
0.005490
-0.004822
-0.006484
-0.005000
-0.006229
0.001177
0.008606
0.011163
0.013504
0.006243
-0.000233
0.001019
0.011557
0.012048
0.007602
-0.001928
0.002728
0.008682
0.003216
-0.003329
-0.005991
-0.001392
-0.004197
-0.006023
-0.007592
0.002451
-0.003336
-0.010404
-0.006847
-0.004955
0.000748
-0.004424
0.003061
0.007330
-0.004953
-0.005465
0.000075
0.005421
0.001084
0.005633
0.006685
-0.010707
0.002058
0.010235
0.010803
0.003697
-0.000295
0.004352
-0.000635
0.000584
-0.002328
-0.000477
-0.003047
-0.006201
-0.004543
-0.008762
-0.008208
-0.003125
-0.005405
0.000045
0.001381
-0.001384
-0.003117
0.002310
0.009022
-0.000416
-0.003882
0.004060
0.008803
0.006443
0.002462
0.003834
0.003541
-0.009649
-0.009320
0.005254
0.007038
0.000625
0.003285
0.009165
0.002305
-0.013700
-0.010569
0.003556
0.003143
-0.003655
0.001437
0.011921
0.002361
-0.006993
-0.003014
0.003763
0.002181
-0.001113
0.009605
0.012578
0.002222
-0.004359
-0.001935
-0.002371
-0.001930
0.000146
0.003171
0.004133
0.003607
0.007477
0.005998
0.006526
0.001774
-0.000104
0.003510
0.002806
0.003642
-0.002762
0.001888
-0.000495
-0.010913
-0.010244
-0.010754
-0.002110
-0.008680
-0.013651
-0.003322
-0.001498
-0.008927
-0.014536
-0.004601
-0.002799
-0.004440
-0.002417
0.002710
0.006078
0.006071
0.009084
0.011892
0.009763
0.009350
0.005232
-0.000845
-0.003453
-0.002122
0.000767
-0.002588
0.004383
0.005199
-0.000955
-0.006755
-0.000954
0.005782
0.000303
0.002997
0.003416
0.001813
-0.001910
-0.002190
0.003675
0.002977
0.001860
0.002652
0.002574
0.010548
0.009368
0.003218
-0.000859
-0.002991
0.001773
0.001250
-0.001731
0.002762
0.003493
-0.004870
-0.006749
-0.000532
0.010221
0.004282
0.000833
0.005829
-0.002066
-0.010092
-0.008371
-0.000461
-0.003662
-0.007715
-0.001026
0.003048
0.000963
-0.008575
-0.006001
-0.000994
-0.001390
-0.003883
0.001316
0.002960
0.003599
0.003159
0.004285
0.006404
-0.001608
-0.001059
0.004177
0.005667
0.001994
0.001543
-0.005024
-0.003500
0.002314
0.003819
0.002324
-0.001175
0.000655
-0.004671
-0.007167
-0.005492
-0.003868
-0.001471
0.002279
0.003720
-0.005718
-0.007349
-0.006589
-0.005078
-0.002936
-0.006012
-0.003000
-0.004332
-0.001273
0.005795
-0.002879
-0.005357
0.003892
0.005952
0.005350
0.009632
0.013006
0.010483
0.009239
0.011184
0.007978
0.004579
0.004567
0.008347
0.009786
0.004051
0.006075
0.003649
0.000389
0.001164
0.000150
0.002393
0.001444
-0.001886
-0.003671
-0.001650
0.000635
-0.000270
-0.000713
0.002146
-0.000948
-0.005184
-0.010038
-0.011718
-0.007988
-0.009143
-0.003374
0.000212
-0.001075
-0.001434
-0.004255
-0.003377
-0.003712
-0.003901
-0.000933
-0.000295
0.001101
0.004122
0.000475
-0.001336
-0.000385
-0.000929
-0.001864
-0.001078
0.001031
0.001118
-0.002120
-0.003325
-0.002827
-0.001767
-0.001409
0.000678
0.002085
-0.001074
-0.003179
-0.003325
-0.001644
-0.003509
0.000329
0.001773
-0.000412
-0.004221
-0.003117
-0.000580
-0.001292
0.001115
0.001376
0.001908
0.002901
0.000535
-0.000767
0.000839
-0.000003
0.000586
0.002378
0.003242
0.002072
-0.000296
0.000762
0.001675
-0.000119
0.000413
0.000285
-0.000493
0.000313
0.001416
0.001137
-0.000232
-0.000289
-0.001797
-0.003925
-0.003557
-0.001461
0.000795
-0.000246
-0.000553
-0.000373
-0.000467
-0.000378
-0.000588
0.000171
0.000123
-0.000508
0.000110
0.001693
0.000582
-0.001019
-0.001386
-0.001309
-0.000405
-0.000413
-0.000090
0.000933
0.000888
-0.000413
0.000069
0.000729
0.000122
0.000366
0.000494
0.000136
-0.001145
-0.001797
-0.001351
-0.000521
-0.000514
-0.000775
-0.000101
-0.000263
-0.000329
-0.000766
-0.001033
-0.000972
-0.000626
-0.000331
-0.000243
-0.000083
-0.000163
0.000029
0.000104
0.000442
0.000530
0.000575
0.000394
0.000296
0.000371
0.000551
0.000502
0.000367
0.000500
0.000515
0.000624
0.000514
0.000605
0.000623
0.000520
0.000525
0.000476
0.000484
0.000368
0.000360
0.000431
0.000359
0.000287
0.000203
0.000123
0.000091
0.000113
0.000114
0.000094
0.000100
0.000098
0.000071
0.000048
0.000043
0.000055
0.000067
0.000077
0.000081
0.000084
