-0.003996
-0.009385
-0.014042
-0.014460
-0.011155
-0.007551
-0.006217
-0.007530
-0.011002
-0.015569
-0.018549
-0.016880
-0.010870
-0.005141
-0.004277
-0.008611
-0.015752
-0.024885
-0.037049
-0.051570
-0.064904
-0.073594
-0.076467
-0.073571
-0.065333
-0.053727
-0.041894
-0.031148
-0.020393
-0.009775
-0.001948
0.002830
0.009667
0.022884
0.039261
0.052891
0.064874
0.079903
0.091890
0.083045
0.044906
-0.005470
-0.039815
-0.047697
-0.043040
-0.042228
-0.045476
-0.043011
-0.030829
-0.013705
0.001636
0.008939
0.002150
-0.018596
-0.042057
-0.055089
-0.056773
-0.054948
-0.047976
-0.021695
0.028346
0.081440
0.111695
0.120457
0.133989
0.164453
0.185845
0.159887
0.080793
-0.017759
-0.099207
-0.155127
-0.195469
-0.221111
-0.221238
-0.195871
-0.164561
-0.143526
-0.122573
-0.077242
-0.003256
0.072543
0.120058
0.136179
0.139355
0.139248
0.124085
0.080756
0.018072
-0.038219
-0.070281
-0.080705
-0.080795
-0.074659
-0.059635
-0.037590
-0.017878
-0.007555
-0.003309
0.003643
0.016669
0.030855
0.040092
0.043394
0.043189
0.040295
0.033294
0.021970
0.009011
-0.001610
-0.006065
-0.000818
0.015671
0.039905
0.064250
0.083384
0.098719
0.113591
0.124452
0.120614
0.094397
0.049287
-0.004135
-0.057544
-0.106497
-0.144688
-0.163378
-0.159826
-0.142542
-0.123394
-0.105815
-0.084856
-0.057905
-0.029862
-0.005974
0.015081
0.036269
0.052925
0.054364
0.036367
0.009239
-0.008576
-0.004567
0.019686
0.052513
0.083717
0.113091
0.147336
0.187728
0.221872
0.229991
0.199547
0.132600
0.041670
-0.056789
-0.145205
-0.208085
-0.237968
-0.237290
-0.213116
-0.171970
-0.120069
-0.062895
-0.000872
0.069542
0.145536
0.213553
0.261508
0.289739
0.299550
0.276089
0.200599
0.084952
-0.023013
-0.081664
-0.094469
-0.094209
-0.096982
-0.089749
-0.060631
-0.019935
0.016275
0.046294
0.073475
0.088494
0.076784
0.038475
-0.013720
-0.073293
-0.139878
-0.199201
-0.222132
-0.195400
-0.141583
-0.094482
-0.060500
-0.018921
0.041900
0.105126
0.147149
0.164993
0.171103
0.169375
0.149869
0.106438
0.047669
-0.012863
-0.067230
-0.108998
-0.127363
-0.115544
-0.082058
-0.043486
-0.005892
0.037849
0.090462
0.140099
0.173875
0.192738
0.202059
0.193012
0.149285
0.075955
0.007576
-0.023543
-0.020488
-0.012312
-0.015786
-0.019903
-0.009189
0.011841
0.025674
0.024368
0.014922
0.006439
0.001806
0.000492
-0.000116
-0.006795
-0.024553
-0.046016
-0.055939
-0.051777
-0.052170
-0.077213
-0.125230
-0.176938
-0.217729
-0.244983
-0.255631
-0.241437
-0.202544
-0.154966
-0.113769
-0.073827
-0.017196
0.061448
0.145840
0.216027
0.267336
0.307075
0.337508
0.348562
0.327852
0.275461
0.208136
0.148119
0.104821
0.066562
0.013590
-0.057723
-0.125693
-0.161734
-0.156888
-0.126313
-0.088978
-0.049150
-0.000605
0.057446
0.116113
0.166606
0.205723
0.229214
0.227495
0.195644
0.144628
0.094786
0.058200
0.034921
0.027039
0.045524
0.095072
0.159212
0.212020
0.242625
0.255891
0.247893
0.196898
0.091098
-0.042984
-0.155843
-0.219315
-0.243358
-0.247166
-0.229854
-0.181491
-0.111222
-0.043765
0.012527
0.074616
0.153064
0.227869
0.272919
0.293270
0.311408
0.315469
0.252241
0.094175
-0.104020
-0.246218
-0.291260
-0.282358
-0.276706
-0.276754
-0.251143
-0.198204
-0.151126
-0.124557
-0.092497
-0.031772
0.039663
0.088303
0.110110
0.124109
0.130953
0.108735
0.055126
0.006629
-0.001387
0.020693
0.030939
0.008504
-0.026061
-0.043331
-0.041165
-0.041419
-0.062190
-0.103892
-0.157028
-0.211714
-0.258601
-0.289821
-0.304394
-0.308539
-0.305967
-0.289979
-0.250730
-0.190666
-0.127879
-0.080293
-0.048599
-0.019007
0.017254
0.052343
0.073277
0.081723
0.095263
0.126475
0.166040
0.192608
0.197189
0.189221
0.175280
0.140716
0.063951
-0.050677
-0.165522
-0.242185
-0.276167
-0.291281
-0.304213
-0.306932
-0.286337
-0.247241
-0.204251
-0.158529
-0.098984
-0.028028
0.029858
0.055871
0.062800
0.077605
0.100486
0.098674
0.048748
-0.026789
-0.078447
-0.081660
-0.057879
-0.043779
-0.051567
-0.065432
-0.067641
-0.057376
-0.046629
-0.047831
-0.067258
-0.102331
-0.140113
-0.162729
-0.160116
-0.137126
-0.105471
-0.070293
-0.028272
0.021784
0.071666
0.109958
0.133916
0.152737
0.179050
0.218686
0.268751
0.323117
0.375271
0.414020
0.421598
0.384842
0.310839
0.224492
0.144006
0.063738
-0.029883
-0.127911
-0.197714
-0.217089
-0.199013
-0.173923
-0.155490
-0.134956
-0.102955
-0.060775
-0.010030
0.051659
0.117944
0.171179
0.203261
0.225864
0.242737
0.220763
0.114844
-0.069748
-0.257637
-0.361885
-0.358559
-0.295243
-0.231866
-0.184921
-0.129566
-0.043959
0.059230
0.148190
0.214666
0.289042
0.398261
0.509742
0.539959
0.437678
0.248334
0.073081
-0.034111
-0.105245
-0.192062
-0.292436
-0.364859
-0.394917
-0.411989
-0.439947
-0.461636
-0.445945
-0.390907
-0.322147
-0.258485
-0.195923
-0.123617
-0.041502
0.041190
0.117422
0.189219
0.265766
0.352905
0.439615
0.497447
0.501037
0.451275
0.374112
0.296520
0.227237
0.158911
0.081134
-0.009495
-0.104373
-0.184472
-0.233174
-0.251673
-0.256553
-0.258314
-0.248678
-0.214771
-0.159651
-0.100217
-0.047566
0.001535
0.054421
0.112341
0.172089
0.230960
0.287487
0.340548
0.386473
0.411644
0.392635
0.317490
0.209797
0.116324
0.060553
0.019422
-0.040568
-0.113757
-0.161461
-0.165189
-0.150874
-0.151310
-0.163040
-0.157268
-0.122953
-0.078859
-0.043621
-0.012988
0.025177
0.066084
0.091332
0.093614
0.086849
0.088436
0.097306
0.094884
0.067160
0.021946
-0.018193
-0.038599
-0.044055
-0.046673
-0.047480
-0.036225
-0.008208
0.025916
0.049850
0.056192
0.047907
0.030221
0.007179
-0.015703
-0.032065
-0.039631
-0.040728
-0.036924
-0.026796
-0.010514
0.007147
0.021494
0.033509
0.047433
0.063538
0.076535
0.082080
0.083135
0.088158
0.102367
0.120749
0.130761
0.123812
0.104477
0.086636
0.080129
0.083487
0.090127
0.095967
0.095659
0.075661
0.022082
-0.060821
-0.147578
-0.213325
-0.253638
-0.276082
-0.278374
-0.248799
-0.189368
-0.122780
-0.067063
-0.013696
0.055339
0.135659
0.203215
0.247295
0.278235
0.291928
0.248811
0.115195
-0.078661
-0.248155
-0.331730
-0.342574
-0.334233
-0.332610
-0.321700
-0.285857
-0.237526
-0.195944
-0.158969
-0.112127
-0.055814
-0.007659
0.019397
0.027397
0.020957
-0.002407
-0.043355
-0.090572
-0.127856
-0.148669
-0.158442
-0.165199
-0.172740
-0.180403
-0.183010
-0.171530
-0.140264
-0.095046
-0.049239
-0.009409
0.030555
0.078565
0.132991
0.187132
0.240447
0.296790
0.351410
0.387436
0.388672
0.351620
0.282845
0.191533
0.091391
0.005010
-0.045452
-0.056233
-0.044978
-0.031414
-0.018548
0.003060
0.036753
0.073380
0.103442
0.127002
0.145475
0.148321
0.117885
0.051348
-0.027603
-0.085712
-0.109100
-0.110932
-0.109768
-0.106331
-0.087049
-0.046589
0.002031
0.042322
0.071624
0.096808
0.116691
0.118487
0.094538
0.056197
0.025205
0.012981
0.012235
0.007597
-0.010117
-0.040332
-0.077667
-0.115733
-0.147291
-0.165607
-0.168368
-0.159049
-0.141972
-0.116863
-0.081406
-0.039866
-0.004897
0.014065
0.022121
0.031927
0.044021
0.041575
0.011201
-0.035221
-0.068382
-0.071921
-0.057904
-0.049890
-0.057606
-0.073094
-0.085778
-0.092826
-0.095830
-0.095018
-0.089226
-0.077474
-0.059051
-0.035444
-0.012973
0.000815
0.005143
0.006223
0.007191
0.002755
-0.011889
-0.031455
-0.047110
-0.060916
-0.085305
-0.125673
-0.169942
-0.199971
-0.209613
-0.207297
-0.203676
-0.202155
-0.199942
-0.192529
-0.176115
-0.150701
-0.123533
-0.105896
-0.102826
-0.107951
-0.111833
-0.113952
-0.122390
-0.141502
-0.164252
-0.179205
-0.181609
-0.174522
-0.160994
-0.140503
-0.114476
-0.090570
-0.077573
-0.076613
-0.080830
-0.084153
-0.088234
-0.099887
-0.123188
-0.154675
-0.184184
-0.199106
-0.189665
-0.153771
-0.098322
-0.034864
0.027463
0.086367
0.145697
0.210938
0.283468
0.356854
0.418161
0.453351
0.451507
0.405953
0.317168
0.199270
0.080621
-0.010334
-0.063219
-0.086938
-0.092317
-0.079496
-0.045489
0.003104
0.053491
0.100397
0.148268
0.200492
0.254795
0.309038
0.359569
0.388286
0.363813
0.271032
0.137527
0.016938
-0.058135
-0.098721
-0.133140
-0.169795
-0.194809
-0.198222
-0.187670
-0.174692
-0.158941
-0.132956
-0.096575
-0.058721
-0.025836
0.004895
0.039270
0.077603
0.115597
0.150553
0.181502
0.203084
0.204248
0.177501
0.127614
0.067317
0.005728
-0.053675
-0.103552
-0.129789
-0.124150
-0.094715
-0.055535
-0.009439
0.048674
0.112809
0.164441
0.194912
0.213680
0.221439
0.188759
0.086377
-0.062552
-0.185640
-0.230654
-0.216606
-0.199907
-0.202230
-0.194644
-0.149128
-0.078055
-0.011834
0.041903
0.097726
0.161704
0.221736
0.266203
0.292993
0.295563
0.257155
0.171458
0.060606
-0.040311
-0.114654
-0.171442
-0.222776
-0.264660
-0.283874
-0.276329
-0.252047
-0.223829
-0.196040
-0.164336
-0.123316
-0.072864
-0.018499
0.033243
0.079433
0.120575
0.155917
0.180465
0.188968
0.183444
0.174343
0.171123
0.171685
0.164326
0.141942
0.111444
0.085596
0.067740
0.050211
0.027849
0.006183
-0.007328
-0.014200
-0.020844
-0.027755
-0.031444
-0.036443
-0.055746
-0.095001
-0.142555
-0.180495
-0.201625
-0.210309
-0.210226
-0.198512
-0.171793
-0.131313
-0.080069
-0.019785
0.045685
0.107622
0.158499
0.200804
0.244638
0.293049
0.332480
0.344428
0.328017
0.303900
0.287897
0.265431
0.205840
0.105434
0.002339
-0.063509
-0.096125
-0.132655
-0.189953
-0.242714
-0.261765
-0.255281
-0.255035
-0.271986
-0.286246
-0.280506
-0.263461
-0.252440
-0.247047
-0.232662
-0.203375
-0.168644
-0.138204
-0.110691
-0.079685
-0.043998
-0.008579
0.020634
0.039423
0.045585
0.039866
0.025994
0.008155
-0.011092
-0.030085
-0.047065
-0.061137
-0.072534
-0.080272
-0.080944
-0.072245
-0.057259
-0.042823
-0.033129
-0.026595
-0.019383
-0.009676
0.002955
0.020174
0.043555
0.070859
0.096806
0.118800
0.138913
0.157354
0.165959
0.152881
0.115084
0.062778
0.009377
-0.040332
-0.088196
-0.130793
-0.155695
-0.152973
-0.127232
-0.093570
-0.061640
-0.027815
0.014708
0.061561
0.098036
0.114823
0.118402
0.121879
0.127079
0.121004
0.092023
0.046290
0.004216
-0.018397
-0.022279
-0.018138
-0.013077
-0.006569
0.003258
0.015114
0.027729
0.043576
0.065365
0.089014
0.103118
0.097312
0.070579
0.030518
-0.014616
-0.060895
-0.105368
-0.140464
-0.155519
-0.145274
-0.115243
-0.077351
-0.040824
-0.008641
0.019046
0.041834
0.060539
0.078248
0.096361
0.111024
0.117885
0.120812
0.130782
0.152342
0.175014
0.184464
0.180948
0.178125
0.179594
0.164936
0.109840
0.019465
-0.067914
-0.115183
-0.118719
-0.103081
-0.090497
-0.083572
-0.073762
-0.055577
-0.029269
0.003074
0.039283
0.078716
0.124724
0.180790
0.240617
0.287173
0.307275
0.303902
0.288459
0.263771
0.222732
0.163671
0.099019
0.045286
0.009034
-0.014765
-0.034005
-0.051196
-0.061156
-0.056119
-0.035976
-0.012139
0.004235
0.016430
0.036123
0.063650
0.087200
0.105507
0.134733
0.179739
0.212502
0.199608
0.144257
0.077488
0.009884
-0.078985
-0.194089
-0.297014
-0.347116
-0.351702
-0.348164
-0.347266
-0.325604
-0.272698
-0.212667
-0.167437
-0.125377
-0.065785
0.003921
0.058766
0.093989
0.128693
0.173607
0.215769
0.238012
0.237136
0.217657
0.183070
0.141654
0.108933
0.093507
0.087448
0.079965
0.073706
0.077092
0.085795
0.085385
0.072767
0.062734
0.068277
0.082857
0.089139
0.080730
0.067964
0.062702
0.062678
0.052570
0.018420
-0.039880
-0.108884
-0.172655
-0.223348
-0.261941
-0.291492
-0.312663
-0.325303
-0.330471
-0.327942
-0.314027
-0.285168
-0.243700
-0.197216
-0.151905
-0.109162
-0.069778
-0.037959
-0.017283
-0.004018
0.010056
0.025484
0.029654
0.008884
-0.034050
-0.079194
-0.108076
-0.119513
-0.124415
-0.129379
-0.131315
-0.126758
-0.118542
-0.110519
-0.101466
-0.089573
-0.079793
-0.080095
-0.090295
-0.100054
-0.100056
-0.091488
-0.082041
-0.075658
-0.069928
-0.062046
-0.052964
-0.044497
-0.035207
-0.022016
-0.006099
0.004373
-0.000795
-0.024606
-0.058519
-0.088777
-0.108133
-0.120324
-0.132098
-0.142913
-0.145685
-0.136846
-0.121280
-0.105225
-0.087837
-0.063447
-0.030909
0.003657
0.033811
0.059053
0.082809
0.107031
0.130803
0.151589
0.164678
0.163200
0.143690
0.113547
0.089421
0.084860
0.099905
0.124110
0.148187
0.169584
0.186486
0.190778
0.171696
0.127435
0.070979
0.022078
-0.007480
-0.020430
-0.027020
-0.033587
-0.039199
-0.041777
-0.043866
-0.050394
-0.062248
-0.074601
-0.081730
-0.081530
-0.074610
-0.061149
-0.041122
-0.017351
0.004014
0.017272
0.020679
0.015845
0.005408
-0.006736
-0.013919
-0.008985
0.009689
0.035630
0.059691
0.077679
0.091256
0.102563
0.111197
0.116906
0.121697
0.126580
0.128538
0.124124
0.114726
0.103880
0.089514
0.063791
0.023851
-0.020384
-0.053482
-0.068881
-0.072631
-0.073042
-0.070922
-0.062422
-0.048850
-0.039597
-0.044665
-0.066209
-0.097928
-0.130509
-0.155626
-0.166289
-0.158164
-0.133546
-0.102598
-0.076437
-0.058254
-0.043414
-0.028646
-0.017729
-0.015867
-0.021193
-0.025329
-0.021384
-0.008684
0.008908
0.025515
0.034715
0.033074
0.023377
0.010846
-0.004894
-0.030073
-0.066970
-0.107741
-0.141523
-0.165417
-0.185172
-0.206711
-0.230166
-0.251073
-0.264977
-0.271104
-0.272745
-0.272795
-0.268504
-0.254232
-0.229859
-0.200460
-0.165700
-0.118788
-0.061371
-0.007097
0.042382
0.112038
0.220958
0.342100
0.428583
0.486575
0.579399
0.725821
0.824934
0.740164
0.462763
0.144547
-0.053610
-0.111192
-0.121273
-0.151619
-0.182659
-0.172516
-0.127348
-0.084759
-0.061821
-0.050280
-0.047278
-0.061067
-0.088682
-0.111251
-0.116868
-0.113820
-0.115807
-0.123983
-0.128967
-0.123065
-0.105542
-0.080943
-0.056608
-0.037828
-0.022173
-0.002012
0.024924
0.051536
0.070380
0.082081
0.091041
0.097487
0.099145
0.097258
0.093922
0.084965
0.063147
0.029845
-0.003066
-0.026304
-0.043311
-0.063184
-0.087203
-0.107671
-0.118527
-0.121758
-0.122380
-0.121707
-0.117803
-0.110045
-0.100216
-0.089975
-0.079152
-0.066509
-0.050852
-0.031576
-0.009309
0.013873
0.035785
0.055734
0.073829
0.088641
0.096946
0.096756
0.089880
0.080531
0.072131
0.066775
0.066997
0.075289
0.090615
0.107651
0.122157
0.136561
0.157366
0.186530
0.217529
0.240801
0.250873
0.246877
0.229782
0.203696
0.178579
0.165613
0.167081
0.174328
0.178844
0.182412
0.191729
0.205164
0.211138
0.201046
0.178579
0.152819
0.126652
0.096915
0.064135
0.035434
0.016738
0.007027
0.002826
0.004439
0.013895
0.028992
0.043867
0.055100
0.063532
0.069704
0.071395
0.067378
0.060528
0.054353
0.048190
0.038741
0.025571
0.012213
0.001842
-0.005489
-0.010860
-0.014427
-0.016677
-0.019507
-0.024063
-0.029183
-0.034319
-0.042650
-0.057827
-0.077193
-0.091475
-0.093159
-0.083450
-0.069196
-0.054713
-0.039509
-0.023373
-0.009767
-0.002003
0.002089
0.008904
0.022334
0.040002
0.056611
0.069494
0.079515
0.087393
0.091342
0.089354
0.082587
0.074544
0.066712
0.056729
0.042114
0.024849
0.010451
0.002547
0.000084
0.000653
0.004940
0.016170
0.035545
0.059811
0.083733
0.104108
0.120979
0.135474
0.146983
0.152395
0.148481
0.135616
0.118583
0.102476
0.087919
0.071468
0.050742
0.027202
0.003180
-0.021274
-0.046230
-0.068387
-0.083531
-0.092602
-0.101633
-0.114009
-0.125589
-0.130186
-0.127546
-0.122613
-0.118138
-0.112562
-0.105692
-0.101971
-0.104928
-0.110962
-0.112583
-0.107079
-0.098615
-0.091247
-0.083463
-0.071406
-0.055213
-0.039276
-0.026978
-0.017797
-0.009860
-0.003059
0.001681
0.004804
0.008019
0.012097
0.016195
0.019400
0.021468
0.021274
0.016002
0.003905
-0.011903
-0.024061
-0.026471
-0.018711
-0.004437
0.013318
0.033608
0.055088
0.074667
0.089481
0.098150
0.098721
0.087675
0.064111
0.034182
0.007767
-0.010314
-0.022975
-0.033439
-0.038354
-0.031779
-0.014325
0.006054
0.022777
0.036334
0.049638
0.061222
0.066386
0.063375
0.054483
0.041032
0.020906
-0.007145
-0.039071
-0.067845
-0.089633
-0.105868
-0.119385
-0.130272
-0.136246
-0.136073
-0.131486
-0.125645
-0.120334
-0.115095
-0.108255
-0.098102
-0.082972
-0.062064
-0.037093
-0.012150
0.009974
0.030846
0.053676
0.077581
0.097354
0.109723
0.115962
0.115329
0.099688
0.061331
0.006819
-0.043330
-0.072537
-0.082492
-0.086346
-0.091124
-0.092407
-0.084836
-0.070904
-0.056998
-0.045760
-0.036397
-0.029659
-0.028002
-0.031603
-0.037931
-0.045410
-0.054476
-0.064483
-0.072551
-0.076841
-0.078626
-0.079295
-0.077098
-0.069348
-0.056956
-0.044158
-0.033332
-0.022212
-0.007388
0.010704
0.027714
0.039639
0.045463
0.045266
0.037595
0.020892
-0.002405
-0.025326
-0.041651
-0.050840
-0.055879
-0.056936
-0.050285
-0.034612
-0.015133
0.001770
0.016364
0.033917
0.055261
0.073466
0.082047
0.082847
0.081983
0.080101
0.071655
0.054160
0.033478
0.017301
0.006193
-0.005693
-0.022285
-0.041165
-0.057279
-0.068140
-0.074389
-0.077377
-0.077983
-0.076994
-0.075182
-0.073066
-0.071153
-0.069925
-0.068994
-0.066844
-0.062344
-0.056176
-0.049905
-0.043914
-0.037281
-0.029518
-0.021218
-0.012856
-0.004250
0.004343
0.011957
0.018768
0.027004
0.038483
0.051837
0.063787
0.072757
0.079263
0.082581
0.079563
0.068331
0.051541
0.033932
0.017431
0.000779
-0.016363
-0.031385
-0.041307
-0.045144
-0.042558
-0.032360
-0.014732
0.006058
0.023868
0.035981
0.044265
0.050658
0.053665
0.050739
0.042555
0.032808
0.024255
0.016864
0.009897
0.003783
-0.000967
-0.005240
-0.010256
-0.015726
-0.020404
-0.024194
-0.028457
-0.034201
-0.041173
-0.048913
-0.057291
-0.065356
-0.071138
-0.073985
-0.076007
-0.079025
-0.080331
-0.074091
-0.058181
-0.037677
-0.019464
-0.004480
0.012160
0.033345
0.054998
0.070255
0.076810
0.078151
0.078454
0.078520
0.076950
0.073296
0.068794
0.064787
0.061502
0.058084
0.053091
0.045188
0.034052
0.020710
0.006750
-0.006633
-0.018538
-0.027854
-0.033752
-0.036679
-0.038012
-0.038419
-0.037274
-0.034188
-0.030343
-0.027375
-0.025194
-0.022075
-0.017070
-0.011388
-0.006811
-0.003695
-0.001372
0.000312
0.001480
0.004048
0.010976
0.022707
0.035970
0.047824
0.059625
0.074462
0.091071
0.103688
0.109253
0.111740
0.116082
0.119894
0.115388
0.099727
0.079125
0.060674
0.043959
0.024525
0.003369
-0.012234
-0.017833
-0.017187
-0.016446
-0.016455
-0.014278
-0.010192
-0.008699
-0.012402
-0.018706
-0.024209
-0.029644
-0.037994
-0.049243
-0.059757
-0.066646
-0.070311
-0.072034
-0.071083
-0.065750
-0.056328
-0.045399
-0.035131
-0.025533
-0.015887
-0.006961
-0.000746
0.001959
0.002742
0.003798
0.005354
0.005577
0.002936
-0.002130
-0.008097
-0.014011
-0.019386
-0.022993
-0.023127
-0.019587
-0.014592
-0.010961
-0.009580
-0.009044
-0.007542
-0.004591
-0.001022
0.002237
0.005268
0.009270
0.015425
0.023304
0.030523
0.034566
0.035108
0.034068
0.033163
0.031976
0.028996
0.024171
0.019620
0.017583
0.018162
0.019433
0.019475
0.017938
0.015837
0.014353
0.014058
0.014953
0.016867
0.019599
0.022665
0.024868
0.024313
0.019465
0.010652
0.000256
-0.009279
-0.017767
-0.026987
-0.037732
-0.047891
-0.054269
-0.055817
-0.053854
-0.049132
-0.040343
-0.026577
-0.010086
0.005205
0.017824
0.029754
0.042744
0.055063
0.063168
0.065780
0.064770
0.062173
0.057929
0.051143
0.042290
0.032889
0.023577
0.013843
0.003851
-0.004644
-0.009876
-0.011931
-0.012254
-0.011592
-0.009343
-0.005081
0.000099
0.004435
0.007379
0.009960
0.013199
0.016715
0.019253
0.020225
0.020121
0.019365
0.017384
0.013296
0.007378
0.001256
-0.003432
-0.006043
-0.006298
-0.003336
0.003584
0.013379
0.023113
0.030304
0.034770
0.037748
0.039843
0.040801
0.040741
0.040038
0.037720
0.031608
0.021147
0.008959
-0.001895
-0.011591
-0.022744
-0.036018
-0.048387
-0.056515
-0.060272
-0.061683
-0.061560
-0.058970
-0.053644
-0.047136
-0.041123
-0.035790
-0.030576
-0.025694
-0.022037
-0.019818
-0.017897
-0.014561
-0.008908
-0.001582
0.005944
0.012894
0.019439
0.024830
0.026112
0.020446
0.008767
-0.004761
-0.017653
-0.031433
-0.047614
-0.063498
-0.074807
-0.081281
-0.085966
-0.088778
-0.084986
-0.072139
-0.055077
-0.040483
-0.028483
-0.014110
0.003207
0.016345
0.018750
0.012780
0.006954
0.006653
0.010524
0.015067
0.019160
0.023164
0.026462
0.028059
0.028441
0.028792
0.028562
0.025454
0.018262
0.008559
-0.001134
-0.010086
-0.019229
-0.028512
-0.035627
-0.038148
-0.036428
-0.033395
-0.031300
-0.029540
-0.026335
-0.021986
-0.019449
-0.021382
-0.027207
-0.033405
-0.036360
-0.034643
-0.029069
-0.021343
-0.012817
-0.004061
0.004970
0.014505
0.024527
0.034496
0.043380
0.050044
0.053754
0.054252
0.051297
0.044491
0.034114
0.022176
0.011897
0.005461
0.002326
0.000181
-0.002473
-0.005127
-0.006522
-0.006403
-0.005632
-0.005022
-0.004762
-0.004985
-0.006254
-0.008991
-0.012601
-0.015633
-0.016956
-0.016536
-0.014812
-0.011629
-0.006302
0.001224
0.009854
0.018374
0.026650
0.035305
0.044434
0.053320
0.061429
0.068896
0.075679
0.080912
0.083704
0.084111
0.082575
0.078746
0.071870
0.062394
0.052147
0.042419
0.032678
0.021999
0.011196
0.002552
-0.002479
-0.004337
-0.003992
-0.001534
0.003235
0.009375
0.014827
0.017832
0.017857
0.015307
0.010943
0.005715
0.000602
-0.003714
-0.006839
-0.008254
-0.007433
-0.004766
-0.002049
-0.001441
-0.003824
-0.008410
-0.013796
-0.018835
-0.022362
-0.022775
-0.018741
-0.010505
-0.000089
0.010209
0.019649
0.029320
0.040449
0.052356
0.062241
0.067350
0.067411
0.064639
0.061163
0.056945
0.050732
0.042739
0.035381
0.031005
0.029600
0.029333
0.028860
0.028287
0.028051
0.027795
0.026618
0.023779
0.018805
0.011705
0.003660
-0.003119
-0.007173
-0.009182
-0.010607
-0.011060
-0.008261
-0.000993
0.009094
0.019510
0.029738
0.040627
0.051543
0.059995
0.064547
0.066508
0.067561
0.066765
0.061474
0.051038
0.038143
0.026167
0.016318
0.007955
0.000755
-0.004585
-0.007526
-0.008576
-0.008740
-0.008673
-0.008634
-0.008822
-0.009371
-0.010224
-0.011385
-0.013161
-0.015819
-0.018959
-0.021451
-0.022091
-0.020222
-0.015946
-0.010238
-0.004926
-0.001895
-0.001729
-0.003433
-0.006076
-0.010385
-0.017808
-0.028096
-0.039085
-0.049383
-0.059998
-0.072099
-0.084172
-0.093185
-0.098267
-0.101168
-0.102552
-0.100010
-0.091218
-0.077761
-0.063841
-0.051889
-0.041318
-0.031302
-0.022632
-0.016373
-0.012669
-0.011995
-0.016040
-0.025809
-0.039683
-0.054751
-0.069467
-0.083533
-0.095681
-0.103531
-0.106131
-0.104990
-0.101767
-0.096038
-0.086628
-0.074367
-0.062058
-0.051484
-0.041498
-0.029773
-0.016039
-0.002918
0.006539
0.011658
0.014068
0.015033
0.013644
0.008155
-0.001496
-0.013426
-0.025795
-0.037754
-0.048060
-0.054219
-0.054477
-0.050139
-0.044548
-0.039656
-0.034785
-0.028991
-0.023289
-0.019580
-0.018202
-0.017693
-0.016776
-0.015473
-0.014096
-0.012060
-0.008376
-0.003002
0.002842
0.007700
0.011002
0.013251
0.015424
0.018263
0.021923
0.026025
0.029908
0.032850
0.034233
0.033801
0.031918
0.029399
0.026778
0.023627
0.018904
0.012292
0.005091
-0.000568
-0.003599
-0.004780
-0.005527
-0.006095
-0.005319
-0.001955
0.004200
0.012414
0.021572
0.030335
0.037317
0.041759
0.043931
0.044538
0.043957
0.042457
0.040806
0.039824
0.039168
0.037228
0.032587
0.025204
0.016037
0.006179
-0.003281
-0.011244
-0.017250
-0.021744
-0.024883
-0.025417
-0.021779
-0.014294
-0.005136
0.004141
0.013778
0.023773
0.031964
0.035750
0.035251
0.032975
0.030136
0.024991
0.015847
0.004458
-0.005119
-0.010683
-0.013431
-0.015281
-0.016130
-0.014659
-0.010919
-0.006811
-0.003996
-0.002370
-0.001009
0.000095
0.000014
-0.001574
-0.003638
-0.004926
-0.005370
-0.005775
-0.006203
-0.005347
-0.001795
0.004460
0.012147
0.020017
0.027472
0.034097
0.039336
0.042950
0.045162
0.045695
0.042917
0.034743
0.020853
0.003903
-0.011761
-0.022800
-0.028642
-0.031006
-0.031954
-0.032259
-0.031331
-0.028278
-0.022808
-0.015248
-0.006132
0.003925
0.014098
0.023349
0.030619
0.035066
0.036332
0.034645
0.030352
0.023231
0.012763
-0.000350
-0.013421
-0.023399
-0.029271
-0.032050
-0.032385
-0.029417
-0.022592
-0.013449
-0.004335
0.004129
0.012874
0.021766
0.028623
0.031308
0.029701
0.024940
0.017844
0.009223
0.000997
-0.004549
-0.006818
-0.007211
-0.007126
-0.006468
-0.004424
-0.000869
0.003590
0.008382
0.013018
0.016733
0.018877
0.019635
0.019778
0.019588
0.018570
0.016370
0.013478
0.010649
0.007949
0.004778
0.000774
-0.003613
-0.007492
-0.010309
-0.012236
-0.013855
-0.015382
-0.016154
-0.015074
-0.011799
-0.007424
-0.003722
-0.001645
-0.000750
-0.000098
0.000603
0.000908
0.000376
-0.000968
-0.002805
-0.004756
-0.006344
-0.007043
-0.006587
-0.005155
-0.003114
-0.000701
0.001950
0.004688
0.007473
0.010467
0.013580
0.015979
0.016521
0.015029
0.012902
0.012069
0.013318
0.015795
0.018020
0.019082
0.018797
0.017136
0.013914
0.009099
0.003259
-0.002467
-0.006989
-0.009975
-0.011966
-0.013639
-0.014911
-0.014906
-0.012945
-0.009441
-0.005662
-0.002696
-0.000802
0.000261
0.000575
-0.000092
-0.001884
-0.004462
-0.007027
-0.008747
-0.009231
-0.008645
-0.007311
-0.005234
-0.002192
0.001622
0.005299
0.007816
0.008921
0.009113
0.008732
0.007353
0.004336
-0.000210
-0.005298
-0.009841
-0.013303
-0.015553
-0.016438
-0.015787
-0.013713
-0.010632
-0.006889
-0.002529
0.002540
0.008227
0.014182
0.019951
0.025216
0.029968
0.034436
0.038713
0.042441
0.045042
0.046349
0.046760
0.046516
0.045044
0.041372
0.035211
0.027306
0.018718
0.010123
0.001927
-0.005342
-0.011173
-0.015393
-0.017982
-0.018703
-0.017318
-0.014096
-0.009663
-0.004332
0.001887
0.008447
0.014029
0.017629
0.019530
0.020593
0.020760
0.018994
0.014862
0.009543
0.004846
0.001576
-0.000636
-0.002157
-0.002673
-0.001833
-0.000110
0.001396
0.001904
0.001485
0.000653
-0.000331
-0.001675
-0.003654
-0.006182
-0.008829
-0.011208
-0.013193
-0.014762
-0.015845
-0.016577
-0.017606
-0.019789
-0.023363
-0.027571
-0.031309
-0.034046
-0.035892
-0.036846
-0.036406
-0.034127
-0.030340
-0.025974
-0.021667
-0.017370
-0.012940
-0.008834
-0.005903
-0.004489
-0.004087
-0.004042
-0.004356
-0.005484
-0.007394
-0.009251
-0.010212
-0.010311
-0.010261
-0.010547
-0.011092
-0.011820
-0.013115
-0.015488
-0.019055
-0.023623
-0.029005
-0.034825
-0.040116
-0.043640
-0.044866
-0.044301
-0.042613
-0.039726
-0.035098
-0.028753
-0.021622
-0.014824
-0.008909
-0.003899
0.000247
0.003431
0.005568
0.006745
0.007185
0.007001
0.005873
0.003025
-0.002105
-0.008966
-0.015859
-0.021125
-0.024362
-0.026315
-0.027683
-0.028400
-0.028127
-0.027006
-0.025607
-0.024290
-0.022942
-0.021322
-0.019391
-0.017223
-0.014877
-0.012552
-0.010738
-0.009921
-0.010095
-0.010707
-0.011204
-0.011528
-0.011980
-0.012660
-0.013277
-0.013521
-0.013455
-0.013430
-0.013758
-0.014654
-0.016393
-0.019216
-0.022991
-0.027117
-0.030923
-0.034085
-0.036545
-0.038150
-0.038495
-0.037155
-0.034012
-0.029438
-0.024239
-0.019294
-0.015051
-0.011336
-0.007818
-0.004635
-0.002312
-0.000975
0.000136
0.002071
0.005155
0.008787
0.012298
0.015688
0.019293
0.022902
0.025651
0.026971
0.027315
0.027570
0.027781
0.026935
0.024217
0.020185
0.016331
0.013651
0.012044
0.011094
0.010878
0.011731
0.013616
0.016139
0.018983
0.021920
0.024431
0.025832
0.025915
0.025195
0.024335
0.023580
0.022942
0.022755
0.023664
0.026051
0.029595
0.033417
0.036559
0.038422
0.038979
0.038667
0.038047
0.037417
0.036655
0.035385
0.033345
0.030743
0.028248
0.026475
0.025466
0.024790
0.024162
0.023703
0.023455
0.023033
0.022116
0.021131
0.021012
0.022215
0.024198
0.025852
0.026271
0.025338
0.024014
0.023821
0.025169
0.025984
0.022958
0.014974
0.004765
-0.003794
-0.009808
-0.015759
-0.023683
-0.032074
-0.037314
-0.037448
-0.033633
-0.028125
-0.021795
-0.013937
-0.003933
0.007351
0.017716
0.025014
0.028477
0.028746
0.026646
0.022205
0.015314
0.007205
0.000486
-0.002842
-0.003117
-0.002196
-0.000975
0.001610
0.006825
0.013911
0.020359
0.024446
0.026911
0.029704
0.033476
0.037001
0.039047
0.040012
0.041173
0.042877
0.044301
0.044820
0.044614
0.043569
0.040578
0.034886
0.027775
0.021861
0.018556
0.016964
0.015552
0.014159
0.013757
0.014724
0.016093
0.016382
0.014547
0.010253
0.003990
-0.002901
-0.008966
-0.013706
-0.017310
-0.019031
-0.016774
-0.009461
0.000565
0.008826
0.012765
0.013527
0.013270
0.011966
0.008059
0.001497
-0.005763
-0.012419
-0.019297
-0.027231
-0.034784
-0.039620
-0.041603
-0.042818
-0.044302
-0.044263
-0.040460
-0.033433
-0.026272
-0.021578
-0.019602
-0.019189
-0.019453
-0.020218
-0.021694
-0.024409
-0.029069
-0.035813
-0.043566
-0.050449
-0.054879
-0.056229
-0.054745
-0.051180
-0.046411
-0.040996
-0.035023
-0.028621
-0.022578
-0.018093
-0.015790
-0.015255
-0.015692
-0.016749
-0.018508
-0.020920
-0.023646
-0.026313
-0.028576
-0.029938
-0.029944
-0.028754
-0.027215
-0.026032
-0.024904
-0.022724
-0.018708
-0.013279
-0.007910
-0.004269
-0.003345
-0.005053
-0.008374
-0.011917
-0.014573
-0.015898
-0.016021
-0.015319
-0.014142
-0.012686
-0.011001
-0.009097
-0.007071
-0.005111
-0.003348
-0.001747
-0.000223
0.001122
0.001965
0.002018
0.001294
0.000006
-0.001853
-0.004670
-0.008699
-0.013360
-0.017365
-0.019788
-0.020839
-0.021281
-0.021252
-0.020241
-0.018223
-0.016128
-0.014780
-0.013986
-0.013329
-0.013409
-0.015255
-0.018605
-0.021939
-0.024570
-0.027493
-0.031151
-0.033317
-0.030732
-0.022788
-0.012206
-0.001841
0.007805
0.017140
0.024996
0.029258
0.029686
0.028493
0.027691
0.026975
0.024945
0.021543
0.018230
0.016043
0.014493
0.012654
0.010581
0.009160
0.008880
0.009236
0.009253
0.008259
0.006202
0.003629
0.001512
0.000820
0.001894
0.004275
0.007304
0.010802
0.014910
0.019324
0.023104
0.025431
0.026196
0.025565
0.023350
0.019374
0.014425
0.010113
0.007501
0.006321
0.005836
0.006027
0.007343
0.009543
0.011503
0.012270
0.011789
0.010422
0.008292
0.005449
0.002315
-0.000522
-0.002793
-0.004431
-0.005072
-0.004132
-0.001495
0.002187
0.006022
0.009504
0.012542
0.015161
0.017360
0.019105
0.020201
0.020289
0.019202
0.017308
0.015320
0.013762
0.012783
0.012479
0.013159
0.015073
0.017967
0.021058
0.023488
0.024812
0.025137
0.024920
0.024574
0.024099
0.023001
0.020654
0.016872
0.012196
0.007575
0.003752
0.000907
-0.001180
-0.002741
-0.003821
-0.004324
-0.004082
-0.002902
-0.000743
0.002007
0.004570
0.006298
0.007198
0.007784
0.008364
0.008637
0.008127
0.006875
0.005508
0.004619
0.004280
0.004212
0.004256
0.004535
0.005217
0.006247
0.007321
0.008038
0.008039
0.007047
0.004854
0.001388
-0.003070
-0.007769
-0.011766
-0.014455
-0.015800
-0.015974
-0.014958
-0.012695
-0.009607
-0.006635
-0.004610
-0.003708
-0.003658
-0.004313
-0.005785
-0.008009
-0.010457
-0.012432
-0.013595
-0.014042
-0.013890
-0.012977
-0.011109
-0.008558
-0.006084
-0.004319
-0.003195
-0.002163
-0.000970
0.000002
0.000280
-0.000063
-0.000547
-0.000947
-0.001470
-0.002216
-0.002789
-0.002656
-0.001739
-0.000392
0.001129
0.002935
0.005178
0.007668
0.009937
0.011614
0.012653
0.013262
0.013663
0.013953
0.014074
0.013918
0.013445
0.012711
0.011800
0.010731
0.009418
0.007672
0.005250
0.002014
-0.001881
-0.005960
-0.009706
-0.012893
-0.015592
-0.017786
-0.019054
-0.018819
-0.016954
-0.014033
-0.010878
-0.007890
-0.004932
-0.001741
0.001782
0.005668
0.009900
0.014131
0.017645
0.019941
0.021212
0.021798
0.021226
0.018344
0.012763
0.005801
-0.000453
-0.004899
-0.007927
-0.010351
-0.012398
-0.013876
-0.014785
-0.015330
-0.015566
-0.015409
-0.014983
-0.014589
-0.014302
-0.013841
-0.012938
-0.011667
-0.010319
-0.009088
-0.007973
-0.006861
-0.005626
-0.004220
-0.002786
-0.001642
-0.001115
-0.001430
-0.002766
-0.005251
-0.008794
-0.013033
-0.017567
-0.022151
-0.026516
-0.030139
-0.032467
-0.033372
-0.033137
-0.031914
-0.029519
-0.025913
-0.021654
-0.017610
-0.014322
-0.011931
-0.010599
-0.010563
-0.011674
-0.013197
-0.014312
-0.014656
-0.014265
-0.013240
-0.011743
-0.010172
-0.008940
-0.008117
-0.007554
-0.007388
-0.008054
-0.009653
-0.011641
-0.013419
-0.015012
-0.016838
-0.018909
-0.020676
-0.021652
-0.021880
-0.021657
-0.021121
-0.020333
-0.019537
-0.019000
-0.018657
-0.018182
-0.017472
-0.016840
-0.016662
-0.016988
-0.017539
-0.017955
-0.017931
-0.017289
-0.016109
-0.014767
-0.013708
-0.013124
-0.012865
-0.012586
-0.011926
-0.010729
-0.009311
-0.008424
-0.008638
-0.009643
-0.010436
-0.010405
-0.010020
-0.010178
-0.011019
-0.011753
-0.011661
-0.010826
-0.009692
-0.008261
-0.006106
-0.003047
0.000561
0.004189
0.007483
0.010205
0.012174
0.013480
0.014547
0.015740
0.016946
0.017775
0.018127
0.018393
0.019048
0.020176
0.021455
0.022530
0.023304
0.023830
0.023919
0.022953
0.020290
0.015977
0.010994
0.006595
0.003391
0.001185
-0.000405
-0.001418
-0.001673
-0.001117
0.000157
0.002051
0.004334
0.006444
0.007756
0.008198
0.008436
0.009277
0.010896
0.012705
0.013922
0.014127
0.013355
0.011864
0.010022
0.008337
0.007289
0.006885
0.006498
0.005564
0.004614
0.005316
0.009013
0.015114
0.021222
0.025069
0.026254
0.026030
0.025611
0.024937
0.022986
0.018996
0.013298
0.007153
0.001946
-0.001566
-0.003445
-0.004175
-0.004087
-0.003099
-0.000913
0.002575
0.006999
0.011603
0.015641
0.018755
0.020924
0.022059
0.021855
0.020250
0.017832
0.015443
0.013340
0.011095
0.008442
0.005823
0.003829
0.002416
0.001123
-0.000073
-0.000660
-0.000349
0.000587
0.001900
0.003781
0.006283
0.008704
0.010097
0.010265
0.009766
0.008941
0.007507
0.005298
0.002896
0.001115
0.000132
-0.000452
-0.000860
-0.000880
-0.000348
0.000570
0.001673
0.002922
0.004089
0.004564
0.003898
0.002409
0.000865
-0.000428
-0.001840
-0.003639
-0.005414
-0.006549
-0.006986
-0.007084
-0.006822
-0.005639
-0.003244
-0.000212
0.002561
0.004815
0.006967
0.009187
0.010816
0.010918
0.009269
0.006627
0.004073
0.002217
0.001010
0.000132
-0.000537
-0.000840
-0.000614
0.000125
0.001338
0.003129
0.005470
0.007749
0.008954
0.008578
0.007106
0.005296
0.003152
0.000074
-0.003968
-0.007943
-0.010705
-0.012066
-0.012559
-0.012464
-0.011566
-0.009834
-0.007771
-0.005945
-0.004509
-0.003444
-0.002959
-0.003350
-0.004590
-0.006324
-0.008178
-0.009847
-0.010985
-0.011306
-0.010839
-0.009866
-0.008610
-0.007206
-0.005976
-0.005375
-0.005523
-0.006061
-0.006688
-0.007570
-0.008882
-0.010142
-0.010521
-0.009855
-0.008893
-0.008272
-0.007609
-0.006033
-0.003427
-0.000717
0.001122
0.001934
0.002124
0.001888
0.001026
-0.000619
-0.002921
-0.005648
-0.008631
-0.011603
-0.014085
-0.015607
-0.016023
-0.015555
-0.014561
-0.013283
-0.011717
-0.009686
-0.007125
-0.004392
-0.002187
-0.001041
-0.000930
-0.001490
-0.002486
-0.003879
-0.005509
-0.007021
-0.008180
-0.009014
-0.009481
-0.009268
-0.008170
-0.006539
-0.005029
-0.003893
-0.002844
-0.001644
-0.000570
-0.000139
-0.000543
-0.001552
-0.002806
-0.003969
-0.004689
-0.004659
-0.003815
-0.002339
-0.000444
0.001747
0.004121
0.006477
0.008566
0.010123
0.010905
0.010826
0.010128
0.009264
0.008515
0.007816
0.006999
0.006065
0.005110
0.004168
0.003319
0.002778
0.002569
0.002182
0.000992
-0.000826
-0.002158
-0.002075
-0.000898
0.000247
0.000847
0.001530
0.003086
0.005408
0.007731
0.009627
0.011236
0.012585
0.013251
0.012985
0.012342
0.012251
0.013058
0.014329
0.015658
0.017227
0.019392
0.021955
0.024232
0.025779
0.026703
0.027164
0.026843
0.025193
0.022143
0.018309
0.014495
0.011139
0.008292
0.005894
0.003885
0.002155
0.000647
-0.000443
-0.000753
-0.000161
0.001004
0.002260
0.003358
0.004224
0.004593
0.003983
0.002144
-0.000602
-0.003564
-0.006135
-0.007948
-0.008774
-0.008501
-0.007233
-0.005220
-0.002637
0.000406
0.003596
0.006375
0.008353
0.009661
0.010664
0.011370
0.011364
0.010403
0.008871
0.007424
0.006266
0.005004
0.003228
0.001061
-0.000978
-0.002499
-0.003465
-0.003952
-0.003968
-0.003624
-0.003326
-0.003543
-0.004347
-0.005340
-0.006104
-0.006599
-0.007048
-0.007576
-0.008099
-0.008517
-0.008801
-0.008891
-0.008708
-0.008343
-0.008075
-0.008029
-0.007898
-0.007157
-0.005560
-0.003312
-0.000784
0.001795
0.004311
0.006608
0.008495
0.009863
0.010667
0.010789
0.010051
0.008460
0.006401
0.004438
0.002838
0.001364
-0.000317
-0.001991
-0.002829
-0.002117
-0.000004
0.002643
0.005124
0.007419
0.009800
0.012180
0.014101
0.015236
0.015631
0.015489
0.014980
0.014346
0.013893
0.013689
0.013387
0.012530
0.011032
0.009246
0.007663
0.006595
0.006063
0.005776
0.005305
0.004494
0.003705
0.003435
0.003685
0.003932
0.003816
0.003608
0.003804
0.004461
0.005184
0.005698
0.006124
0.006681
0.007371
0.008049
0.008659
0.009259
0.009893
0.010547
0.011178
0.011692
0.011934
0.011738
0.010969
0.009521
0.007397
0.004840
0.002268
-0.000001
-0.001892
-0.003362
-0.004177
-0.004094
-0.003231
-0.002068
-0.001025
-0.000137
0.000782
0.001784
0.002678
0.003232
0.003375
0.003218
0.002865
0.002231
0.001066
-0.000727
-0.002837
-0.004728
-0.006153
-0.007369
-0.008763
-0.010318
-0.011551
-0.011946
-0.011378
-0.010161
-0.008815
-0.007722
-0.006860
-0.005835
-0.004275
-0.002254
-0.000247
0.001331
0.002482
0.003478
0.004477
0.005384
0.006000
0.006195
0.005916
0.005139
0.003883
0.002289
0.000663
-0.000635
-0.001431
-0.001844
-0.002058
-0.001978
-0.001285
0.000071
0.001585
0.002603
0.002928
0.002831
0.002533
0.001992
0.001252
0.000626
0.000274
-0.000138
-0.000947
-0.001779
-0.001792
-0.000723
0.000707
0.001697
0.002321
0.003183
0.004336
0.005095
0.004993
0.004372
0.003678
0.002548
0.000151
-0.003562
-0.007451
-0.010207
-0.011499
-0.011873
-0.011797
-0.011223
-0.010001
-0.008286
-0.006317
-0.004035
-0.001213
0.002077
0.005356
0.008097
0.010061
0.011226
0.011574
0.011033
0.009558
0.007155
0.003890
-0.000017
-0.004096
-0.007738
-0.010450
-0.012027
-0.012593
-0.012546
-0.012359
-0.012233
-0.011922
-0.011082
-0.009833
-0.008730
-0.008099
-0.007656
-0.007085
-0.006829
-0.007819
-0.010352
-0.013610
-0.016432
-0.018240
-0.018908
-0.018156
-0.015681
-0.011901
-0.007994
-0.004969
-0.002960
-0.001567
-0.000506
0.000319
0.000971
0.001231
0.000411
-0.002025
-0.005623
-0.009212
-0.012064
-0.014346
-0.016274
-0.017417
-0.017254
-0.016003
-0.014310
-0.012311
-0.009667
-0.006507
-0.003710
-0.002042
-0.001572
-0.002210
-0.004200
-0.007476
-0.010913
-0.013096
-0.013910
-0.014636
-0.016131
-0.017426
-0.016708
-0.013517
-0.009431
-0.006492
-0.005296
-0.004813
-0.003808
-0.002077
-0.000253
0.001289
0.002939
0.005145
0.007513
0.009091
0.009628
0.010132
0.011776
0.014446
0.016778
0.017598
0.016923
0.015491
0.013867
0.012338
0.011266
0.010937
0.011093
0.011091
0.010699
0.010385
0.010686
0.011546
0.012478
0.013133
0.013513
0.013765
0.014053
0.014534
0.015177
0.015681
0.015834
0.015874
0.016141
0.016349
0.015694
0.013950
0.012065
0.011254
0.011723
0.012760
0.013928
0.015520
0.017666
0.019671
0.020703
0.020762
0.020377
0.019525
0.017549
0.014234
0.010346
0.006772
0.003581
0.000394
-0.002587
-0.004536
-0.005017
-0.004562
-0.004018
-0.003645
-0.003132
-0.002248
-0.001085
0.000341
0.002369
0.005283
0.008710
0.011624
0.013116
0.013144
0.012406
0.011497
0.010302
0.008365
0.005666
0.002769
0.000208
-0.001933
-0.003664
-0.004660
-0.004553
-0.003562
-0.002395
-0.001470
-0.000603
0.000336
0.000801
0.000009
-0.002098
-0.004719
-0.007098
-0.009212
-0.011376
-0.013405
-0.014522
-0.014126
-0.012352
-0.009810
-0.006932
-0.003741
-0.000119
0.003872
0.007932
0.011627
0.014564
0.016635
0.018046
0.018858
0.018407
0.015578
0.010108
0.003516
-0.001780
-0.004498
-0.005401
-0.006006
-0.006754
-0.006844
-0.005673
-0.003807
-0.002345
-0.001769
-0.001760
-0.001917
-0.002201
-0.002692
-0.003284
-0.003828
-0.004389
-0.005177
-0.006274
-0.007544
-0.008742
-0.009642
-0.010089
-0.010052
-0.009677
-0.009203
-0.008777
-0.008292
-0.007408
-0.005810
-0.003588
-0.001388
-0.000054
0.000023
-0.000886
-0.002406
-0.004674
-0.008124
-0.012629
-0.017192
-0.020701
-0.022753
-0.023492
-0.022886
-0.020613
-0.016720
-0.011920
-0.007046
-0.002567
0.001091
0.003176
0.003173
0.001594
-0.000446
-0.002651
-0.005955
-0.011082
-0.017104
-0.022027
-0.024736
-0.025796
-0.026323
-0.026573
-0.025997
-0.024251
-0.021680
-0.018931
-0.016488
-0.014675
-0.013770
-0.013923
-0.015047
-0.016901
-0.019217
-0.021728
-0.024146
-0.026198
-0.027600
-0.028050
-0.027363
-0.025703
-0.023586
-0.021594
-0.020103
-0.019249
-0.018990
-0.019121
-0.019360
-0.019564
-0.019778
-0.019961
-0.019823
-0.019119
-0.018020
-0.016948
-0.016041
-0.015093
-0.014073
-0.013385
-0.013372
-0.013782
-0.013998
-0.013741
-0.013278
-0.012992
-0.013041
-0.013453
-0.014235
-0.015221
-0.016048
-0.016468
-0.016594
-0.016676
-0.016778
-0.016827
-0.016825
-0.016786
-0.016548
-0.015922
-0.014987
-0.014002
-0.013017
-0.011824
-0.010361
-0.008854
-0.007442
-0.005933
-0.004185
-0.002498
-0.001279
-0.000383
0.000833
0.002763
0.005111
0.007294
0.009033
0.010398
0.011514
0.012467
0.013407
0.014460
0.015495
0.016159
0.016187
0.015567
0.014361
0.012561
0.010249
0.007848
0.005939
0.004736
0.003857
0.002805
0.001647
0.001000
0.001220
0.001843
0.002098
0.001886
0.001883
0.002624
0.003833
0.004909
0.005732
0.006586
0.007440
0.007868
0.007754
0.007591
0.007747
0.007797
0.007038
0.005514
0.004054
0.003243
0.002793
0.002121
0.001193
0.000449
0.000104
-0.000053
-0.000195
-0.000221
-0.000131
-0.000307
-0.001068
-0.002096
-0.002645
-0.002364
-0.001610
-0.000867
-0.000115
0.001006
0.002602
0.004336
0.005755
0.006561
0.006617
0.006053
0.005441
0.005557
0.006708
0.008418
0.009970
0.011165
0.012300
0.013538
0.014628
0.015284
0.015506
0.015343
0.014547
0.012776
0.010135
0.007317
0.005124
0.003902
0.003403
0.003152
0.002934
0.002978
0.003646
0.004913
0.006226
0.006966
0.006979
0.006531
0.005790
0.004609
0.002893
0.000989
-0.000493
-0.001196
-0.001189
-0.000648
0.000433
0.002143
0.004407
0.006990
0.009678
0.012334
0.014756
0.016658
0.017843
0.018333
0.018197
0.017371
0.015773
0.013595
0.011299
0.009273
0.007646
0.006516
0.006178
0.006857
0.008267
0.009700
0.010649
0.011155
0.011438
0.011390
0.010674
0.009225
0.007412
0.005669
0.004174
0.002967
0.002178
0.001978
0.002389
0.003281
0.004570
0.006246
0.008158
0.009859
0.010819
0.010828
0.010105
0.008978
0.007511
0.005615
0.003487
0.001670
0.000539
-0.000057
-0.000324
0.000131
0.001989
0.005127
0.008306
0.010332
0.011211
0.011776
0.012354
0.012413
0.011480
0.009762
0.007609
0.004935
0.001679
-0.001515
-0.003729
-0.004836
-0.005618
-0.006677
-0.007650
-0.007636
-0.006066
-0.002967
0.001213
0.005656
0.009273
0.011310
0.011975
0.012221
0.012695
0.012989
0.012018
0.009086
0.004628
-0.000028
-0.003621
-0.005808
-0.007128
-0.008128
-0.008670
-0.008247
-0.006868
-0.005261
-0.004096
-0.003314
-0.002491
-0.001651
-0.001304
-0.001633
-0.002014
-0.001589
-0.000181
0.001596
0.003085
0.004172
0.005066
0.005733
0.005804
0.005055
0.003741
0.002337
0.001067
-0.000157
-0.001402
-0.002523
-0.003319
-0.003699
-0.003615
-0.003015
-0.002025
-0.001058
-0.000495
-0.000271
-0.000003
0.000478
0.000907
0.000993
0.000797
0.000552
0.000285
-0.000105
-0.000488
-0.000558
-0.000315
-0.000204
-0.000551
-0.001057
-0.001125
-0.000657
-0.000257
-0.000576
-0.001659
-0.003047
-0.004319
-0.005344
-0.006132
-0.006735
-0.007325
-0.008062
-0.008778
-0.008998
-0.008495
-0.007689
-0.007247
-0.007340
-0.007531
-0.007419
-0.007134
-0.007078
-0.007398
-0.007891
-0.008303
-0.008517
-0.008503
-0.008270
-0.007873
-0.007388
-0.006896
-0.006600
-0.006834
-0.007749
-0.009015
-0.010086
-0.010791
-0.011464
-0.012439
-0.013664
-0.014905
-0.016037
-0.016894
-0.017118
-0.016498
-0.015337
-0.014062
-0.012476
-0.009893
-0.006208
-0.002433
0.000172
0.001324
0.001747
0.002119
0.002367
0.002028
0.000958
-0.000473
-0.001690
-0.002286
-0.002272
-0.002138
-0.002546
-0.003734
-0.005225
-0.006276
-0.006602
-0.006536
-0.006524
-0.006669
-0.006824
-0.006903
-0.006922
-0.006857
-0.006707
-0.006684
-0.007083
-0.007789
-0.008097
-0.007226
-0.004984
-0.001772
0.001987
0.006145
0.010504
0.014552
0.017777
0.020057
0.021306
0.020856
0.017766
0.012077
0.005390
-0.000291
-0.004298
-0.007506
-0.010815
-0.013884
-0.015610
-0.015481
-0.014002
-0.011894
-0.009369
-0.006346
-0.003059
-0.000102
0.002066
0.003430
0.004204
0.004432
0.003880
0.002290
-0.000255
-0.003169
-0.005589
-0.006889
-0.007035
-0.006416
-0.005353
-0.003833
-0.001731
0.000833
0.003440
0.005667
0.007351
0.008572
0.009419
0.009823
0.009604
0.008703
0.007373
0.006088
0.005230
0.004868
0.004852
0.005054
0.005421
0.005848
0.006141
0.006163
0.005902
0.005348
0.004431
0.003197
0.001962
0.001110
0.000780
0.000931
0.001725
0.003562
0.006563
0.010159
0.013451
0.015948
0.017752
0.019048
0.019689
0.019410
0.018256
0.016561
0.014625
0.012633
0.010844
0.009599
0.009056
0.009095
0.009592
0.010615
0.012184
0.013998
0.015635
0.016982
0.018237
0.019443
0.020276
0.020391
0.019828
0.018886
0.017723
0.016288
0.014591
0.012794
0.010990
0.009138
0.007388
0.006255
0.006153
0.006754
0.007112
0.006593
0.005537
0.004781
0.004631
0.004601
0.004220
0.003800
0.004105
0.005406
0.007224
0.009032
0.010817
0.012679
0.014179
0.014587
0.013781
0.012492
0.011392
0.010258
0.008335
0.005439
0.002301
-0.000173
-0.001723
-0.002665
-0.003260
-0.003380
-0.002758
-0.001354
0.000550
0.002526
0.004199
0.005337
0.005846
0.005751
0.005225
0.004538
0.003879
0.003215
0.002424
0.001618
0.001190
0.001462
0.002376
0.003619
0.004952
0.006297
0.007573
0.008654
0.009430
0.009722
0.009169
0.007477
0.004913
0.002307
0.000360
-0.000933
-0.002018
-0.003088
-0.003898
-0.004159
-0.003812
-0.002884
-0.001391
0.000481
0.002340
0.003951
0.005510
0.007327
0.009315
0.011006
0.012037
0.012395
0.012162
0.011290
0.009785
0.007927
0.006065
0.004274
0.002443
0.000730
-0.000303
-0.000195
0.000861
0.002086
0.002795
0.002925
0.002927
0.003213
0.003729
0.004018
0.003644
0.002598
0.001352
0.000509
0.000325
0.000540
0.000639
0.000297
-0.000424
-0.001252
-0.001973
-0.002514
-0.002840
-0.002869
-0.002524
-0.001822
-0.000858
0.000305
0.001663
0.003155
0.004547
0.005553
0.006114
0.006513
0.007102
0.007954
0.008832
0.009466
0.009747
0.009693
0.009395
0.009042
0.008784
0.008428
0.007467
0.005676
0.003608
0.002181
0.001695
0.001525
0.000904
-0.000253
-0.001510
-0.002620
-0.003675
-0.004648
-0.005294
-0.005672
-0.006374
-0.007860
-0.009721
-0.010983
-0.011168
-0.010712
-0.010259
-0.009845
-0.009055
-0.007803
-0.006565
-0.005814
-0.005505
-0.005330
-0.005278
-0.005630
-0.006404
-0.007121
-0.007317
-0.007102
-0.006982
-0.007177
-0.007401
-0.007374
-0.007267
-0.007479
-0.008123
-0.008988
-0.009915
-0.010938
-0.012037
-0.013025
-0.013783
-0.014416
-0.015002
-0.015367
-0.015316
-0.014953
-0.014558
-0.014144
-0.013432
-0.012259
-0.010798
-0.009295
-0.007799
-0.006297
-0.004937
-0.003930
-0.003406
-0.003539
-0.004661
-0.006919
-0.009861
-0.012704
-0.015072
-0.017174
-0.019110
-0.020313
-0.020025
-0.018151
-0.015366
-0.012441
-0.009762
-0.007451
-0.005590
-0.004203
-0.003273
-0.002949
-0.003501
-0.004857
-0.006409
-0.007540
-0.008249
-0.008933
-0.009632
-0.009857
-0.009276
-0.008244
-0.007418
-0.007028
-0.006809
-0.006523
-0.006260
-0.006176
-0.006187
-0.006044
-0.005557
-0.004641
-0.003247
-0.001438
0.000486
0.002119
0.003285
0.004195
0.005184
0.006310
0.007282
0.007783
0.007778
0.007451
0.006936
0.006254
0.005499
0.004877
0.004462
0.004058
0.003510
0.003050
0.003073
0.003552
0.003925
0.003701
0.002964
0.002087
0.001145
-0.000091
-0.001637
-0.003126
-0.004264
-0.005165
-0.006035
-0.006683
-0.006630
-0.005704
-0.004298
-0.002928
-0.001666
-0.000132
0.001933
0.004202
0.005971
0.006849
0.007157
0.007498
0.008020
0.008270
0.007841
0.006885
0.005770
0.004409
0.002336
-0.000483
-0.003247
-0.004967
-0.005380
-0.005034
-0.004552
-0.004060
-0.003301
-0.002114
-0.000667
0.000680
0.001660
0.002266
0.002685
0.003103
0.003623
0.004349
0.005402
0.006699
0.007815
0.008279
0.008026
0.007364
0.006469
0.005150
0.003230
0.000914
-0.001407
-0.003546
-0.005473
-0.007027
-0.008036
-0.008687
-0.009394
-0.010169
-0.010462
-0.009856
-0.008669
-0.007560
-0.006705
-0.005711
-0.004331
-0.002911
-0.001967
-0.001616
-0.001591
-0.001680
-0.001940
-0.002542
-0.003601
-0.005126
-0.006979
-0.008859
-0.010421
-0.011440
-0.011811
-0.011484
-0.010527
-0.009234
-0.007989
-0.006921
-0.005859
-0.004723
-0.003829
-0.003617
-0.004111
-0.004846
-0.005366
-0.005639
-0.005870
-0.006075
-0.006038
-0.005652
-0.005048
-0.004301
-0.003192
-0.001510
0.000488
0.002147
0.003045
0.003376
0.003582
0.003720
0.003416
0.002429
0.001059
-0.000101
-0.000689
-0.000785
-0.000684
-0.000617
-0.000634
-0.000660
-0.000604
-0.000464
-0.000333
-0.000320
-0.000530
-0.001122
-0.002214
-0.003625
-0.004861
-0.005570
-0.005982
-0.006612
-0.007555
-0.008367
-0.008756
-0.009003
-0.009431
-0.009813
-0.009785
-0.009673
-0.010179
-0.011104
-0.011071
-0.009056
-0.005850
-0.003334
-0.002436
-0.002418
-0.002212
-0.001740
-0.001507
-0.001494
-0.001182
-0.000532
-0.000229
-0.000723
-0.001511
-0.001741
-0.001309
-0.000983
-0.001458
-0.002593
-0.003630
-0.003993
-0.003713
-0.003160
-0.002553
-0.001873
-0.001174
-0.000778
-0.000948
-0.001464
-0.001753
-0.001506
-0.000970
-0.000556
-0.000365
-0.000297
-0.000395
-0.000774
-0.001250
-0.001432
-0.001238
-0.001029
-0.001084
-0.001187
-0.000940
-0.000305
0.000420
0.001010
0.001445
0.001666
0.001516
0.000999
0.000438
0.000248
0.000645
0.001538
0.002600
0.003487
0.004240
0.005483
0.007888
0.011232
0.014226
0.015602
0.015277
0.014182
0.013053
0.011772
0.009938
0.007691
0.005679
0.004450
0.004156
0.004735
0.006016
0.007624
0.009098
0.010298
0.011535
0.013081
0.014622
0.015378
0.014851
0.013343
0.011695
0.010584
0.010109
0.009967
0.009902
0.009930
0.010236
0.010926
0.011872
0.012767
0.013312
0.013408
0.013123
0.012515
0.011534
0.010169
0.008638
0.007239
0.006030
0.004813
0.003531
0.002473
0.001865
0.001454
0.000856
0.000349
0.000887
0.003022
0.006047
0.008604
0.010083
0.011054
0.012254
0.013584
0.014354
0.014274
0.013715
0.013048
0.012115
0.010614
0.008733
0.007078
0.005994
0.005255
0.004544
0.004028
0.004173
0.005044
0.006049
0.006528
0.006417
0.006135
0.005950
0.005757
0.005498
0.005429
0.005739
0.006136
0.006167
0.005890
0.005832
0.006200
0.006492
0.006191
0.005607
0.005632
0.006665
0.008098
0.009015
0.009133
0.008841
0.008508
0.008044
0.007165
0.005822
0.004203
0.002474
0.000746
-0.000729
-0.001574
-0.001633
-0.001187
-0.000665
-0.000186
0.000431
0.001202
0.001745
0.001662
0.001002
0.000131
-0.000792
-0.001941
-0.003340
-0.004491
-0.004724
-0.003901
-0.002587
-0.001512
-0.000950
-0.000700
-0.000541
-0.000595
-0.001185
-0.002411
-0.003964
-0.005397
-0.006554
-0.007597
-0.008633
-0.009474
-0.009903
-0.010083
-0.010468
-0.011263
-0.012141
-0.012621
-0.012620
-0.012463
-0.012362
-0.012063
-0.011132
-0.009543
-0.007810
-0.006461
-0.005455
-0.004257
-0.002547
-0.000705
0.000584
0.001104
0.001284
0.001534
0.001696
0.001353
0.000529
-0.000235
-0.000526
-0.000535
-0.000699
-0.001053
-0.001156
-0.000681
0.000117
0.000639
0.000591
0.000309
0.000367
0.000937
0.001610
0.001878
0.001682
0.001390
0.001319
0.001409
0.001392
0.001122
0.000665
0.000179
-0.000182
-0.000323
-0.000293
-0.000282
-0.000399
-0.000486
-0.000280
0.000219
0.000680
0.000801
0.000679
0.000736
0.001315
0.002380
0.003560
0.004473
0.005030
0.005424
0.005794
0.005958
0.005618
0.004830
0.004084
0.003793
0.003860
0.003924
0.003946
0.004303
0.005287
0.006732
0.008228
0.009503
0.010477
0.011059
0.011135
0.010745
0.010085
0.009248
0.008051
0.006230
0.003792
0.001140
-0.001174
-0.002840
-0.003940
-0.004720
-0.005234
-0.005287
-0.004747
-0.003845
-0.003051
-0.002678
-0.002716
-0.003012
-0.003507
-0.004223
-0.005136
-0.006121
-0.006955
-0.007318
-0.006950
-0.005929
-0.004710
-0.003686
-0.002735
-0.001413
0.000381
0.002185
0.003493
0.004255
0.004658
0.004641
0.003992
0.002847
0.001704
0.000840
0.000072
-0.000754
-0.001392
-0.001653
-0.001908
-0.002666
-0.003713
-0.004244
-0.003957
-0.003510
-0.003562
-0.003768
-0.003253
-0.001909
-0.000635
-0.000247
-0.000621
-0.001125
-0.001477
-0.001816
-0.002192
-0.002445
-0.002527
-0.002525
-0.002295
-0.001460
0.000005
0.001422
0.001941
0.001403
0.000454
-0.000197
-0.000449
-0.000711
-0.001325
-0.002215
-0.003035
-0.003495
-0.003523
-0.003200
-0.002655
-0.002047
-0.001594
-0.001528
-0.001916
-0.002541
-0.003033
-0.003214
-0.003260
-0.003454
-0.003789
-0.003933
-0.003607
-0.002872
-0.001976
-0.001051
-0.000114
0.000700
0.001176
0.001333
0.001468
0.001720
0.001780
0.001279
0.000384
-0.000287
-0.000386
-0.000247
-0.000445
-0.001137
-0.002014
-0.002752
-0.003271
-0.003603
-0.003765
-0.003867
-0.004149
-0.004756
-0.005515
-0.006049
-0.006122
-0.005819
-0.005377
-0.004891
-0.004226
-0.003231
-0.002000
-0.000840
0.000031
0.000667
0.001203
0.001580
0.001610
0.001292
0.000889
0.000633
0.000478
0.000250
-0.000081
-0.000381
-0.000538
-0.000552
-0.000500
-0.000485
-0.000568
-0.000649
-0.000521
-0.000145
0.000228
0.000390
0.000544
0.001050
0.001848
0.002468
0.002705
0.002953
0.003608
0.004475
0.005118
0.005618
0.006439
0.007553
0.008250
0.008099
0.007673
0.007837
0.008510
0.008682
0.007725
0.006199
0.005105
0.004665
0.004249
0.003368
0.002280
0.001518
0.001156
0.000815
0.000206
-0.000614
-0.001476
-0.002299
-0.003013
-0.003479
-0.003630
-0.003557
-0.003358
-0.003021
-0.002547
-0.002087
-0.001803
-0.001649
-0.001487
-0.001372
-0.001552
-0.002137
-0.002935
-0.003667
-0.004192
-0.004477
-0.004542
-0.004592
-0.005000
-0.005919
-0.006985
-0.007647
-0.007829
-0.008009
-0.008552
-0.009159
-0.009179
-0.008375
-0.007219
-0.006398
-0.006168
-0.006255
-0.006270
-0.006116
-0.005962
-0.005944
-0.006013
-0.006082
-0.006166
-0.006277
-0.006257
-0.005928
-0.005381
-0.004940
-0.004729
-0.004470
-0.003882
-0.003164
-0.002855
-0.003184
-0.003797
-0.004212
-0.004398
-0.007212
-0.007776
-0.008321
-0.008513
-0.008407
-0.008328
-0.008364
-0.008208
-0.007599
-0.006726
-0.006020
-0.005630
-0.005334
-0.004975
-0.004696
-0.004621
-0.004545
-0.004201
-0.003700
-0.003418
-0.003469
-0.003552
-0.003390
-0.003071
-0.002865
-0.002913
-0.003248
-0.003903
-0.004810
-0.005702
-0.006340
-0.006745
-0.007016
-0.006999
-0.006419
-0.005318
-0.004126
-0.003204
-0.002560
-0.002081
-0.001809
-0.001827
-0.002070
-0.002434
-0.002957
-0.003672
-0.004390
-0.004859
-0.005110
-0.005379
-0.005676
-0.005695
-0.005247
-0.004536
-0.003849
-0.003127
-0.002118
-0.000862
0.000222
0.000811
0.001039
0.001249
0.001522
0.001600
0.001277
0.000699
0.000213
-0.000017
-0.000115
-0.000248
-0.000375
-0.000323
-0.000043
0.000351
0.000824
0.001515
0.002487
0.003463
0.004016
0.004052
0.003938
0.004038
0.004254
0.004184
0.003687
0.003131
0.003008
0.003449
0.004177
0.004880
0.005468
0.005993
0.006456
0.006768
0.006845
0.006656
0.006217
0.005594
0.004907
0.004262
0.003659
0.003030
0.002390
0.001872
0.001568
0.001423
0.001356
0.001446
0.001850
0.002535
0.003247
0.003802
0.004278
0.004809
0.005284
0.005451
0.005293
0.005080
0.004972
0.004765
0.004211
0.003473
0.003020
0.003017
0.003061
0.002669
0.001895
0.001245
0.001012
0.000927
0.000583
0.000009
-0.000413
-0.000550
-0.000728
-0.001236
-0.001833
-0.002051
-0.001871
-0.001788
-0.002115
-0.002530
-0.002546
-0.002220
-0.002072
-0.002348
-0.002709
-0.002767
-0.002624
-0.002661
-0.002962
-0.003253
-0.003357
-0.003423
-0.003616
-0.003845
-0.003937
-0.003937
-0.004022
-0.004187
-0.004224
-0.004030
-0.003777
-0.003692
-0.003768
-0.003811
-0.003713
-0.003573
-0.003549
-0.003650
-0.003748
-0.003719
-0.003549
-0.003309
-0.003083
-0.002930
-0.002864
-0.002844
-0.002776
-0.002582
-0.002265
-0.001915
-0.001625
-0.001432
-0.001320
-0.001268
-0.001262
-0.001286
-0.001330
-0.001424
-0.001597
-0.001823
-0.002011
-0.002096
-0.002106
-0.002125
-0.002183
-0.002218
-0.002156
-0.001987
-0.001753
-0.001480
-0.001167
-0.000826
-0.000508
-0.000254
-0.000045
0.000178
0.000431
0.000662
0.000816
0.000904
0.000987
0.001091
0.001189
0.001253
0.001308
0.001393
0.001489
0.001529
0.001481
0.001402
0.001371
0.001394
0.001406
0.001374
0.001345
0.001393
0.001519
0.001655
0.001747
0.001810
0.001893
0.002002
0.002096
0.002140
0.002140
0.002126
0.002119
0.002125
0.002141
0.002171
0.002219
0.002284
0.002361
0.002448
0.002543
0.002651
0.002774
0.002898
0.003002
0.003081
0.003150
0.003230
0.003322
0.003407
0.003472
0.003525
0.003582
0.003651
0.003727
0.003804
0.003878
0.003953
0.004029
0.004105
0.004180
0.004255
0.004330
0.004404
0.004478
0.004551
0.004624
0.004696
0.004767
0.004838
0.004909
0.004979
0.005048
0.005117
0.005185
0.005253
0.005319
0.005386
0.005451
0.005516
