-0.011661
-0.012885
-0.007610
-0.003914
-0.016470
-0.014462
0.022824
-0.007091
-0.058039
-0.038272
-0.014348
-0.000264
-0.065605
-0.081540
0.032620
0.203646
0.150010
-0.008602
-0.073741
-0.082655
-0.005789
0.023401
0.021449
0.031116
0.042146
0.003034
-0.023039
0.029878
0.038130
0.008367
-0.062496
-0.118001
-0.064888
-0.011805
0.109646
0.141748
-0.012105
-0.051784
-0.090137
-0.113845
-0.024203
0.001511
0.027795
0.080400
0.132718
0.068365
0.001995
-0.041552
-0.078694
-0.059149
-0.040509
0.049226
0.099699
0.014123
-0.055046
-0.120366
-0.075139
0.012308
-0.005492
0.045958
0.118600
0.002577
-0.143776
-0.147035
0.024794
0.138278
0.135913
0.006967
-0.053574
-0.065577
-0.113744
0.019396
0.051576
-0.022931
-0.117083
-0.050216
0.032956
0.095447
-0.008587
-0.056902
-0.071218
-0.052768
0.046908
0.023742
0.177600
0.203342
0.031809
-0.074698
-0.118224
-0.152155
-0.194720
-0.040498
0.236221
0.368486
0.203686
-0.092660
-0.065202
-0.098507
-0.309013
-0.137954
0.087273
0.077132
-0.063169
-0.123134
-0.057958
-0.009917
0.079905
0.076436
0.057065
-0.055841
-0.143882
-0.107779
-0.045830
-0.011703
0.027438
0.148603
0.300393
0.190559
-0.057642
-0.265490
-0.194348
0.062244
0.104684
0.036920
-0.060614
0.003805
0.026588
-0.073578
-0.151939
-0.154030
0.025927
0.211570
0.158377
0.076193
-0.008928
-0.000768
0.080469
0.124360
0.029180
-0.011875
-0.002257
-0.038781
-0.009165
-0.032205
-0.073889
0.017627
0.203849
0.009897
-0.093292
0.070396
0.128971
0.241811
0.301359
0.161437
0.068773
0.005627
0.000324
-0.031451
-0.063298
-0.130348
-0.198954
-0.260435
-0.335129
-0.142675
0.039232
0.105957
0.090006
0.010707
-0.078654
0.037054
0.018846
-0.107249
-0.181046
0.045913
0.387142
0.324111
0.157300
-0.012135
-0.046261
-0.093886
-0.100042
-0.038665
-0.018576
-0.005511
-0.009512
-0.021515
-0.000418
0.182890
0.335998
0.328492
0.282159
0.102127
-0.091264
-0.200563
-0.218401
-0.215644
-0.228476
-0.216245
-0.176418
0.003933
0.233495
0.400138
0.448173
0.311258
0.074558
-0.252081
-0.384976
-0.302283
-0.227108
-0.167638
0.045259
0.189416
0.077670
-0.016557
-0.009259
0.089350
0.091965
-0.063415
-0.312317
-0.275329
-0.035851
0.148793
0.211978
0.192858
0.197225
0.084034
-0.015345
-0.105748
-0.098583
0.002486
0.038705
-0.094948
-0.181830
-0.120986
0.096407
0.232586
0.103416
0.135153
0.139687
-0.057659
-0.204142
-0.184176
-0.123025
-0.057526
-0.040992
-0.112572
-0.132262
-0.151148
-0.095987
0.109555
0.202309
0.262206
0.338308
0.323886
0.243383
0.135288
0.003042
-0.106148
-0.151801
-0.189185
-0.246283
-0.290189
-0.309246
-0.338783
-0.345865
-0.356501
-0.324116
-0.129605
0.216216
0.548072
0.535279
0.228136
0.022056
-0.003257
0.003988
0.013809
-0.023769
-0.117398
-0.177764
-0.154090
-0.197099
-0.322453
-0.332352
-0.218380
-0.051794
0.020366
0.076408
0.250068
0.403575
0.375157
0.134328
-0.044528
0.004822
0.059561
0.032228
-0.119713
-0.313613
-0.156271
0.120035
0.196728
0.202381
0.154451
0.055583
-0.061148
-0.111132
-0.093121
0.033033
0.137595
0.150351
0.084831
-0.122467
-0.308279
-0.318725
-0.253996
-0.133056
0.055605
0.107520
0.122918
0.126207
0.051716
-0.060839
-0.051644
0.050942
0.114277
0.145150
0.035649
-0.035475
-0.020543
0.039620
0.075192
0.042334
-0.018185
-0.077117
-0.131217
-0.162231
-0.162570
-0.151927
-0.082293
-0.004798
0.016418
-0.003868
0.038537
0.088961
0.101955
0.189538
0.249074
0.156064
0.043275
-0.042348
-0.092394
-0.111604
-0.116789
-0.154325
-0.145709
0.017247
0.101102
0.126680
0.085213
0.040880
0.056692
0.047572
0.048187
0.045256
0.025643
0.015681
0.029332
0.048979
0.059484
0.067737
0.040369
-0.045639
-0.127662
-0.189784
-0.166021
-0.119105
-0.101774
-0.060619
0.013505
0.026826
-0.032950
-0.041973
0.047283
0.122099
0.077456
0.060907
0.100638
0.053269
-0.004405
-0.003246
0.011163
0.000233
-0.052142
-0.086444
-0.020922
0.045544
0.038728
0.009825
0.051153
0.081292
0.069661
0.042755
-0.031330
-0.033663
-0.016958
-0.027186
-0.068167
-0.089334
-0.072120
-0.053282
-0.051529
-0.012881
0.046113
0.060008
0.087784
0.052501
0.023824
0.007517
-0.032143
-0.048343
-0.056842
-0.048593
-0.021157
0.007373
0.025740
0.054128
0.077533
0.072199
0.038541
0.005994
0.030502
0.082502
0.090682
0.102102
0.125249
0.122575
0.111594
0.090783
0.024272
-0.050912
-0.097658
-0.135105
-0.137861
-0.105011
-0.102049
-0.049180
0.022123
0.070049
0.088595
0.070649
0.011211
-0.058373
-0.084530
-0.106637
-0.126613
-0.122931
-0.080349
-0.002274
0.080592
0.142004
0.141596
0.088401
0.022033
0.001663
-0.058278
-0.098422
-0.055947
-0.099663
-0.127037
-0.105625
-0.072938
-0.000087
0.047480
0.054548
0.031795
0.006293
0.049694
0.074075
0.057678
0.060894
0.025179
-0.002347
0.011408
0.007823
-0.016982
-0.024363
-0.009709
0.006507
0.051172
0.071729
0.068570
0.052750
0.044098
0.036584
0.022465
0.008024
-0.012146
-0.024435
-0.046237
-0.065777
-0.088896
-0.049123
0.011887
0.022291
0.011366
-0.008438
-0.020077
0.004966
0.038686
0.037015
0.015971
-0.027747
-0.052708
-0.053299
-0.041768
-0.031138
-0.018252
0.004885
0.018255
0.006767
-0.009362
-0.004140
-0.004000
-0.016208
-0.019208
0.008107
0.049885
0.069178
0.071906
0.041866
-0.001425
-0.010742
-0.001710
0.015304
0.030605
0.027171
0.019709
0.010638
-0.004863
-0.012061
-0.025175
-0.039139
-0.040924
-0.026826
-0.014286
-0.021218
-0.041586
-0.061173
-0.068172
-0.067637
-0.015795
0.022972
0.012992
0.010370
0.020496
0.036011
0.024908
0.007624
-0.002783
-0.005876
0.005305
0.005627
-0.011203
-0.011403
0.003451
0.023853
0.021290
0.009331
0.012483
-0.000082
-0.015822
-0.015693
0.008187
0.030787
0.023466
0.019325
0.020660
0.008494
-0.008499
-0.024901
-0.029340
-0.039632
-0.034608
-0.008988
0.005059
-0.001461
0.000791
0.022413
0.032029
0.026885
0.014695
0.020350
0.031015
0.020905
0.005636
-0.008020
0.005132
0.032222
0.049684
0.063795
0.063164
0.050856
0.034848
0.011661
-0.004138
0.013788
0.039324
0.052475
0.045414
0.034931
0.025861
0.013609
0.013759
0.022563
0.028564
0.018005
0.005773
0.005830
0.012234
0.013074
0.002874
-0.013718
-0.022983
-0.030531
-0.038931
-0.044907
-0.045811
-0.031135
-0.010157
0.010641
0.012105
0.002573
0.002436
0.000471
-0.019152
-0.042577
-0.059885
-0.063094
-0.045393
-0.027078
-0.020694
-0.027377
-0.029577
-0.022926
-0.007677
0.000116
0.003184
0.004601
-0.005559
-0.015638
-0.022376
-0.022920
-0.009830
0.013300
0.025360
0.003868
-0.022409
-0.028314
-0.024817
-0.014832
-0.014021
-0.013682
-0.005800
-0.004374
-0.008773
-0.020212
-0.023753
-0.009007
0.003781
0.007673
0.012593
0.019885
0.014519
-0.002056
-0.009537
-0.013959
-0.014244
-0.012711
-0.006728
0.003171
0.003591
0.005837
-0.000883
-0.018612
-0.022476
-0.015032
-0.014977
-0.012085
-0.002588
0.008866
0.010271
0.003136
0.003881
0.011234
0.009817
0.006021
-0.000905
-0.014062
-0.018600
-0.011474
-0.002669
0.008879
0.017861
0.020217
0.019749
0.013012
0.001933
-0.009292
-0.005736
-0.001485
-0.002341
-0.009392
-0.019775
-0.020238
-0.013677
0.000256
0.016695
0.026884
0.023440
0.015628
0.014727
0.020164
0.022386
0.012570
-0.005305
-0.007430
0.000531
0.008090
0.014584
0.015190
0.011206
0.011818
0.016272
0.005824
-0.000626
0.006748
0.018047
0.017673
0.003766
-0.010266
-0.019888
-0.020903
-0.020750
-0.010981
0.003635
0.014117
0.018733
0.008087
-0.007464
-0.019715
-0.015247
-0.010462
-0.014035
-0.011476
-0.002879
0.005999
0.009114
0.007306
0.005313
0.015833
0.028184
0.021809
-0.010345
-0.028344
-0.019314
-0.005295
0.005562
0.000305
-0.008651
-0.004222
0.001915
0.008174
0.018977
0.025971
0.023067
0.012195
0.001622
-0.010497
-0.018754
-0.013967
-0.004593
-0.003779
-0.003276
0.002330
0.003721
-0.003275
-0.013204
-0.022696
-0.024606
-0.016741
-0.018775
-0.026184
-0.026777
-0.021001
-0.018451
-0.024218
-0.015835
0.001341
0.014014
0.009873
-0.004597
-0.014909
-0.017971
-0.018143
-0.012537
-0.001309
0.006605
0.014179
0.014957
0.012424
0.010247
0.009996
0.017766
0.025173
0.029026
0.025779
0.014320
-0.000681
-0.012411
-0.005518
0.013019
0.029844
0.029568
0.013926
0.007246
0.013117
0.017001
0.010235
0.003135
0.007053
0.014884
0.018029
0.014351
0.012428
0.019690
0.019717
0.011855
0.002214
-0.004235
-0.004677
-0.006178
-0.006867
-0.009733
-0.013961
-0.021231
-0.026715
-0.025868
-0.024367
-0.021897
-0.015625
-0.009731
-0.006608
-0.009165
-0.008814
-0.002836
-0.000243
-0.002186
-0.006283
-0.012099
-0.018560
-0.016249
-0.006721
-0.001850
-0.007579
-0.011409
-0.013775
-0.010870
-0.005101
-0.002820
0.000770
0.001462
0.000699
0.000434
-0.004839
-0.010173
-0.006205
-0.002497
-0.006973
-0.014244
-0.007791
0.003996
0.013313
0.015531
0.006940
-0.001696
-0.004168
-0.007122
-0.009889
-0.007301
0.000498
0.015692
0.022883
0.013375
0.002386
0.005180
0.013978
0.016794
0.010904
0.005214
0.002202
0.002576
0.002057
0.000754
0.003595
0.001536
-0.006039
-0.013950
-0.011257
-0.002367
0.007729
0.012999
0.009301
0.003127
-0.001842
-0.004496
-0.004233
-0.000446
-0.001460
-0.004030
-0.002544
0.001775
0.001258
-0.001906
-0.002591
-0.006836
-0.010074
-0.011407
-0.008929
-0.001481
0.004378
0.007760
0.012501
0.021233
0.027136
0.024128
0.015686
0.005922
-0.001491
-0.000127
0.008726
0.011420
0.008717
0.004858
0.001643
0.005322
0.012003
0.009030
-0.002168
-0.014277
-0.020102
-0.016762
-0.014201
-0.015429
-0.015983
-0.010039
-0.002335
0.000593
-0.003602
-0.010657
-0.017380
-0.022804
-0.023415
-0.019523
-0.011553
-0.002547
0.006175
0.012659
0.012579
0.004777
-0.004201
-0.012949
-0.015758
-0.011255
-0.005329
0.001930
0.006449
0.003963
-0.003094
-0.000917
0.003625
0.007351
0.011466
0.019333
0.024738
0.024258
0.024465
0.021083
0.014099
0.010833
0.011244
0.006374
0.001512
0.001089
0.003851
0.005401
0.009630
0.011435
0.011521
0.009595
0.007789
0.010838
0.011425
0.010426
0.005315
-0.000093
-0.006578
-0.006165
0.000748
0.010549
0.017212
0.019852
0.024168
0.020208
0.014454
0.003599
-0.009321
-0.018394
-0.018472
-0.009362
-0.002199
0.002498
0.001656
0.003104
0.008606
0.006780
-0.002373
-0.010489
-0.013142
-0.011291
-0.009293
-0.006480
0.001447
0.007826
0.004480
-0.005089
-0.015049
-0.022432
-0.023654
-0.018802
-0.011816
-0.007612
-0.004439
-0.000566
0.001382
-0.001310
-0.005030
-0.001740
0.003661
0.004502
-0.000469
-0.007071
-0.007818
-0.003717
-0.000699
-0.000756
0.000063
-0.001163
-0.005862
-0.007682
-0.008159
-0.006845
-0.004758
-0.006243
-0.005144
-0.000720
-0.000608
-0.000431
-0.002227
-0.003966
-0.001553
0.005009
0.009506
0.005929
0.001425
-0.001062
-0.002536
-0.000048
0.001577
0.003237
0.004856
0.006587
0.010249
0.010264
0.012569
0.012507
0.009070
0.006849
0.006515
0.007673
0.010588
0.009536
0.005900
0.002968
0.000743
0.000516
0.000499
-0.000090
-0.003927
-0.008271
-0.005108
0.004331
0.011941
0.013672
0.008308
0.003768
0.000682
-0.003363
-0.005836
-0.006034
-0.004461
-0.000325
0.009034
0.011756
0.008635
0.002938
-0.001650
-0.003069
-0.006535
-0.006684
-0.003509
-0.001559
-0.004279
-0.006638
-0.007683
-0.003585
-0.003751
-0.005617
-0.003698
-0.003836
-0.004641
-0.004808
-0.005078
-0.007895
-0.008088
-0.005122
-0.002654
-0.005595
-0.008513
-0.007218
-0.003508
0.001508
-0.002824
-0.007807
-0.002863
-0.002613
-0.002412
-0.004466
-0.009810
-0.012748
-0.009149
-0.000557
0.003793
0.001099
0.000753
0.005061
0.003517
0.004447
0.009457
0.010489
0.008157
0.003518
0.002518
0.002414
-0.002371
-0.004316
-0.006103
-0.002404
0.007980
0.010719
0.011085
0.009548
0.004697
0.001515
-0.002774
-0.008770
-0.014909
-0.014118
-0.009855
-0.008451
-0.010123
-0.015603
-0.014488
-0.007646
-0.003576
-0.003506
-0.005172
-0.008500
-0.010955
-0.011177
-0.013766
-0.015822
-0.010998
-0.000809
0.005461
0.003616
-0.001414
-0.002809
-0.001118
0.003908
0.007728
0.009236
0.007822
0.004927
0.002280
0.002173
0.005489
0.006978
0.003856
-0.001562
0.001769
0.009507
0.011807
0.006573
0.002929
0.005760
0.006295
0.004914
0.004167
0.004677
0.004211
0.002875
0.002964
0.000449
-0.000863
0.003910
0.011265
0.012128
0.008307
0.005349
0.005556
0.005892
0.002339
0.001735
0.005674
0.013402
0.017563
0.014147
0.010437
0.010590
0.010700
0.008790
0.004727
-0.000350
-0.001938
0.002679
0.008614
0.010194
0.010792
0.007108
0.000376
-0.003626
-0.002425
-0.000595
-0.002279
-0.003565
-0.004010
-0.003186
-0.005805
-0.005565
-0.003391
-0.004375
-0.006329
-0.005279
-0.001792
-0.000413
-0.000397
-0.003824
-0.008842
-0.012947
-0.015036
-0.016405
-0.013330
-0.011340
-0.011120
-0.009582
-0.007692
-0.004636
-0.004077
-0.004271
-0.007399
-0.009375
-0.007911
-0.006601
-0.004872
-0.004001
-0.003909
-0.008694
-0.014284
-0.013524
-0.008424
-0.005587
-0.006050
-0.006597
-0.005545
-0.000604
0.000367
-0.002064
-0.004675
-0.005540
-0.003624
-0.001651
0.001462
0.004947
0.005126
0.004594
0.004532
0.005113
0.006465
0.005645
0.002183
-0.000149
-0.000587
0.000751
0.002965
0.006953
0.009380
0.007195
0.006400
0.004107
0.003484
0.004598
0.005147
0.002514
-0.000386
0.000822
0.003124
0.005312
0.007033
0.009112
0.010290
0.011961
0.011525
0.007930
0.005278
0.003724
0.003331
0.004150
0.002802
0.001567
0.004040
0.007209
0.005958
0.003200
0.001409
0.002727
0.001964
-0.001770
-0.005090
-0.002993
-0.000509
-0.000892
-0.000506
0.000001
0.003295
0.002835
-0.001225
-0.006081
-0.007424
-0.003309
0.000275
0.004066
0.008321
0.008939
0.006668
0.003143
-0.000039
-0.001370
-0.000298
0.001304
0.000738
0.001954
0.003408
0.003569
0.005248
0.002023
-0.004378
-0.007582
-0.006974
-0.005542
-0.005511
-0.006256
-0.004429
-0.002684
-0.000645
0.000473
0.000218
-0.001593
-0.004525
-0.005157
-0.005442
-0.002485
0.002937
0.006494
0.008053
0.009305
0.008949
0.006059
0.002821
0.001208
-0.000708
-0.004214
-0.008098
-0.008929
-0.006271
-0.003474
-0.003662
-0.005783
-0.007017
-0.008366
-0.007737
-0.006865
-0.006555
-0.005404
-0.005548
-0.005078
-0.002379
0.000831
0.003123
0.003615
0.002467
0.000663
0.000546
-0.000993
-0.002143
-0.000021
-0.000579
-0.001925
-0.002525
-0.002643
-0.002597
0.000584
0.002668
0.001213
-0.001893
-0.004480
-0.003868
-0.001046
0.001058
0.002379
0.004726
0.005020
0.002072
-0.001600
-0.004933
-0.005885
-0.005493
-0.005985
-0.005692
-0.004889
-0.002021
-0.000788
-0.000251
0.000903
0.001250
-0.000435
-0.002716
-0.000936
-0.000544
0.001063
0.001654
0.000125
0.001566
0.002166
0.003556
0.004399
0.002370
-0.001148
-0.003337
-0.004589
-0.003005
-0.000921
-0.000498
0.002873
0.002537
-0.000762
-0.001398
-0.002294
-0.001388
-0.000225
0.001143
0.002082
0.002074
0.005553
0.006944
0.005363
0.002922
0.002704
0.002410
0.002329
0.004582
0.005485
0.005721
0.003660
0.001499
-0.000019
0.000002
0.001316
0.002659
0.003678
0.002687
0.000839
0.001270
0.001902
0.001854
0.000122
-0.000610
0.000545
0.002779
0.003964
0.000450
-0.001743
-0.001220
-0.001748
-0.004475
-0.005317
-0.004243
-0.001961
0.001567
0.002574
0.003610
0.003186
0.000504
-0.000394
-0.000818
-0.000548
0.000006
0.000154
-0.000304
-0.000521
0.000463
0.001081
0.002528
0.005019
0.006032
0.004369
0.002313
0.002054
0.003160
0.002628
0.000901
-0.002288
-0.003127
-0.001546
0.000846
0.004165
0.003447
0.002522
0.000594
-0.001294
-0.002931
-0.004928
-0.001993
-0.000108
-0.000291
-0.002446
-0.002473
-0.003436
-0.000634
-0.001006
-0.002948
-0.003672
-0.006645
-0.007637
-0.007432
-0.008126
-0.007284
-0.004886
-0.002966
0.000009
0.000075
0.001414
0.001556
-0.000296
-0.001292
-0.002405
-0.005142
-0.005804
-0.004708
-0.001943
-0.001062
0.002575
0.004262
0.004352
0.001513
0.001607
0.000231
-0.003457
-0.000830
-0.000692
0.000448
-0.000834
-0.001764
-0.002420
-0.001785
-0.000494
0.000614
-0.000484
-0.001291
-0.002181
-0.003007
-0.002774
-0.003843
-0.003430
-0.005185
-0.005839
-0.004842
-0.003998
-0.002623
-0.001261
0.002865
0.004052
0.002256
0.002464
0.002949
0.001737
0.001519
0.004701
0.005412
0.005247
0.007484
0.009234
0.008656
0.006247
0.003605
0.004267
0.005676
0.005423
0.003400
0.004835
0.007105
0.008831
0.009716
0.004860
-0.000034
-0.002365
-0.003257
-0.002088
-0.000274
0.000861
0.000927
-0.000353
-0.001840
-0.005138
-0.006189
-0.006314
-0.006977
-0.003354
-0.001234
-0.001213
-0.000478
0.000091
0.001051
-0.001254
-0.002761
-0.002145
-0.002025
-0.001386
-0.001587
-0.000985
-0.000426
-0.000185
0.000568
-0.000676
-0.002439
-0.001770
-0.002526
-0.002114
0.000184
0.002063
0.001449
-0.000687
-0.001439
0.001278
0.003455
0.002181
-0.002561
-0.002605
-0.000385
-0.001773
-0.001183
-0.001831
-0.001786
0.001253
0.003989
0.003180
0.001268
0.001908
0.001681
-0.000569
-0.001125
-0.002194
-0.000057
0.002177
0.002668
0.001419
-0.000640
-0.000386
0.000993
0.001733
0.001586
0.002819
0.004099
0.003984
0.001681
0.001148
0.002113
0.001349
-0.001131
-0.003818
-0.001930
-0.000506
0.000019
0.000428
0.001083
0.001824
0.003372
0.003017
-0.000808
-0.003675
-0.003929
-0.001274
-0.000419
0.001216
0.001489
-0.000191
-0.002465
-0.005365
-0.005976
-0.006824
-0.004677
-0.003296
-0.003599
-0.002375
-0.002720
-0.003578
-0.003930
-0.001459
0.001605
0.002012
0.002230
0.001116
-0.001109
-0.001202
-0.001120
-0.000997
-0.002670
-0.004028
-0.003684
0.000434
0.004647
0.008104
0.008352
0.005998
0.004589
0.004017
0.005618
0.005195
0.004582
0.002681
0.001644
0.002459
0.005146
0.006600
0.008607
0.010065
0.008638
0.007868
0.008385
0.010023
0.011940
0.011698
0.009308
0.008295
0.006869
0.004808
0.004139
0.004327
0.002901
0.000665
-0.000415
-0.000456
-0.001428
-0.002795
-0.002929
-0.002376
-0.003989
-0.005930
-0.006680
-0.005680
-0.004683
-0.006299
-0.008689
-0.009115
-0.008371
-0.008128
-0.010012
-0.011864
-0.010230
-0.008722
-0.007307
-0.005785
-0.004885
-0.004717
-0.006355
-0.009713
-0.009721
-0.008707
-0.007389
-0.006655
-0.006931
-0.004627
-0.003022
-0.002255
-0.005439
-0.007193
-0.005092
-0.003754
-0.000622
-0.000978
-0.001824
-0.002410
-0.004228
-0.003487
0.001203
0.005789
0.005617
0.004123
0.002621
0.002810
0.003787
0.004869
0.005464
0.007395
0.009307
0.009214
0.009415
0.006493
0.005702
0.007948
0.008313
0.007858
0.006022
0.005094
0.005035
0.005477
0.007826
0.009161
0.008951
0.007658
0.005448
0.004363
0.004100
0.004648
0.005296
0.004224
0.002835
0.002272
0.002109
0.001004
0.000029
-0.000054
-0.001282
-0.003489
-0.004848
-0.003167
-0.000947
-0.000519
-0.000646
-0.001095
-0.001712
-0.001430
-0.001400
-0.002365
-0.002984
-0.002722
-0.003270
-0.004589
-0.005401
-0.004126
-0.002405
-0.002536
-0.003759
-0.005616
-0.005714
-0.004782
-0.003844
-0.003484
-0.003588
-0.003404
-0.002248
-0.001836
-0.003375
-0.002956
-0.001377
0.000115
-0.000278
-0.001818
-0.001920
-0.001710
-0.001418
-0.001352
-0.001718
-0.000846
0.000584
0.001212
0.000941
0.000848
0.001609
0.002112
0.001196
-0.000469
-0.000411
0.000082
0.000674
0.001287
0.001197
0.000095
-0.000450
-0.000121
-0.000120
-0.000116
0.000253
0.000240
0.000584
0.000344
-0.000426
-0.000892
-0.000393
0.000404
0.000475
-0.000064
-0.000879
-0.000576
-0.000230
0.000048
0.000125
-0.000018
-0.000720
-0.001034
-0.001114
-0.001151
-0.001210
-0.000824
-0.000391
-0.000267
-0.000114
-0.000449
-0.000555
-0.000515
-0.000436
-0.000289
-0.000477
-0.000679
-0.000569
-0.000518
-0.000494
-0.000141
0.000040
-0.000104
-0.000091
-0.000138
-0.000038
-0.000088
-0.000091
0.000080
0.000200
0.000158
0.000046
0.000093
0.000109
0.000287
0.000396
0.000424
0.000444
0.000511
0.000575
0.000510
0.000483
0.000477
0.000542
0.000546
0.000566
0.000549
0.000552
0.000583
0.000567
0.000580
0.000568
0.000553
0.000551
0.000521
0.000492
0.000466
0.000446
0.000438
0.000422
0.000409
0.000401
0.000397
0.000393
0.000391
