0.007057
0.015882
0.020536
0.019172
0.003213
-0.019596
-0.034966
-0.046737
-0.042977
-0.014182
-0.003410
-0.023707
-0.038978
0.016384
0.091978
0.053863
-0.002558
0.016983
-0.010275
-0.034189
-0.021874
0.012119
-0.029671
-0.095479
-0.053786
0.009497
0.002502
-0.088359
-0.015141
0.122601
0.149927
0.061124
-0.010626
0.025589
0.073128
0.083991
0.018483
-0.075395
-0.102530
-0.097144
-0.038463
0.067598
0.014352
-0.150615
-0.138750
0.051536
0.166232
0.076870
-0.009742
-0.018988
0.013810
0.075862
0.039485
-0.085610
-0.086221
-0.011912
0.017953
0.063356
0.059034
0.062576
0.040727
-0.003538
-0.011606
-0.052424
-0.104875
-0.116052
-0.059774
0.046653
0.109103
0.033314
-0.009507
0.048197
0.089715
0.070927
0.080102
0.015547
-0.122755
-0.041038
0.069872
0.032015
-0.131999
-0.096210
0.014231
0.027242
-0.040484
-0.087310
-0.036067
0.002125
-0.061778
-0.105248
0.023690
0.043519
0.051132
-0.018679
-0.022507
-0.112074
-0.082238
0.041287
0.103360
0.075056
-0.127791
-0.109967
0.157529
0.279370
0.108559
-0.156377
-0.113164
0.142952
0.057275
-0.131185
-0.141364
0.062691
0.031225
-0.113898
0.013842
0.170327
0.100585
-0.053721
-0.048158
0.028742
0.005808
-0.056988
0.101958
0.239021
-0.011107
-0.178902
-0.186059
-0.104218
-0.095004
-0.046102
0.049959
0.042161
0.011881
0.020397
0.002263
0.016097
0.100582
0.107297
0.030586
-0.044335
-0.021032
-0.042536
-0.004100
-0.002218
0.034937
-0.023594
-0.030138
0.030863
0.030872
-0.014719
0.041797
0.160590
0.103466
0.016635
0.040651
0.209473
0.214003
0.129893
0.023743
-0.024198
-0.004630
0.019366
0.026162
0.031307
0.033647
0.011131
-0.020992
-0.088212
-0.100472
-0.095390
-0.085904
-0.033122
-0.036216
-0.050755
-0.076421
-0.088587
-0.042359
-0.047676
-0.031912
0.011288
0.065767
0.062818
0.021643
0.014012
0.015011
-0.022769
-0.058382
0.003143
0.056787
0.084394
0.084195
0.095960
0.072967
-0.057522
-0.252447
-0.351234
-0.274538
0.244632
0.535454
0.201618
-0.093134
-0.251766
-0.225537
-0.096824
0.047869
0.068159
0.000485
-0.002486
0.030997
0.025201
0.002398
0.035926
0.075814
0.089282
-0.070852
-0.244145
-0.240038
0.054715
0.380029
0.261705
-0.048271
-0.231259
-0.123203
0.071045
0.125541
0.033309
-0.058964
-0.015839
0.132769
0.142213
0.030788
-0.077471
-0.153275
-0.170502
-0.215640
-0.150513
-0.068619
-0.007542
-0.018096
-0.038268
-0.023736
-0.060654
-0.014318
0.022634
0.004616
-0.079075
-0.170450
-0.095809
0.042481
0.093309
0.024092
-0.065498
-0.068494
0.007169
0.071347
-0.071583
-0.062384
-0.080799
-0.074579
0.050191
0.116133
0.096782
0.039464
-0.016737
0.006359
0.020339
-0.024704
-0.004980
-0.075870
-0.087990
-0.168842
-0.061981
0.126569
0.181085
0.104337
-0.023865
-0.033213
0.084027
0.157969
0.146698
0.021184
-0.043677
-0.047932
-0.002953
0.040245
-0.020147
-0.036929
-0.026432
0.088061
0.122057
0.170670
0.074846
-0.040178
-0.083025
-0.055305
-0.006377
-0.024296
-0.001341
0.061800
0.147113
0.139050
0.118636
0.076796
0.053359
0.051516
0.055413
0.047510
-0.007096
-0.054061
-0.067313
-0.053758
-0.004781
0.024936
0.076578
0.063325
0.011499
-0.034901
-0.048637
-0.045172
-0.059604
-0.072268
-0.040130
-0.006936
-0.018934
-0.000503
0.002751
0.046446
0.028680
-0.035036
-0.067880
-0.061568
-0.024189
-0.020823
-0.011736
-0.001163
0.033401
0.057581
0.080465
0.139392
0.123133
0.031646
-0.039866
-0.003743
0.054253
0.008401
0.000005
-0.007583
-0.013143
-0.039181
-0.098260
-0.113603
-0.120288
-0.128153
-0.137548
-0.136953
-0.127064
-0.085986
-0.044638
-0.023663
-0.063936
-0.080492
-0.052156
-0.034981
-0.026978
-0.016901
0.019011
-0.018847
-0.095617
-0.106443
-0.026704
0.063850
0.056870
-0.019846
-0.063231
-0.005629
0.096640
0.165169
0.127099
0.019661
-0.030516
0.010714
0.057524
0.046398
0.008109
0.001316
0.001543
0.017678
0.055811
0.035354
0.007350
-0.012176
-0.019425
-0.008417
0.016799
0.025020
-0.012752
-0.053031
-0.069191
-0.067315
-0.029752
-0.010913
-0.039897
-0.064718
-0.054082
-0.006735
0.002790
0.017930
0.035988
0.040385
0.034219
0.027667
0.043804
0.046994
0.027599
0.003236
0.032619
0.071713
0.070533
0.063485
0.055988
0.062715
0.038959
0.011396
0.005322
0.026496
0.066172
0.072007
0.053599
0.040959
0.032128
0.030017
0.003962
-0.019627
-0.016845
-0.008235
0.006083
0.000473
-0.003651
-0.037207
-0.050756
-0.036579
-0.028080
-0.027239
-0.024986
-0.012197
0.001101
-0.010167
-0.044261
-0.043400
-0.037175
-0.024195
-0.008799
-0.017268
-0.037934
-0.054145
0.013908
0.100113
0.119596
0.067273
0.021915
0.022273
0.021034
0.020099
0.021242
0.015285
0.010985
0.024872
0.039610
0.029949
-0.002944
-0.020247
0.007290
0.046699
0.045172
0.000323
-0.036278
-0.008453
0.036005
0.067403
0.040459
-0.016181
-0.026264
0.012462
0.029334
0.005405
-0.014984
-0.011990
0.004164
0.005587
-0.013489
-0.020331
0.004668
0.020577
0.019428
0.015281
0.009271
-0.015865
-0.031857
-0.034991
-0.043726
-0.049716
-0.042107
-0.017266
-0.007735
-0.018288
-0.029205
-0.032520
-0.022301
-0.024605
-0.042670
-0.057049
-0.060258
-0.053790
-0.059809
-0.065574
-0.063721
-0.047013
-0.027863
-0.005922
0.005078
0.010470
0.026048
0.042377
0.040755
0.018789
0.018798
0.038182
0.047330
0.040675
0.032530
0.025533
0.023647
0.028688
0.035053
0.024599
-0.004779
-0.025167
-0.015823
0.006110
0.014473
0.004291
-0.008887
-0.017731
-0.019860
-0.036351
-0.059722
-0.064392
-0.039943
-0.002751
0.009061
0.005619
-0.008402
-0.013557
-0.017102
-0.024361
-0.034975
-0.028259
0.000135
0.022342
0.022208
-0.007104
-0.021421
-0.015084
0.017363
0.035608
0.029674
0.042499
0.059371
0.066988
0.028663
-0.000694
0.011789
0.033312
0.035543
0.017230
0.004796
0.002193
0.001059
0.000265
0.000495
-0.012944
-0.029058
-0.038480
-0.021441
0.006676
0.013393
0.007706
-0.002270
-0.009638
-0.009814
-0.010614
-0.013314
-0.019965
-0.029637
-0.016196
0.004030
0.013624
0.010115
0.012107
0.021665
0.022541
0.026647
0.030488
0.017542
-0.004018
0.008835
0.036298
0.040867
-0.000776
-0.033231
-0.032359
-0.013749
-0.002076
-0.017823
-0.030599
-0.016841
0.009471
0.002499
-0.016813
-0.019383
-0.002208
0.018221
0.015508
-0.001785
-0.008650
-0.005893
-0.002556
-0.004983
-0.017060
-0.030328
-0.028903
-0.007062
0.005726
0.002068
-0.000687
0.006171
0.016512
0.017009
0.010438
0.010285
0.016795
0.017726
0.007552
0.000086
0.001347
-0.002606
-0.007560
-0.003861
0.004433
0.005000
0.003779
-0.000207
-0.012218
-0.021628
-0.014931
-0.003364
-0.002337
-0.010542
-0.017405
-0.006307
-0.001494
-0.010740
-0.022643
-0.020481
-0.004390
0.010346
0.023304
0.029154
0.021620
0.013748
0.016553
0.021040
0.019089
0.018357
0.018135
0.006195
-0.008701
-0.003027
0.018864
0.026953
0.009017
-0.007149
-0.000336
0.006774
0.004520
-0.004712
-0.013317
-0.019946
-0.028557
-0.029261
-0.025727
-0.017989
-0.007253
-0.009484
-0.020337
-0.023957
-0.012955
0.004371
0.010526
0.010218
0.008714
0.013773
0.020949
0.021883
0.015213
0.000143
-0.014107
-0.015175
-0.005926
-0.003719
-0.015658
-0.027705
-0.023337
-0.012647
-0.008361
-0.015745
-0.018821
-0.006269
0.010670
0.018765
0.015386
0.007850
0.006628
0.012121
0.020376
0.021937
0.009049
-0.004880
-0.000310
0.009976
0.003216
-0.010983
-0.017865
-0.013038
-0.011152
-0.011326
-0.007101
-0.004857
-0.008181
-0.013610
-0.011443
-0.003950
0.001018
-0.000718
-0.003545
0.003321
0.012698
0.014223
0.008797
0.001217
0.003447
0.012284
0.018804
0.017980
0.013878
0.008924
0.004298
0.001507
-0.001039
-0.004885
-0.004564
-0.003949
-0.006621
-0.009606
-0.004922
-0.000287
-0.003116
-0.003638
0.006062
0.018654
0.017922
0.015334
0.010353
0.007386
0.014997
0.024107
0.020660
0.006469
-0.007630
-0.011596
-0.007885
-0.005189
-0.008439
-0.009894
-0.004660
-0.002212
-0.002527
-0.006598
-0.007805
-0.006749
-0.008785
-0.010812
-0.007942
-0.003740
-0.006403
-0.010328
-0.008047
0.000021
0.001839
-0.000598
0.004892
0.014084
0.017402
0.004078
-0.012200
-0.008941
0.005180
0.012984
0.008299
-0.000410
-0.004797
-0.004925
-0.003290
-0.001992
0.003515
0.003520
-0.004586
-0.007391
-0.005771
-0.000849
0.001060
-0.001331
0.005222
0.008987
0.004909
-0.000782
-0.001504
0.001646
-0.000651
-0.008600
-0.008950
0.000008
0.008015
0.008625
0.004795
0.008884
0.015369
0.016486
0.009957
0.003470
0.000260
0.001397
0.010566
0.018027
0.012298
-0.008154
-0.020471
-0.020227
-0.012993
-0.008669
-0.016887
-0.021060
-0.016260
-0.002489
0.008305
0.012857
0.016154
0.013423
0.006338
0.002534
0.004560
0.005977
0.004276
0.001574
0.001027
0.003185
0.005905
0.006584
0.005481
0.006563
0.007171
0.005495
0.001803
-0.005438
-0.009624
-0.006827
0.004842
0.013336
0.013118
0.010296
0.009612
0.010056
0.009081
0.007853
0.003484
-0.000982
-0.001305
0.000646
0.001960
0.002690
-0.000370
-0.005468
-0.011245
-0.013064
-0.011200
-0.006921
-0.000700
-0.001704
-0.008217
-0.014331
-0.015930
-0.014303
-0.011776
-0.007349
-0.003816
-0.000278
-0.001434
-0.007193
-0.010261
-0.006857
-0.003397
-0.004273
-0.005682
-0.007408
-0.011635
-0.016739
-0.015107
-0.007209
-0.002888
-0.005436
-0.006339
-0.002769
-0.001737
-0.000279
0.002965
0.001453
-0.004022
-0.007068
-0.001559
0.008596
0.016037
0.016973
0.011421
0.007520
0.010073
0.012936
0.015288
0.012835
0.009122
0.008921
0.008410
0.002786
-0.007021
-0.008646
-0.001076
0.003002
-0.001183
-0.001611
0.006414
0.012953
0.011609
0.005351
0.000634
0.001457
0.006510
0.011602
0.014591
0.010637
0.009923
0.014204
0.014679
0.010075
0.005226
0.003526
0.003912
0.000993
-0.002194
-0.004092
-0.002009
-0.003156
-0.007656
-0.002232
0.007272
0.009080
-0.001635
-0.010589
-0.005964
0.002996
0.002174
-0.003165
-0.003964
-0.000301
-0.002287
-0.009480
-0.009926
-0.006981
-0.005745
-0.008633
-0.009359
-0.009849
-0.007739
-0.002906
-0.001937
-0.006953
-0.013539
-0.012450
-0.009572
-0.006911
-0.006405
-0.006091
-0.007032
-0.010470
-0.011874
-0.009782
-0.004739
0.000267
0.004909
0.008116
0.006949
0.002129
-0.001765
-0.000826
0.000326
-0.000307
0.000018
-0.002117
-0.004320
-0.002452
-0.001667
-0.005053
-0.007671
-0.005841
-0.000233
0.001979
-0.000951
-0.004987
-0.005180
-0.002719
-0.002992
-0.003554
0.001421
0.005752
0.002772
-0.000652
-0.002799
-0.006499
-0.008200
-0.002919
0.003919
0.009543
0.013683
0.013713
0.009939
0.006150
0.005227
0.006045
0.005285
0.003262
0.003166
0.001415
-0.000632
-0.002351
-0.001415
0.000529
0.000850
0.000581
-0.001722
-0.004744
-0.010503
-0.015393
-0.013966
-0.009222
-0.007211
-0.008721
-0.010960
-0.014799
-0.015846
-0.009201
-0.001106
0.004983
0.006760
0.004705
0.000030
-0.000048
0.003967
0.007190
0.005543
-0.000931
-0.004012
-0.001441
0.004961
0.007023
0.006270
0.003714
0.001465
0.002144
0.006004
0.008482
0.005310
0.003155
-0.000725
-0.004797
-0.007321
-0.007123
-0.004292
-0.004056
-0.008362
-0.007026
-0.002916
0.000637
0.002760
0.009961
0.015167
0.011971
0.008670
0.009927
0.012352
0.006460
0.004057
0.006274
0.008501
0.004255
-0.002251
-0.001033
0.002457
0.000141
-0.008985
-0.011522
-0.007512
-0.007976
-0.008046
-0.010053
-0.006610
0.002266
0.007009
0.007877
-0.001872
-0.005416
0.001286
0.002037
-0.001932
-0.004179
0.001732
0.003308
0.001438
0.000831
0.002053
0.002581
-0.000879
-0.001546
0.001025
-0.000119
-0.004852
-0.002149
0.004634
0.006675
0.003804
0.003731
0.004825
0.000038
-0.004282
-0.005909
-0.005397
-0.004240
-0.001327
0.000668
-0.000713
-0.001012
-0.002455
-0.007562
-0.009301
-0.003947
0.003597
0.003140
-0.002329
-0.003924
0.002453
0.010685
0.008389
0.002879
0.001343
0.003554
-0.000411
-0.002284
0.002549
0.004664
0.003701
0.000136
-0.002354
-0.002383
-0.003036
-0.005012
-0.006666
-0.001991
0.005639
0.003735
-0.004850
-0.010372
-0.006188
-0.001395
-0.000135
0.002518
0.005070
0.002371
-0.003331
-0.008331
-0.005124
0.005591
0.010116
0.008249
0.006154
0.007583
0.011429
0.014212
0.011794
0.008385
0.006631
0.006411
-0.002129
-0.011821
-0.010897
0.000015
0.007281
0.007416
0.004046
-0.001009
-0.000900
0.001023
0.003506
-0.000398
-0.002589
-0.000961
0.000435
-0.000507
-0.002009
-0.000106
-0.000958
-0.001787
-0.002969
-0.001551
0.004274
0.010001
0.008517
-0.001497
-0.005459
-0.001013
0.000702
-0.000998
-0.001277
-0.001783
-0.002680
-0.002017
-0.001264
-0.000651
0.002822
0.002699
0.003159
0.003938
0.009056
0.009613
0.008051
0.008936
0.008969
0.010257
0.006211
0.002652
-0.000483
-0.001913
-0.001112
-0.000700
-0.000623
0.002463
0.002052
-0.001207
-0.002147
0.000965
0.007394
0.008059
0.005747
-0.000222
-0.001030
0.003589
0.007786
0.004343
-0.001033
-0.002040
0.001779
0.003309
-0.000605
-0.002832
-0.001670
0.001654
0.003141
0.002453
0.001062
-0.002217
-0.006381
-0.010797
-0.013718
-0.014412
-0.017116
-0.017288
-0.015154
-0.014290
-0.014703
-0.015158
-0.012181
-0.008505
-0.008998
-0.009674
-0.006403
-0.004580
-0.005464
-0.004219
0.000283
0.003955
0.002884
0.003844
0.003976
0.003510
0.004640
0.007783
0.008900
0.005254
0.001702
-0.001250
-0.002250
-0.003318
-0.003021
-0.003141
-0.001843
0.000156
0.002123
0.002181
-0.000151
-0.000987
-0.002026
-0.000870
-0.000772
-0.003118
-0.002298
0.001581
0.002324
0.002881
0.004931
0.006781
0.006506
0.004959
0.005027
0.003544
0.002395
0.001588
0.001740
0.003952
0.004783
0.001953
0.000594
0.000437
-0.002590
-0.006970
-0.006995
-0.006150
-0.003828
-0.000621
-0.000565
-0.002032
-0.002710
-0.000851
-0.003790
-0.006930
-0.005064
-0.000812
-0.000955
-0.001582
-0.002844
-0.002532
-0.001142
0.000877
0.003350
0.002555
0.002194
0.001109
0.000364
-0.000153
0.000971
0.003230
0.002866
0.002027
0.000586
0.001716
0.003102
0.001389
0.001109
0.002659
0.003048
0.004578
0.005065
0.005145
0.006294
0.007559
0.007422
0.003474
0.000570
0.000516
0.000680
0.000220
0.000055
0.002441
0.002297
0.001293
0.003167
0.004585
0.006337
0.005342
0.004790
0.003939
0.002528
0.002369
0.000559
0.000444
0.000856
0.000771
0.000764
0.000938
0.002528
0.002499
0.000842
0.000978
0.002954
0.002743
0.000477
0.000411
0.001163
0.001486
-0.000153
0.000819
0.000605
-0.001332
-0.002495
-0.006222
-0.005784
-0.006015
-0.006852
-0.007560
-0.008693
-0.007952
-0.005942
-0.003607
-0.004170
-0.004921
-0.006978
-0.005204
-0.004970
-0.007314
-0.007859
-0.006135
-0.004095
-0.005030
-0.004575
-0.004043
-0.003223
-0.003570
-0.003468
-0.002384
-0.003060
-0.004226
-0.003338
-0.003840
-0.001888
-0.001004
-0.003086
-0.001830
0.000095
0.002044
0.000936
0.000214
0.000706
-0.001511
-0.001131
0.001083
0.001461
0.001842
0.002076
0.002467
0.001663
0.000355
-0.002033
-0.002439
-0.001901
0.000129
-0.000407
-0.001689
-0.001128
-0.000753
0.001564
0.001529
0.001898
0.001691
0.000674
-0.001246
0.001832
0.005963
0.006359
0.003527
0.002653
0.003198
0.006066
0.008079
0.007830
0.007045
0.007231
0.007928
0.006927
0.004966
0.004911
0.007466
0.006876
0.005783
0.004393
0.005562
0.006214
0.004653
0.002440
0.001687
0.000315
-0.001631
-0.003713
-0.005216
-0.004322
-0.004893
-0.005240
-0.003838
-0.002709
-0.003064
-0.004386
-0.004146
-0.001265
0.002145
0.001294
-0.001229
-0.000674
0.001583
-0.000079
-0.002225
-0.002475
-0.000209
0.001258
-0.001453
-0.000661
0.000607
0.000647
-0.000537
-0.001087
-0.000355
-0.000108
-0.000750
-0.001466
-0.000258
-0.001151
-0.001584
-0.001165
-0.001221
-0.002680
-0.003390
-0.001144
-0.000511
-0.000841
-0.002388
-0.002721
-0.004062
-0.006870
-0.007830
-0.006616
-0.005839
-0.006004
-0.003755
-0.001545
-0.000491
-0.002248
-0.002333
-0.001176
0.001570
0.002692
0.001798
0.001204
0.001190
0.001581
0.001332
0.001547
0.001908
0.002208
0.003072
0.005641
0.004272
0.005126
0.006534
0.006801
0.008344
0.007487
0.007365
0.006526
0.003228
0.001033
0.002002
0.001571
0.000057
0.000599
0.000941
-0.000867
-0.005572
-0.006667
-0.006305
-0.004938
-0.004994
-0.004262
-0.002501
-0.002781
-0.000698
0.001356
0.002207
0.001510
0.001227
0.003475
0.005301
0.004663
0.004379
0.001375
-0.000507
-0.001232
0.000149
0.001111
0.001444
0.001009
0.000944
0.001564
0.001007
0.000719
-0.000213
0.000648
0.000567
0.001617
-0.000828
-0.003282
-0.003501
-0.003886
-0.004367
-0.003549
-0.001981
-0.001510
-0.002057
-0.001647
-0.001192
0.000031
0.002869
0.004851
0.006248
0.005763
0.005327
0.003900
0.003385
0.002252
0.001158
0.000257
0.000786
0.000179
-0.001021
-0.002203
-0.002464
-0.000174
0.000490
-0.002368
-0.002623
-0.000260
-0.001448
-0.005760
-0.008745
-0.006034
-0.002296
-0.000771
-0.004703
-0.005050
-0.004436
-0.004263
-0.002176
-0.002488
-0.001989
-0.002137
-0.000669
-0.000052
0.000036
-0.000924
-0.000744
-0.000680
-0.000261
-0.000479
-0.001650
-0.002789
-0.002659
-0.001857
-0.001083
0.000312
0.001137
0.002379
0.003084
0.004456
0.002543
0.001772
0.001697
0.001129
-0.000897
-0.001897
-0.000221
0.000643
0.000930
0.000167
-0.000795
-0.001133
-0.002875
-0.002170
-0.000182
0.000730
0.001730
0.000925
0.002495
0.004443
0.006656
0.005028
0.005113
0.004980
0.003944
0.002862
0.000384
-0.000214
-0.000337
0.001552
0.000409
0.000808
0.001222
-0.001533
-0.002816
-0.001606
0.000867
0.000683
-0.001723
-0.003809
-0.001658
0.000819
-0.001288
-0.003703
-0.003731
-0.001116
-0.001205
0.000079
0.000705
0.000781
0.000975
0.000270
0.002062
0.000913
0.001275
0.001227
0.002332
0.002689
0.003865
0.006534
0.004799
0.000969
0.000319
0.002263
0.001670
-0.000713
-0.001611
-0.001643
-0.000654
0.001517
0.001472
-0.000703
-0.001314
0.000844
-0.000324
-0.002431
-0.003847
-0.001421
0.000250
-0.000881
-0.001713
-0.002487
-0.001570
-0.002380
-0.003020
-0.002803
-0.001386
-0.000070
0.000658
0.000907
0.000233
0.000218
0.001660
0.001193
-0.000404
0.000620
0.002043
0.001726
0.001004
0.001552
0.003340
0.002861
0.003125
0.002243
-0.000418
-0.000799
-0.000719
-0.000414
-0.000933
-0.001481
-0.000272
0.000325
0.002176
0.002368
0.001779
0.001819
0.001738
0.001197
-0.000072
-0.000342
-0.001862
-0.001247
-0.001732
-0.003293
-0.001837
-0.000369
-0.001566
-0.000902
0.001153
0.000356
0.000289
-0.000160
0.000151
-0.000973
-0.002665
-0.002574
-0.002791
-0.002238
-0.002825
-0.002730
-0.004348
-0.004702
-0.002635
-0.001682
-0.001098
-0.000644
-0.000993
-0.001381
-0.001541
-0.000913
0.000893
0.001575
0.000809
0.000953
0.000911
-0.001078
-0.000261
0.001009
0.000434
-0.000408
0.000182
-0.000190
-0.000959
-0.000699
0.000990
0.001718
0.001702
0.001751
0.001423
0.001610
0.002064
0.002890
0.002398
0.001871
0.001462
0.000110
0.000116
0.001404
0.000551
-0.000268
-0.001603
-0.002362
-0.001575
-0.000880
0.000733
0.001566
0.001762
0.001752
0.001665
0.001811
0.002007
0.002397
0.001974
0.002392
0.002042
0.001675
0.001569
0.001223
0.000443
-0.000849
-0.001701
-0.001538
-0.001593
-0.001719
-0.001621
-0.001970
-0.001734
-0.001629
-0.001406
-0.000506
-0.000058
-0.000202
-0.000003
0.000263
0.000378
0.000653
0.000815
0.000563
0.000466
0.000399
0.000851
0.000492
-0.000126
-0.000090
0.000177
-0.000421
-0.000652
-0.000135
-0.000318
-0.001582
-0.001192
0.000266
0.000379
-0.000630
-0.001109
-0.000280
0.000343
-0.000211
-0.000972
-0.000234
0.000373
0.000333
-0.000037
-0.000298
0.000002
0.000153
-0.000193
-0.000400
-0.000392
-0.000411
-0.000378
-0.000431
-0.000653
-0.000664
-0.000358
-0.000538
-0.000575
-0.000517
-0.000531
-0.000455
-0.000463
-0.000475
-0.000638
-0.000529
-0.000410
-0.000302
-0.000109
0.000063
0.000036
0.000019
0.000151
0.000221
0.000166
0.000092
-0.000010
-0.000057
0.000062
0.000070
0.000011
-0.000039
0.000045
0.000092
0.000056
0.000083
0.000090
0.000164
0.000182
0.000172
0.000206
0.000218
0.000213
0.000213
0.000226
0.000243
0.000236
0.000225
0.000232
0.000237
0.000244
0.000250
0.000258
0.000264
0.000272
0.000281
0.000294
