-0.000019
-0.000019
-0.000019
-0.000018
-0.000018
-0.000018
-0.000018
-0.000018
-0.000018
-0.000018
-0.000017
-0.000017
-0.000017
-0.000017
-0.000017
-0.000017
-0.000016
-0.000016
-0.000016
-0.000016
-0.000016
-0.000016
-0.000016
-0.000016
-0.000015
-0.000015
-0.000015
-0.000015
-0.000015
-0.000015
-0.000015
-0.000014
-0.000014
-0.000014
-0.000014
-0.000014
-0.000014
-0.000014
-0.000013
-0.000013
-0.000013
-0.000013
-0.000013
-0.000013
-0.000013
-0.000012
-0.000012
-0.000012
-0.000012
-0.000012
-0.000012
-0.000012
-0.000012
-0.000011
-0.000011
-0.000011
-0.000011
-0.000011
-0.000011
-0.000011
-0.000010
-0.000010
-0.000010
-0.000010
-0.000010
-0.000010
-0.000010
-0.000010
-0.000009
-0.000009
-0.000009
-0.000009
-0.000009
-0.000009
-0.000009
-0.000009
-0.000008
-0.000008
-0.000008
-0.000008
-0.000008
-0.000008
-0.000008
-0.000008
-0.000007
-0.000007
-0.000007
-0.000007
-0.000007
-0.000007
-0.000007
-0.000007
-0.000007
-0.000006
-0.000006
-0.000011
-0.000006
-0.000006
-0.000006
-0.000006
-0.000006
-0.000006
-0.000005
-0.000005
-0.000005
-0.000005
-0.000005
-0.000005
-0.000005
-0.000005
-0.000005
-0.000004
-0.000004
-0.000004
-0.000004
-0.000004
-0.000004
-0.000004
-0.000004
-0.000004
-0.000004
-0.000003
-0.000003
-0.000003
-0.000003
-0.000003
-0.000003
-0.000003
-0.000003
-0.000003
-0.000003
-0.000003
-0.000002
-0.000002
-0.000002
-0.000002
-0.000002
-0.000002
-0.000002
-0.000002
-0.000002
-0.000002
-0.000002
-0.000002
-0.000001
-0.000001
-0.000001
-0.000001
-0.000001
-0.000001
-0.000001
-0.000001
-0.000001
-0.000001
-0.000001
-0.000001
-0.000001
-0.000012
-0.000000
-0.000000
-0.000000
-0.000000
0.000000
0.000000
0.000000
0.000000
0.000000
0.000000
0.000000
0.000001
0.000001
0.000001
0.000001
0.000001
0.000001
0.000001
0.000001
0.000001
0.000001
0.000001
0.000015
0.000059
0.000189
0.000364
0.000419
0.000459
0.000468
0.000158
0.000019
0.000080
0.000048
0.000489
0.001365
0.002082
0.001699
0.000657
0.000360
-0.000768
-0.002673
-0.002288
0.000502
0.004284
0.007297
0.005902
0.002173
-0.001079
-0.005226
-0.011507
-0.011721
0.001263
0.015872
0.021039
0.019065
0.015747
0.006445
-0.009329
-0.016393
-0.007033
0.008606
0.014475
0.009097
0.009136
0.014714
0.002732
-0.018027
-0.022181
-0.021305
-0.026363
-0.018016
-0.016551
-0.029072
-0.025410
0.025300
0.074611
0.052337
0.009284
-0.008990
-0.032569
-0.053368
-0.033357
0.009148
0.020771
-0.005530
-0.037643
-0.028034
0.028849
0.042500
0.015535
0.007934
-0.000930
-0.021333
-0.031559
-0.001344
0.042244
0.057389
0.041133
-0.006002
-0.057151
-0.069352
-0.037182
-0.009770
0.022212
0.061447
0.065073
0.040239
0.011222
-0.006160
-0.005313
-0.004947
-0.031922
-0.058684
-0.009155
0.068174
0.075440
0.025655
-0.016953
-0.013180
-0.012330
-0.049897
-0.085172
-0.095705
-0.027904
0.092145
0.122127
0.088172
0.022067
-0.064207
-0.109957
-0.122725
-0.066523
0.028614
0.080188
0.072138
-0.008705
-0.020041
0.018614
-0.005316
-0.026762
-0.037032
-0.030053
0.005215
-0.009710
-0.045060
-0.048317
-0.005427
0.041503
0.062673
0.060628
0.010883
-0.054473
-0.068241
-0.012872
0.069301
0.083208
0.007348
-0.079493
-0.125101
-0.162298
-0.145539
-0.022730
0.089299
0.079001
0.001356
-0.004669
0.062818
0.052829
-0.022534
-0.018388
0.063154
0.089784
-0.012401
-0.123592
-0.079494
0.038018
0.073971
0.051000
0.087023
0.198260
0.203553
0.066346
-0.020251
0.009614
0.102302
0.137694
0.037592
-0.037051
0.011338
0.066143
0.040932
-0.024025
-0.019820
0.063431
0.075858
-0.022088
-0.098887
-0.078149
-0.007743
0.045721
0.056376
0.004178
-0.092833
-0.150631
-0.159541
-0.189036
-0.229919
-0.234469
-0.225615
-0.198501
-0.129684
-0.082193
-0.125422
-0.122151
0.032210
0.174311
0.129232
-0.007654
-0.078401
-0.038813
0.052080
0.124682
0.105866
0.012542
-0.023984
0.049501
0.159883
0.269760
0.342757
0.305594
0.205425
0.155312
0.183127
0.244875
0.284952
0.257934
0.167439
0.076220
0.017897
-0.045424
-0.110177
-0.142183
-0.154633
-0.144786
-0.111105
-0.081670
-0.072465
-0.075918
-0.100759
-0.155689
-0.235031
-0.306575
-0.326817
-0.270895
-0.131957
0.081498
0.267362
0.290239
0.215290
0.146601
0.061236
-0.034225
-0.121624
-0.222461
-0.292290
-0.288315
-0.216470
-0.101153
-0.034558
-0.047098
-0.107620
-0.187535
-0.239681
-0.206626
-0.086320
0.033646
0.061890
0.058407
0.098231
0.102993
0.030043
-0.062997
-0.113115
-0.113390
-0.089757
-0.056843
-0.009812
0.052091
0.069052
0.037411
0.029784
0.088948
0.153777
0.154289
0.111480
0.056284
0.002616
-0.013372
0.013150
0.048179
0.078939
0.130973
0.200946
0.218193
0.146057
0.057703
0.042126
0.091344
0.117622
0.085827
0.033363
0.011583
0.040746
0.075409
0.091020
0.099444
0.078803
0.044399
0.035600
0.024316
0.000009
0.026016
0.111097
0.155394
0.078222
-0.029614
-0.059328
-0.056494
-0.075958
-0.082427
-0.064728
-0.062161
-0.063409
-0.018096
0.087507
0.136138
0.056724
-0.059629
-0.101019
-0.088734
-0.112226
-0.145557
-0.101991
-0.023947
-0.026248
-0.108535
-0.183256
-0.216565
-0.204056
-0.156204
-0.105592
-0.065486
-0.024811
0.013675
0.006335
-0.028083
-0.013862
0.068313
0.164859
0.179003
0.085876
-0.044560
-0.174597
-0.267523
-0.220407
-0.047185
0.057699
0.025740
0.041460
0.136656
0.205207
0.206413
0.147073
0.085176
0.066705
0.046556
0.009399
0.026644
0.064562
0.094633
0.168816
0.217125
0.151155
0.096021
0.095368
0.055264
-0.032213
-0.144286
-0.259433
-0.301452
-0.213389
-0.054330
0.080672
0.166037
0.199160
0.209629
0.206930
0.136921
0.005736
-0.107422
-0.210295
-0.261467
-0.185602
-0.027822
0.125522
0.157000
0.058476
-0.032457
-0.031929
0.004550
-0.011371
-0.057552
-0.072080
-0.026537
0.057119
0.070576
-0.026622
-0.117369
-0.129005
-0.086466
-0.024458
0.026204
0.028921
0.039514
0.118653
0.170704
0.126016
0.060271
0.024465
0.031089
0.039038
0.016205
-0.025439
-0.075822
-0.091579
-0.032736
0.049563
0.068558
0.016413
-0.029031
0.009561
0.073077
0.030627
-0.074667
-0.136010
-0.125690
-0.064916
-0.023599
-0.033975
-0.044259
-0.082173
-0.137402
-0.154408
-0.149710
-0.138680
-0.100638
-0.027502
0.058667
0.059628
0.000579
-0.026115
-0.030867
-0.043581
-0.074538
-0.109343
-0.087090
-0.013159
0.066300
0.116719
0.111447
0.042404
-0.070008
-0.155762
-0.168702
-0.117860
-0.033476
0.053688
0.074431
0.035032
0.019100
0.078384
0.170299
0.195874
0.154492
0.095155
0.047518
0.027054
0.055596
0.099350
0.131506
0.121775
0.046862
-0.039518
-0.093951
-0.106359
-0.069434
-0.017933
0.041763
0.134893
0.184771
0.152633
0.086634
0.004136
-0.087742
-0.132485
-0.089827
-0.015752
0.030748
0.038116
0.032903
0.034840
0.051140
0.055080
0.010432
-0.052967
-0.093407
-0.124182
-0.141040
-0.116293
-0.053711
0.007465
0.033904
0.042489
0.019277
-0.025749
-0.071017
-0.126955
-0.154170
-0.103226
-0.039256
-0.020138
-0.008917
0.028024
0.064075
0.061173
0.029558
-0.004253
-0.008920
0.025910
0.055200
0.056626
0.076769
0.125840
0.129712
0.080916
0.036287
0.008507
0.002094
0.035537
0.072328
0.064672
0.020120
-0.017503
-0.028615
-0.032334
-0.036447
-0.012085
0.033127
0.055780
0.048220
0.022700
-0.009335
-0.025159
-0.031131
-0.051123
-0.075496
-0.086223
-0.093112
-0.088206
-0.057466
-0.043586
-0.057259
-0.052836
-0.027918
-0.019247
-0.035353
-0.036530
-0.006631
0.028075
0.034804
0.011679
-0.028254
-0.053887
-0.043237
-0.019487
-0.016944
-0.010568
0.014946
0.037716
0.060514
0.075452
0.072166
0.051427
0.034677
0.031432
0.027026
0.025767
0.022635
0.033486
0.074033
0.106326
0.098613
0.076590
0.049762
0.011179
-0.016433
-0.017198
-0.006470
0.002129
0.013345
0.019184
-0.008052
-0.040414
-0.046579
-0.037238
-0.030526
-0.036911
-0.046937
-0.064460
-0.082596
-0.080157
-0.075107
-0.081453
-0.085421
-0.065412
-0.029312
-0.014169
-0.021570
-0.019004
0.012658
0.028220
0.010230
0.008578
0.029742
0.029082
0.017146
0.025119
0.043391
0.049672
0.049503
0.046793
0.042949
0.034141
0.018579
0.007487
0.010387
0.023858
0.028653
0.008018
-0.013156
-0.006402
-0.001972
-0.016295
-0.033107
-0.039661
-0.034522
-0.032801
-0.031191
-0.018413
-0.011389
-0.014867
-0.008434
0.001698
-0.006151
-0.017522
-0.013967
-0.012037
0.000501
0.035876
0.044069
-0.004037
-0.051469
-0.061711
-0.051513
-0.035063
-0.020401
-0.009458
0.003540
0.019883
0.032172
0.031546
0.023890
0.029606
0.049376
0.068161
0.078309
0.077551
0.063441
0.044753
0.051082
0.077333
0.077475
0.037701
-0.005563
-0.021452
-0.028833
-0.044585
-0.050590
-0.035557
-0.027180
-0.029238
-0.000574
0.032205
0.016163
-0.028490
-0.055907
-0.043501
-0.017606
-0.019694
-0.034352
-0.033204
-0.023013
-0.019565
-0.024021
-0.026226
-0.036197
-0.060292
-0.078387
-0.079621
-0.075816
-0.072688
-0.070114
-0.067580
-0.053479
-0.018597
0.001535
-0.009994
-0.013501
0.013272
0.042443
0.031832
-0.005825
-0.013167
0.030460
0.078318
0.080834
0.043161
0.016246
0.020146
0.035671
0.047800
0.047478
0.038027
0.035760
0.044741
0.057549
0.068048
0.067771
0.048005
0.020549
0.005814
-0.008880
-0.042655
-0.064791
-0.049040
-0.020921
-0.008475
-0.004183
0.001889
0.004296
0.000765
-0.010086
-0.019000
-0.014241
-0.005750
0.005020
0.020150
0.024268
0.021676
0.026242
0.024596
0.007209
-0.003511
0.003456
0.007399
0.000477
-0.000936
0.015310
0.022790
0.000965
-0.019228
-0.015075
-0.003070
0.003005
-0.000976
-0.006724
-0.002885
0.019235
0.041598
0.041127
0.030368
0.022837
0.011861
0.006686
0.015998
0.032272
0.044476
0.044271
0.032127
0.022360
0.019927
0.012870
0.001490
-0.007594
-0.015293
-0.026671
-0.032997
-0.029325
-0.027546
-0.022728
-0.007785
-0.009031
-0.029051
-0.036610
-0.022856
-0.008664
-0.005988
-0.014317
-0.025438
-0.021666
-0.005375
-0.000051
-0.014382
-0.035067
-0.045682
-0.034647
-0.007075
0.010534
0.004402
-0.004155
0.001651
0.010354
0.004313
-0.010873
-0.012554
-0.001530
-0.001498
-0.005169
0.004339
0.009790
0.006863
0.009181
0.006544
-0.003579
-0.000707
0.011066
0.010442
0.000465
-0.001249
0.007977
0.009128
-0.004641
-0.023339
-0.030970
-0.027386
-0.020755
-0.005589
0.004106
0.002664
0.004193
-0.004623
-0.027409
-0.037822
-0.030661
-0.029888
-0.031539
-0.017004
0.004294
0.011213
0.001235
-0.012215
-0.022121
-0.033507
-0.040847
-0.034719
-0.019350
-0.002590
0.014151
0.030168
0.033587
0.019785
0.004852
0.004715
0.010044
0.010222
0.010139
0.018315
0.037054
0.059505
0.067660
0.055505
0.036581
0.021119
0.009431
-0.000882
-0.005207
0.006400
0.026691
0.031597
0.023470
0.015857
0.007554
-0.006400
-0.020087
-0.028790
-0.032360
-0.029060
-0.026229
-0.024575
-0.012164
0.002469
0.005242
0.003424
0.002691
-0.001177
-0.006851
-0.005089
0.003353
0.011675
0.013089
0.004322
-0.002112
-0.000743
-0.001406
-0.006786
-0.011530
-0.012138
-0.011921
-0.012340
-0.014229
-0.018632
-0.015141
-0.004040
0.003745
0.005501
0.005924
0.004091
0.002042
0.001380
-0.001044
-0.002581
-0.007468
-0.013540
-0.011241
-0.008763
-0.017086
-0.026607
-0.024047
-0.004385
0.018370
0.024861
0.017653
0.014203
0.015642
0.013676
0.006776
0.003689
0.011992
0.023992
0.029669
0.028067
0.015283
-0.005763
-0.009737
0.012316
0.028149
0.015037
-0.002194
-0.000831
0.003778
-0.001847
-0.011985
-0.016513
-0.013095
-0.008821
-0.010104
-0.011184
-0.008688
-0.001669
0.010875
0.018761
0.012442
-0.003604
-0.011746
-0.006820
-0.000618
0.003084
0.008368
0.013278
0.019800
0.026152
0.023182
0.011646
0.000130
-0.006787
-0.005026
0.003210
0.007950
0.002171
-0.007034
-0.009707
-0.008961
-0.007126
-0.004738
-0.008233
-0.016105
-0.019035
-0.010819
0.008127
0.021432
0.016588
0.008010
-0.000169
-0.013165
-0.018956
-0.013259
-0.007753
-0.006241
-0.006511
-0.004566
-0.004244
-0.014643
-0.025494
-0.020325
-0.004777
0.000622
0.000026
0.007150
0.011081
0.003699
-0.002418
-0.002204
-0.006295
-0.007126
-0.001142
0.000090
0.000715
0.004741
0.010911
0.011140
0.002916
0.000381
0.003431
0.001555
-0.000549
0.004472
0.011899
0.014949
0.012195
0.003406
0.001877
0.010455
0.012911
0.009230
0.004653
0.000934
0.004484
0.009991
0.007926
-0.000033
-0.002695
0.002370
0.005167
0.002690
-0.000274
-0.001341
-0.001330
-0.004253
-0.008013
-0.007921
-0.008593
-0.008476
-0.007538
-0.009386
-0.011551
-0.011406
-0.007818
-0.003472
-0.002921
-0.003615
-0.004652
-0.007361
-0.007774
-0.004344
-0.001628
-0.003074
-0.003450
-0.001796
-0.003805
-0.006823
-0.007821
-0.008403
-0.004367
0.006073
0.011533
0.008079
0.006971
0.009071
0.005840
0.001547
0.002109
0.006359
0.010436
0.012308
0.012271
0.010397
0.007315
0.003086
0.001662
0.000996
-0.000907
-0.002276
-0.002748
-0.002848
-0.002397
0.000642
0.002912
0.001513
0.000888
0.002554
0.000981
-0.009051
-0.018856
-0.018641
-0.012309
-0.005777
-0.003248
-0.005197
-0.004190
0.004881
0.012871
0.015876
0.015705
0.010252
0.002588
0.002915
0.008042
0.008624
0.006610
0.009501
0.014452
0.009658
0.000225
-0.003226
-0.004541
-0.007327
-0.004856
0.003000
0.010375
0.013558
0.010966
0.002774
-0.006355
-0.011425
-0.010900
-0.007127
-0.001893
0.005172
0.009325
0.005859
-0.001587
-0.008454
-0.012817
-0.014800
-0.014626
-0.008865
-0.001002
0.000820
-0.002346
-0.006531
-0.006148
-0.001563
-0.001513
-0.005098
-0.006717
-0.006063
-0.005729
-0.008209
-0.012542
-0.014352
-0.008697
0.002036
0.010541
0.012196
0.009332
0.007923
0.007252
0.004927
0.005477
0.010540
0.012063
0.010070
0.007981
0.001159
-0.008582
-0.011963
-0.007100
0.001768
0.008820
0.010592
0.012374
0.010467
0.002611
-0.000126
0.000459
-0.000764
-0.001002
-0.003322
-0.008284
-0.009439
-0.006386
-0.003974
-0.002933
-0.004155
-0.007125
-0.009334
-0.009750
-0.010100
-0.012035
-0.011566
-0.006037
0.000673
0.002448
0.002947
0.005765
0.005494
-0.002132
-0.010039
-0.009754
-0.004808
0.000308
0.005778
0.011204
0.014719
0.015150
0.011550
0.005886
0.002815
0.004128
0.008628
0.011161
0.012568
0.014413
0.011840
0.005395
-0.000400
-0.003999
-0.006375
-0.006316
-0.005548
-0.007076
-0.007666
-0.005700
-0.003059
-0.003224
-0.006215
-0.007454
-0.008299
-0.009313
-0.006916
-0.000521
0.005372
0.006801
0.004417
-0.000625
-0.004474
-0.002740
0.001028
0.000482
-0.004844
-0.009485
-0.007764
0.000096
0.006581
0.005499
0.000443
-0.001606
-0.000551
-0.001088
-0.002232
0.000084
0.004011
0.006190
0.006184
0.003580
-0.001211
-0.005921
-0.007571
-0.004756
-0.001643
-0.001429
-0.002974
-0.005476
-0.006416
-0.005554
-0.007309
-0.009631
-0.005272
0.003327
0.008221
0.009748
0.009466
0.008080
0.005402
-0.002709
-0.009492
-0.004956
0.002838
0.004171
0.004523
0.007000
0.007374
0.007106
0.003601
-0.004653
-0.008927
-0.006690
-0.004078
0.000580
0.007943
0.011117
0.007511
-0.000834
-0.008444
-0.010202
-0.007260
-0.000988
0.003229
0.002892
0.003600
0.005852
0.005548
0.002659
0.000528
-0.001535
-0.004045
-0.002256
0.003254
0.005503
0.004463
0.004464
0.003125
-0.000414
-0.001846
0.000030
0.003110
0.008722
0.011518
0.006806
-0.001317
-0.005779
-0.002076
0.000584
-0.001345
-0.000438
0.002398
0.000649
-0.001973
-0.003234
-0.004353
-0.001761
-0.000042
-0.003010
-0.006091
-0.005996
-0.004466
-0.006192
-0.008353
-0.005004
0.000257
0.002449
0.001651
-0.000289
-0.002180
-0.004253
-0.004969
-0.004470
-0.002259
0.003167
0.007241
0.006364
0.003311
0.001856
0.001223
-0.000742
-0.002104
0.000723
0.004209
0.004272
0.003337
0.000608
-0.004150
-0.006018
-0.004146
-0.002457
-0.001831
-0.001610
-0.000765
0.001438
0.004936
0.005464
0.000464
-0.002038
-0.000461
-0.001688
-0.003132
-0.002217
-0.002264
-0.003153
-0.002903
-0.002994
-0.004738
-0.007049
-0.007288
-0.005809
-0.004955
-0.002791
-0.000191
0.000125
0.000075
-0.000006
0.000769
0.004454
0.006661
0.005716
0.003499
0.001329
0.002407
0.004747
0.005435
0.006757
0.008645
0.010898
0.012240
0.011140
0.007614
0.001030
-0.004401
-0.004311
-0.003019
-0.001900
0.000518
0.001166
0.000290
0.000465
0.001501
0.000470
-0.004082
-0.007944
-0.005393
-0.000979
-0.001088
-0.001537
-0.000093
-0.000065
-0.001812
-0.002832
-0.000872
0.001081
0.001838
0.003072
0.001610
-0.000286
0.000356
-0.001264
-0.003739
-0.001089
0.004820
0.008400
0.006898
0.003739
0.002632
0.001511
0.000428
0.000778
0.001596
0.005370
0.008811
0.006982
0.004147
0.002518
0.001001
-0.001144
-0.002694
-0.001872
-0.001486
-0.002823
-0.004837
-0.005644
-0.005217
-0.006659
-0.008244
-0.007030
-0.005712
-0.004608
-0.002579
-0.001864
-0.001260
0.000797
0.002281
0.000450
-0.003730
-0.006245
-0.005569
-0.003162
-0.001108
-0.000388
0.000139
0.000896
0.001091
0.000769
0.000696
0.000837
0.001337
0.001220
0.001412
0.003072
0.003217
0.000404
-0.001649
-0.001290
-0.000111
0.002763
0.006482
0.006372
0.004609
0.005060
0.004172
0.002509
0.001270
-0.000569
-0.000499
0.000565
0.000971
0.001085
0.000399
-0.000403
-0.000492
-0.001401
-0.004735
-0.009047
-0.010648
-0.007409
-0.001940
0.000080
-0.001609
-0.001246
0.001860
0.003850
0.005368
0.007015
0.007342
0.005075
0.000988
-0.002752
-0.006510
-0.010490
-0.011323
-0.008222
-0.002710
0.003566
0.007985
0.008878
0.005673
0.001095
-0.001652
-0.003033
-0.002698
-0.000867
0.000358
-0.000774
-0.002050
-0.002311
-0.001303
0.000085
0.000659
0.002517
0.004097
0.002039
-0.001771
-0.005482
-0.007063
-0.006160
-0.004427
-0.002314
0.000148
0.000751
0.000498
-0.000208
-0.001733
-0.000061
0.003264
0.003620
0.003189
0.003854
0.004019
0.003422
0.001058
-0.001202
-0.000355
0.002217
0.004017
0.003810
0.002976
0.004189
0.005237
0.001616
-0.002941
-0.004853
-0.006780
-0.008025
-0.006355
-0.002751
0.000777
0.002627
0.003210
0.002992
0.001152
-0.000870
-0.001841
-0.002015
-0.001824
-0.002394
-0.002675
-0.001620
-0.000900
-0.000303
0.000766
0.001892
0.001853
0.001192
0.002497
0.006256
0.009509
0.010634
0.008782
0.003193
-0.001284
-0.001047
0.000541
0.001573
0.004285
0.007903
0.008333
0.006365
0.003656
-0.000836
-0.004241
-0.004832
-0.004352
-0.003124
-0.002024
-0.002421
-0.003857
-0.005688
-0.007732
-0.008601
-0.008340
-0.006850
-0.003085
0.001740
0.003543
0.001253
-0.002117
-0.005611
-0.007848
-0.007484
-0.006605
-0.006015
-0.004979
-0.002913
-0.000709
0.000492
0.001762
0.002264
0.000444
-0.001576
-0.001202
-0.000214
-0.000356
-0.000766
-0.000834
-0.000173
0.001900
0.003824
0.003903
0.004316
0.005496
0.005657
0.003219
-0.000469
-0.002990
-0.004046
-0.003687
-0.002154
0.000522
0.004980
0.007693
0.005898
0.002094
-0.000631
-0.000856
0.001729
0.003902
0.004063
0.004547
0.005725
0.005085
0.001289
-0.002171
-0.002734
-0.002138
-0.002738
-0.004049
-0.005444
-0.006152
-0.005542
-0.005979
-0.008635
-0.009966
-0.007695
-0.003816
-0.000239
0.002015
0.004185
0.007249
0.008912
0.007470
0.005052
0.004714
0.005710
0.005075
0.001525
-0.001907
-0.003352
-0.003434
-0.002334
-0.000933
0.001057
0.003145
0.003016
0.001531
0.000875
0.001039
0.001492
0.002582
0.003768
0.004315
0.005438
0.006471
0.004633
0.000785
-0.002791
-0.005517
-0.006377
-0.004898
-0.002805
-0.001825
-0.001792
-0.002780
-0.003967
-0.004645
-0.004813
-0.003967
-0.002735
-0.002011
-0.000614
0.000550
-0.000128
-0.001445
-0.003049
-0.003617
-0.002083
-0.000412
0.000782
0.001193
0.000597
-0.000197
-0.001007
-0.001850
-0.002807
-0.003441
-0.003880
-0.003843
-0.002402
-0.001166
-0.000800
0.000551
0.002153
0.003139
0.004903
0.006921
0.007451
0.006334
0.004999
0.003699
0.002263
0.001534
0.001352
0.001113
0.000090
-0.001274
-0.001843
-0.002077
-0.002458
-0.002739
-0.001406
0.001879
0.005680
0.007915
0.007306
0.004430
0.002687
0.003419
0.003342
0.001452
0.001239
0.000063
-0.001545
-0.002120
-0.007406
-0.006393
-0.000932
0.000206
0.006551
0.011075
0.002128
-0.016948
-0.023773
-0.002064
0.015927
0.002002
-0.015425
-0.005493
0.015741
0.016794
-0.000401
-0.011140
-0.002285
0.011418
0.009439
-0.001538
-0.005260
-0.001750
-0.000790
-0.005548
-0.008326
-0.004918
0.000976
0.003209
-0.000123
-0.003224
-0.002699
-0.001465
-0.003258
-0.007056
-0.007679
-0.003413
0.001220
0.000890
-0.002110
-0.002874
-0.002539
-0.005476
-0.009736
-0.008943
-0.003789
0.001184
0.002771
0.000514
-0.001196
-0.001705
-0.002473
0.000225
0.006697
0.008977
0.006695
0.004400
0.003204
0.005121
0.005166
-0.001917
-0.006987
-0.001966
0.007077
0.010582
0.004931
-0.000412
0.003541
0.008138
0.004856
0.001031
0.002613
0.004667
0.004601
0.004811
0.005227
0.006179
0.006926
0.006324
0.004095
-0.000795
-0.004072
-0.004756
-0.008895
-0.012244
-0.007434
0.000750
0.005187
0.003871
-0.000929
-0.005980
-0.009361
-0.009529
-0.005279
0.001140
0.004556
0.005455
0.007196
0.007225
0.002386
-0.002728
-0.003546
-0.001303
0.000628
0.001037
0.002007
0.003205
0.002315
-0.000998
-0.003783
-0.003432
-0.003004
-0.003671
-0.003200
-0.001266
0.000699
0.002737
0.004526
0.003126
-0.000564
-0.004360
-0.006195
-0.004287
-0.000087
0.005017
0.009447
0.011879
0.012754
0.011518
0.007162
0.000160
-0.004712
-0.004558
-0.001453
0.001736
0.002536
0.001110
-0.000545
-0.000845
-0.002437
-0.005364
-0.006219
-0.005949
-0.004963
-0.001451
0.002621
0.004670
0.004416
0.002662
-0.000449
-0.003708
-0.006294
-0.007289
-0.005415
-0.002198
0.000255
0.002207
0.003611
0.002166
-0.001446
-0.004074
-0.005831
-0.006166
-0.004414
-0.002356
-0.001200
-0.001620
-0.001228
0.001730
0.004540
0.004353
0.001780
0.000790
0.001348
0.000530
-0.000480
-0.000500
-0.000158
0.000482
0.002007
0.003660
0.003339
0.002512
0.001973
0.000484
-0.001651
-0.002880
-0.002217
-0.002148
-0.003228
-0.003830
-0.004056
-0.003488
-0.002417
-0.001640
-0.000099
0.002014
0.002182
0.000634
-0.000194
-0.000310
-0.000060
-0.000028
-0.000482
-0.000165
0.001354
0.002315
0.002025
0.001115
0.000032
-0.001454
-0.003536
-0.005544
-0.007450
-0.008504
-0.005969
-0.001794
0.001539
0.003500
0.003828
0.003968
0.002829
0.000758
0.000537
0.001044
0.000813
-0.000383
-0.001126
-0.000129
0.000724
0.000864
0.000606
-0.001041
-0.002913
-0.003180
-0.001868
-0.000442
0.000601
0.001533
0.002162
0.001526
0.000561
0.000283
0.001071
0.002588
0.004145
0.005295
0.005248
0.003909
0.002468
0.000973
-0.000440
-0.001036
-0.000895
-0.000452
0.000496
0.000877
-0.000356
-0.002095
-0.002808
-0.002995
-0.003843
-0.003578
-0.001503
0.000123
0.001002
0.001944
0.002815
0.002667
0.001887
0.001285
0.000957
0.000878
0.000952
0.001529
0.002163
0.001277
-0.000991
-0.002323
-0.002184
-0.001422
-0.000971
-0.001042
-0.000260
0.001766
0.002970
0.002817
0.001730
0.001424
0.001938
0.001087
-0.000451
-0.000653
0.000146
0.000989
0.001349
0.000905
0.000673
-0.000164
-0.002304
-0.003469
-0.003204
-0.002021
-0.000633
-0.000867
-0.002374
-0.003363
-0.003748
-0.004313
-0.004827
-0.004273
-0.002998
-0.001839
-0.001213
-0.000663
0.000729
0.002071
0.001778
0.001240
0.001233
0.001561
0.002390
0.002987
0.003137
0.003514
0.003536
0.002773
0.001683
0.000642
0.000126
0.000614
0.001539
0.001365
0.000748
0.001290
0.002526
0.003497
0.003523
0.003024
0.002644
0.002112
0.000637
-0.001369
-0.002696
-0.002631
-0.001520
-0.000858
-0.000926
-0.000828
-0.000663
-0.000699
-0.001060
-0.001129
-0.000416
0.000199
0.000053
-0.000822
-0.001928
-0.002483
-0.002398
-0.002348
-0.002168
-0.001220
-0.000194
-0.000093
-0.000218
-0.000065
0.000033
0.000164
0.000040
-0.000348
-0.000349
0.000090
0.000442
0.000397
0.000157
0.000110
0.000176
0.000118
-0.000106
-0.000222
0.000110
0.000318
0.000099
-0.000119
-0.000093
0.000090
0.000233
0.000173
0.000170
0.000243
0.000160
0.000016
-0.000105
-0.000234
-0.000242
-0.000153
-0.000108
-0.000082
-0.000065
-0.000077
-0.000019
0.000087
0.000141
0.000137
0.000117
0.000117
0.000123
0.000086
0.000019
-0.000028
-0.000039
-0.000042
-0.000049
-0.000049
-0.000042
-0.000035
-0.000030
-0.000031
-0.000033
-0.000034
