-0.128490
-0.153190
-0.102974
0.010004
0.015416
0.018942
0.020212
0.020778
0.020978
0.020888
0.020634
0.020370
0.020150
0.019930
0.019658
0.019374
0.019178
0.019132
0.019182
0.019210
0.019170
0.019142
0.019212
0.019370
0.019532
0.019650
0.019744
0.019832
0.019838
0.019674
0.019402
0.019174
0.019104
0.019240
0.019510
0.019770
0.019958
0.020102
0.020238
0.020306
0.020162
0.019774
0.019206
0.018558
0.017932
0.017350
0.016868
0.016574
0.016532
0.016818
0.017450
0.018220
0.018832
0.019162
0.019280
0.019390
0.019620
0.019922
0.020216
0.020452
0.020566
0.020324
0.019438
0.018000
0.016454
0.015318
0.014880
0.015082
0.015758
0.016724
0.017796
0.018796
0.019532
0.020022
0.020438
0.020870
0.021308
0.021714
0.022090
0.022406
0.022642
0.022750
0.022608
0.022072
0.021040
0.019700
0.018454
0.017582
0.017126
0.016888
0.016832
0.017318
0.018646
0.020596
0.022558
0.023956
0.024358
0.023696
0.022466
0.021148
0.019860
0.018472
0.016894
0.015380
0.014514
0.015020
0.017326
0.021020
0.024722
0.026792
0.025958
0.021842
0.015740
0.010148
0.007304
0.007832
0.010354
0.013066
0.015466
0.018088
0.021374
0.025220
0.029090
0.032090
0.033112
0.031780
0.029156
0.026530
0.024174
0.021914
0.019812
0.017916
0.015928
0.012874
0.007708
0.000964
-0.005074
-0.008090
-0.007214
-0.002958
0.003356
0.010216
0.017092
0.023804
0.028808
0.030548
0.029500
0.027288
0.024732
0.022050
0.020150
0.020336
0.023524
0.029580
0.036834
0.042654
0.043290
0.035764
0.022706
0.010152
0.000862
-0.006002
-0.011516
-0.015688
-0.017848
-0.016962
-0.011588
-0.001098
0.012352
0.025136
0.034814
0.040336
0.041138
0.037540
0.031410
0.024784
0.019422
0.016846
0.016564
0.016396
0.014628
0.011096
0.006940
0.003886
0.002998
0.003430
0.003594
0.002770
0.001002
-0.001550
-0.004602
-0.007556
-0.010010
-0.011362
-0.009156
0.000608
0.019154
0.041896
0.061930
0.075816
0.085914
0.096506
0.107006
0.110568
0.099216
0.072046
0.038720
0.009064
-0.016134
-0.039186
-0.059940
-0.076622
-0.085990
-0.083988
-0.066940
-0.034532
0.004954
0.038158
0.057816
0.068076
0.078362
0.092346
0.106014
0.113354
0.111426
0.102858
0.091836
0.078786
0.060658
0.035370
0.005164
-0.024216
-0.046174
-0.057754
-0.060098
-0.054086
-0.040586
-0.021028
0.002038
0.022600
0.035844
0.043988
0.053096
0.065688
0.079586
0.092178
0.101468
0.102620
0.087266
0.054020
0.015398
-0.011898
-0.018544
-0.009146
0.002458
0.006200
0.000568
-0.008776
-0.015380
-0.018184
-0.019132
-0.019738
-0.020268
-0.020572
-0.022064
-0.025640
-0.029354
-0.028962
-0.018748
0.001988
0.024224
0.037976
0.042810
0.045544
0.050648
0.056864
0.060110
0.056256
0.043066
0.023214
0.003460
-0.012014
-0.023848
-0.036098
-0.050422
-0.061442
-0.062226
-0.051880
-0.035194
-0.013512
0.017156
0.058108
0.101686
0.134784
0.150070
0.150854
0.147082
0.144688
0.139092
0.119412
0.080016
0.028468
-0.023500
-0.069306
-0.109574
-0.149308
-0.187520
-0.214798
-0.219330
-0.193234
-0.141264
-0.079170
-0.025084
0.011066
0.037118
0.066024
0.099346
0.128334
0.140920
0.132880
0.113298
0.097748
0.096336
0.110010
0.137726
0.175128
0.210614
0.230972
0.231984
0.220218
0.203394
0.182770
0.149670
0.093392
0.016424
-0.065558
-0.132610
-0.168054
-0.169932
-0.152018
-0.129720
-0.107108
-0.073146
-0.012824
0.072710
0.155124
0.200028
0.203186
0.184064
0.153488
0.108116
0.043238
-0.034258
-0.101888
-0.135690
-0.134478
-0.121866
-0.116930
-0.118264
-0.117818
-0.117738
-0.131130
-0.162346
-0.195732
-0.208414
-0.189750
-0.149290
-0.112186
-0.097788
-0.097698
-0.091834
-0.066702
-0.017340
0.050160
0.125114
0.199092
0.265450
0.313612
0.326000
0.287724
0.211860
0.141520
0.104516
0.089274
0.070272
0.036904
-0.004908
-0.046090
-0.076830
-0.083404
-0.057670
-0.009962
0.033970
0.050528
0.038868
0.019252
0.011164
0.023854
0.056212
0.097280
0.139112
0.184100
0.233956
0.280604
0.312136
0.325270
0.325302
0.317318
0.301098
0.264624
0.187702
0.063794
-0.071394
-0.155534
-0.168140
-0.145784
-0.125994
-0.111452
-0.082024
-0.022528
0.054000
0.118738
0.158366
0.179274
0.197248
0.219470
0.239720
0.246740
0.233428
0.213372
0.214870
0.250648
0.294548
0.294286
0.224144
0.100120
-0.081080
-0.338758
-0.640744
-0.915900
-1.122838
-1.264044
-1.343582
-1.346364
-1.222394
-0.884444
-0.314112
0.342098
0.886584
1.228832
1.407818
1.495220
1.484394
1.304192
0.904636
0.331234
-0.272468
-0.800544
-1.249932
-1.591842
-1.773836
-1.840162
-1.867186
-1.824810
-1.548546
-0.826694
0.338946
1.520400
2.199260
2.321820
2.256100
2.266080
2.267780
2.080440
1.648058
0.987062
0.168602
-0.674206
-1.464596
-2.174100
-2.671780
-2.845300
-2.828320
-2.843220
-2.934220
-3.008880
-2.999800
-2.913340
-2.789540
-2.626240
-2.353440
-1.747534
-0.488504
1.296790
2.801680
3.310080
3.007360
2.587260
2.300740
1.917694
1.310900
0.593298
-0.108998
-0.771810
-1.417182
-1.981066
-2.333680
-2.469300
-2.497300
-2.488220
-2.446980
-2.344120
-2.091180
-1.252430
0.644828
2.657000
3.109260
2.190180
1.396840
1.274464
1.318322
1.065320
0.550938
0.028130
-0.380488
-0.725526
-1.063464
-1.323860
-1.338964
-1.010776
-0.440608
0.091444
0.342498
0.349714
0.349982
0.493984
0.745378
0.972034
1.048688
0.848824
0.444698
0.210522
0.290738
0.508244
0.732630
0.827148
0.644932
0.256814
-0.142710
-0.477382
-0.724408
-0.881296
-1.018440
-1.183922
-1.347492
-1.437792
-1.389672
-1.165760
-0.800468
-0.445214
-0.226568
-0.113892
-0.025246
0.054218
0.102758
0.117092
0.087416
-0.015068
-0.187678
-0.387414
-0.558096
-0.634532
-0.583566
-0.418434
-0.207040
-0.086452
-0.104238
-0.122498
-0.004570
0.220494
0.432224
0.570282
0.634434
0.609904
0.501644
0.380444
0.312648
0.276068
0.198002
0.050656
-0.120090
-0.223842
-0.191850
-0.015004
0.279518
0.608956
0.835094
0.863630
0.729224
0.539340
0.366706
0.263970
0.267270
0.335384
0.372974
0.321286
0.209172
0.103948
0.038266
0.011576
0.038810
0.145852
0.286594
0.339172
0.242508
0.066842
-0.073128
-0.109744
-0.040030
0.100400
0.275346
0.464198
0.648148
0.805824
0.923820
0.982696
0.951904
0.812262
0.582760
0.310830
0.021172
-0.307954
-0.699856
-1.095016
-1.366150
-1.434258
-1.312714
-1.067620
-0.743860
-0.323518
0.168252
0.590040
0.840534
0.988082
1.153876
1.333954
1.406434
1.290562
1.031550
0.735660
0.477132
0.267568
0.075752
-0.118630
-0.300842
-0.452920
-0.564804
-0.618342
-0.581820
-0.430312
-0.176962
0.093854
0.275534
0.349198
0.376120
0.414820
0.474428
0.539134
0.613956
0.726848
0.865054
0.928880
0.838378
0.617424
0.364574
0.193906
0.160270
0.229016
0.292960
0.238212
0.012044
-0.303734
-0.567664
-0.735464
-0.776292
-0.651418
-0.436430
-0.284518
-0.260742
-0.275508
-0.222300
-0.124742
-0.077248
-0.094100
-0.106864
-0.059242
0.026826
0.074280
0.048898
0.002434
0.017832
0.112774
0.214130
0.239328
0.160842
-0.006672
-0.224484
-0.441740
-0.637134
-0.778418
-0.803482
-0.721346
-0.600752
-0.491084
-0.419518
-0.407658
-0.450956
-0.494148
-0.466784
-0.322846
-0.060350
0.227774
0.396972
0.402212
0.325894
0.281814
0.350186
0.534868
0.727140
0.774338
0.623226
0.334762
0.015810
-0.221166
-0.344058
-0.382660
-0.335536
-0.211506
-0.067714
0.048104
0.136042
0.213482
0.272824
0.289758
0.271304
0.269484
0.317782
0.365024
0.325152
0.152622
-0.123386
-0.387476
-0.533208
-0.526278
-0.355648
-0.022902
0.399398
0.751228
0.892880
0.819948
0.650484
0.501928
0.411888
0.376270
0.370114
0.355138
0.326236
0.291900
0.216390
0.058960
-0.158992
-0.357874
-0.441006
-0.394122
-0.322576
-0.334288
-0.434126
-0.547000
-0.617332
-0.631488
-0.565394
-0.352558
0.016416
0.389152
0.605788
0.640562
0.530706
0.311796
0.031060
-0.240542
-0.438568
-0.549604
-0.609016
-0.647618
-0.656326
-0.615350
-0.529434
-0.384042
-0.110952
0.288816
0.663684
0.860072
0.864056
0.757960
0.589772
0.324744
-0.049628
-0.435492
-0.732346
-0.923874
-1.000510
-0.940028
-0.765572
-0.512156
-0.203044
0.067926
0.178776
0.144332
0.117574
0.199082
0.316530
0.348436
0.294346
0.265636
0.338498
0.467126
0.561610
0.571842
0.465170
0.200214
-0.157848
-0.393218
-0.389034
-0.268320
-0.204916
-0.237808
-0.273220
-0.191422
0.028912
0.274604
0.413006
0.397374
0.239714
-0.012934
-0.248612
-0.355232
-0.318010
-0.173876
0.045560
0.266574
0.384964
0.378874
0.340868
0.380184
0.507784
0.633764
0.663774
0.569608
0.383182
0.162496
-0.017712
-0.112248
-0.123828
-0.075990
-0.019372
0.001782
-0.004122
-0.003486
-0.005758
-0.056076
-0.154882
-0.247856
-0.292942
-0.291008
-0.255968
-0.201288
-0.158796
-0.162058
-0.195226
-0.175934
-0.023144
0.217598
0.401644
0.467524
0.478278
0.505238
0.540532
0.515236
0.381982
0.179350
-0.011252
-0.164518
-0.297596
-0.407164
-0.483026
-0.536998
-0.589130
-0.645872
-0.698300
-0.727376
-0.704138
-0.599414
-0.390294
-0.066838
0.360562
0.786956
1.005674
0.935588
0.672470
0.320446
-0.036532
-0.313188
-0.457022
-0.485694
-0.487646
-0.537938
-0.622548
-0.665270
-0.578692
-0.298392
0.131798
0.509044
0.630992
0.499744
0.296088
0.189058
0.205848
0.249760
0.212732
0.068224
-0.131642
-0.299536
-0.338370
-0.194660
0.087120
0.366128
0.499344
0.480878
0.412452
0.336962
0.202388
-0.015744
-0.243170
-0.389982
-0.451840
-0.488018
-0.539600
-0.592554
-0.585180
-0.441208
-0.144176
0.205860
0.466074
0.584290
0.633384
0.719842
0.859152
0.964858
0.964958
0.858488
0.661612
0.398208
0.119444
-0.129516
-0.327024
-0.474230
-0.585800
-0.652126
-0.634446
-0.512884
-0.344172
-0.238798
-0.242520
-0.287356
-0.271848
-0.145452
0.068898
0.298614
0.485234
0.615288
0.658794
0.546182
0.293660
0.066988
0.015996
0.121982
0.254378
0.319004
0.294912
0.184520
0.016556
-0.141738
-0.223566
-0.210416
-0.137898
-0.069028
-0.048022
-0.069952
-0.084292
-0.017994
0.172424
0.471692
0.807344
1.046336
1.070676
0.880066
0.551498
0.177918
-0.141452
-0.370144
-0.554852
-0.738986
-0.913392
-1.050494
-1.136792
-1.154834
-1.060240
-0.799930
-0.354732
0.212402
0.712896
0.943958
0.918858
0.843652
0.858364
0.921914
0.898642
0.705084
0.359570
-0.085606
-0.538492
-0.881730
-1.073372
-1.138024
-1.088732
-0.927676
-0.699600
-0.477562
-0.290016
-0.109050
0.103230
0.365932
0.642068
0.841948
0.924320
0.922480
0.872428
0.784394
0.665976
0.523452
0.353618
0.157356
-0.070432
-0.303370
-0.466246
-0.523030
-0.495334
-0.419436
-0.339360
-0.288522
-0.272718
-0.278572
-0.276650
-0.241936
-0.183744
-0.129926
-0.096256
-0.084930
-0.083538
-0.050084
0.079620
0.326984
0.626992
0.867264
0.953018
0.866570
0.686594
0.541782
0.491678
0.467682
0.370648
0.171280
-0.082112
-0.308162
-0.446068
-0.483668
-0.445946
-0.360960
-0.247024
-0.148468
-0.118730
-0.140570
-0.131902
-0.038288
0.106896
0.220038
0.237598
0.141342
-0.018090
-0.136790
-0.155804
-0.103520
-0.055584
-0.082212
-0.189496
-0.314990
-0.395038
-0.396800
-0.312794
-0.184108
-0.079550
-0.031712
-0.018838
0.000516
0.042676
0.103274
0.179876
0.261042
0.324542
0.357328
0.363040
0.347618
0.299142
0.193102
0.019644
-0.191132
-0.372176
-0.475734
-0.516664
-0.537604
-0.554128
-0.549342
-0.497052
-0.367748
-0.169960
0.014794
0.124296
0.182380
0.226464
0.244876
0.199580
0.085670
-0.036068
-0.100368
-0.116862
-0.131700
-0.156936
-0.177202
-0.186352
-0.191006
-0.190448
-0.164718
-0.083908
0.045558
0.158214
0.184588
0.118026
0.005832
-0.111396
-0.212750
-0.290342
-0.357728
-0.427630
-0.487984
-0.510476
-0.468536
-0.346682
-0.156250
0.051582
0.208998
0.286882
0.310214
0.298934
0.244514
0.135928
-0.025018
-0.191830
-0.294628
-0.318712
-0.299510
-0.263026
-0.208600
-0.127750
-0.032072
0.047646
0.093532
0.110752
0.108548
0.096076
0.083304
0.073884
0.066614
0.056486
0.031400
-0.019226
-0.086674
-0.143944
-0.168314
-0.161640
-0.143370
-0.127068
-0.111948
-0.093568
-0.077158
-0.075784
-0.095706
-0.126238
-0.142706
-0.121522
-0.051996
0.058610
0.173644
0.246174
0.263066
0.245130
0.216228
0.182646
0.130560
0.046450
-0.057900
-0.150924
-0.215364
-0.256690
-0.277528
-0.266550
-0.197958
-0.050000
0.150890
0.326276
0.410628
0.400548
0.321696
0.205002
0.100582
0.045294
0.020594
-0.019606
-0.096834
-0.197398
-0.282506
-0.312074
-0.281070
-0.219682
-0.159266
-0.110686
-0.064628
-0.006510
0.067648
0.143746
0.196120
0.210138
0.193734
0.168186
0.155034
0.158352
0.160852
0.137260
0.072026
-0.032372
-0.154864
-0.251476
-0.288216
-0.273274
-0.235702
-0.196424
-0.165968
-0.147772
-0.134860
-0.113804
-0.071264
-0.002404
0.070964
0.105210
0.073444
-0.011924
-0.106000
-0.158602
-0.155394
-0.128398
-0.112748
-0.117370
-0.138894
-0.168944
-0.194034
-0.195064
-0.145552
-0.040944
0.080716
0.171594
0.218354
0.239932
0.238854
0.188476
0.083530
-0.024198
-0.069252
-0.040440
0.017556
0.058980
0.073176
0.070848
0.063368
0.063568
0.079770
0.100534
0.101850
0.069662
0.012602
-0.043888
-0.075196
-0.077266
-0.069966
-0.076380
-0.102620
-0.136032
-0.157334
-0.152828
-0.123030
-0.080910
-0.040020
-0.010024
0.005370
0.013132
0.025210
0.048322
0.079730
0.110626
0.133458
0.141544
0.126936
0.083556
0.015988
-0.049746
-0.078966
-0.061376
-0.017582
0.024512
0.052096
0.072052
0.097900
0.139086
0.194318
0.244840
0.266888
0.256580
0.229034
0.196682
0.158340
0.105108
0.033474
-0.046890
-0.119186
-0.167306
-0.179844
-0.162512
-0.135474
-0.112082
-0.090784
-0.060510
-0.013216
0.042678
0.082242
0.082408
0.040478
-0.024118
-0.075998
-0.087538
-0.064604
-0.035704
-0.021978
-0.023674
-0.028160
-0.025332
-0.011288
0.018850
0.063038
0.106704
0.133840
0.135494
0.113350
0.074238
0.027432
-0.015478
-0.051056
-0.083256
-0.114592
-0.142640
-0.158504
-0.150474
-0.113828
-0.067008
-0.041036
-0.045994
-0.064050
-0.073214
-0.070856
-0.069042
-0.077516
-0.092984
-0.098364
-0.078368
-0.035328
0.012230
0.046842
0.065510
0.072606
0.066436
0.044228
0.012724
-0.016166
-0.035104
-0.045218
-0.050732
-0.055186
-0.061690
-0.070514
-0.079232
-0.084502
-0.083278
-0.075540
-0.062102
-0.038270
0.003498
0.062322
0.125204
0.174230
0.196990
0.195106
0.175216
0.137000
0.083326
0.028944
-0.010894
-0.031966
-0.039520
-0.042084
-0.047192
-0.061506
-0.086642
-0.112122
-0.120810
-0.102554
-0.062620
-0.017984
0.013042
0.023416
0.021736
0.019100
0.015236
0.000814
-0.027888
-0.061596
-0.087442
-0.101924
-0.109050
-0.106906
-0.082874
-0.027200
0.048108
0.111894
0.139952
0.133956
0.114370
0.098416
0.088888
0.082336
0.078078
0.076554
0.073214
0.055988
0.011976
-0.053480
-0.114048
-0.145864
-0.143434
-0.117714
-0.085186
-0.058460
-0.041404
-0.029590
-0.016246
0.000920
0.018408
0.032486
0.037296
0.021306
-0.020272
-0.071608
-0.104992
-0.105634
-0.083510
-0.060338
-0.048786
-0.048278
-0.052716
-0.055996
-0.056694
-0.057432
-0.060034
-0.064790
-0.072552
-0.083338
-0.094788
-0.101066
-0.092560
-0.065410
-0.031880
-0.012672
-0.012756
-0.016036
-0.007528
0.013656
0.039632
0.064066
0.084904
0.099446
0.103264
0.094258
0.077130
0.059598
0.043424
0.023526
-0.004484
-0.038074
-0.066662
-0.080176
-0.081294
-0.080930
-0.085344
-0.094104
-0.103778
-0.108080
-0.098028
-0.069662
-0.031436
0.000514
0.014278
0.011884
0.006670
0.010700
0.028016
0.051378
0.064008
0.051744
0.013476
-0.034780
-0.067222
-0.069392
-0.053106
-0.043612
-0.052424
-0.068824
-0.072982
-0.054722
-0.020262
0.014830
0.037204
0.047212
0.056940
0.074368
0.096124
0.116422
0.131772
0.137592
0.129488
0.106700
0.074516
0.041760
0.011984
-0.015872
-0.040222
-0.059360
-0.074112
-0.087004
-0.099876
-0.111292
-0.120718
-0.129204
-0.136712
-0.139798
-0.129834
-0.097488
-0.044904
0.007954
0.040250
0.053642
0.065922
0.086296
0.109976
0.126910
0.128880
0.111394
0.086160
0.066158
0.050316
0.039714
0.025552
-0.003710
-0.046516
-0.092804
-0.126052
-0.131508
-0.107796
-0.069424
-0.033312
-0.005036
0.021344
0.049982
0.076084
0.089502
0.085374
0.070400
0.054910
0.044154
0.036402
0.027114
0.014094
-0.000306
-0.013810
-0.024824
-0.026422
-0.009954
0.023644
0.058416
0.074508
0.062962
0.031068
-0.003084
-0.023264
-0.025860
-0.021650
-0.021492
-0.026004
-0.029060
-0.023052
-0.001952
0.035352
0.080024
0.119222
0.139920
0.131992
0.096974
0.048840
0.011800
0.003140
0.016776
0.032708
0.037798
0.035802
0.034762
0.034708
0.030918
0.021332
0.009716
0.001384
0.000866
0.008994
0.020756
0.029918
0.034922
0.039028
0.043966
0.049402
0.054754
0.059104
0.060872
0.057776
0.052686
0.051056
0.052434
0.055116
0.057128
0.057284
0.057722
0.058746
0.058150
0.054462
0.048930
0.044482
0.042586
0.041510
0.039614
0.035654
0.028732
0.019120
0.011380
0.014610
0.032358
0.060762
0.087320
0.094040
0.074072
0.036186
-0.002294
-0.027890
-0.042382
-0.054300
-0.068388
-0.084350
-0.094026
-0.089492
-0.072588
-0.051950
-0.035040
-0.020570
-0.003630
0.017258
0.042948
0.073354
0.103184
0.126422
0.138538
0.136360
0.121384
0.097454
0.071462
0.048004
0.026526
0.006150
-0.012674
-0.026868
-0.031980
-0.024358
-0.008144
0.010230
0.028142
0.040432
0.045602
0.048208
0.052522
0.058318
0.061520
0.060170
0.048100
0.020436
-0.015280
-0.046700
-0.063612
-0.063300
-0.046146
-0.010226
0.038688
0.086858
0.123598
0.146494
0.161690
0.170686
0.169446
0.159144
0.142054
0.117442
0.084908
0.047576
0.011548
-0.016106
-0.031432
-0.036862
-0.041302
-0.048496
-0.050232
-0.040406
-0.018674
0.015218
0.055162
0.088178
0.110398
0.128304
0.141294
0.142912
0.128464
0.097754
0.060304
0.029442
0.014728
0.014870
0.018408
0.019466
0.020356
0.023810
0.029694
0.037204
0.044522
0.052180
0.061310
0.064468
0.056256
0.040026
0.022378
0.006414
-0.004976
-0.008354
-0.003908
0.006866
0.022190
0.044920
0.076724
0.109438
0.133866
0.143234
0.131158
0.101298
0.068486
0.044308
0.027302
0.013276
-0.001824
-0.019372
-0.034910
-0.046926
-0.053692
-0.054010
-0.047864
-0.034768
-0.015032
0.009958
0.035506
0.056774
0.071894
0.082630
0.089236
0.088452
0.080214
0.065480
0.043110
0.017688
-0.004260
-0.018498
-0.020180
-0.008962
0.013426
0.040024
0.058410
0.059538
0.046160
0.031168
0.022194
0.018032
0.016858
0.015790
0.009652
0.000584
-0.008436
-0.017882
-0.024478
-0.026204
-0.025240
-0.022058
-0.018340
-0.015708
-0.012300
-0.008098
-0.001716
0.007472
0.017984
0.028508
0.036904
0.042036
0.044232
0.043400
0.036010
0.020386
-0.000024
-0.015722
-0.018464
-0.011956
-0.004820
-0.001616
0.000286
0.006706
0.021514
0.043934
0.065886
0.076884
0.074208
0.060364
0.039730
0.020954
0.009296
0.001622
-0.010582
-0.032764
-0.061752
-0.089014
-0.104342
-0.102098
-0.084710
-0.059440
-0.033998
-0.013078
0.003940
0.020220
0.036598
0.050950
0.058574
0.054730
0.038658
0.013736
-0.014272
-0.037192
-0.046570
-0.042616
-0.034844
-0.029440
-0.025268
-0.017302
-0.002832
0.016874
0.038332
0.053658
0.056452
0.046758
0.029022
0.010650
-0.001368
-0.005982
-0.004312
0.002554
0.011492
0.021756
0.029894
0.031170
0.027486
0.023752
0.022114
0.020038
0.014784
0.003326
-0.013712
-0.030720
-0.043940
-0.052796
-0.060494
-0.066624
-0.067256
-0.060966
-0.047394
-0.029180
-0.011222
0.001784
0.006250
0.004738
0.004924
0.010534
0.021720
0.034488
0.039262
0.031890
0.017638
0.004454
-0.003524
-0.007836
-0.008994
-0.004844
0.004894
0.021204
0.041200
0.055206
0.058662
0.054672
0.046028
0.030834
0.008610
-0.015182
-0.035290
-0.051862
-0.069284
-0.089090
-0.107972
-0.121070
-0.120524
-0.102780
-0.073506
-0.041246
-0.016830
-0.005958
-0.003382
-0.000692
0.007694
0.020674
0.032906
0.040848
0.042096
0.035668
0.023584
0.010030
-0.001424
-0.008676
-0.012568
-0.017848
-0.026992
-0.037496
-0.046478
-0.053498
-0.059396
-0.064140
-0.066106
-0.066174
-0.065992
-0.066352
-0.069010
-0.074138
-0.081538
-0.088202
-0.091022
-0.089040
-0.082304
-0.075428
-0.072118
-0.073020
-0.074208
-0.067648
-0.049640
-0.023974
0.001322
0.020850
0.034140
0.043032
0.049186
0.052266
0.049436
0.037808
0.019638
-0.001610
-0.021198
-0.034408
-0.042522
-0.045146
-0.042284
-0.037252
-0.032160
-0.028612
-0.026750
-0.025900
-0.025872
-0.027542
-0.032700
-0.041070
-0.049748
-0.055206
-0.056466
-0.054010
-0.047776
-0.038828
-0.027598
-0.012482
0.006268
0.025272
0.039648
0.045596
0.044172
0.039336
0.032662
0.022430
0.007418
-0.010998
-0.030704
-0.049382
-0.065126
-0.080340
-0.095756
-0.107080
-0.108802
-0.097414
-0.077646
-0.057574
-0.044182
-0.039488
-0.039986
-0.040848
-0.037276
-0.029954
-0.021848
-0.016086
-0.017106
-0.024310
-0.032232
-0.035872
-0.034284
-0.030902
-0.029534
-0.030534
-0.030906
-0.029244
-0.026548
-0.027148
-0.035520
-0.047238
-0.053136
-0.047588
-0.035604
-0.025882
-0.018722
-0.014694
-0.016210
-0.022750
-0.030412
-0.032358
-0.026706
-0.018344
-0.013712
-0.013970
-0.015474
-0.014906
-0.010850
-0.005186
-0.001178
-0.005346
-0.022186
-0.041698
-0.048758
-0.047604
-0.051856
-0.061020
-0.066848
-0.064104
-0.053218
-0.038936
-0.026776
-0.017400
-0.007532
0.002760
0.010938
0.012540
0.004562
-0.007676
-0.018106
-0.026312
-0.034440
-0.043456
-0.051120
-0.054254
-0.052756
-0.048412
-0.042562
-0.037068
-0.031034
-0.023288
-0.015780
-0.008628
0.000610
0.012934
0.026510
0.039208
0.048890
0.052660
0.049232
0.039246
0.024574
0.008186
-0.007460
-0.020600
-0.029130
-0.028432
-0.015734
0.002850
0.018836
0.030156
0.039212
0.047258
0.053124
0.053832
0.046404
0.031764
0.013938
-0.003182
-0.018612
-0.034186
-0.049512
-0.061166
-0.067294
-0.069624
-0.067270
-0.055828
-0.036424
-0.016198
-0.000158
0.012032
0.022526
0.032086
0.040398
0.047296
0.051882
0.052028
0.044832
0.030110
0.013288
-0.000002
-0.008784
-0.015386
-0.021014
-0.023944
-0.023056
-0.019114
-0.014584
-0.011058
-0.007816
-0.003648
0.003524
0.013194
0.022690
0.029666
0.031980
0.030640
0.028500
0.027566
0.028918
0.032260
0.034676
0.032870
0.026766
0.019020
0.013030
0.009696
0.007436
0.004504
-0.000300
-0.006178
-0.011460
-0.014252
-0.013394
-0.010692
-0.007402
-0.003544
0.001196
0.009388
0.020936
0.031430
0.037770
0.041154
0.044694
0.049596
0.055612
0.061048
0.064526
0.066586
0.066836
0.063576
0.055970
0.045954
0.036510
0.029282
0.025322
0.025054
0.027832
0.032334
0.037134
0.041374
0.045362
0.048880
0.050142
0.048026
0.042496
0.034368
0.024798
0.016258
0.010846
0.007646
0.005774
0.003752
0.001360
0.001204
0.005258
0.012716
0.021050
0.028406
0.031820
0.029232
0.021346
0.012024
0.007434
0.010162
0.017102
0.024262
0.030562
0.036732
0.043938
0.051986
0.058728
0.061696
0.061068
0.059478
0.058684
0.058578
0.056294
0.049662
0.039068
0.026060
0.013620
0.004142
-0.000220
0.000282
0.003378
0.008756
0.017088
0.028976
0.042424
0.053162
0.059464
0.061716
0.061642
0.060964
0.058500
0.052432
0.043352
0.035112
0.031462
0.032122
0.034530
0.035810
0.034042
0.029270
0.022400
0.015002
0.008522
0.003996
0.003538
0.007894
0.014830
0.021592
0.026964
0.032314
0.037474
0.040264
0.040606
0.038714
0.034774
0.030890
0.028368
0.027064
0.027724
0.030440
0.035360
0.042500
0.049690
0.054712
0.056750
0.055426
0.049682
0.039350
0.025496
0.009920
-0.004066
-0.013830
-0.018684
-0.019118
-0.015754
-0.009424
-0.002668
0.002038
0.004298
0.005848
0.008676
0.012704
0.016316
0.018462
0.019518
0.019660
0.019864
0.021266
0.023102
0.024074
0.023110
0.020346
0.016206
0.010962
0.005066
-0.000558
-0.003976
-0.004618
-0.003700
-0.002974
-0.003414
-0.004610
-0.006284
-0.008508
-0.011562
-0.015414
-0.020060
-0.026494
-0.034496
-0.041136
-0.042688
-0.038328
-0.029904
-0.019800
-0.010356
-0.002912
0.002654
0.007768
0.013060
0.017200
0.017884
0.014706
0.009734
0.004936
0.001374
-0.000954
-0.003198
-0.007368
-0.013934
-0.020842
-0.025900
-0.027224
-0.024364
-0.018604
-0.011078
-0.002500
0.006246
0.013860
0.019760
0.023408
0.023216
0.018738
0.011824
0.005336
0.001170
-0.002330
-0.007890
-0.015720
-0.024588
-0.032200
-0.037188
-0.038776
-0.036966
-0.033948
-0.030194
-0.024372
-0.016140
-0.007640
-0.002104
-0.000946
-0.003942
-0.008434
-0.010262
-0.007790
-0.001910
0.004904
0.009912
0.011664
0.010024
0.005440
-0.002172
-0.011520
-0.019094
-0.022526
-0.023058
-0.022972
-0.023418
-0.024584
-0.024658
-0.022420
-0.018650
-0.015120
-0.015068
-0.019814
-0.026474
-0.030450
-0.029256
-0.024088
-0.018620
-0.016394
-0.018470
-0.023550
-0.029434
-0.033988
-0.036680
-0.037938
-0.038182
-0.037804
-0.036338
-0.033160
-0.027678
-0.021022
-0.014602
-0.009414
-0.006054
-0.003364
-0.001190
-0.000128
-0.000442
-0.002848
-0.008162
-0.016004
-0.024380
-0.030888
-0.033496
-0.031156
-0.025444
-0.019658
-0.016476
-0.016682
-0.018566
-0.019408
-0.017438
-0.012980
-0.007206
-0.001936
0.000196
-0.001096
-0.003454
-0.005220
-0.006628
-0.008462
-0.012238
-0.018608
-0.026274
-0.034408
-0.043528
-0.053798
-0.063724
-0.070708
-0.072658
-0.070204
-0.063902
-0.052228
-0.035586
-0.017926
-0.003736
0.006466
0.014364
0.019536
0.022066
0.022024
0.018634
0.011994
0.003214
-0.005218
-0.012160
-0.017894
-0.021486
-0.022828
-0.023148
-0.022146
-0.019644
-0.016684
-0.014680
-0.015270
-0.018922
-0.024676
-0.030248
-0.032966
-0.030978
-0.025544
-0.019952
-0.016034
-0.013510
-0.010806
-0.006824
-0.000704
0.006586
0.012796
0.016090
0.016568
0.015774
0.013446
0.008356
0.001226
-0.005576
-0.011404
-0.016686
-0.021084
-0.023628
-0.023936
-0.022828
-0.020724
-0.017914
-0.015128
-0.012240
-0.009712
-0.009196
-0.010484
-0.012850
-0.016304
-0.018916
-0.018990
-0.017200
-0.015150
-0.014398
-0.014528
-0.014518
-0.014200
-0.012650
-0.009070
-0.004078
-0.000250
0.000298
-0.002228
-0.007572
-0.013786
-0.017856
-0.019366
-0.019740
-0.021220
-0.024366
-0.026820
-0.025896
-0.020126
-0.011120
-0.003042
0.000568
-0.000580
-0.004180
-0.007694
-0.009236
-0.009536
-0.011176
-0.015798
-0.022052
-0.027870
-0.032992
-0.036920
-0.039248
-0.039536
-0.036608
-0.030508
-0.022932
-0.016548
-0.014148
-0.016370
-0.021260
-0.027400
-0.034084
-0.038394
-0.037958
-0.033700
-0.026444
-0.016964
-0.006390
0.003944
0.013590
0.022340
0.029408
0.034200
0.033602
0.026292
0.013684
-0.000872
-0.012336
-0.020076
-0.027088
-0.034106
-0.039778
-0.041474
-0.038388
-0.032914
-0.026780
-0.023250
-0.021664
-0.018708
-0.015240
-0.011004
-0.007128
-0.005900
-0.007300
-0.009618
-0.009390
-0.006502
-0.003386
-0.002308
-0.005202
-0.011190
-0.016470
-0.018632
-0.019468
-0.020890
-0.023994
-0.028850
-0.034184
-0.039084
-0.042964
-0.046086
-0.046826
-0.043684
-0.037368
-0.028392
-0.018872
-0.010914
-0.003196
0.004502
0.010132
0.014882
0.017842
0.017554
0.015280
0.009730
0.001688
-0.006232
-0.013228
-0.018260
-0.020924
-0.021738
-0.020882
-0.019044
-0.016282
-0.012936
-0.009302
-0.003938
0.003626
0.012534
0.021350
0.028386
0.031614
0.030592
0.027940
0.025494
0.023548
0.022144
0.019596
0.014078
0.005294
-0.005558
-0.015286
-0.021026
-0.024204
-0.026582
-0.027772
-0.027842
-0.025450
-0.020406
-0.014568
-0.009588
-0.006986
-0.006508
-0.006334
-0.005710
-0.005660
-0.006694
-0.009026
-0.011996
-0.013624
-0.013918
-0.013512
-0.011862
-0.009420
-0.006686
-0.003220
0.000352
0.003576
0.005038
0.003428
-0.001108
-0.007894
-0.014378
-0.019334
-0.022846
-0.025486
-0.028778
-0.031970
-0.033532
-0.033294
-0.031288
-0.027926
-0.023578
-0.018980
-0.014088
-0.009476
-0.006014
-0.002514
0.000128
0.001270
0.000562
-0.002492
-0.006696
-0.012210
-0.018312
-0.022814
-0.023424
-0.018716
-0.010056
-0.000388
0.007028
0.010914
0.013182
0.014964
0.016020
0.016100
0.014288
0.011354
0.010078
0.010108
0.009878
0.008154
0.003460
-0.002604
-0.008582
-0.013618
-0.016450
-0.016788
-0.014924
-0.010962
-0.005420
0.000230
0.005228
0.008682
0.009130
0.007552
0.005982
0.004816
0.004772
0.004850
0.002808
-0.001480
-0.007252
-0.012632
-0.015498
-0.015366
-0.013386
-0.011362
-0.010882
-0.011876
-0.012950
-0.013326
-0.012126
-0.009592
-0.006356
-0.004030
-0.005254
-0.009078
-0.013324
-0.017020
-0.018872
-0.017868
-0.015024
-0.012004
-0.009722
-0.009416
-0.010922
-0.011838
-0.010226
-0.006120
0.000250
0.007636
0.013744
0.017908
0.019902
0.019680
0.017122
0.012528
0.007802
0.005058
0.004494
0.003952
0.002120
-0.000578
-0.003578
-0.005914
-0.007070
-0.007070
-0.006156
-0.005138
-0.005036
-0.006546
-0.008152
-0.007570
-0.004678
-0.001642
-0.001152
-0.004332
-0.009818
-0.014260
-0.015522
-0.013692
-0.010082
-0.006294
-0.003002
-0.000492
0.001632
0.003686
0.005398
0.006780
0.008340
0.011192
0.015052
0.019172
0.022552
0.024454
0.025050
0.023136
0.018878
0.013158
0.006320
-0.001288
-0.008856
-0.014802
-0.018748
-0.020158
-0.018444
-0.013694
-0.006812
0.000638
0.007886
0.013284
0.015958
0.017544
0.020260
0.025184
0.030820
0.034362
0.033356
0.028208
0.021372
0.014504
0.008506
0.003682
-0.000266
-0.003376
-0.005668
-0.006620
-0.005384
-0.002622
0.000978
0.005372
0.011272
0.017996
0.023120
0.026490
0.028972
0.031072
0.032512
0.033182
0.034066
0.034138
0.032122
0.027730
0.021700
0.016798
0.014960
0.016280
0.018894
0.020400
0.020326
0.018362
0.015582
0.014528
0.016186
0.018932
0.021010
0.021588
0.020126
0.018492
0.017752
0.018850
0.022484
0.027164
0.031094
0.032700
0.032380
0.030848
0.029092
0.027926
0.026056
0.022464
0.018084
0.014802
0.014178
0.016246
0.019414
0.022378
0.023900
0.023382
0.021964
0.020594
0.019456
0.018846
0.018436
0.018078
0.018046
0.017870
0.017262
0.017020
0.018934
0.024144
0.032432
0.042572
0.051552
0.056712
0.057622
0.054522
0.049020
0.042942
0.036226
0.028240
0.018326
0.006818
-0.003936
-0.010558
-0.011342
-0.007118
0.000284
0.008320
0.015816
0.023250
0.030534
0.038054
0.045894
0.052080
0.054344
0.052606
0.048358
0.042856
0.037060
0.030440
0.021478
0.010744
0.000910
-0.005920
-0.009390
-0.011134
-0.013144
-0.015366
-0.016052
-0.012356
-0.003542
0.008672
0.021700
0.032900
0.041352
0.046128
0.046722
0.044852
0.042790
0.040938
0.038632
0.034404
0.026566
0.015972
0.005228
-0.003596
-0.008726
-0.009320
-0.005620
0.001448
0.009706
0.017508
0.023720
0.027670
0.030042
0.031380
0.032122
0.033188
0.034042
0.033564
0.031948
0.029644
0.026826
0.023708
0.021048
0.019362
0.018828
0.020040
0.022558
0.025588
0.028914
0.031868
0.033948
0.035132
0.035428
0.035004
0.033924
0.032120
0.030030
0.027814
0.025372
0.022820
0.020118
0.017656
0.016240
0.016038
0.016254
0.015824
0.013766
0.010566
0.008064
0.006830
0.006026
0.005374
0.005008
0.005652
0.008564
0.013656
0.019490
0.024556
0.028474
0.031448
0.033328
0.034098
0.033726
0.032320
0.030146
0.027250
0.023376
0.017808
0.010892
0.003980
-0.001706
-0.005320
-0.006926
-0.007432
-0.007954
-0.009324
-0.012412
-0.016960
-0.021556
-0.024916
-0.025940
-0.024902
-0.022652
-0.019658
-0.015686
-0.010362
-0.004352
0.001092
0.004476
0.005484
0.004876
0.003772
0.003244
0.003380
0.003792
0.004438
0.004922
0.004646
0.003154
0.000458
-0.002534
-0.005426
-0.007212
-0.006690
-0.003940
0.000442
0.004528
0.007162
0.009672
0.013500
0.018264
0.022284
0.023800
0.021704
0.016476
0.009840
0.004618
0.001894
-0.000126
-0.003272
-0.008996
-0.017050
-0.025124
-0.030510
-0.031224
-0.028330
-0.024798
-0.022852
-0.022696
-0.021484
-0.016582
-0.008520
0.000252
0.007336
0.011620
0.013322
0.013122
0.011266
0.008078
0.004096
-0.000712
-0.006044
-0.011844
-0.017018
-0.018758
-0.016968
-0.014020
-0.011718
-0.010448
-0.009368
-0.007362
-0.004406
-0.002072
-0.001450
-0.002696
-0.005108
-0.007616
-0.010400
-0.013544
-0.016564
-0.018500
-0.018568
-0.017754
-0.016536
-0.014842
-0.013366
-0.011940
-0.010286
-0.008340
-0.006524
-0.005544
-0.005534
-0.006182
-0.006280
-0.005708
-0.005538
-0.007360
-0.011298
-0.014396
-0.013834
-0.008672
-0.000224
0.008518
0.014858
0.017666
0.017988
0.017094
0.014300
0.008330
-0.001470
-0.013314
-0.023756
-0.030506
-0.032710
-0.031496
-0.028632
-0.024716
-0.019776
-0.014104
-0.008236
-0.002478
0.003282
0.008904
0.013658
0.016702
0.017170
0.014962
0.011454
0.008172
0.005542
0.003364
0.001344
-0.001148
-0.005242
-0.011208
-0.017316
-0.021668
-0.023370
-0.022428
-0.019684
-0.015754
-0.011112
-0.006944
-0.004068
-0.001932
-0.000074
0.001998
0.004920
0.008048
0.011238
0.015000
0.018502
0.020182
0.019422
0.016798
0.013104
0.009390
0.006614
0.004030
0.001000
-0.001662
-0.003390
-0.003670
-0.002298
0.000396
0.003358
0.005344
0.005236
0.002352
-0.002132
-0.006720
-0.010100
-0.011750
-0.012402
-0.012104
-0.010214
-0.005906
0.000502
0.006614
0.010210
0.010968
0.009918
0.007954
0.005424
0.002106
-0.003146
-0.011580
-0.022120
-0.031682
-0.037410
-0.037922
-0.033884
-0.027322
-0.020304
-0.013536
-0.006402
0.002196
0.012010
0.021492
0.028408
0.030626
0.027350
0.019250
0.008590
-0.001776
-0.009654
-0.014074
-0.015350
-0.015232
-0.014486
-0.012134
-0.007272
-0.000286
0.007224
0.013632
0.015738
0.012078
0.005974
0.001388
0.000860
0.003726
0.006900
0.008204
0.007464
0.005692
0.003094
0.000692
-0.001516
-0.004610
-0.008232
-0.012978
-0.019256
-0.026082
-0.032160
-0.036532
-0.037830
-0.035734
-0.031068
-0.024210
-0.016158
-0.007510
0.001936
0.012058
0.022364
0.031800
0.038666
0.041196
0.038846
0.032036
0.021614
0.009564
-0.001078
-0.007958
-0.011652
-0.013152
-0.013446
-0.013542
-0.012658
-0.009500
-0.004148
0.002012
0.007844
0.012024
0.013380
0.011400
0.007160
0.002060
-0.002612
-0.005412
-0.006502
-0.007058
-0.007582
-0.008196
-0.009520
-0.011086
-0.011652
-0.010454
-0.007880
-0.005206
-0.003454
-0.002500
-0.001700
-0.000642
0.000844
0.001910
0.001804
0.001344
0.001006
-0.000304
-0.003176
-0.006562
-0.009686
-0.012142
-0.013732
-0.016140
-0.020040
-0.023852
-0.025030
-0.021366
-0.013180
-0.003132
0.005964
0.011666
0.013394
0.012806
0.011244
0.009178
0.006416
0.003354
0.000274
-0.003140
-0.007054
-0.010870
-0.013646
-0.015310
-0.015358
-0.014784
-0.014638
-0.013766
-0.012250
-0.010130
-0.007020
-0.002922
0.002082
0.006686
0.009288
0.009490
0.007378
0.003214
-0.001848
-0.006424
-0.009732
-0.011702
-0.012402
-0.012672
-0.012728
-0.012402
-0.011876
-0.010982
-0.010348
-0.009630
-0.008876
-0.009086
-0.009542
-0.009752
-0.010318
-0.010774
-0.010466
-0.010202
-0.009978
-0.009008
-0.008172
-0.008172
-0.008902
-0.011168
-0.014350
-0.017466
-0.020218
-0.020508
-0.018560
-0.015956
-0.013050
-0.010606
-0.009208
-0.008408
-0.006456
-0.003210
0.001312
0.006170
0.008480
0.006360
-0.001372
-0.013162
-0.024320
-0.029732
-0.028996
-0.026576
-0.025656
-0.026562
-0.028248
-0.028968
-0.026254
-0.019674
-0.011562
-0.005040
-0.002054
-0.002568
-0.005970
-0.010778
-0.015138
-0.018668
-0.022838
-0.029586
-0.040028
-0.052014
-0.062128
-0.067638
-0.065114
-0.056854
-0.046690
-0.034800
-0.022714
-0.011328
-0.001854
0.005010
0.010700
0.013748
0.014104
0.012692
0.006890
-0.004020
-0.017578
-0.029890
-0.038870
-0.044966
-0.049606
-0.052146
-0.052054
-0.049942
-0.043582
-0.034134
-0.024712
-0.015690
-0.007502
-0.000442
0.005130
0.007686
0.006764
0.002624
-0.005144
-0.014870
-0.024210
-0.032586
-0.038902
-0.042096
-0.041712
-0.036440
-0.026618
-0.014674
-0.004244
0.001682
0.003978
0.004444
0.003722
0.002986
0.001834
-0.001526
-0.006850
-0.012800
-0.018292
-0.023106
-0.026862
-0.029168
-0.029434
-0.026722
-0.022112
-0.017104
-0.013532
-0.011144
-0.007094
-0.003322
-0.002562
-0.004470
-0.009152
-0.014260
-0.016726
-0.016710
-0.015884
-0.014738
-0.012498
-0.008566
-0.003680
0.000434
0.003300
0.004028
0.002440
-0.000616
-0.005252
-0.010086
-0.014236
-0.017944
-0.020942
-0.023642
-0.026234
-0.027586
-0.026416
-0.022442
-0.016106
-0.009286
-0.003704
-0.000586
0.000448
-0.000026
-0.003050
-0.007558
-0.013054
-0.019048
-0.024570
-0.028944
-0.030920
-0.030918
-0.028748
-0.023716
-0.016954
-0.009130
-0.000914
0.004752
0.005910
0.002558
-0.004210
-0.010740
-0.014778
-0.016678
-0.017816
-0.020726
-0.024880
-0.027528
-0.026338
-0.020704
-0.012914
-0.005754
0.000162
0.004890
0.009148
0.013268
0.014090
0.010280
0.002886
-0.005450
-0.012124
-0.017174
-0.021490
-0.026032
-0.029750
-0.031226
-0.030750
-0.028860
-0.026486
-0.024388
-0.021996
-0.018764
-0.014866
-0.011184
-0.008626
-0.007350
-0.007472
-0.008814
-0.010404
-0.012494
-0.015012
-0.016768
-0.017388
-0.015874
-0.011902
-0.006540
-0.001098
0.002984
0.005232
0.006144
0.007322
0.008636
0.007644
0.004470
0.000458
-0.003484
-0.006540
-0.008876
-0.011400
-0.015012
-0.018606
-0.021160
-0.022386
-0.022246
-0.022018
-0.021650
-0.020644
-0.019016
-0.016260
-0.011336
-0.004496
0.002474
0.008176
0.011112
0.011384
0.010370
0.008968
0.008522
0.009320
0.010110
0.009878
0.008488
0.005872
0.002608
0.000570
0.001034
0.004632
0.009692
0.014130
0.017128
0.017452
0.015818
0.014438
0.014606
0.015690
0.016790
0.017514
0.017468
0.017222
0.016142
0.012958
0.007930
0.002408
-0.002008
-0.006238
-0.010346
-0.011224
-0.007442
-0.000552
0.006090
0.009698
0.009456
0.007230
0.005190
0.004150
0.004320
0.003530
-0.000396
-0.006766
-0.013006
-0.015548
-0.012302
-0.005464
0.001504
0.005916
0.006248
0.004292
0.002444
0.002188
0.003646
0.004106
0.002362
-0.000322
-0.003012
-0.004002
-0.002208
0.001066
0.004754
0.008218
0.010000
0.009950
0.009482
0.009970
0.011802
0.013232
0.012596
0.010638
0.009048
0.008306
0.007132
0.005416
0.003066
-0.000660
-0.004956
-0.008894
-0.011608
-0.011938
-0.010828
-0.009972
-0.009530
-0.009762
-0.009644
-0.008148
-0.005940
-0.004134
-0.003668
-0.004368
-0.004974
-0.004560
-0.003450
-0.002056
-0.000234
0.001270
0.001732
0.001618
0.000656
-0.000784
-0.001750
-0.001354
0.001036
0.003646
0.004974
0.005170
0.004942
0.006786
0.013618
0.025700
0.040832
0.052428
0.053596
0.043660
0.024324
-0.001050
-0.026364
-0.045526
-0.055808
-0.058394
-0.055568
-0.048962
-0.037998
-0.020972
0.001664
0.026962
0.050408
0.066832
0.073802
0.072746
0.065890
0.055040
0.041818
0.028218
0.016454
0.007258
-0.000052
-0.005972
-0.009804
-0.010668
-0.008224
-0.002730
0.004086
0.010318
0.015644
0.021024
0.026384
0.030386
0.032186
0.031680
0.029028
0.025138
0.020784
0.015476
0.009410
0.003432
-0.001792
-0.005436
-0.006522
-0.005164
-0.002268
0.002094
0.007900
0.014370
0.019992
0.022934
0.022986
0.021430
0.018778
0.015104
0.011408
0.007840
0.004314
0.001680
-0.000822
-0.003196
-0.003436
-0.000882
0.004450
0.011490
0.016994
0.018830
0.017030
0.013382
0.009670
0.005772
0.001464
-0.001800
-0.002622
-0.000614
0.003232
0.006262
0.007366
0.007562
0.008850
0.012420
0.017302
0.021712
0.023658
0.022578
0.018476
0.012482
0.008028
0.006824
0.008260
0.010260
0.010472
0.009494
0.009248
0.011406
0.016644
0.022356
0.026386
0.029352
0.031850
0.033034
0.030888
0.024628
0.016528
0.009692
0.005596
0.003750
0.002890
0.002514
0.002584
0.002824
0.002994
0.003016
0.003738
0.006008
0.008410
0.009546
0.009616
0.008390
0.006110
0.004092
0.002480
0.001374
0.000564
-0.000584
-0.001018
0.000322
0.003152
0.006768
0.010842
0.014624
0.018274
0.022698
0.027738
0.032142
0.034226
0.033006
0.028014
0.020936
0.013658
0.006522
0.000960
-0.001736
-0.001064
0.001826
0.003576
0.003414
0.002916
0.003688
0.007768
0.015008
0.022996
0.029460
0.032664
0.032140
0.029808
0.027898
0.027724
0.029086
0.029278
0.026602
0.021556
0.015772
0.011394
0.008610
0.007050
0.006754
0.007008
0.007492
0.008210
0.008488
0.007958
0.008266
0.009694
0.010746
0.011758
0.012792
0.013422
0.013380
0.012018
0.009482
0.006380
0.003970
0.003296
0.004082
0.006598
0.011278
0.017284
0.022500
0.025260
0.024628
0.020268
0.014202
0.008526
0.005040
0.005018
0.007096
0.009176
0.010988
0.012958
0.014494
0.015250
0.015922
0.017208
0.019746
0.023412
0.026340
0.026634
0.023710
0.018364
0.012868
0.008414
0.005736
0.005430
0.006348
0.008582
0.011188
0.012540
0.012746
0.012154
0.012724
0.015928
0.019812
0.021486
0.020412
0.017832
0.014986
0.013194
0.012998
0.014024
0.015356
0.016418
0.017024
0.017162
0.018758
0.021996
0.025106
0.027884
0.029392
0.029894
0.031020
0.032644
0.034822
0.037120
0.039424
0.041380
0.041070
0.038442
0.034674
0.030412
0.026898
0.024732
0.023214
0.022716
0.022542
0.021534
0.019862
0.017504
0.015396
0.013826
0.012226
0.010458
0.008014
0.005612
0.004520
0.004108
0.004002
0.004336
0.004966
0.006322
0.008418
0.009954
0.010234
0.009294
0.006816
0.005002
0.004872
0.005998
0.009488
0.014500
0.019928
0.026146
0.032950
0.038852
0.043074
0.045444
0.045012
0.041594
0.035274
0.026710
0.018812
0.013160
0.009308
0.006514
0.004154
0.003680
0.005786
0.009080
0.012158
0.013970
0.014576
0.014870
0.015472
0.016666
0.018542
0.019848
0.019894
0.019582
0.019624
0.020792
0.022538
0.023378
0.023146
0.022292
0.021090
0.020540
0.020348
0.019906
0.019048
0.016262
0.012112
0.008552
0.007552
0.009090
0.011034
0.013048
0.014558
0.015404
0.016682
0.018028
0.018968
0.018486
0.015858
0.012246
0.008112
0.004982
0.003648
0.003168
0.003330
0.003674
0.004904
0.007184
0.010006
0.012920
0.014562
0.015634
0.016756
0.016922
0.015876
0.012518
0.006676
0.000556
-0.004038
-0.005318
-0.003214
0.000142
0.003436
0.005748
0.007150
0.008558
0.010476
0.013048
0.015478
0.017116
0.017712
0.018026
0.018910
0.019874
0.020818
0.020538
0.018468
0.015100
0.010510
0.005204
-0.000258
-0.004830
-0.008006
-0.010014
-0.010974
-0.010794
-0.009606
-0.007564
-0.004910
-0.002582
-0.001742
-0.002144
-0.003376
-0.004388
-0.003908
-0.002716
-0.001674
-0.001970
-0.003594
-0.004782
-0.004644
-0.003752
-0.003392
-0.003964
-0.005258
-0.006192
-0.005834
-0.004646
-0.002794
-0.001240
-0.000908
-0.000848
-0.000408
0.000314
0.001134
0.001104
-0.001322
-0.006206
-0.012670
-0.018796
-0.022510
-0.023938
-0.023512
-0.021594
-0.018936
-0.015936
-0.011834
-0.006306
-0.000188
0.005262
0.008306
0.009272
0.009624
0.009778
0.009154
0.006496
0.001632
-0.004016
-0.008856
-0.012466
-0.014920
-0.016514
-0.017640
-0.018014
-0.017398
-0.016284
-0.015350
-0.014848
-0.014418
-0.013256
-0.010392
-0.005992
-0.002552
-0.001930
-0.003354
-0.005096
-0.006090
-0.007114
-0.009942
-0.014516
-0.018562
-0.020284
-0.019598
-0.017994
-0.017360
-0.018108
-0.019214
-0.019490
-0.018682
-0.017522
-0.017148
-0.018168
-0.019592
-0.019792
-0.018490
-0.016058
-0.013348
-0.010814
-0.008478
-0.007636
-0.008366
-0.009946
-0.011916
-0.014194
-0.017208
-0.020898
-0.024934
-0.027604
-0.027074
-0.023842
-0.019972
-0.017540
-0.016700
-0.016522
-0.016434
-0.015262
-0.013200
-0.011384
-0.010524
-0.011440
-0.013518
-0.015140
-0.015202
-0.013834
-0.012154
-0.011016
-0.010822
-0.011016
-0.010122
-0.007544
-0.004210
-0.001918
-0.002088
-0.004796
-0.008618
-0.011230
-0.012364
-0.013524
-0.014566
-0.014742
-0.014448
-0.013932
-0.013266
-0.012806
-0.012594
-0.012498
-0.012272
-0.012080
-0.011936
-0.011768
-0.011876
-0.011812
-0.011290
-0.010482
-0.010008
-0.010044
-0.009296
-0.007364
-0.005166
-0.003966
-0.004408
-0.006046
-0.008224
-0.009934
-0.010964
-0.012110
-0.013662
-0.015064
-0.015516
-0.014670
-0.013168
-0.011562
-0.010248
-0.010216
-0.011222
-0.012620
-0.013532
-0.013204
-0.012502
-0.012572
-0.013598
-0.014816
-0.016042
-0.016502
-0.015468
-0.013266
-0.010684
-0.009632
-0.010416
-0.011962
-0.012550
-0.011482
-0.010594
-0.010442
-0.011018
-0.012288
-0.013330
-0.014102
-0.015482
-0.017676
-0.020204
-0.022476
-0.024308
-0.025518
-0.025022
-0.023818
-0.023652
-0.023786
-0.024034
-0.023786
-0.021720
-0.018920
-0.017042
-0.016984
-0.018732
-0.021054
-0.023214
-0.025362
-0.026574
-0.027214
-0.028266
-0.028908
-0.028336
-0.025792
-0.021540
-0.016520
-0.012226
-0.009892
-0.009812
-0.011816
-0.015140
-0.018998
-0.021868
-0.023476
-0.024838
-0.026118
-0.027394
-0.028422
-0.028078
-0.026106
-0.022706
-0.018514
-0.015370
-0.013488
-0.012168
-0.011214
-0.010368
-0.009900
-0.010418
-0.012444
-0.015406
-0.017890
-0.019372
-0.020378
-0.021224
-0.021950
-0.022670
-0.023202
-0.023404
-0.023804
-0.024592
-0.025034
-0.025594
-0.026706
-0.027840
-0.028820
-0.029538
-0.029950
-0.030152
-0.030888
-0.031474
-0.030514
-0.028426
-0.026034
-0.024264
-0.023762
-0.023716
-0.023566
-0.023216
-0.023062
-0.024442
-0.027076
-0.030310
-0.033584
-0.036262
-0.037554
-0.037006
-0.035446
-0.033260
-0.030642
-0.027222
-0.022908
-0.019378
-0.017694
-0.016848
-0.016098
-0.015828
-0.015530
-0.014460
-0.013368
-0.012440
-0.012228
-0.013292
-0.015114
-0.017818
-0.020838
-0.024044
-0.027210
-0.029572
-0.030494
-0.029302
-0.026150
-0.021620
-0.016192
-0.009898
-0.003694
0.001338
0.004096
0.003986
0.001694
-0.002026
-0.006194
-0.010686
-0.015714
-0.020308
-0.023630
-0.025622
-0.026546
-0.027754
-0.028642
-0.027634
-0.024706
-0.019678
-0.013842
-0.009340
-0.006948
-0.006510
-0.008220
-0.010886
-0.012500
-0.013002
-0.012386
-0.011176
-0.010342
-0.009166
-0.007198
-0.004820
-0.002352
-0.001514
-0.003476
-0.007316
-0.011282
-0.013370
-0.013376
-0.012874
-0.014328
-0.018326
-0.022804
-0.025312
-0.024646
-0.021760
-0.018010
-0.014890
-0.012530
-0.010420
-0.008156
-0.004720
-0.001292
0.000468
0.000082
-0.002142
-0.004372
-0.004860
-0.003966
-0.002744
-0.002158
-0.003582
-0.006012
-0.007684
-0.007752
-0.005916
-0.003404
-0.001704
-0.001116
-0.001400
-0.002444
-0.003186
-0.003178
-0.002750
-0.002388
-0.002402
-0.003282
-0.005704
-0.009430
-0.013412
-0.015414
-0.014492
-0.011584
-0.007960
-0.005598
-0.005446
-0.006208
-0.006298
-0.005082
-0.002726
-0.000694
-0.000632
-0.001720
-0.002204
-0.001338
0.000888
0.003832
0.006740
0.008784
0.009658
0.009618
0.009028
0.007834
0.005556
0.002942
0.000778
-0.000774
-0.001632
-0.002344
-0.002458
-0.001546
-0.000452
0.000398
0.000926
0.001630
0.002780
0.004234
0.006144
0.007908
0.008356
0.007772
0.007362
0.007074
0.007000
0.007530
0.008222
0.008732
0.008862
0.008824
0.008784
0.007986
0.006846
0.005922
0.005178
0.004908
0.004754
0.004458
0.004470
0.004834
0.005050
0.005368
0.005508
0.005088
0.004900
0.004950
0.004682
0.003884
0.002660
0.001486
0.000670
-0.000080
-0.000458
0.000348
0.002604
0.006014
0.009114
0.010740
0.011292
0.011526
0.011988
0.012512
0.012630
0.012436
0.011732
0.010728
0.010302
0.010742
0.011490
0.012084
0.012342
0.012530
0.013274
0.014120
0.014224
0.013220
0.011710
0.010246
0.008790
0.007222
0.004434
0.000634
-0.002378
-0.004132
-0.004638
-0.003746
-0.002190
-0.000428
0.001656
0.003634
0.005194
0.006424
0.007368
0.007572
0.006634
0.004584
0.001176
-0.003216
-0.007216
-0.009898
-0.010784
-0.009668
-0.007168
-0.003982
-0.000484
0.002750
0.005792
0.009080
0.012036
0.014418
0.015942
0.016640
0.017216
0.017590
0.017464
0.016626
0.015548
0.014582
0.013716
0.013172
0.012792
0.012168
0.011168
0.010244
0.009668
0.009740
0.010484
0.011262
0.011726
0.011704
0.011408
0.011254
0.011810
0.013650
0.016044
0.017580
0.017874
0.017202
0.016278
0.016208
0.017160
0.018034
0.018200
0.017694
0.016456
0.014842
0.013214
0.011714
0.009994
0.008338
0.006764
0.004930
0.003988
0.003790
0.003846
0.004610
0.005382
0.006138
0.007734
0.009792
0.012240
0.014684
0.015944
0.016138
0.015920
0.016184
0.017022
0.017662
0.017576
0.016528
0.015084
0.013754
0.012576
0.011316
0.010392
0.010266
0.010896
0.012508
0.014234
0.014654
0.012960
0.009612
0.006248
0.004046
0.002878
0.002134
0.001786
0.001628
0.001758
0.002514
0.004432
0.007516
0.010994
0.014110
0.016146
0.017924
0.020076
0.021896
0.022856
0.022884
0.022350
0.021378
0.019868
0.017696
0.014846
0.012300
0.010240
0.008618
0.008068
0.008296
0.009228
0.011156
0.013872
0.016848
0.019666
0.021924
0.023550
0.024918
0.025998
0.026304
0.025258
0.022588
0.018956
0.015700
0.013822
0.012938
0.012204
0.011230
0.009328
0.007216
0.005972
0.005782
0.006942
0.008398
0.009234
0.009768
0.010086
0.009712
0.009374
0.009164
0.008458
0.007976
0.007064
0.005114
0.003588
0.003216
0.003350
0.003266
0.002548
0.001810
0.001606
0.001964
0.003290
0.005406
0.007858
0.010676
0.013234
0.015110
0.016402
0.017582
0.018602
0.019288
0.020192
0.020894
0.021034
0.021056
0.020896
0.020726
0.020474
0.019380
0.018316
0.018208
0.017946
0.016032
0.011874
0.005532
-0.000858
-0.003496
-0.001916
0.001772
0.005546
0.007432
0.008352
0.009994
0.012294
0.013964
0.014278
0.013594
0.012188
0.011474
0.011270
0.010466
0.009290
0.008000
0.007764
0.009340
0.012020
0.014596
0.015464
0.015036
0.015056
0.015834
0.016722
0.017280
0.017200
0.016262
0.014676
0.012656
0.011162
0.010378
0.010178
0.011452
0.013326
0.014830
0.016292
0.018048
0.019806
0.020396
0.019660
0.017460
0.013432
0.008932
0.005260
0.002368
0.000812
0.000628
0.000558
0.000592
0.001500
0.002726
0.003408
0.004050
0.004850
0.005744
0.006904
0.007564
0.006800
0.004754
0.002364
0.000448
-0.000260
0.000542
0.001530
0.001892
0.002456
0.003984
0.006912
0.010014
0.011830
0.012162
0.010856
0.009448
0.009258
0.009490
0.009882
0.009780
0.008332
0.006208
0.003940
0.002604
0.002820
0.003532
0.004270
0.004372
0.004250
0.004990
0.007020
0.009840
0.011284
0.011076
0.009420
0.006524
0.004078
0.002998
0.003444
0.004962
0.006310
0.006230
0.005642
0.005514
0.004974
0.004300
0.003644
0.002510
0.001172
-0.000688
-0.002556
-0.002806
-0.001586
-0.000544
0.000180
0.001290
0.002296
0.003382
0.004472
0.004998
0.005008
0.005174
0.005338
0.005030
0.004824
0.004176
0.002898
0.001438
0.000094
-0.001086
-0.002066
-0.002432
-0.001794
-0.000114
0.002300
0.005288
0.007838
0.009520
0.010566
0.010918
0.010894
0.010964
0.010692
0.010310
0.010668
0.010730
0.010680
0.010908
0.011246
0.011630
0.011450
0.011256
0.011128
0.010696
0.009676
0.007268
0.004194
0.002256
0.002118
0.002902
0.003190
0.002970
0.002816
0.003164
0.004266
0.005662
0.006596
0.006340
0.004518
0.002342
0.000842
0.000284
0.001094
0.002516
0.003008
0.002668
0.003050
0.004002
0.005904
0.008532
0.009892
0.009498
0.007214
0.004096
0.002618
0.002520
0.002310
0.001704
0.000278
-0.002092
-0.003808
-0.003458
-0.001892
0.000508
0.002766
0.004378
0.006514
0.008232
0.009114
0.009218
0.007590
0.004544
0.001072
-0.001198
-0.001666
-0.000564
0.001446
0.002622
0.002568
0.002502
0.003548
0.006004
0.009214
0.011042
0.010732
0.009074
0.006888
0.005384
0.004806
0.003838
0.002294
0.000842
-0.000712
-0.001826
-0.002214
-0.001608
-0.000830
-0.000686
-0.000694
-0.001310
-0.001898
-0.002226
-0.003216
-0.004620
-0.006502
-0.008514
-0.009204
-0.008458
-0.007732
-0.006804
-0.005200
-0.003534
-0.001482
0.000310
0.001422
0.002444
0.003120
0.003242
0.002596
0.001242
-0.000014
-0.001448
-0.002912
-0.004038
-0.005334
-0.006226
-0.006664
-0.006218
-0.004962
-0.004736
-0.005344
-0.006588
-0.008222
-0.008118
-0.006612
-0.005294
-0.004708
-0.005856
-0.008230
-0.010060
-0.009766
-0.006312
-0.000386
0.006368
0.011952
0.014614
0.013374
0.008316
0.000710
-0.008640
-0.018192
-0.025292
-0.028056
-0.027124
-0.024876
-0.022704
-0.021494
-0.020220
-0.017258
-0.011776
-0.005000
0.000312
0.003162
0.002728
0.000556
-0.001282
-0.003316
-0.006578
-0.011192
-0.016488
-0.021830
-0.025440
-0.026574
-0.026072
-0.024122
-0.022202
-0.021316
-0.020780
-0.020350
-0.019212
-0.017136
-0.014866
-0.013444
-0.013200
-0.013090
-0.012676
-0.011892
-0.010990
-0.011010
-0.012438
-0.014342
-0.015928
-0.016722
-0.016356
-0.015338
-0.014626
-0.014866
-0.015930
-0.017522
-0.018424
-0.017812
-0.016576
-0.015660
-0.015296
-0.015222
-0.014712
-0.013144
-0.010866
-0.008966
-0.008298
-0.008806
-0.010272
-0.012410
-0.014762
-0.016436
-0.016766
-0.016876
-0.018006
-0.019778
-0.021078
-0.020716
-0.018630
-0.015946
-0.014152
-0.013906
-0.013868
-0.012676
-0.010358
-0.007874
-0.006652
-0.007206
-0.007932
-0.007588
-0.006432
-0.005854
-0.007454
-0.010532
-0.013480
-0.015042
-0.014868
-0.014416
-0.014976
-0.015686
-0.015018
-0.012312
-0.008268
-0.005110
-0.003848
-0.003702
-0.003778
-0.003464
-0.002914
-0.002728
-0.003314
-0.004612
-0.006390
-0.008008
-0.008496
-0.007952
-0.007192
-0.006680
-0.006746
-0.007226
-0.007380
-0.007058
-0.006990
-0.008280
-0.010832
-0.013190
-0.014258
-0.013774
-0.012474
-0.011610
-0.011218
-0.010290
-0.008746
-0.007366
-0.006536
-0.006360
-0.006386
-0.005400
-0.003778
-0.002596
-0.002418
-0.003518
-0.004486
-0.004610
-0.004202
-0.003604
-0.003418
-0.003134
-0.002278
-0.001482
-0.001378
-0.002484
-0.004280
-0.005470
-0.005922
-0.005700
-0.004796
-0.003632
-0.002016
0.000416
0.003454
0.006642
0.009010
0.009328
0.007686
0.005150
0.002620
0.000700
-0.001318
-0.004470
-0.008508
-0.012522
-0.014878
-0.014128
-0.010516
-0.005808
-0.002374
-0.000606
0.001016
0.003256
0.006164
0.008576
0.008264
0.005076
0.000524
-0.003292
-0.005138
-0.006018
-0.007162
-0.009086
-0.011150
-0.012248
-0.011648
-0.009232
-0.006180
-0.004288
-0.004480
-0.006328
-0.008448
-0.009076
-0.007680
-0.005252
-0.002902
-0.001346
-0.000652
-0.000688
-0.001066
-0.001144
-0.000652
0.000272
0.000484
-0.000540
-0.001994
-0.002714
-0.001818
0.000548
0.003656
0.006210
0.007506
0.007848
0.007396
0.006732
0.006658
0.007066
0.007284
0.007110
0.006436
0.005062
0.003534
0.002394
0.001944
0.002220
0.002970
0.004048
0.005434
0.007122
0.008410
0.008612
0.007934
0.006758
0.005418
0.004124
0.002488
0.000240
-0.002076
-0.003834
-0.004576
-0.004222
-0.003128
-0.001842
-0.001080
-0.000766
-0.000180
0.001154
0.003376
0.005844
0.007400
0.007462
0.006326
0.004908
0.003788
0.003064
0.003328
0.004314
0.004904
0.004522
0.003134
0.001892
0.001978
0.003310
0.004482
0.004120
0.002410
0.000518
-0.000292
-0.000160
-0.000460
-0.001834
-0.003938
-0.005624
-0.005682
-0.004102
-0.002044
-0.000620
0.000190
0.000774
0.001472
0.002174
0.002414
0.002380
0.001984
0.001098
-0.000170
-0.001586
-0.002144
-0.001484
-0.000254
0.000684
0.000796
0.000100
-0.001050
-0.002296
-0.003530
-0.004804
-0.006318
-0.007560
-0.007874
-0.007538
-0.006774
-0.005778
-0.004560
-0.002870
-0.000714
0.001878
0.004034
0.004832
0.004350
0.002662
-0.000102
-0.003324
-0.006264
-0.008004
-0.008496
-0.008410
-0.008054
-0.007436
-0.005798
-0.003354
-0.001538
-0.001032
-0.001834
-0.003306
-0.004848
-0.006574
-0.008662
-0.010796
-0.011806
-0.010798
-0.007744
-0.003538
0.000554
0.004380
0.008022
0.010600
0.010644
0.007274
0.001152
-0.005268
-0.009544
-0.011494
-0.012874
-0.015634
-0.019948
-0.023488
-0.023520
-0.019432
-0.013102
-0.007128
-0.003220
-0.001640
-0.000998
0.000274
0.002680
0.005374
0.006184
0.003468
-0.002648
-0.010130
-0.015698
-0.017580
-0.016596
-0.014556
-0.012890
-0.011606
-0.009712
-0.006692
-0.002328
0.002360
0.005182
0.005684
0.005116
0.004672
0.004686
0.004698
0.004208
0.003212
0.002158
0.001660
0.002140
0.003066
0.003478
0.002300
-0.000558
-0.003610
-0.005540
-0.005608
-0.003644
-0.000590
0.002176
0.003706
0.003764
0.003264
0.003548
0.005138
0.006890
0.007224
0.005410
0.001818
-0.002140
-0.005612
-0.008762
-0.011768
-0.014592
-0.016690
-0.016756
-0.013880
-0.008368
-0.001950
0.003516
0.006916
0.007694
0.006778
0.005388
0.004172
0.002986
0.001046
-0.001256
-0.003186
-0.004550
-0.004990
-0.004166
-0.002086
0.000320
0.001436
-0.000102
-0.004744
-0.011330
-0.017344
-0.020096
-0.018320
-0.013738
-0.009744
-0.007972
-0.007528
-0.006076
-0.002078
0.003162
0.007706
0.010734
0.012032
0.011866
0.010326
0.007452
0.003302
-0.001542
-0.005434
-0.007386
-0.008484
-0.010494
-0.014098
-0.018444
-0.021406
-0.021522
-0.019358
-0.015966
-0.011826
-0.007456
-0.003304
0.000126
0.002362
0.003240
0.002390
-0.000594
-0.005356
-0.010350
-0.013848
-0.015192
-0.014712
-0.012940
-0.010264
-0.006836
-0.003094
0.000530
0.003652
0.005688
0.006974
0.007242
0.005442
0.001464
-0.004310
-0.010570
-0.015490
-0.017986
-0.018342
-0.017720
-0.016962
-0.015940
-0.013824
-0.009986
-0.004726
0.000208
0.003548
0.005762
0.007614
0.008908
0.008324
0.004722
-0.000724
-0.004872
-0.005806
-0.004266
-0.002542
-0.002038
-0.002334
-0.002098
-0.000352
0.002180
0.004472
0.005304
0.002812
-0.002920
-0.009906
-0.015420
-0.016780
-0.013154
-0.006424
0.000614
0.006222
0.010122
0.012540
0.013572
0.013602
0.013020
0.011886
0.009092
0.003470
-0.004488
-0.011950
-0.015366
-0.013872
-0.009710
-0.006254
-0.005186
-0.004862
-0.002418
0.003550
0.012364
0.020550
0.024290
0.022598
0.017476
0.011944
0.007250
0.003754
0.001956
0.001738
0.002378
0.002938
0.003084
0.002922
0.003134
0.004314
0.005424
0.005780
0.005116
0.003550
0.002940
0.004358
0.006988
0.009554
0.011510
0.013320
0.015888
0.018834
0.021396
0.023272
0.022974
0.020476
0.017202
0.013742
0.010118
0.006392
0.003328
0.001334
0.000374
0.000054
0.000106
0.001300
0.003908
0.007436
0.010946
0.013626
0.015368
0.016308
0.017258
0.018594
0.020098
0.021424
0.021870
0.021670
0.021406
0.021582
0.022328
0.022924
0.023188
0.022752
0.021728
0.020784
0.019422
0.017304
0.014380
0.011312
0.009364
0.009156
0.010828
0.013190
0.014930
0.015914
0.016708
0.017828
0.018892
0.019202
0.018488
0.017462
0.017158
0.017854
0.018838
0.019168
0.018130
0.015694
0.012966
0.010718
0.008946
0.007644
0.007180
0.007742
0.009056
0.010936
0.012876
0.014286
0.014248
0.012334
0.009870
0.008798
0.009668
0.011730
0.013998
0.014900
0.014146
0.012748
0.011056
0.009664
0.008550
0.006688
0.004334
0.001510
-0.001032
-0.001124
0.000840
0.003068
0.004436
0.004520
0.004116
0.005380
0.009164
0.013546
0.016790
0.017376
0.014870
0.010678
0.006734
0.004684
0.003692
0.002026
-0.000820
-0.004004
-0.005304
-0.003786
-0.000872
0.002048
0.003744
0.004240
0.004676
0.004990
0.005800
0.007402
0.009370
0.011464
0.012504
0.013020
0.013620
0.013690
0.013468
0.012890
0.011988
0.011476
0.011838
0.012554
0.012680
0.012386
0.012192
0.013040
0.014754
0.015874
0.016282
0.016106
0.015930
0.015798
0.015884
0.016548
0.016710
0.016124
0.015402
0.014548
0.013462
0.012374
0.011782
0.011706
0.011608
0.011484
0.010886
0.009674
0.008408
0.007546
0.007460
0.008170
0.008916
0.009106
0.009190
0.009488
0.009898
0.010128
0.009966
0.009848
0.010228
0.011046
0.012332
0.013438
0.014046
0.014202
0.013166
0.011290
0.009514
0.008810
0.009742
0.011642
0.013200
0.013012
0.011354
0.009658
0.008842
0.008914
0.008994
0.008398
0.006872
0.004116
0.001640
0.001224
0.002700
0.005184
0.006560
0.006246
0.005836
0.006470
0.008196
0.009774
0.010480
0.010418
0.009896
0.009078
0.007676
0.006008
0.003968
0.001554
0.000012
-0.000198
0.001102
0.003718
0.006232
0.007946
0.009770
0.012056
0.014270
0.015770
0.015588
0.013980
0.011772
0.009040
0.006022
0.003252
0.001234
0.000018
-0.000490
-0.000234
-0.000020
0.000164
0.000726
0.001094
0.001774
0.002864
0.003870
0.004548
0.004614
0.004270
0.003104
0.001536
0.000344
-0.000454
-0.000610
-0.000832
-0.001704
-0.003388
-0.005838
-0.007510
-0.007748
-0.007224
-0.006214
-0.004734
-0.002654
-0.000294
0.002044
0.004342
0.006236
0.007478
0.008020
0.008010
0.007468
0.006288
0.004732
0.002996
0.001352
0.000260
-0.000424
-0.000650
-0.000266
-0.000158
-0.000760
-0.001758
-0.002834
-0.003306
-0.002824
-0.002504
-0.003086
-0.004054
-0.004814
-0.004680
-0.003800
-0.003422
-0.004150
-0.005704
-0.007752
-0.009692
-0.010924
-0.011138
-0.010732
-0.009886
-0.008424
-0.007238
-0.006850
-0.007022
-0.007312
-0.006878
-0.005822
-0.005276
-0.006206
-0.008852
-0.012112
-0.014676
-0.016026
-0.015896
-0.014914
-0.013910
-0.012796
-0.011252
-0.008692
-0.005308
-0.002526
-0.001374
-0.001224
-0.001622
-0.002762
-0.004248
-0.005874
-0.007120
-0.007378
-0.007200
-0.007796
-0.009314
-0.011220
-0.012192
-0.011512
-0.010004
-0.008224
-0.007068
-0.006850
-0.006810
-0.006706
-0.006814
-0.007004
-0.006998
-0.006780
-0.006572
-0.006962
-0.007962
-0.008948
-0.009122
-0.008710
-0.008794
-0.009186
-0.009630
-0.010096
-0.010482
-0.010672
-0.010746
-0.011068
-0.011178
-0.010938
-0.010794
-0.010642
-0.010248
-0.009842
-0.009392
-0.008604
-0.007696
-0.007204
-0.007134
-0.007004
-0.006766
-0.006572
-0.006474
-0.006540
-0.006656
-0.006624
-0.006288
-0.005336
-0.003466
-0.001442
-0.000314
-0.000374
-0.001078
-0.001524
-0.001878
-0.002472
-0.003224
-0.004232
-0.005110
-0.005266
-0.004904
-0.004164
-0.002972
-0.001720
-0.000432
0.001178
0.002916
0.004136
0.003998
0.002410
0.000260
-0.001914
-0.003638
-0.004816
-0.005896
-0.006650
-0.006444
-0.005212
-0.003552
-0.002146
-0.001620
-0.002020
-0.003338
-0.005658
-0.008262
-0.010344
-0.012142
-0.013898
-0.015336
-0.016544
-0.017120
-0.016858
-0.016124
-0.014954
-0.013872
-0.013424
-0.013390
-0.013522
-0.013692
-0.013494
-0.013048
-0.012630
-0.012106
-0.011334
-0.010544
-0.010510
-0.011668
-0.013688
-0.015682
-0.016588
-0.015872
-0.014210
-0.012624
-0.011052
-0.009232
-0.007096
-0.004420
-0.001830
-0.000430
-0.000590
-0.001830
-0.003974
-0.006246
-0.007446
-0.007904
-0.008010
-0.007944
-0.008446
-0.009036
-0.008446
-0.007060
-0.005978
-0.006254
-0.008062
-0.009714
-0.009662
-0.007882
-0.006042
-0.006086
-0.007746
-0.009300
-0.010004
-0.009792
-0.008686
-0.006954
-0.005352
-0.004464
-0.004164
-0.003968
-0.003506
-0.003116
-0.002972
-0.003244
-0.004020
-0.004618
-0.004580
-0.003822
-0.002340
-0.000886
-0.000234
0.000036
0.000078
-0.000262
-0.000508
-0.000776
-0.001458
-0.002502
-0.004066
-0.005528
-0.006028
-0.006162
-0.006186
-0.005796
-0.005266
-0.004660
-0.004052
-0.003706
-0.003566
-0.003410
-0.003386
-0.003554
-0.003866
-0.004618
-0.005898
-0.007200
-0.007708
-0.007150
-0.006194
-0.005378
-0.004908
-0.004848
-0.004794
-0.004358
-0.003372
-0.001940
-0.000832
-0.000936
-0.002010
-0.003254
-0.004424
-0.005508
-0.006346
-0.007322
-0.008452
-0.008774
-0.008032
-0.006430
-0.004500
-0.003164
-0.002464
-0.001578
-0.000112
0.001154
0.001552
0.001112
-0.000412
-0.002692
-0.004826
-0.006316
-0.006642
-0.005722
-0.004228
-0.003048
-0.002652
-0.002516
-0.002290
-0.002214
-0.002378
-0.002742
-0.002740
-0.002042
-0.001028
-0.000174
-0.000030
-0.000464
-0.001456
-0.003098
-0.004798
-0.006078
-0.006508
-0.006128
-0.005392
-0.004676
-0.004368
-0.004610
-0.005204
-0.005930
-0.006490
-0.006848
-0.006810
-0.006334
-0.005880
-0.005280
-0.004226
-0.002370
0.000092
0.002570
0.004690
0.005746
0.005680
0.005102
0.004392
0.003750
0.003138
0.002420
0.001486
0.000528
-0.000062
-0.000372
-0.000602
-0.000948
-0.001204
-0.001144
-0.001092
-0.001140
-0.001370
-0.001830
-0.002536
-0.003424
-0.004492
-0.005472
-0.006108
-0.006728
-0.006988
-0.006584
-0.005552
-0.003894
-0.002172
-0.000952
-0.000506
-0.000702
-0.001454
-0.002740
-0.003970
-0.004970
-0.005662
-0.005682
-0.005122
-0.003676
-0.001582
0.000574
0.002804
0.004440
0.005204
0.005264
0.004814
0.004158
0.003302
0.001770
-0.000938
-0.004080
-0.006462
-0.007756
-0.007972
-0.007228
-0.005850
-0.003968
-0.001768
0.000196
0.001150
0.000786
-0.000828
-0.003508
-0.005954
-0.007280
-0.008238
-0.008832
-0.008914
-0.008576
-0.007174
-0.004822
-0.002480
-0.001182
-0.000960
-0.001264
-0.001778
-0.001796
-0.001524
-0.001710
-0.002410
-0.003754
-0.005308
-0.006618
-0.007256
-0.006372
-0.003972
-0.001016
0.001568
0.003436
0.004770
0.006410
0.008476
0.010014
0.010802
0.010824
0.009496
0.007366
0.005448
0.003774
0.002176
0.000294
-0.001724
-0.002970
-0.003198
-0.002734
-0.002084
-0.001964
-0.002602
-0.003454
-0.003870
-0.003554
-0.002742
-0.002316
-0.002726
-0.003334
-0.003512
-0.003608
-0.004312
-0.005942
-0.008262
-0.010334
-0.011642
-0.011994
-0.011616
-0.011546
-0.011670
-0.011370
-0.010268
-0.007652
-0.004098
-0.001352
-0.000322
-0.001054
-0.002884
-0.004536
-0.004908
-0.003758
-0.002150
-0.001062
-0.000702
-0.000258
0.001404
0.004030
0.006606
0.008336
0.008302
0.006282
0.003704
0.001950
0.001446
0.001876
0.001936
0.000360
-0.002652
-0.005182
-0.005224
-0.002398
0.001428
0.003940
0.004774
0.004158
0.002460
0.000598
-0.000824
-0.001598
-0.001818
-0.001774
-0.001806
-0.001718
-0.001074
0.000270
0.001648
0.002260
0.002186
0.002066
0.002230
0.002498
0.002912
0.003464
0.004420
0.005670
0.006320
0.006020
0.005288
0.004752
0.004456
0.004402
0.004756
0.005232
0.005352
0.005124
0.004524
0.003330
0.001846
0.000756
0.000136
-0.000782
-0.002052
-0.003194
-0.004016
-0.004416
-0.004736
-0.004734
-0.003782
-0.001866
0.000110
0.000852
0.000258
-0.000778
-0.001290
-0.001034
-0.000512
-0.000518
-0.001082
-0.001264
-0.000658
0.000798
0.002800
0.004688
0.006162
0.006992
0.007298
0.007514
0.007848
0.008352
0.008890
0.009040
0.008434
0.007010
0.005018
0.003536
0.003194
0.003478
0.003904
0.004230
0.004472
0.004638
0.004712
0.004908
0.005352
0.005574
0.005030
0.003748
0.001890
-0.000690
-0.003772
-0.006464
-0.008226
-0.008944
-0.008288
-0.006176
-0.003262
-0.000282
0.002210
0.003910
0.004892
0.005116
0.004016
0.001548
-0.001574
-0.004512
-0.006692
-0.007962
-0.007956
-0.007188
-0.006386
-0.005494
-0.004468
-0.003000
-0.000844
0.001850
0.004722
0.006758
0.007144
0.006740
0.006860
0.007792
0.008596
0.008316
0.006820
0.004450
0.002010
0.000276
-0.000290
0.000224
0.001010
0.001286
0.000866
0.000354
0.000844
0.002488
0.004280
0.005052
0.004414
0.003264
0.002680
0.003112
0.004432
0.005886
0.006944
0.007556
0.007876
0.008548
0.009762
0.011010
0.011750
0.011308
0.009352
0.006348
0.003074
0.000010
-0.002318
-0.003492
-0.003640
-0.003170
-0.002412
-0.001182
0.000906
0.003812
0.006712
0.008590
0.009032
0.008236
0.006712
0.004844
0.002892
0.001232
-0.000074
-0.001438
-0.002988
-0.004228
-0.004512
-0.003808
-0.002592
-0.001256
0.000268
0.002488
0.005308
0.008088
0.009972
0.010232
0.009256
0.007650
0.005830
0.004380
0.003164
0.001974
0.001134
0.000868
0.001314
0.002400
0.003742
0.004812
0.005506
0.006188
0.007218
0.008780
0.010364
0.011010
0.010544
0.009564
0.008684
0.008408
0.008830
0.009502
0.009542
0.008676
0.007650
0.006912
0.006658
0.006658
0.006266
0.005580
0.005152
0.005072
0.005170
0.005268
0.005098
0.004730
0.004546
0.004850
0.005352
0.005316
0.004286
0.002606
0.001074
0.000258
0.000436
0.001602
0.003146
0.004232
0.004812
0.005442
0.006248
0.006732
0.006650
0.006388
0.006424
0.006698
0.006680
0.006192
0.005446
0.004510
0.003650
0.003184
0.003088
0.003072
0.002858
0.002392
0.001922
0.001958
0.002802
0.004090
0.004906
0.005032
0.005182
0.005970
0.007182
0.008056
0.008046
0.006748
0.004414
0.002106
0.000728
0.000468
0.000908
0.001502
0.001890
0.001822
0.001478
0.001278
0.001320
0.001698
0.002246
0.002610
0.002748
0.002688
0.002370
0.002074
0.002296
0.003182
0.004576
0.006036
0.006992
0.007094
0.006362
0.005254
0.004426
0.004040
0.003708
0.002754
0.001068
-0.001058
-0.003280
-0.005128
-0.006582
-0.007404
-0.007446
-0.006864
-0.005548
-0.003604
-0.001594
0.000098
0.001408
0.002332
0.003074
0.003788
0.004098
0.003504
0.002130
0.000528
-0.000720
-0.001198
-0.000830
-0.000044
0.000516
0.000586
0.000278
0.000104
0.000424
0.001112
0.001808
0.002056
0.001736
0.001064
0.000518
0.000396
0.000278
-0.000216
-0.000916
-0.001466
-0.001580
-0.001344
-0.000880
-0.000136
0.000854
0.002090
0.003208
0.003908
0.004546
0.005326
0.006162
0.006908
0.007346
0.007466
0.007616
0.008052
0.008486
0.008540
0.008072
0.007120
0.005760
0.003856
0.001454
-0.000732
-0.002022
-0.002660
-0.003102
-0.003490
-0.003884
-0.004272
-0.004364
-0.003694
-0.002500
-0.001370
-0.000514
-0.000310
-0.000886
-0.001894
-0.002872
-0.003250
-0.003260
-0.003444
-0.003908
-0.004276
-0.003986
-0.003078
-0.001922
-0.001002
-0.000776
-0.001364
-0.002090
-0.002142
-0.001700
-0.001508
-0.002076
-0.003152
-0.004208
-0.005006
-0.005448
-0.005668
-0.005764
-0.005672
-0.005170
-0.004242
-0.003432
-0.002910
-0.002482
-0.001954
-0.001532
-0.001816
-0.002758
-0.003750
-0.004436
-0.004998
-0.005396
-0.005426
-0.005138
-0.004492
-0.003692
-0.002902
-0.002036
-0.001148
-0.000368
0.000162
0.000290
0.000196
0.000404
0.000904
0.001086
0.000764
0.000168
-0.000210
-0.000090
0.000038
-0.000030
-0.000046
0.000124
0.000498
0.000918
0.001148
0.001082
0.000876
0.000658
0.000766
0.001168
0.001050
0.000256
-0.000558
-0.000634
0.000236
0.001406
0.002214
0.002414
0.002172
0.002012
0.002416
0.003660
0.005226
0.005976
0.005588
0.004490
0.003028
0.001460
0.000004
-0.000946
-0.001236
-0.001044
-0.000416
0.000488
0.001356
0.001856
0.002166
0.002548
0.002980
0.003464
0.003848
0.003658
0.002750
0.001826
0.001198
0.000584
-0.000354
-0.001654
-0.002722
-0.003140
-0.003002
-0.002428
-0.002118
-0.002750
-0.004042
-0.005328
-0.005990
-0.006290
-0.006714
-0.006858
-0.006546
-0.005764
-0.004422
-0.003196
-0.002202
-0.000904
0.000408
0.001388
0.002110
0.002642
0.002810
0.002348
0.001360
0.000038
-0.001336
-0.002230
-0.002240
-0.001916
-0.001992
-0.002422
-0.003076
-0.003610
-0.003792
-0.003774
-0.003790
-0.003938
-0.004038
-0.003924
-0.003674
-0.003302
-0.002722
-0.002212
-0.002110
-0.002488
-0.003162
-0.003634
-0.003724
-0.003998
-0.004852
-0.006204
-0.007372
-0.007528
-0.006592
-0.004870
-0.003034
-0.001780
-0.001180
-0.000878
-0.000514
0.000128
0.000924
0.001242
0.000666
-0.000352
-0.000958
-0.000796
-0.000486
-0.000882
-0.002112
-0.003912
-0.005572
-0.006216
-0.005700
-0.004184
-0.002588
-0.001918
-0.001974
-0.002578
-0.002934
-0.002442
-0.001714
-0.001100
-0.001058
-0.001168
-0.000764
-0.000280
-0.000064
-0.000410
-0.001420
-0.002432
-0.002606
-0.001966
-0.000922
-0.000114
-0.000226
-0.001110
-0.002388
-0.003958
-0.005338
-0.005556
-0.004654
-0.003242
-0.002260
-0.001668
-0.001964
-0.002378
-0.002946
-0.003542
-0.003646
-0.003622
-0.003948
-0.004612
-0.005492
-0.006624
-0.008188
-0.010306
-0.012118
-0.012130
-0.009986
-0.007128
-0.005894
-0.006774
-0.007978
-0.007854
-0.006266
-0.004530
-0.003656
-0.003362
-0.003068
-0.002710
-0.002330
-0.001720
-0.000766
0.000212
0.000648
0.000402
0.000280
0.000876
0.002196
0.003988
0.005042
0.004470
0.003030
0.002260
0.002984
0.004688
0.005896
0.005920
0.005092
0.003774
0.002900
0.002942
0.003302
0.003302
0.002422
0.000692
-0.001436
-0.003590
-0.005384
-0.006112
-0.005258
-0.003448
-0.001710
-0.000648
-0.000400
-0.000520
-0.000386
0.000198
0.000642
0.000022
-0.001764
-0.003738
-0.004630
-0.004234
-0.003604
-0.003552
-0.004126
-0.004696
-0.004572
-0.003410
-0.001276
0.001020
0.002518
0.002586
0.001188
-0.000492
-0.001028
-0.000406
0.000522
0.000840
-0.000352
-0.002676
-0.004562
-0.005004
-0.004086
-0.002578
-0.001268
-0.000970
-0.001824
-0.002880
-0.003038
-0.001892
-0.000290
0.000296
-0.000358
-0.001206
-0.001208
-0.000214
0.000862
0.001184
0.000612
-0.000290
-0.000944
-0.000906
-0.000274
0.000022
-0.000406
-0.000802
-0.000586
0.000034
0.000704
0.000934
0.000622
0.000132
-0.000698
-0.001642
-0.002068
-0.002182
-0.002632
-0.003896
-0.005644
-0.006782
-0.006912
-0.006548
-0.006046
-0.005676
-0.005184
-0.004284
-0.003506
-0.003128
-0.003008
-0.003270
-0.004094
-0.005454
-0.006744
-0.007406
-0.007644
-0.007418
-0.006706
-0.006040
-0.005660
-0.005234
-0.004832
-0.004432
-0.003814
-0.003162
-0.002582
-0.002480
-0.003072
-0.003882
-0.004614
-0.005290
-0.005876
-0.006120
-0.005806
-0.004882
-0.003072
-0.000760
0.000846
0.001256
0.000812
-0.000024
-0.000792
-0.001380
-0.001774
-0.002172
-0.003160
-0.004212
-0.004282
-0.003472
-0.002336
-0.001538
-0.001244
-0.000764
-0.000060
0.000616
0.001396
0.002132
0.002922
0.004444
0.007856
0.014110
0.021942
0.027458
0.025288
0.010114
-0.017074
-0.045508
-0.062184
-0.059668
-0.039858
-0.013630
0.005798
0.011138
0.006462
0.003420
0.008584
0.019170
0.027908
0.028880
0.024256
0.020866
0.021714
0.023710
0.020280
0.007968
-0.009948
-0.026358
-0.034728
-0.033544
-0.026552
-0.017810
-0.009522
-0.002416
0.004120
0.010946
0.017972
0.022752
0.021366
0.012646
0.000408
-0.008576
-0.010180
-0.006470
-0.002670
-0.002342
-0.005254
-0.008272
-0.008164
-0.003780
0.003202
0.009224
0.011626
0.010198
0.006548
0.002584
-0.000742
-0.003268
-0.005138
-0.006028
-0.005690
-0.004514
-0.002636
-0.000166
0.002770
0.005642
0.007062
0.005836
0.002356
-0.001080
-0.001712
0.001266
0.005620
0.008146
0.007412
0.004680
0.002480
0.003032
0.006532
0.010580
0.012804
0.012294
0.009844
0.007080
0.005238
0.005174
0.006748
0.008354
0.008144
0.005954
0.003454
0.002518
0.003638
0.005682
0.006952
0.006598
0.005488
0.005380
0.007002
0.009108
0.009410
0.006788
0.002606
-0.000262
-0.000264
0.001342
0.002454
0.001838
-0.000378
-0.002974
-0.004592
-0.004366
-0.002346
0.000724
0.004148
0.007618
0.010798
0.013178
0.014324
0.014000
0.012212
0.009246
0.005940
0.003322
0.001864
0.001316
0.000928
0.000316
-0.000154
-0.000034
0.000696
0.001634
0.002326
0.002564
0.002230
0.001050
-0.001332
-0.004332
-0.006262
-0.005704
-0.002220
0.002782
0.006556
0.007214
0.005118
0.002592
0.001936
0.003650
0.006224
0.007754
0.007562
0.006070
0.003984
0.002134
0.000980
0.000258
-0.000232
-0.000366
-0.000368
-0.000752
-0.001502
-0.002092
-0.001878
-0.000478
0.001570
0.003012
0.002900
0.001036
-0.001884
-0.004192
-0.004274
-0.001962
0.001490
0.004226
0.004854
0.003582
0.001646
0.000178
-0.000152
0.000472
0.001290
0.001642
0.001188
0.000364
0.000214
0.001166
0.002314
0.002248
0.000640
-0.001582
-0.002908
-0.002642
-0.001440
-0.000092
0.000656
0.000386
-0.000540
-0.001182
-0.000412
0.001730
0.003944
0.004844
0.003748
0.001388
-0.000916
-0.002206
-0.002248
-0.001772
-0.001542
-0.001524
-0.001100
0.000288
0.002596
0.004904
0.006288
0.006908
0.007174
0.006956
0.005848
0.003650
0.000874
-0.001696
-0.003482
-0.004292
-0.004274
-0.003608
-0.002636
-0.001754
-0.001090
-0.000348
0.001026
0.002974
0.004568
0.004962
0.004012
0.002056
-0.000080
-0.001318
-0.001246
-0.000522
-0.000144
-0.000672
-0.002080
-0.003440
-0.003580
-0.002208
0.000016
0.001888
0.002648
0.002570
0.002378
0.002464
0.002696
0.002522
0.001520
-0.000010
-0.001336
-0.001984
-0.002108
-0.002036
-0.001902
-0.001756
-0.001620
-0.001480
-0.001204
-0.000498
0.000842
0.002590
0.004168
0.004990
0.004854
0.004062
0.003126
0.002450
0.002130
0.001992
0.001814
0.001628
0.001764
0.002356
0.003062
0.003340
0.002992
0.002336
0.001858
0.001838
0.002316
0.003176
0.004142
0.004852
0.005000
0.004570
0.003794
0.002898
0.002078
0.001340
0.000662
0.000194
0.000030
0.000156
0.000560
0.001232
0.002092
0.002930
0.003510
0.003670
0.003352
0.002620
0.001740
0.001080
0.000950
0.001356
0.001846
0.002026
0.001974
0.002004
0.002280
0.002710
0.003100
0.003254
0.003024
0.002390
0.001570
0.000916
0.000600
0.000562
0.000674
0.000848
0.001052
0.001370
0.001882
0.002464
0.002834
0.002706
0.001998
0.000944
-0.000008
-0.000492
-0.000532
-0.000454
-0.000524
-0.000648
-0.000582
-0.000310
0.000014
0.000236
0.000316
0.000298
0.000226
0.000200
0.000222
0.000120
-0.000220
-0.000688
-0.001004
-0.000926
-0.000484
0.000012
0.000334
0.000372
0.000196
-0.000036
-0.000312
-0.000692
-0.001190
-0.001712
-0.002060
-0.002120
-0.001924
-0.001554
-0.001128
-0.000762
-0.000528
-0.000432
-0.000386
-0.000308
-0.000220
-0.000226
-0.000446
-0.000890
-0.001434
-0.001868
-0.002072
-0.002070
-0.001978
-0.001904
-0.001856
-0.001774
-0.001574
-0.001268
-0.000904
-0.000516
-0.000200
-0.000044
-0.000092
-0.000316
-0.000636
-0.000976
-0.001240
-0.001374
-0.001412
-0.001412
-0.001406
-0.001400
-0.001376
-0.001322
-0.001256
-0.001204
-0.001202
-0.001270
-0.001354
-0.001372
-0.001292
-0.001166
-0.001070
-0.001030
-0.001018
-0.001006
-0.000972
-0.000922
-0.000884
-0.000874
-0.000898
-0.000958
-0.001048
-0.001168
-0.001300
-0.001406
-0.001472
-0.001466
-0.001382
-0.001260
-0.001138
-0.001042
-0.000950
-0.000872
-0.000822
-0.000798
-0.000810
-0.000854
-0.000912
-0.000952
-0.000970
-0.000982
-0.000986
-0.000980
-0.000966
-0.000944
-0.000914
-0.000882
-0.000866
-0.000862
-0.000864
-0.000884
-0.000934
-0.001026
-0.001134
-0.001202
-0.001196
-0.001122
-0.001024
-0.000958
-0.000926
-0.000902
-0.000884
-0.000870
-0.000862
-0.000874
-0.000902
-0.000944
-0.000994
-0.001042
-0.001076
-0.001096
-0.001098
-0.001092
-0.001072
-0.001038
-0.001000
-0.000970
-0.000946
-0.000932
-0.000920
-0.000906
-0.000894
-0.000882
-0.000870
-0.000852
-0.000832
-0.000816
-0.000800
-0.000792
-0.000798
-0.000808
-0.000822
-0.000838
-0.000846
-0.000844
-0.000832
-0.000814
-0.000800
-0.000784
-0.000770
-0.000756
-0.000740
-0.000724
-0.000708
-0.000692
-0.000678
-0.000666
-0.000658
-0.000652
-0.000648
-0.000648
-0.000644
-0.000634
-0.000626
-0.000618
-0.000606
-0.000592
-0.000570
-0.000548
-0.000530
-0.000514
-0.000502
-0.000496
-0.000490
-0.000482
-0.000472
-0.000460
-0.000446
-0.000432
-0.000418
-0.000402
-0.000388
-0.000376
-0.000362
-0.000350
-0.000340
-0.000328
-0.000316
-0.000304
-0.000292
-0.000280
-0.000270
-0.000258
-0.000246
-0.000232
-0.000218
-0.000202
-0.000188
-0.000172
-0.000156
-0.000142
-0.000128
-0.000112
-0.000098
-0.000084
-0.000070
-0.000056
-0.000042
-0.000028
-0.000012
0.000002
0.000018
0.000032
0.000048
0.000064
0.000080
0.000096
0.000112
0.000128
0.000142
0.000158
0.000174
0.000190
0.000208
0.000224
0.000240
0.000256
0.000272
0.000290
0.000306
0.000324
0.000340
0.000358
0.000374
0.000392
0.000408
0.000426
0.000444
0.000462
