0.002122
0.002206
0.002300
0.002280
0.002272
0.002290
0.002342
0.002388
0.002380
0.002292
0.002112
0.001866
0.001592
0.001366
0.001294
0.001438
0.001822
0.002428
0.003220
0.004194
0.005342
0.006620
0.007962
0.009296
0.010542
0.011598
0.012196
0.012206
0.011714
0.010504
0.008560
0.006260
0.003574
0.000440
-0.002584
-0.004846
-0.006190
-0.006546
-0.005652
-0.003738
-0.001584
-0.000082
0.000384
0.000254
0.000274
0.001128
0.003028
0.005194
0.006732
0.007434
0.007098
0.005792
0.004408
0.003372
0.002520
0.001856
0.000634
-0.002002
-0.005742
-0.010670
-0.017010
-0.023582
-0.029810
-0.035748
-0.040358
-0.043258
-0.045256
-0.047282
-0.050722
-0.056938
-0.064756
-0.071642
-0.076716
-0.079292
-0.078548
-0.075362
-0.070666
-0.062980
-0.051826
-0.038850
-0.018706
0.015514
0.055558
0.089016
0.116286
0.141904
0.165404
0.183762
0.193054
0.192010
0.182336
0.162762
0.130604
0.088774
0.039614
-0.017456
-0.070556
-0.104962
-0.122114
-0.125666
-0.110714
-0.076584
-0.033912
0.003488
0.031082
0.056718
0.087830
0.122586
0.155352
0.182338
0.200718
0.208030
0.203816
0.186608
0.152546
0.103586
0.051388
0.006312
-0.029654
-0.054182
-0.060038
-0.045748
-0.022020
-0.003406
-0.001456
-0.020418
-0.050376
-0.075620
-0.091664
-0.100948
-0.103846
-0.104496
-0.106584
-0.105792
-0.098952
-0.086742
-0.069750
-0.050608
-0.030546
-0.007394
0.022520
0.062602
0.106324
0.136722
0.146130
0.140930
0.122514
0.087182
0.042910
0.007910
-0.008736
-0.014290
-0.019806
-0.030612
-0.046022
-0.063480
-0.079766
-0.093066
-0.104262
-0.113132
-0.118682
-0.118610
-0.113602
-0.109402
-0.108888
-0.115310
-0.128298
-0.135274
-0.131486
-0.128480
-0.134088
-0.144584
-0.150930
-0.146422
-0.129400
-0.100884
-0.064114
-0.023530
0.016502
0.054090
0.089570
0.121634
0.146866
0.163276
0.171066
0.167348
0.151928
0.131570
0.109734
0.084542
0.055524
0.030620
0.013800
-0.001308
-0.014686
-0.024726
-0.033872
-0.042224
-0.049746
-0.053806
-0.047570
-0.031936
-0.017410
-0.008588
-0.001402
0.004010
0.001578
-0.011624
-0.033476
-0.059826
-0.085526
-0.103748
-0.107902
-0.093172
-0.056668
-0.001254
0.068058
0.148602
0.226368
0.276594
0.304550
0.341846
0.389912
0.425788
0.437250
0.416318
0.359742
0.278942
0.182958
0.069956
-0.052282
-0.160476
-0.235660
-0.271532
-0.268144
-0.231744
-0.178012
-0.131382
-0.119764
-0.153210
-0.213026
-0.282454
-0.358404
-0.426802
-0.473080
-0.503074
-0.522796
-0.527404
-0.515884
-0.497058
-0.482222
-0.481718
-0.499106
-0.517862
-0.506938
-0.441154
-0.317438
-0.142792
0.071102
0.273560
0.399416
0.438114
0.420222
0.365972
0.288764
0.216782
0.159316
0.088244
0.002694
-0.068670
-0.126712
-0.183796
-0.233926
-0.268348
-0.276662
-0.232090
-0.118926
0.048128
0.229064
0.412574
0.605714
0.741530
0.775638
0.736544
0.629472
0.452312
0.251626
0.046456
-0.161406
-0.321556
-0.437804
-0.538848
-0.599776
-0.573038
-0.416094
-0.140802
0.180574
0.467874
0.634908
0.633994
0.527792
0.418328
0.370728
0.399832
0.462262
0.491888
0.447878
0.323510
0.148624
-0.021570
-0.141222
-0.189306
-0.180882
-0.151696
-0.110294
-0.035042
0.102514
0.281986
0.429416
0.493670
0.460624
0.366882
0.257570
0.134822
0.025056
-0.065260
-0.188474
-0.333624
-0.445426
-0.513890
-0.549902
-0.558370
-0.540476
-0.492076
-0.405420
-0.284006
-0.150142
-0.038172
0.017502
0.000480
-0.067624
-0.147630
-0.211072
-0.238740
-0.222826
-0.170352
-0.092988
-0.008184
0.059266
0.111352
0.172026
0.242348
0.310982
0.378536
0.439272
0.474032
0.471364
0.427700
0.345694
0.236924
0.117054
0.012114
-0.066094
-0.135782
-0.204606
-0.254312
-0.273694
-0.276520
-0.281236
-0.292444
-0.304390
-0.309670
-0.296578
-0.252850
-0.181608
-0.099756
-0.026292
0.032502
0.083180
0.125320
0.154846
0.171236
0.164952
0.121282
0.038220
-0.066484
-0.165494
-0.249124
-0.316540
-0.357330
-0.371034
-0.357358
-0.307650
-0.228304
-0.145494
-0.084604
-0.038366
0.021848
0.099374
0.169704
0.210032
0.223728
0.236266
0.260234
0.287272
0.300884
0.282210
0.224332
0.137704
0.045104
-0.039454
-0.113760
-0.165294
-0.190706
-0.198672
-0.183978
-0.139802
-0.071652
0.012840
0.091948
0.125098
0.094586
0.017462
-0.091156
-0.216486
-0.311104
-0.332724
-0.294458
-0.221206
-0.117022
0.005170
0.106048
0.144834
0.114252
0.036650
-0.039652
-0.066550
-0.033426
0.059878
0.196880
0.325270
0.397934
0.398200
0.345168
0.271364
0.195196
0.125112
0.066082
0.032614
0.042040
0.082992
0.127434
0.160998
0.165608
0.118406
0.021110
-0.097576
-0.203948
-0.284668
-0.336608
-0.360938
-0.369232
-0.357928
-0.315042
-0.243680
-0.156568
-0.073652
-0.008460
0.042842
0.082186
0.101744
0.095242
0.072950
0.063054
0.086556
0.142094
0.210172
0.262914
0.279570
0.255746
0.205124
0.149746
0.111038
0.109598
0.151808
0.221950
0.285396
0.306030
0.277736
0.219182
0.143134
0.062114
0.005074
-0.013806
-0.017636
-0.026994
-0.035046
-0.035686
-0.034226
-0.032158
-0.034576
-0.050540
-0.075744
-0.100146
-0.114486
-0.107442
-0.083186
-0.060688
-0.047892
-0.048472
-0.073852
-0.122796
-0.177078
-0.218902
-0.237958
-0.227458
-0.184214
-0.118318
-0.047566
0.011652
0.045252
0.055440
0.058506
0.068196
0.091032
0.124102
0.157784
0.175344
0.158948
0.110882
0.050566
-0.009102
-0.064452
-0.110730
-0.142460
-0.152554
-0.134894
-0.095966
-0.049162
-0.005952
0.023834
0.038420
0.046126
0.055604
0.068116
0.080884
0.086878
0.075766
0.045810
0.003198
-0.044868
-0.088734
-0.119144
-0.132668
-0.129280
-0.111416
-0.090092
-0.078334
-0.076870
-0.079526
-0.082158
-0.075562
-0.045228
0.011514
0.077520
0.136500
0.180784
0.199900
0.190904
0.160078
0.112324
0.057106
0.005184
-0.041186
-0.080136
-0.103850
-0.108176
-0.098118
-0.080184
-0.059506
-0.038478
-0.011966
0.028446
0.085212
0.145812
0.195258
0.234408
0.263020
0.268556
0.249432
0.216894
0.175986
0.130770
0.084616
0.039418
0.001506
-0.030792
-0.060120
-0.078922
-0.084972
-0.079704
-0.059790
-0.025974
0.020456
0.074230
0.122850
0.163356
0.194686
0.208402
0.198310
0.166308
0.126902
0.093694
0.064414
0.039210
0.021414
0.004282
-0.013938
-0.028648
-0.038998
-0.046030
-0.051680
-0.058064
-0.064962
-0.071298
-0.078516
-0.083340
-0.077166
-0.060200
-0.041936
-0.029984
-0.025530
-0.029282
-0.040980
-0.057308
-0.075654
-0.090348
-0.100472
-0.110490
-0.116992
-0.116414
-0.110138
-0.098640
-0.081114
-0.053768
-0.019852
0.011092
0.040258
0.070502
0.100232
0.125434
0.144786
0.165970
0.188932
0.206264
0.215958
0.218174
0.214326
0.206020
0.196888
0.192194
0.188160
0.179854
0.170718
0.161148
0.147644
0.130510
0.113532
0.094788
0.067906
0.038866
0.016320
-0.000934
-0.015134
-0.024828
-0.027964
-0.029548
-0.034472
-0.039570
-0.041248
-0.038932
-0.033496
-0.027040
-0.021520
-0.017772
-0.016672
-0.017394
-0.018360
-0.021612
-0.030396
-0.045710
-0.068224
-0.097256
-0.128888
-0.159334
-0.186628
-0.210822
-0.229524
-0.238238
-0.239518
-0.237470
-0.231466
-0.220402
-0.205276
-0.189902
-0.176074
-0.162944
-0.155574
-0.161892
-0.179876
-0.204956
-0.236978
-0.266902
-0.284980
-0.288760
-0.274416
-0.245096
-0.208822
-0.167052
-0.123502
-0.085090
-0.048016
-0.001908
0.049208
0.093068
0.136770
0.194108
0.264930
0.346586
0.427734
0.476692
0.471148
0.429124
0.387088
0.352576
0.308988
0.257050
0.210118
0.174826
0.144914
0.086704
-0.016254
-0.141160
-0.281100
-0.404366
-0.477322
-0.540920
-0.612590
-0.665266
-0.699394
-0.726216
-0.746324
-0.746560
-0.692978
-0.521734
-0.226686
0.050060
0.187124
0.225324
0.244260
0.256246
0.240424
0.199582
0.158774
0.129460
0.106608
0.087260
0.070054
0.053402
0.036000
0.014332
-0.010558
-0.026044
-0.020166
-0.001596
0.011966
0.022644
0.039170
0.063116
0.096924
0.132462
0.161484
0.187644
0.206206
0.204736
0.181710
0.144406
0.101820
0.061716
0.018684
-0.034124
-0.096302
-0.167952
-0.238538
-0.299500
-0.354082
-0.394184
-0.406474
-0.393556
-0.365442
-0.326724
-0.274252
-0.209664
-0.146490
-0.086344
-0.020368
0.049318
0.118320
0.185896
0.246700
0.293806
0.327500
0.351580
0.362964
0.355892
0.339042
0.330766
0.336878
0.351430
0.367340
0.380312
0.386252
0.378768
0.360298
0.339668
0.315344
0.281032
0.237948
0.185198
0.125870
0.076670
0.039984
0.008058
-0.015994
-0.033082
-0.045676
-0.051252
-0.053330
-0.056224
-0.059082
-0.062188
-0.065752
-0.068590
-0.072290
-0.078622
-0.085502
-0.093152
-0.103870
-0.118756
-0.137416
-0.156016
-0.175006
-0.193912
-0.210640
-0.228042
-0.246792
-0.263974
-0.277274
-0.290554
-0.304554
-0.312840
-0.316708
-0.320138
-0.320412
-0.317610
-0.315710
-0.315662
-0.320012
-0.330670
-0.336840
-0.326808
-0.305440
-0.283984
-0.260134
-0.221680
-0.175132
-0.139260
-0.120554
-0.111546
-0.090046
-0.034252
0.058354
0.162384
0.248510
0.330178
0.436764
0.551404
0.627554
0.647380
0.628416
0.575118
0.469524
0.325678
0.197094
0.100996
0.011842
-0.065086
-0.088998
-0.037394
0.048418
0.116662
0.155750
0.162460
0.145272
0.117310
0.081082
0.038332
-0.008544
-0.064056
-0.128278
-0.181466
-0.220232
-0.259414
-0.292932
-0.307718
-0.304942
-0.293596
-0.279188
-0.260782
-0.236482
-0.206530
-0.166554
-0.112122
-0.052226
0.014058
0.104598
0.220586
0.348894
0.477608
0.577504
0.616476
0.600342
0.558642
0.505190
0.427818
0.321244
0.195680
0.054338
-0.088088
-0.194678
-0.224200
-0.158882
-0.042242
0.041706
0.058160
0.047572
0.052844
0.076914
0.096564
0.089932
0.059304
0.018208
-0.021018
-0.047268
-0.061792
-0.072192
-0.079932
-0.081128
-0.073828
-0.062620
-0.051556
-0.039698
-0.027622
-0.017576
-0.007980
-0.000570
0.002800
0.007710
0.015770
0.023986
0.030400
0.033458
0.036306
0.039948
0.038846
0.031994
0.021772
0.010198
0.001460
-0.006828
-0.020302
-0.036530
-0.054122
-0.072522
-0.088652
-0.103340
-0.114942
-0.119576
-0.120890
-0.124272
-0.126176
-0.121084
-0.111268
-0.100248
-0.087550
-0.074334
-0.063292
-0.052326
-0.035048
-0.008004
0.026766
0.066548
0.108110
0.148824
0.190334
0.230780
0.263900
0.288038
0.303878
0.307850
0.294648
0.266598
0.231010
0.190882
0.144096
0.082386
0.000676
-0.082442
-0.143038
-0.185172
-0.216160
-0.219874
-0.184626
-0.124072
-0.061340
-0.013000
0.019072
0.042492
0.060710
0.074000
0.079694
0.073118
0.056690
0.034462
0.006802
-0.020218
-0.040994
-0.058730
-0.076972
-0.095508
-0.110116
-0.117236
-0.114418
-0.098412
-0.073972
-0.047142
-0.018220
0.005878
0.016678
0.015630
0.006490
-0.005628
-0.013432
-0.013296
-0.005490
0.005164
0.014860
0.026044
0.036104
0.037260
0.030582
0.022164
0.014502
0.010684
0.016494
0.034260
0.061044
0.088756
0.109030
0.123084
0.132194
0.130158
0.118984
0.105210
0.084580
0.056278
0.026570
-0.002228
-0.028502
-0.052422
-0.073988
-0.093014
-0.111310
-0.126338
-0.138450
-0.151192
-0.159384
-0.157048
-0.147290
-0.134152
-0.119880
-0.108852
-0.098470
-0.084220
-0.072718
-0.068364
-0.066678
-0.065762
-0.067878
-0.073920
-0.080270
-0.084472
-0.088400
-0.092222
-0.092452
-0.086616
-0.077970
-0.070034
-0.061226
-0.049530
-0.039536
-0.035000
-0.029900
-0.021618
-0.015522
-0.013158
-0.011968
-0.012300
-0.014454
-0.015084
-0.012806
-0.008500
-0.002594
0.005414
0.014968
0.020928
0.021950
0.021930
0.020530
0.017380
0.013034
0.005124
-0.005368
-0.015550
-0.026842
-0.036638
-0.034326
-0.018744
-0.000592
0.016144
0.031724
0.043538
0.052588
0.059098
0.059578
0.055838
0.052374
0.049026
0.046496
0.048764
0.055388
0.062784
0.071098
0.079228
0.083970
0.086110
0.086804
0.087150
0.089474
0.091762
0.091820
0.092154
0.092302
0.090398
0.088434
0.087546
0.086544
0.084954
0.083144
0.080126
0.074936
0.068634
0.064312
0.064178
0.067410
0.074058
0.085058
0.097402
0.107098
0.115562
0.124386
0.130396
0.130898
0.127226
0.120306
0.108740
0.096908
0.087230
0.073748
0.058042
0.046372
0.036332
0.021740
0.004228
-0.010992
-0.024470
-0.035632
-0.046888
-0.062158
-0.075514
-0.083236
-0.088662
-0.094572
-0.100714
-0.103724
-0.102912
-0.102156
-0.103202
-0.103170
-0.100874
-0.099772
-0.100982
-0.100886
-0.098174
-0.096530
-0.097734
-0.098110
-0.095038
-0.090240
-0.084422
-0.075574
-0.063054
-0.047308
-0.031272
-0.020934
-0.015454
-0.011038
-0.011896
-0.018874
-0.024968
-0.027716
-0.028266
-0.027502
-0.027234
-0.026070
-0.023470
-0.023892
-0.026994
-0.029336
-0.033378
-0.040252
-0.046560
-0.051830
-0.056818
-0.058862
-0.057282
-0.055316
-0.054682
-0.053878
-0.051030
-0.048968
-0.051178
-0.054178
-0.055300
-0.058664
-0.064274
-0.067456
-0.068678
-0.070322
-0.073832
-0.078952
-0.080884
-0.077702
-0.072450
-0.066840
-0.061310
-0.054728
-0.048012
-0.046264
-0.047324
-0.044244
-0.038776
-0.034338
-0.027964
-0.019496
-0.012182
-0.005588
0.001768
0.008390
0.012620
0.016360
0.020154
0.021818
0.023228
0.027114
0.030372
0.030836
0.031316
0.034182
0.038226
0.042104
0.048336
0.057056
0.063758
0.068104
0.073556
0.079378
0.082740
0.084816
0.087824
0.091378
0.093180
0.091346
0.089980
0.092398
0.093280
0.089754
0.084058
0.077844
0.071158
0.061066
0.047812
0.034822
0.022710
0.012088
0.001628
-0.009948
-0.017398
-0.018240
-0.017490
-0.018430
-0.019850
-0.020162
-0.020040
-0.022396
-0.028168
-0.032818
-0.032040
-0.028060
-0.024120
-0.018418
-0.010960
-0.006060
-0.003560
0.000390
0.004190
0.004366
0.004172
0.005304
0.005960
0.006808
0.005900
0.003310
0.003150
0.004558
0.005840
0.008562
0.010886
0.010132
0.010074
0.014006
0.017382
0.017652
0.018198
0.019050
0.018836
0.018710
0.019038
0.019136
0.018866
0.018746
0.019928
0.022196
0.022846
0.021726
0.021430
0.021192
0.019414
0.017502
0.016754
0.019248
0.026648
0.036494
0.044088
0.046598
0.047348
0.050292
0.051976
0.048924
0.044616
0.041928
0.038188
0.032358
0.027592
0.023728
0.017284
0.008678
0.000446
-0.007908
-0.016648
-0.026390
-0.038326
-0.048180
-0.054942
-0.064470
-0.075202
-0.080884
-0.081808
-0.080816
-0.077698
-0.071840
-0.065600
-0.060706
-0.057142
-0.054912
-0.051298
-0.044216
-0.036860
-0.032656
-0.029726
-0.027584
-0.029012
-0.030438
-0.030020
-0.032230
-0.035332
-0.036012
-0.036618
-0.037580
-0.037504
-0.036414
-0.033680
-0.030054
-0.028202
-0.027930
-0.026728
-0.024608
-0.021992
-0.017730
-0.011864
-0.007004
-0.003940
0.000236
0.004302
0.005274
0.005262
0.004162
0.001272
-0.000006
-0.000880
-0.003754
-0.005150
-0.003962
-0.003466
-0.004298
-0.004752
-0.004512
-0.004432
-0.004126
-0.002436
-0.000504
0.000980
0.004058
0.008910
0.013338
0.017128
0.021276
0.026158
0.032198
0.037078
0.039444
0.042860
0.046730
0.046722
0.043944
0.040042
0.034212
0.027984
0.022648
0.017190
0.012312
0.009562
0.006058
-0.000860
-0.007020
-0.009844
-0.012862
-0.017796
-0.024006
-0.029616
-0.032446
-0.033418
-0.033836
-0.033120
-0.029626
-0.023240
-0.017114
-0.012818
-0.007834
-0.001814
0.002772
0.006730
0.010290
0.010726
0.009406
0.009730
0.010950
0.011052
0.010908
0.013500
0.018856
0.021614
0.019274
0.015756
0.012956
0.008780
0.002214
-0.006306
-0.015022
-0.019642
-0.020164
-0.021768
-0.023240
-0.019996
-0.014108
-0.009730
-0.006534
-0.002454
0.002752
0.008600
0.013642
0.019592
0.029736
0.041634
0.051810
0.058780
0.064616
0.071314
0.076638
0.080672
0.084212
0.084700
0.080976
0.076044
0.072578
0.070550
0.067496
0.061162
0.053746
0.048882
0.046870
0.044848
0.041178
0.037272
0.035140
0.034514
0.034026
0.034740
0.036670
0.039468
0.043472
0.047188
0.051858
0.057848
0.062502
0.064904
0.064880
0.064128
0.064808
0.065360
0.063672
0.061326
0.059988
0.059510
0.059616
0.057446
0.051642
0.046296
0.042386
0.037374
0.032848
0.029628
0.026836
0.025010
0.022632
0.020054
0.018692
0.017704
0.017426
0.017944
0.019474
0.022688
0.025870
0.027970
0.029280
0.030364
0.032066
0.033930
0.035378
0.035616
0.033816
0.029362
0.022862
0.016796
0.012172
0.007584
0.001626
-0.005038
-0.011112
-0.016730
-0.022638
-0.027898
-0.030874
-0.034008
-0.038556
-0.041502
-0.044274
-0.048614
-0.051222
-0.051454
-0.052526
-0.054232
-0.054314
-0.053046
-0.051298
-0.049810
-0.048574
-0.047620
-0.048272
-0.050520
-0.051698
-0.051126
-0.052126
-0.054256
-0.054196
-0.052776
-0.050696
-0.047914
-0.046600
-0.045802
-0.042862
-0.039234
-0.036136
-0.032128
-0.028800
-0.027826
-0.025736
-0.021516
-0.018002
-0.015464
-0.012710
-0.009886
-0.008240
-0.008404
-0.011278
-0.017582
-0.024388
-0.031766
-0.042350
-0.052554
-0.059076
-0.062584
-0.063812
-0.064024
-0.063612
-0.061288
-0.058602
-0.059612
-0.063970
-0.067528
-0.070276
-0.074516
-0.077580
-0.077218
-0.075784
-0.073314
-0.067710
-0.061610
-0.057440
-0.051506
-0.044154
-0.040684
-0.039614
-0.037192
-0.035348
-0.035834
-0.036026
-0.033362
-0.029258
-0.025798
-0.021832
-0.017400
-0.015002
-0.014882
-0.015510
-0.016944
-0.019556
-0.021530
-0.023550
-0.026736
-0.028576
-0.028950
-0.028836
-0.027146
-0.023816
-0.020842
-0.020058
-0.020830
-0.021150
-0.022756
-0.026516
-0.029690
-0.033182
-0.035706
-0.034750
-0.034660
-0.036778
-0.036306
-0.033272
-0.031442
-0.030884
-0.029750
-0.027922
-0.026188
-0.025696
-0.026370
-0.026444
-0.026686
-0.027916
-0.027086
-0.025416
-0.028258
-0.032066
-0.031026
-0.029716
-0.031658
-0.031518
-0.027082
-0.023834
-0.023448
-0.021244
-0.017362
-0.016334
-0.017424
-0.015682
-0.010944
-0.007274
-0.005264
-0.002910
0.000020
0.002918
0.005908
0.009086
0.011954
0.013210
0.012682
0.012306
0.013064
0.015166
0.018562
0.021732
0.024088
0.026504
0.029320
0.030110
0.028822
0.028670
0.027216
0.024272
0.024344
0.025890
0.024588
0.021508
0.021062
0.022596
0.021762
0.018818
0.016970
0.016240
0.015100
0.013488
0.011868
0.010316
0.009748
0.010300
0.011400
0.013056
0.013494
0.013178
0.014842
0.017302
0.018754
0.019242
0.018084
0.015914
0.013914
0.011284
0.008174
0.004580
0.001102
0.000608
0.001892
0.002196
0.003004
0.004344
0.004064
0.003276
0.003430
0.004226
0.006486
0.009952
0.012820
0.016264
0.021282
0.026100
0.029792
0.032778
0.036732
0.040496
0.041680
0.042038
0.042500
0.042598
0.042746
0.041784
0.039646
0.036780
0.032148
0.028334
0.027788
0.027496
0.025484
0.024520
0.024124
0.020812
0.016456
0.015030
0.016324
0.017052
0.016156
0.015366
0.016318
0.019552
0.023484
0.025282
0.024454
0.023730
0.023502
0.021180
0.017408
0.013938
0.009400
0.003770
-0.000084
-0.001348
-0.001510
-0.000950
0.001146
0.005152
0.010776
0.016252
0.020012
0.023748
0.028118
0.030598
0.031028
0.031664
0.032196
0.032616
0.033946
0.034364
0.033594
0.033346
0.034020
0.036416
0.039704
0.040954
0.041590
0.044904
0.049110
0.051726
0.053600
0.054926
0.054718
0.054558
0.056614
0.059000
0.058744
0.057416
0.057610
0.058414
0.058466
0.058150
0.058020
0.058140
0.058272
0.057050
0.055918
0.057832
0.060626
0.061814
0.062574
0.063972
0.064458
0.062602
0.059226
0.056020
0.052526
0.048226
0.044408
0.039410
0.033354
0.029904
0.029174
0.030228
0.031354
0.029514
0.026414
0.024170
0.020640
0.015468
0.011782
0.010916
0.010460
0.008400
0.006856
0.007480
0.008136
0.006942
0.004576
0.002880
0.001988
0.000734
-0.001050
-0.001084
0.000876
0.001010
0.000536
0.001322
0.000156
-0.002908
-0.005974
-0.008722
-0.011800
-0.015904
-0.019238
-0.021514
-0.024410
-0.027938
-0.030908
-0.031650
-0.030926
-0.032200
-0.035116
-0.036798
-0.037304
-0.037212
-0.037102
-0.037248
-0.035668
-0.032026
-0.030170
-0.031416
-0.032516
-0.033100
-0.034288
-0.035648
-0.037160
-0.037564
-0.036820
-0.035594
-0.032688
-0.029076
-0.027572
-0.028552
-0.030446
-0.031846
-0.033466
-0.037498
-0.041908
-0.043310
-0.042556
-0.042170
-0.042828
-0.043408
-0.044200
-0.044894
-0.044354
-0.045854
-0.049562
-0.050118
-0.048430
-0.047158
-0.043630
-0.038054
-0.033668
-0.030112
-0.026392
-0.024742
-0.026350
-0.029090
-0.032312
-0.037270
-0.042790
-0.045722
-0.045512
-0.044250
-0.043062
-0.042168
-0.040726
-0.037446
-0.033660
-0.031354
-0.030490
-0.029448
-0.027494
-0.025634
-0.024302
-0.021418
-0.016484
-0.014456
-0.016402
-0.017240
-0.016090
-0.016938
-0.020954
-0.024576
-0.025352
-0.025574
-0.027336
-0.029532
-0.030940
-0.030788
-0.030074
-0.030304
-0.029634
-0.027308
-0.025424
-0.025644
-0.027742
-0.028510
-0.028354
-0.030052
-0.032162
-0.032218
-0.031202
-0.032482
-0.034148
-0.033440
-0.033564
-0.037016
-0.040354
-0.039978
-0.038398
-0.037762
-0.035750
-0.033086
-0.031166
-0.028260
-0.026630
-0.027900
-0.028558
-0.027588
-0.026910
-0.028054
-0.029556
-0.029192
-0.029418
-0.030000
-0.027948
-0.026396
-0.026978
-0.025330
-0.021596
-0.020158
-0.018702
-0.013324
-0.008094
-0.006272
-0.004534
-0.000974
0.002806
0.004964
0.006244
0.009988
0.015146
0.017300
0.017144
0.018980
0.022614
0.024438
0.024448
0.024058
0.024428
0.026598
0.028956
0.029538
0.029140
0.030554
0.032852
0.032262
0.029300
0.027862
0.029068
0.030022
0.029416
0.028928
0.028664
0.027086
0.025302
0.024142
0.021404
0.017810
0.016758
0.017740
0.016728
0.013968
0.013550
0.014782
0.013404
0.009098
0.005276
0.003202
0.000732
-0.003786
-0.007594
-0.008394
-0.008578
-0.009212
-0.010724
-0.012868
-0.013084
-0.013204
-0.015318
-0.016304
-0.015334
-0.013702
-0.011940
-0.010732
-0.008562
-0.004924
-0.001784
0.000686
0.003632
0.006932
0.008722
0.008106
0.008526
0.011384
0.013574
0.014402
0.015450
0.018336
0.021084
0.020662
0.019392
0.018574
0.015958
0.013460
0.014112
0.015426
0.014926
0.014052
0.014062
0.014378
0.014414
0.014328
0.014334
0.013396
0.012224
0.012570
0.013136
0.014770
0.017752
0.019164
0.019618
0.020130
0.020068
0.019034
0.018210
0.018872
0.019418
0.020910
0.023790
0.025160
0.026698
0.028468
0.027930
0.027208
0.026892
0.027322
0.029820
0.030974
0.030476
0.032804
0.037438
0.039850
0.038914
0.036936
0.034646
0.031744
0.029044
0.026556
0.022628
0.018352
0.016276
0.014054
0.011784
0.011738
0.010098
0.005492
0.001864
-0.000120
-0.002682
-0.005316
-0.006568
-0.007724
-0.008992
-0.008946
-0.008488
-0.008736
-0.009086
-0.009070
-0.008936
-0.008818
-0.009488
-0.011520
-0.013532
-0.014726
-0.015126
-0.014774
-0.014812
-0.014726
-0.012326
-0.008360
-0.005414
-0.002516
0.001632
0.003408
0.002692
0.003434
0.004418
0.004338
0.004038
0.004820
0.008440
0.012530
0.014826
0.016984
0.020084
0.023410
0.026528
0.029028
0.030138
0.031548
0.035170
0.039124
0.042090
0.043990
0.043076
0.040390
0.038948
0.038954
0.039534
0.039866
0.039136
0.037060
0.035460
0.036250
0.036834
0.034556
0.032326
0.033072
0.033974
0.032086
0.029592
0.028378
0.027686
0.027550
0.026250
0.022636
0.020344
0.019908
0.017402
0.013204
0.010006
0.007842
0.006420
0.005444
0.005456
0.007306
0.009326
0.009988
0.009774
0.010652
0.011486
0.009648
0.007118
0.006312
0.006686
0.005680
0.003238
0.001562
0.000750
0.000738
0.001058
0.000904
0.000556
-0.000698
-0.001578
-0.000794
-0.001508
-0.004152
-0.005896
-0.006692
-0.009036
-0.011714
-0.011466
-0.011418
-0.013976
-0.015142
-0.013992
-0.012338
-0.009518
-0.007318
-0.008122
-0.009394
-0.007708
-0.003526
-0.000966
-0.002100
-0.003610
-0.003002
-0.001956
-0.003236
-0.006974
-0.008204
-0.006156
-0.006630
-0.008710
-0.009716
-0.011092
-0.012738
-0.014094
-0.015290
-0.016650
-0.018178
-0.020694
-0.023432
-0.023578
-0.022296
-0.022364
-0.023210
-0.023420
-0.023200
-0.022156
-0.020088
-0.019378
-0.020474
-0.019952
-0.017240
-0.015228
-0.014414
-0.013342
-0.010706
-0.006872
-0.004624
-0.004192
-0.003962
-0.004870
-0.005888
-0.005106
-0.005232
-0.008636
-0.011892
-0.012388
-0.013820
-0.016950
-0.017602
-0.017164
-0.019122
-0.021698
-0.023044
-0.023160
-0.022590
-0.023444
-0.025980
-0.026954
-0.025848
-0.025456
-0.026028
-0.027120
-0.028988
-0.029652
-0.029670
-0.031570
-0.033002
-0.032252
-0.030762
-0.028216
-0.025770
-0.025128
-0.023532
-0.020554
-0.019034
-0.017346
-0.013708
-0.010130
-0.007510
-0.005786
-0.004770
-0.003378
-0.001480
0.000350
0.000830
-0.000046
0.000778
0.003606
0.004586
0.003206
0.002594
0.003300
0.004678
0.005646
0.003288
-0.000412
-0.001176
-0.001888
-0.005736
-0.009060
-0.009398
-0.010592
-0.014784
-0.018100
-0.018526
-0.019256
-0.020894
-0.020046
-0.016328
-0.013788
-0.013734
-0.012042
-0.008686
-0.007260
-0.005760
-0.002952
-0.001356
-0.001464
-0.002878
-0.003754
-0.002854
-0.003362
-0.007174
-0.010056
-0.008986
-0.007480
-0.008114
-0.009110
-0.009074
-0.007566
-0.005424
-0.005110
-0.005066
-0.004194
-0.004224
-0.004474
-0.005398
-0.006160
-0.004202
-0.001592
-0.001808
-0.003306
-0.003236
-0.002428
-0.002300
-0.002512
-0.002762
-0.004128
-0.005904
-0.005786
-0.004780
-0.004818
-0.005690
-0.006954
-0.007394
-0.006758
-0.006072
-0.004798
-0.002918
-0.002068
-0.002344
-0.000632
0.003760
0.007558
0.009414
0.009686
0.009128
0.009192
0.009968
0.009714
0.007676
0.005590
0.003712
0.001252
0.000458
0.001634
0.001898
0.001044
0.000698
0.000906
0.000860
0.001466
0.003634
0.004796
0.004334
0.006442
0.010434
0.011068
0.010286
0.012260
0.012982
0.010010
0.008610
0.010278
0.010154
0.007216
0.005940
0.007222
0.007790
0.008038
0.009776
0.010746
0.009880
0.009420
0.008728
0.006840
0.006410
0.007490
0.007634
0.008214
0.010232
0.010800
0.009708
0.009404
0.009974
0.010264
0.010170
0.009848
0.008326
0.006436
0.006588
0.007666
0.007520
0.006872
0.006912
0.006762
0.004926
0.003188
0.003770
0.004746
0.004376
0.003780
0.003812
0.004126
0.003444
0.002048
0.002936
0.004926
0.005064
0.006344
0.010582
0.013668
0.013988
0.015586
0.018848
0.020584
0.021414
0.021856
0.022412
0.025570
0.029018
0.029806
0.030282
0.030952
0.029592
0.026146
0.022758
0.020432
0.017986
0.014694
0.011106
0.008210
0.007130
0.007750
0.008052
0.007266
0.006590
0.006930
0.008758
0.010660
0.010380
0.009280
0.009460
0.010220
0.009908
0.007880
0.005674
0.004370
0.003720
0.003878
0.004848
0.006416
0.007808
0.008890
0.010392
0.012126
0.013632
0.015112
0.015892
0.014372
0.012754
0.015486
0.020744
0.022892
0.021406
0.020272
0.021122
0.020816
0.017264
0.014408
0.015460
0.016980
0.013904
0.008522
0.008006
0.009674
0.007708
0.004572
0.003202
0.004912
0.007860
0.007720
0.005982
0.005748
0.005172
0.003244
0.001780
0.000600
-0.002242
-0.005996
-0.009148
-0.012972
-0.016350
-0.017262
-0.017956
-0.019706
-0.020168
-0.019666
-0.021344
-0.023264
-0.021808
-0.020390
-0.020834
-0.020218
-0.019458
-0.020258
-0.022300
-0.023664
-0.022830
-0.021936
-0.022542
-0.022718
-0.020848
-0.018594
-0.017330
-0.016820
-0.016670
-0.015124
-0.013132
-0.013404
-0.014398
-0.014144
-0.013580
-0.013678
-0.013306
-0.011334
-0.009990
-0.010988
-0.011056
-0.009060
-0.008640
-0.009034
-0.007306
-0.004076
-0.002040
-0.003838
-0.006402
-0.005594
-0.004744
-0.006960
-0.009650
-0.011778
-0.014692
-0.017896
-0.020702
-0.023534
-0.026602
-0.028690
-0.028618
-0.027868
-0.028286
-0.029208
-0.028454
-0.025046
-0.022084
-0.022642
-0.022316
-0.017786
-0.015268
-0.016098
-0.015048
-0.012392
-0.010640
-0.009548
-0.008230
-0.007790
-0.007194
-0.004994
-0.004214
-0.005322
-0.005688
-0.005076
-0.002374
0.001880
0.003528
0.003306
0.004658
0.007042
0.007664
0.006796
0.006706
0.007300
0.007490
0.005952
0.003516
0.004526
0.006930
0.005092
0.001580
0.000294
-0.000154
-0.001546
-0.002238
-0.001604
-0.001482
-0.001968
-0.002148
-0.002036
-0.001922
-0.000714
0.000282
-0.001692
-0.004476
-0.004244
-0.001324
-0.000286
-0.001946
-0.002638
-0.001900
-0.001488
-0.001714
-0.001894
-0.001872
-0.001810
-0.000624
0.001524
0.003000
0.005228
0.008880
0.010722
0.009668
0.010004
0.013104
0.014162
0.012662
0.013410
0.015164
0.013556
0.012994
0.016284
0.017622
0.015944
0.015252
0.016064
0.017592
0.018514
0.017744
0.017184
0.016722
0.014920
0.013058
0.011954
0.009720
0.006854
0.005662
0.004898
0.003150
0.001186
0.000646
0.001460
0.000712
-0.001992
-0.003004
-0.001732
-0.001148
-0.002792
-0.005364
-0.004966
-0.002532
-0.002562
-0.003892
-0.004930
-0.005536
-0.005016
-0.004522
-0.004770
-0.006098
-0.008394
-0.008162
-0.004886
-0.003710
-0.004472
-0.003180
-0.000746
0.001672
0.003894
0.005112
0.006234
0.006994
0.007654
0.008736
0.007886
0.006308
0.006796
0.007738
0.007600
0.006260
0.003268
0.000738
0.000202
-0.001504
-0.003568
-0.002940
-0.002108
-0.001802
-0.000202
0.001802
0.002130
0.002134
0.004190
0.005828
0.005218
0.003612
0.002836
0.003694
0.004424
0.005134
0.005094
0.003722
0.004602
0.006676
0.006470
0.005474
0.005518
0.006852
0.009106
0.010026
0.008986
0.009216
0.012006
0.013706
0.012592
0.011676
0.012380
0.013216
0.013236
0.012890
0.012826
0.012980
0.013080
0.013170
0.013386
0.012956
0.010452
0.006650
0.003660
0.001348
-0.000682
-0.001934
-0.003222
-0.005098
-0.006962
-0.007752
-0.007020
-0.007148
-0.009630
-0.011284
-0.010294
-0.009410
-0.010064
-0.009970
-0.007712
-0.006148
-0.007110
-0.008008
-0.006674
-0.004792
-0.005738
-0.007978
-0.007740
-0.006484
-0.006664
-0.006518
-0.005130
-0.005832
-0.007238
-0.005772
-0.004714
-0.004906
-0.004122
-0.003690
-0.004856
-0.006230
-0.005896
-0.005094
-0.004590
-0.003848
-0.004036
-0.004582
-0.004126
-0.004304
-0.005746
-0.005164
-0.003006
-0.003088
-0.004322
-0.004278
-0.003584
-0.004144
-0.006440
-0.007754
-0.006768
-0.005974
-0.006456
-0.006956
-0.006972
-0.006044
-0.004654
-0.004828
-0.004936
-0.003502
-0.003142
-0.003920
-0.003984
-0.003456
-0.003080
-0.003118
-0.003314
-0.003322
-0.003216
-0.003192
-0.003164
-0.003060
-0.003058
-0.002186
-0.000060
0.000816
-0.000170
-0.000628
0.000006
0.000500
0.000462
0.000296
0.000222
0.001216
0.003404
0.004162
0.003128
0.002856
0.003536
0.003858
0.003788
0.003738
0.003742
0.003734
0.003686
0.004690
0.006990
0.007786
0.006570
0.007066
0.009896
0.011024
0.009742
0.009172
0.009856
0.010252
0.010096
0.009938
0.008792
0.006638
0.005136
0.004140
0.002728
0.001086
0.000776
0.000320
-0.003104
-0.006162
-0.006578
-0.007218
-0.007890
-0.006422
-0.004298
-0.004352
-0.005670
-0.006870
-0.007122
-0.006272
-0.007220
-0.008724
-0.008208
-0.007544
-0.007848
-0.008202
-0.008092
-0.007936
-0.009194
-0.011486
-0.011768
-0.010494
-0.010378
-0.011176
-0.011268
-0.009278
-0.005668
-0.003966
-0.005278
-0.006140
-0.005528
-0.006384
-0.008490
-0.008526
-0.007658
-0.008992
-0.010198
-0.009696
-0.010664
-0.013156
-0.014770
-0.015776
-0.016930
-0.017138
-0.016596
-0.016712
-0.017234
-0.016800
-0.015288
-0.015030
-0.015488
-0.013888
-0.011398
-0.010598
-0.010990
-0.009658
-0.007494
-0.007780
-0.008454
-0.006360
-0.004114
-0.004814
-0.005602
-0.003368
-0.001054
-0.001714
-0.003034
-0.002896
-0.001698
-0.000270
-0.000402
-0.000832
0.000576
0.001192
0.000890
0.002636
0.004304
0.004194
0.005334
0.007068
0.006694
0.005874
0.006202
0.006694
0.006604
0.006276
0.006188
0.006318
0.006372
0.006308
0.006270
0.006288
0.006302
0.006296
0.006288
0.006288
0.006290
0.006288
0.006294
0.006402
0.005768
0.003682
0.002444
0.003420
0.003198
0.000492
-0.000752
0.000462
0.001070
0.000346
-0.000140
0.000078
0.000228
0.000074
0.000074
0.000214
0.000138
0.000078
0.000250
-0.000680
-0.002922
-0.004566
-0.005428
-0.005738
-0.005388
-0.005364
-0.005790
-0.004956
-0.003622
-0.004962
-0.006916
-0.005338
-0.002150
-0.001722
-0.002388
-0.000610
0.000962
0.000156
0.000422
0.003028
0.004154
0.003890
0.005464
0.006864
0.006118
0.006452
0.009068
0.010254
0.009086
0.007536
0.007030
0.007874
0.007382
0.005770
0.005864
0.006642
0.006558
0.006170
0.004910
0.002866
0.002618
0.002570
0.000474
-0.000486
-0.000670
-0.002558
-0.003456
-0.002562
-0.002404
-0.002970
-0.002966
-0.001496
-0.000520
-0.002554
-0.004076
-0.002898
-0.002084
-0.002622
-0.003100
-0.002970
-0.001544
0.000654
0.000864
-0.000386
-0.000472
0.000240
0.000426
0.000188
0.000094
0.000132
0.000164
0.001338
0.003538
0.005070
0.006054
0.006214
0.005660
0.005690
0.006182
0.007528
0.008394
0.006468
0.006152
0.010652
0.014016
0.012528
0.010746
0.011622
0.012644
0.011352
0.008820
0.007250
0.007558
0.008446
0.007032
0.005364
0.006008
0.006736
0.006382
0.006042
0.006094
0.005026
0.004022
0.004610
0.003930
0.003740
0.005204
0.005096
0.004214
0.003130
0.001406
-0.000068
-0.000064
0.000694
0.000474
-0.000082
-0.000058
0.000186
0.000318
0.000100
-0.001384
-0.003570
-0.005082
-0.005912
-0.005716
-0.005470
-0.006870
-0.007676
-0.007194
-0.007938
-0.007524
-0.005150
-0.004912
-0.006326
-0.006606
-0.005738
-0.004396
-0.004310
-0.005292
-0.004242
-0.001736
-0.000600
-0.001462
-0.002358
-0.001898
-0.001370
-0.001356
-0.001512
-0.002874
-0.004712
-0.003968
-0.000802
0.001334
0.000774
-0.000240
0.000112
0.000672
0.000448
-0.000086
-0.000364
-0.000534
-0.000500
0.000822
0.002444
0.002256
0.002548
0.004506
0.004940
0.003874
0.004086
0.006480
0.008918
0.008904
0.008020
0.008458
0.009294
0.009376
0.009102
0.008708
0.007106
0.005184
0.005458
0.006752
0.006716
0.006444
0.007726
0.008612
0.007854
0.007310
0.007834
0.009356
0.009956
0.008948
0.008374
0.008758
0.008522
0.006316
0.004254
0.004594
0.005398
0.004962
0.004412
0.004586
0.005058
0.005368
0.005608
0.005490
0.003662
0.000360
-0.001094
-0.000008
-0.000584
-0.003150
-0.003494
-0.002362
-0.003742
-0.006318
-0.006336
-0.004964
-0.005218
-0.007506
-0.009522
-0.008936
-0.007904
-0.009730
-0.012364
-0.012010
-0.010540
-0.012040
-0.014834
-0.014958
-0.013744
-0.014016
-0.015112
-0.015324
-0.013746
-0.012046
-0.012318
-0.012028
-0.009710
-0.007706
-0.006836
-0.007060
-0.007204
-0.005190
-0.002728
-0.002520
-0.002044
0.000050
0.000868
0.001428
0.003518
0.005670
0.006864
0.006596
0.006190
0.007916
0.010430
0.011744
0.012274
0.012358
0.013572
0.015580
0.014336
0.011458
0.011794
0.013766
0.013692
0.011364
0.008980
0.007620
0.006560
0.005828
0.004210
0.001386
-0.000732
-0.001784
-0.001870
-0.001634
-0.002310
-0.004368
-0.006160
-0.005440
-0.003842
-0.003196
-0.001440
0.001094
0.000220
-0.002204
-0.000230
0.003528
0.003136
0.000724
0.000376
0.001302
0.001734
0.001806
0.002172
0.002806
0.003310
0.003566
0.003734
0.003874
0.003906
0.003816
0.003682
0.003586
0.003592
0.003762
0.003900
0.002564
-0.000144
-0.001264
-0.001150
-0.003432
-0.007652
-0.009420
-0.008276
-0.007550
-0.008814
-0.010754
-0.010756
-0.009224
-0.008508
-0.008586
-0.008464
-0.007310
-0.004834
-0.003246
-0.003842
-0.004514
-0.004356
-0.004576
-0.006456
-0.009938
-0.012456
-0.012908
-0.013262
-0.013562
-0.011796
-0.009282
-0.008502
-0.008116
-0.006534
-0.004182
-0.001270
0.000806
0.001236
0.002616
0.004252
0.003228
0.002114
0.001846
-0.001124
-0.003646
-0.001388
0.000686
-0.000980
-0.001984
-0.001192
-0.002260
-0.003650
-0.002876
-0.001532
-0.000602
0.000402
0.001276
0.000314
-0.000788
-0.000104
-0.001012
-0.003062
-0.003602
-0.004090
-0.006250
-0.009144
-0.009588
-0.007676
-0.006468
-0.007196
-0.008824
-0.008748
-0.006678
-0.005290
-0.005238
-0.005080
-0.004574
-0.004514
-0.004124
-0.002430
-0.001728
-0.003464
-0.005208
-0.004778
-0.002566
-0.001360
-0.001502
0.000198
0.002662
0.002610
0.001414
0.001234
0.001222
0.000864
0.001780
0.003730
0.004670
0.003544
0.001016
0.000114
0.000986
0.001082
0.000530
0.000552
0.001266
0.001190
0.000794
0.001812
0.002930
0.003424
0.002682
0.001966
0.004330
0.006470
0.005850
0.006576
0.008808
0.008776
0.008018
0.009718
0.011462
0.010274
0.008810
0.010330
0.012588
0.012128
0.010596
0.010612
0.011316
0.011574
0.011874
0.012610
0.013370
0.013906
0.014304
0.014562
0.014656
0.014556
0.014154
0.013466
0.012834
0.012466
0.012084
0.011540
0.011028
0.010720
0.010242
0.008240
0.004812
0.003064
0.004052
0.004866
0.004198
0.002600
0.001156
0.002950
0.006874
0.007692
0.006108
0.005972
0.006944
0.007120
0.006496
0.005878
0.005300
0.005468
0.007326
0.008804
0.008444
0.008596
0.009608
0.008806
0.007232
0.007006
0.005790
0.002962
0.000820
0.000494
0.000676
-0.000644
-0.001222
0.001362
0.004188
0.002548
-0.000602
0.000474
0.001040
-0.002488
-0.004182
-0.002230
-0.000906
-0.001234
-0.001248
-0.000584
-0.000130
-0.000220
-0.000600
-0.000934
-0.000990
-0.001064
-0.002584
-0.005114
-0.004394
-0.000482
0.000664
-0.002282
-0.004706
-0.003896
-0.002508
-0.003094
-0.004398
-0.005036
-0.005322
-0.005738
-0.005182
-0.004222
-0.004988
-0.005010
-0.002414
-0.000014
0.000120
-0.001208
-0.001940
-0.001776
-0.001678
-0.001622
-0.001230
-0.000692
-0.000448
-0.000650
-0.001082
-0.001512
-0.001932
-0.002134
-0.001902
-0.001532
-0.001108
-0.000540
-0.000114
0.000082
-0.000548
-0.002458
-0.004282
-0.005482
-0.006170
-0.005908
-0.005590
-0.005836
-0.005972
-0.005742
-0.005530
-0.005600
-0.005818
-0.005966
-0.006028
-0.006014
-0.005834
-0.005494
-0.005124
-0.004848
-0.004734
-0.004820
-0.005116
-0.005524
-0.006728
-0.009122
-0.010488
-0.009674
-0.009634
-0.011690
-0.012080
-0.009468
-0.007342
-0.007296
-0.008046
-0.007950
-0.006936
-0.006108
-0.005760
-0.005558
-0.005372
-0.006476
-0.008754
-0.010264
-0.011500
-0.012442
-0.012254
-0.012126
-0.012568
-0.012800
-0.012698
-0.012736
-0.012900
-0.012152
-0.009928
-0.008364
-0.008814
-0.009236
-0.008530
-0.007886
-0.008010
-0.008386
-0.008520
-0.008456
-0.008362
-0.008364
-0.008410
-0.008450
-0.008722
-0.008852
-0.007708
-0.006336
-0.006816
-0.007874
-0.007734
-0.006838
-0.004634
-0.001220
-0.000724
-0.002292
-0.000542
0.001782
0.001058
0.000048
0.001538
0.003982
0.003950
0.003452
0.005170
0.006084
0.004990
0.004352
0.004600
0.004628
0.004432
0.005490
0.007010
0.006640
0.006832
0.009576
0.012230
0.012792
0.012054
0.011998
0.012656
0.013628
0.014744
0.014762
0.016018
0.018962
0.018730
0.016472
0.016292
0.017210
0.017376
0.017064
0.017152
0.017656
0.017992
0.018086
0.018202
0.018362
0.018500
0.018626
0.018808
0.018910
0.018858
0.018958
0.017920
0.014478
0.011930
0.012956
0.014382
0.013770
0.012876
0.011882
0.009924
0.008202
0.007038
0.006734
0.007420
0.007710
0.007506
0.007504
0.007632
0.007696
0.007706
0.007622
0.007446
0.007378
0.007336
0.007102
0.006764
0.006480
0.006390
0.006398
0.005344
0.003804
0.003340
0.001384
-0.001538
-0.001220
0.000310
0.000070
-0.001290
-0.004066
-0.006386
-0.004548
-0.000994
0.000324
-0.000088
-0.000656
-0.000448
0.000236
0.000486
0.000410
0.000582
0.000922
0.000966
0.001648
0.002918
0.002816
0.002170
0.001624
0.000820
0.000404
-0.001654
-0.005180
-0.006166
-0.003320
0.001134
0.002704
0.000624
-0.000406
0.000936
0.001166
-0.001108
-0.002544
-0.001452
0.000242
0.001966
0.002890
0.002268
0.001882
0.002454
0.002850
0.002710
0.002510
0.002466
0.002428
0.002320
0.002214
0.002228
0.001454
0.000054
0.001002
0.003356
0.003380
0.002316
0.002506
0.003126
0.003194
0.002392
0.000330
-0.002022
-0.003298
-0.002016
0.001494
0.002610
0.000376
-0.000838
-0.000126
0.000154
-0.000590
-0.001418
-0.001888
-0.002084
-0.002030
-0.001768
-0.001482
-0.001236
-0.000944
-0.000570
-0.000132
0.000212
0.000484
0.000450
-0.000574
-0.001742
-0.002208
-0.002196
-0.001332
-0.000382
-0.000424
-0.000764
-0.000046
0.002272
0.003896
0.003654
0.004480
0.004672
-0.000348
-0.006456
-0.007244
-0.005906
-0.008060
-0.009992
-0.007180
-0.004374
-0.005288
-0.006262
-0.006824
-0.010124
-0.012620
-0.011002
-0.009594
-0.010728
-0.010166
-0.005630
-0.002818
-0.004856
-0.006516
-0.005478
-0.004604
-0.005134
-0.005140
-0.003344
-0.001484
-0.000494
-0.000128
-0.000478
-0.000536
0.000144
0.000706
0.000872
0.001052
0.001428
0.001782
0.003016
0.005630
0.007062
0.007408
0.008360
0.006708
0.003006
0.002542
0.004236
0.004018
0.002416
0.002596
0.005712
0.007414
0.004354
0.001578
0.002500
0.002478
0.000398
0.001898
0.006002
0.006376
0.004312
0.003310
0.001382
-0.001388
-0.001616
-0.000298
-0.000350
-0.002190
-0.005444
-0.007936
-0.007368
-0.005804
-0.005830
-0.006462
-0.006254
-0.005566
-0.004194
-0.002856
-0.002922
-0.003552
-0.004540
-0.004968
-0.004110
-0.003636
-0.004020
-0.004316
-0.004174
-0.004000
-0.004004
-0.004034
-0.003984
-0.003914
-0.003860
-0.003792
-0.003688
-0.003640
-0.003538
-0.000916
0.003598
0.004210
0.001830
-0.000676
-0.003602
-0.003732
-0.001622
-0.001570
-0.002800
-0.000508
0.004516
0.005290
0.003798
0.004470
0.004036
0.002970
0.003682
0.004328
0.003828
0.003526
0.005036
0.007034
0.006406
0.003370
0.001258
0.002142
0.004652
0.006132
0.006456
0.006738
0.006410
0.005002
0.001438
-0.002772
-0.003140
-0.001464
-0.001738
-0.002990
-0.002446
0.001862
0.006932
0.006812
0.002124
-0.000864
-0.000560
-0.001722
-0.005012
-0.006940
-0.006214
-0.004854
-0.004432
-0.001812
0.001746
0.001404
-0.000116
0.000854
0.002060
0.000224
-0.003380
-0.004412
-0.001556
0.003146
0.005494
0.003638
0.001968
0.002904
0.003846
0.003488
0.003098
0.002094
-0.001892
-0.005598
-0.004884
-0.003608
-0.005164
-0.007298
-0.008192
-0.008368
-0.008510
-0.008554
-0.008318
-0.007890
-0.007328
-0.006630
-0.005862
-0.004234
-0.000470
0.003508
0.003958
0.001868
0.000916
0.001384
0.001650
0.001380
0.001042
0.000890
0.000892
0.000978
0.001252
0.000996
-0.001556
-0.004874
-0.005028
-0.001282
0.002164
0.001498
-0.000500
-0.002296
-0.004574
-0.004768
-0.003336
-0.003356
-0.004552
-0.005040
-0.002784
0.001676
0.003018
0.000710
-0.000116
0.001160
0.001796
0.001390
0.001120
0.001200
0.001364
0.003902
0.008470
0.009124
0.004238
-0.000348
0.000624
0.003650
0.003508
0.001946
0.001814
0.003792
0.007450
0.009714
0.008592
0.007152
0.007818
0.008642
0.005788
0.000942
0.000618
0.003180
0.003110
0.001458
0.000908
0.001146
0.001196
0.000386
-0.003104
-0.007204
-0.007056
-0.005026
-0.005566
-0.006494
-0.003410
0.001134
0.001154
-0.000932
-0.000400
0.001366
0.002108
0.002192
0.002468
0.002908
0.003172
0.003124
0.002726
0.002820
0.003920
0.003140
0.001430
0.004946
0.008704
0.003820
-0.002030
-0.000170
0.003200
0.002596
0.001126
0.001380
0.002278
0.002534
0.002370
0.002406
0.002640
0.002956
0.001638
-0.002710
-0.005530
-0.003948
-0.002646
-0.003850
-0.004890
-0.004644
-0.004188
-0.004148
-0.004246
-0.004246
-0.004244
-0.004310
-0.004394
-0.004472
-0.004528
-0.004528
-0.004484
-0.004362
-0.004164
-0.004088
-0.004202
-0.004354
-0.004494
-0.004656
-0.004798
-0.004896
-0.004950
-0.004924
-0.004842
-0.004662
-0.004574
-0.007018
-0.011306
-0.011594
-0.008860
-0.008510
-0.010992
-0.013506
-0.014538
-0.015182
-0.015270
-0.014722
-0.014694
-0.015016
-0.015164
-0.015178
-0.015220
-0.015300
-0.015382
-0.015478
-0.015390
-0.015774
-0.018936
-0.022948
-0.022724
-0.020450
-0.020604
-0.022108
-0.021516
-0.017258
-0.013944
-0.015096
-0.014842
-0.010538
-0.008378
-0.010124
-0.011178
-0.010238
-0.009240
-0.007338
-0.004136
-0.003142
-0.004928
-0.004190
0.000976
0.004006
0.001872
0.000188
0.001322
0.002300
0.001954
0.001500
0.001560
0.001722
0.001724
0.001686
0.001712
0.001792
0.001868
0.001926
0.001998
0.002134
0.002194
0.001988
0.001742
0.001676
0.001642
0.001546
0.001504
0.001586
-0.000278
-0.004570
-0.006096
-0.003904
-0.003054
-0.004302
-0.004930
-0.005492
-0.008358
-0.011450
-0.011310
-0.009878
-0.009168
-0.007038
-0.004292
-0.004294
-0.005632
-0.005388
-0.004482
-0.004548
-0.005042
-0.003146
0.001336
0.002886
0.000662
-0.000154
0.001164
0.001878
0.001530
0.001236
0.001324
0.001398
0.001292
0.001160
0.001104
0.001068
0.001008
0.000962
0.000962
0.000992
0.001042
0.001122
0.001202
0.001266
0.001360
0.001466
0.001542
0.001610
0.001710
0.001828
0.001930
0.002020
0.002094
0.002170
0.002276
0.002364
0.002412
0.002448
0.002488
0.002530
0.002550
0.002542
0.002538
0.002548
0.002504
0.002518
0.003728
0.004756
0.004060
0.003492
0.002670
0.002054
0.002832
0.003176
0.002592
0.001036
-0.002270
-0.004744
-0.003970
-0.002774
-0.003410
-0.004324
-0.004316
-0.004064
-0.004020
-0.001606
0.002864
0.003474
0.000972
0.000730
0.002134
0.002526
0.002168
0.002106
0.002164
0.002080
0.002098
0.002218
0.002264
0.002256
0.002334
0.002086
0.000636
0.000124
0.002302
0.003406
0.002134
0.001534
0.002042
0.002260
0.002104
0.002074
0.002146
0.002174
0.002048
0.002044
0.004924
0.009744
0.010056
0.007280
0.007168
0.008678
0.008902
0.008590
0.009700
0.010452
0.009976
0.010886
0.011812
0.011464
0.012284
0.013102
0.012450
0.011760
0.010814
0.010376
0.011020
0.011188
0.010788
0.010612
0.010708
0.010808
0.010740
0.009488
0.008462
0.009186
0.009674
0.009226
0.008902
0.008858
0.007676
0.006766
0.007530
0.006710
0.004066
0.003504
0.003622
0.001606
0.000634
0.001668
0.000768
-0.002066
-0.002636
-0.001250
-0.002136
-0.003924
-0.003502
-0.002580
-0.001516
-0.000824
-0.001456
-0.001740
-0.001254
-0.000956
-0.001114
-0.001196
0.000106
0.001150
-0.000810
-0.002366
-0.001204
-0.000248
-0.000620
-0.001062
0.000128
0.002488
0.002846
0.000372
-0.000876
0.000522
0.001294
0.000618
-0.001014
-0.001850
-0.000942
-0.000480
-0.000958
-0.001244
-0.001118
-0.001046
0.000040
0.002288
0.002764
0.000510
-0.000916
0.001180
0.003252
0.002330
0.001198
0.001626
0.001250
-0.000970
-0.001960
-0.000874
-0.000374
-0.000992
-0.001354
-0.001182
-0.001042
-0.001068
-0.001060
-0.001978
-0.004186
-0.005102
-0.004042
-0.003460
-0.004006
-0.004550
-0.004570
-0.004462
-0.004532
-0.004598
-0.004594
-0.004588
-0.004642
-0.004698
-0.004646
-0.004572
-0.004548
-0.004542
-0.004512
-0.004432
-0.004316
-0.005140
-0.007100
-0.007758
-0.006674
-0.006272
-0.006874
-0.007048
-0.006686
-0.006520
-0.006598
-0.006718
-0.006882
-0.005970
-0.003758
-0.004008
-0.006356
-0.005390
-0.003880
-0.005418
-0.006310
-0.005574
-0.004310
-0.003492
-0.004094
-0.004638
-0.004294
-0.003958
-0.004010
-0.004190
-0.004254
-0.004104
-0.004000
-0.004098
-0.003202
-0.002034
-0.002446
-0.002098
-0.001608
-0.003844
-0.005370
-0.003216
-0.001298
-0.002400
-0.002600
-0.001014
-0.000888
-0.001666
-0.001636
-0.001280
-0.001286
-0.000466
0.001672
0.002500
0.001452
0.001002
0.001554
0.002832
0.004818
0.005446
0.004408
0.004116
0.004846
0.005136
0.005808
0.007768
0.008646
0.008684
0.009382
0.008464
0.007810
0.010384
0.012038
0.010712
0.009806
0.010416
0.010948
0.010752
0.009344
0.008440
0.009354
0.008756
0.007204
0.007610
0.008456
0.007156
0.004632
0.004362
0.004548
0.002410
0.001374
0.002588
0.001852
-0.001024
-0.001622
-0.000138
0.000134
-0.000648
-0.000934
-0.000720
-0.000634
-0.000744
-0.000832
-0.000802
-0.000838
-0.002088
-0.003096
-0.002386
-0.003070
-0.004496
-0.004076
-0.003446
-0.003720
-0.004074
-0.004008
-0.003916
-0.005164
-0.006264
-0.004398
-0.002816
-0.005118
-0.008132
-0.006558
-0.002420
-0.002240
-0.005858
-0.007100
-0.004048
-0.003460
-0.006096
-0.006462
-0.006448
-0.007306
-0.005968
-0.003540
-0.004756
-0.008452
-0.008880
-0.007020
-0.006842
-0.007798
-0.008096
-0.007834
-0.007818
-0.008010
-0.008016
-0.007922
-0.007890
-0.007898
-0.007886
-0.007856
-0.007810
-0.007680
-0.007500
-0.007468
-0.007540
-0.007562
-0.007378
-0.006066
-0.005148
-0.005856
-0.005236
-0.005046
-0.006380
-0.005186
-0.003526
-0.004302
-0.005208
-0.004856
-0.003196
-0.002288
-0.004400
-0.005928
-0.004726
-0.003888
-0.004410
-0.004840
-0.004688
-0.004510
-0.004530
-0.004562
-0.004518
-0.004466
-0.004474
-0.004340
-0.003038
-0.002126
-0.002954
-0.003378
-0.002902
-0.002664
-0.002808
-0.001724
0.000624
0.002128
0.000564
-0.001410
-0.000486
0.000614
0.001392
0.001908
0.001262
0.000920
0.001298
0.001512
0.001410
0.002418
0.004634
0.005284
0.004202
0.003866
0.004406
0.004680
0.004656
0.004740
0.004824
0.004678
0.005458
0.007694
0.008662
0.007524
0.006962
0.007632
0.008052
0.007868
0.007698
0.007684
0.007672
0.007678
0.007618
0.007514
0.007588
0.007722
0.007630
0.007580
0.007732
0.006816
0.005672
0.006180
0.005870
0.004318
0.004206
0.004874
0.004824
0.004606
0.004810
0.003904
0.001494
0.001640
0.005010
0.005202
0.002200
0.002830
0.005498
0.004328
0.000824
0.000766
0.004638
0.005740
0.001786
-0.000618
0.001226
0.002704
0.001880
0.001682
0.003954
0.005200
0.003050
0.001972
0.002780
0.001972
0.001098
0.001658
0.001940
0.001580
0.001446
0.001990
0.003338
0.003770
0.003274
0.004114
0.003594
0.000932
0.000878
0.003656
0.004136
0.001282
0.000146
0.001622
0.002232
0.001582
0.001214
0.001390
0.001564
0.001448
0.000092
-0.000894
0.001160
0.002776
0.001594
0.000742
0.001294
0.001830
0.001848
0.001788
0.001832
0.001850
0.001826
0.001874
0.001966
0.002038
0.001398
-0.000576
-0.001800
-0.000914
-0.000180
-0.000678
-0.001082
-0.000762
-0.001074
-0.002622
-0.002366
-0.000070
0.000116
-0.000850
0.000854
0.003122
0.002666
0.001442
0.002046
0.004360
0.006190
0.005700
0.004726
0.004962
0.005748
0.007338
0.009072
0.008882
0.007872
0.008018
0.008604
0.008610
0.008378
0.009560
0.011846
0.012150
0.010878
0.010776
0.011464
0.010518
0.009086
0.010584
0.011552
0.009634
0.008982
0.008988
0.008066
0.008050
0.008568
0.008566
0.007642
0.005494
0.004180
0.005000
0.005760
0.005338
0.004918
0.004398
0.003296
0.003430
0.003878
0.002262
0.001304
0.002288
0.002712
0.001894
0.000068
-0.001594
-0.001292
-0.001512
-0.003926
-0.004814
-0.003604
-0.003234
-0.003830
-0.005056
-0.007028
-0.006768
-0.004654
-0.004662
-0.005750
-0.006756
-0.006958
-0.004652
-0.002916
-0.004014
-0.005022
-0.004552
-0.003354
-0.001806
-0.002296
-0.004210
-0.002676
0.000324
-0.000048
-0.001696
-0.001262
0.000894
0.001332
-0.001056
-0.002044
-0.000712
-0.000190
-0.000814
-0.001152
-0.000986
-0.000880
-0.000968
-0.001048
-0.001050
-0.001078
-0.001168
-0.000242
0.001918
0.002682
0.001492
0.001856
0.004076
0.003592
0.001826
0.003316
0.004728
0.003884
0.002718
0.002250
0.003780
0.004288
0.002010
0.001282
0.002552
0.002884
0.002304
0.002086
0.002284
0.002382
0.002298
0.002228
0.002238
0.002264
0.002266
0.002260
0.002278
0.002310
0.002332
0.002390
0.002490
0.001576
-0.000576
-0.001338
-0.000158
-0.000496
-0.002596
-0.002048
-0.000358
-0.001886
-0.003146
-0.002676
-0.003530
-0.004220
-0.003628
-0.003418
-0.003758
-0.003922
-0.003814
-0.003738
-0.003768
-0.003802
-0.003808
-0.003818
-0.003826
-0.003834
-0.003858
-0.003884
-0.003864
-0.003878
-0.004984
-0.006124
-0.005478
-0.005770
-0.007412
-0.007458
-0.006586
-0.006610
-0.007148
-0.007184
-0.006870
-0.006832
-0.007080
-0.006470
-0.004316
-0.003030
-0.003982
-0.004726
-0.004180
-0.003710
-0.003852
-0.004044
-0.004078
-0.003796
-0.002212
-0.000272
-0.000408
-0.001472
-0.001300
-0.000620
-0.000522
-0.000746
-0.000806
-0.000734
-0.000692
-0.000698
-0.000696
-0.000660
-0.000620
-0.000578
-0.000520
-0.001422
-0.002748
-0.002282
-0.002248
-0.003248
-0.001526
0.000624
-0.000206
-0.001356
-0.000902
-0.000264
-0.000340
-0.000598
-0.000688
-0.000226
0.001220
0.001590
0.000880
0.002018
0.003210
0.002590
0.002136
0.002508
0.002796
0.002718
0.002630
0.002674
0.002724
0.002714
0.002706
0.002726
0.002744
0.002722
0.002686
0.003658
0.004820
0.004386
0.004724
0.005216
0.003026
0.001550
0.002750
0.003556
0.003060
0.001966
0.000048
-0.001026
-0.000160
0.000472
0.000010
-0.001172
-0.002392
-0.001902
-0.001688
-0.003368
-0.003882
-0.002942
-0.002770
-0.003236
-0.003390
-0.003202
-0.003002
-0.002930
-0.003022
-0.003170
-0.003144
-0.003036
-0.003194
-0.003114
-0.001512
0.000446
0.000220
-0.000930
-0.000812
-0.000186
-0.000118
-0.000380
-0.000426
0.000924
0.003222
0.003512
0.002264
0.002158
0.002866
0.003052
0.002806
0.002698
0.002756
0.002774
0.002734
0.002684
0.002652
0.003620
0.004766
0.004330
0.004670
0.005186
0.003000
0.002348
0.004916
0.004782
0.001958
0.002400
0.005164
0.004490
0.001740
0.001794
0.003264
0.003276
0.002610
0.002622
0.002484
0.000654
-0.001100
-0.000534
0.000446
0.000094
-0.000484
-0.000450
-0.000102
-0.000458
-0.002510
-0.003908
-0.001770
-0.000296
-0.002886
-0.004302
-0.001446
0.000902
-0.001192
-0.003012
-0.000620
0.001072
-0.000154
-0.000954
-0.000526
0.000054
0.001480
0.003326
0.003072
0.000594
-0.001292
-0.000688
0.000518
0.000276
-0.000430
-0.000496
-0.000252
-0.000200
-0.000302
-0.000354
-0.000330
-0.000328
-0.000376
-0.000418
-0.000424
-0.000390
-0.000444
-0.001730
-0.002732
-0.000786
0.000750
-0.000394
-0.002230
-0.002906
-0.001064
-0.000344
-0.002364
-0.002924
-0.002858
-0.003792
-0.003832
-0.003336
-0.003444
-0.003738
-0.003784
-0.003724
-0.002728
-0.001586
-0.002036
-0.001728
-0.000288
-0.000328
-0.001038
-0.000924
-0.000538
-0.000512
-0.000644
-0.000644
-0.000570
-0.000552
-0.000578
-0.000576
-0.000550
-0.000546
-0.000556
-0.000548
-0.000516
-0.000490
-0.000478
-0.000470
-0.000546
0.000112
0.002200
0.003464
0.002552
0.001844
0.002404
0.002874
0.002746
0.002572
0.002606
0.002672
0.002658
0.002496
0.003006
0.004634
0.004488
0.002160
0.001742
0.003076
0.003294
0.002638
0.002328
0.002424
0.002538
0.002516
0.002558
0.002042
0.000650
0.000492
0.000866
-0.000444
-0.001156
-0.000380
-0.000206
-0.000428
0.001038
0.002856
0.001470
-0.000234
0.000408
0.000056
-0.000924
-0.000568
-0.000178
-0.000320
-0.000416
-0.000364
-0.000358
-0.000384
-0.000386
-0.000382
-0.000380
-0.000400
-0.000480
-0.000510
-0.000480
-0.000550
-0.000632
-0.000614
-0.000592
-0.000626
-0.000654
-0.000642
-0.000630
-0.000630
-0.000636
-0.000654
-0.000660
-0.000656
-0.000672
-0.000706
-0.000720
-0.000710
-0.000742
-0.000742
0.000654
0.003028
0.002004
-0.000446
0.001394
0.003784
0.002958
0.002042
0.002428
0.001592
0.000364
0.000900
0.001566
0.002468
0.003148
0.002490
0.002124
0.002650
0.002896
0.002778
0.002642
0.002644
0.003640
0.004624
0.004186
0.004828
0.005292
0.003844
0.003574
0.004476
0.004650
0.003380
0.003132
0.004806
0.004078
0.001938
0.002202
0.003248
0.003080
0.002560
0.002530
0.002706
0.002722
0.002644
0.002610
0.002598
0.002568
0.002534
0.002506
0.002476
0.002442
0.002434
0.002466
0.001518
-0.000638
-0.001500
-0.000540
-0.000064
-0.000580
-0.001018
-0.000974
-0.000720
-0.000600
-0.000658
-0.001682
-0.003798
-0.003526
-0.001264
-0.002242
-0.004684
-0.004332
-0.003114
-0.003270
-0.003834
-0.003862
-0.003668
-0.002682
-0.001622
-0.002076
-0.001808
-0.000516
-0.000606
-0.001234
-0.001082
-0.000736
-0.000728
-0.000844
-0.000850
-0.000802
-0.000802
-0.000840
-0.000800
-0.000660
-0.000672
-0.000892
-0.000978
-0.000858
-0.000798
-0.000850
-0.000888
-0.000846
-0.000786
-0.001734
-0.002892
-0.001550
0.000238
-0.001346
-0.003456
-0.001826
-0.000500
-0.002292
-0.003086
-0.002170
-0.000900
-0.001076
-0.002730
-0.002846
-0.001936
-0.000960
-0.000258
-0.000726
-0.001236
-0.001020
0.000120
0.002030
0.002614
0.001618
0.001254
0.001790
0.002048
0.001870
0.001738
0.001792
0.001850
0.000948
-0.000134
0.000218
0.000776
0.001414
0.002140
0.001790
0.001310
0.001532
0.001808
0.001756
0.001636
0.001630
0.001668
0.001668
0.001662
0.001676
0.000666
-0.001266
-0.001532
-0.000420
-0.000284
-0.000920
-0.002178
-0.003888
-0.004038
-0.003100
-0.003102
-0.003572
-0.003556
-0.003662
-0.004842
-0.005456
-0.004972
-0.005728
-0.006666
-0.005944
-0.004462
-0.004170
-0.004944
-0.005292
-0.005902
-0.006234
-0.005656
-0.005448
-0.005726
-0.005828
-0.005660
-0.005442
-0.005366
-0.005496
-0.005586
-0.005470
-0.005346
-0.005342
-0.005348
-0.005302
-0.005240
-0.005190
-0.005154
-0.005114
-0.005060
-0.005012
-0.004976
-0.004944
-0.004916
-0.004888
-0.004826
-0.004766
-0.005516
-0.006418
-0.005298
-0.003838
-0.004334
-0.005102
-0.004858
-0.004448
-0.003708
-0.002900
-0.002962
-0.002518
-0.001692
-0.001938
-0.002390
-0.002208
-0.001908
-0.001908
-0.002034
-0.001996
-0.001008
-0.000288
-0.001670
-0.001776
0.000666
0.001366
0.000114
-0.000198
0.000424
0.000742
0.000432
-0.000828
-0.001980
-0.000682
0.001436
0.001188
-0.000028
0.000026
0.000650
0.000716
0.000752
0.001876
0.003034
0.002680
0.002006
0.002152
0.002878
0.004134
0.004904
0.004394
0.003880
0.004070
0.004820
0.005598
0.005302
0.005194
0.006120
0.006270
0.005680
0.005582
0.005782
0.005792
0.005658
0.004940
0.004172
0.005028
0.005514
0.003700
0.002552
0.003414
0.004026
0.003580
0.003166
0.003230
0.003302
0.003158
0.003042
0.003046
0.003030
0.002964
0.002910
0.002876
0.002838
0.002790
0.002738
0.002688
0.002644
0.002602
0.002552
0.002490
0.002434
0.002386
0.002342
0.002302
0.002260
0.002274
0.001966
0.001184
0.001086
0.001264
0.000544
0.000148
0.000524
0.000626
0.000400
0.000294
0.000346
0.000422
0.000058
-0.001038
-0.001670
-0.001190
-0.000824
-0.001082
-0.001776
-0.002754
-0.003016
-0.002458
-0.002228
-0.002950
-0.004100
-0.004324
-0.003678
-0.003454
-0.003732
-0.003828
-0.003678
-0.003566
-0.003544
-0.003514
-0.003450
-0.003360
-0.003314
-0.003864
-0.004768
-0.004762
-0.004010
-0.003214
-0.002680
-0.002842
-0.003098
-0.002846
-0.002560
-0.002558
-0.002638
-0.002612
-0.002502
-0.002470
-0.002290
-0.001508
-0.000816
-0.001024
-0.001364
-0.001178
-0.000922
-0.000912
-0.001010
-0.000844
-0.000086
0.000576
0.000380
0.000028
0.000160
0.000368
0.000318
0.000206
0.000214
0.000258
0.000252
0.000234
0.000232
0.000238
0.000242
0.000242
0.000246
0.000250
0.000248
0.000246
0.000250
0.000254
0.000258
0.000266
0.000278
0.000290
0.000300
0.000310
0.000322
0.000332
0.000342
0.000318
0.000420
0.000914
0.001328
0.001150
0.000888
0.000968
0.001092
0.001064
0.000992
0.000974
0.000974
0.000960
0.000940
0.000924
0.000912
0.000896
0.000878
0.000858
0.000838
0.000820
0.000802
0.000782
0.000764
0.000746
0.000726
0.000710
0.000698
0.000706
0.000616
0.000258
-0.000036
0.000102
0.000206
-0.000176
-0.000532
-0.000392
-0.000176
-0.000222
-0.000312
-0.000280
-0.000198
-0.000250
-0.000446
-0.000456
-0.000310
-0.000204
-0.000064
-0.000034
-0.000112
-0.000078
-0.000070
-0.000226
-0.000178
0.000052
-0.000062
-0.000166
0.000092
0.000216
0.000104
0.000076
0.000148
0.000188
0.000182
0.000182
0.000188
0.000240
0.000422
0.000578
0.000484
0.000238
0.000140
0.000252
0.000336
0.000294
0.000256
0.000274
0.000300
0.000306
0.000306
0.000310
0.000318
0.000324
0.000328
0.000330
0.000346
0.000446
0.000544
0.000452
0.000368
0.000492
0.000574
0.000506
0.000464
0.000482
0.000444
0.000398
0.000420
0.000434
0.000418
0.000408
0.000406
0.000410
0.000456
0.000442
0.000332
0.000350
0.000484
0.000502
0.000428
0.000412
0.000440
0.000446
0.000432
0.000454
0.000482
0.000434
0.000378
0.000392
0.000434
0.000464
0.000456
0.000422
0.000410
0.000416
0.000410
0.000394
0.000380
0.000370
0.000364
0.000354
0.000344
0.000334
0.000326
0.000318
0.000308
0.000300
0.000294
0.000286
0.000280
0.000264
0.000242
0.000240
0.000236
0.000212
0.000194
0.000198
0.000202
0.000196
0.000184
0.000172
0.000174
0.000176
0.000174
0.000166
0.000156
0.000148
0.000150
0.000154
0.000150
0.000146
0.000142
0.000136
0.000136
0.000142
0.000140
0.000132
0.000126
0.000128
0.000130
0.000128
0.000124
0.000120
0.000118
0.000116
0.000114
0.000112
0.000110
0.000104
0.000102
0.000102
0.000098
0.000094
0.000090
0.000088
0.000084
0.000080
0.000078
0.000074
0.000072
0.000068
0.000066
0.000062
0.000060
0.000056
0.000054
0.000052
0.000048
0.000046
0.000044
0.000040
0.000038
0.000036
0.000034
0.000032
0.000030
0.000026
0.000024
0.000022
0.000020
0.000018
0.000016
0.000016
0.000014
0.000012
0.000010
0.000008
0.000008
0.000006
0.000004
0.000004
0.000002
0.000002
0.000000
