0.005692
0.013486
0.006346
-0.018964
-0.016542
0.006396
0.001852
-0.001100
0.008180
0.021786
0.016064
-0.010958
-0.019060
-0.006628
0.000758
-0.005860
-0.004772
0.014966
0.005028
-0.024798
-0.006762
0.009324
0.000722
0.003894
0.019584
0.024162
0.006770
-0.004334
0.001866
-0.001030
-0.008114
-0.010864
0.004766
0.000150
0.006638
0.009530
-0.002646
0.000586
-0.007854
-0.007508
-0.001570
0.008602
0.024002
-0.000040
-0.018486
-0.004668
-0.004870
0.005202
0.016244
0.033194
0.036186
0.001256
-0.010110
-0.013666
-0.020552
-0.021338
-0.022182
0.015162
0.022338
0.007346
0.020464
0.016360
-0.011316
-0.029840
-0.007054
0.017550
-0.007822
-0.007392
0.026182
0.024478
-0.038512
-0.010846
0.036054
-0.006522
-0.045528
-0.014370
0.027774
0.018300
-0.005452
0.014748
0.056216
0.005588
-0.019200
-0.011306
-0.011890
-0.061954
-0.027044
0.046070
0.053482
0.020408
0.011206
0.032728
0.016974
0.024054
-0.008034
-0.064676
-0.036474
0.018990
0.021572
0.013860
0.007608
0.005924
-0.078194
-0.039152
0.069930
0.022626
-0.051402
-0.032034
-0.006880
-0.019458
0.003178
0.000444
0.012326
0.025802
0.019844
-0.007432
-0.014296
-0.017672
-0.046510
0.027906
0.076480
0.023614
-0.055202
-0.077150
0.010866
-0.021638
-0.019952
0.020818
-0.015176
0.022544
0.051706
0.046842
-0.002006
-0.020478
-0.022008
-0.019942
0.008858
0.049670
0.010152
-0.013016
0.063134
0.041412
-0.035258
-0.049810
-0.007860
-0.045792
-0.085450
-0.017198
0.033440
-0.022826
-0.023254
0.000440
0.025138
0.007478
-0.027904
0.016254
-0.008056
-0.036084
-0.065498
-0.055196
0.007012
0.001272
0.038930
0.082176
0.042222
0.033776
0.002754
-0.039730
-0.050450
-0.068928
-0.060990
0.002936
0.056460
0.065958
0.040102
0.038436
0.035198
-0.018122
0.014330
0.037470
0.018246
-0.018628
-0.022680
0.010954
-0.019160
-0.027990
0.010202
0.003184
-0.001270
0.006186
0.041070
0.006774
-0.053250
-0.014294
0.015080
-0.005444
-0.032516
0.004508
0.039128
0.027526
0.035772
0.018308
-0.053912
-0.034104
0.008898
0.018368
-0.005970
0.017454
0.049764
0.022338
0.015224
0.019496
-0.016286
-0.066838
-0.077396
-0.020976
-0.001260
-0.008568
0.003112
0.027636
0.038880
-0.021872
-0.036452
-0.042706
-0.027852
0.031490
0.042360
0.021614
0.012520
0.039268
0.004152
-0.070402
-0.034136
-0.000128
-0.007572
-0.002470
0.034044
0.018500
-0.031648
-0.039270
0.010298
0.024186
-0.030924
-0.098706
-0.016908
0.078064
-0.026342
-0.009410
0.074960
0.034056
-0.056672
-0.002256
0.068696
-0.029184
-0.076760
0.022356
0.039824
-0.040468
-0.029510
0.037302
0.085780
0.008710
-0.023212
-0.021300
-0.026782
-0.019452
-0.007434
0.037560
0.023916
0.023550
0.035786
0.045652
-0.023764
-0.086022
-0.069390
0.012080
-0.015782
0.003598
0.038412
-0.019576
-0.009442
-0.008592
-0.038140
-0.077042
-0.012436
0.058978
0.043890
0.023308
0.028192
0.007686
-0.037670
0.005676
0.027376
0.039280
0.069566
0.048268
-0.008076
-0.064108
-0.061004
-0.001318
0.026428
0.010918
0.034184
-0.018332
-0.035530
-0.057234
-0.046398
0.003692
0.000546
-0.018782
0.022520
0.093374
0.007008
-0.085016
-0.024442
0.062880
-0.043636
-0.045214
-0.026374
0.019480
0.049022
-0.056774
-0.008212
0.042042
-0.023084
-0.076764
-0.013076
0.075954
0.063296
0.009186
0.039302
0.028640
-0.003980
-0.027266
-0.001454
0.109350
0.006426
-0.003092
0.062050
0.000874
0.003688
-0.098328
-0.037534
0.001538
-0.034282
0.045648
0.080194
0.030110
-0.068540
-0.058046
0.012990
-0.029518
-0.033816
0.040924
0.010672
0.006428
-0.047308
-0.026116
0.026634
0.021374
-0.018742
0.048178
0.002580
-0.101178
-0.048398
0.054926
0.130094
0.029872
-0.058382
-0.084484
0.004904
-0.063564
-0.042426
0.018654
-0.006742
0.020682
-0.006212
0.118156
0.065946
0.003250
0.048386
0.042568
-0.053086
-0.091096
0.009164
-0.086096
-0.096786
0.128416
0.196338
0.029334
-0.013984
0.027826
-0.018390
-0.226186
-0.072114
0.045230
-0.047452
0.021812
0.053794
0.110788
0.000786
-0.049622
-0.008346
-0.083534
-0.162664
-0.025956
0.010570
-0.014580
0.083780
0.102522
0.076824
0.000548
-0.057536
-0.089328
-0.069186
0.029828
0.045348
0.013718
0.066386
0.071604
0.067558
0.045712
0.035222
0.004680
-0.057466
0.043102
0.051602
0.018320
-0.026502
0.044320
0.013774
-0.066310
0.006940
-0.092042
-0.165178
-0.111170
0.020736
0.041216
0.039354
0.076924
0.055196
0.012202
0.012008
-0.014396
-0.036448
-0.011848
-0.012796
-0.023866
-0.054252
0.058704
0.063206
-0.065046
0.027592
0.066160
-0.008318
-0.070516
0.025530
0.024204
-0.141580
-0.071886
-0.003324
-0.050680
0.010088
0.102740
0.045868
0.022282
-0.067764
-0.008530
0.007990
0.056608
0.068608
-0.080678
0.076504
0.080912
-0.061168
-0.079650
-0.051282
0.004548
0.066546
0.046900
-0.007308
-0.048460
0.009306
0.124760
0.028122
-0.066942
-0.042854
-0.043502
-0.060210
0.001356
0.082968
-0.029452
-0.097312
-0.016362
0.097308
-0.005000
-0.180742
-0.057576
0.034176
-0.026694
0.064458
0.102358
0.036854
0.017084
-0.023492
-0.073040
-0.116342
-0.119602
-0.103142
0.027568
0.051096
0.040282
0.035182
0.059294
0.088346
-0.062064
-0.027294
0.059900
0.021894
-0.050692
0.038964
0.105078
0.051936
-0.040502
0.000728
-0.026488
-0.032614
-0.101424
-0.093092
0.143566
0.015358
-0.149160
-0.062432
0.143674
0.101264
-0.009510
-0.032860
0.035416
-0.072790
-0.089754
-0.034990
0.041496
0.034886
-0.102956
0.071422
0.189352
0.006732
-0.133784
-0.047364
-0.058664
0.026608
0.012284
0.101794
0.250196
0.076402
0.029898
0.079754
-0.074956
-0.250336
-0.086234
0.047500
0.025346
0.116528
0.010838
0.061748
-0.001756
-0.153750
0.008850
-0.106468
-0.041500
0.049372
0.063486
0.142928
0.025198
-0.072292
-0.031232
-0.014216
0.075770
0.086090
-0.020744
0.060958
0.100622
-0.013992
-0.081868
-0.057964
-0.085630
-0.106502
-0.046262
0.036846
-0.001278
0.049856
0.032172
0.110714
0.046506
0.008620
0.072978
-0.071868
-0.020204
0.046588
0.029978
-0.141342
-0.057932
0.106222
0.019354
0.078674
0.103228
-0.040460
-0.105862
-0.020508
0.019480
-0.126524
-0.118638
0.022522
0.089634
0.107672
0.018294
-0.045402
0.017198
-0.007266
0.063302
0.053154
-0.014250
0.082688
0.032834
0.046940
-0.007648
-0.087220
-0.155128
-0.088532
0.024700
-0.024378
0.080552
0.134422
0.070290
0.084016
0.121590
-0.015974
-0.196882
-0.047978
0.034150
-0.057196
0.029524
0.056910
0.095326
0.036090
-0.060680
-0.044776
-0.101776
-0.129010
-0.039296
0.050686
0.048878
0.101078
0.152408
0.133480
0.042596
-0.097324
-0.124636
-0.003130
-0.084370
-0.098528
0.202172
0.131782
0.015022
-0.014238
0.007746
0.023854
-0.163888
-0.161658
-0.059328
-0.025248
-0.006190
0.099036
0.040686
0.020400
0.150772
0.018858
-0.083000
-0.103224
-0.055510
-0.008040
0.046596
0.196036
0.109050
0.014406
0.000836
-0.055404
-0.102928
-0.131924
-0.079178
-0.045296
-0.018720
0.100018
0.129256
0.103214
0.056890
-0.066424
-0.075532
-0.012566
0.028302
-0.088234
-0.271778
-0.220836
-0.036384
-0.015410
-0.040520
-0.035560
0.016584
0.155534
0.078490
0.064670
0.087784
-0.010578
0.017932
-0.076208
0.019078
0.062580
0.044048
0.149322
0.112154
0.061690
0.053052
0.068900
-0.040932
-0.096274
-0.079154
-0.049266
-0.066128
-0.101454
0.044234
0.130180
0.141426
0.167984
0.044202
-0.066960
-0.134096
-0.010172
0.034278
0.001600
-0.040906
-0.072334
0.086930
0.049690
-0.072516
-0.113284
-0.078760
-0.023282
-0.074720
-0.137332
-0.146628
-0.104858
-0.019672
0.005088
-0.112512
-0.017718
0.175016
0.104056
0.030682
0.037340
0.062222
0.114032
0.001696
-0.180998
-0.129526
-0.051248
-0.041754
-0.118262
-0.089808
0.043430
0.215432
0.071920
-0.166436
-0.050012
0.109222
0.005064
-0.012776
0.214698
0.081254
0.017246
-0.009234
0.047276
0.037278
-0.092664
0.048432
0.124586
-0.015886
-0.191152
-0.056728
-0.012634
-0.137714
-0.127596
-0.044504
0.052382
0.011872
-0.015572
0.030874
0.001636
-0.045164
-0.113986
-0.141990
0.050200
0.120650
0.076632
-0.010670
-0.002790
0.052858
-0.095250
-0.133288
-0.057336
0.053184
0.094746
0.106772
0.105248
0.019856
0.007358
-0.022466
0.001692
0.109592
0.021338
-0.024684
0.059012
0.062010
-0.025634
-0.070450
0.004258
0.026880
-0.089150
-0.075880
0.048406
0.097324
0.010462
0.065650
0.182972
0.134246
0.077544
0.078116
-0.012266
-0.162152
-0.097178
-0.005444
0.046848
-0.019210
-0.187716
-0.172608
-0.198896
-0.088806
0.033350
0.047346
0.079244
0.104630
0.000102
-0.036866
0.030696
-0.149560
-0.227506
-0.148866
0.069882
0.054286
-0.095920
0.013762
0.098832
0.032938
-0.013268
-0.061318
-0.085696
-0.028742
-0.040636
0.018546
-0.004560
-0.045006
-0.004396
0.032062
0.105100
0.196466
0.209946
0.117136
0.061032
0.085454
0.068898
0.035382
0.030354
-0.054372
-0.105406
-0.007962
0.061498
0.052740
0.081610
-0.019342
-0.093062
-0.035752
0.015876
-0.027850
-0.035760
-0.057536
-0.003648
0.028174
-0.029302
-0.013472
-0.034320
-0.040682
-0.050474
-0.037536
-0.134992
-0.156178
-0.092094
-0.093956
-0.005172
0.053134
0.122480
0.118798
0.019896
0.036820
0.025296
0.073772
0.048946
-0.018054
0.057826
-0.074564
-0.188194
-0.078376
-0.012280
-0.077782
-0.044348
0.123220
0.098372
0.031358
0.023120
0.034868
0.029178
-0.061132
-0.050140
0.015566
0.065142
0.140534
0.136482
0.102530
0.097210
-0.008462
-0.079554
-0.074386
-0.003934
0.061888
0.005502
-0.009204
0.117366
0.091120
0.070340
0.069084
0.014906
0.020016
0.007122
0.122226
0.043394
0.008688
0.070342
0.059674
0.083894
-0.016178
0.057972
0.137750
0.002534
-0.038080
0.046164
0.114152
0.043958
0.040082
0.103828
0.026550
-0.057840
-0.082890
-0.064506
-0.059888
-0.033194
-0.029588
-0.030840
-0.070762
-0.112792
-0.007650
-0.033714
-0.068280
-0.032366
-0.096482
-0.142174
-0.100328
-0.070560
-0.133784
-0.133984
0.003370
0.007444
-0.031290
-0.009380
-0.024384
-0.047102
-0.014972
0.027448
-0.038622
-0.071974
0.055558
0.092868
-0.007870
-0.051880
-0.028208
0.006266
-0.011572
0.016018
0.096972
0.130330
0.045622
0.085118
0.144038
0.064874
-0.026914
0.023190
0.080802
-0.006274
-0.003178
0.039036
0.022302
0.001744
0.008774
0.008584
-0.016638
0.041232
0.096594
0.057398
0.012624
-0.038350
-0.055660
-0.075500
-0.108476
-0.027952
0.077262
0.038648
-0.011100
0.046040
0.064396
-0.066038
-0.094774
-0.051514
-0.058786
-0.085276
-0.052132
0.006656
-0.031812
-0.085586
-0.050848
0.033136
-0.033726
-0.112114
-0.077298
-0.052872
-0.021990
0.004476
-0.052450
-0.061248
0.014172
-0.055000
-0.059698
-0.048096
-0.056400
-0.035618
-0.058218
-0.055132
-0.061904
-0.044530
-0.027172
-0.007040
-0.025242
-0.022430
-0.005116
-0.018940
-0.045948
0.012712
0.034734
-0.016258
0.041404
0.045730
0.015710
0.018194
-0.006480
0.000324
0.048536
0.066172
0.065982
0.089396
0.074078
0.032988
-0.066250
-0.016862
0.046618
0.014858
0.057944
0.104040
0.134138
0.025340
0.038024
0.089376
-0.028062
-0.044316
0.028048
0.036650
0.029474
0.055890
0.069072
-0.010564
-0.044998
0.019066
0.015546
0.018874
-0.001286
-0.022842
-0.052654
-0.014516
0.011526
-0.009870
-0.008352
-0.032512
-0.032938
-0.003808
-0.007142
-0.035862
-0.057042
-0.018930
-0.017558
-0.065272
-0.072568
-0.029966
-0.055186
-0.047346
0.023600
0.020028
-0.036436
-0.075664
-0.048860
-0.034746
0.024428
0.038820
0.079820
0.115208
0.018918
0.027424
0.090370
0.077522
0.000654
-0.034824
-0.021674
-0.019394
0.018634
0.024554
-0.005964
0.038786
0.004296
-0.043648
-0.058884
0.012346
0.070436
-0.023832
-0.057450
0.019396
0.023548
-0.024196
0.010292
0.061054
-0.010720
-0.015600
-0.006984
-0.017050
-0.032246
-0.089526
0.021112
0.029964
0.012496
0.004138
0.028214
0.036658
-0.054696
-0.059226
-0.007776
-0.026158
-0.010898
0.055902
0.117700
0.089086
-0.000826
-0.057036
-0.092108
-0.070364
-0.019990
0.004488
0.005008
0.039550
-0.001504
0.013274
0.059546
0.056022
0.024214
0.039996
0.048210
-0.030596
-0.049924
-0.024546
0.020340
0.005228
0.024644
0.088996
0.047642
0.011148
0.021858
0.065238
0.036438
-0.073350
-0.026894
0.029912
0.002188
-0.024268
-0.001274
0.023412
0.036658
0.026788
-0.039524
-0.037726
0.010030
-0.011030
-0.021550
-0.020366
-0.017936
0.029340
0.008086
0.017144
0.035798
0.017356
-0.025950
-0.054558
-0.024772
-0.037134
0.048940
0.068444
0.009672
0.049804
0.013518
-0.037550
-0.024030
-0.059410
-0.050272
-0.063416
-0.040446
0.043296
0.021284
0.005178
-0.011196
-0.029840
0.013092
-0.003074
-0.012956
0.002098
0.007924
0.034444
0.036572
0.008454
-0.010908
0.009924
0.005240
-0.003330
-0.001192
0.014844
0.047500
0.018344
-0.026978
-0.000106
-0.022208
-0.034482
-0.025852
-0.032696
0.014214
0.042614
-0.019596
-0.005776
0.039478
-0.030582
-0.090564
-0.078298
-0.031008
-0.019278
-0.023854
0.019470
0.025286
-0.002796
-0.003304
-0.002734
-0.015228
0.000988
0.028042
0.025674
0.038804
0.013284
0.005616
0.015274
0.046428
0.076060
0.040108
0.017362
0.016208
0.020318
0.017762
0.035070
0.064930
0.048718
0.000096
-0.021298
-0.015950
0.017872
-0.008904
0.002478
0.030620
0.030516
0.023768
0.012956
0.036556
-0.006530
-0.028322
-0.030346
-0.033488
-0.095434
-0.088624
-0.054312
-0.058310
-0.040232
-0.063682
-0.046800
-0.031684
-0.071264
-0.043526
0.001430
-0.041906
-0.049366
0.005044
0.017018
-0.075022
-0.036702
0.064264
0.028318
-0.048760
0.044740
0.036058
0.010076
0.052022
0.024256
0.006600
0.032852
0.019034
-0.006408
0.054948
0.052770
0.014514
0.029774
0.092488
0.020324
-0.054162
-0.052636
0.075438
0.106532
0.066814
0.065750
0.109098
0.046924
-0.032910
0.068372
-0.001208
-0.091056
-0.027670
-0.063306
-0.018632
0.059926
-0.055810
-0.022420
0.012920
-0.023912
0.034692
-0.012574
-0.059040
-0.021916
-0.007032
0.043404
-0.015904
-0.030842
0.020592
-0.033362
-0.093672
-0.048480
0.031646
-0.038610
-0.072304
0.013880
0.034398
-0.016040
-0.009560
0.031436
0.006168
-0.068534
-0.025468
0.000274
0.005908
0.018084
0.013774
0.042948
0.019698
0.026414
0.009110
-0.047780
-0.024710
0.022216
0.011714
0.031844
-0.017542
-0.002686
0.025462
-0.022530
-0.046348
-0.060298
-0.027420
-0.017504
-0.026278
-0.020942
-0.003494
0.005074
-0.003014
-0.011344
0.016116
0.007502
-0.081290
-0.057066
-0.016568
-0.024352
-0.010308
-0.032944
-0.027304
0.009202
0.023906
0.014916
0.053264
-0.002862
-0.016978
-0.015654
0.025182
0.048654
-0.034980
-0.036278
-0.072916
0.012770
0.057112
0.021758
0.070392
0.040120
0.053026
0.059406
0.010280
-0.072052
-0.045208
0.025264
0.048232
-0.017398
-0.054090
0.044004
-0.014978
-0.017810
-0.033638
0.015022
0.083658
0.065948
0.026530
-0.009396
-0.013658
-0.055370
-0.065204
-0.021758
0.052796
0.042728
0.011618
0.010248
0.016532
-0.011122
-0.106346
-0.085854
-0.066692
-0.010068
-0.004624
-0.010336
0.098306
0.035478
0.003546
0.036996
0.054314
0.030572
-0.025656
-0.058738
-0.002024
0.082568
0.041040
0.043114
0.037948
0.001488
-0.040078
-0.047170
0.019792
0.036124
0.043428
0.047874
0.008872
-0.036136
-0.010858
-0.016756
-0.046346
-0.064526
-0.046870
-0.020294
-0.050074
-0.003076
0.014532
-0.004706
-0.050026
-0.055778
0.000498
0.032512
0.060238
0.019932
-0.034932
-0.009384
-0.037214
-0.053874
-0.008752
-0.025920
-0.000426
0.043948
0.069638
0.043078
0.012944
-0.004660
-0.008828
-0.026444
-0.006170
0.047934
0.039144
0.028330
0.017288
0.010318
-0.032022
-0.016608
0.057294
0.076756
0.053598
0.051240
0.080552
0.051406
0.015080
-0.007072
-0.032268
-0.036180
-0.070844
-0.055890
0.020364
0.006258
0.009304
-0.008646
-0.012708
-0.033408
-0.037246
0.022382
0.024784
0.030762
0.007398
-0.042328
-0.022726
-0.010790
-0.032928
-0.001168
0.015020
0.022932
-0.013516
0.008570
0.045222
0.016556
-0.027930
0.013966
0.032790
0.020246
-0.003566
-0.005222
0.010214
-0.021340
0.027232
0.048428
0.099772
0.057886
-0.016018
-0.013040
-0.036884
-0.039928
-0.034982
-0.014950
-0.016922
0.005004
-0.033172
-0.061052
-0.050546
-0.031636
-0.005468
-0.002180
0.008726
-0.001642
-0.008324
-0.013770
-0.026644
-0.021240
0.000160
-0.008750
0.011988
0.045306
0.068612
0.042782
0.019536
0.010000
0.017068
0.012864
-0.035638
-0.030692
0.024716
0.043712
0.040034
0.052300
0.023676
0.015590
0.009068
-0.000998
0.010140
0.021384
0.006742
-0.014346
-0.024818
-0.004224
0.001930
-0.055126
-0.059056
-0.022704
0.028276
0.011748
-0.009736
-0.002350
-0.040218
-0.020610
-0.012376
-0.031176
-0.017608
-0.026190
-0.039724
-0.033450
-0.027342
-0.011504
-0.013314
-0.015556
0.005472
0.001304
0.013650
-0.017264
-0.020296
-0.013874
-0.051584
-0.047124
-0.031280
0.006434
0.001180
-0.008228
0.001804
-0.016490
0.007122
0.040436
0.043414
0.027196
-0.005420
-0.005318
0.002574
-0.006638
0.003344
0.019460
0.040646
0.003534
-0.009762
0.006508
-0.008730
-0.000020
-0.011950
0.026280
0.044702
0.001158
0.018356
0.023132
0.002234
0.018434
0.040526
0.036676
0.010290
0.010034
0.026170
0.019310
-0.012560
-0.028682
0.003086
0.009544
-0.007986
0.014252
0.014450
0.013442
0.010498
0.015836
0.017604
-0.007740
-0.024202
0.001328
-0.012526
-0.027670
0.012106
0.006888
-0.006766
-0.023596
0.005984
0.006832
-0.018690
-0.034552
-0.017724
0.008492
-0.014762
-0.015212
-0.004414
-0.003172
0.007580
0.000164
-0.006268
0.000546
-0.019180
-0.020416
-0.026350
-0.016648
0.007004
-0.000258
0.008316
0.008164
-0.000922
-0.009772
-0.021598
-0.018958
-0.009152
-0.017650
-0.011004
0.000986
0.008872
0.023810
0.026998
0.005286
0.001706
0.018436
0.012102
0.002120
-0.010460
-0.003394
-0.007810
-0.007434
-0.001350
0.003284
-0.019400
-0.020784
-0.006312
-0.014482
-0.006962
-0.019376
-0.030852
-0.030870
0.000534
0.003504
0.007438
0.015252
0.013630
0.010232
-0.005664
0.016356
0.010980
-0.009644
-0.012968
-0.010000
-0.012458
0.002354
0.017212
0.022326
0.027008
0.012486
-0.000466
0.002038
0.023114
0.024096
0.015204
-0.003856
0.005456
0.017364
0.006432
-0.006658
-0.011982
-0.002784
-0.008394
-0.012046
-0.015184
0.004902
-0.006672
-0.020808
-0.013694
-0.009910
0.001496
-0.008848
0.006122
0.014660
-0.009906
-0.010930
0.000150
0.010842
0.002168
0.011266
0.013370
-0.021414
0.004116
0.020470
0.021606
0.007394
-0.000590
0.008704
-0.001270
0.001168
-0.004656
-0.000954
-0.006094
-0.012402
-0.009086
-0.017524
-0.016416
-0.006250
-0.010810
0.000090
0.002762
-0.002768
-0.006234
0.004620
0.018044
-0.000832
-0.007764
0.008120
0.017606
0.012886
0.004924
0.007668
0.007082
-0.019298
-0.018640
0.010508
0.014076
0.001250
0.006570
0.018330
0.004610
-0.027400
-0.021138
0.007112
0.006286
-0.007310
0.002874
0.023842
0.004722
-0.013986
-0.006028
0.007526
0.004362
-0.002226
0.019210
0.025156
0.004444
-0.008718
-0.003870
-0.004742
-0.003860
0.000292
0.006342
0.008266
0.007214
0.014954
0.011996
0.013052
0.003548
-0.000208
0.007020
0.005612
0.007284
-0.005524
0.003776
-0.000990
-0.021826
-0.020488
-0.021508
-0.004220
-0.017360
-0.027302
-0.006644
-0.002996
-0.017854
-0.029072
-0.009202
-0.005598
-0.008880
-0.004834
0.005420
0.012156
0.012142
0.018168
0.023784
0.019526
0.018700
0.010464
-0.001690
-0.006906
-0.004244
0.001534
-0.005176
0.008766
0.010398
-0.001910
-0.013510
-0.001908
0.011564
0.000606
0.005994
0.006832
0.003626
-0.003820
-0.004380
0.007350
0.005954
0.003720
0.005304
0.005148
0.021096
0.018736
0.006436
-0.001718
-0.005982
0.003546
0.002500
-0.003462
0.005524
0.006986
-0.009740
-0.013498
-0.001064
0.020442
0.008564
0.001666
0.011658
-0.004132
-0.020184
-0.016742
-0.000922
-0.007324
-0.015430
-0.002052
0.006096
0.001926
-0.017150
-0.012002
-0.001988
-0.002780
-0.007766
0.002632
0.005920
0.007198
0.006318
0.008570
0.012808
-0.003216
-0.002118
0.008354
0.011334
0.003988
0.003086
-0.010048
-0.007000
0.004628
0.007638
0.004648
-0.002350
0.001310
-0.009342
-0.014334
-0.010984
-0.007736
-0.002942
0.004558
0.007440
-0.011436
-0.014698
-0.013178
-0.010156
-0.005872
-0.012024
-0.006000
-0.008664
-0.002546
0.011590
-0.005758
-0.010714
0.007784
0.011904
0.010700
0.019264
0.026012
0.020966
0.018478
0.022368
0.015956
0.009158
0.009134
0.016694
0.019572
0.008102
0.012150
0.007298
0.000778
0.002328
0.000300
0.004786
0.002888
-0.003772
-0.007342
-0.003300
0.001270
-0.000540
-0.001426
0.004292
-0.001896
-0.010368
-0.020076
-0.023436
-0.015976
-0.018286
-0.006748
0.000424
-0.002150
-0.002868
-0.008510
-0.006754
-0.007424
-0.007802
-0.001866
-0.000590
0.002202
0.008244
0.000950
-0.002672
-0.000770
-0.001858
-0.003728
-0.002156
0.002062
0.002236
-0.004240
-0.006650
-0.005654
-0.003534
-0.002818
0.001356
0.004170
-0.002148
-0.006358
-0.006650
-0.003288
-0.007018
0.000658
0.003546
-0.000824
-0.008442
-0.006234
-0.001160
-0.002584
0.002230
0.002752
0.003816
0.005802
0.001070
-0.001534
0.001678
-0.000006
0.001172
0.004756
0.006484
0.004144
-0.000592
0.001524
0.003350
-0.000238
0.000826
0.000570
-0.000986
0.000626
0.002832
0.002274
-0.000464
-0.000578
-0.003594
-0.007850
-0.007114
-0.002922
0.001590
-0.000492
-0.001106
-0.000746
-0.000934
-0.000756
-0.001176
0.000342
0.000246
-0.001016
0.000220
0.003386
0.001164
-0.002038
-0.002772
-0.002618
-0.000810
-0.000826
-0.000180
0.001866
0.001776
-0.000826
0.000138
0.001458
0.000244
0.000732
0.000988
0.000272
-0.002290
-0.003594
-0.002702
-0.001042
-0.001028
-0.001550
-0.000202
-0.000526
-0.000658
-0.001532
-0.002066
-0.001944
-0.001252
-0.000662
-0.000486
-0.000166
-0.000326
0.000058
0.000208
0.000884
0.001060
0.001150
0.000788
0.000592
0.000742
0.001102
0.001004
0.000734
0.001000
0.001030
0.001248
0.001028
0.001210
0.001246
0.001040
0.001050
0.000952
0.000968
0.000736
0.000720
0.000862
0.000718
0.000574
0.000406
0.000246
0.000182
0.000226
0.000228
0.000188
0.000200
0.000196
0.000142
0.000096
0.000086
0.000110
0.000134
0.000154
0.000162
0.000168
