-0.007992
-0.018770
-0.028084
-0.028920
-0.022310
-0.015102
-0.012434
-0.015060
-0.022004
-0.031138
-0.037098
-0.033760
-0.021740
-0.010282
-0.008554
-0.017222
-0.031504
-0.049770
-0.074098
-0.103140
-0.129808
-0.147188
-0.152934
-0.147142
-0.130666
-0.107454
-0.083788
-0.062296
-0.040786
-0.019550
-0.003896
0.005660
0.019334
0.045768
0.078522
0.105782
0.129748
0.159806
0.183780
0.166090
0.089812
-0.010940
-0.079630
-0.095394
-0.086080
-0.084456
-0.090952
-0.086022
-0.061658
-0.027410
0.003272
0.017878
0.004300
-0.037192
-0.084114
-0.110178
-0.113546
-0.109896
-0.095952
-0.043390
0.056692
0.162880
0.223390
0.240914
0.267978
0.328906
0.371690
0.319774
0.161586
-0.035518
-0.198414
-0.310254
-0.390938
-0.442222
-0.442476
-0.391742
-0.329122
-0.287052
-0.245146
-0.154484
-0.006512
0.145086
0.240116
0.272358
0.278710
0.278496
0.248170
0.161512
0.036144
-0.076438
-0.140562
-0.161410
-0.161590
-0.149318
-0.119270
-0.075180
-0.035756
-0.015110
-0.006618
0.007286
0.033338
0.061710
0.080184
0.086788
0.086378
0.080590
0.066588
0.043940
0.018022
-0.003220
-0.012130
-0.001636
0.031342
0.079810
0.128500
0.166768
0.197438
0.227182
0.248904
0.241228
0.188794
0.098574
-0.008270
-0.115088
-0.212994
-0.289376
-0.326756
-0.319652
-0.285084
-0.246788
-0.211630
-0.169712
-0.115810
-0.059724
-0.011948
0.030162
0.072538
0.105850
0.108728
0.072734
0.018478
-0.017152
-0.009134
0.039372
0.105026
0.167434
0.226182
0.294672
0.375456
0.443744
0.459982
0.399094
0.265200
0.083340
-0.113578
-0.290410
-0.416170
-0.475936
-0.474580
-0.426232
-0.343940
-0.240138
-0.125790
-0.001744
0.139084
0.291072
0.427106
0.523016
0.579478
0.599100
0.552178
0.401198
0.169904
-0.046026
-0.163328
-0.188938
-0.188418
-0.193964
-0.179498
-0.121262
-0.039870
0.032550
0.092588
0.146950
0.176988
0.153568
0.076950
-0.027440
-0.146586
-0.279756
-0.398402
-0.444264
-0.390800
-0.283166
-0.188964
-0.121000
-0.037842
0.083800
0.210252
0.294298
0.329986
0.342206
0.338750
0.299738
0.212876
0.095338
-0.025726
-0.134460
-0.217996
-0.254726
-0.231088
-0.164116
-0.086972
-0.011784
0.075698
0.180924
0.280198
0.347750
0.385476
0.404118
0.386024
0.298570
0.151910
0.015152
-0.047086
-0.040976
-0.024624
-0.031572
-0.039806
-0.018378
0.023682
0.051348
0.048736
0.029844
0.012878
0.003612
0.000984
-0.000232
-0.013590
-0.049106
-0.092032
-0.111878
-0.103554
-0.104340
-0.154426
-0.250460
-0.353876
-0.435458
-0.489966
-0.511262
-0.482874
-0.405088
-0.309932
-0.227538
-0.147654
-0.034392
0.122896
0.291680
0.432054
0.534672
0.614150
0.675016
0.697124
0.655704
0.550922
0.416272
0.296238
0.209642
0.133124
0.027180
-0.115446
-0.251386
-0.323468
-0.313776
-0.252626
-0.177956
-0.098300
-0.001210
0.114892
0.232226
0.333212
0.411446
0.458428
0.454990
0.391288
0.289256
0.189572
0.116400
0.069842
0.054078
0.091048
0.190144
0.318424
0.424040
0.485250
0.511782
0.495786
0.393796
0.182196
-0.085968
-0.311686
-0.438630
-0.486716
-0.494332
-0.459708
-0.362982
-0.222444
-0.087530
0.025054
0.149232
0.306128
0.455738
0.545838
0.586540
0.622816
0.630938
0.504482
0.188350
-0.208040
-0.492436
-0.582520
-0.564716
-0.553412
-0.553508
-0.502286
-0.396408
-0.302252
-0.249114
-0.184994
-0.063544
0.079326
0.176606
0.220220
0.248218
0.261906
0.217470
0.110252
0.013258
-0.002774
0.041386
0.061878
0.017008
-0.052122
-0.086662
-0.082330
-0.082838
-0.124380
-0.207784
-0.314056
-0.423428
-0.517202
-0.579642
-0.608788
-0.617078
-0.611934
-0.579958
-0.501460
-0.381332
-0.255758
-0.160586
-0.097198
-0.038014
0.034508
0.104686
0.146554
0.163446
0.190526
0.252950
0.332080
0.385216
0.394378
0.378442
0.350560
0.281432
0.127902
-0.101354
-0.331044
-0.484370
-0.552334
-0.582562
-0.608426
-0.613864
-0.572674
-0.494482
-0.408502
-0.317058
-0.197968
-0.056056
0.059716
0.111742
0.125600
0.155210
0.200972
0.197348
0.097496
-0.053578
-0.156894
-0.163320
-0.115758
-0.087558
-0.103134
-0.130864
-0.135282
-0.114752
-0.093258
-0.095662
-0.134516
-0.204662
-0.280226
-0.325458
-0.320232
-0.274252
-0.210942
-0.140586
-0.056544
0.043568
0.143332
0.219916
0.267832
0.305474
0.358100
0.437372
0.537502
0.646234
0.750542
0.828040
0.843196
0.769684
0.621678
0.448984
0.288012
0.127476
-0.059766
-0.255822
-0.395428
-0.434178
-0.398026
-0.347846
-0.310980
-0.269912
-0.205910
-0.121550
-0.020060
0.103318
0.235888
0.342358
0.406522
0.451728
0.485474
0.441526
0.229688
-0.139496
-0.515274
-0.723770
-0.717118
-0.590486
-0.463732
-0.369842
-0.259132
-0.087918
0.118460
0.296380
0.429332
0.578084
0.796522
1.019484
1.079918
0.875356
0.496668
0.146162
-0.068222
-0.210490
-0.384124
-0.584872
-0.729718
-0.789834
-0.823978
-0.879894
-0.923272
-0.891890
-0.781814
-0.644294
-0.516970
-0.391846
-0.247234
-0.083004
0.082380
0.234844
0.378438
0.531532
0.705810
0.879230
0.994894
1.002074
0.902550
0.748224
0.593040
0.454474
0.317822
0.162268
-0.018990
-0.208746
-0.368944
-0.466348
-0.503346
-0.513106
-0.516628
-0.497356
-0.429542
-0.319302
-0.200434
-0.095132
0.003070
0.108842
0.224682
0.344178
0.461920
0.574974
0.681096
0.772946
0.823288
0.785270
0.634980
0.419594
0.232648
0.121106
0.038844
-0.081136
-0.227514
-0.322922
-0.330378
-0.301748
-0.302620
-0.326080
-0.314536
-0.245906
-0.157718
-0.087242
-0.025976
0.050354
0.132168
0.182664
0.187228
0.173698
0.176872
0.194612
0.189768
0.134320
0.043892
-0.036386
-0.077198
-0.088110
-0.093346
-0.094960
-0.072450
-0.016416
0.051832
0.099700
0.112384
0.095814
0.060442
0.014358
-0.031406
-0.064130
-0.079262
-0.081456
-0.073848
-0.053592
-0.021028
0.014294
0.042988
0.067018
0.094866
0.127076
0.153070
0.164160
0.166270
0.176316
0.204734
0.241498
0.261522
0.247624
0.208954
0.173272
0.160258
0.166974
0.180254
0.191934
0.191318
0.151322
0.044164
-0.121642
-0.295156
-0.426650
-0.507276
-0.552164
-0.556748
-0.497598
-0.378736
-0.245560
-0.134126
-0.027392
0.110678
0.271318
0.406430
0.494590
0.556470
0.583856
0.497622
0.230390
-0.157322
-0.496310
-0.663460
-0.685148
-0.668466
-0.665220
-0.643400
-0.571714
-0.475052
-0.391888
-0.317938
-0.224254
-0.111628
-0.015318
0.038794
0.054794
0.041914
-0.004814
-0.086710
-0.181144
-0.255712
-0.297338
-0.316884
-0.330398
-0.345480
-0.360806
-0.366020
-0.343060
-0.280528
-0.190092
-0.098478
-0.018818
0.061110
0.157130
0.265982
0.374264
0.480894
0.593580
0.702820
0.774872
0.777344
0.703240
0.565690
0.383066
0.182782
0.010020
-0.090904
-0.112466
-0.089956
-0.062828
-0.037096
0.006120
0.073506
0.146760
0.206884
0.254004
0.290950
0.296642
0.235770
0.102696
-0.055206
-0.171424
-0.218200
-0.221864
-0.219536
-0.212662
-0.174098
-0.093178
0.004062
0.084644
0.143248
0.193616
0.233382
0.236974
0.189076
0.112394
0.050410
0.025962
0.024470
0.015194
-0.020234
-0.080664
-0.155334
-0.231466
-0.294582
-0.331214
-0.336736
-0.318098
-0.283944
-0.233726
-0.162812
-0.079732
-0.009794
0.028130
0.044242
0.063854
0.088042
0.083150
0.022402
-0.070442
-0.136764
-0.143842
-0.115808
-0.099780
-0.115212
-0.146188
-0.171556
-0.185652
-0.191660
-0.190036
-0.178452
-0.154948
-0.118102
-0.070888
-0.025946
0.001630
0.010286
0.012446
0.014382
0.005510
-0.023778
-0.062910
-0.094220
-0.121832
-0.170610
-0.251346
-0.339884
-0.399942
-0.419226
-0.414594
-0.407352
-0.404310
-0.399884
-0.385058
-0.352230
-0.301402
-0.247066
-0.211792
-0.205652
-0.215902
-0.223666
-0.227904
-0.244780
-0.283004
-0.328504
-0.358410
-0.363218
-0.349044
-0.321988
-0.281006
-0.228952
-0.181140
-0.155146
-0.153226
-0.161660
-0.168306
-0.176468
-0.199774
-0.246376
-0.309350
-0.368368
-0.398212
-0.379330
-0.307542
-0.196644
-0.069728
0.054926
0.172734
0.291394
0.421876
0.566936
0.713708
0.836322
0.906702
0.903014
0.811906
0.634336
0.398540
0.161242
-0.020668
-0.126438
-0.173876
-0.184634
-0.158992
-0.090978
0.006208
0.106982
0.200794
0.296536
0.400984
0.509590
0.618076
0.719138
0.776572
0.727626
0.542064
0.275054
0.033876
-0.116270
-0.197442
-0.266280
-0.339590
-0.389618
-0.396444
-0.375340
-0.349384
-0.317882
-0.265912
-0.193150
-0.117442
-0.051672
0.009790
0.078540
0.155206
0.231194
0.301106
0.363004
0.406168
0.408496
0.355002
0.255228
0.134634
0.011456
-0.107350
-0.207104
-0.259578
-0.248300
-0.189430
-0.111070
-0.018878
0.097348
0.225618
0.328882
0.389824
0.427360
0.442878
0.377518
0.172754
-0.125104
-0.371280
-0.461308
-0.433212
-0.399814
-0.404460
-0.389288
-0.298256
-0.156110
-0.023668
0.083806
0.195452
0.323408
0.443472
0.532406
0.585986
0.591126
0.514310
0.342916
0.121212
-0.080622
-0.229308
-0.342884
-0.445552
-0.529320
-0.567748
-0.552658
-0.504094
-0.447658
-0.392080
-0.328672
-0.246632
-0.145728
-0.036998
0.066486
0.158866
0.241150
0.311834
0.360930
0.377936
0.366888
0.348686
0.342246
0.343370
0.328652
0.283884
0.222888
0.171192
0.135480
0.100422
0.055698
0.012366
-0.014656
-0.028400
-0.041688
-0.055510
-0.062888
-0.072886
-0.111492
-0.190002
-0.285110
-0.360990
-0.403250
-0.420618
-0.420452
-0.397024
-0.343586
-0.262626
-0.160138
-0.039570
0.091370
0.215244
0.316998
0.401608
0.489276
0.586098
0.664960
0.688856
0.656034
0.607800
0.575794
0.530862
0.411680
0.210868
0.004678
-0.127018
-0.192250
-0.265310
-0.379906
-0.485428
-0.523530
-0.510562
-0.510070
-0.543972
-0.572492
-0.561012
-0.526922
-0.504880
-0.494094
-0.465324
-0.406750
-0.337288
-0.276408
-0.221382
-0.159370
-0.087996
-0.017158
0.041268
0.078846
0.091170
0.079732
0.051988
0.016310
-0.022184
-0.060170
-0.094130
-0.122274
-0.145068
-0.160544
-0.161888
-0.144490
-0.114518
-0.085646
-0.066258
-0.053190
-0.038766
-0.019352
0.005910
0.040348
0.087110
0.141718
0.193612
0.237600
0.277826
0.314708
0.331918
0.305762
0.230168
0.125556
0.018754
-0.080664
-0.176392
-0.261586
-0.311390
-0.305946
-0.254464
-0.187140
-0.123280
-0.055630
0.029416
0.123122
0.196072
0.229646
0.236804
0.243758
0.254158
0.242008
0.184046
0.092580
0.008432
-0.036794
-0.044558
-0.036276
-0.026154
-0.013138
0.006516
0.030228
0.055458
0.087152
0.130730
0.178028
0.206236
0.194624
0.141158
0.061036
-0.029232
-0.121790
-0.210736
-0.280928
-0.311038
-0.290548
-0.230486
-0.154702
-0.081648
-0.017282
0.038092
0.083668
0.121078
0.156496
0.192722
0.222048
0.235770
0.241624
0.261564
0.304684
0.350028
0.368928
0.361896
0.356250
0.359188
0.329872
0.219680
0.038930
-0.135828
-0.230366
-0.237438
-0.206162
-0.180994
-0.167144
-0.147524
-0.111154
-0.058538
0.006148
0.078566
0.157432
0.249448
0.361580
0.481234
0.574346
0.614550
0.607804
0.576918
0.527542
0.445464
0.327342
0.198038
0.090572
0.018068
-0.029530
-0.068010
-0.102392
-0.122312
-0.112238
-0.071952
-0.024278
0.008470
0.032860
0.072246
0.127300
0.174400
0.211014
0.269466
0.359478
0.425004
0.399216
0.288514
0.154976
0.019768
-0.157970
-0.388178
-0.594028
-0.694232
-0.703404
-0.696328
-0.694532
-0.651208
-0.545396
-0.425334
-0.334874
-0.250754
-0.131570
0.007842
0.117532
0.187978
0.257386
0.347214
0.431538
0.476024
0.474272
0.435314
0.366140
0.283308
0.217866
0.187014
0.174896
0.159930
0.147412
0.154184
0.171590
0.170770
0.145534
0.125468
0.136554
0.165714
0.178278
0.161460
0.135928
0.125404
0.125356
0.105140
0.036840
-0.079760
-0.217768
-0.345310
-0.446696
-0.523882
-0.582984
-0.625326
-0.650606
-0.660942
-0.655884
-0.628054
-0.570336
-0.487400
-0.394432
-0.303810
-0.218324
-0.139556
-0.075918
-0.034566
-0.008036
0.020112
0.050968
0.059308
0.017768
-0.068100
-0.158388
-0.216152
-0.239026
-0.248830
-0.258758
-0.262630
-0.253516
-0.237084
-0.221038
-0.202932
-0.179146
-0.159586
-0.160190
-0.180590
-0.200108
-0.200112
-0.182976
-0.164082
-0.151316
-0.139856
-0.124092
-0.105928
-0.088994
-0.070414
-0.044032
-0.012198
0.008746
-0.001590
-0.049212
-0.117038
-0.177554
-0.216266
-0.240648
-0.264196
-0.285826
-0.291370
-0.273692
-0.242560
-0.210450
-0.175674
-0.126894
-0.061818
0.007314
0.067622
0.118106
0.165618
0.214062
0.261606
0.303178
0.329356
0.326400
0.287380
0.227094
0.178842
0.169720
0.199810
0.248220
0.296374
0.339168
0.372972
0.381556
0.343392
0.254870
0.141958
0.044156
-0.014960
-0.040860
-0.054040
-0.067174
-0.078398
-0.083554
-0.087732
-0.100788
-0.124496
-0.149202
-0.163460
-0.163060
-0.149220
-0.122298
-0.082244
-0.034702
0.008028
0.034544
0.041358
0.031690
0.010816
-0.013472
-0.027838
-0.017970
0.019378
0.071260
0.119382
0.155358
0.182512
0.205126
0.222394
0.233812
0.243394
0.253160
0.257076
0.248248
0.229452
0.207760
0.179028
0.127582
0.047702
-0.040768
-0.106964
-0.137762
-0.145262
-0.146084
-0.141844
-0.124844
-0.097700
-0.079194
-0.089330
-0.132418
-0.195856
-0.261018
-0.311252
-0.332578
-0.316328
-0.267092
-0.205196
-0.152874
-0.116508
-0.086828
-0.057292
-0.035458
-0.031734
-0.042386
-0.050658
-0.042768
-0.017368
0.017816
0.051030
0.069430
0.066148
0.046754
0.021692
-0.009788
-0.060146
-0.133940
-0.215482
-0.283046
-0.330834
-0.370344
-0.413422
-0.460332
-0.502146
-0.529954
-0.542208
-0.545490
-0.545590
-0.537008
-0.508464
-0.459718
-0.400920
-0.331400
-0.237576
-0.122742
-0.014194
0.084764
0.224076
0.441916
0.684200
0.857166
0.973150
1.158798
1.451642
1.649868
1.480328
0.925526
0.289094
-0.107220
-0.222384
-0.242546
-0.303238
-0.365318
-0.345032
-0.254696
-0.169518
-0.123642
-0.100560
-0.094556
-0.122134
-0.177364
-0.222502
-0.233736
-0.227640
-0.231614
-0.247966
-0.257934
-0.246130
-0.211084
-0.161886
-0.113216
-0.075656
-0.044346
-0.004024
0.049848
0.103072
0.140760
0.164162
0.182082
0.194974
0.198290
0.194516
0.187844
0.169930
0.126294
0.059690
-0.006132
-0.052608
-0.086622
-0.126368
-0.174406
-0.215342
-0.237054
-0.243516
-0.244760
-0.243414
-0.235606
-0.220090
-0.200432
-0.179950
-0.158304
-0.133018
-0.101704
-0.063152
-0.018618
0.027746
0.071570
0.111468
0.147658
0.177282
0.193892
0.193512
0.179760
0.161062
0.144262
0.133550
0.133994
0.150578
0.181230
0.215302
0.244314
0.273122
0.314732
0.373060
0.435058
0.481602
0.501746
0.493754
0.459564
0.407392
0.357158
0.331226
0.334162
0.348656
0.357688
0.364824
0.383458
0.410328
0.422276
0.402092
0.357158
0.305638
0.253304
0.193830
0.128270
0.070868
0.033476
0.014054
0.005652
0.008878
0.027790
0.057984
0.087734
0.110200
0.127064
0.139408
0.142790
0.134756
0.121056
0.108706
0.096380
0.077482
0.051142
0.024426
0.003684
-0.010978
-0.021720
-0.028854
-0.033354
-0.039014
-0.048126
-0.058366
-0.068638
-0.085300
-0.115654
-0.154386
-0.182950
-0.186318
-0.166900
-0.138392
-0.109426
-0.079018
-0.046746
-0.019534
-0.004006
0.004178
0.017808
0.044668
0.080004
0.113222
0.138988
0.159030
0.174786
0.182684
0.178708
0.165174
0.149088
0.133424
0.113458
0.084228
0.049698
0.020902
0.005094
0.000168
0.001306
0.009880
0.032340
0.071090
0.119622
0.167466
0.208216
0.241958
0.270948
0.293966
0.304790
0.296962
0.271232
0.237166
0.204952
0.175838
0.142936
0.101484
0.054404
0.006360
-0.042548
-0.092460
-0.136774
-0.167062
-0.185204
-0.203266
-0.228018
-0.251178
-0.260372
-0.255092
-0.245226
-0.236276
-0.225124
-0.211384
-0.203942
-0.209856
-0.221924
-0.225166
-0.214158
-0.197230
-0.182494
-0.166926
-0.142812
-0.110426
-0.078552
-0.053956
-0.035594
-0.019720
-0.006118
0.003362
0.009608
0.016038
0.024194
0.032390
0.038800
0.042936
0.042548
0.032004
0.007810
-0.023806
-0.048122
-0.052942
-0.037422
-0.008874
0.026636
0.067216
0.110176
0.149334
0.178962
0.196300
0.197442
0.175350
0.128222
0.068364
0.015534
-0.020628
-0.045950
-0.066878
-0.076708
-0.063558
-0.028650
0.012108
0.045554
0.072668
0.099276
0.122444
0.132772
0.126750
0.108966
0.082064
0.041812
-0.014290
-0.078142
-0.135690
-0.179266
-0.211736
-0.238770
-0.260544
-0.272492
-0.272146
-0.262972
-0.251290
-0.240668
-0.230190
-0.216510
-0.196204
-0.165944
-0.124128
-0.074186
-0.024300
0.019948
0.061692
0.107352
0.155162
0.194708
0.219446
0.231924
0.230658
0.199376
0.122662
0.013638
-0.086660
-0.145074
-0.164984
-0.172692
-0.182248
-0.184814
-0.169672
-0.141808
-0.113996
-0.091520
-0.072794
-0.059318
-0.056004
-0.063206
-0.075862
-0.090820
-0.108952
-0.128966
-0.145102
-0.153682
-0.157252
-0.158590
-0.154196
-0.138696
-0.113912
-0.088316
-0.066664
-0.044424
-0.014776
0.021408
0.055428
0.079278
0.090926
0.090532
0.075190
0.041784
-0.004810
-0.050652
-0.083302
-0.101680
-0.111758
-0.113872
-0.100570
-0.069224
-0.030266
0.003540
0.032728
0.067834
0.110522
0.146932
0.164094
0.165694
0.163966
0.160202
0.143310
0.108320
0.066956
0.034602
0.012386
-0.011386
-0.044570
-0.082330
-0.114558
-0.136280
-0.148778
-0.154754
-0.155966
-0.153988
-0.150364
-0.146132
-0.142306
-0.139850
-0.137988
-0.133688
-0.124688
-0.112352
-0.099810
-0.087828
-0.074562
-0.059036
-0.042436
-0.025712
-0.008500
0.008686
0.023914
0.037536
0.054008
0.076966
0.103674
0.127574
0.145514
0.158526
0.165162
0.159126
0.136662
0.103082
0.067864
0.034862
0.001558
-0.032726
-0.062770
-0.082614
-0.090288
-0.085116
-0.064720
-0.029464
0.012116
0.047736
0.071962
0.088530
0.101316
0.107330
0.101478
0.085110
0.065616
0.048510
0.033728
0.019794
0.007566
-0.001934
-0.010480
-0.020512
-0.031452
-0.040808
-0.048388
-0.056914
-0.068402
-0.082346
-0.097826
-0.114582
-0.130712
-0.142276
-0.147970
-0.152014
-0.158050
-0.160662
-0.148182
-0.116362
-0.075354
-0.038928
-0.008960
0.024320
0.066690
0.109996
0.140510
0.153620
0.156302
0.156908
0.157040
0.153900
0.146592
0.137588
0.129574
0.123004
0.116168
0.106182
0.090376
0.068104
0.041420
0.013500
-0.013266
-0.037076
-0.055708
-0.067504
-0.073358
-0.076024
-0.076838
-0.074548
-0.068376
-0.060686
-0.054750
-0.050388
-0.044150
-0.034140
-0.022776
-0.013622
-0.007390
-0.002744
0.000624
0.002960
0.008096
0.021952
0.045414
0.071940
0.095648
0.119250
0.148924
0.182142
0.207376
0.218506
0.223480
0.232164
0.239788
0.230776
0.199454
0.158250
0.121348
0.087918
0.049050
0.006738
-0.024468
-0.035666
-0.034374
-0.032892
-0.032910
-0.028556
-0.020384
-0.017398
-0.024804
-0.037412
-0.048418
-0.059288
-0.075988
-0.098486
-0.119514
-0.133292
-0.140622
-0.144068
-0.142166
-0.131500
-0.112656
-0.090798
-0.070262
-0.051066
-0.031774
-0.013922
-0.001492
0.003918
0.005484
0.007596
0.010708
0.011154
0.005872
-0.004260
-0.016194
-0.028022
-0.038772
-0.045986
-0.046254
-0.039174
-0.029184
-0.021922
-0.019160
-0.018088
-0.015084
-0.009182
-0.002044
0.004474
0.010536
0.018540
0.030850
0.046608
0.061046
0.069132
0.070216
0.068136
0.066326
0.063952
0.057992
0.048342
0.039240
0.035166
0.036324
0.038866
0.038950
0.035876
0.031674
0.028706
0.028116
0.029906
0.033734
0.039198
0.045330
0.049736
0.048626
0.038930
0.021304
0.000512
-0.018558
-0.035534
-0.053974
-0.075464
-0.095782
-0.108538
-0.111634
-0.107708
-0.098264
-0.080686
-0.053154
-0.020172
0.010410
0.035648
0.059508
0.085488
0.110126
0.126336
0.131560
0.129540
0.124346
0.115858
0.102286
0.084580
0.065778
0.047154
0.027686
0.007702
-0.009288
-0.019752
-0.023862
-0.024508
-0.023184
-0.018686
-0.010162
0.000198
0.008870
0.014758
0.019920
0.026398
0.033430
0.038506
0.040450
0.040242
0.038730
0.034768
0.026592
0.014756
0.002512
-0.006864
-0.012086
-0.012596
-0.006672
0.007168
0.026758
0.046226
0.060608
0.069540
0.075496
0.079686
0.081602
0.081482
0.080076
0.075440
0.063216
0.042294
0.017918
-0.003790
-0.023182
-0.045488
-0.072036
-0.096774
-0.113030
-0.120544
-0.123366
-0.123120
-0.117940
-0.107288
-0.094272
-0.082246
-0.071580
-0.061152
-0.051388
-0.044074
-0.039636
-0.035794
-0.029122
-0.017816
-0.003164
0.011888
0.025788
0.038878
0.049660
0.052224
0.040892
0.017534
-0.009522
-0.035306
-0.062866
-0.095228
-0.126996
-0.149614
-0.162562
-0.171932
-0.177556
-0.169972
-0.144278
-0.110154
-0.080966
-0.056966
-0.028220
0.006414
0.032690
0.037500
0.025560
0.013908
0.013306
0.021048
0.030134
0.038320
0.046328
0.052924
0.056118
0.056882
0.057584
0.057124
0.050908
0.036524
0.017118
-0.002268
-0.020172
-0.038458
-0.057024
-0.071254
-0.076296
-0.072856
-0.066790
-0.062600
-0.059080
-0.052670
-0.043972
-0.038898
-0.042764
-0.054414
-0.066810
-0.072720
-0.069286
-0.058138
-0.042686
-0.025634
-0.008122
0.009940
0.029010
0.049054
0.068992
0.086760
0.100088
0.107508
0.108504
0.102594
0.088982
0.068228
0.044352
0.023794
0.010922
0.004652
0.000362
-0.004946
-0.010254
-0.013044
-0.012806
-0.011264
-0.010044
-0.009524
-0.009970
-0.012508
-0.017982
-0.025202
-0.031266
-0.033912
-0.033072
-0.029624
-0.023258
-0.012604
0.002448
0.019708
0.036748
0.053300
0.070610
0.088868
0.106640
0.122858
0.137792
0.151358
0.161824
0.167408
0.168222
0.165150
0.157492
0.143740
0.124788
0.104294
0.084838
0.065356
0.043998
0.022392
0.005104
-0.004958
-0.008674
-0.007984
-0.003068
0.006470
0.018750
0.029654
0.035664
0.035714
0.030614
0.021886
0.011430
0.001204
-0.007428
-0.013678
-0.016508
-0.014866
-0.009532
-0.004098
-0.002882
-0.007648
-0.016820
-0.027592
-0.037670
-0.044724
-0.045550
-0.037482
-0.021010
-0.000178
0.020418
0.039298
0.058640
0.080898
0.104712
0.124482
0.134700
0.134822
0.129278
0.122326
0.113890
0.101464
0.085478
0.070762
0.062010
0.059200
0.058666
0.057720
0.056574
0.056102
0.055590
0.053236
0.047558
0.037610
0.023410
0.007320
-0.006238
-0.014346
-0.018364
-0.021214
-0.022120
-0.016522
-0.001986
0.018188
0.039020
0.059476
0.081254
0.103086
0.119990
0.129094
0.133016
0.135122
0.133530
0.122948
0.102076
0.076286
0.052334
0.032636
0.015910
0.001510
-0.009170
-0.015052
-0.017152
-0.017480
-0.017346
-0.017268
-0.017644
-0.018742
-0.020448
-0.022770
-0.026322
-0.031638
-0.037918
-0.042902
-0.044182
-0.040444
-0.031892
-0.020476
-0.009852
-0.003790
-0.003458
-0.006866
-0.012152
-0.020770
-0.035616
-0.056192
-0.078170
-0.098766
-0.119996
-0.144198
-0.168344
-0.186370
-0.196534
-0.202336
-0.205104
-0.200020
-0.182436
-0.155522
-0.127682
-0.103778
-0.082636
-0.062604
-0.045264
-0.032746
-0.025338
-0.023990
-0.032080
-0.051618
-0.079366
-0.109502
-0.138934
-0.167066
-0.191362
-0.207062
-0.212262
-0.209980
-0.203534
-0.192076
-0.173256
-0.148734
-0.124116
-0.102968
-0.082996
-0.059546
-0.032078
-0.005836
0.013078
0.023316
0.028136
0.030066
0.027288
0.016310
-0.002992
-0.026852
-0.051590
-0.075508
-0.096120
-0.108438
-0.108954
-0.100278
-0.089096
-0.079312
-0.069570
-0.057982
-0.046578
-0.039160
-0.036404
-0.035386
-0.033552
-0.030946
-0.028192
-0.024120
-0.016752
-0.006004
0.005684
0.015400
0.022004
0.026502
0.030848
0.036526
0.043846
0.052050
0.059816
0.065700
0.068466
0.067602
0.063836
0.058798
0.053556
0.047254
0.037808
0.024584
0.010182
-0.001136
-0.007198
-0.009560
-0.011054
-0.012190
-0.010638
-0.003910
0.008400
0.024828
0.043144
0.060670
0.074634
0.083518
0.087862
0.089076
0.087914
0.084914
0.081612
0.079648
0.078336
0.074456
0.065174
0.050408
0.032074
0.012358
-0.006562
-0.022488
-0.034500
-0.043488
-0.049766
-0.050834
-0.043558
-0.028588
-0.010272
0.008282
0.027556
0.047546
0.063928
0.071500
0.070502
0.065950
0.060272
0.049982
0.031694
0.008916
-0.010238
-0.021366
-0.026862
-0.030562
-0.032260
-0.029318
-0.021838
-0.013622
-0.007992
-0.004740
-0.002018
0.000190
0.000028
-0.003148
-0.007276
-0.009852
-0.010740
-0.011550
-0.012406
-0.010694
-0.003590
0.008920
0.024294
0.040034
0.054944
0.068194
0.078672
0.085900
0.090324
0.091390
0.085834
0.069486
0.041706
0.007806
-0.023522
-0.045600
-0.057284
-0.062012
-0.063908
-0.064518
-0.062662
-0.056556
-0.045616
-0.030496
-0.012264
0.007850
0.028196
0.046698
0.061238
0.070132
0.072664
0.069290
0.060704
0.046462
0.025526
-0.000700
-0.026842
-0.046798
-0.058542
-0.064100
-0.064770
-0.058834
-0.045184
-0.026898
-0.008670
0.008258
0.025748
0.043532
0.057246
0.062616
0.059402
0.049880
0.035688
0.018446
0.001994
-0.009098
-0.013636
-0.014422
-0.014252
-0.012936
-0.008848
-0.001738
0.007180
0.016764
0.026036
0.033466
0.037754
0.039270
0.039556
0.039176
0.037140
0.032740
0.026956
0.021298
0.015898
0.009556
0.001548
-0.007226
-0.014984
-0.020618
-0.024472
-0.027710
-0.030764
-0.032308
-0.030148
-0.023598
-0.014848
-0.007444
-0.003290
-0.001500
-0.000196
0.001206
0.001816
0.000752
-0.001936
-0.005610
-0.009512
-0.012688
-0.014086
-0.013174
-0.010310
-0.006228
-0.001402
0.003900
0.009376
0.014946
0.020934
0.027160
0.031958
0.033042
0.030058
0.025804
0.024138
0.026636
0.031590
0.036040
0.038164
0.037594
0.034272
0.027828
0.018198
0.006518
-0.004934
-0.013978
-0.019950
-0.023932
-0.027278
-0.029822
-0.029812
-0.025890
-0.018882
-0.011324
-0.005392
-0.001604
0.000522
0.001150
-0.000184
-0.003768
-0.008924
-0.014054
-0.017494
-0.018462
-0.017290
-0.014622
-0.010468
-0.004384
0.003244
0.010598
0.015632
0.017842
0.018226
0.017464
0.014706
0.008672
-0.000420
-0.010596
-0.019682
-0.026606
-0.031106
-0.032876
-0.031574
-0.027426
-0.021264
-0.013778
-0.005058
0.005080
0.016454
0.028364
0.039902
0.050432
0.059936
0.068872
0.077426
0.084882
0.090084
0.092698
0.093520
0.093032
0.090088
0.082744
0.070422
0.054612
0.037436
0.020246
0.003854
-0.010684
-0.022346
-0.030786
-0.035964
-0.037406
-0.034636
-0.028192
-0.019326
-0.008664
0.003774
0.016894
0.028058
0.035258
0.039060
0.041186
0.041520
0.037988
0.029724
0.019086
0.009692
0.003152
-0.001272
-0.004314
-0.005346
-0.003666
-0.000220
0.002792
0.003808
0.002970
0.001306
-0.000662
-0.003350
-0.007308
-0.012364
-0.017658
-0.022416
-0.026386
-0.029524
-0.031690
-0.033154
-0.035212
-0.039578
-0.046726
-0.055142
-0.062618
-0.068092
-0.071784
-0.073692
-0.072812
-0.068254
-0.060680
-0.051948
-0.043334
-0.034740
-0.025880
-0.017668
-0.011806
-0.008978
-0.008174
-0.008084
-0.008712
-0.010968
-0.014788
-0.018502
-0.020424
-0.020622
-0.020522
-0.021094
-0.022184
-0.023640
-0.026230
-0.030976
-0.038110
-0.047246
-0.058010
-0.069650
-0.080232
-0.087280
-0.089732
-0.088602
-0.085226
-0.079452
-0.070196
-0.057506
-0.043244
-0.029648
-0.017818
-0.007798
0.000494
0.006862
0.011136
0.013490
0.014370
0.014002
0.011746
0.006050
-0.004210
-0.017932
-0.031718
-0.042250
-0.048724
-0.052630
-0.055366
-0.056800
-0.056254
-0.054012
-0.051214
-0.048580
-0.045884
-0.042644
-0.038782
-0.034446
-0.029754
-0.025104
-0.021476
-0.019842
-0.020190
-0.021414
-0.022408
-0.023056
-0.023960
-0.025320
-0.026554
-0.027042
-0.026910
-0.026860
-0.027516
-0.029308
-0.032786
-0.038432
-0.045982
-0.054234
-0.061846
-0.068170
-0.073090
-0.076300
-0.076990
-0.074310
-0.068024
-0.058876
-0.048478
-0.038588
-0.030102
-0.022672
-0.015636
-0.009270
-0.004624
-0.001950
0.000272
0.004142
0.010310
0.017574
0.024596
0.031376
0.038586
0.045804
0.051302
0.053942
0.054630
0.055140
0.055562
0.053870
0.048434
0.040370
0.032662
0.027302
0.024088
0.022188
0.021756
0.023462
0.027232
0.032278
0.037966
0.043840
0.048862
0.051664
0.051830
0.050390
0.048670
0.047160
0.045884
0.045510
0.047328
0.052102
0.059190
0.066834
0.073118
0.076844
0.077958
0.077334
0.076094
0.074834
0.073310
0.070770
0.066690
0.061486
0.056496
0.052950
0.050932
0.049580
0.048324
0.047406
0.046910
0.046066
0.044232
0.042262
0.042024
0.044430
0.048396
0.051704
0.052542
0.050676
0.048028
0.047642
0.050338
0.051968
0.045916
0.029948
0.009530
-0.007588
-0.019616
-0.031518
-0.047366
-0.064148
-0.074628
-0.074896
-0.067266
-0.056250
-0.043590
-0.027874
-0.007866
0.014702
0.035432
0.050028
0.056954
0.057492
0.053292
0.044410
0.030628
0.014410
0.000972
-0.005684
-0.006234
-0.004392
-0.001950
0.003220
0.013650
0.027822
0.040718
0.048892
0.053822
0.059408
0.066952
0.074002
0.078094
0.080024
0.082346
0.085754
0.088602
0.089640
0.089228
0.087138
0.081156
0.069772
0.055550
0.043722
0.037112
0.033928
0.031104
0.028318
0.027514
0.029448
0.032186
0.032764
0.029094
0.020506
0.007980
-0.005802
-0.017932
-0.027412
-0.034620
-0.038062
-0.033548
-0.018922
0.001130
0.017652
0.025530
0.027054
0.026540
0.023932
0.016118
0.002994
-0.011526
-0.024838
-0.038594
-0.054462
-0.069568
-0.079240
-0.083206
-0.085636
-0.088604
-0.088526
-0.080920
-0.066866
-0.052544
-0.043156
-0.039204
-0.038378
-0.038906
-0.040436
-0.043388
-0.048818
-0.058138
-0.071626
-0.087132
-0.100898
-0.109758
-0.112458
-0.109490
-0.102360
-0.092822
-0.081992
-0.070046
-0.057242
-0.045156
-0.036186
-0.031580
-0.030510
-0.031384
-0.033498
-0.037016
-0.041840
-0.047292
-0.052626
-0.057152
-0.059876
-0.059888
-0.057508
-0.054430
-0.052064
-0.049808
-0.045448
-0.037416
-0.026558
-0.015820
-0.008538
-0.006690
-0.010106
-0.016748
-0.023834
-0.029146
-0.031796
-0.032042
-0.030638
-0.028284
-0.025372
-0.022002
-0.018194
-0.014142
-0.010222
-0.006696
-0.003494
-0.000446
0.002244
0.003930
0.004036
0.002588
0.000012
-0.003706
-0.009340
-0.017398
-0.026720
-0.034730
-0.039576
-0.041678
-0.042562
-0.042504
-0.040482
-0.036446
-0.032256
-0.029560
-0.027972
-0.026658
-0.026818
-0.030510
-0.037210
-0.043878
-0.049140
-0.054986
-0.062302
-0.066634
-0.061464
-0.045576
-0.024412
-0.003682
0.015610
0.034280
0.049992
0.058516
0.059372
0.056986
0.055382
0.053950
0.049890
0.043086
0.036460
0.032086
0.028986
0.025308
0.021162
0.018320
0.017760
0.018472
0.018506
0.016518
0.012404
0.007258
0.003024
0.001640
0.003788
0.008550
0.014608
0.021604
0.029820
0.038648
0.046208
0.050862
0.052392
0.051130
0.046700
0.038748
0.028850
0.020226
0.015002
0.012642
0.011672
0.012054
0.014686
0.019086
0.023006
0.024540
0.023578
0.020844
0.016584
0.010898
0.004630
-0.001044
-0.005586
-0.008862
-0.010144
-0.008264
-0.002990
0.004374
0.012044
0.019008
0.025084
0.030322
0.034720
0.038210
0.040402
0.040578
0.038404
0.034616
0.030640
0.027524
0.025566
0.024958
0.026318
0.030146
0.035934
0.042116
0.046976
0.049624
0.050274
0.049840
0.049148
0.048198
0.046002
0.041308
0.033744
0.024392
0.015150
0.007504
0.001814
-0.002360
-0.005482
-0.007642
-0.008648
-0.008164
-0.005804
-0.001486
0.004014
0.009140
0.012596
0.014396
0.015568
0.016728
0.017274
0.016254
0.013750
0.011016
0.009238
0.008560
0.008424
0.008512
0.009070
0.010434
0.012494
0.014642
0.016076
0.016078
0.014094
0.009708
0.002776
-0.006140
-0.015538
-0.023532
-0.028910
-0.031600
-0.031948
-0.029916
-0.025390
-0.019214
-0.013270
-0.009220
-0.007416
-0.007316
-0.008626
-0.011570
-0.016018
-0.020914
-0.024864
-0.027190
-0.028084
-0.027780
-0.025954
-0.022218
-0.017116
-0.012168
-0.008638
-0.006390
-0.004326
-0.001940
0.000004
0.000560
-0.000126
-0.001094
-0.001894
-0.002940
-0.004432
-0.005578
-0.005312
-0.003478
-0.000784
0.002258
0.005870
0.010356
0.015336
0.019874
0.023228
0.025306
0.026524
0.027326
0.027906
0.028148
0.027836
0.026890
0.025422
0.023600
0.021462
0.018836
0.015344
0.010500
0.004028
-0.003762
-0.011920
-0.019412
-0.025786
-0.031184
-0.035572
-0.038108
-0.037638
-0.033908
-0.028066
-0.021756
-0.015780
-0.009864
-0.003482
0.003564
0.011336
0.019800
0.028262
0.035290
0.039882
0.042424
0.043596
0.042452
0.036688
0.025526
0.011602
-0.000906
-0.009798
-0.015854
-0.020702
-0.024796
-0.027752
-0.029570
-0.030660
-0.031132
-0.030818
-0.029966
-0.029178
-0.028604
-0.027682
-0.025876
-0.023334
-0.020638
-0.018176
-0.015946
-0.013722
-0.011252
-0.008440
-0.005572
-0.003284
-0.002230
-0.002860
-0.005532
-0.010502
-0.017588
-0.026066
-0.035134
-0.044302
-0.053032
-0.060278
-0.064934
-0.066744
-0.066274
-0.063828
-0.059038
-0.051826
-0.043308
-0.035220
-0.028644
-0.023862
-0.021198
-0.021126
-0.023348
-0.026394
-0.028624
-0.029312
-0.028530
-0.026480
-0.023486
-0.020344
-0.017880
-0.016234
-0.015108
-0.014776
-0.016108
-0.019306
-0.023282
-0.026838
-0.030024
-0.033676
-0.037818
-0.041352
-0.043304
-0.043760
-0.043314
-0.042242
-0.040666
-0.039074
-0.038000
-0.037314
-0.036364
-0.034944
-0.033680
-0.033324
-0.033976
-0.035078
-0.035910
-0.035862
-0.034578
-0.032218
-0.029534
-0.027416
-0.026248
-0.025730
-0.025172
-0.023852
-0.021458
-0.018622
-0.016848
-0.017276
-0.019286
-0.020872
-0.020810
-0.020040
-0.020356
-0.022038
-0.023506
-0.023322
-0.021652
-0.019384
-0.016522
-0.012212
-0.006094
0.001122
0.008378
0.014966
0.020410
0.024348
0.026960
0.029094
0.031480
0.033892
0.035550
0.036254
0.036786
0.038096
0.040352
0.042910
0.045060
0.046608
0.047660
0.047838
0.045906
0.040580
0.031954
0.021988
0.013190
0.006782
0.002370
-0.000810
-0.002836
-0.003346
-0.002234
0.000314
0.004102
0.008668
0.012888
0.015512
0.016396
0.016872
0.018554
0.021792
0.025410
0.027844
0.028254
0.026710
0.023728
0.020044
0.016674
0.014578
0.013770
0.012996
0.011128
0.009228
0.010632
0.018026
0.030228
0.042444
0.050138
0.052508
0.052060
0.051222
0.049874
0.045972
0.037992
0.026596
0.014306
0.003892
-0.003132
-0.006890
-0.008350
-0.008174
-0.006198
-0.001826
0.005150
0.013998
0.023206
0.031282
0.037510
0.041848
0.044118
0.043710
0.040500
0.035664
0.030886
0.026680
0.022190
0.016884
0.011646
0.007658
0.004832
0.002246
-0.000146
-0.001320
-0.000698
0.001174
0.003800
0.007562
0.012566
0.017408
0.020194
0.020530
0.019532
0.017882
0.015014
0.010596
0.005792
0.002230
0.000264
-0.000904
-0.001720
-0.001760
-0.000696
0.001140
0.003346
0.005844
0.008178
0.009128
0.007796
0.004818
0.001730
-0.000856
-0.003680
-0.007278
-0.010828
-0.013098
-0.013972
-0.014168
-0.013644
-0.011278
-0.006488
-0.000424
0.005122
0.009630
0.013934
0.018374
0.021632
0.021836
0.018538
0.013254
0.008146
0.004434
0.002020
0.000264
-0.001074
-0.001680
-0.001228
0.000250
0.002676
0.006258
0.010940
0.015498
0.017908
0.017156
0.014212
0.010592
0.006304
0.000148
-0.007936
-0.015886
-0.021410
-0.024132
-0.025118
-0.024928
-0.023132
-0.019668
-0.015542
-0.011890
-0.009018
-0.006888
-0.005918
-0.006700
-0.009180
-0.012648
-0.016356
-0.019694
-0.021970
-0.022612
-0.021678
-0.019732
-0.017220
-0.014412
-0.011952
-0.010750
-0.011046
-0.012122
-0.013376
-0.015140
-0.017764
-0.020284
-0.021042
-0.019710
-0.017786
-0.016544
-0.015218
-0.012066
-0.006854
-0.001434
0.002244
0.003868
0.004248
0.003776
0.002052
-0.001238
-0.005842
-0.011296
-0.017262
-0.023206
-0.028170
-0.031214
-0.032046
-0.031110
-0.029122
-0.026566
-0.023434
-0.019372
-0.014250
-0.008784
-0.004374
-0.002082
-0.001860
-0.002980
-0.004972
-0.007758
-0.011018
-0.014042
-0.016360
-0.018028
-0.018962
-0.018536
-0.016340
-0.013078
-0.010058
-0.007786
-0.005688
-0.003288
-0.001140
-0.000278
-0.001086
-0.003104
-0.005612
-0.007938
-0.009378
-0.009318
-0.007630
-0.004678
-0.000888
0.003494
0.008242
0.012954
0.017132
0.020246
0.021810
0.021652
0.020256
0.018528
0.017030
0.015632
0.013998
0.012130
0.010220
0.008336
0.006638
0.005556
0.005138
0.004364
0.001984
-0.001652
-0.004316
-0.004150
-0.001796
0.000494
0.001694
0.003060
0.006172
0.010816
0.015462
0.019254
0.022472
0.025170
0.026502
0.025970
0.024684
0.024502
0.026116
0.028658
0.031316
0.034454
0.038784
0.043910
0.048464
0.051558
0.053406
0.054328
0.053686
0.050386
0.044286
0.036618
0.028990
0.022278
0.016584
0.011788
0.007770
0.004310
0.001294
-0.000886
-0.001506
-0.000322
0.002008
0.004520
0.006716
0.008448
0.009186
0.007966
0.004288
-0.001204
-0.007128
-0.012270
-0.015896
-0.017548
-0.017002
-0.014466
-0.010440
-0.005274
0.000812
0.007192
0.012750
0.016706
0.019322
0.021328
0.022740
0.022728
0.020806
0.017742
0.014848
0.012532
0.010008
0.006456
0.002122
-0.001956
-0.004998
-0.006930
-0.007904
-0.007936
-0.007248
-0.006652
-0.007086
-0.008694
-0.010680
-0.012208
-0.013198
-0.014096
-0.015152
-0.016198
-0.017034
-0.017602
-0.017782
-0.017416
-0.016686
-0.016150
-0.016058
-0.015796
-0.014314
-0.011120
-0.006624
-0.001568
0.003590
0.008622
0.013216
0.016990
0.019726
0.021334
0.021578
0.020102
0.016920
0.012802
0.008876
0.005676
0.002728
-0.000634
-0.003982
-0.005658
-0.004234
-0.000008
0.005286
0.010248
0.014838
0.019600
0.024360
0.028202
0.030472
0.031262
0.030978
0.029960
0.028692
0.027786
0.027378
0.026774
0.025060
0.022064
0.018492
0.015326
0.013190
0.012126
0.011552
0.010610
0.008988
0.007410
0.006870
0.007370
0.007864
0.007632
0.007216
0.007608
0.008922
0.010368
0.011396
0.012248
0.013362
0.014742
0.016098
0.017318
0.018518
0.019786
0.021094
0.022356
0.023384
0.023868
0.023476
0.021938
0.019042
0.014794
0.009680
0.004536
-0.000002
-0.003784
-0.006724
-0.008354
-0.008188
-0.006462
-0.004136
-0.002050
-0.000274
0.001564
0.003568
0.005356
0.006464
0.006750
0.006436
0.005730
0.004462
0.002132
-0.001454
-0.005674
-0.009456
-0.012306
-0.014738
-0.017526
-0.020636
-0.023102
-0.023892
-0.022756
-0.020322
-0.017630
-0.015444
-0.013720
-0.011670
-0.008550
-0.004508
-0.000494
0.002662
0.004964
0.006956
0.008954
0.010768
0.012000
0.012390
0.011832
0.010278
0.007766
0.004578
0.001326
-0.001270
-0.002862
-0.003688
-0.004116
-0.003956
-0.002570
0.000142
0.003170
0.005206
0.005856
0.005662
0.005066
0.003984
0.002504
0.001252
0.000548
-0.000276
-0.001894
-0.003558
-0.003584
-0.001446
0.001414
0.003394
0.004642
0.006366
0.008672
0.010190
0.009986
0.008744
0.007356
0.005096
0.000302
-0.007124
-0.014902
-0.020414
-0.022998
-0.023746
-0.023594
-0.022446
-0.020002
-0.016572
-0.012634
-0.008070
-0.002426
0.004154
0.010712
0.016194
0.020122
0.022452
0.023148
0.022066
0.019116
0.014310
0.007780
-0.000034
-0.008192
-0.015476
-0.020900
-0.024054
-0.025186
-0.025092
-0.024718
-0.024466
-0.023844
-0.022164
-0.019666
-0.017460
-0.016198
-0.015312
-0.014170
-0.013658
-0.015638
-0.020704
-0.027220
-0.032864
-0.036480
-0.037816
-0.036312
-0.031362
-0.023802
-0.015988
-0.009938
-0.005920
-0.003134
-0.001012
0.000638
0.001942
0.002462
0.000822
-0.004050
-0.011246
-0.018424
-0.024128
-0.028692
-0.032548
-0.034834
-0.034508
-0.032006
-0.028620
-0.024622
-0.019334
-0.013014
-0.007420
-0.004084
-0.003144
-0.004420
-0.008400
-0.014952
-0.021826
-0.026192
-0.027820
-0.029272
-0.032262
-0.034852
-0.033416
-0.027034
-0.018862
-0.012984
-0.010592
-0.009626
-0.007616
-0.004154
-0.000506
0.002578
0.005878
0.010290
0.015026
0.018182
0.019256
0.020264
0.023552
0.028892
0.033556
0.035196
0.033846
0.030982
0.027734
0.024676
0.022532
0.021874
0.022186
0.022182
0.021398
0.020770
0.021372
0.023092
0.024956
0.026266
0.027026
0.027530
0.028106
0.029068
0.030354
0.031362
0.031668
0.031748
0.032282
0.032698
0.031388
0.027900
0.024130
0.022508
0.023446
0.025520
0.027856
0.031040
0.035332
0.039342
0.041406
0.041524
0.040754
0.039050
0.035098
0.028468
0.020692
0.013544
0.007162
0.000788
-0.005174
-0.009072
-0.010034
-0.009124
-0.008036
-0.007290
-0.006264
-0.004496
-0.002170
0.000682
0.004738
0.010566
0.017420
0.023248
0.026232
0.026288
0.024812
0.022994
0.020604
0.016730
0.011332
0.005538
0.000416
-0.003866
-0.007328
-0.009320
-0.009106
-0.007124
-0.004790
-0.002940
-0.001206
0.000672
0.001602
0.000018
-0.004196
-0.009438
-0.014196
-0.018424
-0.022752
-0.026810
-0.029044
-0.028252
-0.024704
-0.019620
-0.013864
-0.007482
-0.000238
0.007744
0.015864
0.023254
0.029128
0.033270
0.036092
0.037716
0.036814
0.031156
0.020216
0.007032
-0.003560
-0.008996
-0.010802
-0.012012
-0.013508
-0.013688
-0.011346
-0.007614
-0.004690
-0.003538
-0.003520
-0.003834
-0.004402
-0.005384
-0.006568
-0.007656
-0.008778
-0.010354
-0.012548
-0.015088
-0.017484
-0.019284
-0.020178
-0.020104
-0.019354
-0.018406
-0.017554
-0.016584
-0.014816
-0.011620
-0.007176
-0.002776
-0.000108
0.000046
-0.001772
-0.004812
-0.009348
-0.016248
-0.025258
-0.034384
-0.041402
-0.045506
-0.046984
-0.045772
-0.041226
-0.033440
-0.023840
-0.014092
-0.005134
0.002182
0.006352
0.006346
0.003188
-0.000892
-0.005302
-0.011910
-0.022164
-0.034208
-0.044054
-0.049472
-0.051592
-0.052646
-0.053146
-0.051994
-0.048502
-0.043360
-0.037862
-0.032976
-0.029350
-0.027540
-0.027846
-0.030094
-0.033802
-0.038434
-0.043456
-0.048292
-0.052396
-0.055200
-0.056100
-0.054726
-0.051406
-0.047172
-0.043188
-0.040206
-0.038498
-0.037980
-0.038242
-0.038720
-0.039128
-0.039556
-0.039922
-0.039646
-0.038238
-0.036040
-0.033896
-0.032082
-0.030186
-0.028146
-0.026770
-0.026744
-0.027564
-0.027996
-0.027482
-0.026556
-0.025984
-0.026082
-0.026906
-0.028470
-0.030442
-0.032096
-0.032936
-0.033188
-0.033352
-0.033556
-0.033654
-0.033650
-0.033572
-0.033096
-0.031844
-0.029974
-0.028004
-0.026034
-0.023648
-0.020722
-0.017708
-0.014884
-0.011866
-0.008370
-0.004996
-0.002558
-0.000766
0.001666
0.005526
0.010222
0.014588
0.018066
0.020796
0.023028
0.024934
0.026814
0.028920
0.030990
0.032318
0.032374
0.031134
0.028722
0.025122
0.020498
0.015696
0.011878
0.009472
0.007714
0.005610
0.003294
0.002000
0.002440
0.003686
0.004196
0.003772
0.003766
0.005248
0.007666
0.009818
0.011464
0.013172
0.014880
0.015736
0.015508
0.015182
0.015494
0.015594
0.014076
0.011028
0.008108
0.006486
0.005586
0.004242
0.002386
0.000898
0.000208
-0.000106
-0.000390
-0.000442
-0.000262
-0.000614
-0.002136
-0.004192
-0.005290
-0.004728
-0.003220
-0.001734
-0.000230
0.002012
0.005204
0.008672
0.011510
0.013122
0.013234
0.012106
0.010882
0.011114
0.013416
0.016836
0.019940
0.022330
0.024600
0.027076
0.029256
0.030568
0.031012
0.030686
0.029094
0.025552
0.020270
0.014634
0.010248
0.007804
0.006806
0.006304
0.005868
0.005956
0.007292
0.009826
0.012452
0.013932
0.013958
0.013062
0.011580
0.009218
0.005786
0.001978
-0.000986
-0.002392
-0.002378
-0.001296
0.000866
0.004286
0.008814
0.013980
0.019356
0.024668
0.029512
0.033316
0.035686
0.036666
0.036394
0.034742
0.031546
0.027190
0.022598
0.018546
0.015292
0.013032
0.012356
0.013714
0.016534
0.019400
0.021298
0.022310
0.022876
0.022780
0.021348
0.018450
0.014824
0.011338
0.008348
0.005934
0.004356
0.003956
0.004778
0.006562
0.009140
0.012492
0.016316
0.019718
0.021638
0.021656
0.020210
0.017956
0.015022
0.011230
0.006974
0.003340
0.001078
-0.000114
-0.000648
0.000262
0.003978
0.010254
0.016612
0.020664
0.022422
0.023552
0.024708
0.024826
0.022960
0.019524
0.015218
0.009870
0.003358
-0.003030
-0.007458
-0.009672
-0.011236
-0.013354
-0.015300
-0.015272
-0.012132
-0.005934
0.002426
0.011312
0.018546
0.022620
0.023950
0.024442
0.025390
0.025978
0.024036
0.018172
0.009256
-0.000056
-0.007242
-0.011616
-0.014256
-0.016256
-0.017340
-0.016494
-0.013736
-0.010522
-0.008192
-0.006628
-0.004982
-0.003302
-0.002608
-0.003266
-0.004028
-0.003178
-0.000362
0.003192
0.006170
0.008344
0.010132
0.011466
0.011608
0.010110
0.007482
0.004674
0.002134
-0.000314
-0.002804
-0.005046
-0.006638
-0.007398
-0.007230
-0.006030
-0.004050
-0.002116
-0.000990
-0.000542
-0.000006
0.000956
0.001814
0.001986
0.001594
0.001104
0.000570
-0.000210
-0.000976
-0.001116
-0.000630
-0.000408
-0.001102
-0.002114
-0.002250
-0.001314
-0.000514
-0.001152
-0.003318
-0.006094
-0.008638
-0.010688
-0.012264
-0.013470
-0.014650
-0.016124
-0.017556
-0.017996
-0.016990
-0.015378
-0.014494
-0.014680
-0.015062
-0.014838
-0.014268
-0.014156
-0.014796
-0.015782
-0.016606
-0.017034
-0.017006
-0.016540
-0.015746
-0.014776
-0.013792
-0.013200
-0.013668
-0.015498
-0.018030
-0.020172
-0.021582
-0.022928
-0.024878
-0.027328
-0.029810
-0.032074
-0.033788
-0.034236
-0.032996
-0.030674
-0.028124
-0.024952
-0.019786
-0.012416
-0.004866
0.000344
0.002648
0.003494
0.004238
0.004734
0.004056
0.001916
-0.000946
-0.003380
-0.004572
-0.004544
-0.004276
-0.005092
-0.007468
-0.010450
-0.012552
-0.013204
-0.013072
-0.013048
-0.013338
-0.013648
-0.013806
-0.013844
-0.013714
-0.013414
-0.013368
-0.014166
-0.015578
-0.016194
-0.014452
-0.009968
-0.003544
0.003974
0.012290
0.021008
0.029104
0.035554
0.040114
0.042612
0.041712
0.035532
0.024154
0.010780
-0.000582
-0.008596
-0.015012
-0.021630
-0.027768
-0.031220
-0.030962
-0.028004
-0.023788
-0.018738
-0.012692
-0.006118
-0.000204
0.004132
0.006860
0.008408
0.008864
0.007760
0.004580
-0.000510
-0.006338
-0.011178
-0.013778
-0.014070
-0.012832
-0.010706
-0.007666
-0.003462
0.001666
0.006880
0.011334
0.014702
0.017144
0.018838
0.019646
0.019208
0.017406
0.014746
0.012176
0.010460
0.009736
0.009704
0.010108
0.010842
0.011696
0.012282
0.012326
0.011804
0.010696
0.008862
0.006394
0.003924
0.002220
0.001560
0.001862
0.003450
0.007124
0.013126
0.020318
0.026902
0.031896
0.035504
0.038096
0.039378
0.038820
0.036512
0.033122
0.029250
0.025266
0.021688
0.019198
0.018112
0.018190
0.019184
0.021230
0.024368
0.027996
0.031270
0.033964
0.036474
0.038886
0.040552
0.040782
0.039656
0.037772
0.035446
0.032576
0.029182
0.025588
0.021980
0.018276
0.014776
0.012510
0.012306
0.013508
0.014224
0.013186
0.011074
0.009562
0.009262
0.009202
0.008440
0.007600
0.008210
0.010812
0.014448
0.018064
0.021634
0.025358
0.028358
0.029174
0.027562
0.024984
0.022784
0.020516
0.016670
0.010878
0.004602
-0.000346
-0.003446
-0.005330
-0.006520
-0.006760
-0.005516
-0.002708
0.001100
0.005052
0.008398
0.010674
0.011692
0.011502
0.010450
0.009076
0.007758
0.006430
0.004848
0.003236
0.002380
0.002924
0.004752
0.007238
0.009904
0.012594
0.015146
0.017308
0.018860
0.019444
0.018338
0.014954
0.009826
0.004614
0.000720
-0.001866
-0.004036
-0.006176
-0.007796
-0.008318
-0.007624
-0.005768
-0.002782
0.000962
0.004680
0.007902
0.011020
0.014654
0.018630
0.022012
0.024074
0.024790
0.024324
0.022580
0.019570
0.015854
0.012130
0.008548
0.004886
0.001460
-0.000606
-0.000390
0.001722
0.004172
0.005590
0.005850
0.005854
0.006426
0.007458
0.008036
0.007288
0.005196
0.002704
0.001018
0.000650
0.001080
0.001278
0.000594
-0.000848
-0.002504
-0.003946
-0.005028
-0.005680
-0.005738
-0.005048
-0.003644
-0.001716
0.000610
0.003326
0.006310
0.009094
0.011106
0.012228
0.013026
0.014204
0.015908
0.017664
0.018932
0.019494
0.019386
0.018790
0.018084
0.017568
0.016856
0.014934
0.011352
0.007216
0.004362
0.003390
0.003050
0.001808
-0.000506
-0.003020
-0.005240
-0.007350
-0.009296
-0.010588
-0.011344
-0.012748
-0.015720
-0.019442
-0.021966
-0.022336
-0.021424
-0.020518
-0.019690
-0.018110
-0.015606
-0.013130
-0.011628
-0.011010
-0.010660
-0.010556
-0.011260
-0.012808
-0.014242
-0.014634
-0.014204
-0.013964
-0.014354
-0.014802
-0.014748
-0.014534
-0.014958
-0.016246
-0.017976
-0.019830
-0.021876
-0.024074
-0.026050
-0.027566
-0.028832
-0.030004
-0.030734
-0.030632
-0.029906
-0.029116
-0.028288
-0.026864
-0.024518
-0.021596
-0.018590
-0.015598
-0.012594
-0.009874
-0.007860
-0.006812
-0.007078
-0.009322
-0.013838
-0.019722
-0.025408
-0.030144
-0.034348
-0.038220
-0.040626
-0.040050
-0.036302
-0.030732
-0.024882
-0.019524
-0.014902
-0.011180
-0.008406
-0.006546
-0.005898
-0.007002
-0.009714
-0.012818
-0.015080
-0.016498
-0.017866
-0.019264
-0.019714
-0.018552
-0.016488
-0.014836
-0.014056
-0.013618
-0.013046
-0.012520
-0.012352
-0.012374
-0.012088
-0.011114
-0.009282
-0.006494
-0.002876
0.000972
0.004238
0.006570
0.008390
0.010368
0.012620
0.014564
0.015566
0.015556
0.014902
0.013872
0.012508
0.010998
0.009754
0.008924
0.008116
0.007020
0.006100
0.006146
0.007104
0.007850
0.007402
0.005928
0.004174
0.002290
-0.000182
-0.003274
-0.006252
-0.008528
-0.010330
-0.012070
-0.013366
-0.013260
-0.011408
-0.008596
-0.005856
-0.003332
-0.000264
0.003866
0.008404
0.011942
0.013698
0.014314
0.014996
0.016040
0.016540
0.015682
0.013770
0.011540
0.008818
0.004672
-0.000966
-0.006494
-0.009934
-0.010760
-0.010068
-0.009104
-0.008120
-0.006602
-0.004228
-0.001334
0.001360
0.003320
0.004532
0.005370
0.006206
0.007246
0.008698
0.010804
0.013398
0.015630
0.016558
0.016052
0.014728
0.012938
0.010300
0.006460
0.001828
-0.002814
-0.007092
-0.010946
-0.014054
-0.016072
-0.017374
-0.018788
-0.020338
-0.020924
-0.019712
-0.017338
-0.015120
-0.013410
-0.011422
-0.008662
-0.005822
-0.003934
-0.003232
-0.003182
-0.003360
-0.003880
-0.005084
-0.007202
-0.010252
-0.013958
-0.017718
-0.020842
-0.022880
-0.023622
-0.022968
-0.021054
-0.018468
-0.015978
-0.013842
-0.011718
-0.009446
-0.007658
-0.007234
-0.008222
-0.009692
-0.010732
-0.011278
-0.011740
-0.012150
-0.012076
-0.011304
-0.010096
-0.008602
-0.006384
-0.003020
0.000976
0.004294
0.006090
0.006752
0.007164
0.007440
0.006832
0.004858
0.002118
-0.000202
-0.001378
-0.001570
-0.001368
-0.001234
-0.001268
-0.001320
-0.001208
-0.000928
-0.000666
-0.000640
-0.001060
-0.002244
-0.004428
-0.007250
-0.009722
-0.011140
-0.011964
-0.013224
-0.015110
-0.016734
-0.017512
-0.018006
-0.018862
-0.019626
-0.019570
-0.019346
-0.020358
-0.022208
-0.022142
-0.018112
-0.011700
-0.006668
-0.004872
-0.004836
-0.004424
-0.003480
-0.003014
-0.002988
-0.002364
-0.001064
-0.000458
-0.001446
-0.003022
-0.003482
-0.002618
-0.001966
-0.002916
-0.005186
-0.007260
-0.007986
-0.007426
-0.006320
-0.005106
-0.003746
-0.002348
-0.001556
-0.001896
-0.002928
-0.003506
-0.003012
-0.001940
-0.001112
-0.000730
-0.000594
-0.000790
-0.001548
-0.002500
-0.002864
-0.002476
-0.002058
-0.002168
-0.002374
-0.001880
-0.000610
0.000840
0.002020
0.002890
0.003332
0.003032
0.001998
0.000876
0.000496
0.001290
0.003076
0.005200
0.006974
0.008480
0.010966
0.015776
0.022464
0.028452
0.031204
0.030554
0.028364
0.026106
0.023544
0.019876
0.015382
0.011358
0.008900
0.008312
0.009470
0.012032
0.015248
0.018196
0.020596
0.023070
0.026162
0.029244
0.030756
0.029702
0.026686
0.023390
0.021168
0.020218
0.019934
0.019804
0.019860
0.020472
0.021852
0.023744
0.025534
0.026624
0.026816
0.026246
0.025030
0.023068
0.020338
0.017276
0.014478
0.012060
0.009626
0.007062
0.004946
0.003730
0.002908
0.001712
0.000698
0.001774
0.006044
0.012094
0.017208
0.020166
0.022108
0.024508
0.027168
0.028708
0.028548
0.027430
0.026096
0.024230
0.021228
0.017466
0.014156
0.011988
0.010510
0.009088
0.008056
0.008346
0.010088
0.012098
0.013056
0.012834
0.012270
0.011900
0.011514
0.010996
0.010858
0.011478
0.012272
0.012334
0.011780
0.011664
0.012400
0.012984
0.012382
0.011214
0.011264
0.013330
0.016196
0.018030
0.018266
0.017682
0.017016
0.016088
0.014330
0.011644
0.008406
0.004948
0.001492
-0.001458
-0.003148
-0.003266
-0.002374
-0.001330
-0.000372
0.000862
0.002404
0.003490
0.003324
0.002004
0.000262
-0.001584
-0.003882
-0.006680
-0.008982
-0.009448
-0.007802
-0.005174
-0.003024
-0.001900
-0.001400
-0.001082
-0.001190
-0.002370
-0.004822
-0.007928
-0.010794
-0.013108
-0.015194
-0.017266
-0.018948
-0.019806
-0.020166
-0.020936
-0.022526
-0.024282
-0.025242
-0.025240
-0.024926
-0.024724
-0.024126
-0.022264
-0.019086
-0.015620
-0.012922
-0.010910
-0.008514
-0.005094
-0.001410
0.001168
0.002208
0.002568
0.003068
0.003392
0.002706
0.001058
-0.000470
-0.001052
-0.001070
-0.001398
-0.002106
-0.002312
-0.001362
0.000234
0.001278
0.001182
0.000618
0.000734
0.001874
0.003220
0.003756
0.003364
0.002780
0.002638
0.002818
0.002784
0.002244
0.001330
0.000358
-0.000364
-0.000646
-0.000586
-0.000564
-0.000798
-0.000972
-0.000560
0.000438
0.001360
0.001602
0.001358
0.001472
0.002630
0.004760
0.007120
0.008946
0.010060
0.010848
0.011588
0.011916
0.011236
0.009660
0.008168
0.007586
0.007720
0.007848
0.007892
0.008606
0.010574
0.013464
0.016456
0.019006
0.020954
0.022118
0.022270
0.021490
0.020170
0.018496
0.016102
0.012460
0.007584
0.002280
-0.002348
-0.005680
-0.007880
-0.009440
-0.010468
-0.010574
-0.009494
-0.007690
-0.006102
-0.005356
-0.005432
-0.006024
-0.007014
-0.008446
-0.010272
-0.012242
-0.013910
-0.014636
-0.013900
-0.011858
-0.009420
-0.007372
-0.005470
-0.002826
0.000762
0.004370
0.006986
0.008510
0.009316
0.009282
0.007984
0.005694
0.003408
0.001680
0.000144
-0.001508
-0.002784
-0.003306
-0.003816
-0.005332
-0.007426
-0.008488
-0.007914
-0.007020
-0.007124
-0.007536
-0.006506
-0.003818
-0.001270
-0.000494
-0.001242
-0.002250
-0.002954
-0.003632
-0.004384
-0.004890
-0.005054
-0.005050
-0.004590
-0.002920
0.000010
0.002844
0.003882
0.002806
0.000908
-0.000394
-0.000898
-0.001422
-0.002650
-0.004430
-0.006070
-0.006990
-0.007046
-0.006400
-0.005310
-0.004094
-0.003188
-0.003056
-0.003832
-0.005082
-0.006066
-0.006428
-0.006520
-0.006908
-0.007578
-0.007866
-0.007214
-0.005744
-0.003952
-0.002102
-0.000228
0.001400
0.002352
0.002666
0.002936
0.003440
0.003560
0.002558
0.000768
-0.000574
-0.000772
-0.000494
-0.000890
-0.002274
-0.004028
-0.005504
-0.006542
-0.007206
-0.007530
-0.007734
-0.008298
-0.009512
-0.011030
-0.012098
-0.012244
-0.011638
-0.010754
-0.009782
-0.008452
-0.006462
-0.004000
-0.001680
0.000062
0.001334
0.002406
0.003160
0.003220
0.002584
0.001778
0.001266
0.000956
0.000500
-0.000162
-0.000762
-0.001076
-0.001104
-0.001000
-0.000970
-0.001136
-0.001298
-0.001042
-0.000290
0.000456
0.000780
0.001088
0.002100
0.003696
0.004936
0.005410
0.005906
0.007216
0.008950
0.010236
0.011236
0.012878
0.015106
0.016500
0.016198
0.015346
0.015674
0.017020
0.017364
0.015450
0.012398
0.010210
0.009330
0.008498
0.006736
0.004560
0.003036
0.002312
0.001630
0.000412
-0.001228
-0.002952
-0.004598
-0.006026
-0.006958
-0.007260
-0.007114
-0.006716
-0.006042
-0.005094
-0.004174
-0.003606
-0.003298
-0.002974
-0.002744
-0.003104
-0.004274
-0.005870
-0.007334
-0.008384
-0.008954
-0.009084
-0.009184
-0.010000
-0.011838
-0.013970
-0.015294
-0.015658
-0.016018
-0.017104
-0.018318
-0.018358
-0.016750
-0.014438
-0.012796
-0.012336
-0.012510
-0.012540
-0.012232
-0.011924
-0.011888
-0.012026
-0.012164
-0.012332
-0.012554
-0.012514
-0.011856
-0.010762
-0.009880
-0.009458
-0.008940
-0.007764
-0.006328
-0.005710
-0.006368
-0.007594
-0.008424
-0.008796
-0.014424
-0.015552
-0.016642
-0.017026
-0.016814
-0.016656
-0.016728
-0.016416
-0.015198
-0.013452
-0.012040
-0.011260
-0.010668
-0.009950
-0.009392
-0.009242
-0.009090
-0.008402
-0.007400
-0.006836
-0.006938
-0.007104
-0.006780
-0.006142
-0.005730
-0.005826
-0.006496
-0.007806
-0.009620
-0.011404
-0.012680
-0.013490
-0.014032
-0.013998
-0.012838
-0.010636
-0.008252
-0.006408
-0.005120
-0.004162
-0.003618
-0.003654
-0.004140
-0.004868
-0.005914
-0.007344
-0.008780
-0.009718
-0.010220
-0.010758
-0.011352
-0.011390
-0.010494
-0.009072
-0.007698
-0.006254
-0.004236
-0.001724
0.000444
0.001622
0.002078
0.002498
0.003044
0.003200
0.002554
0.001398
0.000426
-0.000034
-0.000230
-0.000496
-0.000750
-0.000646
-0.000086
0.000702
0.001648
0.003030
0.004974
0.006926
0.008032
0.008104
0.007876
0.008076
0.008508
0.008368
0.007374
0.006262
0.006016
0.006898
0.008354
0.009760
0.010936
0.011986
0.012912
0.013536
0.013690
0.013312
0.012434
0.011188
0.009814
0.008524
0.007318
0.006060
0.004780
0.003744
0.003136
0.002846
0.002712
0.002892
0.003700
0.005070
0.006494
0.007604
0.008556
0.009618
0.010568
0.010902
0.010586
0.010160
0.009944
0.009530
0.008422
0.006946
0.006040
0.006034
0.006122
0.005338
0.003790
0.002490
0.002024
0.001854
0.001166
0.000018
-0.000826
-0.001100
-0.001456
-0.002472
-0.003666
-0.004102
-0.003742
-0.003576
-0.004230
-0.005060
-0.005092
-0.004440
-0.004144
-0.004696
-0.005418
-0.005534
-0.005248
-0.005322
-0.005924
-0.006506
-0.006714
-0.006846
-0.007232
-0.007690
-0.007874
-0.007874
-0.008044
-0.008374
-0.008448
-0.008060
-0.007554
-0.007384
-0.007536
-0.007622
-0.007426
-0.007146
-0.007098
-0.007300
-0.007496
-0.007438
-0.007098
-0.006618
-0.006166
-0.005860
-0.005728
-0.005688
-0.005552
-0.005164
-0.004530
-0.003830
-0.003250
-0.002864
-0.002640
-0.002536
-0.002524
-0.002572
-0.002660
-0.002848
-0.003194
-0.003646
-0.004022
-0.004192
-0.004212
-0.004250
-0.004366
-0.004436
-0.004312
-0.003974
-0.003506
-0.002960
-0.002334
-0.001652
-0.001016
-0.000508
-0.000090
0.000356
0.000862
0.001324
0.001632
0.001808
0.001974
0.002182
0.002378
0.002506
0.002616
0.002786
0.002978
0.003058
0.002962
0.002804
0.002742
0.002788
0.002812
0.002748
0.002690
0.002786
0.003038
0.003310
0.003494
0.003620
0.003786
0.004004
0.004192
0.004280
0.004280
0.004252
0.004238
0.004250
0.004282
0.004342
0.004438
0.004568
0.004722
0.004896
0.005086
0.005302
0.005548
0.005796
0.006004
0.006162
0.006300
0.006460
0.006644
0.006814
0.006944
0.007050
0.007164
0.007302
0.007454
0.007608
0.007756
0.007906
0.008058
0.008210
0.008360
0.008510
0.008660
0.008808
0.008956
0.009102
0.009248
0.009392
0.009534
0.009676
0.009818
0.009958
0.010096
0.010234
0.010370
0.010506
0.010638
0.010772
0.010902
0.011032
