-0.004386
-0.032000
-0.011806
0.093580
0.221344
0.203892
0.082184
-0.063906
-0.175290
-0.200854
-0.188898
0.056760
0.446958
0.171354
-0.423770
-0.705736
-0.689128
-0.519732
-0.167198
0.363332
0.447514
0.409682
0.424448
0.185890
-0.240952
-0.248952
0.316216
0.422074
0.003712
0.174790
0.605786
0.301858
-0.203926
-0.274982
-0.371836
-0.676036
-0.727540
-0.141974
0.443038
0.539942
0.520940
0.352276
0.154626
0.264788
0.420818
0.470348
0.382934
0.138448
-0.287668
-0.619440
-0.683150
-0.308990
0.201468
0.276946
0.159616
0.243592
0.183008
-0.280876
-0.613532
-0.425358
0.043932
0.302658
0.385130
0.147876
-0.174464
-0.413290
-0.269198
-0.003218
0.075478
0.060868
0.001936
-0.230296
-0.467144
-0.358224
0.198710
0.717576
0.813452
0.613252
0.493084
0.189850
-0.326282
-0.798590
-1.228720
-1.078510
-0.293716
0.088456
0.601796
0.906074
0.419998
-0.096382
-0.007680
0.464392
0.532120
0.300372
-0.428132
-1.009764
-1.132342
-1.005134
-0.251786
0.998724
1.668646
1.250988
0.594126
0.000792
-0.298420
-0.414278
-0.450988
-0.199694
0.340532
0.984608
0.561528
-0.259192
-1.240342
-1.461900
-1.183418
-0.248402
0.849564
1.604424
0.972282
-0.143774
-1.034228
-0.439624
0.765112
0.852036
-0.630618
-0.681208
0.096796
0.482820
0.900050
0.871262
0.349000
-0.226072
-0.485892
-0.582058
-0.486312
-0.028596
0.586570
0.416902
-0.068126
-0.341982
-0.360138
-0.205822
0.456570
0.834588
0.655954
0.368800
0.064870
-0.292500
-0.618824
-0.805382
-0.730746
-0.286240
0.496832
1.022614
0.803500
0.118240
-0.472678
-0.746778
-0.652352
-0.209944
0.096322
0.132606
0.193908
0.260362
0.198098
-0.174124
-0.383288
-0.444212
-0.480816
-0.439506
-0.069396
0.257672
0.372566
0.363168
0.277238
-0.021008
-0.471432
-0.731672
-0.800014
-0.780712
-0.501098
-0.147286
0.181344
0.554290
0.730306
0.451488
0.016358
-0.210926
-0.282132
-0.395586
-0.393276
-0.108934
0.333848
0.581318
0.603740
0.367172
-0.039436
-0.442552
-0.568996
-0.435420
-0.073020
0.254576
0.426180
0.443024
0.373226
0.203132
-0.107526
-0.474736
-0.514926
-0.214336
0.086138
0.029016
-0.218086
-0.305678
-0.268614
-0.256072
-0.292502
-0.319282
-0.160496
-0.035664
-0.059224
-0.095246
-0.096800
-0.116666
-0.187496
-0.228726
-0.211846
-0.144750
-0.082950
-0.061466
-0.065602
-0.105990
-0.147520
-0.239288
-0.297220
-0.307602
-0.329144
-0.294716
-0.182696
-0.008592
0.143744
0.156252
0.174968
0.328342
0.469728
0.562416
0.728904
0.875682
0.918610
0.831386
0.664800
0.501330
0.422086
0.399912
0.348810
0.284418
0.228202
0.155790
0.054638
-0.051888
-0.155266
-0.223066
-0.239578
-0.228938
-0.176688
-0.116228
-0.043366
0.003234
-0.001926
-0.044096
-0.093248
-0.082258
0.018246
0.213690
0.319556
0.308310
0.215508
0.098388
0.046592
-0.015030
-0.141866
-0.496306
-0.962088
-1.317294
-1.509790
-1.523124
-1.353562
-1.076968
-0.908324
-0.850958
-0.809820
-0.644708
-0.213130
0.243594
0.679892
1.135352
1.548634
1.649068
1.390834
1.011442
0.647432
0.269118
-0.122332
-0.507798
-0.867550
-0.994318
-0.927770
-0.783488
-0.602426
-0.285960
0.462738
1.002824
0.990618
0.771610
0.594644
0.238758
0.103400
0.140680
0.104996
0.067460
0.051800
0.060856
0.058374
0.108676
0.231688
0.423230
0.438756
0.322942
0.197114
0.004432
-0.163242
-0.278646
-0.318036
-0.324386
-0.310954
-0.207214
0.004274
0.214444
0.348596
0.306794
0.228178
0.144926
-0.112062
-0.551614
-0.681880
-0.369074
0.085152
0.376674
0.472364
0.446188
0.247874
-0.005274
-0.195122
-0.218396
-0.097894
0.073460
0.146760
0.090968
0.021456
0.066782
0.221850
0.238432
0.047058
-0.009698
0.003262
-0.019928
-0.038456
-0.032466
0.066274
0.119898
0.017220
-0.141318
-0.151884
-0.071514
-0.109252
-0.395640
-0.593578
-0.607216
-0.584168
-0.508304
-0.372916
-0.194008
0.000986
0.095486
0.096750
0.083934
0.037902
-0.115634
-0.399204
-0.605434
-0.701388
-0.605714
-0.403504
-0.115976
0.300326
0.526186
0.574332
0.611744
0.504716
0.397422
0.160304
-0.102404
-0.489036
-0.899756
-1.123270
-1.108466
-0.960596
-0.501452
0.049778
0.642720
1.088690
1.181442
1.175724
1.017154
0.697136
0.312506
-0.071242
-0.432202
-0.631302
-0.631528
-0.382116
-0.077994
0.176044
0.442838
0.513476
0.499978
0.542200
0.620284
0.595908
0.488770
0.364836
0.318862
0.160830
-0.167750
-0.556016
-0.640068
-0.549816
-0.290490
-0.143114
-0.221570
-0.463688
-0.716892
-0.872888
-0.855584
-0.356172
0.365158
0.937300
1.174240
1.085750
0.842042
0.504606
0.132032
-0.181468
-0.533966
-0.657578
-0.569036
-0.312640
0.144744
0.578588
0.754614
0.769890
0.534632
0.105006
-0.320702
-0.618704
-0.784958
-0.842912
-0.593588
-0.186730
0.125490
0.471074
0.827760
0.981674
0.633468
0.096468
-0.275468
-0.362140
-0.217504
-0.040020
0.221550
0.425514
0.446796
0.320234
0.063516
-0.155054
-0.307154
-0.219926
0.057208
0.282182
0.340890
0.270310
0.078560
-0.198548
-0.405780
-0.469106
-0.460290
-0.377008
-0.093504
0.405280
0.675860
0.575832
0.408864
0.097684
-0.213072
-0.412618
-0.467422
-0.297786
0.002600
0.299810
0.542738
0.706778
0.710662
0.472384
0.180702
-0.085042
-0.312562
-0.425382
-0.456260
-0.383762
-0.202230
-0.013104
0.132708
0.251448
0.355800
0.369308
0.271508
0.130704
-0.019884
-0.122168
-0.186660
-0.144646
0.056960
0.236574
0.312320
0.269436
0.148958
-0.032350
-0.208314
-0.280378
-0.238970
-0.088184
0.037062
0.058528
0.090962
0.196922
0.187958
0.026102
-0.127772
-0.127910
-0.053110
-0.028590
-0.025138
0.038718
0.197550
0.297042
0.264528
0.166036
0.019528
-0.118370
-0.251646
-0.250634
-0.104800
-0.005332
0.009984
0.027946
0.062258
-0.018388
-0.144308
-0.169520
-0.059606
0.013058
-0.071690
-0.217478
-0.238218
-0.150082
-0.103644
-0.195706
-0.265076
-0.203588
-0.082150
-0.027858
-0.027680
-0.019058
-0.016908
-0.041544
-0.083820
-0.085940
-0.029330
0.040370
0.063760
0.045916
0.005388
-0.040582
-0.071890
-0.118458
-0.212856
-0.257316
-0.226072
-0.164986
-0.135624
-0.134084
-0.132642
-0.133598
-0.123396
-0.072116
0.040148
0.136920
0.222632
0.286648
0.306712
0.235494
0.045968
-0.136644
-0.229302
-0.388080
-0.553158
-0.529704
-0.275978
-0.073534
-0.116670
-0.156824
0.096118
0.395262
0.445284
0.320778
0.164528
0.072154
-0.033660
-0.173044
-0.273770
-0.244204
0.029182
0.364686
0.541428
0.525536
0.414792
0.191372
-0.092636
-0.313462
-0.408012
-0.264428
-0.038212
0.131918
0.188684
0.139622
0.052080
-0.030408
-0.048964
0.055184
0.191334
0.203570
0.128046
0.090188
0.052238
-0.065062
-0.289466
-0.390306
-0.339304
-0.203440
-0.024292
0.229850
0.384444
0.368522
0.223388
0.096464
0.005622
-0.143000
-0.262900
-0.295040
-0.228860
-0.117972
-0.030844
0.063636
0.167496
0.191406
0.133972
0.018284
-0.075382
-0.139230
-0.165900
-0.120868
0.120738
0.429042
0.606700
0.546842
0.321062
0.205486
0.129854
0.023904
-0.092908
-0.334420
-0.493632
-0.395932
-0.160706
0.055074
0.108768
0.096822
0.044524
-0.098712
-0.167974
-0.161180
-0.150164
-0.151258
-0.154564
-0.148552
-0.105510
-0.033586
0.013076
-0.027446
-0.114866
-0.203112
-0.274166
-0.353974
-0.438404
-0.467090
-0.414234
-0.252770
-0.060128
0.119558
0.303602
0.391060
0.335990
0.208238
0.100664
0.042424
-0.053110
-0.207836
-0.231028
-0.143058
0.021628
0.055162
-0.023140
-0.133608
-0.184960
-0.185996
-0.165478
-0.050312
0.093800
0.230428
0.316988
0.333176
0.291362
0.136724
-0.037466
-0.090400
-0.105222
-0.123880
-0.124018
-0.088386
-0.003044
0.027514
0.026778
0.040690
0.058232
0.080954
0.164108
0.300368
0.397924
0.410220
0.352268
0.244034
0.058902
-0.147574
-0.221236
-0.205252
-0.138102
-0.032730
0.072828
0.101372
0.063160
0.035666
0.063278
0.158760
0.195894
0.184518
0.186456
0.200922
0.192092
0.104640
-0.034840
-0.150046
-0.273700
-0.340938
-0.342060
-0.285396
-0.146144
-0.013722
0.085204
0.107268
0.055992
-0.090216
-0.239634
-0.255738
-0.216874
-0.112098
-0.017700
0.061464
0.133014
0.140976
0.087082
-0.051370
-0.174872
-0.247970
-0.331892
-0.418966
-0.446998
-0.412922
-0.238976
0.010152
0.239018
0.327972
0.300322
0.219528
0.011642
-0.180898
-0.346450
-0.430468
-0.421412
-0.320068
-0.166658
-0.035500
0.084706
0.145416
0.165354
0.156460
0.107776
0.011346
-0.061344
-0.062332
-0.049010
-0.045452
-0.027672
0.037028
0.150920
0.189128
0.149542
0.049900
-0.066430
-0.125160
-0.142458
-0.110852
-0.061186
-0.009172
0.055200
0.106602
0.126718
0.137764
0.136960
0.130842
0.126836
0.134580
0.144058
0.149554
0.143532
0.132498
0.106022
0.072704
0.040230
-0.014604
-0.073814
-0.071920
-0.017594
0.107040
0.214050
0.237552
0.226636
0.169394
0.091402
0.047866
0.057470
0.089508
0.108380
0.112822
0.104800
0.087294
0.046784
0.016076
0.004854
-0.008968
-0.040710
-0.063446
-0.042036
0.044456
0.097582
0.094036
0.079726
0.076670
0.083626
0.102912
0.123446
0.136984
0.120706
0.049160
-0.103574
-0.234866
-0.253200
-0.199214
-0.071260
0.048908
0.149648
0.202916
0.193730
0.155596
0.072508
-0.021096
-0.091336
-0.167096
-0.221076
-0.166200
-0.077496
-0.001878
0.077724
0.122648
0.112146
0.065130
0.037440
0.030926
0.020372
0.006264
0.000238
0.013816
0.032988
0.046350
0.045176
0.034090
0.012904
-0.020500
-0.048660
-0.075788
-0.101578
-0.112064
-0.109500
-0.092624
-0.059624
-0.003848
0.055372
0.074078
0.067448
0.054174
0.045820
0.045260
0.036106
0.017138
0.000754
0.005774
0.037178
0.057648
0.034956
-0.008554
-0.020240
-0.004032
0.006900
0.005600
0.005520
0.008892
-0.008048
-0.041262
-0.060824
-0.039262
-0.006932
0.020912
0.039478
0.043458
0.024606
-0.034662
-0.077632
-0.082314
-0.062898
-0.034660
-0.013256
0.004610
0.008650
-0.000948
-0.033946
-0.056146
-0.044508
-0.004406
0.009654
-0.009122
-0.030632
-0.043046
-0.049426
-0.050424
-0.042398
-0.015436
0.013042
0.030832
0.023214
-0.020644
-0.072602
-0.090608
-0.081950
-0.049722
0.015820
0.045310
0.036428
0.022512
0.007142
-0.007924
-0.020072
-0.003456
0.050736
0.098942
0.105920
0.098172
0.094122
0.081124
0.050344
0.017064
0.010246
0.037824
0.069924
0.077930
0.060610
0.034918
0.017750
0.023488
0.037046
0.052378
0.064334
0.070288
0.066032
0.044678
0.011490
-0.020108
-0.057288
-0.087748
-0.098614
-0.075312
-0.013410
0.044288
0.063698
0.036790
-0.010622
-0.040472
-0.042600
-0.040370
-0.043818
-0.045220
-0.043710
-0.032232
-0.009906
0.020920
0.047376
0.056652
0.055958
0.054224
0.053086
0.055108
0.057048
0.058244
0.048044
0.012608
-0.049634
-0.076424
-0.081408
-0.064162
-0.004946
0.025004
0.001916
-0.009846
0.009226
0.021610
-0.063896
-0.165294
-0.139500
-0.034856
0.018120
0.023684
0.059794
0.089610
0.060240
-0.008648
-0.048052
-0.049588
-0.041842
-0.011630
0.063548
0.124938
0.143600
0.120330
0.073636
-0.007734
-0.090798
-0.122622
-0.127958
-0.109138
-0.069834
-0.013548
0.045622
0.056910
0.020422
-0.069892
-0.150438
-0.183860
-0.196124
-0.185260
-0.141990
-0.059048
0.010384
0.043190
0.078816
0.102274
0.095672
0.069826
0.039626
-0.000806
-0.029040
-0.027302
0.017448
0.049468
0.035466
-0.000686
-0.023932
-0.023748
-0.018706
0.005488
0.031114
0.044186
0.035262
0.018558
-0.007332
-0.044848
-0.067252
-0.069472
-0.058342
-0.040282
-0.016290
0.005318
0.006450
-0.014018
-0.051962
-0.074028
-0.082612
-0.073574
-0.035042
0.019306
0.056408
0.044132
-0.001272
-0.063178
-0.097818
-0.101562
-0.087326
-0.025660
0.050940
0.100120
0.104086
0.074576
0.027534
-0.036968
-0.097234
-0.131182
-0.137530
-0.106270
-0.047632
0.022174
0.048062
0.031574
-0.001890
-0.027458
-0.034086
-0.035958
-0.038074
-0.044552
-0.058458
-0.065950
-0.051268
0.004184
0.069418
0.086868
0.073536
0.046774
0.025552
0.017746
0.019510
0.028586
0.031310
0.023398
0.008298
0.001742
0.002348
0.001546
-0.005688
-0.019386
-0.031734
-0.034106
-0.023552
-0.003602
0.015248
0.020032
0.021318
0.014168
0.000720
-0.011244
-0.022748
-0.030622
-0.034202
-0.027178
-0.012512
0.002618
0.016748
0.013804
-0.017552
-0.076896
-0.107696
-0.102958
-0.079936
-0.029880
0.033016
0.091116
0.107604
0.088586
0.043314
-0.019230
-0.052702
-0.055854
-0.029860
0.005706
0.020356
0.025894
0.027712
0.022208
-0.004282
-0.035884
-0.046266
-0.033992
-0.002218
0.031220
0.045756
0.056012
0.049784
0.011538
-0.052596
-0.096262
-0.101020
-0.083790
-0.020584
0.060886
0.099690
0.098336
0.075962
0.045092
0.011124
-0.010926
-0.015210
-0.003356
0.033404
0.060588
0.059714
0.035732
0.002516
-0.026254
-0.050992
-0.060136
-0.054160
-0.002554
0.063808
0.089512
0.088246
0.072746
0.038494
-0.013340
-0.046960
-0.049074
-0.036930
-0.008886
0.011810
0.021454
0.024700
0.018474
0.001590
-0.018286
-0.025524
-0.018916
-0.007084
0.011424
0.034696
0.060534
0.066878
0.046906
0.016976
-0.008986
-0.018736
-0.019642
-0.015266
-0.001514
0.014568
0.028966
0.029896
0.028252
0.027954
0.024324
0.014582
0.005180
0.005922
0.014074
0.026606
0.040212
0.046500
0.041648
0.018222
-0.007374
-0.016680
-0.008266
0.012204
0.039900
0.060468
0.069148
0.065966
0.054638
0.027002
-0.009720
-0.034230
-0.049920
-0.053034
-0.044434
-0.027162
-0.006246
-0.001020
-0.013354
-0.036524
-0.049206
-0.048922
-0.050740
-0.049854
-0.047512
-0.044328
-0.047922
-0.052090
-0.044234
-0.024038
-0.010406
-0.004122
0.002162
0.001752
-0.016800
-0.052704
-0.073240
-0.077770
-0.084610
-0.085740
-0.068676
-0.024664
0.005066
0.017712
0.035506
0.058154
0.068254
0.059166
0.041974
0.032638
0.030720
0.029590
0.030316
0.037164
0.049936
0.052278
0.035670
0.006566
-0.011680
-0.015044
-0.015128
-0.012534
-0.007212
-0.002872
0.002652
0.007744
0.015240
0.027020
0.032590
0.028344
0.011848
-0.008434
-0.017410
-0.022502
-0.025722
-0.032396
-0.037920
-0.038854
-0.033492
-0.021826
-0.001590
0.014346
0.018180
0.012996
0.013002
0.028740
0.054838
0.070416
0.053812
0.009930
-0.045826
-0.069366
-0.068892
-0.052122
-0.015500
0.018996
0.050590
0.063648
0.059212
0.048230
0.036790
0.024534
0.014782
0.013952
0.025624
0.037292
0.037364
0.022936
-0.002684
-0.026308
-0.031416
-0.024790
-0.014706
-0.014374
-0.019462
-0.021876
-0.021882
-0.029508
-0.042122
-0.047806
-0.045088
-0.034302
-0.016210
0.004264
0.012792
-0.002620
-0.033870
-0.045032
-0.033886
-0.021990
-0.017432
-0.017450
-0.017356
-0.021318
-0.024450
-0.020416
-0.014860
-0.014240
-0.012644
-0.006264
0.002354
0.004454
-0.006154
-0.022506
-0.039966
-0.048142
-0.042012
-0.014528
0.048370
0.102856
0.120552
0.113484
0.090464
0.053600
0.004146
-0.030874
-0.037076
-0.029274
0.005486
0.061184
0.120330
0.140800
0.127018
0.108096
0.081788
0.022216
-0.069968
-0.110238
-0.039610
0.063628
0.115566
0.131182
0.130884
0.097696
0.024972
-0.027130
-0.045382
-0.048226
-0.026462
0.034032
0.098182
0.101398
0.069666
0.018932
-0.022088
-0.054432
-0.086700
-0.102056
-0.099524
-0.076816
-0.019592
0.040072
0.064936
0.047870
0.018802
-0.003328
-0.028600
-0.062878
-0.095790
-0.108782
-0.100062
-0.074590
-0.037974
-0.016692
-0.014460
-0.023612
-0.048108
-0.075168
-0.087766
-0.092388
-0.086778
-0.076476
-0.059098
-0.037604
-0.018910
-0.000994
0.011646
0.022004
0.025946
0.024570
0.019536
0.011484
0.003116
-0.005172
-0.013754
-0.019086
-0.018392
-0.014562
-0.012578
-0.007970
-0.004648
-0.001522
0.005876
0.008074
0.008884
0.007254
0.001820
-0.003314
-0.000820
0.008360
0.010324
0.005878
-0.006606
-0.017032
-0.028804
-0.031254
-0.018270
0.008706
0.029292
0.034632
0.029102
0.015908
0.005828
0.000094
0.004656
0.019036
0.028436
0.030000
0.015420
-0.011858
-0.019856
-0.000382
0.037830
0.062696
0.064390
0.049210
0.025926
0.006848
-0.003974
-0.001648
0.008190
0.022482
0.035002
0.037914
0.032258
0.020932
0.007296
-0.002066
-0.001014
0.006098
0.007038
0.003278
-0.004240
-0.024802
-0.059812
-0.073392
-0.055990
-0.012768
0.029174
0.052922
0.054518
0.028274
-0.003728
-0.024476
-0.027934
-0.023598
-0.011178
0.008160
0.012472
-0.005934
-0.026984
-0.038190
-0.033302
-0.025428
-0.013072
-0.005154
-0.000936
-0.000858
-0.001986
-0.000144
0.000286
0.000040
0.001146
-0.000182
-0.001470
-0.004452
-0.004786
-0.007520
-0.011030
-0.011208
-0.006358
0.004916
0.003472
0.002652
0.015416
0.008684
-0.004970
-0.005546
0.001382
0.011250
0.018670
0.019730
0.013028
0.001198
-0.009422
-0.020040
-0.019222
-0.006526
0.019456
0.043404
0.057658
0.061574
0.049706
0.029830
0.011362
0.012004
0.032298
0.047150
0.050530
0.051784
0.047136
0.039106
0.032914
0.033078
0.036820
0.033592
0.020834
0.004164
-0.000042
0.002042
0.004786
0.008316
0.012636
0.017158
0.017140
0.007226
-0.003766
-0.013956
-0.020608
-0.024936
-0.021406
-0.011676
-0.006262
-0.008952
-0.011044
-0.010838
-0.008304
-0.008552
-0.004200
0.004592
0.020494
0.033556
0.034430
0.022480
0.010034
0.002522
-0.002608
-0.013780
-0.024116
-0.027490
-0.012436
0.017406
0.040656
0.044912
0.037382
0.025684
0.017764
0.010688
-0.001474
-0.018378
-0.032198
-0.036430
-0.033554
-0.019618
0.003324
0.013046
-0.004748
-0.032764
-0.042412
-0.043372
-0.049268
-0.044828
-0.029194
-0.006332
0.010770
0.009600
0.006544
0.003758
-0.004600
-0.020032
-0.027232
-0.021728
-0.010614
0.007038
0.025408
0.030194
0.020940
0.001156
-0.018582
-0.033344
-0.034924
-0.024504
-0.014910
-0.013904
-0.021674
-0.023328
-0.016074
-0.006416
0.001106
0.003614
0.003440
0.003214
0.008172
0.013470
0.014724
0.019498
0.030426
0.039628
0.042764
0.042114
0.035442
0.025354
0.016548
0.010634
0.010288
0.015754
0.021128
0.017322
0.003906
-0.005632
-0.005416
-0.006628
-0.014696
-0.021926
-0.020660
-0.021106
-0.028942
-0.035008
-0.033292
-0.029458
-0.032566
-0.037824
-0.039152
-0.032518
-0.022556
-0.002594
0.013568
0.007820
-0.007038
-0.022918
-0.036322
-0.050244
-0.060844
-0.062880
-0.058374
-0.051618
-0.040562
-0.023884
-0.005524
0.005130
0.007758
0.010332
0.011362
0.005796
-0.005840
-0.018174
-0.025182
-0.020810
-0.009576
-0.000698
0.006466
0.016988
0.023248
0.021838
0.016840
0.015056
0.014342
0.008152
0.002054
-0.002138
-0.006594
-0.009824
-0.009242
-0.002930
0.007832
0.014768
0.013866
0.012866
0.012546
0.008904
0.003830
0.000052
0.003352
0.009598
0.011588
0.013144
0.018730
0.027038
0.030522
0.024948
0.015766
0.007476
0.006306
0.006986
0.012062
0.019218
0.029660
0.036678
0.039568
0.037616
0.030082
0.017090
0.007932
0.006790
0.012888
0.020414
0.027534
0.029740
0.025290
0.014774
0.000736
-0.010906
-0.018770
-0.018026
-0.004474
0.004192
0.007550
0.007176
-0.000172
-0.016576
-0.029446
-0.029084
-0.027024
-0.023316
-0.016774
-0.008132
0.000350
0.001586
0.002182
0.002678
-0.001400
-0.007336
-0.010838
-0.012324
-0.012676
-0.011344
-0.009828
-0.009612
-0.010086
-0.010574
-0.010076
-0.010354
-0.009840
-0.009350
-0.009718
-0.011252
-0.010988
-0.010044
-0.009170
-0.007236
-0.003810
-0.003400
-0.005406
-0.008192
-0.010724
-0.011396
-0.009054
-0.005344
-0.002182
0.000848
0.004884
0.007518
0.009170
0.008898
0.003738
-0.011004
-0.026972
-0.032412
-0.028002
-0.012632
0.008542
0.022006
0.021494
0.012986
0.000254
-0.012066
-0.016430
-0.014118
-0.005684
0.004684
0.013102
0.018014
0.014990
0.006482
-0.003178
-0.009428
-0.010918
-0.008304
0.000658
0.009714
0.011620
0.010226
0.007812
0.004104
-0.001764
-0.006098
-0.006280
-0.004610
-0.001620
0.002630
0.006154
0.006780
0.005278
0.003350
0.001036
-0.000290
-0.000330
0.000350
0.001434
0.002242
0.002572
0.002360
0.001838
0.001116
0.000774
0.000912
0.001188
0.001538
0.001846
0.001992
0.001934
0.001768
0.001636
0.001548
0.001540
0.001602
0.001684
0.001756
0.001806
0.001816
0.001798
0.001766
0.001742
0.001738
0.001756
0.001786
0.001820
0.001848
0.001876
0.001902
0.001928
0.001956
0.001984
0.002014
0.002042
0.002072
0.002100
0.002128
0.002156
