0.001424
0.001424
0.001424
0.001422
0.001420
0.001416
0.001416
0.001418
0.001418
0.001416
0.001400
0.001370
0.001322
0.001272
0.001234
0.001230
0.001272
0.001356
0.001450
0.001508
0.001492
0.001384
0.001204
0.000996
0.000812
0.000676
0.000572
0.000444
0.000228
-0.000114
-0.000568
-0.001050
-0.001426
-0.001542
-0.001270
-0.000556
0.000540
0.001854
0.003162
0.004256
0.005018
0.005456
0.005670
0.005778
0.005826
0.005764
0.005464
0.004804
0.003748
0.002372
0.000850
-0.000602
-0.001768
-0.002470
-0.002614
-0.002220
-0.001486
-0.000766
-0.000476
-0.000888
-0.001946
-0.003166
-0.003756
-0.002932
-0.000254
0.004124
0.009448
0.014602
0.018426
0.020026
0.018934
0.015138
0.008986
0.001084
-0.007806
-0.016802
-0.024920
-0.031084
-0.034202
-0.033376
-0.028198
-0.019064
-0.007318
0.004926
0.015294
0.021808
0.023438
0.020302
0.013466
0.004528
-0.004800
-0.012948
-0.018614
-0.020844
-0.019212
-0.013970
-0.006090
0.002926
0.011400
0.017834
0.021084
0.020392
0.015384
0.006270
-0.005812
-0.018548
-0.028658
-0.032768
-0.028732
-0.016822
-0.000044
0.016722
0.028624
0.032940
0.030358
0.024750
0.021460
0.024884
0.036490
0.054234
0.073556
0.089310
0.097606
0.096680
0.086692
0.068814
0.044540
0.015524
-0.016120
-0.047482
-0.075006
-0.095094
-0.104872
-0.102774
-0.088910
-0.065304
-0.036180
-0.007768
0.012770
0.019662
0.011316
-0.007926
-0.028550
-0.039404
-0.032590
-0.007120
0.030678
0.070272
0.101652
0.118914
0.120864
0.109078
0.085390
0.051124
0.008494
-0.037214
-0.077040
-0.100666
-0.100814
-0.077144
-0.037206
0.006448
0.041416
0.060168
0.062078
0.052256
0.038378
0.027388
0.023436
0.027344
0.037138
0.049098
0.058948
0.063078
0.059504
0.048244
0.030896
0.009760
-0.012844
-0.034544
-0.052348
-0.062390
-0.060848
-0.045990
-0.020308
0.008964
0.031878
0.039820
0.029600
0.005244
-0.023620
-0.045992
-0.054178
-0.046608
-0.027664
-0.005058
0.013518
0.022850
0.020900
0.008154
-0.013476
-0.041290
-0.071832
-0.100644
-0.122318
-0.131006
-0.121442
-0.090096
-0.036546
0.035342
0.116598
0.193666
0.250924
0.275048
0.260068
0.210378
0.140066
0.067958
0.010796
-0.022208
-0.030782
-0.020906
-0.000396
0.024250
0.048218
0.066988
0.075476
0.069316
0.047658
0.015082
-0.019336
-0.045742
-0.057726
-0.054340
-0.038984
-0.016654
0.007812
0.029322
0.041296
0.036476
0.010986
-0.030454
-0.072714
-0.095198
-0.082390
-0.034102
0.031464
0.084838
0.098884
0.061028
-0.022668
-0.132480
-0.244106
-0.335554
-0.388908
-0.389468
-0.327220
-0.201958
-0.028914
0.160692
0.327854
0.439820
0.482160
0.461508
0.397974
0.313418
0.223948
0.140282
0.072998
0.034692
0.034674
0.069218
0.116270
0.142040
0.118328
0.040536
-0.065988
-0.156630
-0.189332
-0.144602
-0.032250
0.116492
0.264556
0.382138
0.451940
0.468048
0.432752
0.354746
0.247918
0.128646
0.011442
-0.093466
-0.178012
-0.230980
-0.235590
-0.175164
-0.045856
0.132814
0.319466
0.466930
0.543852
0.547430
0.498188
0.421304
0.328982
0.217190
0.077824
-0.085240
-0.250510
-0.388148
-0.475890
-0.508074
-0.492234
-0.440090
-0.364356
-0.285684
-0.239606
-0.268462
-0.394132
-0.587160
-0.759456
-0.796682
-0.619098
-0.233662
0.258728
0.710666
1.001802
1.091708
1.020466
0.862882
0.674302
0.468040
0.235520
-0.015044
-0.239014
-0.374072
-0.382780
-0.283404
-0.143016
-0.036996
-0.006494
-0.045136
-0.121184
-0.211864
-0.318488
-0.450000
-0.591668
-0.690426
-0.675426
-0.502860
-0.192944
0.169806
0.475116
0.639460
0.639046
0.506658
0.301718
0.078534
-0.127052
-0.291532
-0.392694
-0.409406
-0.334350
-0.188374
-0.021052
0.106924
0.149868
0.095084
-0.038260
-0.216424
-0.410374
-0.602908
-0.780652
-0.920374
-0.985082
-0.937804
-0.767110
-0.506126
-0.227962
-0.013574
0.091888
0.106942
0.104550
0.167024
0.330648
0.555714
0.743480
0.791762
0.654382
0.366540
0.021098
-0.285048
-0.496880
-0.610302
-0.645988
-0.616020
-0.515012
-0.341718
-0.128278
0.055182
0.133618
0.078094
-0.064564
-0.190532
-0.198294
-0.048782
0.214332
0.495922
0.706498
0.803522
0.791852
0.693826
0.521650
0.279022
-0.011970
-0.288668
-0.459342
-0.449354
-0.251022
0.062252
0.372376
0.580932
0.656960
0.637148
0.582320
0.527438
0.462346
0.354366
0.189768
-0.001870
-0.160526
-0.234748
-0.215376
-0.138214
-0.056058
-0.003862
0.015532
0.018192
0.014414
-0.003338
-0.049338
-0.121794
-0.191432
-0.214992
-0.165440
-0.054444
0.072288
0.165416
0.204776
0.209038
0.214444
0.240292
0.269016
0.257490
0.171002
0.012880
-0.173396
-0.331050
-0.424586
-0.455332
-0.448214
-0.423306
-0.377470
-0.291446
-0.154780
0.014734
0.175328
0.287220
0.338384
0.348218
0.345362
0.338550
0.306338
0.216008
0.057442
-0.135820
-0.296870
-0.361378
-0.303650
-0.147698
0.051594
0.239640
0.381686
0.461002
0.465226
0.381282
0.207434
-0.027058
-0.256280
-0.398328
-0.394150
-0.240030
0.008586
0.264052
0.445226
0.504330
0.430872
0.240722
-0.033094
-0.339738
-0.608124
-0.757088
-0.723740
-0.496980
-0.132404
0.266528
0.594110
0.788406
0.849954
0.824662
0.766176
0.705248
0.644356
0.574458
0.494674
0.416214
0.347794
0.276800
0.165700
-0.028068
-0.318920
-0.668536
-0.988490
-1.172482
-1.143152
-0.889174
-0.473874
-0.010716
0.381946
0.625054
0.702106
0.652740
0.543336
0.431462
0.342784
0.270568
0.193784
0.099296
-0.006966
-0.106262
-0.184296
-0.245066
-0.309592
-0.398722
-0.511882
-0.617248
-0.662680
-0.602706
-0.426188
-0.167928
0.103678
0.316882
0.428388
0.440262
0.393832
0.345096
0.335160
0.371492
0.427878
0.461806
0.438142
0.345852
0.199884
0.029086
-0.140926
-0.298198
-0.442406
-0.573274
-0.678848
-0.732786
-0.703596
-0.570368
-0.335976
-0.029906
0.299728
0.600654
0.829420
0.958490
0.977056
0.888542
0.707168
0.455858
0.164556
-0.130892
-0.390946
-0.576140
-0.653294
-0.603848
-0.432022
-0.168540
0.133884
0.414026
0.620332
0.726126
0.734818
0.673170
0.576762
0.475086
0.382206
0.296282
0.205482
0.096848
-0.036012
-0.188356
-0.343952
-0.478922
-0.569356
-0.600064
-0.571240
-0.498716
-0.407122
-0.318444
-0.242762
-0.176698
-0.110640
-0.040034
0.026758
0.069614
0.066336
0.005006
-0.108466
-0.251636
-0.393946
-0.506680
-0.569494
-0.572228
-0.513988
-0.401790
-0.250282
-0.080774
0.081574
0.212942
0.295970
0.322634
0.294116
0.219024
0.111908
-0.007736
-0.117202
-0.194766
-0.226252
-0.210748
-0.161286
-0.098526
-0.040304
0.007244
0.051068
0.103948
0.172892
0.250552
0.315200
0.339578
0.303860
0.205756
0.062516
-0.095224
-0.234476
-0.330910
-0.375484
-0.374610
-0.344662
-0.303312
-0.261880
-0.222450
-0.181060
-0.135532
-0.093016
-0.071534
-0.093306
-0.172550
-0.304906
-0.465070
-0.614890
-0.717522
-0.749796
-0.706774
-0.597720
-0.438152
-0.243986
-0.030652
0.184366
0.379742
0.532130
0.621894
0.639540
0.589786
0.491030
0.370652
0.256922
0.170112
0.115172
0.079588
0.038800
-0.031776
-0.143562
-0.287864
-0.439946
-0.572220
-0.668266
-0.728142
-0.761458
-0.773822
-0.757506
-0.694556
-0.571138
-0.392514
-0.187038
0.005968
0.156684
0.260020
0.334642
0.406656
0.489764
0.575710
0.641132
0.665166
0.643890
0.591604
0.528426
0.464494
0.393014
0.297520
0.167284
0.009874
-0.149256
-0.279618
-0.362260
-0.398922
-0.408266
-0.412632
-0.424792
-0.443052
-0.456272
-0.453968
-0.433814
-0.401544
-0.365132
-0.328308
-0.288592
-0.240978
-0.183594
-0.120752
-0.060942
-0.011398
0.026154
0.055360
0.080934
0.104184
0.121910
0.129862
0.127734
0.121796
0.122584
0.139282
0.174584
0.223746
0.277806
0.328132
0.368788
0.395862
0.405428
0.393576
0.358876
0.305348
0.242740
0.182050
0.128970
0.080164
0.025654
-0.043434
-0.127154
-0.214756
-0.290726
-0.345154
-0.381140
-0.413272
-0.457052
-0.515416
-0.571354
-0.592368
-0.545512
-0.415178
-0.213792
0.021040
0.241372
0.408388
0.505532
0.539622
0.530116
0.494336
0.437970
0.356250
0.244090
0.106726
-0.037080
-0.162176
-0.249878
-0.297392
-0.316692
-0.322998
-0.320512
-0.295726
-0.223982
-0.085612
0.117916
0.358824
0.592116
0.773720
0.876926
0.898060
0.850060
0.750632
0.613770
0.449570
0.270092
0.094114
-0.055258
-0.159666
-0.215146
-0.234672
-0.240934
-0.254114
-0.282430
-0.321640
-0.362258
-0.397386
-0.425336
-0.444942
-0.450288
-0.431216
-0.382380
-0.313858
-0.253820
-0.237336
-0.286276
-0.393212
-0.521672
-0.624448
-0.669350
-0.655522
-0.609848
-0.565764
-0.539654
-0.520214
-0.477376
-0.382966
-0.229274
-0.033214
0.174194
0.363550
0.516814
0.626282
0.686790
0.689872
0.625696
0.491140
0.297178
0.069176
-0.161154
-0.366560
-0.531452
-0.651754
-0.729338
-0.765982
-0.761130
-0.713678
-0.625144
-0.501298
-0.351116
-0.185112
-0.015450
0.142516
0.269126
0.343036
0.348016
0.281146
0.156804
0.002946
-0.149968
-0.281018
-0.385080
-0.469190
-0.542162
-0.604342
-0.645472
-0.651796
-0.617304
-0.549884
-0.466818
-0.381974
-0.294114
-0.185514
-0.033742
0.170494
0.411292
0.650244
0.842494
0.956610
0.985906
0.946026
0.862122
0.755654
0.638212
0.513916
0.384846
0.254120
0.124632
-0.002892
-0.128688
-0.249416
-0.354660
-0.429286
-0.461520
-0.451892
-0.415010
-0.371172
-0.332516
-0.293308
-0.232254
-0.126548
0.030824
0.221888
0.408648
0.549820
0.618996
0.614816
0.557698
0.477262
0.397520
0.327810
0.262082
0.185536
0.084110
-0.047610
-0.203180
-0.365894
-0.514140
-0.627546
-0.691890
-0.701094
-0.656726
-0.566378
-0.442552
-0.301630
-0.162412
-0.043062
0.042906
0.089868
0.100340
0.082204
0.044548
-0.004712
-0.058340
-0.107572
-0.141528
-0.150014
-0.128850
-0.083640
-0.028470
0.021214
0.057468
0.084880
0.117942
0.172296
0.254830
0.358604
0.465090
0.551996
0.601856
0.607384
0.571460
0.503876
0.416626
0.320848
0.225110
0.135202
0.054682
-0.014310
-0.070404
-0.112860
-0.142444
-0.162654
-0.180086
-0.202364
-0.234000
-0.272334
-0.306974
-0.323928
-0.313118
-0.274236
-0.217668
-0.158574
-0.108754
-0.071386
-0.042378
-0.016674
0.005414
0.017060
0.009756
-0.019282
-0.063024
-0.106706
-0.134692
-0.136788
-0.110288
-0.057396
0.018036
0.111026
0.212432
0.306312
0.371694
0.390280
0.355866
0.279040
0.183058
0.092694
0.023100
-0.024760
-0.059892
-0.091960
-0.123910
-0.150910
-0.165238
-0.162278
-0.143270
-0.113576
-0.079140
-0.044274
-0.012372
0.012354
0.024480
0.019708
-0.002084
-0.035592
-0.072190
-0.103452
-0.123380
-0.127536
-0.110702
-0.066054
0.011614
0.120220
0.246356
0.367552
0.461024
0.514330
0.531180
0.528284
0.524816
0.531056
0.543338
0.548398
0.533382
0.494806
0.439930
0.380730
0.324630
0.269446
0.205330
0.122728
0.020280
-0.092640
-0.200102
-0.287112
-0.345292
-0.373466
-0.373916
-0.347908
-0.294380
-0.212250
-0.104312
0.020516
0.148472
0.264596
0.356152
0.413946
0.431654
0.404766
0.330552
0.209846
0.048966
-0.139098
-0.335650
-0.518478
-0.664868
-0.755326
-0.777544
-0.730018
-0.623572
-0.479158
-0.321918
-0.173576
-0.047026
0.053922
0.129826
0.179786
0.198732
0.180270
0.122874
0.035006
-0.065200
-0.155926
-0.219880
-0.249462
-0.246342
-0.216700
-0.166308
-0.098892
-0.018402
0.067696
0.147222
0.205962
0.232482
0.222262
0.178700
0.111340
0.032724
-0.044092
-0.107258
-0.147236
-0.158172
-0.139028
-0.093836
-0.030192
0.043124
0.118154
0.188094
0.246528
0.286636
0.301894
0.287982
0.244856
0.177112
0.092562
-0.000338
-0.094154
-0.182682
-0.260230
-0.321676
-0.363784
-0.386938
-0.395548
-0.395834
-0.391512
-0.380478
-0.354754
-0.304938
-0.226258
-0.123280
-0.009614
0.096658
0.179916
0.231966
0.253060
0.248694
0.225274
0.186948
0.135286
0.071018
-0.003746
-0.084636
-0.165768
-0.241562
-0.308066
-0.363106
-0.405642
-0.434672
-0.448668
-0.445732
-0.424312
-0.384044
-0.326110
-0.253364
-0.170018
-0.081848
0.004038
0.079422
0.136102
0.167574
0.171140
0.149074
0.108120
0.056942
0.002966
-0.049910
-0.101250
-0.152026
-0.201824
-0.247638
-0.285074
-0.311248
-0.326916
-0.335954
-0.342300
-0.346564
-0.344608
-0.329716
-0.296710
-0.245794
-0.183160
-0.118398
-0.060260
-0.013496
0.022132
0.050620
0.077760
0.109164
0.148730
0.197026
0.250124
0.299572
0.334946
0.347880
0.335988
0.303878
0.260712
0.215750
0.174640
0.138798
0.107614
0.081220
0.061524
0.050646
0.048642
0.052486
0.057570
0.060412
0.060764
0.061396
0.065974
0.076436
0.091808
0.108590
0.122206
0.128218
0.123312
0.106140
0.078508
0.046160
0.018282
0.004570
0.010582
0.033420
0.061090
0.077026
0.068724
0.036086
-0.005528
-0.030948
-0.017792
0.040106
0.126908
0.211132
0.262092
0.267068
0.238918
0.208214
0.204696
0.238996
0.297094
0.350522
0.375328
0.366026
0.335508
0.301380
0.270696
0.234690
0.178656
0.098718
0.011742
-0.050926
-0.062734
-0.020916
0.049172
0.108242
0.127088
0.104114
0.065176
0.046172
0.070712
0.136694
0.219114
0.285066
0.310708
0.290656
0.236656
0.168914
0.106548
0.060828
0.033104
0.016340
-0.000374
-0.025778
-0.060942
-0.097548
-0.121620
-0.121688
-0.096448
-0.056802
-0.019854
0.001394
0.005992
0.004886
0.013132
0.039736
0.082280
0.129194
0.167476
0.189624
0.195356
0.187792
0.168426
0.135002
0.083780
0.013706
-0.070802
-0.160636
-0.245170
-0.315550
-0.365818
-0.392564
-0.394360
-0.372330
-0.331204
-0.279838
-0.229696
-0.191928
-0.174238
-0.179242
-0.204504
-0.244162
-0.290838
-0.337288
-0.377824
-0.408956
-0.429318
-0.438478
-0.435052
-0.415714
-0.375670
-0.311474
-0.224102
-0.120972
-0.014812
0.080068
0.152226
0.195810
0.210764
0.200738
0.170512
0.124540
0.067110
0.003376
-0.059902
-0.114966
-0.154530
-0.173648
-0.170688
-0.147432
-0.108072
-0.057998
-0.002604
0.053286
0.105838
0.152250
0.190838
0.220888
0.242758
0.257732
0.267910
0.275642
0.282700
0.289310
0.293818
0.292960
0.283536
0.264278
0.237186
0.206932
0.178426
0.153264
0.127798
0.094078
0.044252
-0.024088
-0.104612
-0.183660
-0.245708
-0.280328
-0.286612
-0.272784
-0.251202
-0.231986
-0.218686
-0.208712
-0.196674
-0.178690
-0.154180
-0.124706
-0.091088
-0.051804
-0.004118
0.052416
0.113034
0.167650
0.204300
0.213968
0.194306
0.149818
0.089572
0.023744
-0.038402
-0.089220
-0.123038
-0.137388
-0.134190
-0.119234
-0.098440
-0.072618
-0.034160
0.030282
0.131428
0.267666
0.421402
0.564812
0.672872
0.735112
0.758328
0.758492
0.747782
0.726320
0.684972
0.616204
0.524606
0.427298
0.343944
0.283640
0.239168
0.194230
0.138466
0.079080
0.039262
0.043354
0.099104
0.189480
0.280488
0.339608
0.353072
0.330368
0.294952
0.268064
0.257456
0.257048
0.255578
0.246356
0.231240
0.217224
0.210124
0.210408
0.214406
0.218262
0.220932
0.223788
0.227828
0.231622
0.231968
0.226500
0.216074
0.204672
0.196936
0.195004
0.197588
0.201192
0.202534
0.199974
0.193334
0.182652
0.167420
0.146846
0.121096
0.092062
0.063106
0.037752
0.018622
0.007076
0.003730
0.008828
0.022270
0.043044
0.068918
0.096746
0.123680
0.148196
0.170358
0.190696
0.208794
0.222400
0.227948
0.222236
0.204314
0.176266
0.142530
0.107996
0.076256
0.048836
0.025792
0.006804
-0.007760
-0.016836
-0.019338
-0.015280
-0.006116
0.005630
0.017412
0.027354
0.034508
0.038304
0.037924
0.032052
0.019438
-0.000402
-0.026770
-0.058162
-0.092894
-0.129694
-0.167758
-0.206546
-0.245246
-0.282498
-0.316464
-0.345108
-0.366590
-0.379708
-0.384302
-0.381548
-0.373862
-0.363990
-0.353706
-0.342752
-0.328308
-0.306216
-0.273108
-0.228758
-0.177248
-0.126012
-0.083190
-0.054580
-0.041522
-0.041064
-0.047930
-0.057334
-0.066570
-0.074914
-0.082054
-0.086878
-0.087496
-0.082904
-0.074710
-0.067436
-0.066182
-0.073128
-0.085112
-0.094778
-0.094826
-0.083130
-0.064948
-0.050530
-0.048954
-0.062382
-0.084404
-0.104010
-0.112172
-0.106834
-0.092676
-0.076300
-0.060206
-0.040304
-0.008692
0.040058
0.103902
0.172878
0.233786
0.276380
0.297372
0.299740
0.288538
0.266630
0.233274
0.186386
0.126018
0.056506
-0.014386
-0.078706
-0.131430
-0.171744
-0.201538
-0.222774
-0.235402
-0.237300
-0.226042
-0.201034
-0.164656
-0.121822
-0.077948
-0.036848
0.000422
0.034826
0.067594
0.098300
0.124258
0.141460
0.146798
0.139804
0.122906
0.099664
0.072470
0.041092
0.003364
-0.042708
-0.096592
-0.154658
-0.211508
-0.262570
-0.305534
-0.340134
-0.366204
-0.382282
-0.385424
-0.372900
-0.343832
-0.299770
-0.243202
-0.175518
-0.096110
-0.003938
0.099600
0.208388
0.312062
0.399046
0.460902
0.494806
0.503190
0.490502
0.459924
0.411698
0.344480
0.258088
0.156218
0.046740
-0.060054
-0.154792
-0.231558
-0.288842
-0.328276
-0.352738
-0.364042
-0.362084
-0.345214
-0.311720
-0.261394
-0.196496
-0.121694
-0.043090
0.033260
0.102414
0.161122
0.207556
0.241054
0.261820
0.270756
0.269042
0.257536
0.236096
0.203662
0.159088
0.102828
0.038212
-0.028454
-0.089672
-0.139168
-0.173882
-0.194122
-0.202176
-0.199956
-0.187510
-0.162984
-0.124178
-0.070188
-0.002482
0.075178
0.157252
0.237222
0.308192
0.363804
0.399300
0.413052
0.407074
0.386224
0.355686
0.318394
0.273842
0.219310
0.152720
0.075518
-0.006410
-0.084398
-0.150476
-0.200182
-0.233472
-0.253220
-0.262708
-0.263690
-0.255958
-0.238476
-0.211202
-0.176030
-0.136974
-0.099138
-0.067424
-0.045128
-0.033150
-0.030002
-0.033016
-0.039998
-0.050710
-0.066910
-0.090902
-0.123006
-0.159966
-0.195586
-0.223798
-0.242098
-0.252972
-0.262008
-0.273882
-0.288736
-0.301832
-0.307014
-0.301488
-0.288330
-0.274888
-0.267892
-0.269054
-0.273932
-0.275422
-0.268874
-0.255452
-0.240968
-0.231238
-0.227486
-0.224978
-0.215920
-0.194244
-0.159126
-0.115046
-0.068604
-0.024972
0.013864
0.047942
0.077188
0.099932
0.113534
0.116030
0.107632
0.090552
0.067606
0.040536
0.009740
-0.024744
-0.061720
-0.098374
-0.130922
-0.156178
-0.172654
-0.180746
-0.181708
-0.176570
-0.165582
-0.148754
-0.126576
-0.100498
-0.072590
-0.044874
-0.018554
0.006102
0.029368
0.051222
0.071004
0.087438
0.099264
0.105692
0.106836
0.103562
0.097174
0.088808
0.079272
0.069074
0.058756
0.048954
0.040452
0.033834
0.029242
0.026090
0.023378
0.020056
0.015468
0.009270
0.001330
-0.008528
-0.020352
-0.033788
-0.047574
-0.059552
-0.067102
-0.068156
-0.061872
-0.048862
-0.030664
-0.009102
0.014396
0.038858
0.063532
0.087316
0.108652
0.125680
0.136774
0.140784
0.137284
0.126458
0.109080
0.086382
0.060156
0.032672
0.006468
-0.016242
-0.033912
-0.045848
-0.051898
-0.052192
-0.046770
-0.035684
-0.019316
0.001032
0.023028
0.043556
0.059456
0.068158
0.068226
0.059416
0.042502
0.018834
-0.009806
-0.041388
-0.073752
-0.105006
-0.133748
-0.159170
-0.180664
-0.197436
-0.208050
-0.210602
-0.203430
-0.185906
-0.158852
-0.124174
-0.083882
-0.039484
0.008134
0.057910
0.107742
0.153988
0.192172
0.218300
0.230172
0.227826
0.213056
0.188570
0.157330
0.122100
0.085556
0.050050
0.017336
-0.011838
-0.037378
-0.059088
-0.075766
-0.085278
-0.085342
-0.074818
-0.054212
-0.025120
0.011274
0.055054
0.106940
0.165978
0.227486
0.282872
0.322182
0.338034
0.328956
0.299520
0.257638
0.210228
0.160766
0.109318
0.055230
-0.000256
-0.053072
-0.097892
-0.130778
-0.151164
-0.161632
-0.166092
-0.167578
-0.167344
-0.165192
-0.160640
-0.153666
-0.144822
-0.134656
-0.123384
-0.110950
-0.097608
-0.084048
-0.071204
-0.059648
-0.049466
-0.040392
-0.032328
-0.025532
-0.020464
-0.017084
-0.014538
-0.011392
-0.006610
-0.000234
0.006540
0.012278
0.016250
0.019070
0.022226
0.027062
0.033706
0.041048
0.047492
0.052120
0.055112
0.057500
0.060198
0.063358
0.066242
0.067982
0.068306
0.067816
0.067340
0.067218
0.066876
0.065340
0.062012
0.057464
0.053252
0.051054
0.051418
0.053400
0.055150
0.055238
0.053570
0.051454
0.050560
0.051686
0.053952
0.055336
0.053916
0.049152
0.042116
0.034928
0.029622
0.027484
0.028916
0.034084
0.043316
0.057132
0.075510
0.097378
0.120532
0.142356
0.160650
0.174342
0.183432
0.188492
0.189884
0.187566
0.181210
0.170716
0.156354
0.138862
0.119198
0.098456
0.077694
0.058054
0.040670
0.026596
0.016486
0.010626
0.008962
0.011316
0.017298
0.026296
0.037342
0.049234
0.060598
0.070198
0.076984
0.080168
0.079052
0.073278
0.063000
0.049088
0.032756
0.015068
-0.003610
-0.023564
-0.045280
-0.068582
-0.092322
-0.114770
-0.134784
-0.152528
-0.169362
-0.186532
-0.203828
-0.218864
-0.227902
-0.227516
-0.216500
-0.196056
-0.168886
-0.137400
-0.102762
-0.065000
-0.024240
0.018264
0.059850
0.097442
0.128712
0.152686
0.169188
0.177998
0.178356
0.169616
0.152278
0.128878
0.103592
0.080768
0.063090
0.050820
0.042362
0.035878
0.030578
0.027140
0.026848
0.030368
0.036786
0.043810
0.048658
0.049182
0.044408
0.034620
0.020972
0.005134
-0.011172
-0.026374
-0.039422
-0.049976
-0.058564
-0.066166
-0.073632
-0.081038
-0.087652
-0.092224
-0.093676
-0.091562
-0.086322
-0.078882
-0.070210
-0.060886
-0.051232
-0.041484
-0.032120
-0.023934
-0.018038
-0.015488
-0.017024
-0.022792
-0.032456
-0.045256
-0.060252
-0.076406
-0.092730
-0.108132
-0.121396
-0.131164
-0.136352
-0.136436
-0.131744
-0.123238
-0.112156
-0.099308
-0.084758
-0.067936
-0.048364
-0.026250
-0.002780
0.020274
0.041118
0.058556
0.072028
0.081324
0.085974
0.085198
0.078174
0.064668
0.045262
0.021334
-0.005430
-0.033418
-0.061346
-0.088006
-0.112070
-0.132066
-0.146830
-0.155838
-0.159308
-0.157714
-0.151302
-0.139644
-0.121962
-0.097856
-0.068266
-0.035690
-0.003662
0.024432
0.046322
0.061428
0.070526
0.074992
0.075814
0.073140
0.066270
0.054182
0.036100
0.012168
-0.016264
-0.046706
-0.076234
-0.102244
-0.123232
-0.138956
-0.150184
-0.157856
-0.162360
-0.163180
-0.159306
-0.149766
-0.134214
-0.113032
-0.087276
-0.058336
-0.027830
0.002444
0.030444
0.054242
0.072500
0.085008
0.092552
0.096472
0.097804
0.096790
0.092828
0.085184
0.073734
0.059378
0.043592
0.027748
0.012460
-0.002312
-0.016730
-0.030202
-0.041108
-0.047256
-0.047080
-0.040532
-0.029288
-0.015882
-0.002566
0.009706
0.021266
0.032914
0.044674
0.055258
0.062390
0.063920
0.058730
0.047156
0.030526
0.010496
-0.011524
-0.034178
-0.055762
-0.074016
-0.086724
-0.092552
-0.091782
-0.086104
-0.077806
-0.068552
-0.058850
-0.048402
-0.037224
-0.026316
-0.017558
-0.012568
-0.011618
-0.013154
-0.014674
-0.014262
-0.012114
-0.010688
-0.013564
-0.023458
-0.040722
-0.062880
-0.085622
-0.104488
-0.116568
-0.121116
-0.119198
-0.112542
-0.102572
-0.089910
-0.074712
-0.057386
-0.039322
-0.022778
-0.010202
-0.003142
-0.001758
-0.004940
-0.011268
-0.019914
-0.031102
-0.045472
-0.063034
-0.082348
-0.100878
-0.116094
-0.126822
-0.133734
-0.138778
-0.143630
-0.148476
-0.151760
-0.151264
-0.145402
-0.134038
-0.118100
-0.098660
-0.075998
-0.049682
-0.019380
0.013978
0.048002
0.079518
0.105950
0.126118
0.140284
0.149196
0.153096
0.151218
0.142388
0.126048
0.103130
0.075888
0.047096
0.018908
-0.007662
-0.032604
-0.055992
-0.077212
-0.094740
-0.106854
-0.112494
-0.111902
-0.106322
-0.097204
-0.085122
-0.069474
-0.049022
-0.023212
0.006872
0.038384
0.067776
0.092160
0.110422
0.123150
0.131664
0.136646
0.137576
0.133118
0.122328
0.105546
0.084670
0.062428
0.041416
0.023248
0.008600
-0.002404
-0.009678
-0.013184
-0.013008
-0.009492
-0.002932
0.006700
0.020022
0.037848
0.060474
0.086864
0.114616
0.140628
0.162264
0.178112
0.188192
0.193378
0.194632
0.192350
0.186342
0.176104
0.161252
0.141710
0.117886
0.090788
0.062158
0.034254
0.009486
-0.010260
-0.024094
-0.032288
-0.035762
-0.035422
-0.031666
-0.024582
-0.014390
-0.001962
0.011250
0.023608
0.034032
0.042300
0.048910
0.054430
0.059084
0.062674
0.065008
0.066212
0.066906
0.067928
0.069994
0.073342
0.077876
0.083404
0.089910
0.097454
0.106054
0.115470
0.125244
0.134744
0.143348
0.150486
0.155642
0.158248
0.157790
0.153894
0.146422
0.135362
0.120832
0.103138
0.083054
0.061902
0.041512
0.023744
0.009882
0.000160
-0.006068
-0.009736
-0.011308
-0.010624
-0.007160
-0.000766
0.007884
0.017248
0.025592
0.031662
0.035070
0.035926
0.034332
0.029984
0.022372
0.011282
-0.002586
-0.017532
-0.031306
-0.042050
-0.048886
-0.052092
-0.052584
-0.051324
-0.048674
-0.044266
-0.037154
-0.026410
-0.011562
0.007004
0.028038
0.049544
0.069300
0.085392
0.096688
0.102876
0.104290
0.101462
0.094820
0.084496
0.070624
0.053654
0.034676
0.015234
-0.003006
-0.018784
-0.031534
-0.041434
-0.048990
-0.054574
-0.058058
-0.058962
-0.056782
-0.051466
-0.043592
-0.034352
-0.025070
-0.016852
-0.010334
-0.005910
-0.003942
-0.004960
-0.009524
-0.018024
-0.030318
-0.045650
-0.062728
-0.080110
-0.096450
-0.110710
-0.122198
-0.130650
-0.136096
-0.138698
-0.138446
-0.135068
-0.128024
-0.116918
-0.101934
-0.084266
-0.065864
-0.048824
-0.034534
-0.023372
-0.014884
-0.008542
-0.004370
-0.003200
-0.006160
-0.013972
-0.026446
-0.042648
-0.061378
-0.081650
-0.102704
-0.123752
-0.143564
-0.160524
-0.173084
-0.180486
-0.183020
-0.181732
-0.177630
-0.171100
-0.161710
-0.148710
-0.131704
-0.111254
-0.088772
-0.066050
-0.044570
-0.025234
-0.008390
0.005800
0.017066
0.024870
0.028666
0.028216
0.023886
0.016542
0.007326
-0.002750
-0.012990
-0.023102
-0.032902
-0.042060
-0.049946
-0.055894
-0.059468
-0.060782
-0.060428
-0.059230
-0.057766
-0.056154
-0.054060
-0.051158
-0.047426
-0.043284
-0.039322
-0.036010
-0.033366
-0.030972
-0.028158
-0.024390
-0.019424
-0.013360
-0.006498
0.000708
0.007820
0.014496
0.020608
0.026164
0.031238
0.035742
0.039348
0.041468
0.041622
0.039754
0.036444
0.032578
0.028930
0.025660
0.022332
0.018188
0.012750
0.006156
-0.000888
-0.007650
-0.013738
-0.019234
-0.024336
-0.029016
-0.032796
-0.035028
-0.035346
-0.034128
-0.032384
-0.031288
-0.031486
-0.032846
-0.034536
-0.035572
-0.035316
-0.033826
-0.031678
-0.029662
-0.028422
-0.028448
-0.030114
-0.033836
-0.039990
-0.048824
-0.060158
-0.073270
-0.086874
-0.099458
-0.109520
-0.115870
-0.117734
-0.114822
-0.107214
-0.095316
-0.079754
-0.061418
-0.041386
-0.020852
-0.000960
0.017248
0.033006
0.045824
0.055554
0.062204
0.065904
0.066766
0.064930
0.060566
0.054094
0.046312
0.038412
0.031640
0.026914
0.024402
0.023564
0.023430
0.023294
0.023178
0.023922
0.026592
0.031788
0.039100
0.047232
0.054514
0.059748
0.062612
0.063598
0.063370
0.062256
0.060010
0.056142
0.050380
0.043116
0.035354
0.028386
0.023184
0.020112
0.018866
0.018740
0.018852
0.018426
0.016886
0.013952
0.009568
0.003936
-0.002554
-0.009378
-0.016090
-0.022372
-0.028122
-0.033402
-0.038412
-0.043324
-0.048188
-0.052778
-0.056724
-0.059572
-0.060994
-0.060830
-0.059120
-0.055912
-0.051124
-0.044512
-0.035938
-0.025548
-0.013914
-0.001870
0.009700
0.020170
0.029180
0.036516
0.041828
0.044648
0.044594
0.041730
0.036650
0.030340
0.023738
0.017454
0.011666
0.006470
0.002250
-0.000170
0.000154
0.003832
0.010762
0.020176
0.030924
0.041952
0.052488
0.062018
0.069990
0.075798
0.078892
0.079096
0.076654
0.072142
0.066130
0.058996
0.050874
0.041974
0.032804
0.024238
0.017164
0.012164
0.009262
0.008060
0.007990
0.008660
0.009958
0.012008
0.014916
0.018690
0.023174
0.028118
0.033134
0.037756
0.041498
0.044036
0.045292
0.045476
0.044922
0.043880
0.042308
0.039962
0.036668
0.032610
0.028336
0.024560
0.021778
0.020096
0.019212
0.018804
0.018870
0.019880
0.022516
0.027332
0.034382
0.043176
0.052752
0.062016
0.069974
0.075914
0.079390
0.080238
0.078526
0.074562
0.068772
0.061684
0.053886
0.046030
0.038714
0.032388
0.027220
0.023152
0.019996
0.017754
0.016766
0.017630
0.020762
0.026030
0.032626
0.039394
0.045306
0.049884
0.053124
0.055126
0.055630
0.054068
0.050010
0.043770
0.036458
0.029470
0.023530
0.018098
0.011556
0.002266
-0.010260
-0.024832
-0.039246
-0.051544
-0.061156
-0.069012
-0.076710
-0.085156
-0.093808
-0.100862
-0.104420
-0.103578
-0.098942
-0.092122
-0.084820
-0.077940
-0.071380
-0.064358
-0.056138
-0.046464
-0.035698
-0.024556
-0.013858
-0.004214
0.004062
0.010982
0.016684
0.021242
0.024432
0.025718
0.024380
0.019992
0.012776
0.003736
-0.005756
-0.014502
-0.021950
-0.028172
-0.033496
-0.037968
-0.041176
-0.042534
-0.041890
-0.039904
-0.037890
-0.037158
-0.038370
-0.041182
-0.044574
-0.047494
-0.049580
-0.051326
-0.053752
-0.057776
-0.063748
-0.071260
-0.079358
-0.086912
-0.093022
-0.097180
-0.099310
-0.099596
-0.098356
-0.095790
-0.091850
-0.086154
-0.078186
-0.067474
-0.053858
-0.037558
-0.019214
0.000316
0.020078
0.039122
0.056420
0.070926
0.081636
0.087848
0.089322
0.086454
0.080180
0.071760
0.062392
0.052970
0.043952
0.035458
0.027426
0.019870
0.012988
0.007238
0.003168
0.001316
0.002056
0.005540
0.011582
0.019666
0.028948
0.038436
0.047136
0.054342
0.059732
0.063330
0.065168
0.065048
0.062414
0.056630
0.047336
0.034846
0.020216
0.004968
-0.009430
-0.021916
-0.031958
-0.039370
-0.044124
-0.046206
-0.045634
-0.042504
-0.037022
-0.029348
-0.019552
-0.007668
0.005960
0.020450
0.034358
0.046086
0.054448
0.059166
0.060920
0.060958
0.060410
0.059850
0.059198
0.058098
0.056264
0.053806
0.051186
0.048984
0.047592
0.047070
0.047130
0.047286
0.046938
0.045584
0.042944
0.039082
0.034320
0.029064
0.023580
0.017854
0.011604
0.004576
-0.003202
-0.011270
-0.018974
-0.025758
-0.031440
-0.036148
-0.040096
-0.043196
-0.045006
-0.044896
-0.042548
-0.038222
-0.032746
-0.027068
-0.021836
-0.017102
-0.012494
-0.007650
-0.002694
0.001712
0.004648
0.005480
0.004156
0.001242
-0.002472
-0.006388
-0.010398
-0.014764
-0.019820
-0.025618
-0.031848
-0.037930
-0.043222
-0.047168
-0.049380
-0.049576
-0.047510
-0.042974
-0.035894
-0.026336
-0.014556
-0.000956
0.013854
0.029082
0.043766
0.056920
0.067686
0.075564
0.080484
0.082716
0.082610
0.080386
0.076058
0.069568
0.060958
0.050534
0.038854
0.026606
0.014406
0.002742
-0.008032
-0.017594
-0.025680
-0.032058
-0.036594
-0.039260
-0.040146
-0.039426
-0.037334
-0.034118
-0.030044
-0.025312
-0.020026
-0.014192
-0.007868
-0.001240
0.005356
0.011556
0.017108
0.021984
0.026284
0.030068
0.033138
0.035100
0.035558
0.034428
0.031988
0.028740
0.025086
0.021120
0.016642
0.011484
0.005826
0.000308
-0.004266
-0.007320
-0.008820
-0.009230
-0.009212
-0.009196
-0.009184
-0.008810
-0.007682
-0.005622
-0.002772
0.000500
0.003728
0.006484
0.008446
0.009488
0.009710
0.009498
0.009414
0.009994
0.011470
0.013660
0.016092
0.018310
0.020098
0.021570
0.023002
0.024600
0.026316
0.027896
0.029016
0.029388
0.028688
0.026444
0.021976
0.014538
0.003574
-0.011000
-0.028684
-0.048502
-0.069240
-0.089652
-0.108536
-0.124768
-0.137374
-0.145632
-0.149210
-0.148174
-0.142904
-0.133872
-0.121538
-0.106376
-0.089086
-0.070704
-0.052584
-0.036116
-0.022418
-0.012068
-0.005078
-0.001012
0.000736
0.000818
-0.000162
-0.001628
-0.003086
-0.004206
-0.004920
-0.005436
-0.006180
-0.007566
-0.009766
-0.012560
-0.015414
-0.017644
-0.018708
-0.018390
-0.016872
-0.014592
-0.012030
-0.009512
-0.007188
-0.005118
-0.003444
-0.002468
-0.002686
-0.004624
-0.008660
-0.014832
-0.022782
-0.031758
-0.040794
-0.048930
-0.055524
-0.060382
-0.063682
-0.065658
-0.066280
-0.065060
-0.061240
-0.054250
-0.044186
-0.031946
-0.018934
-0.006448
0.004792
0.014780
0.023898
0.032466
0.040378
0.047146
0.052062
0.054438
0.053620
0.048994
0.040114
0.027026
0.010596
-0.007440
-0.024872
-0.039734
-0.050956
-0.058490
-0.062912
-0.064750
-0.064094
-0.060664
-0.054234
-0.045030
-0.033788
-0.021438
-0.008738
0.003848
0.015898
0.026740
0.035378
0.040840
0.042656
0.041178
0.037412
0.032468
0.026932
0.020652
0.012970
0.003302
-0.008440
-0.021696
-0.035548
-0.049094
-0.061754
-0.073256
-0.083428
-0.091952
-0.098320
-0.101880
-0.102032
-0.098302
-0.090388
-0.078094
-0.061368
-0.040460
-0.016204
0.009828
0.035436
0.058290
0.076546
0.089420
0.097268
0.101238
0.102532
0.101818
0.099010
0.093536
0.084862
0.072950
0.058412
0.042314
0.025784
0.009682
-0.005528
-0.019702
-0.032846
-0.044898
-0.055608
-0.064522
-0.071140
-0.075142
-0.076602
-0.075964
-0.073814
-0.070458
-0.065626
-0.058534
-0.048390
-0.035012
-0.019208
-0.002604
0.012982
0.026266
0.036862
0.045116
0.051562
0.056448
0.059596
0.060626
0.059256
0.055438
0.049266
0.040852
0.030306
0.017982
0.004680
-0.008378
-0.019954
-0.029274
-0.036318
-0.041592
-0.045608
-0.048286
-0.048832
-0.046084
-0.039186
-0.028080
-0.013578
0.003040
0.020522
0.037992
0.054908
0.070800
0.085000
0.096648
0.104928
0.109398
0.110124
0.107618
0.102544
0.095468
0.086720
0.076464
0.064880
0.052314
0.039316
0.026600
0.014966
0.005202
-0.002010
-0.006220
-0.007324
-0.005624
-0.001790
0.003378
0.009206
0.015326
0.021644
0.028146
0.034684
0.040904
0.046338
0.050630
0.053660
0.055492
0.056156
0.055504
0.053248
0.049252
0.043808
0.037710
0.031986
0.027450
0.024320
0.022242
0.020636
0.019154
0.017872
0.017092
0.016916
0.016944
0.016372
0.014496
0.011222
0.007198
0.003418
0.000550
-0.001510
-0.003522
-0.006280
-0.009908
-0.013620
-0.016134
-0.016470
-0.014562
-0.011266
-0.007760
-0.004816
-0.002432
-0.000054
0.002818
0.006150
0.009350
0.011688
0.012794
0.012840
0.012328
0.011678
0.011010
0.010226
0.009328
0.008620
0.008620
0.009750
0.012062
0.015224
0.018766
0.022346
0.025812
0.029018
0.031574
0.032804
0.031994
0.028762
0.023296
0.016246
0.008358
0.000108
-0.008418
-0.017362
-0.026750
-0.036286
-0.045400
-0.053470
-0.060098
-0.065202
-0.068932
-0.071482
-0.072942
-0.073238
-0.072182
-0.069542
-0.065124
-0.058812
-0.050616
-0.040750
-0.029628
-0.017852
-0.006116
0.004922
0.014762
0.023110
0.029850
0.034948
0.038330
0.039836
0.039274
0.036570
0.031892
0.025694
0.018606
0.011230
0.003996
-0.002818
-0.008950
-0.014016
-0.017542
-0.019162
-0.018860
-0.017046
-0.014344
-0.011234
-0.007810
-0.003846
0.000846
0.006046
0.011066
0.015072
0.017568
0.018686
0.019028
0.019164
0.019172
0.018568
0.016688
0.013234
0.008558
0.003476
-0.001228
-0.005210
-0.008588
-0.011580
-0.014106
-0.015708
-0.015834
-0.014254
-0.011206
-0.007148
-0.002334
0.003436
0.010604
0.019368
0.029300
0.039422
0.048710
0.056638
0.063282
0.068930
0.073482
0.076200
0.076054
0.072468
0.065848
0.057450
0.048592
0.039830
0.030672
0.020154
0.007808
-0.005656
-0.018522
-0.028956
-0.035972
-0.039798
-0.041386
-0.041498
-0.040094
-0.036450
-0.029880
-0.020464
-0.009220
0.002410
0.013294
0.023034
0.031740
0.039434
0.045580
0.049180
0.049352
0.045950
0.039762
0.032132
0.024338
0.017142
0.010784
0.005328
0.000968
-0.001938
-0.003104
-0.002560
-0.000638
0.002288
0.006076
0.010844
0.016666
0.023194
0.029532
0.034520
0.037276
0.037592
0.035914
0.032886
0.028798
0.023350
0.015888
0.005978
-0.006134
-0.019500
-0.032910
-0.045448
-0.056812
-0.067122
-0.076450
-0.084388
-0.090022
-0.092344
-0.090804
-0.085608
-0.077614
-0.067878
-0.057230
-0.046118
-0.034786
-0.023574
-0.013092
-0.004100
0.002772
0.007252
0.009434
0.009602
0.007998
0.004782
0.000164
-0.005384
-0.011064
-0.015916
-0.019134
-0.020286
-0.019318
-0.016302
-0.011142
-0.003456
0.007190
0.020846
0.036780
0.053458
0.068934
0.081544
0.090438
0.095730
0.098086
0.098064
0.095588
0.089972
0.080432
0.066814
0.050048
0.031962
0.014610
-0.000528
-0.012952
-0.022958
-0.031050
-0.037384
-0.041632
-0.043300
-0.042250
-0.038976
-0.034470
-0.029738
-0.025394
-0.021584
-0.018244
-0.015462
-0.013632
-0.013282
-0.014774
-0.018098
-0.022956
-0.029006
-0.036032
-0.043880
-0.052234
-0.060486
-0.067832
-0.073580
-0.077422
-0.079424
-0.079762
-0.078390
-0.074998
-0.069278
-0.061278
-0.051560
-0.040990
-0.030358
-0.020110
-0.010430
-0.001578
0.005870
0.011138
0.013676
0.013558
0.011496
0.008432
0.005048
0.001548
-0.002062
-0.005550
-0.008236
-0.009300
-0.008342
-0.005730
-0.002336
0.001120
0.004664
0.008996
0.014784
0.021830
0.028806
0.033872
0.035780
0.034654
0.031848
0.028956
0.026682
0.024386
0.020606
0.014144
0.004942
-0.005898
-0.016810
-0.026658
-0.035078
-0.042210
-0.048040
-0.052026
-0.053238
-0.050946
-0.045102
-0.036372
-0.025676
-0.013684
-0.000616
0.013476
0.028244
0.042776
0.055754
0.065980
0.072854
0.076496
0.077478
0.076398
0.073600
0.069236
0.063498
0.056864
0.050100
0.044044
0.039354
0.036370
0.035216
0.035942
0.038600
0.043134
0.049240
0.056294
0.063536
0.070314
0.076300
0.081402
0.085436
0.087848
0.087716
0.084168
0.076984
0.066954
0.055740
0.045176
0.036472
0.029758
0.024316
0.019240
0.014098
0.009144
0.005000
0.002076
0.000226
-0.001180
-0.002774
-0.004832
-0.007212
-0.009680
-0.012240
-0.015220
-0.018990
-0.023566
-0.028460
-0.032940
-0.036480
-0.039090
-0.041188
-0.043168
-0.044962
-0.045958
-0.045300
-0.042448
-0.037482
-0.031072
-0.024046
-0.016982
-0.010022
-0.003076
0.003902
0.010692
0.016886
0.022106
0.026238
0.029424
0.031898
0.033788
0.035094
0.035782
0.035958
0.035862
0.035750
0.035652
0.035288
0.034172
0.031908
0.028404
0.023900
0.018760
0.013260
0.007456
0.001322
-0.005072
-0.011392
-0.017164
-0.022006
-0.025886
-0.029086
-0.031996
-0.034742
-0.037010
-0.038108
-0.037310
-0.034232
-0.029058
-0.022414
-0.015100
-0.007758
-0.000728
0.005928
0.012212
0.018016
0.023046
0.026934
0.029354
0.030106
0.029088
0.026256
0.021584
0.015148
0.007230
-0.001612
-0.010680
-0.019358
-0.027344
-0.034614
-0.041238
-0.047084
-0.051732
-0.054632
-0.055446
-0.054298
-0.051732
-0.048326
-0.044362
-0.039650
-0.033786
-0.026414
-0.017468
-0.007082
0.004582
0.017414
0.031124
0.044964
0.057672
0.067938
0.075066
0.079386
0.081984
0.083892
0.085162
0.084642
0.080622
0.072014
0.059160
0.043776
0.027958
0.013104
-0.000594
-0.013688
-0.026550
-0.038660
-0.048740
-0.055530
-0.058580
-0.058412
-0.056032
-0.052160
-0.046870
-0.039762
-0.030524
-0.019326
-0.006746
0.006670
0.020686
0.035300
0.050318
0.065032
0.078232
0.088672
0.095528
0.098618
0.098140
0.094300
0.087090
0.076456
0.062586
0.046106
0.027902
0.008866
-0.010324
-0.029070
-0.046606
-0.061852
-0.073700
-0.081502
-0.085498
-0.086668
-0.086132
-0.084400
-0.081024
-0.074868
-0.064920
-0.051072
-0.034396
-0.016734
0.000070
0.014866
0.027358
0.037840
0.046604
0.053622
0.058544
0.061076
0.061272
0.059594
0.056632
0.052836
0.048342
0.043182
0.037582
0.032184
0.027872
0.025348
0.024706
0.025376
0.026434
0.027152
0.027338
0.027332
0.027594
0.028290
0.029110
0.029568
0.029408
0.028896
0.028672
0.029328
0.030894
0.032708
0.033684
0.032946
0.030248
0.026070
0.021226
0.016368
0.011648
0.006832
0.001710
-0.003492
-0.008136
-0.011600
-0.013872
-0.015722
-0.018340
-0.022482
-0.027814
-0.032892
-0.036020
-0.036402
-0.034816
-0.033194
-0.033402
-0.035998
-0.039904
-0.043234
-0.044780
-0.044986
-0.045686
-0.048672
-0.054194
-0.060448
-0.064526
-0.064134
-0.059014
-0.051022
-0.042966
-0.036962
-0.033494
-0.031620
-0.030024
-0.027972
-0.025656
-0.023784
-0.022964
-0.023316
-0.024620
-0.026618
-0.029242
-0.032444
-0.036038
-0.039618
-0.042808
-0.045444
-0.047648
-0.049582
-0.051184
-0.052078
-0.051858
-0.050462
-0.048344
-0.046196
-0.044520
-0.043270
-0.041936
-0.039916
-0.036964
-0.033380
-0.029848
-0.027028
-0.025312
-0.024740
-0.025128
-0.026180
-0.027588
-0.029042
-0.030294
-0.031136
-0.031436
-0.031074
-0.029906
-0.027776
-0.024680
-0.020920
-0.017138
-0.013998
-0.011820
-0.010312
-0.008722
-0.006256
-0.002626
0.001764
0.006040
0.009436
0.011668
0.012992
0.013848
0.014500
0.014846
0.014596
0.013562
0.011926
0.010136
0.008662
0.007710
0.007180
0.006740
0.006060
0.004960
0.003498
0.001884
0.000338
-0.001060
-0.002406
-0.003964
-0.006004
-0.008640
-0.011642
-0.014506
-0.016642
-0.017686
-0.017572
-0.016480
-0.014556
-0.011708
-0.007576
-0.001814
0.005578
0.014082
0.022890
0.031262
0.038848
0.045664
0.051830
0.057174
0.061120
0.062876
0.061928
0.058324
0.052706
0.045944
0.038802
0.031664
0.024666
0.017926
0.011808
0.006886
0.003734
0.002624
0.003464
0.005848
0.009310
0.013486
0.018244
0.023544
0.029278
0.035072
0.040308
0.044190
0.045970
0.045124
0.041536
0.035458
0.027396
0.017902
0.007514
-0.003298
-0.014032
-0.024122
-0.032872
-0.039606
-0.043772
-0.045054
-0.043296
-0.038520
-0.030880
-0.020812
-0.009054
0.003346
0.015274
0.025828
0.034626
0.041746
0.047476
0.051924
0.054936
0.056174
0.055520
0.053306
0.050350
0.047538
0.045378
0.043726
0.042028
0.039760
0.036888
0.033916
0.031616
0.030470
0.030334
0.030494
0.030162
0.028934
0.027008
0.024950
0.023282
0.022084
0.020986
0.019438
0.017192
0.014478
0.011916
0.010140
0.009540
0.010136
0.011718
0.014022
0.016898
0.020212
0.023742
0.027114
0.029976
0.032128
0.033588
0.034414
0.034540
0.033576
0.030894
0.025880
0.018282
0.008326
-0.003366
-0.016048
-0.028972
-0.041492
-0.053004
-0.062970
-0.070942
-0.076730
-0.080402
-0.082212
-0.082274
-0.080464
-0.076450
-0.070014
-0.061296
-0.050916
-0.039770
-0.028750
-0.018414
-0.009036
-0.000784
0.006032
0.010984
0.013652
0.013862
0.011762
0.007792
0.002456
-0.003794
-0.010596
-0.017516
-0.024010
-0.029472
-0.033428
-0.035616
-0.036042
-0.034824
-0.032082
-0.027784
-0.021868
-0.014358
-0.005572
0.003904
0.013224
0.021442
0.027660
0.031298
0.032198
0.030696
0.027416
0.023040
0.017940
0.012074
0.005080
-0.003304
-0.012962
-0.023308
-0.033548
-0.042992
-0.051330
-0.058554
-0.064724
-0.069628
-0.072812
-0.073810
-0.072562
-0.069510
-0.065504
-0.061410
-0.057758
-0.054560
-0.051498
-0.048208
-0.044588
-0.040800
-0.037216
-0.034220
-0.032116
-0.030996
-0.030742
-0.031048
-0.031526
-0.031762
-0.031514
-0.030758
-0.029696
-0.028480
-0.027070
-0.025126
-0.022200
-0.017950
-0.012430
-0.006120
0.000220
0.005978
0.010914
0.015232
0.019330
0.023522
0.027722
0.031422
0.033840
0.034334
0.032658
0.029052
0.024054
0.018242
0.011942
0.005192
-0.002130
-0.009936
-0.017776
-0.024862
-0.030404
-0.033932
-0.035522
-0.035660
-0.034938
-0.033582
-0.031374
-0.027818
-0.022590
-0.015810
-0.008132
-0.000462
0.006398
0.012108
0.016744
0.020576
0.023724
0.026080
0.027330
0.027190
0.025528
0.022504
0.018440
0.013724
0.008704
0.003756
-0.000740
-0.004400
-0.006960
-0.008278
-0.008384
-0.007380
-0.005374
-0.002360
0.001690
0.006718
0.012440
0.018374
0.023878
0.028280
0.030960
0.031498
0.029672
0.025516
0.019298
0.011562
0.002996
-0.005666
-0.013776
-0.020724
-0.025920
-0.028742
-0.028660
-0.025354
-0.018990
-0.010294
-0.000468
0.009236
0.017850
0.024930
0.030436
0.034544
0.037330
0.038692
0.038380
0.036298
0.032542
0.027404
0.021164
0.014076
0.006342
-0.001698
-0.009532
-0.016442
-0.021788
-0.025236
-0.026888
-0.027056
-0.026030
-0.023836
-0.020334
-0.015374
-0.009144
-0.002274
0.004272
0.009606
0.013156
0.014790
0.014656
0.013046
0.010228
0.006504
0.002260
-0.001916
-0.005394
-0.007692
-0.008684
-0.008504
-0.007408
-0.005514
-0.002752
0.001122
0.006214
0.012304
0.018762
0.024820
0.029812
0.033450
0.035766
0.037032
0.037426
0.036918
0.035262
0.032288
0.028100
0.023180
0.018214
0.013898
0.010646
0.008526
0.007330
0.006880
0.007136
0.008224
0.010210
0.013000
0.016220
0.019354
0.021942
0.023842
0.025234
0.026454
0.027706
0.028980
0.030006
0.030460
0.030120
0.029070
0.027584
0.026020
0.024626
0.023566
0.022880
0.022524
0.022294
0.021896
0.020938
0.019114
0.016344
0.012956
0.009502
0.006498
0.004046
0.001834
-0.000724
-0.004080
-0.008286
-0.012858
-0.017082
-0.020340
-0.022420
-0.023440
-0.023710
-0.023494
-0.022940
-0.021996
-0.020524
-0.018340
-0.015330
-0.011460
-0.006946
-0.002284
0.001792
0.004670
0.006130
0.006540
0.006676
0.007420
0.009258
0.012072
0.015192
0.017838
0.019480
0.020080
0.019978
0.019706
0.019632
0.019830
0.020040
0.019916
0.019144
0.017600
0.015278
0.012308
0.008800
0.004836
0.000460
-0.004158
-0.008726
-0.012838
-0.016156
-0.018452
-0.019706
-0.020020
-0.019556
-0.018390
-0.016584
-0.014242
-0.011610
-0.008910
-0.006278
-0.003678
-0.001046
0.001632
0.004136
0.006146
0.007440
0.008188
0.008864
0.009926
0.011340
0.012516
0.012556
0.010854
0.007508
0.003408
-0.000338
-0.003032
-0.004808
-0.006336
-0.008312
-0.010928
-0.013842
-0.016432
-0.018320
-0.019548
-0.020474
-0.021316
-0.022014
-0.022286
-0.021964
-0.021084
-0.019880
-0.018470
-0.016740
-0.014334
-0.011004
-0.006842
-0.002350
0.001922
0.005608
0.008680
0.011240
0.013388
0.015080
0.016264
0.016988
0.017506
0.017992
0.018322
0.017952
0.016300
0.013138
0.008914
0.004554
0.001088
-0.000922
-0.001548
-0.001324
-0.000722
0.000078
0.001196
0.002702
0.004464
0.006082
0.007170
0.007580
0.007562
0.007508
0.007664
0.007892
0.007844
0.007186
0.005876
0.004162
0.002516
0.001332
0.000808
0.000896
0.001522
0.002600
0.004062
0.005724
0.007322
0.008522
0.009092
0.008982
0.008438
0.007826
0.007466
0.007430
0.007620
0.007814
0.007820
0.007484
0.006778
0.005664
0.004082
0.001914
-0.000826
-0.003990
-0.007246
-0.010252
-0.012682
-0.014422
-0.015532
-0.016230
-0.016628
-0.016706
-0.016266
-0.015110
-0.013084
-0.010224
-0.006714
-0.002844
0.001202
0.005316
0.009470
0.013566
0.017478
0.020978
0.023826
0.025756
0.026628
0.026372
0.025038
0.022740
0.019770
0.016462
0.013150
0.009974
0.006936
0.003852
0.000528
-0.003166
-0.007122
-0.011076
-0.014676
-0.017668
-0.019874
-0.021248
-0.021826
-0.021730
-0.021060
-0.019942
-0.018490
-0.016884
-0.015256
-0.013744
-0.012436
-0.011394
-0.010552
-0.009816
-0.009128
-0.008616
-0.008534
-0.009230
-0.010932
-0.013652
-0.017022
-0.020490
-0.023488
-0.025706
-0.027032
-0.027558
-0.027414
-0.026778
-0.025764
-0.024540
-0.023282
-0.022146
-0.021070
-0.019828
-0.018070
-0.015564
-0.012210
-0.008098
-0.003412
0.001596
0.006696
0.011576
0.015852
0.019114
0.021212
0.022318
0.022868
0.023248
0.023572
0.023528
0.022596
0.020360
0.016920
0.012824
0.008792
0.005230
0.002092
-0.001056
-0.004640
-0.008782
-0.013092
-0.016950
-0.019840
-0.021648
-0.022554
-0.022836
-0.022586
-0.021704
-0.019914
-0.017094
-0.013406
-0.009312
-0.005288
-0.001654
0.001556
0.004470
0.007302
0.010120
0.012800
0.014996
0.016376
0.016684
0.015880
0.014082
0.011620
0.008834
0.006012
0.003262
0.000648
-0.001762
-0.003752
-0.004992
-0.005018
-0.003484
-0.000334
0.004050
0.009030
0.013892
0.018134
0.021556
0.024312
0.026628
0.028600
0.029982
0.030388
0.029444
0.027062
0.023484
0.019272
0.014994
0.011020
0.007366
0.003910
0.000554
-0.002544
-0.005012
-0.006310
-0.006058
-0.004202
-0.001094
0.002768
0.006934
0.011204
0.015558
0.020084
0.024678
0.028976
0.032394
0.034496
0.035184
0.034810
0.033888
0.032862
0.031758
0.030214
0.027680
0.023902
0.019068
0.013760
0.008548
0.003792
-0.000528
-0.004568
-0.008380
-0.011624
-0.013760
-0.014344
-0.013394
-0.011314
-0.008740
-0.006152
-0.003770
-0.001514
0.000666
0.002614
0.003904
0.004136
0.003068
0.000730
-0.002754
-0.007186
-0.012414
-0.018220
-0.024302
-0.030186
-0.035466
-0.039950
-0.043762
-0.047060
-0.049864
-0.051894
-0.052774
-0.052216
-0.050334
-0.047586
-0.044562
-0.041566
-0.038592
-0.035454
-0.032194
-0.029154
-0.026954
-0.026120
-0.026862
-0.028888
-0.031686
-0.034776
-0.037964
-0.041170
-0.044294
-0.047044
-0.049018
-0.049746
-0.048932
-0.046448
-0.042336
-0.036620
-0.029366
-0.020750
-0.011220
-0.001416
0.007902
0.016070
0.022608
0.027408
0.030588
0.032416
0.033060
0.032562
0.030694
0.027092
0.021434
0.013822
0.004894
-0.004270
-0.012602
-0.019372
-0.024466
-0.028182
-0.030876
-0.032496
-0.032630
-0.030812
-0.027026
-0.021796
-0.016054
-0.010624
-0.005938
-0.001886
0.001786
0.005140
0.007838
0.009458
0.009778
0.009006
0.007602
0.006052
0.004512
0.002832
0.000730
-0.001794
-0.004404
-0.006512
-0.007628
-0.007440
-0.005942
-0.003328
0.000016
0.003670
0.007124
0.009928
0.011782
0.012808
0.013454
0.014320
0.015742
0.017682
0.019674
0.021138
0.021666
0.021330
0.020544
0.019840
0.019502
0.019544
0.019682
0.019588
0.019028
0.018082
0.017042
0.016302
0.016100
0.016484
0.017180
0.017704
0.017464
0.016098
0.013550
0.010124
0.006270
0.002488
-0.000926
-0.003896
-0.006554
-0.008964
-0.011078
-0.012674
-0.013532
-0.013462
-0.012506
-0.010918
-0.009138
-0.007506
-0.006178
-0.005018
-0.003774
-0.002158
-0.000128
0.002076
0.003964
0.005178
0.005620
0.005538
0.005266
0.005050
0.004776
0.004068
0.002484
-0.000060
-0.003254
-0.006506
-0.009360
-0.011618
-0.013444
-0.015092
-0.016722
-0.018192
-0.019252
-0.019744
-0.019798
-0.019620
-0.019338
-0.018822
-0.017816
-0.016092
-0.013752
-0.011210
-0.009018
-0.007436
-0.006374
-0.005480
-0.004530
-0.003496
-0.002568
-0.001860
-0.001272
-0.000402
0.001084
0.003190
0.005440
0.007202
0.007934
0.007380
0.005370
0.001750
-0.003734
-0.011074
-0.019678
-0.028114
-0.034614
-0.037886
-0.037944
-0.036078
-0.034214
-0.033770
-0.034948
-0.036636
-0.037288
-0.035870
-0.032448
-0.027856
-0.023122
-0.018816
-0.015056
-0.011688
-0.008774
-0.006612
-0.005582
-0.005692
-0.006624
-0.007944
-0.009544
-0.011618
-0.014486
-0.018162
-0.022248
-0.026026
-0.028972
-0.031016
-0.032554
-0.033902
-0.034992
-0.035290
-0.034212
-0.031446
-0.027238
-0.022174
-0.016906
-0.011808
-0.007110
-0.003082
-0.000202
0.001144
0.000924
-0.000366
-0.002008
-0.003466
-0.004856
-0.006838
-0.010146
-0.014840
-0.020174
-0.024940
-0.028294
-0.030160
-0.031262
-0.032448
-0.034040
-0.035454
-0.035640
-0.033780
-0.029950
-0.025004
-0.020154
-0.016262
-0.013578
-0.011732
-0.010252
-0.008906
-0.007886
-0.007498
-0.007972
-0.009274
-0.011250
-0.013652
-0.016334
-0.019200
-0.022204
-0.025126
-0.027650
-0.029360
-0.029958
-0.029262
-0.027418
-0.024854
-0.022234
-0.020066
-0.018512
-0.017234
-0.015662
-0.013274
-0.010066
-0.006608
-0.003830
-0.002376
-0.002294
-0.002988
-0.003708
-0.003928
-0.003700
-0.003446
-0.003616
-0.004190
-0.004740
-0.004702
-0.003884
-0.002522
-0.001216
-0.000494
-0.000568
-0.001162
-0.001820
-0.002178
-0.002224
-0.002120
-0.002076
-0.002108
-0.002080
-0.001688
-0.000740
0.000744
0.002430
0.003914
0.004820
0.005022
0.004628
0.004014
0.003546
0.003406
0.003412
0.003242
0.002572
0.001344
-0.000276
-0.001940
-0.003432
-0.004768
-0.006184
-0.007786
-0.009456
-0.010838
-0.011670
-0.011896
-0.011796
-0.011708
-0.011798
-0.011784
-0.011190
-0.009676
-0.007422
-0.004982
-0.003028
-0.001892
-0.001484
-0.001366
-0.001226
-0.001136
-0.001570
-0.002924
-0.005248
-0.008104
-0.010932
-0.013310
-0.015274
-0.017118
-0.019120
-0.021108
-0.022570
-0.022972
-0.022238
-0.020768
-0.019280
-0.018294
-0.017906
-0.017714
-0.017274
-0.016446
-0.015592
-0.015218
-0.015668
-0.016860
-0.018454
-0.020052
-0.021532
-0.022994
-0.024602
-0.026210
-0.027430
-0.027822
-0.027280
-0.026000
-0.024326
-0.022380
-0.019956
-0.016580
-0.012000
-0.006472
-0.000802
0.004182
0.008024
0.010880
0.013220
0.015508
0.017796
0.019802
0.021136
0.021738
0.021840
0.021758
0.021502
0.020826
0.019376
0.017088
0.014286
0.011650
0.009740
0.008730
0.008312
0.008102
0.007900
0.007866
0.008280
0.009344
0.010894
0.012504
0.013686
0.014282
0.014464
0.014612
0.014960
0.015510
0.015930
0.015790
0.014722
0.012744
0.010222
0.007772
0.005912
0.004930
0.004656
0.004616
0.004264
0.003486
0.002694
0.002720
0.004302
0.007722
0.012510
0.017664
0.022076
0.025128
0.026816
0.027594
0.027914
0.028046
0.027954
0.027552
0.026848
0.026146
0.025788
0.025960
0.026468
0.026946
0.027002
0.026482
0.025452
0.024210
0.023002
0.021942
0.020910
0.019778
0.018430
0.016866
0.015112
0.013304
0.011560
0.009974
0.008520
0.007158
0.005772
0.004280
0.002630
0.000954
-0.000522
-0.001568
-0.002160
-0.002448
-0.002772
-0.003452
-0.004682
-0.006318
-0.008046
-0.009540
-0.010730
-0.011734
-0.012792
-0.014022
-0.015348
-0.016456
-0.017070
-0.017136
-0.016944
-0.016828
-0.016974
-0.017230
-0.017260
-0.016698
-0.015494
-0.013940
-0.012558
-0.011680
-0.011302
-0.011096
-0.010706
-0.009916
-0.008822
-0.007706
-0.006888
-0.006442
-0.006246
-0.006070
-0.005782
-0.005330
-0.004792
-0.004284
-0.003960
-0.003852
-0.003936
-0.004088
-0.004212
-0.004182
-0.003990
-0.003740
-0.003646
-0.003792
-0.004104
-0.004306
-0.004138
-0.003422
-0.002250
-0.000890
0.000294
0.001158
0.001746
0.002246
0.002742
0.003244
0.003638
0.003872
0.003974
0.004164
0.004622
0.005362
0.006084
0.006378
0.005854
0.004364
0.002000
-0.000848
-0.003724
-0.006230
-0.008188
-0.009536
-0.010338
-0.010676
-0.010638
-0.010188
-0.009270
-0.007840
-0.006006
-0.003928
-0.001834
0.000118
0.001802
0.003230
0.004376
0.005144
0.005302
0.004710
0.003366
0.001478
-0.000680
-0.002770
-0.004572
-0.005918
-0.006700
-0.006710
-0.005756
-0.003742
-0.000840
0.002654
0.006364
0.010030
0.013470
0.016624
0.019354
0.021440
0.022578
0.022650
0.021730
0.020048
0.017758
0.014930
0.011510
0.007532
0.003210
-0.000944
-0.004388
-0.006764
-0.008110
-0.008656
-0.008664
-0.008202
-0.007204
-0.005512
-0.003136
-0.000268
0.002770
0.005812
0.008856
0.012014
0.015240
0.018320
0.020818
0.022314
0.022518
0.021472
0.019392
0.016544
0.013050
0.008992
0.004428
-0.000482
-0.005512
-0.010294
-0.014472
-0.017736
-0.019984
-0.021232
-0.021700
-0.021680
-0.021486
-0.021168
-0.020546
-0.019290
-0.017236
-0.014486
-0.011536
-0.009024
-0.007502
-0.007068
-0.007452
-0.008200
-0.009042
-0.009920
-0.010978
-0.012294
-0.013786
-0.015108
-0.015912
-0.015992
-0.015438
-0.014410
-0.013050
-0.011354
-0.009306
-0.006880
-0.004214
-0.001538
0.000860
0.002834
0.004302
0.005202
0.005386
0.004780
0.003426
0.001594
-0.000350
-0.002018
-0.003236
-0.004040
-0.004610
-0.004952
-0.004874
-0.004046
-0.002292
0.000332
0.003476
0.006722
0.009744
0.012518
0.015158
0.017728
0.020040
0.021796
0.022720
0.022794
0.022242
0.021492
0.020864
0.020446
0.020024
0.019356
0.018300
0.016948
0.015512
0.014294
0.013492
0.013160
0.013152
0.013280
0.013332
0.013164
0.012696
0.012038
0.011378
0.010924
0.010734
0.010766
0.010856
0.010872
0.010768
0.010770
0.011276
0.012790
0.015682
0.020172
0.026150
0.033204
0.040638
0.047748
0.053948
0.058946
0.062668
0.065218
0.066644
0.066850
0.065614
0.062856
0.058694
0.053468
0.047458
0.040794
0.033356
0.025026
0.015950
0.006832
-0.001280
-0.007422
-0.011242
-0.013062
-0.013678
-0.013774
-0.013558
-0.012626
-0.010396
-0.006578
-0.001504
0.004108
0.009502
0.014282
0.018418
0.022096
0.025344
0.027924
0.029426
0.029658
0.028790
0.027318
0.025746
0.024456
0.023558
0.023064
0.022988
0.023536
0.024942
0.027344
0.030614
0.034482
0.038588
0.042586
0.046118
0.048884
0.050588
0.051020
0.050050
0.047712
0.044044
0.039016
0.032490
0.024484
0.015302
0.005622
-0.003722
-0.011984
-0.018846
-0.024412
-0.029046
-0.032914
-0.035872
-0.037490
-0.037408
-0.035514
-0.032094
-0.027664
-0.022798
-0.017848
-0.013004
-0.008350
-0.004044
-0.000240
0.002870
0.005160
0.006526
0.007004
0.006700
0.005810
0.004520
0.003008
0.001308
-0.000650
-0.003000
-0.005654
-0.008270
-0.010292
-0.011256
-0.010954
-0.009590
-0.007614
-0.005520
-0.003536
-0.001688
0.000064
0.001622
0.002822
0.003524
0.003800
0.003850
0.003906
0.003932
0.003594
0.002400
0.000134
-0.002996
-0.006392
-0.009464
-0.011900
-0.013818
-0.015558
-0.017396
-0.019210
-0.020602
-0.021130
-0.020636
-0.019238
-0.017260
-0.014948
-0.012414
-0.009576
-0.006378
-0.002892
0.000634
0.003984
0.007012
0.009686
0.011926
0.013610
0.014504
0.014416
0.013276
0.011310
0.008894
0.006426
0.004132
0.002108
0.000356
-0.001082
-0.002130
-0.002648
-0.002604
-0.002104
-0.001408
-0.000720
-0.000114
0.000522
0.001326
0.002400
0.003664
0.004906
0.005856
0.006408
0.006606
0.006574
0.006344
0.005862
0.005004
0.003724
0.002108
0.000440
-0.001012
-0.002134
-0.003062
-0.003982
-0.004990
-0.005910
-0.006416
-0.006170
-0.005102
-0.003488
-0.001834
-0.000516
0.000400
0.001170
0.002080
0.003252
0.004460
0.005294
0.005436
0.004976
0.004358
0.004138
0.004568
0.005500
0.006464
0.007016
0.007020
0.006800
0.006878
0.007662
0.009140
0.010976
0.012672
0.013868
0.014442
0.014558
0.014456
0.014330
0.014228
0.014174
0.014180
0.014304
0.014574
0.015032
0.015678
0.016478
0.017338
0.018176
0.018874
0.019324
0.019414
0.019130
0.018504
0.017600
0.016426
0.015014
0.013402
0.011674
0.009900
0.008150
0.006408
0.004630
0.002772
0.000950
-0.000632
-0.001754
-0.002362
-0.002516
-0.002376
-0.002048
-0.001558
-0.000838
0.000118
0.001216
0.002302
0.003396
0.004732
0.006672
0.009346
0.012474
0.015304
0.016968
0.016918
0.015314
0.012902
0.010590
0.008880
0.007688
0.006452
0.004610
0.001952
-0.001172
-0.004114
-0.006244
-0.007254
-0.007112
-0.005988
-0.004104
-0.001730
0.000854
0.003308
0.005356
0.006836
0.007836
0.008550
0.009106
0.009378
0.009076
0.007872
0.005680
0.002728
-0.000440
-0.003234
-0.005252
-0.006470
-0.007108
-0.007510
-0.007888
-0.008254
-0.008344
-0.007806
-0.006374
-0.004066
-0.001174
0.001780
0.004244
0.005800
0.006362
0.006108
0.005376
0.004420
0.003330
0.001948
-0.000010
-0.002830
-0.006544
-0.010878
-0.015260
-0.019056
-0.021740
-0.023156
-0.023532
-0.023376
-0.023102
-0.022800
-0.022134
-0.020590
-0.017752
-0.013672
-0.008888
-0.004210
-0.000238
0.002888
0.005516
0.008134
0.011020
0.013956
0.016338
0.017470
0.017022
0.015186
0.012588
0.009928
0.007694
0.005948
0.004414
0.002674
0.000504
-0.002022
-0.004536
-0.006616
-0.007954
-0.008538
-0.008628
-0.008624
-0.008766
-0.009044
-0.009212
-0.009040
-0.008466
-0.007706
-0.007110
-0.006920
-0.007034
-0.007066
-0.006586
-0.005450
-0.003864
-0.002278
-0.001062
-0.000310
0.000224
0.000870
0.001808
0.002944
0.004102
0.005206
0.006408
0.007918
0.009826
0.011910
0.013744
0.014952
0.015542
0.015878
0.016452
0.017496
0.018868
0.020120
0.020858
0.020966
0.020686
0.020332
0.019986
0.019346
0.017950
0.015466
0.011962
0.007864
0.003734
-0.000084
-0.003596
-0.007084
-0.010770
-0.014608
-0.018226
-0.021156
-0.023048
-0.023894
-0.024008
-0.023870
-0.023834
-0.023988
-0.024138
-0.023962
-0.023154
-0.021592
-0.019382
-0.016842
-0.014346
-0.012232
-0.010694
-0.009782
-0.009364
-0.009234
-0.009190
-0.009146
-0.009114
-0.009180
-0.009382
-0.009638
-0.009650
-0.009030
-0.007480
-0.005004
-0.001926
0.001194
0.003846
0.005786
0.007188
0.008472
0.010018
0.011872
0.013718
0.015038
0.015428
0.014792
0.013394
0.011622
0.009776
0.007910
0.005988
0.004028
0.002228
0.000848
0.000072
-0.000186
-0.000222
-0.000338
-0.000558
-0.000606
-0.000094
0.001108
0.002726
0.004144
0.004776
0.004402
0.003306
0.002004
0.000858
-0.000220
-0.001636
-0.003794
-0.006700
-0.009920
-0.012792
-0.014876
-0.016216
-0.017282
-0.018552
-0.020172
-0.021792
-0.022808
-0.022718
-0.021438
-0.019326
-0.016958
-0.014730
-0.012660
-0.010392
-0.007482
-0.003678
0.000820
0.005374
0.009106
0.011322
0.011798
0.010922
0.009482
0.008322
0.007900
0.008096
0.008300
0.007826
0.006274
0.003748
0.000716
-0.002228
-0.004656
-0.006368
-0.007326
-0.007476
-0.006746
-0.005148
-0.002950
-0.000628
0.001276
0.002438
0.002866
0.002868
0.002770
0.002674
0.002368
0.001552
0.000060
-0.001960
-0.004126
-0.006026
-0.007474
-0.008566
-0.009596
-0.010804
-0.012258
-0.013848
-0.015392
-0.016702
-0.017628
-0.018032
-0.017814
-0.016938
-0.015540
-0.013930
-0.012500
-0.011484
-0.010812
-0.010124
-0.008974
-0.007084
-0.004534
-0.001712
0.000890
0.002992
0.004632
0.006122
0.007804
0.009890
0.012380
0.015134
0.017998
0.020906
0.023820
0.026632
0.029086
0.030858
0.031692
0.031548
0.030618
0.029250
0.027746
0.026266
0.024808
0.023380
0.022086
0.021146
0.020728
0.020824
0.021166
0.021396
0.021278
0.020956
0.020896
0.021618
0.023344
0.025800
0.028292
0.030036
0.030532
0.029760
0.028056
0.025864
0.023432
0.020810
0.017936
0.014832
0.011670
0.008712
0.006164
0.004108
0.002518
0.001418
0.000914
0.001156
0.002202
0.003970
0.006266
0.008926
0.011906
0.015280
0.019084
0.023184
0.027250
0.030942
0.034096
0.036808
0.039294
0.041668
0.043716
0.044974
0.044968
0.043576
0.041166
0.038456
0.036114
0.034436
0.033222
0.031968
0.030242
0.027998
0.025614
0.023686
0.022672
0.022714
0.023608
0.024980
0.026482
0.027924
0.029244
0.030416
0.031394
0.032120
0.032548
0.032662
0.032392
0.031614
0.030138
0.027838
0.024750
0.021156
0.017420
0.013812
0.010346
0.006842
0.003122
-0.000732
-0.004312
-0.007004
-0.008292
-0.007988
-0.006286
-0.003596
-0.000332
0.003210
0.006804
0.010228
0.013216
0.015534
0.017094
0.018012
0.018506
0.018724
0.018608
0.017956
0.016550
0.014320
0.011368
0.007902
0.004108
0.000130
-0.003878
-0.007636
-0.010762
-0.012894
-0.013894
-0.013914
-0.013342
-0.012584
-0.011900
-0.011330
-0.010792
-0.010238
-0.009740
-0.009426
-0.009384
-0.009562
-0.009802
-0.009940
-0.009954
-0.010010
-0.010400
-0.011378
-0.012986
-0.014982
-0.016910
-0.018298
-0.018928
-0.018968
-0.018920
-0.019336
-0.020486
-0.022176
-0.023848
-0.024920
-0.025188
-0.024960
-0.024878
-0.025476
-0.026832
-0.028500
-0.029842
-0.030446
-0.030392
-0.030170
-0.030314
-0.031002
-0.031934
-0.032508
-0.032208
-0.030858
-0.028684
-0.026116
-0.023538
-0.021122
-0.018864
-0.016700
-0.014634
-0.012786
-0.011358
-0.010540
-0.010438
-0.011024
-0.012146
-0.013582
-0.015128
-0.016658
-0.018128
-0.019510
-0.020686
-0.021388
-0.021280
-0.020128
-0.017990
-0.015240
-0.012428
-0.010024
-0.008172
-0.006656
-0.005058
-0.003040
-0.000564
0.002096
0.004520
0.006404
0.007738
0.008812
0.010022
0.011616
0.013532
0.015416
0.016834
0.017536
0.017600
0.017382
0.017264
0.017382
0.017512
0.017228
0.016206
0.014464
0.012380
0.010432
0.008860
0.007486
0.005846
0.003548
0.000600
-0.002536
-0.005204
-0.006930
-0.007690
-0.007832
-0.007792
-0.007742
-0.007488
-0.006634
-0.004898
-0.002338
0.000632
0.003432
0.005576
0.006856
0.007346
0.007286
0.006940
0.006464
0.005866
0.005022
0.003768
0.002004
-0.000202
-0.002590
-0.004798
-0.006528
-0.007690
-0.008448
-0.009104
-0.009912
-0.010946
-0.012080
-0.013104
-0.013888
-0.014464
-0.015002
-0.015698
-0.016670
-0.017902
-0.019270
-0.020598
-0.021700
-0.022430
-0.022678
-0.022404
-0.021628
-0.020432
-0.018924
-0.017226
-0.015450
-0.013692
-0.012004
-0.010378
-0.008732
-0.006954
-0.004986
-0.002910
-0.000952
0.000608
0.001586
0.002000
0.002042
0.001958
0.001904
0.001890
0.001862
0.001804
0.001798
0.001938
0.002192
0.002316
0.001944
0.000788
-0.001146
-0.003512
-0.005764
-0.007400
-0.008190
-0.008234
-0.007872
-0.007502
-0.007402
-0.007644
-0.008060
-0.008316
-0.008024
-0.006906
-0.004920
-0.002308
0.000486
0.003008
0.004986
0.006416
0.007486
0.008404
0.009254
0.009960
0.010360
0.010312
0.009748
0.008638
0.006954
0.004682
0.001902
-0.001124
-0.003972
-0.006192
-0.007502
-0.007924
-0.007768
-0.007452
-0.007284
-0.007340
-0.007512
-0.007628
-0.007612
-0.007508
-0.007416
-0.007398
-0.007428
-0.007448
-0.007488
-0.007722
-0.008434
-0.009868
-0.012064
-0.014778
-0.017556
-0.019904
-0.021500
-0.022300
-0.022510
-0.022434
-0.022328
-0.022294
-0.022284
-0.022180
-0.021894
-0.021406
-0.020760
-0.020018
-0.019276
-0.018642
-0.018256
-0.018222
-0.018568
-0.019168
-0.019778
-0.020120
-0.020026
-0.019504
-0.018684
-0.017686
-0.016502
-0.014976
-0.012926
-0.010296
-0.007268
-0.004196
-0.001428
0.000858
0.002698
0.004250
0.005612
0.006748
0.007494
0.007724
0.007468
0.006902
0.006180
0.005280
0.003964
0.001956
-0.000790
-0.003882
-0.006568
-0.008064
-0.007996
-0.006658
-0.004906
-0.003744
-0.003858
-0.005306
-0.007600
-0.010032
-0.012080
-0.013618
-0.014860
-0.016116
-0.017560
-0.019122
-0.020576
-0.021684
-0.022338
-0.022610
-0.022670
-0.022684
-0.022738
-0.022782
-0.022648
-0.022108
-0.020970
-0.019154
-0.016732
-0.013880
-0.010818
-0.007710
-0.004626
-0.001554
0.001496
0.004440
0.007104
0.009278
0.010770
0.011464
0.011334
0.010444
0.008892
0.006816
0.004362
0.001690
-0.001042
-0.003656
-0.005950
-0.007716
-0.008826
-0.009306
-0.009350
-0.009214
-0.009062
-0.008818
-0.008172
-0.006766
-0.004480
-0.001574
0.001378
0.003808
0.005440
0.006434
0.007208
0.008136
0.009270
0.010376
0.011152
0.011536
0.011766
0.012250
0.013278
0.014868
0.016770
0.018694
0.020478
0.022138
0.023692
0.025070
0.026068
0.026544
0.026530
0.026278
0.026072
0.025984
0.025748
0.024906
0.023116
0.020446
0.017370
0.014564
0.012546
0.011456
0.011058
0.010980
0.010960
0.010958
0.011056
0.011296
0.011582
0.011748
0.011678
0.011442
0.011258
0.011338
0.011666
0.011942
0.011680
0.010456
0.008090
0.004742
0.000806
-0.003252
-0.007068
-0.010394
-0.013044
-0.014798
-0.015426
-0.014750
-0.012770
-0.009674
-0.005804
-0.001498
0.003012
0.007624
0.012236
0.016660
0.020586
0.023696
0.025776
0.026818
0.026982
0.026472
0.025392
0.023734
0.021468
0.018690
0.015664
0.012750
0.010240
0.008212
0.006480
0.004742
0.002772
0.000632
-0.001334
-0.002632
-0.002876
-0.001974
-0.000214
0.001880
0.003792
0.005254
0.006284
0.007126
0.008032
0.009120
0.010302
0.011376
0.012152
0.012568
0.012656
0.012514
0.012262
0.012056
0.012088
0.012586
0.013720
0.015514
0.017784
0.020222
0.022530
0.024554
0.026222
0.027452
0.028034
0.027672
0.026130
0.023438
0.019912
0.016008
0.012014
0.007914
0.003494
-0.001346
-0.006364
-0.010954
-0.014456
-0.016514
-0.017298
-0.017332
-0.017130
-0.016844
-0.016260
-0.015016
-0.012950
-0.010228
-0.007266
-0.004442
-0.001932
0.000272
0.002140
0.003458
0.003856
0.003038
0.000964
-0.002058
-0.005532
-0.009006
-0.012296
-0.015468
-0.018700
-0.022076
-0.025494
-0.028632
-0.031064
-0.032378
-0.032360
-0.031072
-0.028872
-0.026246
-0.023656
-0.021300
-0.019092
-0.016796
-0.014322
-0.011882
-0.009970
-0.009080
-0.009428
-0.010798
-0.012670
-0.014484
-0.015946
-0.017056
-0.017968
-0.018754
-0.019342
-0.019538
-0.019206
-0.018328
-0.017018
-0.015380
-0.013450
-0.011186
-0.008614
-0.005876
-0.003234
-0.000940
0.000812
0.001938
0.002394
0.002142
0.001092
-0.000796
-0.003456
-0.006664
-0.010118
-0.013516
-0.016640
-0.019344
-0.021550
-0.023178
-0.024138
-0.024322
-0.023678
-0.022216
-0.020010
-0.017148
-0.013720
-0.009760
-0.005246
-0.000140
0.005454
0.011228
0.016620
0.020972
0.023708
0.024576
0.023690
0.021428
0.018164
0.014104
0.009296
0.003830
-0.002006
-0.007642
-0.012410
-0.015788
-0.017648
-0.018214
-0.017860
-0.016834
-0.015170
-0.012714
-0.009316
-0.004964
0.000130
0.005628
0.011142
0.016324
0.020822
0.024284
0.026382
0.026916
0.025854
0.023402
0.019916
0.015820
0.011446
0.007026
0.002694
-0.001392
-0.005030
-0.007944
-0.009870
-0.010618
-0.010198
-0.008756
-0.006528
-0.003706
-0.000454
0.003072
0.006620
0.009834
0.012266
0.013530
0.013426
0.011994
0.009420
0.005944
0.001810
-0.002678
-0.007134
-0.011060
-0.013974
-0.015554
-0.015786
-0.014868
-0.013036
-0.010378
-0.006872
-0.002544
0.002328
0.007202
0.011412
0.014496
0.016350
0.017164
0.017096
0.016052
0.013698
0.009782
0.004442
-0.001654
-0.007534
-0.012330
-0.015652
-0.017576
-0.018374
-0.018118
-0.016584
-0.013382
-0.008298
-0.001518
0.006342
0.014482
0.022188
0.029006
0.034652
0.038930
0.041634
0.042608
0.041798
0.039326
0.035458
0.030568
0.025018
0.019212
0.013586
0.008634
0.004782
0.002286
0.001110
0.000956
0.001332
0.001760
0.001928
0.001788
0.001486
0.001256
0.001264
0.001522
0.001846
0.001966
0.001680
0.000976
0.000002
-0.001032
-0.002032
-0.003066
-0.004342
-0.005976
-0.007836
-0.009478
-0.010382
-0.010194
-0.008962
-0.007094
-0.005178
-0.003646
-0.002612
-0.001888
-0.001268
-0.000728
-0.000506
-0.000942
-0.002278
-0.004454
-0.007124
-0.009816
-0.012198
-0.014176
-0.015842
-0.017268
-0.018404
-0.019044
-0.018978
-0.018162
-0.016846
-0.015442
-0.014346
-0.013714
-0.013488
-0.013466
-0.013506
-0.013558
-0.013666
-0.013814
-0.013902
-0.013788
-0.013504
-0.013314
-0.013608
-0.014618
-0.016212
-0.017824
-0.018706
-0.018288
-0.016484
-0.013632
-0.010252
-0.006670
-0.002936
0.001052
0.005264
0.009370
0.012796
0.015044
0.015982
0.015946
0.015454
0.014886
0.014198
0.012990
0.010748
0.007220
0.002606
-0.002434
-0.007080
-0.010592
-0.012528
-0.012782
-0.011586
-0.009374
-0.006668
-0.003922
-0.001476
0.000532
0.002114
0.003364
0.004300
0.004824
0.004732
0.003834
0.002036
-0.000542
-0.003594
-0.006680
-0.009416
-0.011572
-0.013120
-0.014148
-0.014764
-0.014950
-0.014532
-0.013256
-0.011020
-0.007974
-0.004562
-0.001326
0.001264
0.003026
0.004060
0.004642
0.004986
0.005158
0.005062
0.004586
0.003658
0.002336
0.000776
-0.000776
-0.002052
-0.002780
-0.002752
-0.001860
-0.000192
0.002066
0.004752
0.007870
0.011518
0.015736
0.020266
0.024496
0.027586
0.028882
0.028208
0.025964
0.022788
0.019182
0.015266
0.010902
0.006006
0.000880
-0.003808
-0.007340
-0.009408
-0.010270
-0.010538
-0.010676
-0.010694
-0.010148
-0.008548
-0.005804
-0.002440
0.000682
0.002860
0.003946
0.004282
0.004376
0.004434
0.004216
0.003204
0.001038
-0.002174
-0.005832
-0.009210
-0.011804
-0.013518
-0.014530
-0.015066
-0.015158
-0.014664
-0.013432
-0.011546
-0.009332
-0.007216
-0.005454
-0.004040
-0.002748
-0.001354
0.000196
0.001714
0.002930
0.003682
0.004048
0.004232
0.004406
0.004546
0.004462
0.003900
0.002792
0.001322
-0.000088
-0.001042
-0.001312
-0.000954
-0.000230
0.000464
0.000758
0.000390
-0.000714
-0.002482
-0.004690
-0.007076
-0.009436
-0.011768
-0.014230
-0.016998
-0.020040
-0.023066
-0.025598
-0.027242
-0.027902
-0.027850
-0.027488
-0.027044
-0.026368
-0.025076
-0.022868
-0.019858
-0.016584
-0.013778
-0.011928
-0.011028
-0.010622
-0.010206
-0.009552
-0.008828
-0.008384
-0.008482
-0.009066
-0.009856
-0.010564
-0.011168
-0.011904
-0.013080
-0.014820
-0.017012
-0.019356
-0.021558
-0.023406
-0.024764
-0.025476
-0.025342
-0.024214
-0.022218
-0.019772
-0.017448
-0.015636
-0.014336
-0.013128
-0.011476
-0.009050
-0.006012
-0.002886
-0.000226
0.001750
0.003212
0.004548
0.005998
0.007458
0.008496
0.008700
0.007982
0.006694
0.005392
0.004506
0.004080
0.003828
0.003324
0.002334
0.000926
-0.000592
-0.001922
-0.002910
-0.003556
-0.003892
-0.003930
-0.003636
-0.003048
-0.002308
-0.001678
-0.001364
-0.001402
-0.001620
-0.001800
-0.001808
-0.001684
-0.001574
-0.001660
-0.002044
-0.002788
-0.003904
-0.005422
-0.007260
-0.009178
-0.010772
-0.011710
-0.011920
-0.011688
-0.011476
-0.011636
-0.012118
-0.012472
-0.012110
-0.010710
-0.008388
-0.005610
-0.002844
-0.000338
0.001964
0.004248
0.006658
0.009172
0.011708
0.014206
0.016660
0.018974
0.020912
0.022162
0.022590
0.022372
0.021968
0.021834
0.022118
0.022526
0.022574
0.021952
0.020790
0.019502
0.018432
0.017540
0.016466
0.014838
0.012730
0.010744
0.009718
0.010142
0.011828
0.014006
0.015810
0.016744
0.016884
0.016646
0.016416
0.016242
0.015928
0.015256
0.014242
0.013054
0.011876
0.010728
0.009532
0.008254
0.007092
0.006422
0.006612
0.007734
0.009552
0.011652
0.013712
0.015592
0.017298
0.018816
0.020080
0.020970
0.021502
0.021840
0.022228
0.022742
0.023214
0.023340
0.022946
0.022134
0.021284
0.020794
0.020824
0.021182
0.021504
0.021522
0.021266
0.020982
0.020930
0.021170
0.021524
0.021684
0.021408
0.020636
0.019504
0.018230
0.017064
0.016222
0.015874
0.016028
0.016496
0.016908
0.016888
0.016242
0.015094
0.013820
0.012824
0.012236
0.011864
0.011336
0.010416
0.009138
0.007826
0.006844
0.006394
0.006386
0.006580
0.006746
0.006816
0.006808
0.006776
0.006718
0.006648
0.006600
0.006644
0.006802
0.006988
0.007014
0.006772
0.005532
0.005420
0.006006
0.007408
0.009244
0.010790
0.011344
0.010662
0.009070
0.007240
0.005696
0.004518
0.003352
0.001764
-0.000424
-0.002960
-0.005346
-0.007136
-0.008220
-0.008774
-0.009074
-0.009226
-0.009164
-0.008718
-0.007810
-0.006510
-0.005032
-0.003608
-0.002420
-0.001596
-0.001266
-0.001538
-0.002428
-0.003754
-0.005184
-0.006336
-0.006966
-0.007054
-0.006832
-0.006628
-0.006722
-0.007234
-0.008160
-0.009380
-0.010736
-0.012024
-0.013078
-0.013784
-0.014138
-0.014212
-0.014182
-0.014230
-0.014512
-0.015106
-0.016056
-0.017304
-0.018670
-0.019816
-0.020362
-0.020022
-0.018800
-0.017010
-0.015230
-0.013988
-0.013528
-0.013666
-0.013982
-0.014066
-0.013804
-0.013440
-0.013458
-0.014280
-0.016034
-0.018448
-0.021036
-0.023312
-0.025018
-0.026166
-0.026978
-0.027646
-0.028196
-0.028394
-0.027904
-0.026432
-0.023906
-0.020494
-0.016606
-0.012712
-0.009242
-0.006472
-0.004570
-0.003576
-0.003454
-0.004106
-0.005436
-0.007394
-0.010012
-0.013350
-0.017450
-0.022176
-0.027168
-0.031894
-0.035846
-0.038720
-0.040516
-0.041398
-0.041528
-0.040868
-0.039176
-0.036176
-0.031838
-0.026488
-0.020748
-0.015246
-0.010400
-0.006304
-0.002840
0.000126
0.002534
0.004166
0.004780
0.004300
0.002846
0.000714
-0.001754
-0.004202
-0.006308
-0.007752
-0.008282
-0.007824
-0.006638
-0.005256
-0.004260
-0.003910
-0.003988
-0.003878
-0.002968
-0.001090
0.001258
0.003162
0.003800
0.002944
0.001022
-0.001182
-0.003064
-0.004518
-0.005916
-0.007682
-0.009908
-0.012220
-0.014082
-0.015154
-0.015512
-0.015498
-0.015398
-0.015166
-0.014480
-0.013046
-0.010952
-0.008684
-0.006858
-0.005794
-0.005348
-0.005034
-0.004412
-0.003376
-0.002216
-0.001338
-0.000962
-0.000966
-0.001062
-0.001034
-0.000902
-0.000824
-0.000920
-0.001084
-0.001018
-0.000412
0.000828
0.002536
0.004404
0.006168
0.007666
0.008842
0.009640
0.009986
0.009816
0.009170
0.008204
0.007126
0.006026
0.004860
0.003514
0.001990
0.000484
-0.000636
-0.001026
-0.000538
0.000664
0.002238
0.003840
0.005308
0.006638
0.007894
0.009048
0.009944
0.010316
0.009966
0.008864
0.007196
0.005246
0.003272
0.001406
-0.000364
-0.002146
-0.004034
-0.006036
-0.008036
-0.009844
-0.011244
-0.012050
-0.012126
-0.011434
-0.010018
-0.008016
-0.005608
-0.003006
-0.000382
0.002166
0.004620
0.006952
0.009072
0.010788
0.011892
0.012252
0.011926
0.011152
0.010252
0.009404
0.008560
0.007490
0.005984
0.004062
0.002082
0.000618
0.000194
0.000996
0.002780
0.005008
0.007140
0.008874
0.010262
0.011578
0.013116
0.014952
0.016904
0.018602
0.019696
0.019970
0.019436
0.018288
0.016802
0.015214
0.013678
0.012252
0.010954
0.009770
0.008676
0.007630
0.006574
0.005428
0.004166
0.002848
0.001648
0.000754
0.000288
0.000208
0.000342
0.000468
0.000492
0.000504
0.000766
0.001488
0.002700
0.004172
0.005554
0.006568
0.007178
0.007586
0.008084
0.008820
0.009704
0.010478
0.010912
0.010922
0.010602
0.010088
0.009444
0.008580
0.007378
0.005816
0.004058
0.002354
0.000920
-0.000198
-0.001080
-0.001848
-0.002528
-0.003038
-0.003274
-0.003238
-0.003062
-0.002922
-0.002906
-0.002972
-0.003000
-0.002918
-0.002770
-0.002682
-0.002722
-0.002826
-0.002826
-0.002644
-0.002392
-0.002372
-0.002840
-0.003806
-0.004922
-0.005662
-0.005628
-0.004826
-0.003650
-0.002638
-0.002112
-0.002008
-0.001962
-0.001608
-0.000834
0.000134
0.000928
0.001296
0.001270
0.001086
0.000994
0.001072
0.001224
0.001288
0.001216
0.001110
0.001118
0.001262
0.001378
0.001216
0.000638
-0.000258
-0.001150
-0.001702
-0.001772
-0.001512
-0.001234
-0.001192
-0.001384
-0.001576
-0.001466
-0.000912
-0.000026
0.000886
0.001530
0.001784
0.001754
0.001642
0.001604
0.001662
0.001748
0.001776
0.001746
0.001716
0.001754
0.001842
0.001910
0.001884
0.001790
0.001742
0.001882
0.002284
0.002938
0.003764
0.004706
0.005760
0.006954
0.008248
0.009496
0.010496
0.011134
0.011462
0.011708
0.012132
0.012858
0.013744
0.014474
0.014712
0.014314
0.013390
0.012222
0.011096
0.010166
0.009390
0.008620
0.007714
0.006650
0.005532
0.004572
0.003990
0.003938
0.004412
0.005238
0.006124
0.006782
0.007060
0.007026
0.006912
0.006996
0.007398
0.008018
0.008584
0.008822
0.008604
0.008012
0.007246
0.006494
0.005814
0.005160
0.004452
0.003686
0.002932
0.002308
0.001896
0.001726
0.001794
0.002100
0.002650
0.003412
0.004270
0.005044
0.005560
0.005758
0.005720
0.005602
0.005534
0.005518
0.005440
0.005154
0.004582
0.003770
0.002834
0.001906
0.001062
0.000352
-0.000194
-0.000540
-0.000680
-0.000660
-0.000580
-0.000540
-0.000562
-0.000558
-0.000408
-0.000050
0.000448
0.000928
0.001254
0.001430
0.001600
0.001946
0.002536
0.003246
0.003828
0.004068
0.003914
0.003494
0.003002
0.002568
0.002184
0.001770
0.001294
0.000860
0.000654
0.000816
0.001318
0.001962
0.002482
0.002710
0.002664
0.002514
0.002434
0.002494
0.002610
0.002636
0.002454
0.002060
0.001548
0.001050
0.000650
0.000374
0.000202
0.000116
0.000092
0.000114
0.000144
0.000146
0.000092
-0.000006
-0.000112
-0.000172
-0.000166
-0.000114
-0.000054
-0.000022
-0.000034
-0.000078
-0.000128
-0.000160
-0.000162
-0.000150
-0.000152
-0.000210
-0.000362
-0.000614
-0.000928
-0.001230
-0.001440
-0.001524
-0.001506
-0.001454
-0.001438
-0.001476
-0.001536
-0.001558
-0.001524
-0.001478
-0.001518
-0.001728
-0.002132
-0.002654
-0.003160
-0.003514
-0.003650
-0.003592
-0.003434
-0.003282
-0.003208
-0.003214
-0.003254
-0.003254
-0.003178
-0.003044
-0.002922
-0.002888
-0.002992
-0.003224
-0.003514
-0.003772
-0.003924
-0.003946
-0.003858
-0.003694
-0.003494
-0.003278
-0.003062
-0.002846
-0.002630
-0.002400
-0.002142
-0.001854
-0.001566
-0.001346
-0.001260
-0.001332
-0.001518
-0.001724
-0.001846
-0.001842
-0.001750
-0.001664
-0.001680
-0.001816
-0.002022
-0.002206
-0.002294
-0.002266
-0.002166
-0.002060
-0.001986
-0.001948
-0.001912
-0.001836
-0.001694
-0.001480
-0.001212
-0.000916
-0.000634
-0.000402
-0.000256
-0.000212
-0.000252
-0.000332
-0.000398
-0.000406
-0.000350
-0.000244
-0.000116
0.000022
0.000176
0.000376
0.000632
0.000940
0.001256
0.001528
0.001714
0.001796
0.001792
0.001746
0.001698
0.001664
0.001640
0.001598
0.001508
0.001358
0.001154
0.000920
0.000688
0.000482
0.000320
0.000208
0.000148
0.000142
0.000192
0.000292
0.000434
0.000598
0.000760
0.000904
0.001014
0.001084
0.001118
0.001126
0.001114
0.001088
0.001046
0.000986
0.000908
0.000816
0.000710
0.000602
0.000494
0.000396
0.000314
0.000258
0.000232
0.000234
0.000256
0.000288
0.000318
0.000338
0.000340
0.000328
0.000302
0.000268
0.000238
0.000222
0.000228
0.000260
0.000308
0.000360
0.000406
0.000442
0.000468
0.000488
0.000496
0.000486
0.000446
0.000380
0.000296
0.000208
0.000126
0.000052
-0.000020
-0.000100
-0.000190
-0.000286
-0.000378
-0.000458
-0.000520
-0.000556
-0.000564
-0.000536
-0.000478
-0.000396
-0.000304
-0.000216
-0.000140
-0.000074
-0.000014
0.000048
0.000108
0.000160
0.000190
0.000194
0.000170
0.000120
0.000054
-0.000022
-0.000104
-0.000184
-0.000256
-0.000316
-0.000370
-0.000416
-0.000458
-0.000500
-0.000532
-0.000554
-0.000566
-0.000572
-0.000576
-0.000582
-0.000592
-0.000598
-0.000600
-0.000596
-0.000590
-0.000588
-0.000590
-0.000602
-0.000622
-0.000648
-0.000680
-0.000716
-0.000750
-0.000778
-0.000792
-0.000796
-0.000790
-0.000786
-0.000786
-0.000792
-0.000800
-0.000806
-0.000804
-0.000790
-0.000770
-0.000748
-0.000730
-0.000718
-0.000716
-0.000716
-0.000718
-0.000716
-0.000710
-0.000700
-0.000694
-0.000690
-0.000690
-0.000694
-0.000702
-0.000710
-0.000720
-0.000730
-0.000742
-0.000752
-0.000762
-0.000768
-0.000774
-0.000780
-0.000784
-0.000788
-0.000792
-0.000796
-0.000800
-0.000804
-0.000810
-0.000818
-0.000828
-0.000838
-0.000848
-0.000858
-0.000868
-0.000878
-0.000888
-0.000900
-0.000910
-0.000922
-0.000932
-0.000942
-0.000950
-0.000960
-0.000970
-0.000978
-0.000986
-0.000994
