0.014114
0.031764
0.041072
0.038344
0.006426
-0.039192
-0.069932
-0.093474
-0.085954
-0.028364
-0.006820
-0.047414
-0.077956
0.032768
0.183956
0.107726
-0.005116
0.033966
-0.020550
-0.068378
-0.043748
0.024238
-0.059342
-0.190958
-0.107572
0.018994
0.005004
-0.176718
-0.030282
0.245202
0.299854
0.122248
-0.021252
0.051178
0.146256
0.167982
0.036966
-0.150790
-0.205060
-0.194288
-0.076926
0.135196
0.028704
-0.301230
-0.277500
0.103072
0.332464
0.153740
-0.019484
-0.037976
0.027620
0.151724
0.078970
-0.171220
-0.172442
-0.023824
0.035906
0.126712
0.118068
0.125152
0.081454
-0.007076
-0.023212
-0.104848
-0.209750
-0.232104
-0.119548
0.093306
0.218206
0.066628
-0.019014
0.096394
0.179430
0.141854
0.160204
0.031094
-0.245510
-0.082076
0.139744
0.064030
-0.263998
-0.192420
0.028462
0.054484
-0.080968
-0.174620
-0.072134
0.004250
-0.123556
-0.210496
0.047380
0.087038
0.102264
-0.037358
-0.045014
-0.224148
-0.164476
0.082574
0.206720
0.150112
-0.255582
-0.219934
0.315058
0.558740
0.217118
-0.312754
-0.226328
0.285904
0.114550
-0.262370
-0.282728
0.125382
0.062450
-0.227796
0.027684
0.340654
0.201170
-0.107442
-0.096316
0.057484
0.011616
-0.113976
0.203916
0.478042
-0.022214
-0.357804
-0.372118
-0.208436
-0.190008
-0.092204
0.099918
0.084322
0.023762
0.040794
0.004526
0.032194
0.201164
0.214594
0.061172
-0.088670
-0.042064
-0.085072
-0.008200
-0.004436
0.069874
-0.047188
-0.060276
0.061726
0.061744
-0.029438
0.083594
0.321180
0.206932
0.033270
0.081302
0.418946
0.428006
0.259786
0.047486
-0.048396
-0.009260
0.038732
0.052324
0.062614
0.067294
0.022262
-0.041984
-0.176424
-0.200944
-0.190780
-0.171808
-0.066244
-0.072432
-0.101510
-0.152842
-0.177174
-0.084718
-0.095352
-0.063824
0.022576
0.131534
0.125636
0.043286
0.028024
0.030022
-0.045538
-0.116764
0.006286
0.113574
0.168788
0.168390
0.191920
0.145934
-0.115044
-0.504894
-0.702468
-0.549076
0.489264
1.070908
0.403236
-0.186268
-0.503532
-0.451074
-0.193648
0.095738
0.136318
0.000970
-0.004972
0.061994
0.050402
0.004796
0.071852
0.151628
0.178564
-0.141704
-0.488290
-0.480076
0.109430
0.760058
0.523410
-0.096542
-0.462518
-0.246406
0.142090
0.251082
0.066618
-0.117928
-0.031678
0.265538
0.284426
0.061576
-0.154942
-0.306550
-0.341004
-0.431280
-0.301026
-0.137238
-0.015084
-0.036192
-0.076536
-0.047472
-0.121308
-0.028636
0.045268
0.009232
-0.158150
-0.340900
-0.191618
0.084962
0.186618
0.048184
-0.130996
-0.136988
0.014338
0.142694
-0.143166
-0.124768
-0.161598
-0.149158
0.100382
0.232266
0.193564
0.078928
-0.033474
0.012718
0.040678
-0.049408
-0.009960
-0.151740
-0.175980
-0.337684
-0.123962
0.253138
0.362170
0.208674
-0.047730
-0.066426
0.168054
0.315938
0.293396
0.042368
-0.087354
-0.095864
-0.005906
0.080490
-0.040294
-0.073858
-0.052864
0.176122
0.244114
0.341340
0.149692
-0.080356
-0.166050
-0.110610
-0.012754
-0.048592
-0.002682
0.123600
0.294226
0.278100
0.237272
0.153592
0.106718
0.103032
0.110826
0.095020
-0.014192
-0.108122
-0.134626
-0.107516
-0.009562
0.049872
0.153156
0.126650
0.022998
-0.069802
-0.097274
-0.090344
-0.119208
-0.144536
-0.080260
-0.013872
-0.037868
-0.001006
0.005502
0.092892
0.057360
-0.070072
-0.135760
-0.123136
-0.048378
-0.041646
-0.023472
-0.002326
0.066802
0.115162
0.160930
0.278784
0.246266
0.063292
-0.079732
-0.007486
0.108506
0.016802
0.000010
-0.015166
-0.026286
-0.078362
-0.196520
-0.227206
-0.240576
-0.256306
-0.275096
-0.273906
-0.254128
-0.171972
-0.089276
-0.047326
-0.127872
-0.160984
-0.104312
-0.069962
-0.053956
-0.033802
0.038022
-0.037694
-0.191234
-0.212886
-0.053408
0.127700
0.113740
-0.039692
-0.126462
-0.011258
0.193280
0.330338
0.254198
0.039322
-0.061032
0.021428
0.115048
0.092796
0.016218
0.002632
0.003086
0.035356
0.111622
0.070708
0.014700
-0.024352
-0.038850
-0.016834
0.033598
0.050040
-0.025504
-0.106062
-0.138382
-0.134630
-0.059504
-0.021826
-0.079794
-0.129436
-0.108164
-0.013470
0.005580
0.035860
0.071976
0.080770
0.068438
0.055334
0.087608
0.093988
0.055198
0.006472
0.065238
0.143426
0.141066
0.126970
0.111976
0.125430
0.077918
0.022792
0.010644
0.052992
0.132344
0.144014
0.107198
0.081918
0.064256
0.060034
0.007924
-0.039254
-0.033690
-0.016470
0.012166
0.000946
-0.007302
-0.074414
-0.101512
-0.073158
-0.056160
-0.054478
-0.049972
-0.024394
0.002202
-0.020334
-0.088522
-0.086800
-0.074350
-0.048390
-0.017598
-0.034536
-0.075868
-0.108290
0.027816
0.200226
0.239192
0.134546
0.043830
0.044546
0.042068
0.040198
0.042484
0.030570
0.021970
0.049744
0.079220
0.059898
-0.005888
-0.040494
0.014580
0.093398
0.090344
0.000646
-0.072556
-0.016906
0.072010
0.134806
0.080918
-0.032362
-0.052528
0.024924
0.058668
0.010810
-0.029968
-0.023980
0.008328
0.011174
-0.026978
-0.040662
0.009336
0.041154
0.038856
0.030562
0.018542
-0.031730
-0.063714
-0.069982
-0.087452
-0.099432
-0.084214
-0.034532
-0.015470
-0.036576
-0.058410
-0.065040
-0.044602
-0.049210
-0.085340
-0.114098
-0.120516
-0.107580
-0.119618
-0.131148
-0.127442
-0.094026
-0.055726
-0.011844
0.010156
0.020940
0.052096
0.084754
0.081510
0.037578
0.037596
0.076364
0.094660
0.081350
0.065060
0.051066
0.047294
0.057376
0.070106
0.049198
-0.009558
-0.050334
-0.031646
0.012220
0.028946
0.008582
-0.017774
-0.035462
-0.039720
-0.072702
-0.119444
-0.128784
-0.079886
-0.005502
0.018122
0.011238
-0.016804
-0.027114
-0.034204
-0.048722
-0.069950
-0.056518
0.000270
0.044684
0.044416
-0.014208
-0.042842
-0.030168
0.034726
0.071216
0.059348
0.084998
0.118742
0.133976
0.057326
-0.001388
0.023578
0.066624
0.071086
0.034460
0.009592
0.004386
0.002118
0.000530
0.000990
-0.025888
-0.058116
-0.076960
-0.042882
0.013352
0.026786
0.015412
-0.004540
-0.019276
-0.019628
-0.021228
-0.026628
-0.039930
-0.059274
-0.032392
0.008060
0.027248
0.020230
0.024214
0.043330
0.045082
0.053294
0.060976
0.035084
-0.008036
0.017670
0.072596
0.081734
-0.001552
-0.066462
-0.064718
-0.027498
-0.004152
-0.035646
-0.061198
-0.033682
0.018942
0.004998
-0.033626
-0.038766
-0.004416
0.036442
0.031016
-0.003570
-0.017300
-0.011786
-0.005112
-0.009966
-0.034120
-0.060656
-0.057806
-0.014124
0.011452
0.004136
-0.001374
0.012342
0.033024
0.034018
0.020876
0.020570
0.033590
0.035452
0.015104
0.000172
0.002694
-0.005212
-0.015120
-0.007722
0.008866
0.010000
0.007558
-0.000414
-0.024436
-0.043256
-0.029862
-0.006728
-0.004674
-0.021084
-0.034810
-0.012614
-0.002988
-0.021480
-0.045286
-0.040962
-0.008780
0.020692
0.046608
0.058308
0.043240
0.027496
0.033106
0.042080
0.038178
0.036714
0.036270
0.012390
-0.017402
-0.006054
0.037728
0.053906
0.018034
-0.014298
-0.000672
0.013548
0.009040
-0.009424
-0.026634
-0.039892
-0.057114
-0.058522
-0.051454
-0.035978
-0.014506
-0.018968
-0.040674
-0.047914
-0.025910
0.008742
0.021052
0.020436
0.017428
0.027546
0.041898
0.043766
0.030426
0.000286
-0.028214
-0.030350
-0.011852
-0.007438
-0.031316
-0.055410
-0.046674
-0.025294
-0.016722
-0.031490
-0.037642
-0.012538
0.021340
0.037530
0.030772
0.015700
0.013256
0.024242
0.040752
0.043874
0.018098
-0.009760
-0.000620
0.019952
0.006432
-0.021966
-0.035730
-0.026076
-0.022304
-0.022652
-0.014202
-0.009714
-0.016362
-0.027220
-0.022886
-0.007900
0.002036
-0.001436
-0.007090
0.006642
0.025396
0.028446
0.017594
0.002434
0.006894
0.024568
0.037608
0.035960
0.027756
0.017848
0.008596
0.003014
-0.002078
-0.009770
-0.009128
-0.007898
-0.013242
-0.019212
-0.009844
-0.000574
-0.006232
-0.007276
0.012124
0.037308
0.035844
0.030668
0.020706
0.014772
0.029994
0.048214
0.041320
0.012938
-0.015260
-0.023192
-0.015770
-0.010378
-0.016878
-0.019788
-0.009320
-0.004424
-0.005054
-0.013196
-0.015610
-0.013498
-0.017570
-0.021624
-0.015884
-0.007480
-0.012806
-0.020656
-0.016094
0.000042
0.003678
-0.001196
0.009784
0.028168
0.034804
0.008156
-0.024400
-0.017882
0.010360
0.025968
0.016598
-0.000820
-0.009594
-0.009850
-0.006580
-0.003984
0.007030
0.007040
-0.009172
-0.014782
-0.011542
-0.001698
0.002120
-0.002662
0.010444
0.017974
0.009818
-0.001564
-0.003008
0.003292
-0.001302
-0.017200
-0.017900
0.000016
0.016030
0.017250
0.009590
0.017768
0.030738
0.032972
0.019914
0.006940
0.000520
0.002794
0.021132
0.036054
0.024596
-0.016308
-0.040942
-0.040454
-0.025986
-0.017338
-0.033774
-0.042120
-0.032520
-0.004978
0.016610
0.025714
0.032308
0.026846
0.012676
0.005068
0.009120
0.011954
0.008552
0.003148
0.002054
0.006370
0.011810
0.013168
0.010962
0.013126
0.014342
0.010990
0.003606
-0.010876
-0.019248
-0.013654
0.009684
0.026672
0.026236
0.020592
0.019224
0.020112
0.018162
0.015706
0.006968
-0.001964
-0.002610
0.001292
0.003920
0.005380
-0.000740
-0.010936
-0.022490
-0.026128
-0.022400
-0.013842
-0.001400
-0.003408
-0.016434
-0.028662
-0.031860
-0.028606
-0.023552
-0.014698
-0.007632
-0.000556
-0.002868
-0.014386
-0.020522
-0.013714
-0.006794
-0.008546
-0.011364
-0.014816
-0.023270
-0.033478
-0.030214
-0.014418
-0.005776
-0.010872
-0.012678
-0.005538
-0.003474
-0.000558
0.005930
0.002906
-0.008044
-0.014136
-0.003118
0.017192
0.032074
0.033946
0.022842
0.015040
0.020146
0.025872
0.030576
0.025670
0.018244
0.017842
0.016820
0.005572
-0.014042
-0.017292
-0.002152
0.006004
-0.002366
-0.003222
0.012828
0.025906
0.023218
0.010702
0.001268
0.002914
0.013020
0.023204
0.029182
0.021274
0.019846
0.028408
0.029358
0.020150
0.010452
0.007052
0.007824
0.001986
-0.004388
-0.008184
-0.004018
-0.006312
-0.015312
-0.004464
0.014544
0.018160
-0.003270
-0.021178
-0.011928
0.005992
0.004348
-0.006330
-0.007928
-0.000602
-0.004574
-0.018960
-0.019852
-0.013962
-0.011490
-0.017266
-0.018718
-0.019698
-0.015478
-0.005812
-0.003874
-0.013906
-0.027078
-0.024900
-0.019144
-0.013822
-0.012810
-0.012182
-0.014064
-0.020940
-0.023748
-0.019564
-0.009478
0.000534
0.009818
0.016232
0.013898
0.004258
-0.003530
-0.001652
0.000652
-0.000614
0.000036
-0.004234
-0.008640
-0.004904
-0.003334
-0.010106
-0.015342
-0.011682
-0.000466
0.003958
-0.001902
-0.009974
-0.010360
-0.005438
-0.005984
-0.007108
0.002842
0.011504
0.005544
-0.001304
-0.005598
-0.012998
-0.016400
-0.005838
0.007838
0.019086
0.027366
0.027426
0.019878
0.012300
0.010454
0.012090
0.010570
0.006524
0.006332
0.002830
-0.001264
-0.004702
-0.002830
0.001058
0.001700
0.001162
-0.003444
-0.009488
-0.021006
-0.030786
-0.027932
-0.018444
-0.014422
-0.017442
-0.021920
-0.029598
-0.031692
-0.018402
-0.002212
0.009966
0.013520
0.009410
0.000060
-0.000096
0.007934
0.014380
0.011086
-0.001862
-0.008024
-0.002882
0.009922
0.014046
0.012540
0.007428
0.002930
0.004288
0.012008
0.016964
0.010620
0.006310
-0.001450
-0.009594
-0.014642
-0.014246
-0.008584
-0.008112
-0.016724
-0.014052
-0.005832
0.001274
0.005520
0.019922
0.030334
0.023942
0.017340
0.019854
0.024704
0.012920
0.008114
0.012548
0.017002
0.008510
-0.004502
-0.002066
0.004914
0.000282
-0.017970
-0.023044
-0.015024
-0.015952
-0.016092
-0.020106
-0.013220
0.004532
0.014018
0.015754
-0.003744
-0.010832
0.002572
0.004074
-0.003864
-0.008358
0.003464
0.006616
0.002876
0.001662
0.004106
0.005162
-0.001758
-0.003092
0.002050
-0.000238
-0.009704
-0.004298
0.009268
0.013350
0.007608
0.007462
0.009650
0.000076
-0.008564
-0.011818
-0.010794
-0.008480
-0.002654
0.001336
-0.001426
-0.002024
-0.004910
-0.015124
-0.018602
-0.007894
0.007194
0.006280
-0.004658
-0.007848
0.004906
0.021370
0.016778
0.005758
0.002686
0.007108
-0.000822
-0.004568
0.005098
0.009328
0.007402
0.000272
-0.004708
-0.004766
-0.006072
-0.010024
-0.013332
-0.003982
0.011278
0.007470
-0.009700
-0.020744
-0.012376
-0.002790
-0.000270
0.005036
0.010140
0.004742
-0.006662
-0.016662
-0.010248
0.011182
0.020232
0.016498
0.012308
0.015166
0.022858
0.028424
0.023588
0.016770
0.013262
0.012822
-0.004258
-0.023642
-0.021794
0.000030
0.014562
0.014832
0.008092
-0.002018
-0.001800
0.002046
0.007012
-0.000796
-0.005178
-0.001922
0.000870
-0.001014
-0.004018
-0.000212
-0.001916
-0.003574
-0.005938
-0.003102
0.008548
0.020002
0.017034
-0.002994
-0.010918
-0.002026
0.001404
-0.001996
-0.002554
-0.003566
-0.005360
-0.004034
-0.002528
-0.001302
0.005644
0.005398
0.006318
0.007876
0.018112
0.019226
0.016102
0.017872
0.017938
0.020514
0.012422
0.005304
-0.000966
-0.003826
-0.002224
-0.001400
-0.001246
0.004926
0.004104
-0.002414
-0.004294
0.001930
0.014788
0.016118
0.011494
-0.000444
-0.002060
0.007178
0.015572
0.008686
-0.002066
-0.004080
0.003558
0.006618
-0.001210
-0.005664
-0.003340
0.003308
0.006282
0.004906
0.002124
-0.004434
-0.012762
-0.021594
-0.027436
-0.028824
-0.034232
-0.034576
-0.030308
-0.028580
-0.029406
-0.030316
-0.024362
-0.017010
-0.017996
-0.019348
-0.012806
-0.009160
-0.010928
-0.008438
0.000566
0.007910
0.005768
0.007688
0.007952
0.007020
0.009280
0.015566
0.017800
0.010508
0.003404
-0.002500
-0.004500
-0.006636
-0.006042
-0.006282
-0.003686
0.000312
0.004246
0.004362
-0.000302
-0.001974
-0.004052
-0.001740
-0.001544
-0.006236
-0.004596
0.003162
0.004648
0.005762
0.009862
0.013562
0.013012
0.009918
0.010054
0.007088
0.004790
0.003176
0.003480
0.007904
0.009566
0.003906
0.001188
0.000874
-0.005180
-0.013940
-0.013990
-0.012300
-0.007656
-0.001242
-0.001130
-0.004064
-0.005420
-0.001702
-0.007580
-0.013860
-0.010128
-0.001624
-0.001910
-0.003164
-0.005688
-0.005064
-0.002284
0.001754
0.006700
0.005110
0.004388
0.002218
0.000728
-0.000306
0.001942
0.006460
0.005732
0.004054
0.001172
0.003432
0.006204
0.002778
0.002218
0.005318
0.006096
0.009156
0.010130
0.010290
0.012588
0.015118
0.014844
0.006948
0.001140
0.001032
0.001360
0.000440
0.000110
0.004882
0.004594
0.002586
0.006334
0.009170
0.012674
0.010684
0.009580
0.007878
0.005056
0.004738
0.001118
0.000888
0.001712
0.001542
0.001528
0.001876
0.005056
0.004998
0.001684
0.001956
0.005908
0.005486
0.000954
0.000822
0.002326
0.002972
-0.000306
0.001638
0.001210
-0.002664
-0.004990
-0.012444
-0.011568
-0.012030
-0.013704
-0.015120
-0.017386
-0.015904
-0.011884
-0.007214
-0.008340
-0.009842
-0.013956
-0.010408
-0.009940
-0.014628
-0.015718
-0.012270
-0.008190
-0.010060
-0.009150
-0.008086
-0.006446
-0.007140
-0.006936
-0.004768
-0.006120
-0.008452
-0.006676
-0.007680
-0.003776
-0.002008
-0.006172
-0.003660
0.000190
0.004088
0.001872
0.000428
0.001412
-0.003022
-0.002262
0.002166
0.002922
0.003684
0.004152
0.004934
0.003326
0.000710
-0.004066
-0.004878
-0.003802
0.000258
-0.000814
-0.003378
-0.002256
-0.001506
0.003128
0.003058
0.003796
0.003382
0.001348
-0.002492
0.003664
0.011926
0.012718
0.007054
0.005306
0.006396
0.012132
0.016158
0.015660
0.014090
0.014462
0.015856
0.013854
0.009932
0.009822
0.014932
0.013752
0.011566
0.008786
0.011124
0.012428
0.009306
0.004880
0.003374
0.000630
-0.003262
-0.007426
-0.010432
-0.008644
-0.009786
-0.010480
-0.007676
-0.005418
-0.006128
-0.008772
-0.008292
-0.002530
0.004290
0.002588
-0.002458
-0.001348
0.003166
-0.000158
-0.004450
-0.004950
-0.000418
0.002516
-0.002906
-0.001322
0.001214
0.001294
-0.001074
-0.002174
-0.000710
-0.000216
-0.001500
-0.002932
-0.000516
-0.002302
-0.003168
-0.002330
-0.002442
-0.005360
-0.006780
-0.002288
-0.001022
-0.001682
-0.004776
-0.005442
-0.008124
-0.013740
-0.015660
-0.013232
-0.011678
-0.012008
-0.007510
-0.003090
-0.000982
-0.004496
-0.004666
-0.002352
0.003140
0.005384
0.003596
0.002408
0.002380
0.003162
0.002664
0.003094
0.003816
0.004416
0.006144
0.011282
0.008544
0.010252
0.013068
0.013602
0.016688
0.014974
0.014730
0.013052
0.006456
0.002066
0.004004
0.003142
0.000114
0.001198
0.001882
-0.001734
-0.011144
-0.013334
-0.012610
-0.009876
-0.009988
-0.008524
-0.005002
-0.005562
-0.001396
0.002712
0.004414
0.003020
0.002454
0.006950
0.010602
0.009326
0.008758
0.002750
-0.001014
-0.002464
0.000298
0.002222
0.002888
0.002018
0.001888
0.003128
0.002014
0.001438
-0.000426
0.001296
0.001134
0.003234
-0.001656
-0.006564
-0.007002
-0.007772
-0.008734
-0.007098
-0.003962
-0.003020
-0.004114
-0.003294
-0.002384
0.000062
0.005738
0.009702
0.012496
0.011526
0.010654
0.007800
0.006770
0.004504
0.002316
0.000514
0.001572
0.000358
-0.002042
-0.004406
-0.004928
-0.000348
0.000980
-0.004736
-0.005246
-0.000520
-0.002896
-0.011520
-0.017490
-0.012068
-0.004592
-0.001542
-0.009406
-0.010100
-0.008872
-0.008526
-0.004352
-0.004976
-0.003978
-0.004274
-0.001338
-0.000104
0.000072
-0.001848
-0.001488
-0.001360
-0.000522
-0.000958
-0.003300
-0.005578
-0.005318
-0.003714
-0.002166
0.000624
0.002274
0.004758
0.006168
0.008912
0.005086
0.003544
0.003394
0.002258
-0.001794
-0.003794
-0.000442
0.001286
0.001860
0.000334
-0.001590
-0.002266
-0.005750
-0.004340
-0.000364
0.001460
0.003460
0.001850
0.004990
0.008886
0.013312
0.010056
0.010226
0.009960
0.007888
0.005724
0.000768
-0.000428
-0.000674
0.003104
0.000818
0.001616
0.002444
-0.003066
-0.005632
-0.003212
0.001734
0.001366
-0.003446
-0.007618
-0.003316
0.001638
-0.002576
-0.007406
-0.007462
-0.002232
-0.002410
0.000158
0.001410
0.001562
0.001950
0.000540
0.004124
0.001826
0.002550
0.002454
0.004664
0.005378
0.007730
0.013068
0.009598
0.001938
0.000638
0.004526
0.003340
-0.001426
-0.003222
-0.003286
-0.001308
0.003034
0.002944
-0.001406
-0.002628
0.001688
-0.000648
-0.004862
-0.007694
-0.002842
0.000500
-0.001762
-0.003426
-0.004974
-0.003140
-0.004760
-0.006040
-0.005606
-0.002772
-0.000140
0.001316
0.001814
0.000466
0.000436
0.003320
0.002386
-0.000808
0.001240
0.004086
0.003452
0.002008
0.003104
0.006680
0.005722
0.006250
0.004486
-0.000836
-0.001598
-0.001438
-0.000828
-0.001866
-0.002962
-0.000544
0.000650
0.004352
0.004736
0.003558
0.003638
0.003476
0.002394
-0.000144
-0.000684
-0.003724
-0.002494
-0.003464
-0.006586
-0.003674
-0.000738
-0.003132
-0.001804
0.002306
0.000712
0.000578
-0.000320
0.000302
-0.001946
-0.005330
-0.005148
-0.005582
-0.004476
-0.005650
-0.005460
-0.008696
-0.009404
-0.005270
-0.003364
-0.002196
-0.001288
-0.001986
-0.002762
-0.003082
-0.001826
0.001786
0.003150
0.001618
0.001906
0.001822
-0.002156
-0.000522
0.002018
0.000868
-0.000816
0.000364
-0.000380
-0.001918
-0.001398
0.001980
0.003436
0.003404
0.003502
0.002846
0.003220
0.004128
0.005780
0.004796
0.003742
0.002924
0.000220
0.000232
0.002808
0.001102
-0.000536
-0.003206
-0.004724
-0.003150
-0.001760
0.001466
0.003132
0.003524
0.003504
0.003330
0.003622
0.004014
0.004794
0.003948
0.004784
0.004084
0.003350
0.003138
0.002446
0.000886
-0.001698
-0.003402
-0.003076
-0.003186
-0.003438
-0.003242
-0.003940
-0.003468
-0.003258
-0.002812
-0.001012
-0.000116
-0.000404
-0.000006
0.000526
0.000756
0.001306
0.001630
0.001126
0.000932
0.000798
0.001702
0.000984
-0.000252
-0.000180
0.000354
-0.000842
-0.001304
-0.000270
-0.000636
-0.003164
-0.002384
0.000532
0.000758
-0.001260
-0.002218
-0.000560
0.000686
-0.000422
-0.001944
-0.000468
0.000746
0.000666
-0.000074
-0.000596
0.000004
0.000306
-0.000386
-0.000800
-0.000784
-0.000822
-0.000756
-0.000862
-0.001306
-0.001328
-0.000716
-0.001076
-0.001150
-0.001034
-0.001062
-0.000910
-0.000926
-0.000950
-0.001276
-0.001058
-0.000820
-0.000604
-0.000218
0.000126
0.000072
0.000038
0.000302
0.000442
0.000332
0.000184
-0.000020
-0.000114
0.000124
0.000140
0.000022
-0.000078
0.000090
0.000184
0.000112
0.000166
0.000180
0.000328
0.000364
0.000344
0.000412
0.000436
0.000426
0.000426
0.000452
0.000486
0.000472
0.000450
0.000464
0.000474
0.000488
0.000500
0.000516
0.000528
0.000544
0.000562
0.000588
