-0.000038
-0.000038
-0.000038
-0.000036
-0.000036
-0.000036
-0.000036
-0.000036
-0.000036
-0.000036
-0.000034
-0.000034
-0.000034
-0.000034
-0.000034
-0.000034
-0.000032
-0.000032
-0.000032
-0.000032
-0.000032
-0.000032
-0.000032
-0.000032
-0.000030
-0.000030
-0.000030
-0.000030
-0.000030
-0.000030
-0.000030
-0.000028
-0.000028
-0.000028
-0.000028
-0.000028
-0.000028
-0.000028
-0.000026
-0.000026
-0.000026
-0.000026
-0.000026
-0.000026
-0.000026
-0.000024
-0.000024
-0.000024
-0.000024
-0.000024
-0.000024
-0.000024
-0.000024
-0.000022
-0.000022
-0.000022
-0.000022
-0.000022
-0.000022
-0.000022
-0.000020
-0.000020
-0.000020
-0.000020
-0.000020
-0.000020
-0.000020
-0.000020
-0.000018
-0.000018
-0.000018
-0.000018
-0.000018
-0.000018
-0.000018
-0.000018
-0.000016
-0.000016
-0.000016
-0.000016
-0.000016
-0.000016
-0.000016
-0.000016
-0.000014
-0.000014
-0.000014
-0.000014
-0.000014
-0.000014
-0.000014
-0.000014
-0.000014
-0.000012
-0.000012
-0.000022
-0.000012
-0.000012
-0.000012
-0.000012
-0.000012
-0.000012
-0.000010
-0.000010
-0.000010
-0.000010
-0.000010
-0.000010
-0.000010
-0.000010
-0.000010
-0.000008
-0.000008
-0.000008
-0.000008
-0.000008
-0.000008
-0.000008
-0.000008
-0.000008
-0.000008
-0.000006
-0.000006
-0.000006
-0.000006
-0.000006
-0.000006
-0.000006
-0.000006
-0.000006
-0.000006
-0.000006
-0.000004
-0.000004
-0.000004
-0.000004
-0.000004
-0.000004
-0.000004
-0.000004
-0.000004
-0.000004
-0.000004
-0.000004
-0.000002
-0.000002
-0.000002
-0.000002
-0.000002
-0.000002
-0.000002
-0.000002
-0.000002
-0.000002
-0.000002
-0.000002
-0.000002
-0.000024
-0.000000
-0.000000
-0.000000
-0.000000
0.000000
0.000000
0.000000
0.000000
0.000000
0.000000
0.000000
0.000002
0.000002
0.000002
0.000002
0.000002
0.000002
0.000002
0.000002
0.000002
0.000002
0.000002
0.000030
0.000118
0.000378
0.000728
0.000838
0.000918
0.000936
0.000316
0.000038
0.000160
0.000096
0.000978
0.002730
0.004164
0.003398
0.001314
0.000720
-0.001536
-0.005346
-0.004576
0.001004
0.008568
0.014594
0.011804
0.004346
-0.002158
-0.010452
-0.023014
-0.023442
0.002526
0.031744
0.042078
0.038130
0.031494
0.012890
-0.018658
-0.032786
-0.014066
0.017212
0.028950
0.018194
0.018272
0.029428
0.005464
-0.036054
-0.044362
-0.042610
-0.052726
-0.036032
-0.033102
-0.058144
-0.050820
0.050600
0.149222
0.104674
0.018568
-0.017980
-0.065138
-0.106736
-0.066714
0.018296
0.041542
-0.011060
-0.075286
-0.056068
0.057698
0.085000
0.031070
0.015868
-0.001860
-0.042666
-0.063118
-0.002688
0.084488
0.114778
0.082266
-0.012004
-0.114302
-0.138704
-0.074364
-0.019540
0.044424
0.122894
0.130146
0.080478
0.022444
-0.012320
-0.010626
-0.009894
-0.063844
-0.117368
-0.018310
0.136348
0.150880
0.051310
-0.033906
-0.026360
-0.024660
-0.099794
-0.170344
-0.191410
-0.055808
0.184290
0.244254
0.176344
0.044134
-0.128414
-0.219914
-0.245450
-0.133046
0.057228
0.160376
0.144276
-0.017410
-0.040082
0.037228
-0.010632
-0.053524
-0.074064
-0.060106
0.010430
-0.019420
-0.090120
-0.096634
-0.010854
0.083006
0.125346
0.121256
0.021766
-0.108946
-0.136482
-0.025744
0.138602
0.166416
0.014696
-0.158986
-0.250202
-0.324596
-0.291078
-0.045460
0.178598
0.158002
0.002712
-0.009338
0.125636
0.105658
-0.045068
-0.036776
0.126308
0.179568
-0.024802
-0.247184
-0.158988
0.076036
0.147942
0.102000
0.174046
0.396520
0.407106
0.132692
-0.040502
0.019228
0.204604
0.275388
0.075184
-0.074102
0.022676
0.132286
0.081864
-0.048050
-0.039640
0.126862
0.151716
-0.044176
-0.197774
-0.156298
-0.015486
0.091442
0.112752
0.008356
-0.185666
-0.301262
-0.319082
-0.378072
-0.459838
-0.468938
-0.451230
-0.397002
-0.259368
-0.164386
-0.250844
-0.244302
0.064420
0.348622
0.258464
-0.015308
-0.156802
-0.077626
0.104160
0.249364
0.211732
0.025084
-0.047968
0.099002
0.319766
0.539520
0.685514
0.611188
0.410850
0.310624
0.366254
0.489750
0.569904
0.515868
0.334878
0.152440
0.035794
-0.090848
-0.220354
-0.284366
-0.309266
-0.289572
-0.222210
-0.163340
-0.144930
-0.151836
-0.201518
-0.311378
-0.470062
-0.613150
-0.653634
-0.541790
-0.263914
0.162996
0.534724
0.580478
0.430580
0.293202
0.122472
-0.068450
-0.243248
-0.444922
-0.584580
-0.576630
-0.432940
-0.202306
-0.069116
-0.094196
-0.215240
-0.375070
-0.479362
-0.413252
-0.172640
0.067292
0.123780
0.116814
0.196462
0.205986
0.060086
-0.125994
-0.226230
-0.226780
-0.179514
-0.113686
-0.019624
0.104182
0.138104
0.074822
0.059568
0.177896
0.307554
0.308578
0.222960
0.112568
0.005232
-0.026744
0.026300
0.096358
0.157878
0.261946
0.401892
0.436386
0.292114
0.115406
0.084252
0.182688
0.235244
0.171654
0.066726
0.023166
0.081492
0.150818
0.182040
0.198888
0.157606
0.088798
0.071200
0.048632
0.000018
0.052032
0.222194
0.310788
0.156444
-0.059228
-0.118656
-0.112988
-0.151916
-0.164854
-0.129456
-0.124322
-0.126818
-0.036192
0.175014
0.272276
0.113448
-0.119258
-0.202038
-0.177468
-0.224452
-0.291114
-0.203982
-0.047894
-0.052496
-0.217070
-0.366512
-0.433130
-0.408112
-0.312408
-0.211184
-0.130972
-0.049622
0.027350
0.012670
-0.056166
-0.027724
0.136626
0.329718
0.358006
0.171752
-0.089120
-0.349194
-0.535046
-0.440814
-0.094370
0.115398
0.051480
0.082920
0.273312
0.410414
0.412826
0.294146
0.170352
0.133410
0.093112
0.018798
0.053288
0.129124
0.189266
0.337632
0.434250
0.302310
0.192042
0.190736
0.110528
-0.064426
-0.288572
-0.518866
-0.602904
-0.426778
-0.108660
0.161344
0.332074
0.398320
0.419258
0.413860
0.273842
0.011472
-0.214844
-0.420590
-0.522934
-0.371204
-0.055644
0.251044
0.314000
0.116952
-0.064914
-0.063858
0.009100
-0.022742
-0.115104
-0.144160
-0.053074
0.114238
0.141152
-0.053244
-0.234738
-0.258010
-0.172932
-0.048916
0.052408
0.057842
0.079028
0.237306
0.341408
0.252032
0.120542
0.048930
0.062178
0.078076
0.032410
-0.050878
-0.151644
-0.183158
-0.065472
0.099126
0.137116
0.032826
-0.058062
0.019122
0.146154
0.061254
-0.149334
-0.272020
-0.251380
-0.129832
-0.047198
-0.067950
-0.088518
-0.164346
-0.274804
-0.308816
-0.299420
-0.277360
-0.201276
-0.055004
0.117334
0.119256
0.001158
-0.052230
-0.061734
-0.087162
-0.149076
-0.218686
-0.174180
-0.026318
0.132600
0.233438
0.222894
0.084808
-0.140016
-0.311524
-0.337404
-0.235720
-0.066952
0.107376
0.148862
0.070064
0.038200
0.156768
0.340598
0.391748
0.308984
0.190310
0.095036
0.054108
0.111192
0.198700
0.263012
0.243550
0.093724
-0.079036
-0.187902
-0.212718
-0.138868
-0.035866
0.083526
0.269786
0.369542
0.305266
0.173268
0.008272
-0.175484
-0.264970
-0.179654
-0.031504
0.061496
0.076232
0.065806
0.069680
0.102280
0.110160
0.020864
-0.105934
-0.186814
-0.248364
-0.282080
-0.232586
-0.107422
0.014930
0.067808
0.084978
0.038554
-0.051498
-0.142034
-0.253910
-0.308340
-0.206452
-0.078512
-0.040276
-0.017834
0.056048
0.128150
0.122346
0.059116
-0.008506
-0.017840
0.051820
0.110400
0.113252
0.153538
0.251680
0.259424
0.161832
0.072574
0.017014
0.004188
0.071074
0.144656
0.129344
0.040240
-0.035006
-0.057230
-0.064668
-0.072894
-0.024170
0.066254
0.111560
0.096440
0.045400
-0.018670
-0.050318
-0.062262
-0.102246
-0.150992
-0.172446
-0.186224
-0.176412
-0.114932
-0.087172
-0.114518
-0.105672
-0.055836
-0.038494
-0.070706
-0.073060
-0.013262
0.056150
0.069608
0.023358
-0.056508
-0.107774
-0.086474
-0.038974
-0.033888
-0.021136
0.029892
0.075432
0.121028
0.150904
0.144332
0.102854
0.069354
0.062864
0.054052
0.051534
0.045270
0.066972
0.148066
0.212652
0.197226
0.153180
0.099524
0.022358
-0.032866
-0.034396
-0.012940
0.004258
0.026690
0.038368
-0.016104
-0.080828
-0.093158
-0.074476
-0.061052
-0.073822
-0.093874
-0.128920
-0.165192
-0.160314
-0.150214
-0.162906
-0.170842
-0.130824
-0.058624
-0.028338
-0.043140
-0.038008
0.025316
0.056440
0.020460
0.017156
0.059484
0.058164
0.034292
0.050238
0.086782
0.099344
0.099006
0.093586
0.085898
0.068282
0.037158
0.014974
0.020774
0.047716
0.057306
0.016036
-0.026312
-0.012804
-0.003944
-0.032590
-0.066214
-0.079322
-0.069044
-0.065602
-0.062382
-0.036826
-0.022778
-0.029734
-0.016868
0.003396
-0.012302
-0.035044
-0.027934
-0.024074
0.001002
0.071752
0.088138
-0.008074
-0.102938
-0.123422
-0.103026
-0.070126
-0.040802
-0.018916
0.007080
0.039766
0.064344
0.063092
0.047780
0.059212
0.098752
0.136322
0.156618
0.155102
0.126882
0.089506
0.102164
0.154666
0.154950
0.075402
-0.011126
-0.042904
-0.057666
-0.089170
-0.101180
-0.071114
-0.054360
-0.058476
-0.001148
0.064410
0.032326
-0.056980
-0.111814
-0.087002
-0.035212
-0.039388
-0.068704
-0.066408
-0.046026
-0.039130
-0.048042
-0.052452
-0.072394
-0.120584
-0.156774
-0.159242
-0.151632
-0.145376
-0.140228
-0.135160
-0.106958
-0.037194
0.003070
-0.019988
-0.027002
0.026544
0.084886
0.063664
-0.011650
-0.026334
0.060920
0.156636
0.161668
0.086322
0.032492
0.040292
0.071342
0.095600
0.094956
0.076054
0.071520
0.089482
0.115098
0.136096
0.135542
0.096010
0.041098
0.011628
-0.017760
-0.085310
-0.129582
-0.098080
-0.041842
-0.016950
-0.008366
0.003778
0.008592
0.001530
-0.020172
-0.038000
-0.028482
-0.011500
0.010040
0.040300
0.048536
0.043352
0.052484
0.049192
0.014418
-0.007022
0.006912
0.014798
0.000954
-0.001872
0.030620
0.045580
0.001930
-0.038456
-0.030150
-0.006140
0.006010
-0.001952
-0.013448
-0.005770
0.038470
0.083196
0.082254
0.060736
0.045674
0.023722
0.013372
0.031996
0.064544
0.088952
0.088542
0.064254
0.044720
0.039854
0.025740
0.002980
-0.015188
-0.030586
-0.053342
-0.065994
-0.058650
-0.055092
-0.045456
-0.015570
-0.018062
-0.058102
-0.073220
-0.045712
-0.017328
-0.011976
-0.028634
-0.050876
-0.043332
-0.010750
-0.000102
-0.028764
-0.070134
-0.091364
-0.069294
-0.014150
0.021068
0.008804
-0.008310
0.003302
0.020708
0.008626
-0.021746
-0.025108
-0.003060
-0.002996
-0.010338
0.008678
0.019580
0.013726
0.018362
0.013088
-0.007158
-0.001414
0.022132
0.020884
0.000930
-0.002498
0.015954
0.018256
-0.009282
-0.046678
-0.061940
-0.054772
-0.041510
-0.011178
0.008212
0.005328
0.008386
-0.009246
-0.054818
-0.075644
-0.061322
-0.059776
-0.063078
-0.034008
0.008588
0.022426
0.002470
-0.024430
-0.044242
-0.067014
-0.081694
-0.069438
-0.038700
-0.005180
0.028302
0.060336
0.067174
0.039570
0.009704
0.009430
0.020088
0.020444
0.020278
0.036630
0.074108
0.119010
0.135320
0.111010
0.073162
0.042238
0.018862
-0.001764
-0.010414
0.012800
0.053382
0.063194
0.046940
0.031714
0.015108
-0.012800
-0.040174
-0.057580
-0.064720
-0.058120
-0.052458
-0.049150
-0.024328
0.004938
0.010484
0.006848
0.005382
-0.002354
-0.013702
-0.010178
0.006706
0.023350
0.026178
0.008644
-0.004224
-0.001486
-0.002812
-0.013572
-0.023060
-0.024276
-0.023842
-0.024680
-0.028458
-0.037264
-0.030282
-0.008080
0.007490
0.011002
0.011848
0.008182
0.004084
0.002760
-0.002088
-0.005162
-0.014936
-0.027080
-0.022482
-0.017526
-0.034172
-0.053214
-0.048094
-0.008770
0.036740
0.049722
0.035306
0.028406
0.031284
0.027352
0.013552
0.007378
0.023984
0.047984
0.059338
0.056134
0.030566
-0.011526
-0.019474
0.024632
0.056298
0.030074
-0.004388
-0.001662
0.007556
-0.003694
-0.023970
-0.033026
-0.026190
-0.017642
-0.020208
-0.022368
-0.017376
-0.003338
0.021750
0.037522
0.024884
-0.007208
-0.023492
-0.013640
-0.001236
0.006168
0.016736
0.026556
0.039600
0.052304
0.046364
0.023292
0.000260
-0.013574
-0.010052
0.006420
0.015900
0.004342
-0.014068
-0.019414
-0.017922
-0.014252
-0.009476
-0.016466
-0.032210
-0.038070
-0.021638
0.016254
0.042864
0.033176
0.016020
-0.000338
-0.026330
-0.037912
-0.026518
-0.015506
-0.012482
-0.013022
-0.009132
-0.008488
-0.029286
-0.050988
-0.040650
-0.009554
0.001244
0.000052
0.014300
0.022162
0.007398
-0.004836
-0.004408
-0.012590
-0.014252
-0.002284
0.000180
0.001430
0.009482
0.021822
0.022280
0.005832
0.000762
0.006862
0.003110
-0.001098
0.008944
0.023798
0.029898
0.024390
0.006812
0.003754
0.020910
0.025822
0.018460
0.009306
0.001868
0.008968
0.019982
0.015852
-0.000066
-0.005390
0.004740
0.010334
0.005380
-0.000548
-0.002682
-0.002660
-0.008506
-0.016026
-0.015842
-0.017186
-0.016952
-0.015076
-0.018772
-0.023102
-0.022812
-0.015636
-0.006944
-0.005842
-0.007230
-0.009304
-0.014722
-0.015548
-0.008688
-0.003256
-0.006148
-0.006900
-0.003592
-0.007610
-0.013646
-0.015642
-0.016806
-0.008734
0.012146
0.023066
0.016158
0.013942
0.018142
0.011680
0.003094
0.004218
0.012718
0.020872
0.024616
0.024542
0.020794
0.014630
0.006172
0.003324
0.001992
-0.001814
-0.004552
-0.005496
-0.005696
-0.004794
0.001284
0.005824
0.003026
0.001776
0.005108
0.001962
-0.018102
-0.037712
-0.037282
-0.024618
-0.011554
-0.006496
-0.010394
-0.008380
0.009762
0.025742
0.031752
0.031410
0.020504
0.005176
0.005830
0.016084
0.017248
0.013220
0.019002
0.028904
0.019316
0.000450
-0.006452
-0.009082
-0.014654
-0.009712
0.006000
0.020750
0.027116
0.021932
0.005548
-0.012710
-0.022850
-0.021800
-0.014254
-0.003786
0.010344
0.018650
0.011718
-0.003174
-0.016908
-0.025634
-0.029600
-0.029252
-0.017730
-0.002004
0.001640
-0.004692
-0.013062
-0.012296
-0.003126
-0.003026
-0.010196
-0.013434
-0.012126
-0.011458
-0.016418
-0.025084
-0.028704
-0.017394
0.004072
0.021082
0.024392
0.018664
0.015846
0.014504
0.009854
0.010954
0.021080
0.024126
0.020140
0.015962
0.002318
-0.017164
-0.023926
-0.014200
0.003536
0.017640
0.021184
0.024748
0.020934
0.005222
-0.000252
0.000918
-0.001528
-0.002004
-0.006644
-0.016568
-0.018878
-0.012772
-0.007948
-0.005866
-0.008310
-0.014250
-0.018668
-0.019500
-0.020200
-0.024070
-0.023132
-0.012074
0.001346
0.004896
0.005894
0.011530
0.010988
-0.004264
-0.020078
-0.019508
-0.009616
0.000616
0.011556
0.022408
0.029438
0.030300
0.023100
0.011772
0.005630
0.008256
0.017256
0.022322
0.025136
0.028826
0.023680
0.010790
-0.000800
-0.007998
-0.012750
-0.012632
-0.011096
-0.014152
-0.015332
-0.011400
-0.006118
-0.006448
-0.012430
-0.014908
-0.016598
-0.018626
-0.013832
-0.001042
0.010744
0.013602
0.008834
-0.001250
-0.008948
-0.005480
0.002056
0.000964
-0.009688
-0.018970
-0.015528
0.000192
0.013162
0.010998
0.000886
-0.003212
-0.001102
-0.002176
-0.004464
0.000168
0.008022
0.012380
0.012368
0.007160
-0.002422
-0.011842
-0.015142
-0.009512
-0.003286
-0.002858
-0.005948
-0.010952
-0.012832
-0.011108
-0.014618
-0.019262
-0.010544
0.006654
0.016442
0.019496
0.018932
0.016160
0.010804
-0.005418
-0.018984
-0.009912
0.005676
0.008342
0.009046
0.014000
0.014748
0.014212
0.007202
-0.009306
-0.017854
-0.013380
-0.008156
0.001160
0.015886
0.022234
0.015022
-0.001668
-0.016888
-0.020404
-0.014520
-0.001976
0.006458
0.005784
0.007200
0.011704
0.011096
0.005318
0.001056
-0.003070
-0.008090
-0.004512
0.006508
0.011006
0.008926
0.008928
0.006250
-0.000828
-0.003692
0.000060
0.006220
0.017444
0.023036
0.013612
-0.002634
-0.011558
-0.004152
0.001168
-0.002690
-0.000876
0.004796
0.001298
-0.003946
-0.006468
-0.008706
-0.003522
-0.000084
-0.006020
-0.012182
-0.011992
-0.008932
-0.012384
-0.016706
-0.010008
0.000514
0.004898
0.003302
-0.000578
-0.004360
-0.008506
-0.009938
-0.008940
-0.004518
0.006334
0.014482
0.012728
0.006622
0.003712
0.002446
-0.001484
-0.004208
0.001446
0.008418
0.008544
0.006674
0.001216
-0.008300
-0.012036
-0.008292
-0.004914
-0.003662
-0.003220
-0.001530
0.002876
0.009872
0.010928
0.000928
-0.004076
-0.000922
-0.003376
-0.006264
-0.004434
-0.004528
-0.006306
-0.005806
-0.005988
-0.009476
-0.014098
-0.014576
-0.011618
-0.009910
-0.005582
-0.000382
0.000250
0.000150
-0.000012
0.001538
0.008908
0.013322
0.011432
0.006998
0.002658
0.004814
0.009494
0.010870
0.013514
0.017290
0.021796
0.024480
0.022280
0.015228
0.002060
-0.008802
-0.008622
-0.006038
-0.003800
0.001036
0.002332
0.000580
0.000930
0.003002
0.000940
-0.008164
-0.015888
-0.010786
-0.001958
-0.002176
-0.003074
-0.000186
-0.000130
-0.003624
-0.005664
-0.001744
0.002162
0.003676
0.006144
0.003220
-0.000572
0.000712
-0.002528
-0.007478
-0.002178
0.009640
0.016800
0.013796
0.007478
0.005264
0.003022
0.000856
0.001556
0.003192
0.010740
0.017622
0.013964
0.008294
0.005036
0.002002
-0.002288
-0.005388
-0.003744
-0.002972
-0.005646
-0.009674
-0.011288
-0.010434
-0.013318
-0.016488
-0.014060
-0.011424
-0.009216
-0.005158
-0.003728
-0.002520
0.001594
0.004562
0.000900
-0.007460
-0.012490
-0.011138
-0.006324
-0.002216
-0.000776
0.000278
0.001792
0.002182
0.001538
0.001392
0.001674
0.002674
0.002440
0.002824
0.006144
0.006434
0.000808
-0.003298
-0.002580
-0.000222
0.005526
0.012964
0.012744
0.009218
0.010120
0.008344
0.005018
0.002540
-0.001138
-0.000998
0.001130
0.001942
0.002170
0.000798
-0.000806
-0.000984
-0.002802
-0.009470
-0.018094
-0.021296
-0.014818
-0.003880
0.000160
-0.003218
-0.002492
0.003720
0.007700
0.010736
0.014030
0.014684
0.010150
0.001976
-0.005504
-0.013020
-0.020980
-0.022646
-0.016444
-0.005420
0.007132
0.015970
0.017756
0.011346
0.002190
-0.003304
-0.006066
-0.005396
-0.001734
0.000716
-0.001548
-0.004100
-0.004622
-0.002606
0.000170
0.001318
0.005034
0.008194
0.004078
-0.003542
-0.010964
-0.014126
-0.012320
-0.008854
-0.004628
0.000296
0.001502
0.000996
-0.000416
-0.003466
-0.000122
0.006528
0.007240
0.006378
0.007708
0.008038
0.006844
0.002116
-0.002404
-0.000710
0.004434
0.008034
0.007620
0.005952
0.008378
0.010474
0.003232
-0.005882
-0.009706
-0.013560
-0.016050
-0.012710
-0.005502
0.001554
0.005254
0.006420
0.005984
0.002304
-0.001740
-0.003682
-0.004030
-0.003648
-0.004788
-0.005350
-0.003240
-0.001800
-0.000606
0.001532
0.003784
0.003706
0.002384
0.004994
0.012512
0.019018
0.021268
0.017564
0.006386
-0.002568
-0.002094
0.001082
0.003146
0.008570
0.015806
0.016666
0.012730
0.007312
-0.001672
-0.008482
-0.009664
-0.008704
-0.006248
-0.004048
-0.004842
-0.007714
-0.011376
-0.015464
-0.017202
-0.016680
-0.013700
-0.006170
0.003480
0.007086
0.002506
-0.004234
-0.011222
-0.015696
-0.014968
-0.013210
-0.012030
-0.009958
-0.005826
-0.001418
0.000984
0.003524
0.004528
0.000888
-0.003152
-0.002404
-0.000428
-0.000712
-0.001532
-0.001668
-0.000346
0.003800
0.007648
0.007806
0.008632
0.010992
0.011314
0.006438
-0.000938
-0.005980
-0.008092
-0.007374
-0.004308
0.001044
0.009960
0.015386
0.011796
0.004188
-0.001262
-0.001712
0.003458
0.007804
0.008126
0.009094
0.011450
0.010170
0.002578
-0.004342
-0.005468
-0.004276
-0.005476
-0.008098
-0.010888
-0.012304
-0.011084
-0.011958
-0.017270
-0.019932
-0.015390
-0.007632
-0.000478
0.004030
0.008370
0.014498
0.017824
0.014940
0.010104
0.009428
0.011420
0.010150
0.003050
-0.003814
-0.006704
-0.006868
-0.004668
-0.001866
0.002114
0.006290
0.006032
0.003062
0.001750
0.002078
0.002984
0.005164
0.007536
0.008630
0.010876
0.012942
0.009266
0.001570
-0.005582
-0.011034
-0.012754
-0.009796
-0.005610
-0.003650
-0.003584
-0.005560
-0.007934
-0.009290
-0.009626
-0.007934
-0.005470
-0.004022
-0.001228
0.001100
-0.000256
-0.002890
-0.006098
-0.007234
-0.004166
-0.000824
0.001564
0.002386
0.001194
-0.000394
-0.002014
-0.003700
-0.005614
-0.006882
-0.007760
-0.007686
-0.004804
-0.002332
-0.001600
0.001102
0.004306
0.006278
0.009806
0.013842
0.014902
0.012668
0.009998
0.007398
0.004526
0.003068
0.002704
0.002226
0.000180
-0.002548
-0.003686
-0.004154
-0.004916
-0.005478
-0.002812
0.003758
0.011360
0.015830
0.014612
0.008860
0.005374
0.006838
0.006684
0.002904
0.002478
0.000126
-0.003090
-0.004240
-0.014812
-0.012786
-0.001864
0.000412
0.013102
0.022150
0.004256
-0.033896
-0.047546
-0.004128
0.031854
0.004004
-0.030850
-0.010986
0.031482
0.033588
-0.000802
-0.022280
-0.004570
0.022836
0.018878
-0.003076
-0.010520
-0.003500
-0.001580
-0.011096
-0.016652
-0.009836
0.001952
0.006418
-0.000246
-0.006448
-0.005398
-0.002930
-0.006516
-0.014112
-0.015358
-0.006826
0.002440
0.001780
-0.004220
-0.005748
-0.005078
-0.010952
-0.019472
-0.017886
-0.007578
0.002368
0.005542
0.001028
-0.002392
-0.003410
-0.004946
0.000450
0.013394
0.017954
0.013390
0.008800
0.006408
0.010242
0.010332
-0.003834
-0.013974
-0.003932
0.014154
0.021164
0.009862
-0.000824
0.007082
0.016276
0.009712
0.002062
0.005226
0.009334
0.009202
0.009622
0.010454
0.012358
0.013852
0.012648
0.008190
-0.001590
-0.008144
-0.009512
-0.017790
-0.024488
-0.014868
0.001500
0.010374
0.007742
-0.001858
-0.011960
-0.018722
-0.019058
-0.010558
0.002280
0.009112
0.010910
0.014392
0.014450
0.004772
-0.005456
-0.007092
-0.002606
0.001256
0.002074
0.004014
0.006410
0.004630
-0.001996
-0.007566
-0.006864
-0.006008
-0.007342
-0.006400
-0.002532
0.001398
0.005474
0.009052
0.006252
-0.001128
-0.008720
-0.012390
-0.008574
-0.000174
0.010034
0.018894
0.023758
0.025508
0.023036
0.014324
0.000320
-0.009424
-0.009116
-0.002906
0.003472
0.005072
0.002220
-0.001090
-0.001690
-0.004874
-0.010728
-0.012438
-0.011898
-0.009926
-0.002902
0.005242
0.009340
0.008832
0.005324
-0.000898
-0.007416
-0.012588
-0.014578
-0.010830
-0.004396
0.000510
0.004414
0.007222
0.004332
-0.002892
-0.008148
-0.011662
-0.012332
-0.008828
-0.004712
-0.002400
-0.003240
-0.002456
0.003460
0.009080
0.008706
0.003560
0.001580
0.002696
0.001060
-0.000960
-0.001000
-0.000316
0.000964
0.004014
0.007320
0.006678
0.005024
0.003946
0.000968
-0.003302
-0.005760
-0.004434
-0.004296
-0.006456
-0.007660
-0.008112
-0.006976
-0.004834
-0.003280
-0.000198
0.004028
0.004364
0.001268
-0.000388
-0.000620
-0.000120
-0.000056
-0.000964
-0.000330
0.002708
0.004630
0.004050
0.002230
0.000064
-0.002908
-0.007072
-0.011088
-0.014900
-0.017008
-0.011938
-0.003588
0.003078
0.007000
0.007656
0.007936
0.005658
0.001516
0.001074
0.002088
0.001626
-0.000766
-0.002252
-0.000258
0.001448
0.001728
0.001212
-0.002082
-0.005826
-0.006360
-0.003736
-0.000884
0.001202
0.003066
0.004324
0.003052
0.001122
0.000566
0.002142
0.005176
0.008290
0.010590
0.010496
0.007818
0.004936
0.001946
-0.000880
-0.002072
-0.001790
-0.000904
0.000992
0.001754
-0.000712
-0.004190
-0.005616
-0.005990
-0.007686
-0.007156
-0.003006
0.000246
0.002004
0.003888
0.005630
0.005334
0.003774
0.002570
0.001914
0.001756
0.001904
0.003058
0.004326
0.002554
-0.001982
-0.004646
-0.004368
-0.002844
-0.001942
-0.002084
-0.000520
0.003532
0.005940
0.005634
0.003460
0.002848
0.003876
0.002174
-0.000902
-0.001306
0.000292
0.001978
0.002698
0.001810
0.001346
-0.000328
-0.004608
-0.006938
-0.006408
-0.004042
-0.001266
-0.001734
-0.004748
-0.006726
-0.007496
-0.008626
-0.009654
-0.008546
-0.005996
-0.003678
-0.002426
-0.001326
0.001458
0.004142
0.003556
0.002480
0.002466
0.003122
0.004780
0.005974
0.006274
0.007028
0.007072
0.005546
0.003366
0.001284
0.000252
0.001228
0.003078
0.002730
0.001496
0.002580
0.005052
0.006994
0.007046
0.006048
0.005288
0.004224
0.001274
-0.002738
-0.005392
-0.005262
-0.003040
-0.001716
-0.001852
-0.001656
-0.001326
-0.001398
-0.002120
-0.002258
-0.000832
0.000398
0.000106
-0.001644
-0.003856
-0.004966
-0.004796
-0.004696
-0.004336
-0.002440
-0.000388
-0.000186
-0.000436
-0.000130
0.000066
0.000328
0.000080
-0.000696
-0.000698
0.000180
0.000884
0.000794
0.000314
0.000220
0.000352
0.000236
-0.000212
-0.000444
0.000220
0.000636
0.000198
-0.000238
-0.000186
0.000180
0.000466
0.000346
0.000340
0.000486
0.000320
0.000032
-0.000210
-0.000468
-0.000484
-0.000306
-0.000216
-0.000164
-0.000130
-0.000154
-0.000038
0.000174
0.000282
0.000274
0.000234
0.000234
0.000246
0.000172
0.000038
-0.000056
-0.000078
-0.000084
-0.000098
-0.000098
-0.000084
-0.000070
-0.000060
-0.000062
-0.000066
-0.000068
