-0.002827
-0.003791
-0.003873
-0.002321
-0.002298
-0.002258
-0.002247
-0.002251
-0.002249
-0.002233
-0.002212
-0.002209
-0.002228
-0.002249
-0.002256
-0.002246
-0.002228
-0.002208
-0.002188
-0.002167
-0.002148
-0.002143
-0.002157
-0.002177
-0.002172
-0.002125
-0.002045
-0.001962
-0.001916
-0.001924
-0.001966
-0.002014
-0.002046
-0.002032
-0.001975
-0.001913
-0.001856
-0.001787
-0.001705
-0.001649
-0.001660
-0.001740
-0.001864
-0.002015
-0.002174
-0.002296
-0.002331
-0.002292
-0.002238
-0.002197
-0.002148
-0.002075
-0.001988
-0.001897
-0.001801
-0.001693
-0.001570
-0.001435
-0.001293
-0.001161
-0.001057
-0.000978
-0.000969
-0.001170
-0.001619
-0.002087
-0.002287
-0.002224
-0.002147
-0.002208
-0.002355
-0.002473
-0.002521
-0.002535
-0.002524
-0.002471
-0.002349
-0.002077
-0.001624
-0.001122
-0.000746
-0.000588
-0.000725
-0.001183
-0.001818
-0.002508
-0.003117
-0.003292
-0.002871
-0.002131
-0.001399
-0.000679
0.000142
0.000890
0.001050
0.000252
-0.001265
-0.002911
-0.003925
-0.003702
-0.002670
-0.001745
-0.001123
-0.000583
-0.000123
0.000142
0.000208
0.000171
0.000135
0.000112
0.000033
-0.000095
-0.000227
-0.000357
-0.000546
-0.000870
-0.001290
-0.001708
-0.002094
-0.002492
-0.002859
-0.003074
-0.003149
-0.003127
-0.002807
-0.002011
-0.000937
0.000081
0.000733
0.000840
0.000654
0.000570
0.000646
0.000693
0.000575
0.000326
0.000023
-0.000257
-0.000373
-0.000210
0.000162
0.000628
0.001282
0.002223
0.003292
0.004319
0.005364
0.006553
0.007694
0.007827
0.005876
0.002138
-0.002023
-0.005426
-0.007201
-0.007234
-0.006485
-0.005899
-0.005569
-0.005057
-0.004130
-0.002965
-0.001807
-0.000791
0.000082
0.000850
0.001416
0.001538
0.001267
0.000972
0.000823
0.000678
0.000413
0.000112
0.000143
0.001000
0.002485
0.003930
0.005112
0.006288
0.007672
0.009312
0.011099
0.011796
0.009167
0.002553
-0.005982
-0.014121
-0.020330
-0.022035
-0.017752
-0.010330
-0.003843
0.000028
0.001655
0.002299
0.002883
0.003494
0.003876
0.003835
0.003504
0.003148
0.002848
0.002589
0.002324
0.002109
0.002122
0.002380
0.002696
0.002913
0.003027
0.002952
0.002633
0.002216
0.001847
0.001520
0.001080
0.000367
-0.000644
-0.001499
-0.001662
-0.001250
-0.000569
0.000348
0.001505
0.002791
0.004087
0.005399
0.006869
0.008535
0.010263
0.011846
0.013131
0.013706
0.012693
0.009661
0.004974
-0.000455
-0.004848
-0.006530
-0.005909
-0.004677
-0.003841
-0.003271
-0.002412
-0.001115
0.000334
0.001498
0.002336
0.003033
0.003585
0.003964
0.004174
0.004247
0.004064
0.003427
0.002363
0.000760
-0.001667
-0.004857
-0.008429
-0.011554
-0.013113
-0.012427
-0.009827
-0.006511
-0.003337
-0.000387
0.002449
0.004956
0.006852
0.008396
0.009874
0.011266
0.012563
0.013655
0.014480
0.015056
0.015147
0.014128
0.011966
0.009612
0.007560
0.005378
0.002471
-0.000688
-0.002884
-0.003732
-0.003520
-0.002712
-0.001931
-0.001338
-0.000651
0.000216
0.001251
0.002297
0.003242
0.004229
0.005220
0.006222
0.007293
0.008339
0.009387
0.010531
0.011850
0.013290
0.014543
0.015156
0.014444
0.011927
0.008209
0.004500
0.001285
-0.001556
-0.003945
-0.005819
-0.007044
-0.007522
-0.007691
-0.007839
-0.007710
-0.007344
-0.006974
-0.006547
-0.006142
-0.005768
-0.005336
-0.004877
-0.004447
-0.004010
-0.003589
-0.003206
-0.002749
-0.002305
-0.001910
-0.001444
-0.000942
-0.000518
-0.000003
0.000675
0.001383
0.002085
0.002755
0.003443
0.004183
0.004942
0.005649
0.006367
0.007137
0.007954
0.009069
0.010609
0.012361
0.013792
0.014552
0.014590
0.013440
0.011213
0.008892
0.006890
0.004912
0.002712
0.000297
-0.002167
-0.004521
-0.006843
-0.009299
-0.012070
-0.015056
-0.017732
-0.018817
-0.016414
-0.009915
-0.002215
0.001819
0.001218
-0.000273
0.000167
0.001700
0.002265
0.001396
0.000133
-0.000205
0.001131
0.004455
0.010408
0.019179
0.029502
0.038793
0.042938
0.037998
0.024948
0.009763
-0.002699
-0.010391
-0.011721
-0.007189
-0.001759
-0.001177
-0.006175
-0.012718
-0.016511
-0.015982
-0.012194
-0.007100
-0.002079
0.002700
0.007764
0.013036
0.015873
0.012500
0.004163
-0.004035
-0.009909
-0.013135
-0.010989
-0.000905
0.014580
0.028422
0.033372
0.027800
0.017185
0.008425
0.005278
0.007241
0.010705
0.012635
0.012787
0.011330
0.007033
-0.000370
-0.008846
-0.016938
-0.023919
-0.025436
-0.017243
-0.002831
0.010616
0.018873
0.020377
0.017141
0.014101
0.013184
0.012293
0.009662
0.006099
0.003575
0.003002
0.004187
0.007044
0.011948
0.019115
0.027837
0.035696
0.038813
0.035157
0.027378
0.019698
0.013561
0.008605
0.005624
0.005951
0.009447
0.014583
0.019976
0.025284
0.030534
0.035201
0.036874
0.031183
0.016072
-0.004264
-0.021642
-0.027898
-0.020339
-0.006287
0.003133
0.003127
-0.002867
-0.008891
-0.011794
-0.011967
-0.010786
-0.008390
-0.003425
0.004906
0.011820
0.007852
-0.011126
-0.035822
-0.049222
-0.042501
-0.020972
0.000560
0.008112
0.002130
-0.005569
-0.008176
-0.008456
-0.011001
-0.016566
-0.021343
-0.018182
-0.002183
0.019875
0.030736
0.018544
-0.010889
-0.037375
-0.044981
-0.035815
-0.017659
0.007830
0.036152
0.055059
0.053720
0.030427
-0.008006
-0.046122
-0.063971
-0.051174
-0.012374
0.037796
0.076110
0.079681
0.045167
-0.008081
-0.050383
-0.055703
-0.020972
0.028136
0.062395
0.071585
0.060608
0.036580
0.002473
-0.036574
-0.061620
-0.050008
-0.003483
0.047616
0.070175
0.055664
0.021978
-0.010774
-0.038188
-0.062676
-0.076057
-0.063983
-0.024280
0.024781
0.053055
0.047820
0.030223
0.029729
0.053943
0.086979
0.108278
0.108763
0.092237
0.067197
0.040349
0.016599
0.002560
0.004847
0.021229
0.041586
0.057488
0.066485
0.071644
0.074593
0.068360
0.046408
0.017528
0.000708
0.005426
0.026844
0.051894
0.062706
0.048562
0.011106
-0.043211
-0.104953
-0.161990
-0.201486
-0.215981
-0.209774
-0.192782
-0.169888
-0.139437
-0.100892
-0.057046
-0.012966
0.019882
0.031517
0.026167
0.016425
0.009031
0.001853
-0.008140
-0.018079
-0.016513
0.013308
0.073789
0.142064
0.192635
0.218058
0.225093
0.223042
0.215705
0.202506
0.184089
0.162563
0.138057
0.108219
0.071679
0.030042
-0.013779
-0.054136
-0.079770
-0.079728
-0.052570
-0.006665
0.046332
0.096029
0.131665
0.138805
0.108816
0.046040
-0.032683
-0.091833
-0.098080
-0.051760
0.021838
0.088744
0.120253
0.118228
0.108025
0.105322
0.103738
0.082276
0.024176
-0.056934
-0.117423
-0.121732
-0.070740
0.013117
0.102620
0.156563
0.136640
0.050278
-0.049184
-0.108589
-0.112753
-0.078885
-0.022682
0.047274
0.107665
0.131146
0.110460
0.057322
-0.002657
-0.036733
-0.021485
0.045365
0.136697
0.197363
0.189271
0.130997
0.059431
-0.014857
-0.095105
-0.167385
-0.195643
-0.160807
-0.088529
-0.028495
-0.018307
-0.053435
-0.096500
-0.116354
-0.096718
-0.027718
0.078055
0.168975
0.198154
0.180255
0.158241
0.140120
0.104823
0.044601
-0.025227
-0.080486
-0.101787
-0.095020
-0.089958
-0.112705
-0.175206
-0.271805
-0.374174
-0.439278
-0.429154
-0.345953
-0.237213
-0.145661
-0.063716
0.029474
0.102214
0.111673
0.073530
0.037112
0.027773
0.032659
0.029416
0.014122
-0.002274
-0.012200
-0.016145
-0.015345
-0.005510
0.016529
0.037252
0.029438
-0.021352
-0.087561
-0.117250
-0.099757
-0.073101
-0.064544
-0.070299
-0.083676
-0.108077
-0.144505
-0.181946
-0.198875
-0.177707
-0.122910
-0.066239
-0.044272
-0.057731
-0.074637
-0.077026
-0.074635
-0.084049
-0.115339
-0.159815
-0.186886
-0.169678
-0.111076
-0.037329
0.026231
0.066707
0.084891
0.093089
0.097764
0.087172
0.048640
-0.010216
-0.068024
-0.107323
-0.121081
-0.111731
-0.082515
-0.036195
0.018821
0.073249
0.123626
0.167749
0.192319
0.178879
0.119354
0.021129
-0.089754
-0.182003
-0.239462
-0.260790
-0.254568
-0.235886
-0.214347
-0.190151
-0.160149
-0.119185
-0.064035
-0.002394
0.041715
0.043577
0.006440
-0.039463
-0.059543
-0.041216
-0.001656
0.036790
0.062140
0.066468
0.045533
0.008669
-0.025267
-0.047418
-0.065530
-0.088938
-0.114714
-0.132761
-0.139931
-0.139966
-0.135888
-0.122409
-0.087848
-0.034377
0.016584
0.043243
0.045201
0.039917
0.038481
0.037766
0.030442
0.012444
-0.017412
-0.054182
-0.076911
-0.064236
-0.024422
0.014415
0.034337
0.040827
0.048342
0.061339
0.074695
0.079529
0.069756
0.043886
0.006144
-0.027383
-0.036984
-0.016790
0.026122
0.085455
0.151555
0.201588
0.218047
0.208230
0.188194
0.159559
0.111436
0.034986
-0.055474
-0.119309
-0.131675
-0.111964
-0.092869
-0.083812
-0.074271
-0.055900
-0.030495
-0.003923
0.023710
0.057741
0.098930
0.141110
0.174084
0.191993
0.198152
0.198165
0.192066
0.169203
0.115475
0.033747
-0.051252
-0.112050
-0.134718
-0.126223
-0.103332
-0.068884
-0.018532
0.033577
0.058916
0.044458
0.003695
-0.035345
-0.050987
-0.048081
-0.050183
-0.069620
-0.099268
-0.122617
-0.119166
-0.079449
-0.017487
0.036660
0.054575
0.030581
-0.011594
-0.036832
-0.029180
-0.005741
0.008649
0.008292
0.002220
-0.001462
-0.001630
0.000524
0.006889
0.018863
0.033121
0.045049
0.049726
0.046647
0.040397
0.034103
0.026939
0.013950
-0.006823
-0.029696
-0.041462
-0.031940
-0.007977
0.011175
0.009859
-0.008522
-0.026666
-0.032510
-0.022700
0.000636
0.028178
0.051342
0.069645
0.082869
0.084491
0.068851
0.041672
0.018967
0.015344
0.029336
0.045238
0.052527
0.052836
0.051400
0.050753
0.050775
0.050452
0.048778
0.046271
0.043634
0.040170
0.035053
0.022502
-0.004654
-0.038344
-0.056514
-0.047468
-0.020654
0.010540
0.037847
0.054685
0.060215
0.056831
0.043454
0.017541
-0.017951
-0.055816
-0.090783
-0.114448
-0.115317
-0.093133
-0.068076
-0.064437
-0.084148
-0.109264
-0.121950
-0.112533
-0.079687
-0.027049
0.032778
0.076270
0.093095
0.095748
0.096820
0.092942
0.071035
0.030595
-0.006312
-0.015765
-0.000699
0.012900
0.008329
-0.006612
-0.015483
-0.010785
0.009995
0.049691
0.096201
0.120822
0.112478
0.090648
0.076003
0.069191
0.059311
0.042149
0.025098
0.021166
0.046272
0.108643
0.186896
0.224237
0.173296
0.052383
-0.064804
-0.114356
-0.093667
-0.048095
-0.021460
-0.025998
-0.042844
-0.049881
-0.047072
-0.050772
-0.072868
-0.110082
-0.149031
-0.178720
-0.191815
-0.177740
-0.132125
-0.074698
-0.031591
-0.001934
0.034290
0.088072
0.147091
0.183858
0.176228
0.121134
0.037546
-0.046240
-0.115957
-0.178112
-0.240831
-0.289536
-0.291649
-0.222509
-0.077297
0.098328
0.209346
0.212257
0.161373
0.117703
0.082778
0.032183
-0.042030
-0.122345
-0.175064
-0.179757
-0.148618
-0.104491
-0.067857
-0.060512
-0.088660
-0.136673
-0.180763
-0.202693
-0.203328
-0.197400
-0.186773
-0.149611
-0.070918
0.019976
0.070250
0.066010
0.043526
0.036283
0.041904
0.042322
0.031265
0.015140
0.000386
-0.014669
-0.038984
-0.080534
-0.133337
-0.171207
-0.169847
-0.123654
-0.042059
0.042141
0.086216
0.075789
0.024445
-0.052827
-0.131924
-0.173735
-0.160345
-0.105409
-0.033111
0.031277
0.069407
0.076601
0.061168
0.037409
0.019626
0.018282
0.033479
0.051084
0.052776
0.030686
-0.008900
-0.052770
-0.093544
-0.127959
-0.145201
-0.135989
-0.108205
-0.080677
-0.066290
-0.062384
-0.057534
-0.046437
-0.033377
-0.022796
-0.012754
0.005412
0.039728
0.080385
0.098694
0.076472
0.024903
-0.029380
-0.065320
-0.079323
-0.078763
-0.069527
-0.052792
-0.026482
0.009418
0.048345
0.079692
0.094007
0.089365
0.077093
0.073847
0.083963
0.094967
0.089038
0.053294
-0.009899
-0.080218
-0.129585
-0.136036
-0.100364
-0.044219
0.012206
0.062474
0.104120
0.129876
0.138100
0.137992
0.136659
0.132702
0.122611
0.102581
0.062433
-0.000443
-0.057679
-0.071601
-0.035593
0.027604
0.090263
0.131437
0.146606
0.148037
0.144939
0.129998
0.091554
0.032850
-0.030641
-0.087842
-0.135556
-0.164364
-0.160554
-0.125742
-0.075355
-0.025616
0.010486
0.028508
0.034196
0.033338
0.027014
0.019009
0.018839
0.033230
0.058992
0.088895
0.118839
0.147371
0.172005
0.183817
0.172569
0.140649
0.107489
0.093204
0.096037
0.091889
0.056229
-0.012638
-0.090625
-0.142203
-0.137929
-0.075857
0.010865
0.073666
0.088185
0.074479
0.062333
0.051879
0.023066
-0.020122
-0.041405
-0.021498
0.014778
0.031820
0.021281
0.000827
-0.011971
-0.017422
-0.024785
-0.038183
-0.053666
-0.063143
-0.057255
-0.025968
0.034141
0.115478
0.198659
0.254891
0.264973
0.231950
0.171847
0.098331
0.018464
-0.055969
-0.110753
-0.141911
-0.157301
-0.165416
-0.165286
-0.147298
-0.105963
-0.050802
0.005742
0.057981
0.106891
0.151071
0.177895
0.175892
0.148845
0.116748
0.097965
0.092016
0.084002
0.059741
0.017957
-0.025056
-0.044416
-0.032966
-0.006745
0.010998
0.004853
-0.019937
-0.046060
-0.062740
-0.070285
-0.063868
-0.028156
0.038783
0.109838
0.151695
0.159721
0.146506
0.110791
0.049392
-0.021070
-0.081678
-0.126934
-0.150448
-0.140438
-0.087213
0.013087
0.151022
0.289473
0.376709
0.395266
0.366230
0.308325
0.207365
0.037498
-0.149239
-0.240057
-0.207866
-0.128474
-0.068991
-0.043398
-0.035939
-0.019390
0.019922
0.069536
0.112037
0.137933
0.140204
0.117420
0.077400
0.029933
-0.009911
-0.023518
-0.008275
0.020074
0.046089
0.067689
0.088929
0.104801
0.101528
0.073078
0.032637
0.002890
-0.002984
0.008646
0.020092
0.016357
-0.010492
-0.056563
-0.106075
-0.135759
-0.127964
-0.088421
-0.038952
-0.000619
0.015208
0.014783
0.016282
0.027962
0.045944
0.069769
0.099696
0.126407
0.137690
0.131318
0.110477
0.075601
0.026555
-0.029945
-0.082726
-0.117683
-0.117097
-0.079931
-0.026926
0.014532
0.027425
0.016327
-0.002651
-0.019656
-0.033069
-0.040469
-0.040473
-0.036447
-0.033931
-0.036405
-0.042292
-0.047328
-0.046236
-0.031583
0.003296
0.059087
0.118914
0.148616
0.131778
0.088853
0.053322
0.040329
0.038683
0.034287
0.033607
0.054571
0.094417
0.118870
0.098980
0.042533
-0.023277
-0.080849
-0.126641
-0.159802
-0.173347
-0.153955
-0.097369
-0.019711
0.045854
0.068596
0.051270
0.024551
0.007956
-0.001674
-0.013422
-0.024627
-0.020772
0.001939
0.025920
0.026484
-0.005102
-0.054439
-0.094711
-0.102163
-0.074713
-0.029729
0.015174
0.047661
0.062506
0.065994
0.069562
0.075940
0.080334
0.079667
0.069676
0.044698
0.000242
-0.056719
-0.108130
-0.141565
-0.148115
-0.122141
-0.065952
0.002759
0.050377
0.058657
0.040347
0.018290
0.005858
0.001192
-0.004273
-0.013232
-0.022734
-0.028711
-0.027597
-0.013958
0.012865
0.042906
0.065759
0.071727
0.054706
0.022391
-0.007856
-0.024490
-0.026582
-0.017521
0.000995
0.026837
0.046098
0.045559
0.032094
0.022758
0.021382
0.019486
0.012983
0.003547
-0.005288
-0.012998
-0.021103
-0.029733
-0.039010
-0.048092
-0.053537
-0.046832
-0.019159
0.024700
0.067139
0.090242
0.085967
0.061265
0.029310
0.001256
-0.013227
-0.007767
0.013456
0.032377
0.034887
0.025241
0.017369
0.019671
0.026505
0.025590
0.010203
-0.012685
-0.029583
-0.031691
-0.014786
0.021588
0.072518
0.121654
0.140009
0.110076
0.048503
-0.015055
-0.058363
-0.067775
-0.048430
-0.018793
0.002570
0.002428
-0.019901
-0.057330
-0.100416
-0.129932
-0.126579
-0.093028
-0.045739
0.003760
0.046538
0.071178
0.071100
0.046804
0.004914
-0.033546
-0.047517
-0.041674
-0.036565
-0.040725
-0.047772
-0.050123
-0.045565
-0.037770
-0.029029
-0.018721
-0.006619
0.009576
0.031081
0.055558
0.077108
0.087212
0.082142
0.066045
0.045249
0.022829
0.000176
-0.018721
-0.028635
-0.029094
-0.026265
-0.025488
-0.025784
-0.024641
-0.021913
-0.018224
-0.014782
-0.012244
-0.010192
-0.008658
-0.010063
-0.018928
-0.035891
-0.054709
-0.064804
-0.058409
-0.038353
-0.014654
0.006129
0.023453
0.034976
0.036069
0.030302
0.025590
0.023768
0.021974
0.017749
0.012475
0.007023
-0.000889
-0.016292
-0.042091
-0.068210
-0.076486
-0.056484
-0.015671
0.028484
0.060967
0.073001
0.065881
0.044626
0.013720
-0.019242
-0.042681
-0.048083
-0.037474
-0.015992
0.013053
0.043120
0.063176
0.062865
0.037232
-0.006479
-0.045356
-0.060360
-0.057603
-0.055542
-0.059768
-0.059842
-0.044079
-0.011278
0.028920
0.063200
0.078845
0.069177
0.042895
0.019757
0.013440
0.019268
0.023686
0.020770
0.012914
0.003091
-0.005704
-0.008533
-0.001377
0.015028
0.035142
0.052830
0.060488
0.050921
0.025184
-0.005939
-0.029372
-0.042623
-0.052814
-0.064423
-0.073912
-0.074091
-0.065270
-0.054375
-0.045395
-0.037436
-0.028107
-0.017210
-0.007653
-0.003127
-0.004201
-0.007405
-0.010183
-0.011216
-0.007421
0.004789
0.025263
0.044406
0.047261
0.028469
-0.002677
-0.032016
-0.049256
-0.052301
-0.045211
-0.032241
-0.015677
0.002509
0.018353
0.026199
0.024214
0.017560
0.011727
0.007829
0.003246
-0.003583
-0.011291
-0.019029
-0.026034
-0.032621
-0.039496
-0.045746
-0.048009
-0.039575
-0.017794
0.010943
0.036844
0.053199
0.058860
0.054433
0.038313
0.008836
-0.028695
-0.059910
-0.072251
-0.064841
-0.050064
-0.042625
-0.044293
-0.048274
-0.047879
-0.041127
-0.029952
-0.013934
0.005017
0.020251
0.024544
0.014810
-0.003178
-0.020253
-0.033197
-0.042055
-0.043516
-0.037654
-0.031315
-0.028910
-0.030082
-0.031461
-0.030164
-0.027052
-0.022370
-0.015467
-0.006942
0.000954
0.002931
-0.004330
-0.018088
-0.031875
-0.040860
-0.042565
-0.036188
-0.026972
-0.019880
-0.014430
-0.009352
-0.005158
-0.002249
0.000030
0.001182
0.001501
0.001327
0.000238
-0.001246
-0.002977
-0.004777
-0.007688
-0.011289
-0.014949
-0.020149
-0.025897
-0.032650
-0.040351
-0.048011
-0.056767
-0.064982
-0.070659
-0.071362
-0.063177
-0.049236
-0.036104
-0.024845
-0.014074
-0.003555
0.004527
0.009075
0.011581
0.012968
0.013090
0.011024
0.006674
-0.000306
-0.009816
-0.020157
-0.029984
-0.039965
-0.049364
-0.053937
-0.049365
-0.031972
-0.007460
0.010939
0.015709
0.009700
0.001576
-0.003809
-0.007957
-0.014241
-0.022848
-0.032400
-0.041731
-0.050062
-0.056460
-0.059355
-0.057978
-0.052764
-0.045132
-0.037341
-0.030147
-0.022610
-0.015226
-0.009338
-0.007236
-0.011367
-0.019100
-0.026574
-0.033934
-0.039099
-0.037878
-0.030336
-0.021974
-0.017766
-0.016914
-0.017195
-0.017500
-0.016783
-0.016012
-0.015757
-0.015066
-0.013262
-0.010017
-0.006500
-0.002359
0.001452
0.002969
0.003098
0.001730
-0.000712
-0.002539
-0.004580
-0.007578
-0.010437
-0.012854
-0.014087
-0.014154
-0.013127
-0.010793
-0.008322
-0.005636
-0.002412
0.000787
0.003355
0.004395
0.002190
-0.005153
-0.017351
-0.031101
-0.040916
-0.043191
-0.039677
-0.034278
-0.029940
-0.026864
-0.024097
-0.022147
-0.020217
-0.019105
-0.019181
-0.018144
-0.017464
-0.017655
-0.017200
-0.016646
-0.016370
-0.015985
-0.015104
-0.014265
-0.014130
-0.013687
-0.012608
-0.012053
-0.011730
-0.010954
-0.010148
-0.009690
-0.009138
-0.008380
-0.007805
-0.007299
-0.006700
-0.006050
-0.005271
-0.004617
-0.004211
-0.003741
-0.003268
-0.003511
-0.006298
-0.013199
-0.023574
-0.032157
-0.033328
-0.027531
-0.019841
-0.014595
-0.011850
-0.010205
-0.009269
-0.010505
-0.015180
-0.022189
-0.025464
-0.018274
-0.001420
0.018383
0.031479
0.032786
0.024509
0.011433
-0.001372
-0.012306
-0.022538
-0.031239
-0.035296
-0.032563
-0.024951
-0.017673
-0.012977
-0.007705
0.002847
0.017626
0.028229
0.028759
0.019920
0.004146
-0.016059
-0.033063
-0.038885
-0.035902
-0.031061
-0.027645
-0.022055
-0.008089
0.011626
0.025822
0.027494
0.019091
0.005544
-0.008270
-0.018008
-0.022577
-0.022880
-0.020658
-0.017802
-0.012257
-0.002834
0.006515
0.012753
0.012293
0.001350
-0.018479
-0.039095
-0.050720
-0.051098
-0.042745
-0.026959
-0.006489
0.014259
0.030546
0.036365
0.028266
0.008385
-0.017318
-0.037204
-0.042761
-0.041132
-0.042535
-0.047215
-0.048671
-0.037923
-0.015259
0.006656
0.016474
0.012123
0.001357
-0.006044
-0.005992
0.000330
0.008112
0.013796
0.015990
0.014240
0.009915
0.003956
-0.003258
-0.011211
-0.019201
-0.025854
-0.027969
-0.023600
-0.015204
-0.005374
0.003657
0.009231
0.010489
0.009085
0.007677
0.006962
0.006319
0.006259
0.007469
0.009709
0.012802
0.017168
0.021778
0.024172
0.023422
0.019777
0.013341
0.004818
-0.003665
-0.009930
-0.012269
-0.009857
-0.001809
0.009415
0.016325
0.014039
0.001617
-0.013877
-0.018504
-0.008404
0.009728
0.026858
0.034760
0.034285
0.031967
0.030406
0.027384
0.020587
0.011398
0.003580
0.001703
0.006432
0.014168
0.021668
0.026936
0.029568
0.030221
0.028760
0.025817
0.024210
0.024542
0.024667
0.021046
0.013380
0.006117
0.002714
0.004859
0.009896
0.012753
0.011194
0.006180
0.001769
-0.000597
-0.002220
-0.003099
-0.003700
-0.003230
-0.001105
0.001981
0.005567
0.009338
0.014639
0.021856
0.030684
0.039858
0.046532
0.049580
0.046831
0.037178
0.023769
0.010395
0.000678
-0.003234
-0.002746
0.000166
0.005000
0.012392
0.021465
0.028906
0.034461
0.038457
0.038341
0.033724
0.026317
0.016808
0.007154
-0.001013
-0.008518
-0.014005
-0.013138
-0.002965
0.011580
0.021667
0.024890
0.025075
0.026117
0.028321
0.028703
0.025533
0.022606
0.024187
0.029063
0.031657
0.026947
0.015615
0.004892
0.000048
0.000842
0.003083
0.001165
-0.003714
-0.007555
-0.009890
-0.009098
-0.001914
0.012354
0.029046
0.039793
0.041872
0.038885
0.035904
0.036644
0.038644
0.037762
0.032328
0.024171
0.018433
0.018012
0.021258
0.024121
0.023678
0.019679
0.014341
0.009983
0.006640
0.003594
0.000741
-0.001691
-0.001708
0.002901
0.010054
0.016099
0.018873
0.018418
0.015607
0.011352
0.009324
0.011114
0.014911
0.019304
0.022232
0.023934
0.026681
0.029874
0.032233
0.031850
0.027591
0.021383
0.014635
0.010122
0.011458
0.018865
0.029978
0.039400
0.043120
0.040979
0.033040
0.021993
0.011939
0.005521
0.003340
0.003649
0.005918
0.010976
0.018078
0.024240
0.026008
0.022360
0.014823
0.007225
0.002836
0.002088
0.003960
0.006521
0.008486
0.009425
0.010667
0.014153
0.020422
0.028924
0.036945
0.041024
0.038394
0.028940
0.018855
0.014279
0.013994
0.014816
0.015036
0.012919
0.010279
0.010876
0.015363
0.022083
0.028247
0.031662
0.032298
0.032157
0.033282
0.035868
0.037967
0.037783
0.036067
0.035159
0.036754
0.039274
0.039134
0.034982
0.027620
0.017989
0.006680
-0.006720
-0.019342
-0.023771
-0.017894
-0.006328
0.003073
0.005443
0.005356
0.007426
0.013259
0.022270
0.031876
0.041727
0.050518
0.055028
0.051449
0.038766
0.022358
0.008264
-0.001583
-0.007480
-0.008191
-0.002489
0.006138
0.012332
0.014057
0.013685
0.015338
0.018410
0.018500
0.013796
0.004370
-0.006241
-0.011759
-0.008688
0.002025
0.014989
0.023846
0.025396
0.020184
0.012693
0.006001
-0.000973
-0.007436
-0.011230
-0.010749
-0.006770
-0.001460
0.004661
0.009943
0.013779
0.016811
0.018103
0.016591
0.010672
0.000459
-0.009003
-0.013244
-0.013272
-0.012499
-0.011234
-0.006580
0.004344
0.020011
0.032871
0.037743
0.036902
0.034969
0.030771
0.021424
0.010149
0.002329
-0.000940
-0.002735
-0.005601
-0.009590
-0.010777
-0.005894
0.003482
0.012207
0.014310
0.009596
0.003287
-0.001103
-0.004619
-0.008882
-0.014627
-0.020440
-0.021231
-0.015658
-0.007223
0.000293
0.004305
0.005306
0.005497
0.005922
0.006596
0.007909
0.010009
0.013182
0.017444
0.021166
0.022719
0.022245
0.021802
0.022012
0.020332
0.015661
0.009395
0.003979
0.001815
0.001437
0.000122
-0.001541
-0.001798
-0.000173
0.001756
0.001481
-0.001238
-0.004089
-0.004741
-0.003019
-0.001274
-0.002308
-0.005063
-0.007149
-0.008589
-0.009598
-0.010492
-0.011185
-0.012102
-0.013862
-0.015057
-0.013551
-0.009012
-0.002576
0.004957
0.011307
0.014082
0.014707
0.015126
0.015339
0.015001
0.012398
0.006899
0.000193
-0.005712
-0.008555
-0.008768
-0.007237
-0.003458
0.001129
0.005999
0.011398
0.015319
0.016577
0.014880
0.011366
0.008950
0.006905
0.003524
-0.000245
-0.004468
-0.009083
-0.012563
-0.012374
-0.007475
-0.000986
0.003338
0.003407
0.001650
0.000085
-0.001903
-0.003610
-0.004202
-0.003745
-0.003664
-0.002151
0.001685
0.005230
0.006188
0.003021
-0.001577
-0.004524
-0.005007
-0.003356
-0.003002
-0.005709
-0.009792
-0.013271
-0.014224
-0.012310
-0.008631
-0.004487
0.000155
0.005517
0.009429
0.010105
0.007325
0.002610
-0.001898
-0.005790
-0.010422
-0.016126
-0.020455
-0.021909
-0.020259
-0.017197
-0.015204
-0.013687
-0.011579
-0.009466
-0.007843
-0.006999
-0.006774
-0.006206
-0.004295
-0.001577
0.001243
0.003360
0.003620
0.002815
0.001002
-0.001822
-0.005625
-0.009830
-0.014058
-0.019212
-0.023752
-0.025691
-0.024433
-0.020747
-0.016268
-0.011357
-0.005965
-0.000474
0.002720
0.000315
-0.005523
-0.009955
-0.011828
-0.012384
-0.012900
-0.014110
-0.014906
-0.014120
-0.013009
-0.012469
-0.012319
-0.011778
-0.009968
-0.008203
-0.007252
-0.006395
-0.006076
-0.007218
-0.010183
-0.014612
-0.018866
-0.021244
-0.022797
-0.025003
-0.027020
-0.028085
-0.027955
-0.027162
-0.026436
-0.025151
-0.022883
-0.020218
-0.018668
-0.019007
-0.018990
-0.016692
-0.013506
-0.010384
-0.007652
-0.006834
-0.007422
-0.008734
-0.011322
-0.014233
-0.016933
-0.019699
-0.020890
-0.019026
-0.015985
-0.014145
-0.015581
-0.019901
-0.023627
-0.023886
-0.019519
-0.011817
-0.003327
0.002933
0.003720
-0.001847
-0.010931
-0.020015
-0.026405
-0.028316
-0.026496
-0.023643
-0.021694
-0.020969
-0.021309
-0.022041
-0.022138
-0.020698
-0.018690
-0.017831
-0.016850
-0.014783
-0.011756
-0.008309
-0.006138
-0.006419
-0.009543
-0.014202
-0.018382
-0.019897
-0.018205
-0.015171
-0.012120
-0.009784
-0.009038
-0.009482
-0.009855
-0.009950
-0.008847
-0.006263
-0.003551
-0.001475
-0.000375
-0.000889
-0.002937
-0.006082
-0.011656
-0.018884
-0.024430
-0.026377
-0.024700
-0.021763
-0.018828
-0.015016
-0.010571
-0.006226
-0.003308
-0.002570
-0.002356
-0.001258
0.000188
0.000725
-0.001084
-0.006180
-0.013312
-0.020890
-0.027672
-0.031075
-0.030326
-0.026326
-0.020441
-0.015592
-0.012834
-0.010962
-0.009164
-0.006321
-0.001852
0.003414
0.006679
0.005641
0.001931
-0.002059
-0.003875
-0.003341
-0.001788
0.000750
0.003234
0.005643
0.007308
0.006871
0.004854
0.001744
-0.001370
-0.004040
-0.007846
-0.013324
-0.018495
-0.020822
-0.019673
-0.015836
-0.010963
-0.006763
-0.003126
0.000245
0.003621
0.006498
0.008116
0.008637
0.007566
0.005640
0.004375
0.004690
0.006208
0.006728
0.004252
0.000251
-0.003095
-0.005540
-0.007260
-0.009884
-0.013655
-0.017310
-0.018888
-0.017151
-0.013411
-0.009645
-0.007077
-0.005659
-0.005333
-0.005248
-0.004915
-0.004345
-0.003111
-0.001522
0.000510
0.003473
0.007183
0.010487
0.012069
0.011076
0.007078
0.001645
-0.003471
-0.007137
-0.008521
-0.008064
-0.005080
0.000457
0.005911
0.008365
0.007087
0.003527
-0.000683
-0.005615
-0.010800
-0.013868
-0.013907
-0.012146
-0.010441
-0.009227
-0.007902
-0.005873
-0.003668
-0.002412
-0.001627
-0.000348
0.001501
0.003827
0.006311
0.007588
0.007345
0.006689
0.005823
0.004375
0.001688
-0.002352
-0.006139
-0.009230
-0.011140
-0.010109
-0.006898
-0.002555
0.002703
0.007331
0.009907
0.009812
0.007680
0.003868
-0.001537
-0.006134
-0.008986
-0.010858
-0.010643
-0.008500
-0.006036
-0.004313
-0.004400
-0.006133
-0.008004
-0.007484
-0.002839
0.004719
0.012520
0.017624
0.017891
0.014259
0.010175
0.008036
0.007287
0.006019
0.003439
0.000983
0.000175
-0.000315
-0.002569
-0.005960
-0.007794
-0.006177
-0.001628
0.003197
0.005603
0.005022
0.002479
-0.001400
-0.005941
-0.009983
-0.012074
-0.011116
-0.007883
-0.003859
-0.000713
0.000684
0.001347
0.002760
0.005238
0.007143
0.006375
0.002716
-0.000883
-0.000888
0.002713
0.007233
0.010036
0.010329
0.009331
0.008333
0.008054
0.008523
0.009055
0.009595
0.010256
0.010596
0.010804
0.010734
0.009490
0.007364
0.005735
0.005435
0.006177
0.006797
0.006241
0.004890
0.004113
0.004779
0.006510
0.007631
0.006536
0.004250
0.002656
0.002002
0.001459
0.000528
-0.000459
-0.000089
0.003109
0.007883
0.012172
0.014807
0.015287
0.014293
0.012579
0.010122
0.007099
0.004122
0.001865
0.001173
0.002353
0.004783
0.007503
0.009290
0.009130
0.007791
0.006843
0.007136
0.008341
0.009822
0.011116
0.012535
0.014930
0.017456
0.019402
0.020801
0.021741
0.021851
0.019708
0.015083
0.009903
0.006347
0.004736
0.004109
0.003980
0.004141
0.004973
0.006405
0.006793
0.005292
0.003323
0.003133
0.005383
0.008926
0.011929
0.013532
0.014277
0.014725
0.015266
0.016256
0.016699
0.015355
0.011827
0.006999
0.003973
0.003812
0.004507
0.004626
0.004119
0.004133
0.005522
0.008267
0.011594
0.013865
0.013954
0.011472
0.007918
0.005876
0.005875
0.006301
0.005972
0.005430
0.006092
0.008525
0.011377
0.013159
0.013365
0.012723
0.011977
0.011231
0.010162
0.008234
0.006000
0.003678
0.001835
0.001628
0.002532
0.004284
0.006723
0.008623
0.009149
0.007722
0.004135
-0.000949
-0.005193
-0.005589
-0.001540
0.004884
0.010542
0.013331
0.013174
0.011105
0.008323
0.005537
0.003482
0.002562
0.002759
0.004301
0.006651
0.008419
0.008526
0.007055
0.005127
0.004333
0.004992
0.006476
0.008521
0.010575
0.011639
0.010594
0.008260
0.006555
0.006109
0.006680
0.007403
0.007650
0.007305
0.007113
0.007285
0.006929
0.006029
0.004473
0.002712
0.002024
0.002689
0.004729
0.008297
0.012120
0.014523
0.015581
0.015803
0.015299
0.013710
0.011002
0.008365
0.006193
0.004094
0.001804
-0.000906
-0.003010
-0.003437
-0.002586
-0.001653
-0.001431
-0.001464
-0.001231
-0.000403
0.000769
0.001236
0.000612
-0.000877
-0.002577
-0.002555
0.000020
0.003471
0.006097
0.006796
0.005431
0.002933
0.000400
-0.002398
-0.005764
-0.007522
-0.006282
-0.003339
-0.000375
0.001118
0.000502
-0.000237
0.000750
0.002735
0.004297
0.004537
0.003231
0.000555
-0.002295
-0.004686
-0.006653
-0.007645
-0.007496
-0.006522
-0.005392
-0.004877
-0.005120
-0.005489
-0.005607
-0.006083
-0.007550
-0.009160
-0.010046
-0.009720
-0.008448
-0.007456
-0.007146
-0.007646
-0.008915
-0.010619
-0.012478
-0.014409
-0.015365
-0.014178
-0.011480
-0.007997
-0.004453
-0.002104
-0.001392
-0.002299
-0.004100
-0.005651
-0.006691
-0.006738
-0.005706
-0.003943
-0.001986
-0.001706
-0.003728
-0.007601
-0.013535
-0.020590
-0.027065
-0.031476
-0.033204
-0.032561
-0.029908
-0.025829
-0.021319
-0.016703
-0.011409
-0.005994
-0.002107
-0.001198
-0.003866
-0.008916
-0.013799
-0.016612
-0.016984
-0.016370
-0.016847
-0.018665
-0.020953
-0.021881
-0.019792
-0.015236
-0.010429
-0.007813
-0.007979
-0.010215
-0.013604
-0.017303
-0.020974
-0.023813
-0.024418
-0.022107
-0.017813
-0.013536
-0.010436
-0.009223
-0.010005
-0.011267
-0.011652
-0.010811
-0.009617
-0.009240
-0.010266
-0.012301
-0.014134
-0.015305
-0.015719
-0.015784
-0.015626
-0.014362
-0.011633
-0.008354
-0.005915
-0.005084
-0.005555
-0.005914
-0.005690
-0.005563
-0.005949
-0.006427
-0.005976
-0.004923
-0.005067
-0.007679
-0.011330
-0.012852
-0.011768
-0.010879
-0.012419
-0.015231
-0.016207
-0.014549
-0.011934
-0.010853
-0.012757
-0.015927
-0.017507
-0.016092
-0.013251
-0.011576
-0.011690
-0.012768
-0.013379
-0.013157
-0.013309
-0.013994
-0.014208
-0.013593
-0.012516
-0.011516
-0.010812
-0.010103
-0.009064
-0.008178
-0.007855
-0.007273
-0.005532
-0.003040
-0.001451
-0.002388
-0.004923
-0.006693
-0.006654
-0.005983
-0.006713
-0.008014
-0.007720
-0.005149
-0.001758
-0.000010
-0.000217
-0.001065
-0.001689
-0.001997
-0.002344
-0.002691
-0.002478
-0.001644
-0.000268
0.001599
0.003338
0.004456
0.005123
0.005707
0.006373
0.007145
0.007563
0.006659
0.004183
0.001233
-0.000813
-0.001328
-0.000084
0.002323
0.004469
0.006067
0.007577
0.009188
0.010602
0.010909
0.009940
0.008538
0.007373
0.006375
0.005377
0.004244
0.003080
0.003105
0.004897
0.007924
0.011830
0.015950
0.019019
0.019878
0.018544
0.015629
0.011999
0.008587
0.005855
0.004494
0.005027
0.006944
0.009559
0.012436
0.014759
0.016330
0.017711
0.018590
0.018396
0.016888
0.014143
0.011527
0.010188
0.010632
0.012697
0.014787
0.015499
0.014530
0.012681
0.010752
0.009041
0.008364
0.009399
0.011075
0.011667
0.010579
0.009520
0.011175
0.015380
0.019490
0.021538
0.021335
0.019644
0.017532
0.015565
0.013630
0.012012
0.011934
0.013850
0.016671
0.019516
0.021343
0.021028
0.018869
0.016181
0.013956
0.012251
0.010952
0.010503
0.011404
0.012686
0.013028
0.012480
0.011624
0.011376
0.011819
0.011529
0.009963
0.008313
0.007768
0.008906
0.010856
0.011867
0.011152
0.009378
0.007887
0.007563
0.009054
0.011706
0.014113
0.015746
0.016724
0.017334
0.017530
0.017194
0.016713
0.016499
0.016346
0.016118
0.015620
0.014976
0.014923
0.015382
0.015568
0.015008
0.013579
0.011753
0.010150
0.008716
0.007341
0.005882
0.004417
0.003160
0.001744
0.000310
-0.000185
0.000817
0.003107
0.005700
0.007575
0.009315
0.012233
0.015795
0.018384
0.019126
0.017937
0.015510
0.012719
0.009929
0.007450
0.005808
0.005522
0.006448
0.007812
0.008833
0.008306
0.005732
0.002163
-0.000987
-0.002919
-0.003844
-0.004320
-0.004562
-0.004543
-0.003698
-0.001391
0.002118
0.005574
0.007506
0.007469
0.005902
0.003782
0.001839
0.000011
-0.001633
-0.002193
-0.001031
0.001364
0.004017
0.005754
0.006602
0.007496
0.008555
0.008808
0.007343
0.004798
0.002565
0.001492
0.001591
0.002400
0.003295
0.003926
0.004131
0.003926
0.004083
0.005561
0.008092
0.009969
0.010161
0.009128
0.007455
0.005495
0.003541
0.001777
0.000494
-0.000037
0.000102
0.000419
0.000626
0.000836
0.000691
-0.000274
-0.001576
-0.002330
-0.001966
-0.000941
-0.000390
-0.000443
-0.000609
-0.000247
0.000882
0.001851
0.001926
0.001413
0.001186
0.001914
0.003389
0.004395
0.003634
0.001145
-0.001840
-0.003851
-0.004325
-0.003558
-0.001892
0.000285
0.002797
0.005006
0.005984
0.005210
0.002206
-0.002234
-0.006112
-0.007962
-0.007379
-0.006084
-0.006223
-0.007195
-0.006829
-0.004438
-0.001883
-0.001682
-0.004563
-0.008239
-0.009636
-0.008393
-0.006479
-0.006194
-0.007631
-0.008289
-0.006857
-0.004830
-0.004990
-0.008193
-0.012038
-0.013516
-0.011503
-0.008221
-0.006620
-0.006576
-0.006287
-0.005189
-0.004410
-0.005520
-0.008343
-0.010826
-0.011341
-0.010104
-0.008262
-0.006322
-0.004679
-0.003862
-0.004619
-0.007367
-0.010915
-0.013717
-0.015442
-0.016690
-0.018009
-0.018925
-0.018031
-0.014582
-0.008614
-0.001634
0.002739
0.001645
-0.004485
-0.011263
-0.013688
-0.011321
-0.008078
-0.007423
-0.009133
-0.010689
-0.010129
-0.007677
-0.005570
-0.005369
-0.006843
-0.008556
-0.008843
-0.007850
-0.007005
-0.007524
-0.008995
-0.009184
-0.007280
-0.004858
-0.003769
-0.004915
-0.007888
-0.010875
-0.011861
-0.010852
-0.009277
-0.008176
-0.008030
-0.008138
-0.007164
-0.004760
-0.001589
0.001072
0.001558
-0.000375
-0.003191
-0.005155
-0.004808
-0.002401
0.000064
0.001203
0.001063
0.000217
-0.000700
-0.001721
-0.003379
-0.005491
-0.006706
-0.005812
-0.002939
0.000974
0.004308
0.006269
0.007110
0.006647
0.004770
0.001769
-0.001806
-0.004958
-0.006648
-0.006322
-0.004480
-0.002365
-0.000942
-0.000247
0.000516
0.001618
0.002531
0.002621
0.001824
0.000868
0.000033
-0.000867
-0.001678
-0.002206
-0.001925
-0.000792
0.000392
0.001138
0.000937
-0.000314
-0.002061
-0.003085
-0.003150
-0.003585
-0.004477
-0.004687
-0.003658
-0.002035
-0.000959
-0.001077
-0.002283
-0.004170
-0.005861
-0.006101
-0.004445
-0.001579
0.001464
0.003868
0.005150
0.005484
0.005623
0.006322
0.007198
0.006927
0.005214
0.003040
0.001614
0.001034
0.000507
-0.000188
-0.000618
0.000473
0.002971
0.004639
0.004593
0.003809
0.003953
0.005467
0.006444
0.005829
0.004707
0.004440
0.005621
0.007382
0.008691
0.009702
0.010278
0.009805
0.007941
0.005146
0.003118
0.002757
0.003297
0.003821
0.003958
0.003920
0.004059
0.004028
0.003041
0.001304
-0.000133
-0.000708
-0.000206
0.001008
0.001526
0.000478
-0.001424
-0.002892
-0.003222
-0.002265
-0.000857
-0.000101
0.000237
0.001101
0.002843
0.004661
0.005047
0.003197
0.000163
-0.002798
-0.004910
-0.005654
-0.005112
-0.003423
-0.001204
0.000441
0.000677
-0.000895
-0.003858
-0.006785
-0.008016
-0.006928
-0.004650
-0.002641
-0.001537
-0.000973
-0.000619
-0.000492
-0.000723
-0.001098
-0.000919
-0.000485
-0.000630
-0.001898
-0.003842
-0.005808
-0.007565
-0.008979
-0.009769
-0.009090
-0.007452
-0.006000
-0.005162
-0.004912
-0.004898
-0.005233
-0.006406
-0.008412
-0.009860
-0.009708
-0.008531
-0.007550
-0.007312
-0.007530
-0.007600
-0.006984
-0.005981
-0.005358
-0.005725
-0.006964
-0.008234
-0.008884
-0.008812
-0.007969
-0.006834
-0.006454
-0.007059
-0.007938
-0.008756
-0.009691
-0.010915
-0.012619
-0.013860
-0.013632
-0.012046
-0.009751
-0.007759
-0.006201
-0.005091
-0.004609
-0.004534
-0.004641
-0.004570
-0.004616
-0.005049
-0.005638
-0.006515
-0.007557
-0.007865
-0.006899
-0.004978
-0.003112
-0.002277
-0.002040
-0.001610
-0.000828
-0.000333
-0.000993
-0.002801
-0.005054
-0.006917
-0.008126
-0.008536
-0.007672
-0.005352
-0.002295
0.000416
0.002434
0.004271
0.006259
0.007284
0.006276
0.004091
0.002061
0.000752
-0.000298
-0.001897
-0.003217
-0.002951
-0.000886
0.001671
0.003059
0.003060
0.001888
0.000209
-0.001052
-0.001856
-0.002044
-0.001171
0.000999
0.004101
0.006966
0.008671
0.008388
0.006169
0.003642
0.002168
0.001845
0.001493
-0.000370
-0.003061
-0.004242
-0.002749
0.000155
0.002466
0.003208
0.001949
-0.000229
-0.002032
-0.003975
-0.006723
-0.009698
-0.011271
-0.011228
-0.009999
-0.007446
-0.005141
-0.003367
-0.001471
-0.000724
-0.001181
-0.001927
-0.003203
-0.004760
-0.005800
-0.006059
-0.005229
-0.003568
-0.001809
-0.000470
0.000116
-0.000117
-0.001064
-0.002730
-0.005201
-0.007581
-0.008856
-0.008655
-0.007298
-0.005529
-0.004268
-0.004035
-0.004573
-0.005828
-0.006952
-0.007341
-0.006876
-0.005195
-0.003012
-0.001250
-0.000042
0.000816
0.001368
0.001365
0.000222
-0.002341
-0.005428
-0.008042
-0.009030
-0.007988
-0.006650
-0.006125
-0.006643
-0.008095
-0.009521
-0.009898
-0.009068
-0.007538
-0.005526
-0.003382
-0.001651
-0.000988
-0.001447
-0.002432
-0.003365
-0.003333
-0.001736
0.000403
0.001914
0.002280
0.001747
0.001832
0.002715
0.003705
0.004934
0.005679
0.005604
0.005416
0.004638
0.003351
0.002151
0.000765
-0.000468
-0.001426
-0.001599
-0.000334
0.001611
0.002811
0.002027
0.000103
-0.000769
0.000303
0.001913
0.002306
0.001536
0.000608
0.000427
0.000999
0.001573
0.001235
-0.000168
-0.001220
-0.001055
-0.000413
-0.000210
-0.000543
-0.001227
-0.001696
-0.001044
-0.000141
-0.000069
-0.000174
0.000461
0.002141
0.004447
0.006345
0.006920
0.006677
0.006300
0.005486
0.004248
0.002924
0.001767
0.001103
0.001370
0.002327
0.002974
0.002968
0.002093
0.000489
-0.000696
-0.000770
0.000217
0.001784
0.003047
0.003459
0.003411
0.003425
0.003340
0.002708
0.001589
0.000619
0.000209
0.000286
0.000899
0.001817
0.002186
0.001516
0.000187
-0.001184
-0.002394
-0.003352
-0.003478
-0.002835
-0.001647
0.000068
0.001142
0.001324
0.000995
0.000371
0.000273
0.000189
-0.001008
-0.003053
-0.004721
-0.005589
-0.005983
-0.005436
-0.003556
-0.000977
0.000703
0.000645
-0.000817
-0.002680
-0.003442
-0.002870
-0.001430
0.000328
0.001972
0.004158
0.006775
0.008468
0.008846
0.007732
0.005920
0.005017
0.005120
0.005764
0.006012
0.005432
0.004690
0.004482
0.005211
0.005974
0.005692
0.004538
0.003223
0.002165
0.001568
0.001462
0.001876
0.002617
0.003331
0.003905
0.003783
0.003376
0.003273
0.003673
0.004160
0.003426
0.002921
0.004027
0.005597
0.006432
0.005425
0.003261
0.001668
0.001463
0.002039
0.001684
0.000077
-0.001701
-0.002301
-0.001426
0.000256
0.002086
0.003571
0.005217
0.007456
0.009535
0.010506
0.010467
0.010086
0.009714
0.009221
0.008148
0.006769
0.005616
0.004725
0.004239
0.004210
0.004399
0.004860
0.005028
0.003920
0.001878
-0.000087
-0.001370
-0.001813
-0.001781
-0.001667
-0.001628
-0.001697
-0.001762
-0.001579
-0.000976
-0.000503
-0.000614
-0.001235
-0.001688
-0.000906
0.001329
0.004422
0.007561
0.009952
0.010732
0.009348
0.006680
0.005098
0.006501
0.010609
0.015003
0.017223
0.016038
0.011145
0.003857
-0.002836
-0.006246
-0.006709
-0.006478
-0.007218
-0.008696
-0.009299
-0.008627
-0.007075
-0.004212
0.000619
0.006559
0.011195
0.012656
0.010969
0.007795
0.004683
0.002190
0.000266
-0.001578
-0.002522
-0.001595
0.000717
0.003574
0.006092
0.007635
0.007985
0.007436
0.006104
0.004230
0.002154
-0.000070
-0.001939
-0.002622
-0.001367
0.000917
0.001906
0.000634
-0.002074
-0.004827
-0.007073
-0.008964
-0.010104
-0.010348
-0.009892
-0.008770
-0.006973
-0.005117
-0.004299
-0.003967
-0.003150
-0.002441
-0.002354
-0.002679
-0.002726
-0.001125
0.001918
0.004688
0.005929
0.005476
0.004203
0.003162
0.002835
0.002834
0.002969
0.002905
0.002011
0.000263
-0.001967
-0.003780
-0.005079
-0.006671
-0.008280
-0.009226
-0.009442
-0.009199
-0.008678
-0.007300
-0.004649
-0.001901
-0.000528
-0.001016
-0.002536
-0.003853
-0.004622
-0.005131
-0.005620
-0.006047
-0.006381
-0.006793
-0.007481
-0.007983
-0.007638
-0.006190
-0.004342
-0.003252
-0.003421
-0.004968
-0.007737
-0.011111
-0.013751
-0.014351
-0.013170
-0.011456
-0.010335
-0.010569
-0.011990
-0.013765
-0.014841
-0.014950
-0.014409
-0.013206
-0.011544
-0.009564
-0.007723
-0.006637
-0.006461
-0.007121
-0.007782
-0.007563
-0.006377
-0.004742
-0.003357
-0.002517
-0.002284
-0.002564
-0.002997
-0.003642
-0.004722
-0.005899
-0.006905
-0.007482
-0.007465
-0.007055
-0.006219
-0.005069
-0.004068
-0.003314
-0.002412
-0.001381
-0.000678
-0.000845
-0.001945
-0.002839
-0.002639
-0.001390
0.000177
0.001004
0.001059
0.000905
0.000974
0.001834
0.003047
0.004099
0.004816
0.004379
0.003270
0.002578
0.002351
0.002303
0.002045
0.001566
0.001196
0.001090
0.001462
0.001874
0.002093
0.002368
0.002379
0.002198
0.001842
0.001058
-0.000331
-0.002195
-0.003659
-0.004576
-0.005298
-0.005634
-0.005528
-0.004846
-0.003722
-0.002975
-0.003018
-0.003278
-0.003196
-0.002568
-0.001388
-0.000142
0.001089
0.002359
0.003244
0.003543
0.003078
0.001990
0.001195
0.001607
0.002898
0.003878
0.003644
0.001717
-0.001300
-0.004004
-0.005180
-0.004447
-0.002584
-0.000929
-0.000376
-0.001118
-0.002880
-0.004399
-0.005047
-0.005475
-0.005586
-0.005103
-0.003996
-0.002126
-0.000037
0.001540
0.002326
0.002274
0.001579
0.000725
0.000201
0.000239
0.001038
0.002147
0.002637
0.002334
0.001843
0.001657
0.001745
0.001650
0.000790
-0.000298
-0.000357
0.001122
0.003293
0.004932
0.005386
0.004849
0.004236
0.004111
0.004710
0.005508
0.005904
0.005588
0.004336
0.002655
0.000917
-0.000548
-0.001344
-0.001482
-0.001251
-0.000837
-0.000300
0.000130
0.000544
0.001556
0.003626
0.006340
0.008757
0.009788
0.009293
0.008105
0.006956
0.006056
0.005308
0.004635
0.003764
0.002967
0.002749
0.003086
0.003652
0.004322
0.004760
0.004875
0.004787
0.004460
0.003997
0.003573
0.003675
0.004384
0.005706
0.007212
0.008146
0.008556
0.008894
0.009558
0.010417
0.011204
0.011700
0.011272
0.010216
0.009036
0.007430
0.005915
0.005122
0.005234
0.006011
0.006644
0.006813
0.006612
0.005902
0.004925
0.004218
0.003884
0.004309
0.005317
0.006220
0.006865
0.007109
0.007311
0.007937
0.008913
0.010121
0.011263
0.011719
0.011415
0.010722
0.009414
0.007284
0.005357
0.004584
0.004574
0.004706
0.004359
0.003493
0.003123
0.003762
0.004692
0.004929
0.004196
0.002680
0.001187
0.000771
0.001725
0.003127
0.003622
0.003418
0.003555
0.004276
0.004955
0.004885
0.003897
0.002607
0.001972
0.002400
0.003281
0.003439
0.002588
0.001429
0.001049
0.001408
0.001234
0.000166
-0.001121
-0.001345
0.000054
0.001813
0.002710
0.002846
0.002840
0.002987
0.003254
0.003629
0.004096
0.004466
0.004407
0.003677
0.002352
0.000955
0.000305
0.000884
0.002608
0.004500
0.005377
0.004823
0.003618
0.002799
0.002334
0.001864
0.000537
-0.001856
-0.004269
-0.005840
-0.005941
-0.004913
-0.003509
-0.002114
-0.001222
-0.000488
0.000472
0.001011
0.000755
0.000355
0.000498
0.001032
0.001566
0.001873
0.002002
0.002272
0.003170
0.004613
0.005914
0.006795
0.007159
0.006938
0.005823
0.004020
0.002810
0.002996
0.004183
0.005183
0.005222
0.004536
0.003581
0.002924
0.002942
0.003506
0.004367
0.005087
0.005483
0.005964
0.006805
0.007856
0.008524
0.008325
0.007514
0.006452
0.005456
0.004686
0.004165
0.004188
0.004963
0.006515
0.008372
0.009320
0.008753
0.007251
0.005399
0.003500
0.001792
0.000306
-0.000276
0.000727
0.003095
0.006432
0.009548
0.011561
0.012399
0.012278
0.011664
0.010564
0.009015
0.007079
0.005352
0.004874
0.005539
0.006497
0.007600
0.009047
0.010460
0.010971
0.010333
0.009066
0.007613
0.005979
0.004261
0.002890
0.002123
0.002028
0.002689
0.004010
0.005274
0.005752
0.005578
0.005474
0.005766
0.006222
0.006404
0.006082
0.005556
0.005107
0.004335
0.002863
0.001035
-0.000161
0.000045
0.001242
0.002257
0.002152
0.001279
0.000339
-0.000459
-0.000888
-0.001242
-0.001829
-0.002566
-0.003254
-0.003590
-0.003463
-0.003204
-0.003324
-0.003776
-0.003781
-0.002736
-0.001190
-0.000045
0.000415
0.000129
-0.000475
-0.000775
-0.000826
-0.000439
0.000249
0.000417
-0.000187
-0.000962
-0.001273
-0.001493
-0.002176
-0.003138
-0.003973
-0.004284
-0.003807
-0.003182
-0.003040
-0.003339
-0.003692
-0.003751
-0.004147
-0.005367
-0.006887
-0.008144
-0.008925
-0.009231
-0.009113
-0.008646
-0.008170
-0.008081
-0.008583
-0.009258
-0.009634
-0.009747
-0.009565
-0.008870
-0.007822
-0.007451
-0.007976
-0.008517
-0.008426
-0.007668
-0.006966
-0.007033
-0.007990
-0.009344
-0.010486
-0.011236
-0.011749
-0.011981
-0.011775
-0.011173
-0.010309
-0.009856
-0.010038
-0.010169
-0.009677
-0.008480
-0.007319
-0.006867
-0.007135
-0.007702
-0.007940
-0.007472
-0.006558
-0.005849
-0.005749
-0.006427
-0.007418
-0.007850
-0.007679
-0.007278
-0.006870
-0.006951
-0.007618
-0.008445
-0.009230
-0.009911
-0.010429
-0.010677
-0.010327
-0.009532
-0.009112
-0.009317
-0.009319
-0.008431
-0.007135
-0.006516
-0.006714
-0.006795
-0.006355
-0.005350
-0.003837
-0.002529
-0.001822
-0.001680
-0.002018
-0.002399
-0.002708
-0.002895
-0.002647
-0.002162
-0.001667
-0.001230
-0.001035
-0.001245
-0.002047
-0.002958
-0.003368
-0.003227
-0.002771
-0.002335
-0.002096
-0.002143
-0.002250
-0.002368
-0.002917
-0.003840
-0.004342
-0.003956
-0.002824
-0.001735
-0.001504
-0.001781
-0.001800
-0.001196
-0.000118
0.001081
0.002057
0.002446
0.002176
0.001513
0.000741
0.000089
-0.000120
0.000184
0.000624
0.000797
0.000654
0.000249
-0.000533
-0.001428
-0.001901
-0.001567
-0.000593
0.000355
0.000776
0.000664
0.000666
0.001341
0.002145
0.002291
0.001667
0.000732
0.000266
0.000324
0.000473
0.000573
0.000634
0.000815
0.001125
0.001378
0.001521
0.001740
0.002309
0.003377
0.004675
0.005746
0.006935
0.008456
0.009664
0.010186
0.010154
0.009788
0.009371
0.009047
0.008371
0.007273
0.006254
0.005701
0.005705
0.005818
0.005777
0.005732
0.005876
0.005935
0.005557
0.004941
0.004327
0.004101
0.004197
0.004183
0.004294
0.004738
0.005533
0.006478
0.006938
0.006318
0.004230
0.001132
-0.001616
-0.003353
-0.004295
-0.004404
-0.004013
-0.003485
-0.002816
-0.002508
-0.002932
-0.003803
-0.004884
-0.006128
-0.006893
-0.006640
-0.005980
-0.005908
-0.006610
-0.007348
-0.007476
-0.006893
-0.005991
-0.005123
-0.004205
-0.003191
-0.002359
-0.002134
-0.002588
-0.003520
-0.004693
-0.005615
-0.006069
-0.006436
-0.006871
-0.007162
-0.007187
-0.006783
-0.005779
-0.004529
-0.003612
-0.003221
-0.003395
-0.004091
-0.004756
-0.004999
-0.005133
-0.005187
-0.004924
-0.004540
-0.004478
-0.004937
-0.005703
-0.006122
-0.005744
-0.004963
-0.004605
-0.004936
-0.005308
-0.005347
-0.005222
-0.005267
-0.005894
-0.006840
-0.007298
-0.007000
-0.006556
-0.006443
-0.006531
-0.006571
-0.006740
-0.007631
-0.008969
-0.009782
-0.009755
-0.009277
-0.008966
-0.009276
-0.010115
-0.011072
-0.011823
-0.012091
-0.011816
-0.011194
-0.010155
-0.008508
-0.006399
-0.004445
-0.003228
-0.002907
-0.003371
-0.004061
-0.004245
-0.003601
-0.002782
-0.002721
-0.003419
-0.004234
-0.004522
-0.004049
-0.003142
-0.002215
-0.001411
-0.000786
-0.000571
-0.000985
-0.001682
-0.002322
-0.003089
-0.003764
-0.003672
-0.002494
-0.000911
0.000004
0.000385
0.000791
0.001234
0.001306
0.000249
-0.001860
-0.003987
-0.005236
-0.005328
-0.004866
-0.004585
-0.004652
-0.005052
-0.005472
-0.005372
-0.004562
-0.003186
-0.001761
-0.001038
-0.001199
-0.001548
-0.001753
-0.002065
-0.002379
-0.002609
-0.002748
-0.002536
-0.002013
-0.001667
-0.001825
-0.002406
-0.002856
-0.002759
-0.002563
-0.002638
-0.002666
-0.002677
-0.003001
-0.003694
-0.004391
-0.004421
-0.003918
-0.003560
-0.003578
-0.003632
-0.003126
-0.001952
-0.000658
0.000245
0.000603
0.000575
0.000497
0.000701
0.001371
0.002085
0.002375
0.002242
0.001890
0.001727
0.002038
0.002697
0.003124
0.002734
0.001555
0.000001
-0.001564
-0.002980
-0.003962
-0.004200
-0.003825
-0.003071
-0.002247
-0.001456
-0.000442
0.000641
0.001381
0.001555
0.001509
0.001765
0.002326
0.002923
0.003281
0.003562
0.004070
0.004737
0.005397
0.006027
0.006878
0.007927
0.008728
0.008840
0.007948
0.006347
0.004823
0.003755
0.003008
0.002473
0.002235
0.002332
0.002725
0.003401
0.004087
0.004540
0.004771
0.004818
0.004669
0.004172
0.003376
0.002586
0.002157
0.002080
0.001995
0.001735
0.001405
0.001204
0.001265
0.001792
0.002784
0.003797
0.004450
0.004612
0.004402
0.004381
0.004712
0.004944
0.005205
0.005764
0.006393
0.006583
0.005850
0.004377
0.002784
0.001858
0.001843
0.002388
0.003320
0.004504
0.005567
0.005882
0.005287
0.003982
0.002497
0.001742
0.001922
0.002512
0.002818
0.002396
0.001454
0.000543
-0.000118
-0.000544
-0.000855
-0.001095
-0.000931
-0.000346
0.000219
0.000543
0.000841
0.001243
0.001603
0.001745
0.001523
0.001176
0.000938
0.000970
0.001597
0.002622
0.003626
0.004124
0.003871
0.003539
0.003685
0.004146
0.004622
0.004863
0.004699
0.004513
0.004731
0.005273
0.005871
0.006209
0.006319
0.006427
0.006559
0.006806
0.007191
0.007559
0.007943
0.008442
0.008899
0.008705
0.007264
0.004728
0.001970
0.000097
-0.000402
-0.000068
0.000550
0.001581
0.003229
0.005097
0.006480
0.006762
0.006018
0.005478
0.005681
0.005990
0.005889
0.005108
0.004173
0.004048
0.004414
0.004535
0.004227
0.003630
0.003235
0.003146
0.003178
0.003339
0.003578
0.003756
0.003700
0.003282
0.002760
0.002606
0.002822
0.002916
0.002749
0.002694
0.002874
0.003173
0.003531
0.004235
0.005784
0.007610
0.008650
0.008468
0.007299
0.005905
0.005025
0.004669
0.004492
0.004530
0.004556
0.004220
0.003581
0.002851
0.002274
0.001675
0.000798
-0.000092
-0.000787
-0.001345
-0.001967
-0.002492
-0.002448
-0.002128
-0.002031
-0.002248
-0.002391
-0.001921
-0.001213
-0.000443
0.000549
0.001273
0.001429
0.001181
0.000841
0.000843
0.001204
0.001383
0.001201
0.000834
0.000421
0.000057
-0.000391
-0.000833
-0.000962
-0.000998
-0.001041
-0.000688
0.000231
0.001576
0.002887
0.003531
0.003255
0.002189
0.000717
-0.000608
-0.001396
-0.001839
-0.002486
-0.003231
-0.003474
-0.002999
-0.002043
-0.000974
-0.000052
0.000560
0.000787
0.000651
0.000350
0.000244
0.000189
-0.000035
-0.000344
-0.000575
-0.000285
0.000622
0.001898
0.003177
0.003723
0.003145
0.002288
0.002215
0.002953
0.003602
0.003579
0.003350
0.003503
0.003886
0.003976
0.003859
0.003747
0.003754
0.003790
0.003879
0.004029
0.003749
0.003272
0.002967
0.002773
0.002852
0.003132
0.003449
0.003936
0.004547
0.005132
0.005611
0.005904
0.006011
0.006049
0.006052
0.005852
0.005482
0.005043
0.004493
0.004185
0.004375
0.004923
0.005587
0.005849
0.005703
0.005561
0.005583
0.005618
0.005562
0.005555
0.005584
0.005650
0.005605
0.005217
0.004764
0.004696
0.005210
0.005834
0.005728
0.004982
0.003984
0.003144
0.003116
0.003680
0.004188
0.004460
0.004847
0.005798
0.007144
0.008242
0.008498
0.007995
0.007190
0.006193
0.005289
0.004654
0.003983
0.003393
0.003254
0.003245
0.003093
0.002639
0.001721
0.000609
-0.000345
-0.000847
-0.001174
-0.001483
-0.001754
-0.002202
-0.002570
-0.002580
-0.002380
-0.002146
-0.001648
-0.000782
0.000214
0.001191
0.001832
0.001837
0.001236
0.000451
0.000136
0.000318
0.000581
0.000833
0.001023
0.001246
0.001579
0.001771
0.001588
0.000985
0.000228
-0.000796
-0.002013
-0.002742
-0.002657
-0.002234
-0.002038
-0.002016
-0.002225
-0.002089
-0.001044
0.000043
0.000525
0.000607
0.000383
-0.000021
-0.000640
-0.001221
-0.001313
-0.001335
-0.001382
-0.001261
-0.000898
-0.000348
-0.000021
-0.000025
-0.000169
-0.000736
-0.001896
-0.003098
-0.004041
-0.004700
-0.005254
-0.005879
-0.006305
-0.006400
-0.006099
-0.005573
-0.005248
-0.004938
-0.004337
-0.003541
-0.003102
-0.003481
-0.004264
-0.004937
-0.005433
-0.005330
-0.004383
-0.003423
-0.002918
-0.002650
-0.002931
-0.003727
-0.004490
-0.005165
-0.005497
-0.005165
-0.004398
-0.003764
-0.003949
-0.004645
-0.004754
-0.004071
-0.003376
-0.003340
-0.003694
-0.003911
-0.003888
-0.003866
-0.004353
-0.005305
-0.005891
-0.006008
-0.006142
-0.006376
-0.006771
-0.007189
-0.007562
-0.007944
-0.008145
-0.008122
-0.008112
-0.008107
-0.008240
-0.008747
-0.009157
-0.009209
-0.008928
-0.008250
-0.007540
-0.007102
-0.006903
-0.006896
-0.006944
-0.006689
-0.005976
-0.005249
-0.004839
-0.004851
-0.005395
-0.005997
-0.006051
-0.005652
-0.005054
-0.004440
-0.004059
-0.003880
-0.003829
-0.003803
-0.003527
-0.003195
-0.003050
-0.003111
-0.003465
-0.004076
-0.004928
-0.005438
-0.005242
-0.004661
-0.004365
-0.004845
-0.005390
-0.005244
-0.004526
-0.004247
-0.004991
-0.006163
-0.007038
-0.007347
-0.007262
-0.006842
-0.006253
-0.006002
-0.006261
-0.006781
-0.007132
-0.007213
-0.007384
-0.007774
-0.008194
-0.008185
-0.007997
-0.008218
-0.008559
-0.008499
-0.007840
-0.007049
-0.006459
-0.005940
-0.005664
-0.005506
-0.005121
-0.004600
-0.003990
-0.003119
-0.002016
-0.001135
-0.001031
-0.001670
-0.002164
-0.001972
-0.001136
0.000066
0.000798
0.000870
0.000971
0.001640
0.002746
0.003675
0.004028
0.003726
0.003033
0.002299
0.001531
0.000813
0.000405
0.000244
0.000092
0.000087
0.000259
0.000256
-0.000300
-0.001297
-0.001958
-0.001773
-0.000683
0.000623
0.001255
0.001274
0.001175
0.001508
0.002068
0.002224
0.001999
0.001470
0.000969
0.000664
0.000325
0.000134
0.000212
0.000506
0.000676
0.000413
-0.000010
-0.000200
0.000069
0.000807
0.001875
0.002835
0.003254
0.002839
0.001592
0.000249
-0.000283
0.000394
0.001741
0.002642
0.002870
0.002863
0.002583
0.001995
0.001087
0.000243
-0.000012
0.000198
0.000631
0.000689
0.000082
-0.000449
-0.000383
-0.000287
-0.000692
-0.001243
-0.001407
-0.000987
-0.000119
0.000713
0.001021
0.000974
0.000845
0.000714
0.000560
0.000582
0.001338
0.002499
0.003028
0.002306
0.000884
0.000322
0.000999
0.001722
0.001505
0.000489
-0.000436
-0.000909
-0.000735
0.000149
0.001127
0.001425
0.000873
0.000207
0.000126
0.000691
0.001217
0.000941
0.000011
-0.000701
-0.000567
0.000723
0.002620
0.003865
0.004172
0.004080
0.003930
0.003578
0.002966
0.001937
0.000792
0.000350
0.000728
0.001707
0.002688
0.002892
0.002412
0.001945
0.001788
0.001722
0.001441
0.000735
-0.000269
-0.000961
-0.001113
-0.001143
-0.001149
-0.000874
-0.000091
0.001146
0.002250
0.002586
0.002187
0.001540
0.001126
0.000921
0.000478
-0.000234
-0.000839
-0.000705
0.000261
0.001469
0.002654
0.003487
0.003794
0.003857
0.003910
0.004120
0.004159
0.003731
0.003047
0.002569
0.002812
0.003723
0.004709
0.005054
0.004687
0.004143
0.003762
0.003781
0.003779
0.002996
0.001780
0.001094
0.001178
0.001462
0.001565
0.001329
0.000725
0.000177
-0.000128
-0.000232
-0.000051
0.000245
0.000496
0.001047
0.002039
0.003035
0.003710
0.003997
0.003960
0.003697
0.003331
0.003197
0.003210
0.003139
0.003376
0.004090
0.004937
0.005654
0.005845
0.005405
0.004656
0.003713
0.003011
0.003057
0.003826
0.004983
0.005986
0.006376
0.006125
0.005851
0.006363
0.007511
0.008219
0.007876
0.006766
0.005799
0.005617
0.005947
0.006177
0.005839
0.004965
0.003974
0.003439
0.003291
0.003213
0.003268
0.003255
0.003179
0.003154
0.003223
0.003437
0.003924
0.004578
0.004897
0.004760
0.004615
0.005024
0.005828
0.006478
0.006825
0.006970
0.006790
0.006227
0.005528
0.005077
0.005329
0.006009
0.006274
0.005821
0.004834
0.004009
0.004049
0.004688
0.005274
0.005305
0.004693
0.003663
0.002342
0.000837
-0.000613
-0.001822
-0.002151
-0.001264
0.000200
0.001671
0.002782
0.003082
0.002534
0.001897
0.001433
0.000795
-0.000169
-0.001176
-0.001412
-0.000359
0.001506
0.003388
0.004588
0.004450
0.003059
0.001288
0.000217
0.000240
0.000967
0.001929
0.002494
0.002596
0.003034
0.003821
0.003827
0.002355
0.000112
-0.001358
-0.001334
-0.000690
-0.000716
-0.001147
-0.000658
0.000689
0.001674
0.001330
-0.000280
-0.001652
-0.001596
-0.000566
0.000418
0.000459
-0.000210
-0.000373
0.000701
0.002716
0.003929
0.002882
0.000417
-0.001441
-0.001533
-0.000394
0.000529
0.000722
0.001053
0.001947
0.002773
0.002719
0.001602
0.000605
0.000746
0.001732
0.002622
0.002418
0.001348
0.000510
0.000536
0.001420
0.002437
0.002852
0.002637
0.002238
0.002093
0.002515
0.003292
0.003593
0.003403
0.003074
0.002664
0.002388
0.002273
0.002199
0.002216
0.002054
0.001530
0.001130
0.000976
0.001046
0.001415
0.001694
0.001610
0.001013
-0.000223
-0.001483
-0.002240
-0.002257
-0.001311
-0.000143
0.000477
0.000220
-0.001109
-0.002435
-0.002864
-0.002571
-0.002264
-0.002463
-0.002850
-0.002916
-0.002319
-0.001605
-0.001205
-0.001448
-0.002250
-0.002900
-0.003380
-0.003481
-0.003328
-0.003280
-0.003503
-0.004257
-0.005039
-0.005149
-0.004735
-0.004568
-0.004775
-0.004814
-0.004356
-0.003407
-0.002514
-0.002176
-0.002343
-0.002934
-0.003623
-0.004021
-0.003946
-0.003420
-0.003015
-0.003399
-0.004172
-0.004519
-0.004630
-0.004890
-0.005350
-0.005909
-0.006293
-0.006442
-0.006525
-0.006822
-0.007001
-0.006539
-0.005866
-0.005608
-0.006153
-0.007077
-0.007166
-0.006184
-0.004859
-0.003589
-0.002681
-0.002343
-0.002268
-0.002289
-0.002632
-0.003421
-0.004258
-0.004753
-0.004719
-0.004044
-0.002939
-0.001431
-0.000067
0.000381
-0.000022
-0.001139
-0.002137
-0.002176
-0.001896
-0.002123
-0.002750
-0.003181
-0.002755
-0.001322
0.000385
0.001689
0.002049
0.001363
0.000123
-0.001069
-0.001483
-0.000976
0.000193
0.001516
0.001947
0.001342
0.000618
0.000068
-0.000389
-0.001144
-0.002524
-0.003699
-0.003741
-0.002649
-0.001139
0.000251
0.000873
0.000423
-0.000382
-0.001321
-0.002412
-0.003341
-0.003951
-0.004029
-0.003464
-0.002571
-0.001810
-0.001553
-0.001609
-0.001294
-0.000558
0.000125
0.000380
-0.000022
-0.001114
-0.002828
-0.004527
-0.005261
-0.004658
-0.003189
-0.001613
-0.000147
0.001080
0.001825
0.002091
0.002143
0.002006
0.001584
0.000992
0.000579
0.000718
0.001193
0.001641
0.002070
0.002585
0.003329
0.004357
0.004715
0.003528
0.001279
-0.000853
-0.001882
-0.001996
-0.001983
-0.002114
-0.001885
-0.001008
-0.000135
0.000288
0.000140
-0.000420
-0.000918
-0.001171
-0.000971
-0.000335
0.000228
0.000330
-0.000059
-0.000925
-0.001865
-0.002043
-0.001256
-0.000020
0.000788
0.000447
-0.000792
-0.002168
-0.003116
-0.003616
-0.003757
-0.003478
-0.003136
-0.003124
-0.003223
-0.002890
-0.002072
-0.001300
-0.001194
-0.001818
-0.002418
-0.002426
-0.002213
-0.002323
-0.002507
-0.002427
-0.002105
-0.001804
-0.001874
-0.001878
-0.001779
-0.001800
-0.001522
-0.001202
-0.001322
-0.002071
-0.003147
-0.003634
-0.003048
-0.001814
-0.000864
-0.000592
-0.000548
-0.000127
0.001084
0.003011
0.004541
0.004500
0.003014
0.001451
0.001185
0.002056
0.002928
0.003119
0.002567
0.001893
0.001800
0.001893
0.001364
0.000196
-0.000919
-0.001474
-0.001571
-0.001730
-0.002182
-0.002638
-0.003029
-0.002874
-0.001726
-0.000575
-0.000224
-0.000364
-0.000574
-0.000429
0.000341
0.001443
0.002086
0.001786
0.000833
0.000036
0.000229
0.001308
0.002084
0.001703
0.000586
-0.000301
-0.000480
-0.000584
-0.001240
-0.002058
-0.002295
-0.001466
-0.000235
0.000328
0.000098
-0.000668
-0.001499
-0.002067
-0.002504
-0.002685
-0.002435
-0.001918
-0.001390
-0.001001
-0.000714
-0.000358
0.000078
0.000484
0.000793
0.000843
0.000623
0.000277
-0.000258
-0.001057
-0.001894
-0.002470
-0.002647
-0.002408
-0.001887
-0.001203
-0.000409
0.000116
0.000010
-0.000542
-0.000986
-0.000943
-0.000587
-0.000350
-0.000722
-0.001847
-0.003227
-0.004140
-0.004331
-0.004066
-0.003536
-0.003074
-0.002929
-0.002800
-0.002493
-0.002125
-0.001899
-0.001958
-0.002007
-0.001732
-0.001418
-0.001483
-0.001777
-0.001747
-0.001271
-0.000722
-0.000269
0.000066
0.000320
0.000475
0.000126
-0.000901
-0.002145
-0.002898
-0.002883
-0.002544
-0.002221
-0.001801
-0.001343
-0.001160
-0.001659
-0.002794
-0.004001
-0.004828
-0.005150
-0.005286
-0.005423
-0.005304
-0.004868
-0.004503
-0.004594
-0.004897
-0.004912
-0.004604
-0.004313
-0.004429
-0.004754
-0.004916
-0.005099
-0.005221
-0.005075
-0.004876
-0.004955
-0.005386
-0.005851
-0.006078
-0.005922
-0.005472
-0.004927
-0.004493
-0.004627
-0.005521
-0.006588
-0.007017
-0.006399
-0.004921
-0.003565
-0.003076
-0.002845
-0.002130
-0.001121
-0.000467
-0.000886
-0.002074
-0.003242
-0.004160
-0.004427
-0.003933
-0.003266
-0.002864
-0.002631
-0.002319
-0.001684
-0.000932
-0.000546
-0.000539
-0.000613
-0.000414
0.000079
0.000508
0.000561
0.000256
0.000035
0.000011
-0.000087
-0.000131
0.000086
0.000603
0.001333
0.002092
0.002769
0.003251
0.003459
0.003349
0.002929
0.002584
0.002613
0.002664
0.002327
0.001621
0.000963
0.000877
0.001422
0.002099
0.002440
0.002421
0.002362
0.002464
0.002486
0.002205
0.001804
0.001837
0.002559
0.003546
0.004449
0.004955
0.004870
0.004340
0.003720
0.003384
0.003312
0.003437
0.003699
0.003824
0.003650
0.003342
0.003301
0.003792
0.004503
0.005087
0.005528
0.005441
0.004590
0.003546
0.002888
0.002755
0.002851
0.002645
0.001992
0.001450
0.001730
0.002777
0.003787
0.004336
0.004470
0.004150
0.003505
0.002595
0.001361
0.000390
0.000712
0.002411
0.004250
0.005135
0.005153
0.005122
0.005558
0.006211
0.006726
0.006923
0.006659
0.006175
0.005902
0.005961
0.006345
0.006690
0.006497
0.005873
0.005207
0.004913
0.005082
0.005554
0.006131
0.006542
0.006751
0.006567
0.005725
0.004593
0.003961
0.003853
0.003784
0.003908
0.004394
0.005013
0.005621
0.006145
0.006675
0.007170
0.007376
0.007578
0.008030
0.008467
0.008681
0.008868
0.009055
0.009076
0.008979
0.008768
0.008559
0.008396
0.008333
0.008661
0.009395
0.009976
0.010077
0.009881
0.009729
0.009763
0.009678
0.009494
0.009573
0.010042
0.010484
0.010447
0.010172
0.009967
0.009850
0.009644
0.009040
0.008421
0.008337
0.008553
0.008733
0.008746
0.008700
0.008604
0.008294
0.007747
0.006814
0.005778
0.005280
0.005174
0.005124
0.005201
0.005153
0.004960
0.005064
0.005717
0.006716
0.007135
0.006478
0.005540
0.005023
0.005107
0.005780
0.006519
0.006744
0.006255
0.005306
0.004488
0.004231
0.004673
0.005522
0.006195
0.006460
0.006457
0.006420
0.006499
0.006457
0.006137
0.005593
0.004895
0.004214
0.003453
0.002666
0.002140
0.001969
0.002221
0.002615
0.002437
0.001832
0.001515
0.001331
0.000978
0.000629
0.000477
0.000614
0.000902
0.000904
0.000265
-0.000641
-0.001068
-0.000972
-0.000902
-0.001249
-0.001730
-0.001861
-0.001713
-0.001634
-0.001646
-0.001607
-0.001458
-0.001105
-0.000842
-0.001093
-0.001776
-0.002446
-0.002699
-0.002609
-0.002643
-0.003111
-0.003890
-0.004471
-0.004687
-0.004738
-0.004544
-0.004007
-0.003467
-0.003359
-0.003768
-0.004432
-0.004865
-0.004780
-0.004298
-0.003748
-0.003392
-0.003416
-0.003687
-0.003917
-0.004189
-0.004484
-0.004719
-0.005025
-0.005420
-0.005954
-0.006372
-0.006166
-0.005625
-0.005426
-0.005637
-0.005977
-0.006265
-0.006464
-0.006632
-0.006889
-0.007140
-0.007233
-0.007184
-0.007096
-0.007173
-0.007273
-0.007098
-0.006515
-0.005635
-0.004868
-0.004533
-0.004568
-0.004824
-0.005250
-0.005684
-0.005895
-0.005616
-0.004848
-0.004154
-0.004033
-0.004292
-0.004332
-0.003976
-0.003700
-0.003815
-0.004159
-0.004295
-0.004030
-0.003745
-0.003686
-0.003737
-0.003671
-0.003609
-0.003685
-0.003834
-0.004170
-0.004522
-0.004656
-0.004666
-0.004568
-0.004182
-0.003508
-0.002907
-0.002623
-0.002487
-0.002307
-0.002243
-0.002530
-0.003139
-0.003829
-0.004395
-0.004765
-0.004685
-0.003961
-0.002894
-0.002119
-0.002084
-0.002686
-0.003436
-0.003847
-0.003747
-0.003408
-0.003298
-0.003558
-0.003807
-0.003660
-0.003271
-0.003035
-0.003045
-0.003048
-0.003006
-0.003060
-0.003204
-0.003169
-0.002768
-0.002304
-0.001964
-0.001835
-0.001881
-0.001988
-0.002132
-0.002100
-0.002018
-0.002131
-0.002340
-0.002624
-0.002960
-0.003122
-0.003005
-0.002783
-0.002727
-0.003097
-0.003705
-0.004092
-0.004178
-0.004206
-0.004570
-0.005240
-0.005867
-0.006310
-0.006536
-0.006726
-0.006947
-0.007054
-0.006990
-0.006632
-0.006026
-0.005501
-0.005438
-0.005878
-0.006350
-0.006523
-0.006417
-0.006174
-0.005818
-0.005291
-0.004812
-0.004661
-0.004825
-0.005017
-0.004863
-0.004187
-0.003477
-0.003135
-0.002912
-0.002641
-0.002311
-0.002213
-0.002484
-0.002909
-0.003182
-0.003134
-0.003059
-0.003133
-0.003524
-0.004135
-0.004550
-0.004770
-0.004906
-0.005021
-0.005103
-0.004969
-0.004529
-0.004194
-0.004449
-0.005099
-0.005792
-0.006344
-0.006632
-0.006658
-0.006386
-0.005617
-0.004606
-0.003951
-0.003799
-0.003621
-0.002958
-0.002306
-0.002202
-0.002537
-0.002791
-0.002429
-0.001600
-0.000974
-0.000906
-0.001331
-0.001770
-0.001806
-0.001505
-0.001237
-0.001382
-0.001833
-0.002367
-0.002713
-0.002848
-0.002978
-0.002850
-0.002317
-0.001602
-0.001054
-0.000995
-0.001090
-0.000625
0.000538
0.001749
0.002190
0.001896
0.001324
0.000836
0.000997
0.001713
0.001969
0.001423
0.000601
0.000001
-0.000151
-0.000116
-0.000125
-0.000169
-0.000364
-0.000313
0.000059
0.000266
0.000351
0.000421
0.000551
0.000467
-0.000072
-0.000606
-0.000896
-0.001083
-0.001251
-0.001407
-0.001511
-0.001610
-0.001458
-0.001090
-0.000684
-0.000046
0.000474
0.000547
0.000114
-0.000522
-0.000693
-0.000381
-0.000116
-0.000460
-0.001229
-0.001809
-0.001991
-0.001847
-0.001570
-0.001019
-0.000222
0.000355
0.000418
0.000031
-0.000197
0.000105
0.000503
0.000746
0.000755
0.000568
0.000673
0.001170
0.001669
0.001817
0.001664
0.001716
0.002113
0.002386
0.002267
0.001960
0.001659
0.001923
0.002805
0.003423
0.003338
0.002565
0.001877
0.001956
0.002585
0.003283
0.003441
0.003199
0.003111
0.003163
0.003184
0.002922
0.002437
0.002235
0.002434
0.002524
0.002340
0.002157
0.001921
0.001680
0.001482
0.001551
0.002102
0.002592
0.002536
0.002188
0.001945
0.001852
0.001863
0.001985
0.002304
0.002860
0.003669
0.004539
0.005168
0.005602
0.005920
0.005893
0.005397
0.004864
0.004436
0.004191
0.004096
0.003683
0.002996
0.002398
0.002275
0.002528
0.002641
0.002528
0.002205
0.001888
0.001878
0.001814
0.001425
0.000777
-0.000113
-0.000871
-0.001151
-0.001134
-0.001048
-0.001117
-0.001281
-0.001214
-0.001003
-0.001058
-0.001589
-0.002479
-0.003219
-0.003173
-0.002448
-0.001328
-0.000076
0.000632
0.000659
0.000517
0.000407
0.000091
-0.000735
-0.001893
-0.002607
-0.002347
-0.001560
-0.000910
-0.000459
-0.000002
0.000186
0.000340
-0.000114
-0.000805
-0.001239
-0.001455
-0.001473
-0.001143
-0.000602
-0.000140
0.000059
0.000082
0.000093
-0.000040
-0.000421
-0.000893
-0.001306
-0.001588
-0.001689
-0.001413
-0.001058
-0.001087
-0.001341
-0.001381
-0.000811
0.000121
0.000791
0.000767
0.000273
0.000092
0.000579
0.001498
0.002170
0.002088
0.001553
0.000990
0.000461
-0.000127
-0.000647
-0.000699
-0.000258
0.000339
0.000823
0.000788
0.000225
-0.000242
-0.000339
-0.000317
-0.000366
-0.000494
-0.000681
-0.000820
-0.000886
-0.000855
-0.000694
-0.000677
-0.001131
-0.001927
-0.002495
-0.002698
-0.002745
-0.002474
-0.001548
-0.000299
0.000215
-0.000312
-0.001162
-0.001458
-0.001256
-0.001367
-0.001775
-0.001928
-0.001565
-0.000886
-0.000388
-0.000259
-0.000351
-0.000554
-0.000640
-0.000466
-0.000321
-0.000358
-0.000423
-0.000496
-0.000486
-0.000397
-0.000323
-0.000038
0.000337
0.000522
0.000639
0.000762
0.000818
0.000716
0.000479
0.000536
0.001022
0.001506
0.001769
0.001951
0.002196
0.002296
0.002016
0.001641
0.001591
0.001972
0.002551
0.003239
0.003824
0.003839
0.003609
0.003585
0.003657
0.003513
0.003067
0.002667
0.002705
0.003232
0.003559
0.003408
0.003405
0.003615
0.003755
0.003682
0.003295
0.002848
0.002420
0.001936
0.001694
0.001771
0.001941
0.002076
0.002196
0.002450
0.002590
0.002241
0.001553
0.000956
0.000597
0.000408
0.000421
0.000686
0.001118
0.001504
0.001686
0.001656
0.001584
0.001481
0.001263
0.001069
0.001124
0.001292
0.001153
0.000680
0.000062
-0.000389
-0.000387
-0.000180
-0.000018
0.000063
0.000029
0.000117
0.000280
0.000201
0.000001
0.000064
0.000502
0.001012
0.001339
0.001418
0.001188
0.000891
0.000917
0.001372
0.002005
0.002388
0.002450
0.002297
0.002230
0.002457
0.002790
0.002974
0.003017
0.003112
0.003082
0.002730
0.002320
0.002338
0.002665
0.002847
0.002785
0.002375
0.001631
0.000918
0.000487
0.000285
0.000174
0.000045
-0.000216
-0.000538
-0.000664
-0.000741
-0.000979
-0.001266
-0.001378
-0.001074
-0.000598
-0.000518
-0.000771
-0.000965
-0.000962
-0.000826
-0.000837
-0.001026
-0.001244
-0.001313
-0.001169
-0.000958
-0.000653
-0.000312
-0.000013
0.000305
0.000602
0.000813
0.000907
0.000846
0.000702
0.000566
0.000471
0.000618
0.000936
0.001078
0.001054
0.001006
0.001095
0.001321
0.001451
0.001451
0.001262
0.001008
0.001038
0.001141
0.000923
0.000357
-0.000367
-0.000863
-0.001021
-0.001009
-0.000824
-0.000530
-0.000320
-0.000281
-0.000415
-0.000721
-0.000942
-0.000846
-0.000703
-0.000886
-0.001193
-0.001199
-0.000976
-0.000792
-0.000838
-0.001089
-0.001281
-0.001245
-0.000971
-0.000570
-0.000292
-0.000192
-0.000102
0.000103
0.000274
0.000299
0.000273
0.000209
0.000111
-0.000114
-0.000387
-0.000427
-0.000378
-0.000581
-0.001104
-0.001851
-0.002468
-0.002709
-0.002780
-0.002882
-0.003156
-0.003615
-0.003881
-0.003680
-0.003146
-0.002739
-0.002796
-0.003064
-0.003086
-0.002752
-0.002370
-0.002128
-0.002048
-0.002056
-0.002014
-0.001961
-0.001762
-0.001404
-0.001032
-0.000650
-0.000361
-0.000269
-0.000455
-0.000774
-0.000953
-0.000927
-0.000784
-0.000667
-0.000734
-0.000908
-0.000833
-0.000615
-0.000599
-0.000750
-0.000888
-0.000829
-0.000664
-0.000589
-0.000699
-0.001078
-0.001659
-0.002227
-0.002588
-0.002937
-0.003347
-0.003580
-0.003694
-0.003769
-0.003856
-0.003958
-0.003979
-0.003889
-0.003694
-0.003379
-0.003119
-0.003067
-0.003125
-0.003173
-0.003207
-0.003351
-0.003454
-0.003421
-0.003196
-0.002757
-0.002306
-0.001994
-0.001898
-0.001875
-0.001701
-0.001450
-0.001396
-0.001440
-0.001430
-0.001533
-0.001698
-0.001751
-0.001762
-0.001803
-0.001778
-0.001642
-0.001480
-0.001275
-0.001111
-0.001161
-0.001449
-0.001711
-0.001652
-0.001493
-0.001391
-0.001281
-0.001065
-0.000616
-0.000170
-0.000013
-0.000169
-0.000450
-0.000638
-0.000730
-0.000682
-0.000468
-0.000190
0.000017
0.000161
0.000309
0.000442
0.000623
0.000786
0.000813
0.000635
0.000323
0.000125
0.000146
0.000242
0.000264
0.000226
0.000219
0.000305
0.000509
0.000732
0.000856
0.000858
0.000733
0.000599
0.000595
0.000620
0.000489
0.000278
0.000184
0.000269
0.000458
0.000618
0.000703
0.000705
0.000654
0.000603
0.000539
0.000446
0.000410
0.000512
0.000811
0.001181
0.001313
0.001235
0.001122
0.001054
0.001064
0.001102
0.001172
0.001295
0.001429
0.001497
0.001454
0.001387
0.001337
0.001258
0.001164
0.001081
0.001041
0.001071
0.001183
0.001410
0.001713
0.001949
0.002032
0.002002
0.001925
0.001870
0.001845
0.001825
0.001828
0.001858
0.001894
0.001923
0.001966
0.002075
0.002198
0.002189
0.002060
0.001928
0.001849
0.001914
0.002052
0.002153
0.002161
0.002040
0.001908
0.001838
0.001814
0.001837
0.001883
0.001924
0.001958
0.001968
0.001909
0.001761
0.001565
0.001462
0.001479
0.001499
0.001485
0.001509
0.001637
0.001760
0.001732
0.001586
0.001444
0.001348
0.001291
0.001279
0.001309
0.001354
0.001368
0.001347
0.001298
0.001268
0.001271
0.001268
0.001246
0.001205
0.001200
0.001221
0.001215
0.001171
0.001110
0.001103
0.001174
0.001304
0.001384
0.001328
0.001183
0.001003
0.000890
0.000930
0.001052
0.001138
0.001095
0.000974
0.000908
0.000909
0.000925
0.000917
0.000869
0.000840
0.000891
0.000993
0.001072
0.001094
0.001074
0.001060
0.001054
0.001037
0.001036
0.001048
0.001063
0.001056
0.001027
0.001011
0.001014
0.001028
0.001037
0.001041
0.001048
0.001031
0.000965
0.000876
0.000822
0.000828
0.000854
0.000867
0.000889
0.000922
0.000932
0.000891
0.000795
0.000690
0.000626
0.000591
0.000576
0.000582
0.000583
0.000578
0.000593
0.000578
0.000503
0.000432
0.000395
0.000375
0.000364
0.000343
0.000317
0.000310
0.000301
0.000285
0.000283
0.000309
0.000336
0.000328
0.000312
0.000299
0.000286
0.000262
0.000217
0.000186
0.000169
0.000157
0.000164
0.000177
0.000187
0.000187
0.000176
0.000169
0.000180
0.000217
0.000261
0.000281
0.000271
0.000239
0.000206
0.000181
0.000164
0.000159
0.000168
0.000183
0.000185
0.000172
0.000162
0.000149
0.000131
0.000100
0.000059
0.000036
0.000035
0.000041
0.000039
0.000024
0.000011
0.000006
-0.000009
-0.000031
-0.000050
-0.000062
-0.000062
-0.000060
-0.000073
-0.000090
-0.000097
-0.000099
-0.000100
-0.000109
-0.000130
-0.000152
-0.000163
-0.000162
-0.000163
-0.000175
-0.000193
-0.000209
-0.000221
-0.000227
-0.000229
-0.000234
-0.000238
-0.000245
-0.000252
-0.000254
-0.000256
-0.000260
-0.000263
-0.000267
-0.000276
-0.000282
-0.000288
-0.000292
-0.000289
-0.000286
-0.000287
-0.000292
-0.000296
-0.000298
-0.000299
-0.000300
-0.000303
-0.000307
-0.000311
-0.000312
-0.000311
-0.000311
-0.000312
-0.000310
-0.000311
-0.000313
-0.000314
-0.000315
-0.000316
-0.000315
-0.000314
-0.000317
-0.000322
-0.000324
-0.000325
-0.000325
-0.000326
-0.000327
-0.000326
-0.000326
-0.000327
-0.000328
-0.000328
-0.000328
-0.000328
-0.000329
-0.000333
-0.000337
-0.000339
-0.000333
-0.000320
-0.000307
-0.000302
-0.000309
-0.000326
-0.000342
-0.000347
-0.000340
-0.000328
-0.000319
-0.000321
-0.000330
-0.000337
-0.000337
-0.000332
-0.000328
-0.000328
-0.000331
-0.000332
-0.000332
-0.000331
-0.000332
-0.000332
-0.000332
-0.000332
-0.000332
-0.000332
-0.000332
-0.000332
-0.000332
-0.000332
-0.000332
-0.000332
-0.000332
-0.000332
-0.000332
-0.000331
-0.000331
-0.000331
-0.000331
-0.000331
-0.000330
-0.000330
-0.000330
-0.000330
-0.000329
-0.000329
-0.000329
