-0.003616
-0.003872
-0.003848
-0.003768
-0.003668
-0.003544
-0.003408
-0.003224
-0.003048
-0.002940
-0.003096
-0.003328
-0.003552
-0.003832
-0.004248
-0.004628
-0.004760
-0.004616
-0.004380
-0.004160
-0.003876
-0.003268
-0.002696
-0.002588
-0.003140
-0.003692
-0.004052
-0.004568
-0.005152
-0.005172
-0.004756
-0.003944
-0.002496
-0.000804
0.000808
0.002584
0.004656
0.006924
0.009164
0.010508
0.009584
0.007800
0.005684
0.003572
0.001272
-0.001512
-0.004696
-0.008036
-0.011616
-0.015284
-0.017996
-0.020088
-0.022948
-0.026232
-0.029440
-0.030052
-0.019948
-0.006912
0.001988
0.011004
0.021196
0.029920
0.036304
0.039852
0.041160
0.038080
0.021612
0.004336
-0.008412
-0.017856
-0.025304
-0.028192
-0.030236
-0.032748
-0.034952
-0.036104
-0.034024
-0.027840
-0.018200
-0.009768
-0.002920
0.004164
0.011744
0.017984
0.022312
0.022408
0.018432
0.004032
-0.010320
-0.019288
-0.027304
-0.036128
-0.042976
-0.045588
-0.044880
-0.038520
-0.028096
-0.014244
0.000696
0.014520
0.023576
0.031216
0.037936
0.042076
0.037812
0.029680
0.021092
0.013136
0.004976
-0.004688
-0.014940
-0.027048
-0.046896
-0.067780
-0.081156
-0.067004
-0.028308
-0.001436
0.007264
-0.004364
-0.017564
-0.018508
-0.001740
0.015328
0.021360
0.026336
0.033860
0.038856
0.038168
0.035588
0.035144
0.035348
0.033972
0.031876
0.030136
0.029160
0.031084
0.034708
0.029864
0.019576
0.013416
0.009928
0.004284
-0.002972
-0.009820
-0.015484
-0.019208
-0.020264
-0.014728
-0.006060
0.003344
0.011048
0.018620
0.033468
0.056632
0.084300
0.098600
0.097180
0.091600
0.077164
0.060564
0.049308
0.053884
0.059788
0.061128
0.054892
0.042224
0.021136
-0.000704
-0.017928
-0.036200
-0.057924
-0.082436
-0.111096
-0.137084
-0.150380
-0.133980
-0.100692
-0.080200
-0.065840
-0.040632
0.006152
0.064968
0.114484
0.151864
0.160100
0.124476
0.076332
0.044256
0.022180
0.002460
-0.025108
-0.056564
-0.080880
-0.096832
-0.101264
-0.097164
-0.089856
-0.078740
-0.066004
-0.053880
-0.039800
-0.022436
-0.006064
0.004040
-0.002484
-0.017204
-0.023708
-0.027272
-0.031088
-0.016732
0.003292
0.014328
0.027316
0.041908
0.034364
0.007916
-0.011496
-0.014756
-0.008312
0.003736
0.019948
0.030220
0.014488
0.000284
-0.001384
0.001840
0.014180
0.023264
0.025284
0.023896
0.023400
0.019260
0.014436
0.011236
0.007528
0.002628
-0.002316
-0.006868
-0.012256
-0.021772
-0.028600
-0.024648
-0.013776
-0.003528
0.003640
0.011180
0.019784
0.021668
0.015260
0.011512
0.011780
0.010068
0.006224
0.005348
0.021912
0.057640
0.088764
0.097008
0.069844
0.041804
0.035480
0.031500
0.021224
0.008076
-0.001652
-0.005544
-0.006172
0.001380
0.012484
0.022124
0.025504
0.021884
0.006360
-0.006884
-0.013576
-0.023056
-0.038588
-0.058364
-0.073248
-0.074256
-0.053496
-0.027096
0.000784
0.024076
0.033032
0.037812
0.056220
0.099428
0.146956
0.165868
0.122740
0.032432
-0.036152
-0.088228
-0.079376
-0.043396
-0.044096
-0.057032
-0.049680
-0.021836
0.034148
0.100684
0.144272
0.144316
0.102112
0.053964
0.027180
0.009616
-0.002652
-0.013760
-0.030492
-0.046732
-0.059064
-0.058124
-0.011844
0.031964
0.048432
0.052344
0.052216
0.055920
0.063092
0.066884
0.062408
0.043428
0.018272
0.001064
-0.010088
-0.019812
-0.019188
-0.019640
-0.029420
-0.046756
-0.065048
-0.079512
-0.096500
-0.113124
-0.113120
-0.099464
-0.084124
-0.072108
-0.060144
-0.042904
-0.019560
0.003616
0.023812
0.039836
0.051740
0.062216
0.069140
0.064620
0.042284
0.012900
-0.012644
-0.025968
-0.031680
-0.028408
-0.019020
-0.003548
0.008972
0.004680
-0.006060
-0.008724
-0.012824
-0.024780
-0.027404
-0.017876
0.000280
0.017308
0.032724
0.044628
0.049008
0.042344
0.031032
0.025384
0.023984
0.022684
0.027612
0.034648
0.038412
0.041936
0.047472
0.054192
0.056496
0.042924
0.030164
0.025736
0.020092
0.010192
-0.000100
-0.008820
-0.016072
-0.018772
-0.020772
-0.022868
-0.021176
-0.014408
0.005504
0.026228
0.041376
0.054004
0.063456
0.064284
0.056848
0.039508
0.019964
-0.000004
-0.020816
-0.041956
-0.064024
-0.078736
-0.056020
-0.002468
0.051080
0.085624
0.089664
0.075416
0.067788
0.056712
0.039744
0.021904
0.004992
0.000600
0.003772
0.000636
-0.007400
-0.018012
-0.040844
-0.071088
-0.096132
-0.119036
-0.137104
-0.141468
-0.113344
-0.045876
0.017168
0.061764
0.106596
0.132280
0.115960
0.095364
0.096348
0.104008
0.099276
0.087572
0.080324
0.075708
0.066176
0.049860
0.028328
0.005156
-0.011340
-0.018788
-0.020096
-0.021296
-0.020088
-0.014264
-0.003316
0.010772
0.022456
0.017796
-0.013556
-0.037516
-0.035960
-0.011224
0.008044
0.013520
0.022056
0.038268
0.052380
0.052312
0.045876
0.032500
0.026716
0.028500
0.025220
0.018056
0.012528
0.003552
-0.009516
-0.021752
-0.031032
-0.038660
-0.043896
-0.043036
-0.027076
0.004084
0.040372
0.077812
0.113380
0.139652
0.162768
0.180540
0.186560
0.167116
0.128040
0.059260
-0.032524
-0.101416
-0.139316
-0.148984
-0.135156
-0.116488
-0.094816
-0.063000
-0.023760
0.012028
0.044736
0.068216
0.039796
-0.023652
-0.049128
-0.034624
-0.035032
-0.058236
-0.077000
-0.084292
-0.091304
-0.091032
-0.040156
0.031020
0.064548
0.041968
-0.006132
-0.029020
-0.030572
-0.042408
-0.063616
-0.080948
-0.080552
-0.053024
-0.031044
-0.021752
-0.008972
0.004264
0.009796
-0.000624
-0.012748
-0.017580
-0.022764
-0.025560
-0.013824
0.000356
0.009504
0.012844
0.013952
0.012976
0.007332
-0.008572
-0.032932
-0.063268
-0.090804
-0.108068
-0.075408
0.031600
0.141488
0.209492
0.242748
0.257496
0.255940
0.210504
0.098324
0.000892
-0.053544
-0.111544
-0.178964
-0.232996
-0.272956
-0.315564
-0.337368
-0.284508
-0.141908
0.046168
0.170060
0.210492
0.286000
0.359648
0.338576
0.219708
0.046080
-0.132624
-0.220368
-0.209792
-0.201008
-0.216716
-0.193076
-0.149916
-0.127868
-0.122568
-0.107368
-0.072164
-0.005008
0.067256
0.136244
0.203476
0.264692
0.308456
0.310384
0.273756
0.206584
0.138700
0.059660
-0.016680
-0.033004
-0.002248
0.064500
0.133724
0.118132
0.084104
0.095188
0.117108
0.118436
0.103552
0.046660
-0.092104
-0.212224
-0.278536
-0.298996
-0.280124
-0.255284
-0.234636
-0.211576
-0.177996
-0.139012
-0.107136
-0.064240
0.006452
0.035508
0.014060
0.006084
0.021896
0.031128
0.030552
0.073808
0.198408
0.275780
0.244924
0.168620
0.058944
-0.039484
-0.120304
-0.218684
-0.321204
-0.336504
-0.300924
-0.219972
-0.066692
0.085060
0.192196
0.194924
0.155904
0.157728
0.178080
0.174048
0.149720
0.123904
0.099072
0.074348
0.055668
0.083112
0.125312
0.139180
0.122444
0.099492
0.086112
0.076256
0.070180
0.069228
0.086068
0.134912
0.195544
0.204996
0.163808
0.083932
0.001820
-0.053128
-0.080136
-0.107252
-0.144152
-0.180120
-0.208968
-0.223896
-0.188700
-0.061720
0.117992
0.202616
0.174984
0.145248
0.173308
0.207544
0.207920
0.180860
0.105776
0.015568
-0.020060
0.013972
0.111020
0.262868
0.286572
0.185264
0.141268
0.166140
0.195920
0.287220
0.460252
0.574572
0.504644
0.327040
0.150288
0.087796
0.166852
0.240060
0.208932
0.097392
-0.089312
-0.218132
-0.321560
-0.417280
-0.480232
-0.519360
-0.567732
-0.621852
-0.659324
-0.648528
-0.549280
-0.385128
-0.213496
-0.137428
-0.161364
-0.152460
-0.082284
0.040628
0.221344
0.356124
0.385308
0.372892
0.363272
0.365508
0.360192
0.334588
0.262392
0.097776
-0.089980
-0.177972
-0.200492
-0.215940
-0.233364
-0.258020
-0.300776
-0.399260
-0.470380
-0.424092
-0.258160
-0.034156
0.130916
0.231872
0.244504
0.225404
0.247608
0.286048
0.288388
0.214264
0.053860
-0.085528
-0.057584
0.028120
0.017048
-0.088096
-0.214944
-0.266288
-0.279992
-0.264492
-0.214156
-0.157380
-0.123216
-0.123104
-0.148900
-0.161468
-0.153912
-0.149196
-0.143692
-0.112340
-0.043936
0.003840
-0.026476
-0.154628
-0.303936
-0.430276
-0.581856
-0.692888
-0.730644
-0.666692
-0.462476
-0.245672
-0.247048
-0.325544
-0.274048
-0.119208
0.064432
0.198220
0.325636
0.520616
0.655500
0.651264
0.533620
0.316716
0.127732
-0.056996
-0.267148
-0.364424
-0.370288
-0.420108
-0.484788
-0.480372
-0.404548
-0.282472
-0.163816
-0.082052
-0.078552
-0.147256
-0.191412
-0.119416
-0.002952
0.053636
0.031212
-0.050336
-0.124164
-0.159356
-0.180404
-0.190772
-0.170172
-0.093660
-0.023200
-0.031004
-0.082008
-0.102648
-0.102884
-0.140788
-0.259488
-0.417764
-0.565764
-0.589252
-0.523584
-0.423268
-0.165380
0.132400
0.252576
0.191952
0.202576
0.330220
0.425196
0.431256
0.372708
0.289984
0.195548
0.167424
0.107368
0.070388
0.054800
-0.018968
-0.208836
-0.404508
-0.498956
-0.493388
-0.444660
-0.347316
-0.175804
-0.039988
-0.025396
0.010760
0.141500
0.380516
0.577924
0.545164
0.472308
0.503468
0.555700
0.556748
0.530108
0.486672
0.385920
0.263908
0.124036
0.015200
-0.036928
-0.035164
-0.070432
-0.213692
-0.422424
-0.515436
-0.437700
-0.342536
-0.358372
-0.466720
-0.555076
-0.577988
-0.533744
-0.429440
-0.231692
0.090228
0.257528
0.283912
0.346368
0.471252
0.535688
0.451252
0.276380
0.144608
0.089768
0.055320
-0.020720
-0.131152
-0.272752
-0.455664
-0.679884
-0.722132
-0.572944
-0.353612
-0.139324
0.012104
0.136168
0.269372
0.302860
0.277012
0.288164
0.310644
0.267728
0.117620
-0.078572
-0.210228
-0.206748
-0.139852
-0.126712
-0.154012
-0.144996
-0.074428
0.055832
0.242092
0.451724
0.539528
0.480204
0.370368
0.223132
0.011400
-0.169952
-0.203072
-0.118192
-0.034796
0.015064
-0.016864
-0.114584
-0.213388
-0.274876
-0.238420
-0.119988
-0.013080
0.044460
0.099252
0.202876
0.335272
0.341380
0.256496
0.230592
0.259488
0.261100
0.211748
0.099884
-0.047676
-0.153540
-0.107640
0.043836
0.188032
0.189904
0.083668
0.004460
-0.019160
0.003796
0.020760
0.022204
0.022896
0.021288
-0.025320
-0.122268
-0.206928
-0.267780
-0.319104
-0.297072
-0.197492
-0.025276
0.184148
0.246356
0.224020
0.280868
0.389476
0.456292
0.480740
0.509264
0.545960
0.549688
0.464872
0.272468
0.119680
0.068632
0.066528
0.049028
-0.023100
-0.223516
-0.492100
-0.667420
-0.658328
-0.554612
-0.478608
-0.428636
-0.407556
-0.341856
-0.176844
0.010300
0.194612
0.446032
0.739720
0.943616
0.970620
0.891636
0.773760
0.630452
0.397336
0.038964
-0.217712
-0.364776
-0.466032
-0.569184
-0.695340
-0.791748
-0.790344
-0.712960
-0.588624
-0.289320
0.070508
0.366848
0.584792
0.759588
0.744824
0.598196
0.432352
0.359336
0.436200
0.482048
0.422388
0.311632
0.200416
0.134660
0.184324
0.314164
0.376128
0.347028
0.265788
0.154704
0.123836
0.236308
0.382408
0.431908
0.301596
0.094196
-0.114784
-0.219840
-0.253656
-0.296316
-0.303120
-0.294424
-0.282904
-0.217928
-0.087128
0.028192
0.114348
0.138184
0.105204
0.087492
0.120744
0.169900
0.189920
0.142360
-0.000336
-0.158596
-0.239820
-0.256784
-0.270376
-0.263836
-0.190436
-0.076572
0.015648
0.076720
0.104248
0.102208
0.089360
0.055432
-0.025444
-0.127220
-0.184176
-0.173556
-0.101156
-0.048580
-0.064344
-0.183140
-0.356152
-0.465500
-0.484780
-0.406564
-0.282124
-0.201900
-0.216120
-0.273056
-0.284196
-0.234396
-0.121776
-0.014776
0.003652
-0.038812
-0.065688
-0.069860
-0.084316
-0.134236
-0.223796
-0.352048
-0.496340
-0.596208
-0.668888
-0.721080
-0.684980
-0.524004
-0.354144
-0.342732
-0.366112
-0.299044
-0.203520
-0.131896
-0.051088
0.036980
0.118624
0.198472
0.267980
0.306824
0.260584
0.118300
-0.024072
-0.092244
-0.026704
0.082260
0.127788
0.068132
-0.033804
-0.174868
-0.258128
-0.224456
-0.151320
-0.086928
-0.032580
0.049992
0.194996
0.317380
0.333700
0.234308
0.022880
-0.155200
-0.264480
-0.296228
-0.278388
-0.194116
-0.055948
0.033852
-0.031196
-0.187876
-0.289868
-0.371992
-0.501232
-0.700708
-0.882300
-0.943120
-0.880488
-0.650356
-0.247980
0.101388
0.281024
0.361520
0.397240
0.385920
0.350576
0.322100
0.258112
0.106600
-0.058024
-0.205568
-0.309684
-0.311920
-0.312788
-0.371128
-0.455944
-0.539292
-0.595860
-0.605604
-0.560184
-0.413144
-0.154916
0.094616
0.337876
0.528836
0.655272
0.748576
0.779652
0.694976
0.497024
0.317928
0.182120
-0.011636
-0.246168
-0.459296
-0.615752
-0.712704
-0.762500
-0.638544
-0.372344
-0.118316
0.052920
0.083776
0.122604
0.236656
0.320216
0.304344
0.234308
0.177712
0.160920
0.162088
0.150760
0.141420
0.145664
0.156816
0.176752
0.229552
0.287176
0.316532
0.294532
0.208428
0.141288
0.110700
0.113008
0.094788
0.025432
-0.089536
-0.213112
-0.196064
-0.099524
-0.010008
0.092116
0.179372
0.167308
0.120116
0.121828
0.156564
0.165244
0.138396
0.087324
0.000140
-0.082656
-0.097728
-0.034276
0.120352
0.361888
0.541960
0.607860
0.593924
0.568476
0.559628
0.514184
0.401528
0.248276
-0.007932
-0.194068
-0.338028
-0.442104
-0.442252
-0.346308
-0.190928
-0.154052
-0.228512
-0.249964
-0.187196
-0.114204
-0.058888
-0.024512
-0.032540
-0.087196
-0.101576
-0.025284
0.068464
0.116352
0.134124
0.155548
0.153696
0.110376
0.053868
0.032016
0.078232
0.132412
0.134064
0.089396
0.036452
0.008036
0.017944
0.018296
-0.003172
-0.056640
-0.176980
-0.321348
-0.344992
-0.234244
-0.085184
0.072020
0.248192
0.384800
0.492624
0.609516
0.713076
0.784692
0.798296
0.692332
0.517792
0.273512
-0.014064
-0.260488
-0.395488
-0.356968
-0.228304
-0.095536
0.027676
0.106244
0.213524
0.340580
0.363232
0.286444
0.211752
0.169628
0.125516
0.045980
-0.121348
-0.319308
-0.445592
-0.477396
-0.384628
-0.223976
-0.049832
0.088056
0.117012
0.127668
0.211948
0.339040
0.423392
0.430664
0.350360
0.238672
0.104252
-0.050820
-0.198192
-0.307784
-0.396300
-0.487392
-0.570616
-0.631920
-0.645840
-0.601000
-0.507504
-0.384636
-0.218616
0.003032
0.222068
0.411796
0.454624
0.394340
0.365768
0.435328
0.617736
0.877104
0.985220
0.866232
0.671940
0.413772
0.173416
0.010652
-0.047712
-0.063796
-0.098880
-0.151400
-0.185040
-0.179532
-0.116168
0.039736
0.170004
0.150160
0.075908
0.066816
0.124968
0.224100
0.309936
0.291780
0.212824
0.163784
0.182436
0.261676
0.395436
0.525088
0.538136
0.417072
0.270188
0.140292
-0.026176
-0.201496
-0.291240
-0.366076
-0.409476
-0.375272
-0.272064
-0.079552
0.120856
0.211544
0.226116
0.257396
0.315708
0.357524
0.339384
0.241056
0.136036
0.076232
0.029628
-0.061024
-0.208616
-0.307200
-0.326976
-0.289324
-0.255424
-0.254920
-0.254556
-0.232924
-0.198568
-0.119928
0.042168
0.206072
0.247288
0.179420
0.120588
0.153956
0.262164
0.387160
0.440776
0.361152
0.228688
0.132064
0.084656
0.134212
0.233864
0.279148
0.215544
0.112340
0.053516
0.076248
0.145492
0.195720
0.205728
0.168992
0.097936
0.036728
0.018676
0.037644
0.032844
-0.004072
-0.049348
-0.088516
-0.103076
-0.080604
-0.053268
-0.021012
0.062564
0.204516
0.297168
0.303952
0.328996
0.413720
0.481488
0.431084
0.263164
0.063604
-0.063900
-0.127140
-0.133108
-0.114976
-0.118200
-0.136692
-0.156420
-0.170972
-0.179424
-0.185988
-0.177508
-0.135236
-0.065464
-0.003136
0.046840
0.097636
0.128172
0.107648
0.011352
-0.111340
-0.188228
-0.251448
-0.345564
-0.454648
-0.557792
-0.598020
-0.523804
-0.377524
-0.134104
0.095324
0.209320
0.239568
0.239980
0.209596
0.179124
0.165692
0.145272
0.095412
-0.002052
-0.065904
-0.039592
0.088776
0.229516
0.232796
0.106136
-0.010348
-0.037020
0.040152
0.126288
0.118332
0.032892
-0.104496
-0.221504
-0.271964
-0.247152
-0.157852
-0.078044
-0.094944
-0.232476
-0.382240
-0.426992
-0.398804
-0.357488
-0.275732
-0.145700
0.027460
0.265100
0.393464
0.388780
0.326072
0.242540
0.154872
0.135732
0.192368
0.261864
0.281092
0.243836
0.180448
0.141156
0.120616
0.085360
0.037904
-0.002996
-0.020040
-0.016300
-0.009872
-0.014924
-0.044900
-0.134216
-0.220372
-0.219236
-0.158212
-0.137272
-0.170512
-0.238400
-0.295700
-0.296564
-0.239796
-0.157512
-0.063740
0.018124
0.073116
0.061184
-0.021332
-0.112044
-0.132700
-0.086020
0.025564
0.195648
0.334940
0.323140
0.257652
0.228104
0.176644
0.047276
-0.095440
-0.128288
-0.109052
-0.048876
0.080720
0.145116
0.090852
0.015944
0.004404
0.025344
0.038368
0.028296
0.002504
-0.012128
-0.006016
0.047672
0.134560
0.188576
0.173460
0.109372
0.068628
0.058160
0.059768
0.108100
0.179552
0.214240
0.172160
0.078484
0.017468
-0.015552
-0.070220
-0.149728
-0.233912
-0.303232
-0.332144
-0.277708
-0.158448
-0.064372
-0.025748
-0.014552
0.020136
0.077740
0.133300
0.180640
0.225024
0.266316
0.273056
0.233160
0.158244
0.090316
0.027204
-0.053360
-0.141584
-0.194248
-0.164920
-0.101728
-0.073528
-0.098228
-0.151524
-0.175252
-0.178100
-0.180260
-0.151388
-0.112416
-0.088880
-0.066032
-0.018304
0.092864
0.230352
0.311880
0.267144
0.169468
0.076208
0.022268
0.007068
0.010544
-0.003448
-0.031088
-0.050528
-0.077360
-0.109084
-0.134396
-0.147580
-0.142304
-0.126984
-0.098252
-0.041856
0.030100
0.076244
0.082208
0.060876
0.052280
0.066532
0.107892
0.152248
0.172756
0.156636
0.121512
0.104348
0.094372
0.061664
0.009408
-0.042096
-0.085432
-0.126564
-0.166708
-0.202372
-0.230316
-0.242176
-0.233856
-0.215936
-0.166632
-0.085720
0.009836
0.099392
0.179132
0.244224
0.275208
0.259712
0.234348
0.222520
0.201128
0.158404
0.108432
0.050740
-0.024020
-0.077036
-0.086436
-0.105832
-0.148500
-0.193316
-0.243080
-0.289000
-0.326284
-0.353520
-0.337648
-0.279196
-0.227956
-0.194236
-0.150516
-0.083140
0.018040
0.167416
0.274284
0.264864
0.212368
0.162860
0.094100
0.009764
-0.069076
-0.113012
-0.103272
-0.111544
-0.163092
-0.218920
-0.245036
-0.205804
-0.103328
-0.002844
0.046924
0.043612
0.042216
0.069756
0.097740
0.109444
0.115832
0.126876
0.137136
0.126928
0.079108
0.003724
-0.075512
-0.131812
-0.168688
-0.187972
-0.191772
-0.202000
-0.218840
-0.229792
-0.230184
-0.210748
-0.164076
-0.107856
-0.071700
-0.078280
-0.116360
-0.135004
-0.140044
-0.147896
-0.148332
-0.133796
-0.106472
-0.059312
-0.001548
0.076596
0.157672
0.196488
0.156348
0.097440
0.050980
0.006048
-0.059156
-0.133620
-0.201796
-0.260752
-0.290452
-0.291340
-0.257944
-0.177652
-0.090928
-0.039264
-0.018164
-0.003356
0.025164
0.052636
0.063644
0.064764
0.059332
0.025744
-0.050428
-0.116692
-0.160272
-0.198556
-0.205808
-0.160724
-0.107812
-0.070680
-0.063664
-0.062792
-0.053796
-0.060532
-0.098412
-0.138972
-0.167548
-0.192888
-0.187884
-0.156184
-0.116276
-0.055608
0.037696
0.089308
0.103668
0.105300
0.092980
0.072160
0.044688
0.011924
-0.011784
-0.023576
-0.021256
-0.019896
-0.021896
-0.020572
-0.013036
0.006964
0.029052
0.050860
0.063552
0.056968
0.040196
0.023020
0.006644
-0.012208
-0.032912
-0.044344
-0.041384
-0.028784
-0.014300
-0.002404
0.006184
0.003208
-0.005516
-0.015984
-0.024728
-0.032948
-0.043360
-0.055024
-0.065836
-0.075408
-0.069996
-0.021632
0.024464
0.054924
0.083444
0.090156
0.072648
0.047708
0.007200
-0.031340
-0.055868
-0.069828
-0.084712
-0.106756
-0.143000
-0.177948
-0.199368
-0.212356
-0.228680
-0.247476
-0.251208
-0.218532
-0.141160
-0.058936
-0.010676
0.011568
0.020036
0.041536
0.070232
0.086816
0.089396
0.075092
0.047492
0.002332
-0.035212
-0.058784
-0.076304
-0.105812
-0.145268
-0.175868
-0.184476
-0.148896
-0.093164
-0.053956
-0.025508
0.012364
0.060564
0.107748
0.129888
0.130004
0.103864
0.038920
-0.050120
-0.132352
-0.152608
-0.128740
-0.114472
-0.118072
-0.112432
-0.086936
-0.049008
0.004484
0.066284
0.121004
0.153796
0.137956
0.100320
0.082936
0.062368
0.033640
0.010716
-0.009000
-0.026720
-0.032828
-0.025592
-0.011696
0.012620
0.038108
0.055980
0.060784
0.039988
0.008276
-0.018152
-0.026932
-0.022824
0.001608
0.033264
0.062976
0.077172
0.064224
0.049352
0.045068
0.048404
0.054612
0.059176
0.063656
0.070404
0.075500
0.072808
0.060296
0.042768
0.021272
0.003104
-0.011384
-0.028628
-0.043356
-0.044908
-0.028848
0.016420
0.058020
0.070096
0.059992
0.054816
0.062936
0.077616
0.101464
0.117444
0.118200
0.102492
0.079660
0.067960
0.091068
0.114348
0.112388
0.096796
0.079048
0.080196
0.112312
0.148860
0.157416
0.130760
0.088164
0.041092
-0.010720
-0.053064
-0.088220
-0.127124
-0.167396
-0.200656
-0.223448
-0.217280
-0.166724
-0.095600
-0.046572
-0.034444
-0.053324
-0.080668
-0.102016
-0.119452
-0.128400
-0.112268
-0.090108
-0.060840
-0.030804
-0.008576
-0.002500
-0.001232
-0.007308
-0.025688
-0.059576
-0.093816
-0.126580
-0.168764
-0.200584
-0.197996
-0.168476
-0.140528
-0.095768
-0.045840
-0.002800
0.044596
0.106492
0.163284
0.187936
0.182204
0.161920
0.139624
0.097924
0.051012
0.013896
-0.013920
-0.033684
-0.049908
-0.065188
-0.076116
-0.075252
-0.063844
-0.049696
-0.036204
-0.028444
-0.032656
-0.038932
-0.040136
-0.024556
0.002528
0.039024
0.073220
0.101992
0.118848
0.109620
0.081132
0.066092
0.061296
0.041424
0.008760
-0.027936
-0.054068
-0.052344
-0.051456
-0.063056
-0.075544
-0.078552
-0.059800
-0.033084
-0.007184
0.011980
0.022644
0.011548
-0.007576
-0.021924
-0.019032
-0.008944
-0.007800
-0.017768
-0.038468
-0.054280
-0.061156
-0.060536
-0.062388
-0.067388
-0.070068
-0.065072
-0.046660
-0.020284
0.009840
0.023960
0.006660
-0.021180
-0.038472
-0.026716
0.026432
0.092852
0.136036
0.146696
0.142972
0.132144
0.127444
0.120824
0.101068
0.066464
0.019596
-0.022160
-0.036664
-0.032380
-0.029888
-0.035036
-0.043828
-0.056460
-0.063888
-0.062540
-0.048008
-0.030912
-0.012672
0.015468
0.050836
0.087388
0.115844
0.126308
0.117680
0.088668
0.053948
0.012276
-0.033756
-0.065868
-0.083892
-0.083820
-0.091576
-0.115928
-0.125532
-0.115364
-0.094576
-0.077316
-0.063724
-0.038804
0.003708
0.061516
0.115500
0.157984
0.194464
0.210668
0.204108
0.190236
0.154308
0.109936
0.064272
0.000620
-0.053056
-0.099072
-0.127752
-0.128088
-0.127116
-0.119048
-0.100004
-0.078960
-0.064304
-0.047808
-0.016940
0.013504
0.032296
0.026848
-0.010448
-0.052020
-0.081304
-0.085956
-0.084256
-0.072520
-0.055708
-0.040408
-0.024432
-0.005084
0.016536
0.029376
0.027724
0.011136
-0.003292
-0.006932
-0.003268
-0.000176
-0.001272
-0.003192
-0.002096
0.005740
0.021144
0.050240
0.071004
0.073100
0.061840
0.044704
0.021648
0.004900
-0.001364
-0.001948
-0.006932
-0.019284
-0.031816
-0.038776
-0.032212
-0.018672
-0.001804
0.015736
0.032676
0.050052
0.064212
0.068976
0.071540
0.076104
0.076964
0.068156
0.047960
0.018372
-0.015428
-0.053872
-0.080312
-0.093592
-0.094232
-0.084500
-0.069076
-0.046304
-0.026672
-0.019968
-0.014448
-0.004664
0.008712
0.023624
0.040620
0.056120
0.066428
0.065276
0.062276
0.064180
0.066988
0.066468
0.058820
0.050424
0.046392
0.048356
0.051092
0.049048
0.046100
0.049492
0.067852
0.094472
0.138380
0.174892
0.185796
0.172180
0.130460
0.085828
0.052376
0.040860
0.032796
0.020468
0.004928
-0.011188
-0.027124
-0.035324
-0.037924
-0.042644
-0.047552
-0.047524
-0.045692
-0.046264
-0.049620
-0.046324
-0.033384
-0.018972
-0.006100
0.013104
0.037360
0.062552
0.087384
0.108156
0.112592
0.109776
0.097532
0.079252
0.058904
0.032172
0.010124
-0.006888
-0.028192
-0.052888
-0.073244
-0.080276
-0.076448
-0.059632
-0.040096
-0.025804
-0.021524
-0.017528
-0.009240
-0.000752
0.005972
0.012332
0.017900
0.016560
0.008612
-0.005212
-0.022756
-0.036920
-0.040548
-0.029364
-0.012084
0.002180
0.014924
0.029884
0.042380
0.046672
0.032720
0.012568
-0.001080
0.004700
0.017112
0.034372
0.041924
0.035256
0.025472
0.019988
0.027572
0.039876
0.050080
0.051292
0.048184
0.038400
0.029496
0.024380
0.020744
0.012388
-0.004156
-0.020484
-0.028212
-0.015168
0.001244
0.011564
0.015272
0.020840
0.034192
0.049444
0.061736
0.066228
0.063824
0.049604
0.032592
0.016232
0.001416
-0.008784
-0.008992
-0.004344
-0.000708
0.001232
0.006336
0.016972
0.024644
0.026280
0.021400
0.015960
0.011176
0.006484
0.003080
0.005848
0.014852
0.028712
0.043740
0.054852
0.054844
0.050796
0.044576
0.030768
0.013540
-0.004704
-0.023272
-0.041768
-0.057328
-0.069404
-0.077040
-0.078176
-0.079020
-0.081172
-0.075820
-0.062448
-0.042052
-0.022768
-0.008272
0.008356
0.027752
0.039980
0.051300
0.073872
0.093980
0.101180
0.094868
0.082764
0.067828
0.054708
0.041348
0.020868
-0.001228
-0.018640
-0.033672
-0.047272
-0.050380
-0.045168
-0.034996
-0.024292
-0.015680
-0.010628
-0.008840
-0.011364
-0.019144
-0.027544
-0.026536
-0.015828
0.000784
0.015672
0.027244
0.036240
0.043228
0.046944
0.048396
0.048128
0.042744
0.033848
0.022152
0.007824
-0.004044
-0.008012
-0.004660
0.000360
0.003952
0.008728
0.018324
0.033824
0.049168
0.053940
0.047452
0.026356
0.002920
-0.016628
-0.032856
-0.040164
-0.033512
-0.016072
0.000908
0.020188
0.039868
0.056084
0.068412
0.076136
0.072240
0.064872
0.054332
0.043024
0.033432
0.025724
0.018176
0.008936
-0.005992
-0.019772
-0.024548
-0.026652
-0.027272
-0.014120
0.006460
0.031696
0.045788
0.048120
0.044712
0.040624
0.034120
0.024948
0.017368
0.017720
0.019680
0.021316
0.024084
0.025168
0.017340
0.007752
0.001204
-0.004168
-0.009452
-0.012828
-0.014400
-0.015812
-0.020144
-0.025308
-0.028124
-0.029436
-0.029324
-0.025852
-0.020352
-0.014700
-0.014140
-0.016896
-0.017752
-0.015664
-0.010440
-0.003924
0.000820
-0.002596
-0.012156
-0.028268
-0.045524
-0.060424
-0.069340
-0.069448
-0.060024
-0.047288
-0.037824
-0.032224
-0.023844
-0.011676
0.001752
0.012936
0.016252
0.019064
0.023940
0.027284
0.027620
0.023660
0.021536
0.023792
0.030272
0.037800
0.042112
0.040272
0.033360
0.027216
0.021872
0.013936
0.006104
0.001540
0.002064
0.004508
0.007804
0.007984
0.003204
-0.006192
-0.015532
-0.022784
-0.027032
-0.027628
-0.018980
-0.007352
0.008348
0.028000
0.047780
0.064420
0.075072
0.075624
0.076072
0.080472
0.089308
0.097304
0.100432
0.099052
0.093532
0.085252
0.077656
0.069992
0.056364
0.037140
0.012740
-0.010288
-0.030600
-0.044888
-0.041524
-0.028128
-0.015720
-0.005724
0.001560
0.001408
-0.002776
-0.009756
-0.017188
-0.023116
-0.026784
-0.027308
-0.025304
-0.019668
-0.014476
-0.011456
-0.011420
-0.014032
-0.020692
-0.026732
-0.030612
-0.034464
-0.037044
-0.032472
-0.026648
-0.023364
-0.020656
-0.019908
-0.031372
-0.046492
-0.062900
-0.091112
-0.118628
-0.131248
-0.126924
-0.118408
-0.093096
-0.058180
-0.025296
-0.009116
-0.001236
-0.005684
-0.018016
-0.032844
-0.042064
-0.045360
-0.043156
-0.045704
-0.052768
-0.051384
-0.042768
-0.026352
-0.012676
-0.004984
0.000060
0.002292
-0.006356
-0.017792
-0.026996
-0.033648
-0.036104
-0.030248
-0.024096
-0.021768
-0.021368
-0.020916
-0.022200
-0.026740
-0.031656
-0.032620
-0.033200
-0.036328
-0.041984
-0.047820
-0.050156
-0.048664
-0.041704
-0.024292
-0.004084
0.016460
0.029588
0.032564
0.031928
0.031224
0.030652
0.029760
0.027460
0.020452
0.010804
0.001512
-0.005964
-0.011144
-0.015368
-0.011268
0.002908
0.021480
0.043592
0.063148
0.075528
0.084152
0.083232
0.073556
0.060488
0.043500
0.029432
0.016508
0.000476
-0.017460
-0.030536
-0.032780
-0.031012
-0.029360
-0.021912
-0.011608
-0.003208
0.003696
0.010364
0.014152
0.018100
0.025196
0.030488
0.031396
0.026468
0.020732
0.018588
0.025772
0.037176
0.043680
0.044616
0.043828
0.045000
0.046552
0.046408
0.047588
0.051332
0.053364
0.049660
0.037000
0.021340
0.007840
-0.001364
-0.008524
-0.016236
-0.029996
-0.045960
-0.056892
-0.052604
-0.040244
-0.027788
-0.011476
0.001556
0.011668
0.021764
0.030340
0.034740
0.035384
0.036276
0.037136
0.035868
0.031768
0.025188
0.017116
0.006524
-0.004408
-0.013612
-0.019256
-0.025788
-0.033456
-0.035364
-0.031720
-0.023236
-0.014644
-0.006176
0.003016
0.012252
0.020104
0.028636
0.038484
0.047040
0.054408
0.060832
0.065296
0.065492
0.057524
0.046084
0.031008
0.009628
-0.015520
-0.036516
-0.041012
-0.038748
-0.029724
-0.021780
-0.016520
-0.008728
0.004200
0.027780
0.050068
0.065000
0.073348
0.076772
0.068060
0.054904
0.039852
0.019692
-0.000020
-0.014404
-0.028796
-0.045264
-0.058756
-0.068012
-0.075100
-0.084304
-0.093036
-0.095008
-0.086364
-0.066372
-0.040196
-0.015796
0.007988
0.031912
0.055212
0.080540
0.107472
0.130088
0.138760
0.141176
0.130828
0.106044
0.080536
0.061476
0.041956
0.014792
-0.020340
-0.040468
-0.044716
-0.043228
-0.041540
-0.035600
-0.027508
-0.020136
-0.011708
-0.005052
-0.000020
0.012172
0.026300
0.032364
0.033840
0.035536
0.041008
0.047192
0.047512
0.036932
0.015720
-0.007708
-0.024980
-0.031876
-0.032400
-0.047320
-0.062076
-0.055536
-0.034828
-0.011568
0.017828
0.039156
0.046032
0.043332
0.028824
0.008764
-0.004216
-0.005548
-0.006580
-0.013000
-0.023836
-0.031136
-0.032896
-0.031972
-0.030824
-0.028508
-0.027856
-0.031524
-0.041008
-0.049784
-0.052296
-0.046248
-0.037276
-0.030800
-0.028032
-0.029972
-0.031256
-0.030144
-0.028508
-0.029532
-0.036280
-0.049148
-0.064252
-0.077252
-0.081296
-0.074640
-0.061856
-0.050772
-0.040824
-0.033440
-0.030392
-0.027352
-0.025172
-0.030752
-0.037560
-0.041488
-0.046136
-0.050596
-0.047504
-0.045224
-0.049092
-0.055940
-0.060952
-0.058036
-0.048884
-0.035404
-0.020300
-0.007504
-0.000704
0.004448
0.005748
0.001800
-0.004468
-0.011732
-0.019892
-0.030376
-0.040168
-0.048176
-0.056128
-0.066452
-0.079168
-0.092376
-0.104556
-0.114620
-0.121232
-0.124216
-0.119448
-0.110080
-0.097144
-0.083452
-0.069768
-0.053776
-0.037596
-0.025536
-0.014780
-0.005692
-0.003508
-0.006472
-0.012628
-0.018780
-0.023864
-0.028684
-0.031396
-0.024608
-0.017168
-0.012368
-0.006396
0.002900
0.017740
0.028780
0.029340
0.023296
0.011556
-0.003664
-0.019276
-0.036276
-0.052920
-0.067056
-0.074112
-0.074984
-0.070288
-0.062732
-0.055260
-0.045148
-0.036492
-0.031872
-0.027972
-0.023324
-0.019556
-0.018132
-0.021380
-0.029632
-0.038016
-0.039308
-0.038348
-0.038820
-0.038124
-0.037780
-0.046712
-0.060268
-0.072208
-0.077080
-0.077568
-0.068908
-0.059284
-0.052976
-0.048332
-0.043296
-0.039964
-0.039712
-0.041664
-0.043144
-0.042752
-0.039392
-0.039056
-0.043676
-0.048520
-0.052224
-0.056144
-0.060628
-0.065520
-0.072336
-0.078688
-0.079824
-0.076856
-0.070900
-0.062112
-0.053988
-0.049128
-0.046304
-0.043704
-0.037408
-0.026316
-0.006940
0.009164
0.017172
0.020408
0.022336
0.022508
0.021472
0.018660
0.009420
-0.004608
-0.021128
-0.037736
-0.053528
-0.062636
-0.067008
-0.067896
-0.068112
-0.066100
-0.058000
-0.047144
-0.034620
-0.018868
0.001496
0.025900
0.048768
0.059628
0.066820
0.072316
0.076132
0.077500
0.075988
0.072652
0.065612
0.055120
0.043500
0.031996
0.021336
0.012096
0.003936
-0.004180
-0.013032
-0.018444
-0.019852
-0.024464
-0.031876
-0.038204
-0.039392
-0.036156
-0.034340
-0.034744
-0.034892
-0.032180
-0.026332
-0.017096
-0.008780
-0.005220
-0.001280
0.004612
0.007788
0.007196
0.002984
-0.000764
-0.003184
-0.005768
-0.005664
0.008516
0.031512
0.056516
0.074360
0.086500
0.094620
0.098352
0.093252
0.085864
0.078540
0.062532
0.043288
0.026952
0.009252
-0.007776
-0.015432
-0.019956
-0.024604
-0.026144
-0.025684
-0.024468
-0.022140
-0.017948
-0.009700
-0.000676
0.006596
0.013836
0.020880
0.023404
0.023252
0.019696
0.015560
0.013044
0.015144
0.019840
0.025400
0.026260
0.020780
0.012044
0.006044
0.005324
0.007536
0.009924
0.012168
0.012412
0.008108
0.004776
0.005848
0.014060
0.022120
0.024928
0.024728
0.025656
0.030004
0.034708
0.037320
0.036700
0.034056
0.028672
0.023040
0.019196
0.016132
0.013080
0.011372
0.011876
0.016452
0.022324
0.026732
0.028576
0.032580
0.040840
0.046944
0.048772
0.046472
0.043644
0.037876
0.027704
0.016140
0.006312
-0.000592
-0.004104
-0.002848
0.000712
0.011296
0.026216
0.042968
0.060764
0.077680
0.088832
0.097848
0.104140
0.106836
0.106652
0.100084
0.091176
0.082896
0.075168
0.067080
0.059108
0.050576
0.041832
0.035396
0.030216
0.026112
0.024340
0.025516
0.027808
0.028448
0.027096
0.027372
0.030372
0.035136
0.039708
0.043868
0.047460
0.050796
0.055808
0.061968
0.069036
0.073436
0.073960
0.072788
0.072592
0.073156
0.076344
0.080216
0.073204
0.060564
0.045360
0.032928
0.024784
0.020804
0.018964
0.021884
0.031984
0.045560
0.059872
0.072008
0.079496
0.084260
0.085872
0.083220
0.079540
0.074008
0.068480
0.063912
0.058576
0.052716
0.048212
0.047120
0.049808
0.054172
0.056124
0.053964
0.050336
0.046432
0.045220
0.047088
0.051872
0.054696
0.055804
0.059752
0.064620
0.066416
0.065332
0.061724
0.054436
0.046608
0.039356
0.030092
0.018828
0.008000
0.001112
-0.001128
-0.000404
0.002776
0.011420
0.022660
0.036156
0.044324
0.046160
0.042940
0.039532
0.037852
0.037624
0.038656
0.042720
0.045572
0.043296
0.033556
0.019792
0.004928
-0.009100
-0.021608
-0.028428
-0.032688
-0.033244
-0.029404
-0.021516
-0.012924
-0.005152
0.003604
0.009632
0.011276
0.013096
0.016728
0.020732
0.022344
0.021112
0.018224
0.014608
0.010432
0.006532
0.003596
0.001532
0.001388
0.008796
0.019720
0.030812
0.041128
0.050180
0.054616
0.057016
0.055848
0.050560
0.042424
0.028712
0.015660
0.006660
0.001828
-0.001596
0.000840
0.004852
0.008180
0.014288
0.022392
0.028180
0.031484
0.033608
0.034496
0.033676
0.029672
0.026036
0.024116
0.022508
0.021568
0.024412
0.027992
0.030272
0.031616
0.032668
0.032912
0.029808
0.020040
0.011492
0.006252
-0.001096
-0.010680
-0.019048
-0.022280
-0.022832
-0.018112
-0.011760
-0.006312
-0.003172
-0.001152
-0.001596
-0.001692
0.000304
0.004220
0.009808
0.018972
0.027608
0.033744
0.037828
0.040728
0.041820
0.042404
0.041912
0.039708
0.035904
0.028548
0.022012
0.017776
0.012832
0.006968
0.002820
0.000200
-0.001804
-0.003144
-0.004116
-0.005144
-0.003872
0.000868
0.006912
0.012024
0.013636
0.015428
0.018016
0.016796
0.012112
0.006064
-0.000124
-0.008256
-0.015456
-0.020584
-0.024204
-0.023300
-0.016064
-0.005856
0.003204
0.006816
0.012536
0.024000
0.032264
0.034760
0.032564
0.028488
0.021660
0.016240
0.012460
0.007080
-0.000880
-0.010944
-0.018932
-0.023908
-0.025512
-0.029724
-0.036740
-0.039528
-0.037580
-0.028716
-0.021944
-0.020928
-0.023340
-0.022880
-0.015068
-0.010344
-0.011400
-0.008156
0.000676
0.010832
0.014352
0.005640
-0.012296
-0.029148
-0.031864
-0.027564
-0.023464
-0.023124
-0.024200
-0.024844
-0.021688
-0.014064
-0.004160
0.006352
0.015936
0.025504
0.034968
0.040508
0.042364
0.041196
0.038600
0.033432
0.024580
0.013564
0.000704
-0.011228
-0.021784
-0.032572
-0.042380
-0.045280
-0.046388
-0.049972
-0.057488
-0.062580
-0.059112
-0.048320
-0.032044
-0.016728
-0.004368
0.005652
0.012284
0.009056
0.002724
-0.002180
-0.010480
-0.021152
-0.031912
-0.041984
-0.051296
-0.057684
-0.059916
-0.058136
-0.056996
-0.057304
-0.056608
-0.057568
-0.060472
-0.057536
-0.051572
-0.047192
-0.044252
-0.040300
-0.032520
-0.023652
-0.015412
-0.011408
-0.012468
-0.014600
-0.018088
-0.028628
-0.038728
-0.045180
-0.054040
-0.061628
-0.060400
-0.056020
-0.052088
-0.048404
-0.045176
-0.044976
-0.044572
-0.042524
-0.041532
-0.041300
-0.039120
-0.034112
-0.027064
-0.019664
-0.012952
-0.008320
-0.002624
0.004684
0.006476
0.003516
0.000328
-0.003024
-0.009944
-0.015188
-0.015972
-0.011920
-0.008320
-0.005664
-0.000888
0.005208
0.009484
0.010564
0.006868
0.003604
0.002112
-0.001040
-0.004936
-0.007096
-0.007096
-0.007876
-0.013896
-0.020344
-0.023224
-0.020536
-0.014580
-0.006396
-0.000568
0.001120
0.002032
0.002260
-0.002824
-0.009232
-0.015896
-0.025384
-0.035744
-0.041516
-0.044280
-0.045712
-0.043660
-0.038388
-0.030804
-0.025672
-0.023344
-0.020008
-0.015764
-0.013776
-0.011476
-0.006076
0.000700
0.006064
0.007280
0.007480
0.008696
0.010436
0.011552
0.011092
0.008476
0.002628
-0.001764
-0.003660
-0.005088
-0.009224
-0.016600
-0.022528
-0.024332
-0.018968
-0.012652
-0.006672
-0.004540
-0.005904
-0.008720
-0.012048
-0.018324
-0.025220
-0.029908
-0.030984
-0.032732
-0.035972
-0.036716
-0.033712
-0.024832
-0.015368
-0.006684
-0.002684
-0.001452
0.002248
0.008004
0.013484
0.016000
0.016548
0.016044
0.015464
0.014692
0.013420
0.010516
0.002620
-0.006220
-0.012344
-0.016276
-0.019372
-0.020572
-0.022696
-0.026720
-0.028372
-0.027632
-0.027028
-0.029016
-0.034632
-0.042016
-0.047636
-0.046196
-0.044564
-0.045792
-0.044916
-0.042008
-0.042624
-0.047976
-0.055300
-0.058728
-0.058748
-0.056644
-0.054972
-0.053980
-0.054176
-0.053260
-0.044652
-0.036816
-0.034392
-0.032508
-0.030564
-0.035336
-0.041660
-0.045924
-0.050444
-0.056840
-0.065528
-0.074776
-0.082560
-0.083796
-0.083612
-0.086208
-0.089792
-0.091452
-0.088408
-0.082500
-0.070140
-0.058992
-0.051636
-0.040596
-0.028292
-0.026548
-0.027240
-0.026168
-0.029712
-0.037988
-0.047608
-0.051932
-0.051540
-0.053476
-0.057216
-0.057396
-0.055572
-0.053700
-0.050744
-0.046628
-0.042700
-0.040772
-0.040608
-0.039960
-0.037548
-0.032164
-0.028252
-0.027948
-0.028720
-0.029572
-0.032356
-0.032596
-0.028012
-0.020832
-0.014136
-0.009940
-0.007852
-0.010584
-0.019760
-0.031484
-0.041540
-0.050748
-0.060824
-0.069956
-0.076228
-0.077720
-0.076516
-0.073200
-0.068916
-0.065168
-0.061964
-0.057228
-0.049724
-0.038344
-0.026128
-0.013796
-0.005580
-0.002088
0.004116
0.011464
0.010960
0.006576
0.000812
-0.004092
-0.007136
-0.006776
-0.005316
-0.003968
-0.003568
-0.004508
-0.006776
-0.005852
-0.000132
0.008160
0.015504
0.016648
0.015924
0.015932
0.017148
0.018936
0.021484
0.022608
0.021876
0.021184
0.021064
0.021404
0.021832
0.021796
0.018688
0.014216
0.011848
0.012480
0.014292
0.013048
0.010336
0.006956
0.002912
-0.000636
-0.000208
0.000252
-0.001768
-0.004608
-0.007156
-0.010128
-0.012656
-0.013584
-0.012228
-0.009848
-0.006804
-0.004664
-0.003776
-0.002864
-0.001120
0.001084
0.002836
0.004124
0.006088
0.010296
0.017628
0.023416
0.025948
0.026468
0.027992
0.029440
0.029228
0.027748
0.026336
0.024372
0.020324
0.015808
0.012192
0.013968
0.018596
0.024068
0.028188
0.031904
0.038472
0.045824
0.050556
0.051860
0.050360
0.048384
0.047544
0.046716
0.045048
0.042776
0.039764
0.036648
0.034444
0.036636
0.045132
0.055688
0.065020
0.075120
0.084912
0.091904
0.095140
0.093412
0.078644
0.061072
0.046276
0.034500
0.023296
0.013508
0.010224
0.011444
0.014488
0.017220
0.019224
0.019856
0.019056
0.015220
0.010604
0.007508
0.007668
0.008980
0.008288
0.006944
0.006436
0.005540
0.004028
0.003292
0.004564
0.008560
0.011664
0.012412
0.010656
0.008904
0.008084
0.007260
0.005864
0.003988
0.002568
0.002848
0.006440
0.011612
0.016300
0.020580
0.025108
0.028848
0.033252
0.041348
0.049452
0.053208
0.052640
0.048864
0.044904
0.041756
0.037164
0.031068
0.024240
0.015764
0.007296
0.002420
-0.000224
-0.002568
-0.001440
0.002200
0.009088
0.017500
0.026072
0.034880
0.042880
0.047572
0.050504
0.051272
0.047264
0.039592
0.026996
0.013092
0.000396
-0.007524
-0.012556
-0.016320
-0.020360
-0.023616
-0.022544
-0.018204
-0.011772
-0.003396
0.004836
0.008400
0.013360
0.022744
0.029004
0.030560
0.029664
0.029544
0.029820
0.028872
0.027168
0.025692
0.024388
0.022892
0.021684
0.021152
0.021532
0.021852
0.021296
0.020996
0.020492
0.017272
0.014384
0.013464
0.010956
0.006840
0.005652
0.004760
0.002784
0.004512
0.010224
0.018316
0.023024
0.023084
0.021432
0.019780
0.018216
0.016744
0.014552
0.010812
0.007728
0.009808
0.015496
0.022908
0.030896
0.037984
0.039780
0.039880
0.039392
0.039268
0.038716
0.033828
0.028156
0.023592
0.019272
0.014520
0.009704
0.004256
-0.000600
-0.000500
0.001932
0.004952
0.011444
0.022508
0.031844
0.038252
0.043428
0.048260
0.051536
0.052100
0.050304
0.045472
0.038660
0.028304
0.018528
0.010912
0.004232
-0.001472
-0.005584
-0.009544
-0.013888
-0.019000
-0.023220
-0.024608
-0.019840
-0.012024
-0.001880
0.008128
0.016788
0.022176
0.026900
0.032976
0.037008
0.037144
0.033992
0.028460
0.018280
0.006696
-0.003704
-0.009884
-0.012060
-0.009528
-0.005112
0.001064
0.008176
0.014264
0.018532
0.021172
0.023068
0.027508
0.032756
0.035396
0.033596
0.027884
0.021184
0.015064
0.007764
0.001636
-0.001056
-0.002064
-0.004244
-0.006872
-0.006864
-0.005308
-0.002712
0.000004
0.002016
0.002160
-0.000044
-0.002684
-0.004336
-0.004012
-0.004160
-0.005008
-0.004512
-0.002256
0.000200
0.000084
-0.001748
-0.002644
-0.000444
0.007412
0.018780
0.029516
0.034080
0.031872
0.020512
0.010128
0.005836
0.004536
0.006180
0.015144
0.019980
0.016244
0.004376
-0.010568
-0.028356
-0.040028
-0.043384
-0.036524
-0.032796
-0.034008
-0.030784
-0.022548
-0.012304
-0.001368
0.012308
0.028376
0.041136
0.036904
0.028988
0.021080
0.012196
0.001728
-0.011492
-0.023568
-0.032076
-0.033816
-0.033524
-0.029716
-0.021004
-0.007676
0.007540
0.020640
0.029304
0.035136
0.034472
0.029436
0.024868
0.022736
0.018860
0.011500
0.001736
-0.008160
-0.014912
-0.016816
-0.013716
-0.006656
-0.000752
0.000524
0.000080
-0.000984
-0.002512
-0.004960
-0.011916
-0.020796
-0.026928
-0.023712
-0.015076
-0.003404
0.006156
0.011476
0.009740
0.007732
0.011256
0.016480
0.019616
0.017832
0.014328
0.011876
0.010172
0.007576
0.003232
-0.001840
-0.007184
-0.011644
-0.015080
-0.017868
-0.019632
-0.018600
-0.017448
-0.017448
-0.018520
-0.019024
-0.017532
-0.014648
-0.010932
-0.006272
0.000116
0.009136
0.015624
0.017108
0.014016
0.010468
0.006400
-0.000468
-0.008660
-0.011324
-0.008552
-0.002356
0.003060
0.006248
0.004784
-0.000608
-0.009776
-0.015328
-0.015948
-0.014060
-0.012548
-0.010944
-0.007576
-0.004296
-0.003732
-0.005740
-0.009528
-0.011528
-0.011376
-0.009656
-0.007956
-0.007220
-0.008432
-0.011076
-0.014832
-0.017692
-0.017924
-0.018148
-0.019816
-0.021240
-0.021712
-0.021492
-0.022700
-0.024488
-0.025516
-0.024392
-0.020036
-0.017124
-0.016764
-0.018364
-0.018844
-0.019620
-0.024420
-0.031528
-0.038260
-0.044740
-0.051404
-0.056356
-0.058984
-0.060416
-0.061456
-0.061348
-0.058236
-0.053272
-0.047744
-0.044992
-0.045176
-0.043568
-0.039164
-0.032784
-0.028444
-0.026480
-0.024728
-0.023856
-0.023720
-0.022316
-0.019240
-0.017080
-0.014760
-0.011700
-0.008916
-0.008676
-0.010168
-0.010532
-0.008288
-0.006280
-0.005636
-0.004980
-0.003476
0.000800
0.006048
0.011020
0.013044
0.012224
0.007696
0.002356
-0.003052
-0.007404
-0.010072
-0.012840
-0.015432
-0.017328
-0.016520
-0.013796
-0.010900
-0.010092
-0.010816
-0.010520
-0.008748
-0.004564
-0.001896
-0.001436
-0.000216
0.002288
0.005836
0.008320
0.009016
0.007984
0.005072
-0.004028
-0.014088
-0.022232
-0.029428
-0.037624
-0.046116
-0.050396
-0.048684
-0.043940
-0.038624
-0.030440
-0.019732
-0.008072
0.002008
0.009236
0.007848
0.003160
-0.002032
-0.009124
-0.017060
-0.022308
-0.026220
-0.031452
-0.038308
-0.044924
-0.048820
-0.049420
-0.046196
-0.040332
-0.035876
-0.034252
-0.032300
-0.029444
-0.028368
-0.029284
-0.031980
-0.034384
-0.036132
-0.037860
-0.038748
-0.037944
-0.039080
-0.043284
-0.045872
-0.046336
-0.046724
-0.047812
-0.048420
-0.049384
-0.051016
-0.052588
-0.052608
-0.050564
-0.046620
-0.042968
-0.040672
-0.039472
-0.039104
-0.038592
-0.037560
-0.038296
-0.044428
-0.055520
-0.063764
-0.066924
-0.065888
-0.065080
-0.064748
-0.060564
-0.056064
-0.055244
-0.054500
-0.051316
-0.045976
-0.039928
-0.032744
-0.025424
-0.018600
-0.013128
-0.008196
-0.007580
-0.009268
-0.011128
-0.010796
-0.010188
-0.010504
-0.012504
-0.015560
-0.018260
-0.020260
-0.020444
-0.019896
-0.018724
-0.017128
-0.016284
-0.017072
-0.021752
-0.031000
-0.041316
-0.049056
-0.053944
-0.056536
-0.056512
-0.055736
-0.054928
-0.051864
-0.045796
-0.038148
-0.031560
-0.026704
-0.024444
-0.021400
-0.016564
-0.011956
-0.008224
-0.005140
-0.001520
0.002276
0.003440
0.002732
0.001512
0.000172
-0.001324
-0.003792
-0.006724
-0.008456
-0.007768
-0.005096
-0.002888
-0.001176
0.001568
0.003956
0.005048
0.005948
0.007532
0.010888
0.012100
0.010256
0.007568
0.005516
0.004612
0.002700
-0.001588
-0.008696
-0.015556
-0.016848
-0.015164
-0.013168
-0.011336
-0.008500
-0.003472
0.001604
0.006156
0.012172
0.018692
0.022848
0.026144
0.029360
0.031852
0.033064
0.032480
0.031008
0.028888
0.025624
0.021732
0.017664
0.012020
0.004468
-0.003904
-0.011268
-0.013952
-0.014284
-0.012600
-0.009168
-0.004996
0.000364
0.005456
0.009004
0.013756
0.020032
0.024720
0.026028
0.023024
0.019352
0.017340
0.018240
0.021084
0.025308
0.027984
0.028628
0.028356
0.028188
0.026868
0.025412
0.025400
0.024780
0.022588
0.020096
0.017632
0.016020
0.015196
0.014196
0.013576
0.013576
0.014116
0.014892
0.015988
0.017836
0.019544
0.020220
0.020128
0.018228
0.009708
0.001256
-0.002428
-0.001092
0.001364
0.007772
0.015716
0.023548
0.031728
0.039000
0.040968
0.041676
0.042172
0.041784
0.041460
0.043132
0.044768
0.044260
0.042588
0.041056
0.040808
0.039920
0.037980
0.038212
0.039976
0.039932
0.037440
0.032416
0.028616
0.026824
0.024064
0.020856
0.019212
0.020400
0.023196
0.027776
0.030576
0.030152
0.027712
0.024732
0.019832
0.014384
0.011244
0.011632
0.013644
0.016908
0.020632
0.024852
0.031192
0.038348
0.043232
0.047216
0.051804
0.054952
0.055840
0.056712
0.058972
0.060288
0.060404
0.059384
0.055136
0.049784
0.043560
0.037928
0.034144
0.033200
0.032988
0.032424
0.031508
0.030580
0.029940
0.030104
0.031444
0.030512
0.026732
0.023444
0.021104
0.018284
0.016012
0.015608
0.018164
0.020992
0.021972
0.023916
0.027836
0.031224
0.035020
0.041672
0.048648
0.054676
0.060292
0.065652
0.069972
0.072112
0.070500
0.067660
0.064648
0.058932
0.052444
0.046356
0.040672
0.035440
0.029996
0.026716
0.027484
0.032820
0.040192
0.047092
0.052776
0.057128
0.062180
0.067648
0.071692
0.074156
0.075464
0.077412
0.080556
0.085876
0.091764
0.096392
0.098616
0.098824
0.097064
0.096148
0.098144
0.099696
0.099900
0.098960
0.097792
0.095508
0.089428
0.080432
0.076944
0.077192
0.076060
0.074576
0.074908
0.075020
0.074456
0.074024
0.074088
0.075052
0.079972
0.086916
0.093612
0.097672
0.099116
0.099936
0.100368
0.099156
0.096020
0.090684
0.082808
0.073880
0.064324
0.056196
0.049896
0.045296
0.040696
0.035452
0.031232
0.028384
0.028584
0.028848
0.028080
0.026244
0.023292
0.018428
0.013280
0.008904
0.006276
0.004760
0.002764
-0.000200
-0.003288
-0.004576
-0.003772
-0.000040
0.003436
0.005744
0.008080
0.009988
0.009236
0.008404
0.008488
0.007440
0.005980
0.006292
0.008172
0.010824
0.014036
0.018220
0.023120
0.028404
0.033136
0.035692
0.035892
0.033296
0.030592
0.027260
0.022364
0.017200
0.013944
0.012400
0.011844
0.012176
0.012960
0.013696
0.013364
0.010792
0.007136
0.003600
-0.000300
-0.004760
-0.009916
-0.014904
-0.018796
-0.019580
-0.016708
-0.011312
-0.007940
-0.006548
-0.005508
-0.003112
0.000380
0.003376
0.005084
0.003528
0.000752
-0.002596
-0.007724
-0.013924
-0.019328
-0.023632
-0.027168
-0.029156
-0.029356
-0.026564
-0.022416
-0.018132
-0.014292
-0.011776
-0.011936
-0.012172
-0.012484
-0.012928
-0.013528
-0.014388
-0.015680
-0.017392
-0.018984
-0.019372
-0.016988
-0.014912
-0.014964
-0.014336
-0.012780
-0.013108
-0.014988
-0.017844
-0.021256
-0.023408
-0.023408
-0.023708
-0.025052
-0.023596
-0.020028
-0.016648
-0.014396
-0.012552
-0.011908
-0.013040
-0.017444
-0.022444
-0.027832
-0.033480
-0.038196
-0.039936
-0.042744
-0.048548
-0.054312
-0.057080
-0.052916
-0.050084
-0.052620
-0.058124
-0.061980
-0.059488
-0.057080
-0.058404
-0.060604
-0.062312
-0.065280
-0.069212
-0.072636
-0.074016
-0.073440
-0.070664
-0.067480
-0.064476
-0.060804
-0.056940
-0.053812
-0.051004
-0.047536
-0.044552
-0.042508
-0.040808
-0.037568
-0.032828
-0.030908
-0.031328
-0.031904
-0.033488
-0.036928
-0.039216
-0.039208
-0.036576
-0.034436
-0.033132
-0.032624
-0.032540
-0.032560
-0.032516
-0.032748
-0.034208
-0.036188
-0.037824
-0.038956
-0.040140
-0.041204
-0.041788
-0.041188
-0.041560
-0.044924
-0.048344
-0.050584
-0.053684
-0.056684
-0.057068
-0.056392
-0.056184
-0.055936
-0.054832
-0.052388
-0.049064
-0.045296
-0.041256
-0.037472
-0.034332
-0.027948
-0.018472
-0.013580
-0.012236
-0.012912
-0.015044
-0.019104
-0.022772
-0.026308
-0.032752
-0.039064
-0.043328
-0.047420
-0.051512
-0.053016
-0.053340
-0.053728
-0.054928
-0.056372
-0.056900
-0.055116
-0.051652
-0.049924
-0.048888
-0.046276
-0.043896
-0.043560
-0.044236
-0.044368
-0.044352
-0.044088
-0.042928
-0.040220
-0.037500
-0.035404
-0.034852
-0.035984
-0.036832
-0.037144
-0.038004
-0.038332
-0.037400
-0.036380
-0.035852
-0.035852
-0.035084
-0.032688
-0.027784
-0.022552
-0.021652
-0.021356
-0.019984
-0.021624
-0.026552
-0.033540
-0.039324
-0.043924
-0.048792
-0.053496
-0.056064
-0.057940
-0.059792
-0.060372
-0.058884
-0.053328
-0.047152
-0.041876
-0.036776
-0.032664
-0.033384
-0.035964
-0.039960
-0.044568
-0.048368
-0.049980
-0.051104
-0.051228
-0.048520
-0.044724
-0.042368
-0.038956
-0.031620
-0.024080
-0.018172
-0.012780
-0.007600
-0.003984
-0.001684
0.000324
0.002116
0.003136
0.002572
0.001480
0.000388
-0.000596
-0.000712
0.001424
0.004336
0.006904
0.007612
0.007376
0.006860
0.006228
0.005588
0.005304
0.004268
0.000848
-0.003104
-0.006628
-0.009524
-0.012164
-0.013748
-0.015188
-0.016696
-0.016792
-0.015984
-0.014832
-0.015008
-0.016036
-0.016804
-0.016340
-0.014068
-0.012472
-0.012064
-0.011760
-0.010464
-0.008312
-0.008668
-0.011832
-0.013656
-0.013836
-0.014580
-0.016020
-0.017928
-0.021864
-0.026384
-0.029924
-0.031852
-0.033096
-0.034056
-0.034516
-0.033512
-0.031224
-0.028688
-0.027000
-0.024760
-0.020216
-0.015604
-0.011952
-0.007764
-0.003412
-0.000280
0.002432
0.004796
0.005492
0.005632
0.006440
0.008708
0.011792
0.012792
0.013040
0.014272
0.014548
0.012844
0.011224
0.010072
0.008000
0.005216
0.002528
-0.000184
-0.002580
-0.004052
-0.004812
-0.004932
-0.004884
-0.005416
-0.006644
-0.006700
-0.004212
0.002180
0.007828
0.007952
0.008076
0.010544
0.011864
0.011580
0.011416
0.013092
0.016288
0.018904
0.021304
0.025560
0.031132
0.036496
0.039068
0.040360
0.040624
0.039860
0.037428
0.033048
0.028200
0.022456
0.017584
0.014768
0.013916
0.013292
0.013548
0.014932
0.016748
0.017632
0.017336
0.014744
0.013724
0.015752
0.018128
0.020240
0.025488
0.030664
0.033336
0.035280
0.038188
0.041556
0.043408
0.043308
0.041924
0.039964
0.037612
0.037800
0.040208
0.038512
0.033536
0.030236
0.031900
0.036688
0.038700
0.038344
0.037700
0.038504
0.040188
0.041636
0.043204
0.044988
0.043996
0.039648
0.035276
0.031712
0.028216
0.025644
0.024860
0.024952
0.025472
0.029224
0.033332
0.035608
0.036728
0.038120
0.039352
0.041128
0.043340
0.043492
0.040876
0.034088
0.025936
0.017988
0.012852
0.008376
0.003204
0.000032
0.000464
0.002816
0.005212
0.010100
0.015412
0.019148
0.020772
0.023116
0.028220
0.031252
0.029900
0.026248
0.023120
0.019284
0.014904
0.010500
0.005312
0.001788
0.003408
0.007040
0.009696
0.011404
0.013484
0.015860
0.017592
0.018612
0.019416
0.019920
0.019240
0.017932
0.016672
0.015536
0.013940
0.011564
0.009408
0.008028
0.006952
0.005380
0.004168
0.007288
0.011308
0.009960
0.007988
0.008960
0.010916
0.012500
0.014692
0.016844
0.018224
0.018488
0.017756
0.015168
0.012420
0.009748
0.004840
0.000076
-0.001536
-0.003068
-0.006076
-0.008824
-0.010756
-0.011812
-0.010340
-0.007412
-0.005524
-0.004352
-0.002980
-0.002092
-0.002048
-0.002704
-0.003284
-0.003828
-0.005020
-0.006364
-0.006572
-0.005628
-0.004276
-0.003752
-0.004484
-0.007184
-0.010416
-0.013104
-0.013392
-0.013908
-0.018096
-0.020944
-0.019600
-0.016428
-0.013388
-0.009232
-0.005064
-0.002480
-0.002504
-0.003232
-0.004308
-0.006932
-0.011544
-0.015756
-0.018996
-0.021816
-0.023584
-0.023812
-0.020960
-0.016516
-0.011176
-0.005668
-0.000580
0.002828
0.004412
0.003348
0.001424
-0.000960
-0.006352
-0.012796
-0.018000
-0.021648
-0.024192
-0.023744
-0.023612
-0.024428
-0.021796
-0.016368
-0.011804
-0.008916
-0.006448
-0.004216
-0.001720
0.001836
0.005044
0.007216
0.008908
0.010392
0.010148
0.009900
0.010008
0.007792
0.004852
0.003132
0.001456
-0.001076
-0.004192
-0.007188
-0.009784
-0.011880
-0.013576
-0.014624
-0.015600
-0.015756
-0.012796
-0.008060
-0.004320
-0.003004
-0.003248
-0.003368
-0.003096
-0.002068
-0.000416
0.001296
0.000896
0.000184
0.001692
0.003052
0.002752
0.001900
0.001460
0.001076
0.000576
0.000356
0.001064
0.001996
0.002204
0.001324
0.000364
0.000884
0.002360
0.004108
0.004136
0.002696
0.001012
-0.000816
-0.003512
-0.007324
-0.010732
-0.010564
-0.010740
-0.013136
-0.014880
-0.015640
-0.017900
-0.020884
-0.023376
-0.024996
-0.026120
-0.026448
-0.025856
-0.024928
-0.023812
-0.022588
-0.020940
-0.018332
-0.015380
-0.013248
-0.011872
-0.011364
-0.011856
-0.012300
-0.011244
-0.010872
-0.012004
-0.011704
-0.010256
-0.010028
-0.010988
-0.011712
-0.010672
-0.008500
-0.006072
-0.004788
-0.004828
-0.005612
-0.005896
-0.005344
-0.004760
-0.003956
-0.002264
-0.000452
0.000896
0.002744
0.005080
0.006240
0.005764
0.003732
0.002024
0.000748
-0.001732
-0.004828
-0.007332
-0.008980
-0.010028
-0.009684
-0.008820
-0.007280
-0.005348
-0.003972
-0.004156
-0.004064
-0.002420
0.000588
0.004044
0.007664
0.009432
0.008964
0.008364
0.007236
0.002548
-0.001872
-0.003844
-0.005564
-0.008304
-0.011016
-0.012424
-0.012352
-0.010456
-0.009456
-0.011364
-0.013760
-0.014948
-0.014244
-0.012976
-0.011068
-0.007808
-0.004556
-0.003812
-0.003112
-0.000780
0.002288
0.004604
0.004848
0.006196
0.010396
0.013552
0.014352
0.013796
0.013652
0.014048
0.015220
0.016312
0.014912
0.012632
0.011140
0.011124
0.011828
0.014224
0.016556
0.017528
0.017024
0.016948
0.018424
0.020336
0.021668
0.020724
0.019176
0.018344
0.016880
0.014564
0.013844
0.014788
0.016152
0.014756
0.011660
0.010040
0.009452
0.008936
0.009292
0.010784
0.013364
0.015952
0.018492
0.019600
0.019596
0.019892
0.020800
0.021884
0.022588
0.023808
0.027760
0.031520
0.033044
0.033304
0.032492
0.027620
0.022840
0.020716
0.021772
0.023504
0.022616
0.020236
0.018828
0.021420
0.024960
0.026720
0.025256
0.021084
0.017452
0.015216
0.013420
0.012388
0.013048
0.014396
0.015044
0.015332
0.017848
0.022452
0.024792
0.025056
0.025056
0.025468
0.025440
0.024356
0.022504
0.019504
0.015880
0.012764
0.012540
0.012932
0.012212
0.012776
0.015020
0.017632
0.017664
0.013760
0.010884
0.010544
0.011220
0.010676
0.009200
0.008428
0.008400
0.008844
0.009860
0.011528
0.012580
0.013364
0.015412
0.017052
0.017156
0.016648
0.016164
0.015624
0.016040
0.017628
0.018816
0.019516
0.020392
0.022528
0.025704
0.028348
0.030264
0.031224
0.031072
0.030112
0.030452
0.031472
0.031564
0.029624
0.026164
0.023840
0.022780
0.021848
0.020052
0.017044
0.011556
0.006996
0.006792
0.008604
0.009596
0.009124
0.009260
0.011020
0.012512
0.013304
0.014960
0.016104
0.014664
0.013100
0.012460
0.010956
0.009776
0.010976
0.011568
0.010180
0.007488
0.005588
0.004640
0.004412
0.004120
0.002164
-0.001052
-0.005620
-0.008488
-0.010012
-0.013156
-0.016512
-0.018024
-0.017644
-0.017664
-0.019156
-0.020416
-0.020776
-0.021044
-0.021592
-0.021908
-0.022008
-0.021816
-0.020468
-0.018136
-0.014976
-0.012892
-0.012292
-0.011740
-0.010788
-0.010536
-0.010568
-0.010396
-0.010664
-0.011212
-0.011564
-0.011620
-0.011448
-0.011088
-0.009716
-0.006400
-0.004160
-0.004432
-0.006828
-0.008524
-0.008292
-0.007412
-0.006256
-0.004736
-0.003332
-0.002372
-0.001848
-0.000672
0.003680
0.008160
0.009540
0.008980
0.007944
0.004640
-0.000224
-0.005388
-0.008672
-0.010900
-0.014136
-0.017392
-0.018696
-0.018712
-0.018964
-0.019624
-0.019568
-0.018320
-0.016644
-0.015320
-0.015144
-0.015672
-0.017224
-0.018252
-0.017936
-0.015908
-0.014160
-0.013300
-0.012704
-0.012632
-0.014844
-0.017056
-0.018088
-0.018608
-0.019588
-0.021920
-0.023720
-0.023912
-0.023344
-0.022624
-0.020152
-0.018416
-0.018768
-0.019536
-0.019760
-0.019508
-0.020172
-0.021312
-0.019804
-0.016892
-0.013700
-0.011372
-0.010088
-0.009720
-0.009512
-0.008016
-0.006692
-0.006568
-0.007080
-0.006980
-0.005428
-0.003272
-0.001380
-0.001336
-0.001808
-0.001712
-0.001556
-0.002172
-0.004504
-0.006632
-0.006572
-0.006280
-0.006988
-0.007948
-0.008512
-0.008780
-0.009420
-0.010476
-0.011560
-0.012220
-0.011632
-0.010696
-0.010104
-0.010212
-0.010212
-0.009204
-0.007176
-0.003900
0.000284
0.001048
-0.000312
0.000684
0.004316
0.006584
0.006344
0.004680
0.003580
0.003344
0.002820
0.001324
-0.002132
-0.005804
-0.008420
-0.009856
-0.011572
-0.015576
-0.019356
-0.020044
-0.018520
-0.017004
-0.016284
-0.015724
-0.015300
-0.015112
-0.015356
-0.016728
-0.017852
-0.016860
-0.013296
-0.009416
-0.008188
-0.007888
-0.007088
-0.006452
-0.006268
-0.005596
-0.003676
0.000460
0.006672
0.012672
0.015356
0.015820
0.011028
0.002872
-0.006340
-0.011356
-0.011252
-0.009196
-0.005956
0.000828
0.007316
0.011200
0.013476
0.013876
0.010992
0.005824
0.001852
0.000164
-0.000812
-0.002664
-0.006476
-0.010880
-0.014692
-0.016236
-0.016048
-0.014508
-0.012464
-0.009004
-0.006132
-0.004912
-0.005288
-0.006748
-0.009236
-0.008204
-0.004576
-0.003020
-0.004716
-0.010244
-0.018120
-0.025512
-0.028412
-0.027424
-0.023956
-0.019756
-0.016052
-0.015028
-0.013032
-0.008436
-0.005968
-0.006060
-0.006164
-0.006456
-0.008968
-0.012536
-0.014620
-0.012276
-0.007560
-0.000020
0.005348
0.006736
0.003728
0.000116
-0.002204
-0.002204
-0.000880
0.001336
0.001936
-0.001284
-0.003644
-0.002708
0.002712
0.008136
0.010968
0.012008
0.012160
0.012652
0.012404
0.009348
0.005432
0.002204
0.000980
0.000712
0.001100
0.002012
0.004024
0.009756
0.015660
0.017840
0.016028
0.010856
0.004776
0.001604
0.003192
0.005396
0.005808
0.004580
0.002712
-0.000172
-0.001496
-0.001412
-0.002192
-0.004464
-0.007424
-0.007876
-0.005380
0.001024
0.005828
0.007304
0.009084
0.012184
0.015140
0.016064
0.013504
0.009088
0.003836
0.000564
-0.001660
-0.003964
-0.003356
-0.001244
-0.002948
-0.006108
-0.008272
-0.009120
-0.009844
-0.011696
-0.013936
-0.015592
-0.014992
-0.012820
-0.009768
-0.007280
-0.005580
-0.005084
-0.005628
-0.007552
-0.009540
-0.010392
-0.010156
-0.009504
-0.008420
-0.007848
-0.008192
-0.008144
-0.007500
-0.006876
-0.007480
-0.009932
-0.011836
-0.012120
-0.010316
-0.009036
-0.008636
-0.007808
-0.006032
-0.002548
0.000636
0.002528
0.003292
0.003772
0.004348
0.004928
0.005364
0.005640
0.005508
0.003908
0.002576
0.003076
0.002872
0.001496
0.000948
0.000464
-0.001716
-0.005708
-0.009308
-0.009380
-0.007912
-0.005196
-0.002812
-0.001284
-0.000132
0.000340
-0.001040
-0.002112
-0.001796
-0.000408
0.000380
0.000636
0.001752
0.004056
0.008132
0.013656
0.020912
0.022928
0.020624
0.019756
0.020668
0.020876
0.018812
0.016240
0.015496
0.015608
0.015692
0.016524
0.018040
0.019356
0.019844
0.019152
0.018024
0.016968
0.017264
0.016984
0.013976
0.010888
0.009688
0.011588
0.013776
0.014380
0.012940
0.009944
0.007328
0.006868
0.009436
0.011744
0.012272
0.010964
0.009020
0.006068
0.002024
-0.002704
-0.005904
-0.008276
-0.010784
-0.011728
-0.010932
-0.008916
-0.007288
-0.006380
-0.007608
-0.010016
-0.011396
-0.011792
-0.011784
-0.012392
-0.013240
-0.013148
-0.011576
-0.008128
-0.006196
-0.006752
-0.009812
-0.011660
-0.009440
-0.005232
-0.001544
0.001144
0.002900
0.002996
0.004468
0.007980
0.011312
0.013236
0.013392
0.012732
0.012148
0.014128
0.016476
0.016208
0.015568
0.015980
0.015848
0.014816
0.013076
0.012100
0.012260
0.013084
0.013612
0.013288
0.011536
0.008872
0.008256
0.009496
0.012988
0.014272
0.011712
0.007488
0.004208
0.001592
-0.001056
-0.002992
-0.003024
-0.002896
-0.003844
-0.004148
-0.002972
-0.001024
0.000628
0.002184
0.003548
0.004944
0.007648
0.010768
0.013032
0.013972
0.013572
0.011952
0.009248
0.005488
0.003572
0.004192
0.004784
0.004148
0.002920
0.003332
0.005784
0.009244
0.012188
0.014528
0.015904
0.016068
0.015956
0.016436
0.018704
0.020232
0.019340
0.017604
0.016020
0.013888
0.011536
0.009432
0.007600
0.006536
0.008340
0.010504
0.011564
0.011892
0.012500
0.014216
0.016812
0.020372
0.022540
0.023136
0.023164
0.024636
0.027788
0.029308
0.028884
0.027752
0.026984
0.026796
0.028016
0.029636
0.029188
0.027072
0.023896
0.021928
0.021648
0.023508
0.024600
0.023912
0.022188
0.020028
0.017192
0.014732
0.013544
0.013992
0.015404
0.017484
0.018860
0.018892
0.018476
0.018388
0.019180
0.018900
0.016060
0.012464
0.010492
0.012876
0.015400
0.016088
0.014968
0.012168
0.005696
-0.000092
-0.002600
-0.002080
-0.000448
0.001036
0.001064
-0.000176
-0.001828
-0.002712
0.000056
0.002944
0.003664
0.002468
0.000892
-0.000140
-0.000080
0.000764
0.001484
0.001756
0.000972
-0.000104
-0.001380
-0.004056
-0.007344
-0.008600
-0.007200
-0.003732
0.000452
0.004676
0.010956
0.015404
0.014188
0.012408
0.012792
0.013904
0.014432
0.014992
0.014628
0.013604
0.013680
0.015444
0.018024
0.019288
0.019276
0.017900
0.015532
0.012072
0.007696
0.003592
0.002060
0.000784
-0.001204
-0.002092
-0.001608
0.001168
0.004256
0.006480
0.007140
0.007896
0.010048
0.012320
0.013452
0.012072
0.010136
0.008312
0.006448
0.004508
0.002996
0.001272
-0.002040
-0.005764
-0.008908
-0.010936
-0.012304
-0.013380
-0.016288
-0.020076
-0.021584
-0.021444
-0.020684
-0.020388
-0.020608
-0.021392
-0.021724
-0.021208
-0.020824
-0.020484
-0.018976
-0.016764
-0.014280
-0.013596
-0.013688
-0.011052
-0.008180
-0.008368
-0.010000
-0.010856
-0.010796
-0.010080
-0.008192
-0.007160
-0.007316
-0.007496
-0.007380
-0.007884
-0.009556
-0.011024
-0.010012
-0.008348
-0.006996
-0.006676
-0.007340
-0.009200
-0.011080
-0.013352
-0.017556
-0.022188
-0.024272
-0.026008
-0.029160
-0.032876
-0.035484
-0.034596
-0.033896
-0.034564
-0.033224
-0.030772
-0.029676
-0.029100
-0.027660
-0.024608
-0.021376
-0.020280
-0.019680
-0.018464
-0.018184
-0.018676
-0.018056
-0.016916
-0.016384
-0.017028
-0.017924
-0.017604
-0.016828
-0.016584
-0.017616
-0.019092
-0.020016
-0.021360
-0.023656
-0.025324
-0.026092
-0.026520
-0.027788
-0.029492
-0.029668
-0.028924
-0.027580
-0.025952
-0.023744
-0.020128
-0.017000
-0.017128
-0.017320
-0.016092
-0.015564
-0.016072
-0.016272
-0.016540
-0.017368
-0.017704
-0.017152
-0.014748
-0.011924
-0.009676
-0.008760
-0.009308
-0.012808
-0.016972
-0.020404
-0.022000
-0.023204
-0.024360
-0.024940
-0.024632
-0.023592
-0.022212
-0.020092
-0.017692
-0.015296
-0.013092
-0.010824
-0.008300
-0.006860
-0.006792
-0.005972
-0.004712
-0.005128
-0.006216
-0.006808
-0.006936
-0.007160
-0.007704
-0.009256
-0.012268
-0.016576
-0.019000
-0.017020
-0.014552
-0.012976
-0.011512
-0.009244
-0.005260
-0.001344
0.001704
0.004416
0.007216
0.009760
0.012300
0.014800
0.016924
0.017624
0.013912
0.010884
0.010596
0.009400
0.006580
0.003836
0.001428
-0.001436
-0.004908
-0.008324
-0.011268
-0.013732
-0.015548
-0.016536
-0.017728
-0.019712
-0.021324
-0.022000
-0.021664
-0.021140
-0.020396
-0.018500
-0.015600
-0.014200
-0.013652
-0.012424
-0.010924
-0.010388
-0.012092
-0.014012
-0.014776
-0.015780
-0.017392
-0.017660
-0.016912
-0.016096
-0.015900
-0.015444
-0.012136
-0.007212
-0.002304
-0.000156
-0.000256
-0.002060
-0.003104
-0.003784
-0.006944
-0.010944
-0.011412
-0.011124
-0.012384
-0.013412
-0.013348
-0.012568
-0.011400
-0.009576
-0.007192
-0.005164
-0.005184
-0.004148
-0.000856
0.001956
0.002900
0.001020
-0.000156
0.000628
0.002068
0.002976
0.002488
0.001624
0.000492
-0.000436
-0.001556
-0.004328
-0.006832
-0.007876
-0.008436
-0.008436
-0.005568
-0.002336
-0.000128
0.002280
0.005240
0.008164
0.010412
0.011728
0.013988
0.017128
0.019492
0.020816
0.021544
0.023564
0.025880
0.025144
0.023556
0.023612
0.023744
0.022904
0.021896
0.021456
0.021804
0.023252
0.025672
0.029848
0.033712
0.035232
0.035668
0.036552
0.038048
0.038848
0.038016
0.036472
0.034232
0.030384
0.026960
0.025980
0.026144
0.025844
0.024692
0.023588
0.022916
0.022752
0.022236
0.019640
0.016656
0.014056
0.012048
0.010568
0.009968
0.009332
0.008460
0.007976
0.008224
0.010012
0.012252
0.014276
0.015316
0.015960
0.017116
0.018632
0.019980
0.020740
0.021152
0.021324
0.022128
0.024000
0.024888
0.024940
0.026096
0.027168
0.026572
0.025764
0.025892
0.027208
0.027836
0.026792
0.024204
0.021876
0.022676
0.023608
0.022876
0.021572
0.020328
0.018208
0.015912
0.014020
0.012424
0.010688
0.008308
0.006348
0.005672
0.006696
0.007908
0.008972
0.009344
0.009164
0.010216
0.011496
0.010864
0.010408
0.011428
0.012564
0.013388
0.014640
0.014664
0.013140
0.013932
0.016140
0.015524
0.013276
0.012148
0.013968
0.016544
0.019196
0.020188
0.019196
0.018364
0.018036
0.017548
0.017424
0.018256
0.020104
0.021640
0.020188
0.019028
0.019600
0.018952
0.016356
0.012728
0.011496
0.013208
0.015560
0.016656
0.016164
0.015504
0.014616
0.012604
0.010624
0.010440
0.010992
0.011208
0.010096
0.008060
0.004128
0.001480
0.001364
0.001744
0.001008
-0.000512
-0.001688
-0.002048
-0.000296
0.001424
0.001204
0.000220
-0.000664
-0.001056
-0.001004
-0.000460
-0.000132
-0.000264
-0.000856
-0.000896
0.000492
0.002564
0.004804
0.006260
0.006968
0.007280
0.009136
0.012164
0.012612
0.011788
0.011744
0.010592
0.007256
0.004572
0.003524
0.003412
0.003876
0.005040
0.005128
0.004164
0.003004
0.002260
0.002124
0.003708
0.004488
0.002264
0.001304
0.002944
0.003952
0.003060
0.000900
-0.001356
-0.003960
-0.006808
-0.010148
-0.014184
-0.016384
-0.016344
-0.014128
-0.010928
-0.005860
-0.003612
-0.004160
-0.003548
-0.003100
-0.005848
-0.007904
-0.008592
-0.012792
-0.018272
-0.021184
-0.022204
-0.022864
-0.021764
-0.020380
-0.019308
-0.018576
-0.018480
-0.020324
-0.021852
-0.022016
-0.021484
-0.021568
-0.024252
-0.026984
-0.028212
-0.028360
-0.028156
-0.027252
-0.027424
-0.028568
-0.026784
-0.022708
-0.018988
-0.016872
-0.016408
-0.017400
-0.018968
-0.020232
-0.020820
-0.021372
-0.023200
-0.026028
-0.029380
-0.031496
-0.031952
-0.031592
-0.031464
-0.031064
-0.030516
-0.030124
-0.029552
-0.028612
-0.026912
-0.024884
-0.024112
-0.028980
-0.034100
-0.034124
-0.031816
-0.030156
-0.032268
-0.034380
-0.032952
-0.031360
-0.031772
-0.033384
-0.033900
-0.032500
-0.031044
-0.030036
-0.028884
-0.027796
-0.027360
-0.026984
-0.026556
-0.027048
-0.028008
-0.029128
-0.031468
-0.035080
-0.037308
-0.038000
-0.038056
-0.038264
-0.038196
-0.037396
-0.036184
-0.034540
-0.033292
-0.032144
-0.028928
-0.025724
-0.024948
-0.023936
-0.021604
-0.020224
-0.019944
-0.019860
-0.020192
-0.021476
-0.023188
-0.023428
-0.021060
-0.019644
-0.019976
-0.019492
-0.017640
-0.015248
-0.013788
-0.012968
-0.011136
-0.009548
-0.010328
-0.012512
-0.015284
-0.017980
-0.020328
-0.022168
-0.022700
-0.022604
-0.023080
-0.023716
-0.023436
-0.021708
-0.018876
-0.014196
-0.010124
-0.007668
-0.005012
-0.001648
0.001592
0.003676
0.003764
0.002840
0.001724
-0.000228
-0.002644
-0.004772
-0.005784
-0.006076
-0.005952
-0.006416
-0.007688
-0.008576
-0.008444
-0.006460
-0.005032
-0.004912
-0.004588
-0.003488
-0.001672
-0.000472
-0.000196
-0.000288
-0.000316
-0.000128
0.000020
0.000188
0.001288
0.002224
0.001072
-0.000084
0.000204
0.001872
0.003072
0.002572
0.002100
0.002392
0.002728
0.002804
0.003056
0.003552
0.003980
0.003708
0.003636
0.004600
0.005260
0.005052
0.004812
0.005128
0.005888
0.006464
0.006628
0.006000
0.005192
0.004780
0.005272
0.006164
0.006792
0.007152
0.007200
0.006412
0.005440
0.005944
0.007256
0.008500
0.008972
0.008844
0.007988
0.007212
0.007080
0.006656
0.006292
0.008172
0.010764
0.012932
0.012832
0.011476
0.011204
0.011636
0.011496
0.009976
0.008100
0.007232
0.007540
0.008372
0.008540
0.007996
0.006840
0.007412
0.009892
0.011004
0.011272
0.013348
0.016112
0.018240
0.020392
0.022304
0.021644
0.020644
0.020572
0.019936
0.019016
0.019424
0.018964
0.016804
0.016004
0.016576
0.017632
0.019132
0.021204
0.021988
0.022300
0.023680
0.024796
0.024580
0.023612
0.023244
0.023696
0.022972
0.021516
0.023552
0.026604
0.027192
0.026720
0.026540
0.026368
0.026484
0.027708
0.029920
0.032692
0.034164
0.034756
0.035268
0.035036
0.033884
0.034204
0.034964
0.034288
0.033688
0.034160
0.035436
0.034072
0.027444
0.022452
0.021356
0.021988
0.020932
0.018832
0.018312
0.018852
0.018848
0.018036
0.017300
0.017968
0.019340
0.019908
0.019544
0.018728
0.017448
0.016288
0.017036
0.018828
0.020340
0.019936
0.018768
0.017128
0.015352
0.013736
0.013272
0.013044
0.012192
0.011596
0.011812
0.012436
0.012648
0.012220
0.011688
0.011152
0.010580
0.009272
0.006496
0.003992
0.002164
-0.000064
-0.002288
-0.003608
-0.005276
-0.007084
-0.006596
-0.005480
-0.004780
-0.004568
-0.004200
-0.002632
-0.001528
-0.002320
-0.003876
-0.004884
-0.004688
-0.004268
-0.003760
-0.003152
-0.002744
-0.003036
-0.003252
-0.002900
-0.002072
-0.001232
-0.000968
-0.000408
0.000860
0.000808
-0.000556
-0.001896
-0.001996
-0.001364
-0.001752
-0.002940
-0.004064
-0.004228
-0.003608
-0.003084
-0.002736
-0.002064
-0.001176
-0.000208
0.000968
0.002556
0.004992
0.006804
0.007628
0.009088
0.011308
0.013596
0.016056
0.018628
0.019444
0.018556
0.016396
0.015604
0.016408
0.016664
0.016300
0.016428
0.016008
0.014448
0.013480
0.013052
0.011732
0.011160
0.012196
0.012544
0.012328
0.013904
0.015180
0.014564
0.013252
0.012520
0.013064
0.012836
0.011244
0.010236
0.009812
0.008632
0.007588
0.007596
0.008424
0.009372
0.010448
0.010668
0.009780
0.009148
0.008764
0.007620
0.005704
0.003544
0.001904
0.000852
0.000476
0.000552
0.000820
0.001460
0.002516
0.003876
0.004900
0.005704
0.006960
0.007908
0.007608
0.007528
0.008500
0.010676
0.012732
0.014596
0.016284
0.017484
0.017140
0.016528
0.016800
0.017636
0.018020
0.016792
0.015392
0.014536
0.014636
0.014800
0.013304
0.011180
0.009648
0.009508
0.009860
0.009700
0.010528
0.012964
0.014524
0.015228
0.017080
0.018708
0.018728
0.018044
0.016520
0.011344
0.007048
0.005780
0.004660
0.002036
-0.001024
-0.002152
-0.001216
0.000172
0.001644
0.004096
0.005388
0.005344
0.005484
0.006048
0.006348
0.006344
0.006244
0.005744
0.004892
0.003896
0.003328
0.003160
0.003212
0.002780
0.001660
0.001168
0.001044
-0.000288
-0.001260
-0.001208
-0.002584
-0.005168
-0.006692
-0.006968
-0.006744
-0.006128
-0.005516
-0.005184
-0.005748
-0.007528
-0.010144
-0.012496
-0.014168
-0.015344
-0.016080
-0.016724
-0.017776
-0.019304
-0.019988
-0.020080
-0.020984
-0.021676
-0.020792
-0.020080
-0.020724
-0.023020
-0.024388
-0.023976
-0.024404
-0.025592
-0.024988
-0.024200
-0.024476
-0.023980
-0.022804
-0.022976
-0.023648
-0.023792
-0.023956
-0.024072
-0.022976
-0.021592
-0.020652
-0.020092
-0.019376
-0.018376
-0.018232
-0.019280
-0.020460
-0.021620
-0.023540
-0.025300
-0.026232
-0.026388
-0.025900
-0.023956
-0.021020
-0.018476
-0.018028
-0.017732
-0.016148
-0.015156
-0.015524
-0.016820
-0.017280
-0.016564
-0.016448
-0.017236
-0.018288
-0.018908
-0.019168
-0.019184
-0.019120
-0.019352
-0.020360
-0.021876
-0.022312
-0.022648
-0.025164
-0.027876
-0.029848
-0.033204
-0.036628
-0.037536
-0.036508
-0.035444
-0.034972
-0.034204
-0.032696
-0.031716
-0.031364
-0.030720
-0.030480
-0.031772
-0.032624
-0.032676
-0.033644
-0.034540
-0.033688
-0.031588
-0.029744
-0.029236
-0.028968
-0.028316
-0.027784
-0.027392
-0.026476
-0.025396
-0.024664
-0.024596
-0.025040
-0.026020
-0.026016
-0.024568
-0.022772
-0.022728
-0.020220
-0.018144
-0.017248
-0.015932
-0.014320
-0.014208
-0.014232
-0.013396
-0.012752
-0.012096
-0.010552
-0.009300
-0.008844
-0.008072
-0.007660
-0.009108
-0.011412
-0.013356
-0.013076
-0.012172
-0.012104
-0.012028
-0.011480
-0.011084
-0.010596
-0.009264
-0.007728
-0.006240
-0.003940
-0.002324
-0.003392
-0.005268
-0.006348
-0.006720
-0.007748
-0.009596
-0.010048
-0.009516
-0.010144
-0.011104
-0.011180
-0.010676
-0.010164
-0.009688
-0.009380
-0.009460
-0.010512
-0.011868
-0.011788
-0.010364
-0.008684
-0.008868
-0.009644
-0.009472
-0.007912
-0.005836
-0.005784
-0.006200
-0.004556
-0.002564
-0.001816
-0.002116
-0.002760
-0.005032
-0.006996
-0.007660
-0.008624
-0.010124
-0.011264
-0.011588
-0.011544
-0.011264
-0.011192
-0.011848
-0.013276
-0.014832
-0.015844
-0.016588
-0.017208
-0.017992
-0.018368
-0.016572
-0.014556
-0.013420
-0.012280
-0.010724
-0.008964
-0.006928
-0.004604
-0.002732
-0.001560
-0.001448
-0.001404
-0.000828
0.001068
0.003440
0.004552
0.005184
0.006232
0.007504
0.008512
0.009016
0.010236
0.012304
0.013456
0.013668
0.013800
0.014232
0.014492
0.013912
0.012924
0.012228
0.011432
0.010260
0.009400
0.008696
0.007504
0.006480
0.006120
0.006128
0.006084
0.006388
0.007164
0.008244
0.009184
0.010192
0.011704
0.013092
0.013900
0.014140
0.014160
0.013376
0.012844
0.012960
0.012656
0.012108
0.012164
0.012632
0.013116
0.013284
0.013620
0.014512
0.014520
0.013364
0.012984
0.013368
0.013536
0.013468
0.013656
0.014232
0.015124
0.016384
0.016956
0.016540
0.015872
0.015548
0.015452
0.015508
0.015744
0.015656
0.015228
0.014516
0.013412
0.012340
0.012308
0.012876
0.013748
0.015064
0.016324
0.016212
0.015176
0.013708
0.012988
0.012752
0.011920
0.010748
0.009956
0.010144
0.010528
0.009832
0.009020
0.008732
0.007404
0.005860
0.007364
0.009188
0.009488
0.009916
0.010748
0.010200
0.009580
0.010156
0.011280
0.012224
0.012924
0.013740
0.014720
0.015412
0.015956
0.017144
0.018216
0.018352
0.017576
0.017312
0.019996
0.022292
0.022080
0.021180
0.020944
0.021352
0.021224
0.020308
0.020100
0.020860
0.022108
0.022276
0.020708
0.019636
0.019512
0.019272
0.018956
0.019556
0.021080
0.022216
0.021092
0.019868
0.019600
0.019532
0.019140
0.018336
0.017892
0.018188
0.017800
0.016780
0.016508
0.016220
0.014848
0.013308
0.012256
0.011644
0.011192
0.011300
0.011772
0.012372
0.013544
0.014976
0.016700
0.018884
0.021020
0.022160
0.022384
0.021676
0.021084
0.021184
0.022276
0.022476
0.020328
0.018728
0.018572
0.018528
0.017816
0.016784
0.016180
0.015784
0.014884
0.014028
0.013992
0.014488
0.015088
0.014916
0.013784
0.011644
0.010156
0.009448
0.008472
0.006896
0.004908
0.003200
0.001824
0.000676
-0.000196
-0.000336
0.000044
0.000324
-0.000136
-0.000600
-0.000384
0.000232
0.000696
0.000712
0.000916
0.001808
0.002712
0.003248
0.003540
0.003736
0.003700
0.004088
0.004976
0.005424
0.005072
0.003924
0.002576
0.001420
0.001644
0.002460
0.002916
0.002228
0.000600
-0.000620
-0.000896
-0.000376
-0.000320
-0.000792
-0.001180
-0.001528
-0.002320
-0.003196
-0.003868
-0.004292
-0.005008
-0.006404
-0.007596
-0.008372
-0.009280
-0.009744
-0.008832
-0.008004
-0.007712
-0.006724
-0.005560
-0.005308
-0.005520
-0.005696
-0.005684
-0.005652
-0.005744
-0.005724
-0.005572
-0.005732
-0.006188
-0.006736
-0.006852
-0.006688
-0.007256
-0.008000
-0.008096
-0.008020
-0.008076
-0.007820
-0.007464
-0.007476
-0.008088
-0.009232
-0.010472
-0.011320
-0.011728
-0.012380
-0.013404
-0.014348
-0.015656
-0.017672
-0.018112
-0.016556
-0.012980
-0.010316
-0.010612
-0.011672
-0.012352
-0.011876
-0.011352
-0.011996
-0.014512
-0.018580
-0.022092
-0.023908
-0.023724
-0.023380
-0.024504
-0.024596
-0.022396
-0.017736
-0.013380
-0.010836
-0.008712
-0.007288
-0.009456
-0.012940
-0.015640
-0.017056
-0.017680
-0.018332
-0.019036
-0.019116
-0.018596
-0.017600
-0.015112
-0.012428
-0.010784
-0.009540
-0.008420
-0.008152
-0.008124
-0.007660
-0.006148
-0.004116
-0.004116
-0.005132
-0.005976
-0.006048
-0.005768
-0.006220
-0.006640
-0.005952
-0.004936
-0.004188
-0.003804
-0.003376
-0.002704
-0.002420
-0.002604
-0.002376
-0.001704
-0.000836
-0.000972
-0.002168
-0.002732
-0.002752
-0.003224
-0.003872
-0.004008
-0.003240
-0.002396
-0.001964
-0.001904
-0.001976
-0.001560
-0.001052
-0.001084
-0.001652
-0.002620
-0.003832
-0.004680
-0.004784
-0.004776
-0.004720
-0.004184
-0.003368
-0.002440
-0.001636
-0.000980
-0.000452
-0.000260
-0.000708
-0.000860
-0.000448
-0.000064
0.000080
0.000232
0.000404
0.000584
0.001152
0.001732
0.001932
0.002192
0.002660
0.002820
0.002948
0.003516
0.004216
0.004620
0.004212
0.003476
0.002708
0.001976
0.001436
0.001816
0.002624
0.003364
0.003636
0.003632
0.003540
0.003180
0.002304
0.001892
0.001928
0.001440
0.000460
-0.000716
-0.001812
-0.002508
-0.001976
-0.001212
-0.000460
0.000204
0.000788
0.001408
0.001928
0.002140
0.002416
0.002812
0.002936
0.002860
0.002696
0.002440
0.002048
0.001380
0.000552
-0.000432
-0.000900
-0.000848
-0.000600
-0.000520
-0.000516
-0.000620
-0.000672
-0.000028
0.001120
0.002352
0.002944
0.003040
0.002820
0.002736
0.002644
0.002208
0.001680
0.001476
0.001328
0.001020
0.000780
0.000552
-0.000052
-0.000644
-0.000804
-0.000300
0.000368
0.001256
0.001956
0.002236
0.002200
0.002012
0.001700
0.001388
0.001116
0.000960
0.000872
0.000924
0.000992
0.000996
0.000984
0.001028
0.001204
0.001340
0.001364
0.001344
0.001324
0.001196
0.001104
0.001116
0.001108
0.001040
0.000956
0.000848
0.000728
0.000804
0.001048
0.001416
0.001780
0.002096
0.002264
0.002340
0.002256
0.002164
0.002136
0.002124
0.002160
0.002344
0.002568
0.002768
0.002908
0.002968
0.002928
0.002824
0.002624
0.002248
0.001848
0.001556
0.001480
0.001540
0.001748
0.002064
0.002544
0.003100
0.003536
0.003496
0.003268
0.003012
0.002740
0.002444
0.002292
0.002304
0.002436
0.002416
0.002236
0.002008
0.001876
0.001948
0.002172
0.002420
0.002632
0.002736
0.002620
0.002424
0.002212
0.002112
0.002056
0.001952
0.001796
0.001684
0.001776
0.002012
0.002360
0.002568
0.002636
0.002680
0.002688
0.002544
0.002320
0.002080
0.001836
0.001644
0.001548
0.001536
0.001544
0.001548
0.001580
0.001648
0.001668
0.001640
0.001620
0.001612
0.001584
0.001504
0.001392
0.001232
0.001092
0.001020
0.000968
0.000920
0.000936
0.000960
0.000960
0.000976
0.001012
0.001056
0.001072
0.001040
0.001004
0.000980
0.000948
0.000908
0.000864
0.000816
0.000764
0.000700
0.000644
0.000612
0.000636
0.000680
0.000688
0.000684
0.000688
0.000664
0.000616
0.000588
0.000568
0.000536
0.000492
0.000448
0.000404
0.000364
0.000336
0.000312
0.000288
0.000256
0.000232
0.000216
0.000224
0.000228
0.000196
0.000156
0.000124
0.000100
0.000084
0.000068
0.000052
0.000028
0.000000
-0.000028
-0.000056
-0.000088
-0.000124
-0.000140
-0.000144
-0.000156
-0.000172
-0.000184
-0.000196
-0.000208
-0.000224
-0.000244
-0.000260
-0.000280
-0.000292
-0.000304
-0.000312
-0.000324
-0.000332
-0.000348
-0.000364
-0.000376
-0.000388
-0.000396
-0.000400
-0.000412
-0.000424
-0.000440
-0.000452
-0.000464
-0.000472
-0.000480
-0.000492
-0.000504
-0.000524
-0.000544
-0.000560
-0.000568
-0.000572
-0.000576
-0.000576
-0.000576
-0.000580
-0.000588
-0.000596
-0.000604
-0.000612
-0.000620
-0.000624
-0.000628
-0.000636
-0.000640
-0.000648
-0.000656
-0.000664
-0.000668
-0.000676
-0.000680
-0.000684
-0.000688
-0.000696
-0.000700
-0.000704
-0.000708
-0.000712
-0.000716
-0.000720
-0.000724
-0.000728
-0.000728
-0.000732
-0.000736
-0.000736
-0.000740
-0.000744
-0.000744
-0.000748
-0.000748
-0.000752
-0.000752
-0.000756
-0.000756
-0.000756
-0.000760
-0.000760
-0.000760
-0.000760
-0.000760
-0.000760
-0.000764
-0.000764
-0.000764
-0.000764
-0.000764
-0.000760
-0.000760
-0.000760
-0.000760
-0.000760
