0.033740
0.041392
0.031136
0.004500
0.004480
0.004024
0.003888
0.003852
0.003856
0.003864
0.003840
0.003780
0.003720
0.003692
0.003676
0.003660
0.003624
0.003544
0.003432
0.003288
0.003136
0.003016
0.002992
0.003124
0.003356
0.003540
0.003588
0.003492
0.003308
0.003120
0.002988
0.002920
0.002912
0.002936
0.002948
0.002932
0.002912
0.002904
0.002920
0.002956
0.002988
0.002988
0.002964
0.002928
0.002880
0.002836
0.002804
0.002760
0.002708
0.002644
0.002524
0.002332
0.002092
0.001748
0.001264
0.000772
0.000480
0.000568
0.001092
0.001932
0.002892
0.003748
0.004032
0.003228
0.001596
0.000064
-0.000676
-0.000588
-0.000056
0.000492
0.000832
0.000960
0.000924
0.000756
0.000568
0.000508
0.000588
0.000728
0.000840
0.000880
0.000880
0.000856
0.000864
0.001016
0.001236
0.001416
0.001564
0.001672
0.001748
0.001880
0.002152
0.002600
0.003164
0.003744
0.004064
0.003600
0.002056
-0.000172
-0.002496
-0.004968
-0.007280
-0.008172
-0.007320
-0.005808
-0.004632
-0.003812
-0.002916
-0.001924
-0.001084
-0.000524
-0.000052
0.000512
0.000860
0.000544
-0.000464
-0.001692
-0.002776
-0.003692
-0.004656
-0.005780
-0.006888
-0.007640
-0.007476
-0.006492
-0.005500
-0.004764
-0.004116
-0.003512
-0.002952
-0.002464
-0.002088
-0.002104
-0.002596
-0.003216
-0.003708
-0.004168
-0.004756
-0.005456
-0.006100
-0.006328
-0.006044
-0.005620
-0.005352
-0.005192
-0.005080
-0.005196
-0.005620
-0.006224
-0.006824
-0.007132
-0.007008
-0.006664
-0.006392
-0.006208
-0.005960
-0.005664
-0.005440
-0.005256
-0.005088
-0.004984
-0.004812
-0.004516
-0.004148
-0.003796
-0.003476
-0.003148
-0.002876
-0.002664
-0.002436
-0.002204
-0.002140
-0.002376
-0.002820
-0.003220
-0.003500
-0.003848
-0.004324
-0.004856
-0.005448
-0.005984
-0.006492
-0.006976
-0.007488
-0.008024
-0.008492
-0.009008
-0.009512
-0.009996
-0.010564
-0.011156
-0.011772
-0.012420
-0.012972
-0.013464
-0.014060
-0.014724
-0.015276
-0.015876
-0.016568
-0.017044
-0.017044
-0.016288
-0.014952
-0.013588
-0.012368
-0.011296
-0.010152
-0.008756
-0.007464
-0.006152
-0.004704
-0.003288
-0.001780
-0.000340
0.001100
0.002636
0.004192
0.005800
0.007204
0.008204
0.008896
0.009520
0.010244
0.011060
0.011928
0.012752
0.013544
0.014324
0.015212
0.016128
0.016860
0.017628
0.018460
0.019264
0.020120
0.020964
0.021816
0.022692
0.023216
0.023584
0.024108
0.024588
0.025148
0.025688
0.025336
0.023236
0.019600
0.015696
0.012472
0.009804
0.007272
0.004592
0.001996
0.000136
-0.000992
-0.002052
-0.003392
-0.004760
-0.006096
-0.007440
-0.008592
-0.009768
-0.011096
-0.012408
-0.013808
-0.015256
-0.016632
-0.017892
-0.018500
-0.018328
-0.017924
-0.017524
-0.017380
-0.017280
-0.016976
-0.016768
-0.016548
-0.016320
-0.016120
-0.015840
-0.015556
-0.015296
-0.015096
-0.014848
-0.014652
-0.014344
-0.013668
-0.012700
-0.011584
-0.010576
-0.009560
-0.008364
-0.006584
-0.003456
0.001044
0.005836
0.010348
0.015564
0.022532
0.030772
0.039188
0.046904
0.052892
0.056172
0.053084
0.036436
0.005552
-0.027560
-0.049932
-0.059992
-0.064664
-0.068436
-0.069152
-0.065072
-0.058752
-0.052996
-0.048320
-0.043492
-0.037848
-0.031948
-0.026188
-0.020592
-0.014908
-0.009088
-0.003140
0.003124
0.010048
0.017584
0.025004
0.030892
0.032068
0.027232
0.020024
0.014216
0.009892
0.005500
0.000648
-0.003172
-0.004728
-0.005208
-0.006124
-0.007540
-0.008972
-0.010220
-0.010588
-0.009308
-0.006492
-0.003100
0.000340
0.006036
0.016348
0.030348
0.045032
0.057028
0.059240
0.044052
0.017548
-0.003908
-0.012780
-0.014188
-0.015888
-0.020628
-0.026480
-0.031000
-0.033336
-0.033932
-0.033760
-0.033904
-0.034508
-0.034972
-0.035336
-0.035612
-0.035880
-0.036276
-0.036504
-0.036644
-0.036924
-0.036648
-0.035524
-0.034116
-0.032612
-0.031872
-0.032904
-0.036424
-0.043480
-0.053028
-0.060752
-0.059084
-0.040908
-0.008132
0.028148
0.054404
0.057536
0.030740
-0.015944
-0.057956
-0.072852
-0.056420
-0.025328
0.002244
0.023452
0.044108
0.065356
0.079808
0.077612
0.058072
0.032856
0.010892
-0.010368
-0.033488
-0.052424
-0.059044
-0.053892
-0.044588
-0.036096
-0.028860
-0.023788
-0.025092
-0.037388
-0.061704
-0.093752
-0.125248
-0.140764
-0.122312
-0.073416
-0.026120
-0.018820
-0.061440
-0.120164
-0.146540
-0.110968
-0.018440
0.083036
0.131392
0.104540
0.030508
-0.045076
-0.086052
-0.079436
-0.039640
0.007404
0.044300
0.065192
0.069680
0.061260
0.047436
0.035864
0.034584
0.049820
0.077848
0.102964
0.106724
0.084200
0.047628
0.011160
-0.022244
-0.056160
-0.090924
-0.123180
-0.149372
-0.165928
-0.169528
-0.158000
-0.132440
-0.104956
-0.104028
-0.160844
-0.274980
-0.401504
-0.483584
-0.498288
-0.471544
-0.443236
-0.428068
-0.416288
-0.396056
-0.363632
-0.316392
-0.248548
-0.157388
-0.044872
0.085000
0.215984
0.315548
0.352104
0.318888
0.243116
0.163496
0.103036
0.063880
0.034468
0.003284
-0.033576
-0.077540
-0.131176
-0.197572
-0.280568
-0.382656
-0.496496
-0.598384
-0.649024
-0.609704
-0.470148
-0.250852
0.022508
0.302244
0.492004
0.520432
0.409332
0.228244
0.057972
-0.005272
0.098832
0.318660
0.480408
0.401864
0.027240
-0.543896
-1.069012
-1.296088
-1.175184
-0.817880
-0.334828
0.120500
0.346480
0.287072
0.071276
-0.145592
-0.280560
-0.327628
-0.328544
-0.331452
-0.365568
-0.449168
-0.603144
-0.818320
-1.018704
-1.111880
-1.063616
-0.888996
-0.618872
-0.334956
-0.156624
-0.122620
-0.162184
-0.203232
-0.244176
-0.318248
-0.431548
-0.540264
-0.580904
-0.518920
-0.365756
-0.168084
-0.002516
0.054204
-0.025776
-0.226776
-0.495008
-0.731856
-0.865732
-0.917432
-0.950804
-0.986740
-0.978484
-0.839552
-0.507720
-0.040972
0.385044
0.638176
0.731528
0.745576
0.732320
0.699484
0.636692
0.535768
0.391240
0.213600
0.026724
-0.153280
-0.281768
-0.238660
0.123296
0.808220
1.490196
1.722884
1.460432
1.061468
0.820212
0.765332
0.786124
0.782880
0.735956
0.685060
0.659076
0.643232
0.598148
0.488552
0.310932
0.110776
-0.035244
-0.086484
-0.079768
-0.080072
-0.130700
-0.238632
-0.370140
-0.469348
-0.486688
-0.395484
-0.174008
0.189624
0.624456
0.943824
0.967692
0.670888
0.181008
-0.334244
-0.745636
-0.977004
-1.029784
-0.960324
-0.795936
-0.509948
-0.133176
0.182416
0.301816
0.217920
0.029744
-0.109100
-0.076012
0.154152
0.527480
0.918232
1.149236
1.122908
0.880440
0.497348
0.045784
-0.364448
-0.643652
-0.799448
-0.900648
-0.987160
-1.055276
-1.099824
-1.120548
-1.110368
-1.035348
-0.826880
-0.370476
0.421620
1.399348
2.107776
2.148612
1.607460
0.917276
0.461652
0.378504
0.553224
0.770692
0.875248
0.793436
0.498648
0.056648
-0.373528
-0.624600
-0.597232
-0.308336
0.151280
0.663892
1.059604
1.152428
0.895848
0.489388
0.261396
0.425332
0.913628
1.370664
1.449180
1.186620
0.890344
0.743412
0.700224
0.641912
0.522340
0.375776
0.241672
0.121340
-0.021160
-0.228024
-0.502020
-0.778396
-0.939604
-0.887908
-0.569488
0.060980
0.928744
1.675576
1.885000
1.533164
0.945464
0.432596
0.148476
0.089736
0.152440
0.225676
0.239088
0.149456
-0.049912
-0.318024
-0.586512
-0.754960
-0.714020
-0.394560
0.242636
1.059960
1.587228
1.444800
0.776208
0.012096
-0.512996
-0.656952
-0.471848
-0.159864
0.090864
0.196280
0.179156
0.149600
0.216880
0.419120
0.690764
0.876616
0.851140
0.594904
0.167524
-0.290352
-0.578024
-0.582884
-0.381244
-0.138652
0.005988
-0.017988
-0.172676
-0.313444
-0.279992
-0.023588
0.349028
0.651800
0.747632
0.624256
0.331964
-0.093328
-0.580220
-0.974244
-1.127260
-1.024972
-0.755212
-0.346288
0.207916
0.748448
0.999824
0.827548
0.323728
-0.273952
-0.692564
-0.782560
-0.611392
-0.331480
-0.029156
0.239704
0.424308
0.505340
0.481484
0.359488
0.151996
-0.095304
-0.321536
-0.496484
-0.601016
-0.615244
-0.524928
-0.335356
-0.109612
0.039804
0.063400
0.032428
0.045532
0.137644
0.272324
0.399928
0.511012
0.618880
0.713044
0.715240
0.516360
0.150736
-0.159008
-0.226888
-0.092336
0.047260
0.039196
-0.115608
-0.290368
-0.339780
-0.226228
-0.040372
0.074276
0.020168
-0.197160
-0.492128
-0.718504
-0.756412
-0.624748
-0.406812
-0.164464
0.029260
0.089888
0.017268
-0.094476
-0.177780
-0.220684
-0.217464
-0.157172
-0.014504
0.250252
0.638420
1.054920
1.305624
1.206844
0.672816
-0.191096
-1.001276
-1.382396
-1.310272
-0.996176
-0.583000
-0.158640
0.110496
0.124440
-0.038024
-0.202548
-0.237244
-0.123876
0.089576
0.310036
0.411056
0.273464
-0.168240
-0.768728
-1.151696
-1.073360
-0.614912
0.028396
0.639248
0.943600
0.788044
0.335488
-0.055624
-0.129948
0.095860
0.411096
0.618264
0.635032
0.485800
0.246304
0.003152
-0.178648
-0.290968
-0.362216
-0.428608
-0.505660
-0.563308
-0.543996
-0.414176
-0.153328
0.215368
0.571292
0.769780
0.743760
0.539996
0.242004
-0.078092
-0.331296
-0.442636
-0.412804
-0.293504
-0.116276
0.092216
0.265944
0.318660
0.237024
0.097968
-0.028000
-0.126432
-0.216576
-0.302280
-0.363232
-0.382448
-0.357356
-0.283732
-0.159812
0.004528
0.168720
0.248856
0.200420
0.080048
-0.014076
-0.031640
0.003556
0.041308
0.050116
0.028236
-0.014184
-0.079324
-0.169708
-0.292256
-0.444604
-0.578380
-0.630620
-0.579236
-0.445832
-0.270328
-0.097588
0.020768
0.055904
0.043292
0.050676
0.110660
0.201900
0.256620
0.196680
-0.001960
-0.271296
-0.457876
-0.429284
-0.179072
0.188016
0.524456
0.719252
0.752472
0.677588
0.535072
0.298536
-0.076216
-0.542160
-0.900844
-0.954376
-0.725156
-0.374812
0.002432
0.372956
0.695188
0.921304
1.024972
1.005976
0.856120
0.566760
0.184064
-0.178800
-0.419644
-0.521880
-0.532964
-0.488272
-0.390644
-0.255640
-0.101896
0.068604
0.244728
0.407088
0.523980
0.561584
0.518216
0.432032
0.362896
0.343112
0.370032
0.428128
0.497460
0.567584
0.632812
0.684164
0.710296
0.690688
0.589128
0.384572
0.117460
-0.116052
-0.218944
-0.173612
-0.085264
-0.079784
-0.223876
-0.549472
-1.001916
-1.421180
-1.646588
-1.643964
-1.492512
-1.263876
-1.039356
-0.922212
-0.935764
-0.990172
-0.979904
-0.876904
-0.711688
-0.521256
-0.308856
-0.050040
0.249396
0.529948
0.730312
0.848572
0.925436
0.994132
1.038812
0.992424
0.787476
0.402144
-0.053756
-0.366668
-0.440032
-0.365396
-0.276728
-0.216056
-0.143976
-0.049028
0.038376
0.090008
0.109784
0.138784
0.195536
0.273588
0.369468
0.468296
0.549892
0.602040
0.611848
0.564364
0.451360
0.268116
0.034228
-0.160752
-0.218396
-0.143052
-0.018416
0.091224
0.177768
0.252892
0.307144
0.329828
0.326448
0.306192
0.271352
0.225232
0.175440
0.124740
0.081412
0.062452
0.095260
0.191712
0.319256
0.416220
0.445860
0.423944
0.389788
0.361852
0.329024
0.267108
0.158512
0.009020
-0.147028
-0.245140
-0.245672
-0.186428
-0.130924
-0.102680
-0.094528
-0.092168
-0.089732
-0.079636
-0.043952
0.028336
0.131384
0.237780
0.315084
0.347472
0.318572
0.216604
0.081496
-0.019772
-0.066912
-0.086016
-0.099024
-0.118876
-0.154596
-0.207088
-0.270604
-0.334168
-0.387964
-0.408688
-0.354636
-0.165228
0.209368
0.659840
0.895580
0.754304
0.399080
0.107396
-0.010420
-0.018608
-0.002204
0.020092
0.078344
0.177244
0.294888
0.388356
0.394944
0.292188
0.119832
-0.054672
-0.181480
-0.246836
-0.270452
-0.282684
-0.294144
-0.299204
-0.285032
-0.232092
-0.113216
0.085800
0.312952
0.455876
0.431316
0.255796
0.012576
-0.218648
-0.385420
-0.465152
-0.457828
-0.371376
-0.217496
-0.009476
0.233716
0.459812
0.590004
0.582948
0.456692
0.250496
0.006560
-0.229372
-0.409032
-0.503424
-0.525000
-0.497716
-0.444412
-0.387060
-0.340840
-0.319392
-0.319912
-0.318892
-0.287492
-0.213616
-0.115948
-0.025192
0.040828
0.078328
0.089816
0.074072
0.033644
-0.024032
-0.088984
-0.148756
-0.201684
-0.239968
-0.247236
-0.214252
-0.146476
-0.076032
-0.034184
-0.016812
-0.004852
0.001204
-0.017896
-0.082940
-0.209256
-0.395500
-0.594732
-0.715356
-0.687864
-0.516372
-0.265140
-0.033640
0.088560
0.094752
0.055260
0.035036
0.050536
0.085268
0.118288
0.144752
0.171192
0.195768
0.217364
0.235860
0.242900
0.217704
0.140752
0.026264
-0.070764
-0.068356
0.072088
0.279412
0.410744
0.359044
0.127236
-0.176072
-0.417844
-0.527560
-0.513868
-0.436848
-0.339008
-0.231068
-0.125968
-0.039120
0.015296
0.026744
-0.006144
-0.067572
-0.132796
-0.179376
-0.196196
-0.184156
-0.151536
-0.108224
-0.059604
-0.010612
0.029564
0.046068
0.025596
-0.030140
-0.097128
-0.146824
-0.165304
-0.143820
-0.062788
0.071272
0.191608
0.244768
0.252812
0.271940
0.334504
0.425376
0.497512
0.499856
0.401992
0.201404
-0.075484
-0.351524
-0.532732
-0.588208
-0.554704
-0.470752
-0.348264
-0.197680
-0.052116
0.040552
0.063736
0.049444
0.042904
0.061636
0.100988
0.153944
0.208356
0.263188
0.317096
0.336456
0.279812
0.151888
0.005120
-0.088424
-0.096532
-0.061136
-0.024956
0.001020
0.019732
0.032232
0.022824
-0.023292
-0.100084
-0.171516
-0.197252
-0.161028
-0.079212
0.000212
0.031256
-0.003424
-0.065604
-0.097388
-0.083668
-0.043540
-0.004964
0.025436
0.050712
0.074064
0.089076
0.073132
0.015276
-0.098800
-0.277716
-0.492172
-0.665184
-0.703360
-0.593352
-0.416272
-0.250692
-0.125636
-0.052548
-0.036868
-0.055788
-0.075328
-0.085524
-0.089184
-0.089456
-0.092836
-0.098636
-0.103588
-0.108044
-0.113532
-0.126872
-0.154336
-0.195520
-0.243232
-0.282664
-0.298708
-0.283444
-0.236676
-0.163120
-0.073088
0.016976
0.090072
0.137120
0.157792
0.158208
0.151740
0.153160
0.169792
0.196368
0.217564
0.220416
0.195304
0.134580
0.050972
-0.023240
-0.051024
-0.019172
0.058820
0.161612
0.249488
0.286892
0.255336
0.145524
-0.025936
-0.230564
-0.420916
-0.533328
-0.547196
-0.478984
-0.351476
-0.188456
-0.025496
0.083904
0.105076
0.057680
-0.005300
-0.043228
-0.035812
0.021168
0.104116
0.172948
0.192528
0.155764
0.092120
0.026168
-0.026784
-0.061460
-0.087284
-0.106588
-0.116888
-0.122632
-0.127164
-0.130200
-0.132204
-0.134480
-0.139948
-0.144620
-0.140580
-0.102308
-0.019480
0.063092
0.082788
0.023896
-0.065924
-0.142048
-0.195508
-0.223180
-0.225988
-0.219280
-0.206680
-0.186576
-0.172476
-0.180772
-0.225268
-0.301668
-0.376464
-0.404920
-0.367656
-0.272344
-0.121240
0.064624
0.213788
0.268672
0.249124
0.207104
0.168068
0.130304
0.083464
0.030596
-0.010372
-0.030868
-0.031820
-0.019012
-0.005488
-0.001168
-0.009576
-0.029780
-0.049824
-0.065980
-0.079128
-0.082076
-0.081460
-0.081232
-0.081448
-0.084116
-0.084196
-0.080224
-0.081456
-0.093344
-0.107632
-0.120912
-0.123004
-0.101116
-0.053208
0.005764
0.039416
0.039884
0.020176
-0.002896
-0.010440
-0.000688
0.024228
0.056284
0.074740
0.061220
0.026532
-0.010692
-0.047560
-0.074448
-0.090608
-0.101956
-0.102540
-0.098292
-0.097068
-0.096356
-0.092236
-0.090416
-0.099728
-0.124472
-0.167132
-0.211392
-0.242844
-0.254432
-0.232200
-0.180148
-0.106828
-0.016020
0.069624
0.125324
0.137580
0.106764
0.058312
0.007276
-0.047256
-0.100608
-0.153632
-0.203348
-0.237720
-0.246236
-0.233452
-0.206340
-0.174712
-0.143876
-0.107308
-0.063708
-0.010216
0.048240
0.104892
0.154772
0.182636
0.188196
0.189328
0.193676
0.202912
0.209044
0.208424
0.206012
0.192044
0.152112
0.074000
-0.025568
-0.101952
-0.119824
-0.067008
0.018712
0.076992
0.085540
0.047292
-0.022244
-0.099588
-0.168388
-0.207248
-0.201976
-0.157144
-0.089580
-0.029372
0.008740
0.031576
0.044504
0.053072
0.048116
0.007212
-0.063200
-0.132672
-0.158592
-0.115592
-0.041976
0.016020
0.059016
0.093948
0.102228
0.072416
0.022920
-0.022608
-0.054320
-0.062484
-0.041276
0.002436
0.049620
0.081660
0.087768
0.061004
0.014728
-0.036144
-0.082820
-0.118900
-0.134380
-0.107508
-0.041588
0.032688
0.094004
0.133956
0.142800
0.112056
0.061556
0.015760
-0.022232
-0.041692
-0.039032
-0.027044
-0.021692
-0.033752
-0.055708
-0.073484
-0.085956
-0.095364
-0.072784
0.018744
0.163452
0.285912
0.312696
0.243044
0.137920
0.049820
-0.013900
-0.064624
-0.101396
-0.112756
-0.095844
-0.064672
-0.033364
-0.005292
0.023368
0.056420
0.089320
0.122060
0.156884
0.189592
0.219952
0.246952
0.260660
0.246336
0.190368
0.095100
-0.011516
-0.100204
-0.143732
-0.116772
-0.033512
0.057580
0.115764
0.124120
0.084528
0.026584
-0.008580
-0.012512
0.005704
0.036636
0.068296
0.096372
0.122696
0.140064
0.132604
0.100308
0.058364
0.019572
-0.012788
-0.038240
-0.049812
-0.033116
0.019216
0.092864
0.144752
0.132488
0.076228
0.037560
0.057600
0.129032
0.202380
0.228744
0.204988
0.166616
0.143424
0.139844
0.137464
0.128060
0.118988
0.112160
0.107740
0.105648
0.102408
0.097300
0.094472
0.088652
0.071952
0.047476
0.022396
0.000900
-0.009960
-0.004172
0.013988
0.038096
0.061176
0.074860
0.070544
0.050040
0.030396
0.023480
0.040288
0.088652
0.148740
0.200324
0.227368
0.205492
0.134236
0.043432
-0.017468
-0.008540
0.058692
0.138164
0.200648
0.235600
0.226772
0.167556
0.069488
-0.047192
-0.144132
-0.181500
-0.149768
-0.076444
-0.003348
0.041120
0.043512
0.009088
-0.040748
-0.078408
-0.073608
-0.021584
0.050224
0.116848
0.160148
0.162912
0.123288
0.058044
-0.012180
-0.077388
-0.133924
-0.173716
-0.176664
-0.132064
-0.061784
0.000176
0.032768
0.032036
0.005764
-0.020336
-0.021240
0.005524
0.043556
0.071772
0.091208
0.116476
0.145476
0.159896
0.153176
0.134048
0.111812
0.093392
0.081328
0.076856
0.079032
0.084364
0.091716
0.100440
0.109124
0.111996
0.093324
0.039052
-0.040932
-0.114296
-0.146692
-0.115844
-0.035668
0.049764
0.097944
0.080180
0.001780
-0.104200
-0.195416
-0.237132
-0.216636
-0.138548
-0.038900
0.025008
0.024224
-0.016916
-0.052436
-0.067968
-0.079704
-0.087860
-0.082060
-0.063056
-0.040376
-0.021808
-0.004684
0.011888
0.030720
0.050408
0.066172
0.080252
0.093952
0.106720
0.114568
0.113940
0.099788
0.070792
0.041100
0.013128
-0.015616
-0.032764
-0.031892
-0.018620
-0.004028
0.009396
0.020988
0.026436
0.022932
0.007348
-0.012216
-0.025356
-0.033308
-0.035684
-0.029340
-0.015776
-0.001456
0.005612
0.006900
0.003628
-0.007316
-0.024328
-0.042492
-0.054660
-0.047044
-0.012132
0.035288
0.074108
0.085476
0.065864
0.032240
-0.001728
-0.028860
-0.041736
-0.041332
-0.035200
-0.027728
-0.022320
-0.017796
-0.009268
-0.000808
0.006312
0.015140
0.022524
0.030124
0.040084
0.047948
0.054960
0.063460
0.068960
0.071140
0.071192
0.067428
0.055148
0.035792
0.015836
-0.003368
-0.020604
-0.037264
-0.050340
-0.053556
-0.049596
-0.044172
-0.041348
-0.039528
-0.033424
-0.026272
-0.023724
-0.025524
-0.029916
-0.034972
-0.040776
-0.046136
-0.051732
-0.058788
-0.065712
-0.078548
-0.095760
-0.111572
-0.128820
-0.142436
-0.139776
-0.106020
-0.048100
0.002248
0.032060
0.044564
0.044120
0.043604
0.048732
0.054144
0.054332
0.053068
0.054004
0.051784
0.050208
0.051944
0.051576
0.049508
0.049320
0.048296
0.044500
0.038600
0.029204
0.015420
-0.002372
-0.020108
-0.037680
-0.049624
-0.048116
-0.036100
-0.015372
0.007560
0.030896
0.054856
0.069632
0.072304
0.068304
0.063104
0.056760
0.050772
0.045164
0.038148
0.030804
0.023516
0.017968
0.018964
0.021096
0.008420
-0.022832
-0.053720
-0.053504
-0.025552
-0.002012
0.002312
-0.004676
-0.005480
0.014772
0.057200
0.099744
0.114616
0.091080
0.039008
-0.014912
-0.046720
-0.047572
-0.021296
0.014924
0.048104
0.072396
0.083004
0.082668
0.075332
0.059956
0.032028
-0.007660
-0.043348
-0.056284
-0.045364
-0.023932
-0.008952
-0.005536
-0.005164
-0.001152
0.009628
0.014328
-0.004368
-0.035700
-0.060544
-0.064396
-0.041096
-0.010524
0.007892
0.009420
-0.001928
-0.015348
-0.030340
-0.046348
-0.055200
-0.055192
-0.046800
-0.035816
-0.031956
-0.033960
-0.039372
-0.046276
-0.047144
-0.035936
-0.007444
0.041012
0.096452
0.130788
0.123520
0.073012
-0.004348
-0.077436
-0.114628
-0.103300
-0.055428
0.003876
0.045548
0.047748
0.011664
-0.040936
-0.078416
-0.077012
-0.040124
0.012116
0.053836
0.070136
0.064584
0.040984
0.005292
-0.029068
-0.052876
-0.062332
-0.056584
-0.043708
-0.033040
-0.031020
-0.038744
-0.045656
-0.044360
-0.029920
0.000632
0.034764
0.058500
0.065448
0.059008
0.046428
0.031008
0.014524
-0.003236
-0.017480
-0.023464
-0.024712
-0.026220
-0.030816
-0.036956
-0.043160
-0.044208
-0.032056
-0.009820
0.018868
0.045028
0.057560
0.059492
0.055436
0.051412
0.051204
0.045972
0.028432
0.000720
-0.026192
-0.034388
-0.020344
-0.000652
0.010260
0.006296
-0.010084
-0.029024
-0.039740
-0.034696
-0.008924
0.037556
0.086260
0.112552
0.104576
0.072440
0.038244
0.012900
-0.001340
-0.005108
0.000260
0.013588
0.029184
0.039264
0.042472
0.046388
0.059152
0.080176
0.100408
0.109192
0.099752
0.076776
0.056800
0.057028
0.079160
0.109008
0.123308
0.096984
0.024580
-0.068328
-0.138504
-0.155832
-0.120208
-0.057172
0.005776
0.059028
0.104156
0.136920
0.146264
0.131072
0.101808
0.076748
0.064988
0.059508
0.049180
0.025720
-0.005872
-0.031096
-0.039912
-0.030576
-0.003692
0.033932
0.069108
0.089704
0.087260
0.062440
0.031400
0.011092
0.003672
0.005680
0.011304
0.015896
0.020552
0.025764
0.027952
0.023280
0.009540
-0.013184
-0.035068
-0.040044
-0.018480
0.022592
0.057236
0.065304
0.048596
0.020288
-0.003940
-0.013172
-0.003756
0.019240
0.045320
0.072116
0.100352
0.123448
0.133404
0.119172
0.079920
0.035484
0.001088
-0.021320
-0.036412
-0.048268
-0.051188
-0.038432
-0.014868
0.003416
0.003348
-0.013048
-0.033028
-0.038796
-0.018864
0.020212
0.060604
0.081188
0.068960
0.034728
0.002792
-0.007912
0.004680
0.024276
0.031876
0.019252
-0.006440
-0.031404
-0.043868
-0.041056
-0.028508
-0.015672
-0.014640
-0.022488
-0.023464
-0.007148
0.027768
0.063264
0.076452
0.069536
0.058112
0.049180
0.041492
0.033756
0.024428
0.011960
-0.002700
-0.020460
-0.037648
-0.044868
-0.038908
-0.024104
-0.006228
0.010748
0.021264
0.022012
0.013460
-0.001668
-0.015280
-0.018568
-0.008720
0.005660
0.011516
0.002504
-0.019140
-0.047040
-0.071620
-0.085584
-0.093008
-0.095624
-0.088276
-0.068060
-0.034560
0.001420
0.020716
0.014212
-0.009188
-0.029720
-0.038176
-0.032608
-0.016388
0.000748
0.017276
0.031556
0.042944
0.049444
0.043588
0.022572
-0.008944
-0.034696
-0.040900
-0.028492
-0.008024
0.000568
-0.016088
-0.058532
-0.112332
-0.148484
-0.145384
-0.100724
-0.037044
0.016904
0.045100
0.044316
0.028760
0.014100
0.004060
-0.005192
-0.022244
-0.048108
-0.071856
-0.078984
-0.070952
-0.062076
-0.061340
-0.071484
-0.079912
-0.069400
-0.038280
0.001464
0.027260
0.016836
-0.031004
-0.091672
-0.128952
-0.121424
-0.076928
-0.023724
0.011380
0.019956
0.008276
-0.013288
-0.037388
-0.059560
-0.073460
-0.075248
-0.063984
-0.040460
-0.014472
-0.002880
-0.013748
-0.036448
-0.054660
-0.061392
-0.055660
-0.040148
-0.025420
-0.020096
-0.029112
-0.057512
-0.095948
-0.121300
-0.118916
-0.090024
-0.050404
-0.019032
-0.005752
-0.006420
-0.010824
-0.015616
-0.018180
-0.020948
-0.029096
-0.038800
-0.044856
-0.047044
-0.047536
-0.048116
-0.051412
-0.061248
-0.078812
-0.096980
-0.104844
-0.100188
-0.085820
-0.069336
-0.058000
-0.051804
-0.047736
-0.042876
-0.039836
-0.040364
-0.042300
-0.048108
-0.055968
-0.057500
-0.050680
-0.038376
-0.027448
-0.027020
-0.036880
-0.044184
-0.037892
-0.016628
0.011356
0.034000
0.043804
0.042060
0.034856
0.022264
0.005256
-0.015140
-0.041340
-0.068320
-0.090136
-0.103628
-0.103180
-0.093384
-0.088952
-0.096200
-0.110460
-0.120240
-0.116764
-0.098744
-0.072004
-0.049368
-0.036768
-0.033312
-0.038572
-0.047160
-0.055204
-0.063632
-0.068548
-0.067468
-0.060296
-0.049808
-0.042072
-0.042744
-0.049924
-0.055636
-0.061820
-0.073324
-0.088912
-0.102780
-0.107216
-0.097108
-0.072760
-0.043104
-0.024188
-0.024284
-0.035608
-0.045880
-0.043600
-0.022132
0.008656
0.034036
0.044808
0.036200
0.014456
-0.009512
-0.030920
-0.046052
-0.054156
-0.061912
-0.074000
-0.090456
-0.103824
-0.109600
-0.111380
-0.113112
-0.115952
-0.110056
-0.086428
-0.045272
0.000040
0.025860
0.024884
0.006836
-0.012164
-0.023220
-0.028572
-0.027948
-0.025552
-0.024948
-0.024172
-0.028388
-0.039432
-0.049472
-0.054192
-0.054240
-0.049488
-0.039568
-0.022656
-0.000296
0.018976
0.027260
0.020844
0.001904
-0.023116
-0.046944
-0.058068
-0.051104
-0.033292
-0.009812
0.009596
0.018276
0.023232
0.025824
0.026320
0.025256
0.019712
0.014864
0.014188
0.012072
0.004828
-0.005740
-0.020876
-0.040020
-0.058700
-0.074804
-0.078132
-0.066116
-0.045920
-0.021848
-0.003988
0.001804
-0.002248
-0.008236
-0.008048
0.000248
0.015908
0.032012
0.043460
0.049948
0.049580
0.043372
0.032352
0.020344
0.012596
0.005284
-0.002700
-0.005392
0.000092
0.013624
0.029520
0.037144
0.030688
0.017896
0.008056
0.006036
0.010248
0.008680
0.000972
-0.007836
-0.017188
-0.025568
-0.033064
-0.040860
-0.047712
-0.047636
-0.041112
-0.031908
-0.020928
-0.009812
0.000516
0.006768
0.004580
-0.005184
-0.016140
-0.020904
-0.019480
-0.016148
-0.013600
-0.014312
-0.016312
-0.014724
-0.004840
0.012512
0.028176
0.032804
0.027728
0.022124
0.017292
0.008392
-0.009324
-0.033068
-0.048960
-0.048148
-0.031744
-0.009040
0.006100
0.005604
-0.007140
-0.020040
-0.024544
-0.021204
-0.015144
-0.012604
-0.012800
-0.012172
-0.013100
-0.014304
-0.015232
-0.019060
-0.026140
-0.033184
-0.037152
-0.035592
-0.025140
-0.007720
0.010904
0.029988
0.048016
0.058016
0.059584
0.056912
0.054544
0.055060
0.055532
0.054000
0.052152
0.049256
0.043596
0.036812
0.029496
0.021388
0.013640
0.004360
-0.006284
-0.015108
-0.022360
-0.024560
-0.019356
-0.010764
-0.005008
-0.005892
-0.010704
-0.012776
-0.007564
0.003576
0.017220
0.026340
0.027736
0.023656
0.012172
-0.003844
-0.016336
-0.017928
-0.007060
0.008284
0.017684
0.017892
0.015388
0.013436
0.015200
0.021704
0.023612
0.018124
0.009040
-0.001724
-0.013600
-0.028052
-0.039580
-0.039200
-0.026128
-0.001188
0.029688
0.053472
0.060300
0.046984
0.022336
-0.000192
-0.012132
-0.011580
-0.003120
0.007944
0.017780
0.025444
0.027972
0.021708
0.011112
0.002196
-0.004348
-0.009276
-0.013536
-0.016572
-0.013464
-0.002868
0.007112
0.011708
0.013988
0.016652
0.022964
0.030464
0.032992
0.030724
0.028972
0.035036
0.050208
0.065748
0.072396
0.064208
0.040780
0.013372
-0.004564
-0.005932
0.006152
0.018360
0.022404
0.019604
0.011848
0.001624
-0.008844
-0.017636
-0.022120
-0.021156
-0.015128
-0.008308
-0.005764
-0.007156
-0.010756
-0.012956
-0.011000
-0.007704
-0.003548
0.002272
0.008916
0.012192
0.008236
-0.000596
-0.007324
-0.005444
0.002252
0.009264
0.014216
0.017648
0.020448
0.022240
0.020824
0.018464
0.022460
0.034624
0.049360
0.058804
0.057068
0.046816
0.035936
0.031540
0.035564
0.042308
0.047340
0.050684
0.053044
0.054744
0.052088
0.044184
0.036648
0.033288
0.035644
0.040540
0.041840
0.036496
0.026496
0.018284
0.016192
0.020576
0.030104
0.041524
0.048976
0.049060
0.044092
0.037032
0.030660
0.030432
0.032404
0.025056
0.006632
-0.016832
-0.031816
-0.028652
-0.010432
0.015100
0.037280
0.049780
0.056120
0.057284
0.050016
0.034820
0.016092
0.000760
-0.006400
-0.000416
0.015312
0.028084
0.030792
0.023684
0.013376
0.009292
0.014072
0.024808
0.039360
0.053140
0.061288
0.062612
0.053608
0.032860
0.008656
-0.010176
-0.019516
-0.020804
-0.021292
-0.022084
-0.019180
-0.013744
-0.006736
-0.001400
-0.000720
-0.002556
-0.001876
0.005588
0.014284
0.017628
0.013884
0.005784
0.000828
0.002112
0.008244
0.016760
0.020788
0.018036
0.013052
0.005960
-0.002564
-0.007876
-0.009672
-0.011892
-0.015420
-0.020528
-0.026856
-0.028072
-0.023956
-0.021036
-0.018652
-0.016548
-0.014912
-0.011280
-0.010580
-0.015356
-0.019572
-0.019728
-0.017836
-0.018268
-0.021748
-0.025228
-0.026132
-0.020908
-0.009876
0.000084
0.001140
-0.007620
-0.021792
-0.032784
-0.032920
-0.027388
-0.021804
-0.020796
-0.026616
-0.032740
-0.036108
-0.035412
-0.028860
-0.018844
-0.008012
-0.001916
-0.006940
-0.020460
-0.032976
-0.032512
-0.015252
0.009924
0.031424
0.039764
0.032544
0.013272
-0.010936
-0.029068
-0.034960
-0.029052
-0.015388
-0.000760
0.011044
0.014812
0.007588
-0.004380
-0.017064
-0.021368
-0.009240
0.013416
0.038256
0.055096
0.054824
0.040280
0.020964
0.004988
-0.000304
0.004808
0.014004
0.021764
0.025676
0.023872
0.017708
0.014436
0.017108
0.025480
0.035444
0.041644
0.043892
0.046348
0.053496
0.061796
0.066364
0.064704
0.054524
0.044136
0.042660
0.046984
0.052244
0.053144
0.046396
0.039020
0.039376
0.048920
0.064884
0.079408
0.085892
0.086704
0.085764
0.085824
0.087412
0.089128
0.088888
0.084252
0.075808
0.068576
0.069824
0.081304
0.096740
0.107516
0.112032
0.113184
0.112172
0.107632
0.096608
0.081612
0.069000
0.066640
0.078192
0.097120
0.114724
0.122828
0.113856
0.090360
0.065548
0.049552
0.051772
0.072336
0.102296
0.135848
0.156276
0.151856
0.132316
0.110296
0.097736
0.099236
0.104100
0.105200
0.099160
0.089904
0.089032
0.097976
0.108056
0.111872
0.106984
0.097140
0.092788
0.092204
0.094184
0.097824
0.094536
0.087376
0.079340
0.070520
0.062652
0.056456
0.054480
0.055728
0.058260
0.059360
0.055836
0.051652
0.048772
0.045800
0.043056
0.045028
0.054552
0.061968
0.057924
0.044188
0.027948
0.019300
0.021280
0.027472
0.031748
0.034608
0.041040
0.052660
0.071140
0.091704
0.102168
0.097728
0.082352
0.064064
0.055024
0.060836
0.071164
0.075496
0.069296
0.050320
0.028756
0.017632
0.018624
0.024128
0.025424
0.021144
0.016464
0.017340
0.021384
0.022164
0.016020
0.003800
-0.009012
-0.019052
-0.024676
-0.027556
-0.030700
-0.033164
-0.030076
-0.018056
-0.003496
0.005184
0.005016
0.002436
0.004440
0.009256
0.016036
0.021276
0.022136
0.019440
0.014532
0.008728
0.001304
-0.001708
0.002068
0.008972
0.018336
0.026344
0.032416
0.039304
0.044096
0.043160
0.039036
0.031172
0.017760
0.004988
-0.000864
-0.000872
-0.000372
-0.002920
-0.011396
-0.024080
-0.033504
-0.036716
-0.034500
-0.025316
-0.010720
0.002796
0.008832
0.002876
-0.014060
-0.029548
-0.031252
-0.021796
-0.008776
0.000924
0.001372
-0.007764
-0.022796
-0.035176
-0.034428
-0.014200
0.016360
0.043248
0.058548
0.054800
0.036508
0.012148
-0.010044
-0.021268
-0.022220
-0.020192
-0.021544
-0.023508
-0.021344
-0.014924
-0.004440
0.007092
0.014908
0.014792
0.002208
-0.021832
-0.044128
-0.051596
-0.044508
-0.028780
-0.015756
-0.012932
-0.019708
-0.032888
-0.045440
-0.051916
-0.050716
-0.044624
-0.036552
-0.026380
-0.017280
-0.011780
-0.007100
-0.006904
-0.012136
-0.021088
-0.032684
-0.039512
-0.039968
-0.034132
-0.024464
-0.019612
-0.021992
-0.032284
-0.046256
-0.057052
-0.063228
-0.064720
-0.066840
-0.070840
-0.072848
-0.072932
-0.070820
-0.068960
-0.072456
-0.076908
-0.076768
-0.072392
-0.063576
-0.054432
-0.049828
-0.050388
-0.054296
-0.055628
-0.053520
-0.054376
-0.061968
-0.071920
-0.075980
-0.072392
-0.063480
-0.055948
-0.056744
-0.064328
-0.074132
-0.082460
-0.088844
-0.096392
-0.104332
-0.107980
-0.105476
-0.097404
-0.085936
-0.074504
-0.070768
-0.074640
-0.081208
-0.089436
-0.091596
-0.087276
-0.080072
-0.072184
-0.072080
-0.080048
-0.087752
-0.092972
-0.097748
-0.100912
-0.098356
-0.092840
-0.088028
-0.078812
-0.066628
-0.056424
-0.048212
-0.044832
-0.047732
-0.049148
-0.044344
-0.039448
-0.037324
-0.040680
-0.049204
-0.056892
-0.062936
-0.065468
-0.068328
-0.076436
-0.086296
-0.094904
-0.098296
-0.092636
-0.080852
-0.069136
-0.061280
-0.058316
-0.061680
-0.069460
-0.078292
-0.082720
-0.077780
-0.065952
-0.051264
-0.043628
-0.047344
-0.056892
-0.067592
-0.073496
-0.070064
-0.061940
-0.056152
-0.051436
-0.046160
-0.040692
-0.036972
-0.037160
-0.041176
-0.047352
-0.050832
-0.050228
-0.045352
-0.034400
-0.021616
-0.014544
-0.014932
-0.019068
-0.023856
-0.026376
-0.026072
-0.025728
-0.027304
-0.032168
-0.040192
-0.047348
-0.049420
-0.049032
-0.051832
-0.057560
-0.065424
-0.073848
-0.079732
-0.083296
-0.081536
-0.075628
-0.068740
-0.059900
-0.052532
-0.051284
-0.056384
-0.063680
-0.067672
-0.062428
-0.047936
-0.031356
-0.019652
-0.017088
-0.022144
-0.028312
-0.032272
-0.034420
-0.035724
-0.038908
-0.044884
-0.052412
-0.059416
-0.062440
-0.060636
-0.056884
-0.053008
-0.049444
-0.046192
-0.041980
-0.036532
-0.028520
-0.017916
-0.007092
0.003676
0.011912
0.015520
0.013772
0.005756
-0.002960
-0.006832
-0.006068
-0.002184
0.002276
0.008100
0.015140
0.019328
0.016592
0.003140
-0.015748
-0.031444
-0.039804
-0.040088
-0.038044
-0.037472
-0.036032
-0.031740
-0.025204
-0.021296
-0.024668
-0.029504
-0.025752
-0.011848
0.004200
0.011756
0.006744
-0.006460
-0.016420
-0.016376
-0.009800
-0.002632
-0.001248
-0.007624
-0.018536
-0.029184
-0.034608
-0.032868
-0.024184
-0.010228
0.003952
0.014176
0.016392
0.010848
0.005112
0.004256
0.007488
0.008128
0.002176
-0.007480
-0.017656
-0.022232
-0.018124
-0.010812
-0.003580
0.002704
0.009112
0.017512
0.024676
0.028796
0.028652
0.025120
0.021904
0.018464
0.014980
0.013268
0.014096
0.015056
0.013260
0.009928
0.007504
0.006368
0.004664
0.001292
-0.002984
-0.008424
-0.016368
-0.022788
-0.021100
-0.010604
0.006696
0.022988
0.026776
0.017240
0.003400
-0.006104
-0.007880
-0.002728
0.007436
0.021008
0.033808
0.042244
0.046132
0.044836
0.038076
0.028504
0.018376
0.009708
0.005836
0.008928
0.019060
0.034444
0.050692
0.058580
0.054148
0.042632
0.031116
0.025424
0.027828
0.035372
0.044636
0.052592
0.055856
0.052636
0.042084
0.028972
0.017824
0.009932
0.006640
0.009304
0.019720
0.031904
0.039892
0.044572
0.045196
0.044688
0.044832
0.042084
0.037072
0.031468
0.027716
0.029504
0.035668
0.042692
0.046948
0.044964
0.040148
0.036340
0.033184
0.032628
0.033864
0.034220
0.032820
0.030364
0.028460
0.026992
0.026808
0.027368
0.028648
0.033828
0.042080
0.048840
0.049792
0.044748
0.036740
0.030164
0.027764
0.027944
0.026580
0.019376
0.009664
0.004204
0.005952
0.012500
0.019000
0.023624
0.026556
0.025960
0.020348
0.014828
0.010476
0.006900
0.008268
0.013168
0.020108
0.028820
0.036964
0.041412
0.041084
0.038404
0.037336
0.040532
0.045780
0.049952
0.049180
0.041788
0.029288
0.013520
0.000452
-0.005284
-0.005088
-0.004136
-0.003960
-0.001444
0.003328
0.011140
0.019852
0.023644
0.023620
0.023828
0.025324
0.026860
0.024240
0.017836
0.011264
0.006392
0.008048
0.018376
0.032300
0.044360
0.051764
0.051832
0.044968
0.034948
0.026140
0.020348
0.017668
0.019492
0.023368
0.027872
0.032244
0.030888
0.024340
0.017980
0.015032
0.016492
0.022184
0.030488
0.038388
0.045424
0.053028
0.059996
0.060416
0.051828
0.038572
0.024240
0.012208
0.008640
0.015272
0.026100
0.036048
0.041056
0.039264
0.035624
0.032728
0.028540
0.022480
0.014848
0.007640
0.004932
0.007872
0.017388
0.031756
0.044264
0.050332
0.044652
0.030616
0.022952
0.026068
0.032744
0.038048
0.044148
0.051452
0.058892
0.061832
0.055912
0.047176
0.037792
0.034812
0.042156
0.049936
0.054004
0.054816
0.052532
0.047392
0.041660
0.036328
0.032604
0.034488
0.040668
0.044588
0.042472
0.036000
0.030624
0.033396
0.044244
0.056192
0.064596
0.065952
0.060332
0.053108
0.045036
0.037292
0.033768
0.034964
0.040952
0.044832
0.040256
0.030884
0.022912
0.017776
0.013764
0.013572
0.020900
0.036428
0.055572
0.068516
0.067532
0.056292
0.043612
0.035192
0.033016
0.036708
0.045656
0.057060
0.069232
0.077920
0.077912
0.070584
0.059568
0.047248
0.037256
0.033204
0.032276
0.031424
0.031652
0.032312
0.029784
0.022968
0.016656
0.015452
0.022976
0.034592
0.042456
0.045712
0.042788
0.037560
0.034964
0.033740
0.033964
0.034756
0.032152
0.026764
0.024884
0.026440
0.029180
0.033244
0.034500
0.032500
0.029632
0.024660
0.017872
0.013932
0.016376
0.021084
0.025936
0.030680
0.032648
0.034280
0.039160
0.045092
0.045356
0.040128
0.034748
0.033568
0.042628
0.056172
0.062592
0.058796
0.046228
0.031212
0.017336
0.005572
0.002344
0.008900
0.019896
0.030616
0.037324
0.041880
0.045136
0.047392
0.047048
0.044136
0.041280
0.038200
0.036756
0.033056
0.027312
0.023004
0.020316
0.017580
0.013004
0.010184
0.010768
0.015864
0.022916
0.027568
0.031892
0.035804
0.037720
0.038560
0.036796
0.032652
0.026852
0.017496
0.008352
0.003340
0.000864
0.001844
0.007436
0.011916
0.010528
0.006476
0.003752
0.002908
0.005448
0.012812
0.019748
0.024452
0.027844
0.025960
0.019096
0.011676
0.007300
0.003612
-0.000888
-0.001728
-0.000052
0.003452
0.011668
0.020312
0.024324
0.025200
0.024040
0.022824
0.022704
0.020404
0.017904
0.014336
0.009688
0.006384
0.002072
-0.002120
-0.005364
-0.005496
-0.002712
-0.000496
0.001260
0.004928
0.009752
0.012888
0.014572
0.013700
0.011684
0.010356
0.008344
0.004640
-0.000924
-0.007036
-0.011796
-0.014868
-0.015340
-0.013760
-0.011752
-0.011108
-0.015456
-0.023668
-0.031140
-0.034252
-0.034196
-0.033252
-0.033316
-0.037656
-0.040148
-0.034140
-0.020652
-0.004264
0.006332
0.006884
-0.000496
-0.009488
-0.014320
-0.015712
-0.018304
-0.025460
-0.033208
-0.035376
-0.034592
-0.029512
-0.019040
-0.007620
0.004036
0.009800
0.004520
-0.008472
-0.024072
-0.037028
-0.042680
-0.041824
-0.037932
-0.033144
-0.028928
-0.028644
-0.031052
-0.031004
-0.028392
-0.026012
-0.028308
-0.037208
-0.051000
-0.064152
-0.070604
-0.072368
-0.073608
-0.075676
-0.077932
-0.081516
-0.086148
-0.090184
-0.091940
-0.086452
-0.075796
-0.063920
-0.053616
-0.049260
-0.053600
-0.066976
-0.083776
-0.096164
-0.101396
-0.099072
-0.090372
-0.081972
-0.076404
-0.071472
-0.071056
-0.077384
-0.084960
-0.090332
-0.091100
-0.085428
-0.076484
-0.068192
-0.066032
-0.071028
-0.079752
-0.087996
-0.088276
-0.080288
-0.067540
-0.056336
-0.053728
-0.058024
-0.066360
-0.074980
-0.080304
-0.083772
-0.089376
-0.099120
-0.107804
-0.110588
-0.107116
-0.099104
-0.091416
-0.085464
-0.080516
-0.077304
-0.078048
-0.085012
-0.094684
-0.100504
-0.098184
-0.087620
-0.073252
-0.061700
-0.058744
-0.065572
-0.077508
-0.088964
-0.095476
-0.093484
-0.085592
-0.077024
-0.071992
-0.072480
-0.074224
-0.073672
-0.068688
-0.059464
-0.047772
-0.034944
-0.026676
-0.026092
-0.034028
-0.052072
-0.075064
-0.093376
-0.103704
-0.106328
-0.103340
-0.097784
-0.089724
-0.080704
-0.072884
-0.064416
-0.052968
-0.044028
-0.045288
-0.058044
-0.075692
-0.088624
-0.090172
-0.082808
-0.077036
-0.077648
-0.081772
-0.084008
-0.080612
-0.072500
-0.062608
-0.056284
-0.056820
-0.064412
-0.077648
-0.086024
-0.081196
-0.064056
-0.042140
-0.026900
-0.025688
-0.037408
-0.052596
-0.063948
-0.065568
-0.055304
-0.039976
-0.024560
-0.011100
-0.001452
0.002720
-0.002208
-0.015432
-0.033444
-0.054592
-0.071964
-0.077752
-0.072164
-0.060604
-0.049404
-0.043700
-0.044000
-0.048928
-0.055300
-0.058200
-0.055528
-0.045636
-0.030360
-0.016420
-0.005864
0.004936
0.016560
0.025416
0.027228
0.018988
0.004468
-0.008484
-0.015084
-0.014048
-0.007548
-0.000024
0.005484
0.005392
-0.004688
-0.018188
-0.025540
-0.024632
-0.014828
-0.003308
0.000548
-0.002668
-0.010284
-0.015136
-0.009440
0.004700
0.020664
0.029224
0.026276
0.014888
0.000892
-0.007700
-0.005780
0.006256
0.024552
0.040488
0.048092
0.046532
0.035064
0.018980
0.004704
-0.002364
-0.002464
-0.000980
-0.000000
0.000684
0.004624
0.010412
0.014664
0.019888
0.027912
0.037500
0.047704
0.056168
0.059552
0.057404
0.050620
0.043000
0.039820
0.041392
0.044684
0.046364
0.041608
0.031248
0.020968
0.013700
0.011112
0.014380
0.021716
0.026604
0.024616
0.016320
0.007668
0.005840
0.010480
0.018524
0.026840
0.033032
0.036400
0.036016
0.034220
0.033136
0.034372
0.039292
0.044556
0.048656
0.052540
0.058836
0.067152
0.071596
0.071256
0.065716
0.058068
0.054748
0.056204
0.062912
0.072780
0.078300
0.074412
0.061532
0.043988
0.031760
0.030976
0.039124
0.047820
0.047188
0.035352
0.017608
0.003968
0.001248
0.008952
0.023204
0.038220
0.047636
0.049820
0.046296
0.039176
0.033660
0.033528
0.038980
0.048304
0.056228
0.057856
0.056620
0.056640
0.058216
0.059668
0.058252
0.055888
0.053408
0.049128
0.046220
0.046420
0.049080
0.054332
0.057964
0.057704
0.056500
0.054860
0.051052
0.045312
0.041644
0.042344
0.046144
0.052004
0.054604
0.051324
0.045932
0.039064
0.032944
0.030352
0.031604
0.036188
0.041236
0.044396
0.043664
0.041708
0.044124
0.048816
0.051632
0.049204
0.040660
0.032868
0.029192
0.031156
0.036788
0.039056
0.037516
0.034112
0.032048
0.033364
0.037404
0.043508
0.048888
0.052756
0.054248
0.052540
0.049372
0.049188
0.054688
0.059596
0.059952
0.056252
0.048488
0.040484
0.034680
0.029000
0.025288
0.025860
0.029392
0.035460
0.041220
0.042748
0.038796
0.030916
0.022632
0.017648
0.017792
0.019808
0.021416
0.022752
0.022148
0.020188
0.018848
0.017132
0.013868
0.011648
0.010900
0.010564
0.013868
0.022536
0.032080
0.035908
0.031548
0.021536
0.010604
0.003392
0.000592
0.000620
0.001932
0.001080
-0.001420
-0.002900
-0.003392
-0.001528
0.002532
0.005876
0.007780
0.008952
0.012272
0.017140
0.018176
0.014440
0.006032
-0.005008
-0.014792
-0.020664
-0.020172
-0.015664
-0.009720
-0.003668
-0.000552
-0.000280
-0.002284
-0.003716
-0.001648
0.003180
0.008344
0.010464
0.010420
0.010520
0.010052
0.006180
0.001028
-0.001124
-0.000456
0.001048
0.001596
-0.000224
-0.004260
-0.006864
-0.005724
-0.002324
-0.000320
-0.000556
-0.002080
-0.005880
-0.010684
-0.014220
-0.014600
-0.010512
-0.002396
0.006028
0.009276
0.004928
-0.004576
-0.013388
-0.018016
-0.017608
-0.012444
-0.005172
-0.000484
-0.002172
-0.007864
-0.014240
-0.021028
-0.024276
-0.022484
-0.018972
-0.013412
-0.009064
-0.010244
-0.016672
-0.026456
-0.033636
-0.034988
-0.030048
-0.020180
-0.011228
-0.005748
-0.005516
-0.009864
-0.013100
-0.013996
-0.013100
-0.010012
-0.007132
-0.006240
-0.007588
-0.012212
-0.017524
-0.019548
-0.017336
-0.013256
-0.011632
-0.013260
-0.015476
-0.015976
-0.013508
-0.009056
-0.005336
-0.002384
0.000444
0.000996
0.001388
0.003144
0.002936
0.003768
0.005904
0.007356
0.008640
0.006292
0.002020
-0.001956
-0.007444
-0.013000
-0.016456
-0.016828
-0.013564
-0.007416
-0.000232
0.006696
0.012204
0.015168
0.018504
0.022432
0.024368
0.026024
0.026632
0.025908
0.026168
0.026892
0.026428
0.025788
0.028364
0.033400
0.038472
0.041752
0.039492
0.033808
0.028660
0.024492
0.023656
0.027164
0.032916
0.038524
0.042216
0.042552
0.041432
0.040464
0.038184
0.035000
0.030128
0.024548
0.022564
0.025192
0.028644
0.030260
0.030220
0.029592
0.029924
0.029496
0.026316
0.020376
0.012244
0.006432
0.006684
0.011236
0.016436
0.019064
0.018352
0.015424
0.012576
0.012240
0.013212
0.013032
0.012712
0.013292
0.015200
0.016844
0.015236
0.011384
0.008500
0.008952
0.011652
0.015912
0.022048
0.027428
0.030788
0.032692
0.034084
0.035376
0.035816
0.035792
0.035068
0.034768
0.035592
0.038340
0.042456
0.041968
0.036980
0.031268
0.024628
0.018384
0.015428
0.015428
0.016768
0.017676
0.015544
0.009500
-0.000400
-0.013304
-0.024420
-0.029648
-0.029064
-0.022556
-0.010456
0.004172
0.015872
0.018960
0.013196
0.004332
-0.001816
-0.002384
0.002444
0.008792
0.011436
0.011436
0.012796
0.015104
0.016008
0.013300
0.009556
0.008848
0.009976
0.012724
0.015928
0.016220
0.014852
0.013104
0.009404
0.003080
-0.004668
-0.014004
-0.023360
-0.028440
-0.027564
-0.019600
-0.007600
0.002260
0.006492
0.004080
-0.000648
-0.002556
-0.003980
-0.006124
-0.006444
-0.004604
-0.001048
0.000236
-0.001196
-0.004156
-0.008636
-0.011368
-0.013336
-0.016740
-0.020380
-0.023736
-0.025052
-0.021516
-0.015524
-0.009728
-0.004420
-0.002872
-0.007728
-0.016068
-0.023768
-0.026384
-0.021268
-0.010980
-0.001284
0.002240
-0.000516
-0.006524
-0.009932
-0.009956
-0.010556
-0.010408
-0.011632
-0.017072
-0.024028
-0.029508
-0.030568
-0.026524
-0.019876
-0.013272
-0.010636
-0.012784
-0.016948
-0.020524
-0.020028
-0.015896
-0.011616
-0.008424
-0.005164
-0.001920
0.000144
-0.000032
-0.003104
-0.003468
0.002896
0.011816
0.017192
0.015568
0.008764
0.002908
0.000256
-0.002104
-0.004956
-0.008792
-0.012708
-0.015780
-0.017584
-0.016852
-0.014860
-0.013060
-0.012748
-0.015340
-0.018176
-0.017472
-0.014332
-0.011212
-0.012452
-0.018264
-0.021788
-0.021508
-0.017680
-0.011644
-0.008348
-0.006104
-0.000908
0.006128
0.011776
0.013572
0.012308
0.007756
-0.001608
-0.012784
-0.021016
-0.022764
-0.018952
-0.012056
-0.002732
0.004548
0.007928
0.008176
0.004620
0.000304
-0.002164
-0.003612
-0.004192
-0.002556
0.001360
0.004992
0.004124
-0.001724
-0.008596
-0.013496
-0.015080
-0.013116
-0.011104
-0.011616
-0.014220
-0.017540
-0.017500
-0.011996
-0.003548
0.002948
0.005584
0.003984
-0.001304
-0.006328
-0.008236
-0.007660
-0.006856
-0.005244
-0.003032
-0.002924
-0.003600
-0.004636
-0.006512
-0.007220
-0.008232
-0.009728
-0.010760
-0.013220
-0.018716
-0.026412
-0.032636
-0.034496
-0.030964
-0.023004
-0.013032
-0.005000
-0.002120
-0.005052
-0.011908
-0.018444
-0.022132
-0.022960
-0.024084
-0.026288
-0.026908
-0.026784
-0.027568
-0.029800
-0.032292
-0.033716
-0.033060
-0.028104
-0.020992
-0.015092
-0.011952
-0.013136
-0.016164
-0.017316
-0.014204
-0.006444
0.002660
0.010300
0.015312
0.016796
0.015384
0.010464
0.002696
-0.003856
-0.007496
-0.009020
-0.009632
-0.011348
-0.016032
-0.020116
-0.021380
-0.021924
-0.021196
-0.019072
-0.017404
-0.017612
-0.019596
-0.022252
-0.024856
-0.025864
-0.022768
-0.016068
-0.009644
-0.007440
-0.008692
-0.010820
-0.012820
-0.013352
-0.013588
-0.015700
-0.018404
-0.018280
-0.013748
-0.006344
0.002400
0.010144
0.013344
0.011048
0.003680
-0.006580
-0.015140
-0.018812
-0.018196
-0.015224
-0.010904
-0.007660
-0.007652
-0.011272
-0.018904
-0.027824
-0.032288
-0.031304
-0.027668
-0.023992
-0.024012
-0.027712
-0.032364
-0.035236
-0.033576
-0.029568
-0.028060
-0.030096
-0.035440
-0.043024
-0.049588
-0.053280
-0.053168
-0.048660
-0.042724
-0.038756
-0.037752
-0.038600
-0.037696
-0.034140
-0.028136
-0.021532
-0.019068
-0.021148
-0.025616
-0.030276
-0.031916
-0.030684
-0.028544
-0.026624
-0.026056
-0.026820
-0.029260
-0.033264
-0.035764
-0.035504
-0.033692
-0.031036
-0.030892
-0.033932
-0.036900
-0.036576
-0.030604
-0.021416
-0.012940
-0.007672
-0.006980
-0.009464
-0.013260
-0.016624
-0.017196
-0.015088
-0.011244
-0.007692
-0.008604
-0.014224
-0.022384
-0.030740
-0.035876
-0.036652
-0.033648
-0.029368
-0.026740
-0.024544
-0.023004
-0.023732
-0.024756
-0.024524
-0.022780
-0.019360
-0.016372
-0.016436
-0.017260
-0.015764
-0.011104
-0.004376
-0.000548
-0.002220
-0.007472
-0.012484
-0.013508
-0.010228
-0.006200
-0.005512
-0.008564
-0.013020
-0.016500
-0.017472
-0.017764
-0.019708
-0.021712
-0.023156
-0.023412
-0.021112
-0.018760
-0.018064
-0.016192
-0.010528
-0.003816
-0.000220
-0.000028
-0.002168
-0.004120
-0.002472
0.000628
0.002428
0.003116
0.002108
0.000656
-0.000912
-0.002676
-0.002808
-0.003568
-0.007616
-0.012048
-0.014328
-0.014440
-0.012324
-0.010368
-0.011156
-0.013488
-0.015300
-0.014400
-0.010652
-0.005304
0.000024
0.003880
0.006520
0.006828
0.005616
0.004176
0.002912
0.001020
-0.003148
-0.007856
-0.009488
-0.007464
-0.003872
-0.000760
0.000292
0.001840
0.006244
0.011500
0.014884
0.015172
0.013072
0.010108
0.007340
0.005792
0.004928
0.005016
0.007084
0.009648
0.013408
0.017820
0.020144
0.020716
0.021052
0.022756
0.026228
0.030504
0.031628
0.027904
0.021352
0.013944
0.011608
0.016908
0.024424
0.028508
0.026608
0.020232
0.013648
0.009280
0.007096
0.005316
0.005220
0.009544
0.015788
0.019424
0.018088
0.012744
0.006172
0.002108
0.000960
0.000836
0.001792
0.002816
0.004172
0.006632
0.008412
0.008616
0.008228
0.007224
0.006784
0.006668
0.004032
0.000440
-0.002144
-0.005716
-0.009708
-0.012920
-0.015688
-0.016088
-0.015000
-0.013552
-0.012468
-0.012704
-0.011792
-0.008216
-0.003324
-0.001372
-0.003404
-0.006532
-0.009124
-0.009008
-0.006072
-0.002996
-0.001956
-0.001936
-0.001568
-0.001336
-0.001396
-0.002096
-0.003704
-0.006244
-0.008852
-0.010264
-0.011732
-0.013468
-0.014600
-0.016420
-0.017368
-0.016960
-0.016964
-0.016424
-0.015664
-0.015364
-0.013336
-0.009180
-0.004364
0.000364
0.003708
0.002540
-0.002388
-0.006744
-0.008848
-0.008724
-0.008280
-0.007984
-0.006540
-0.004260
-0.002896
-0.005084
-0.013164
-0.023740
-0.029924
-0.030076
-0.025588
-0.021220
-0.023092
-0.030176
-0.035476
-0.030888
-0.013956
0.007584
0.022324
0.025500
0.019076
0.008232
-0.001044
-0.005704
-0.004628
0.000396
0.004724
0.005068
0.003180
0.001940
0.001512
0.001544
-0.000280
-0.003628
-0.004688
-0.002120
0.003488
0.009004
0.010720
0.008872
0.005048
0.002584
0.004032
0.007876
0.012652
0.015756
0.016728
0.018316
0.019592
0.018784
0.016140
0.012340
0.009148
0.007240
0.006604
0.007448
0.007312
0.003492
-0.004452
-0.013928
-0.019852
-0.018548
-0.011964
-0.004136
0.003184
0.007504
0.008788
0.008396
0.006880
0.005372
0.004040
0.003220
0.003428
0.004124
0.005012
0.005236
0.004612
0.005884
0.008676
0.010928
0.011296
0.009652
0.008208
0.008116
0.009488
0.012032
0.016048
0.021740
0.027968
0.032280
0.033712
0.032936
0.030016
0.026804
0.024848
0.023972
0.025360
0.029816
0.034756
0.036828
0.035644
0.031272
0.024952
0.021168
0.021220
0.022368
0.023444
0.024056
0.023440
0.021688
0.019336
0.018540
0.020212
0.022648
0.024552
0.025140
0.025844
0.027896
0.029444
0.030572
0.031732
0.033164
0.035080
0.035548
0.033400
0.028852
0.024564
0.022644
0.021936
0.020512
0.018624
0.015792
0.011972
0.009500
0.010400
0.015596
0.022024
0.026840
0.028900
0.028008
0.025156
0.021196
0.017468
0.014076
0.011348
0.010288
0.010992
0.013984
0.018412
0.021484
0.022224
0.021720
0.020576
0.019296
0.017932
0.016052
0.015148
0.016300
0.019052
0.021552
0.020964
0.016364
0.010516
0.007980
0.010584
0.018196
0.026972
0.032296
0.033620
0.030148
0.023748
0.017640
0.013128
0.011320
0.010276
0.007252
0.002236
-0.001700
-0.000732
0.005168
0.012848
0.018152
0.018480
0.015576
0.012160
0.009076
0.007052
0.007448
0.010204
0.013084
0.015120
0.016228
0.014736
0.010000
0.004844
0.003448
0.007536
0.014784
0.021376
0.023780
0.021112
0.016136
0.011816
0.009768
0.010764
0.015696
0.023832
0.031884
0.034920
0.028740
0.017280
0.008772
0.008460
0.015716
0.022568
0.023480
0.018484
0.011416
0.007828
0.008308
0.009652
0.009428
0.007452
0.006024
0.007524
0.011672
0.016200
0.018796
0.017712
0.013236
0.008512
0.005628
0.003100
-0.000144
-0.001848
0.000108
0.005708
0.013460
0.018700
0.018840
0.015104
0.009308
0.005068
0.004648
0.007076
0.010252
0.011716
0.010440
0.007096
0.002468
-0.001220
-0.001584
0.001100
0.004676
0.007712
0.009344
0.010212
0.011136
0.010384
0.007788
0.006444
0.007980
0.010408
0.012084
0.012264
0.011264
0.010996
0.012020
0.013160
0.014104
0.016488
0.021512
0.028028
0.032892
0.033224
0.029344
0.023412
0.018312
0.017024
0.019492
0.023552
0.026784
0.027180
0.023836
0.018848
0.016204
0.017492
0.021640
0.025000
0.023260
0.017104
0.010760
0.006812
0.005424
0.005720
0.006852
0.008032
0.010124
0.013616
0.015856
0.014748
0.010988
0.007356
0.006600
0.007376
0.007556
0.006916
0.004904
0.001660
-0.002704
-0.007988
-0.012532
-0.012736
-0.007656
-0.000344
0.006264
0.008620
0.005512
-0.000628
-0.006308
-0.007872
-0.004308
0.000724
0.001668
-0.002484
-0.008804
-0.014952
-0.018356
-0.019012
-0.018272
-0.017352
-0.018056
-0.018936
-0.018048
-0.013616
-0.005420
0.001632
0.003476
-0.000760
-0.011024
-0.023852
-0.034464
-0.040096
-0.037072
-0.026356
-0.014088
-0.004908
-0.003252
-0.009604
-0.020080
-0.030104
-0.034620
-0.032600
-0.027292
-0.021696
-0.018268
-0.017364
-0.016584
-0.013432
-0.007908
-0.004024
-0.007740
-0.019828
-0.032668
-0.037800
-0.031708
-0.019268
-0.009704
-0.006164
-0.007184
-0.011432
-0.016936
-0.020180
-0.020324
-0.018768
-0.016712
-0.015456
-0.014560
-0.014068
-0.015204
-0.017876
-0.019060
-0.017044
-0.013432
-0.009800
-0.007316
-0.004948
-0.002640
-0.003168
-0.007384
-0.013352
-0.016564
-0.015892
-0.014224
-0.012440
-0.011484
-0.010264
-0.008180
-0.007952
-0.009744
-0.011844
-0.013720
-0.015824
-0.017912
-0.019608
-0.020416
-0.019244
-0.015520
-0.011312
-0.009660
-0.011908
-0.015952
-0.016640
-0.012104
-0.005640
-0.002864
-0.006020
-0.012192
-0.017564
-0.019956
-0.019080
-0.018616
-0.022184
-0.027216
-0.029580
-0.027252
-0.022296
-0.019548
-0.019416
-0.019648
-0.019820
-0.017844
-0.015084
-0.014180
-0.013056
-0.013380
-0.017036
-0.022212
-0.026900
-0.029444
-0.028692
-0.024392
-0.017108
-0.008096
-0.000484
0.003588
0.003632
0.000468
-0.002100
-0.001908
0.000492
0.002848
0.000960
-0.004964
-0.010996
-0.014540
-0.013300
-0.008200
-0.002140
0.002300
0.003520
0.001792
-0.002216
-0.005364
-0.006852
-0.006824
-0.004544
-0.001724
0.000004
-0.000704
-0.003000
-0.005548
-0.008388
-0.011704
-0.014572
-0.015684
-0.016416
-0.016796
-0.016464
-0.017820
-0.019884
-0.020172
-0.019260
-0.018448
-0.019452
-0.021800
-0.023708
-0.025604
-0.027228
-0.028100
-0.026496
-0.020696
-0.011732
-0.002304
0.003444
0.004784
0.002500
-0.001404
-0.003732
-0.004644
-0.004192
-0.003376
-0.002860
-0.002408
-0.001684
0.000248
0.001948
0.003248
0.004680
0.005240
0.006076
0.007028
0.006220
0.004508
0.001904
-0.000512
-0.001292
-0.001400
-0.000264
0.002352
0.002968
0.000880
-0.002924
-0.007216
-0.008264
-0.007960
-0.008388
-0.008576
-0.007336
-0.004412
-0.003260
-0.006028
-0.011340
-0.017196
-0.021160
-0.021188
-0.019744
-0.018788
-0.019252
-0.021208
-0.021308
-0.019660
-0.017544
-0.016396
-0.015804
-0.013820
-0.011876
-0.011000
-0.012464
-0.015384
-0.017348
-0.017528
-0.016760
-0.016588
-0.015944
-0.013356
-0.008756
-0.004784
-0.003548
-0.004232
-0.006280
-0.008320
-0.009740
-0.010068
-0.007612
-0.005128
-0.004568
-0.006064
-0.009368
-0.010492
-0.009256
-0.007064
-0.003680
-0.000548
0.000588
-0.000052
-0.002824
-0.006960
-0.008932
-0.008432
-0.006860
-0.005756
-0.005712
-0.005008
-0.002572
0.001064
0.005416
0.008620
0.009284
0.009128
0.009204
0.010160
0.012352
0.012532
0.009588
0.007348
0.006260
0.005832
0.006780
0.008228
0.007836
0.003400
-0.002720
-0.007156
-0.009064
-0.008072
-0.004408
-0.000448
0.001116
0.000616
-0.002156
-0.005536
-0.005160
-0.001232
0.002704
0.004512
0.003480
-0.000360
-0.003200
-0.004840
-0.006852
-0.008156
-0.009060
-0.008124
-0.006808
-0.007220
-0.008420
-0.009840
-0.010700
-0.011232
-0.010640
-0.007708
-0.003472
0.000028
-0.000048
-0.002772
-0.005160
-0.006584
-0.005032
-0.000220
0.004364
0.007444
0.009384
0.009096
0.006588
0.004628
0.004984
0.006472
0.007224
0.007404
0.007688
0.008660
0.011256
0.014192
0.016872
0.017708
0.015060
0.009824
0.004112
0.000784
0.000304
0.002836
0.005644
0.004416
0.000508
-0.003244
-0.006544
-0.008676
-0.009592
-0.009936
-0.007824
-0.002132
0.006592
0.014776
0.015232
0.007852
-0.001160
-0.005288
-0.002672
0.000620
0.000280
-0.003980
-0.007412
-0.005536
-0.000016
0.006108
0.009112
0.007984
0.005688
0.003084
0.002340
0.007712
0.014960
0.015772
0.008968
-0.001732
-0.010120
-0.009680
-0.000908
0.008776
0.013408
0.012292
0.007852
0.003548
0.002240
0.005444
0.008604
0.006768
0.003428
0.002076
0.002820
0.003756
0.003128
0.001820
-0.001020
-0.004656
-0.004900
0.002280
0.016932
0.029388
0.030760
0.020112
0.002216
-0.011196
-0.014424
-0.009772
-0.001384
0.004864
0.006844
0.005048
0.002868
0.003136
0.004160
0.004220
-0.001576
-0.012404
-0.016936
-0.009756
0.003412
0.012828
0.012488
0.004448
-0.005424
-0.013280
-0.016684
-0.017024
-0.015948
-0.012272
-0.006888
-0.002708
-0.002292
-0.005940
-0.010780
-0.011212
-0.004492
0.007836
0.020772
0.025356
0.018240
0.005460
-0.004124
-0.005112
0.003236
0.015936
0.023924
0.023536
0.017216
0.011316
0.010204
0.013708
0.019052
0.020948
0.016904
0.011548
0.011056
0.015448
0.021008
0.021828
0.015688
0.006280
-0.001568
-0.004028
-0.000296
0.005000
0.007072
0.005540
0.001888
-0.001592
-0.005024
-0.010404
-0.016152
-0.017336
-0.011196
0.000444
0.012360
0.018508
0.014460
0.001304
-0.014128
-0.023044
-0.019260
-0.005372
0.006668
0.008104
-0.001044
-0.013288
-0.017548
-0.011888
-0.001912
0.004468
0.002412
-0.004364
-0.007708
-0.004756
0.001140
0.006180
0.007024
0.002468
-0.005720
-0.011312
-0.010312
-0.005168
-0.000504
-0.000760
-0.005840
-0.010088
-0.011420
-0.010288
-0.007304
-0.006340
-0.005292
-0.000640
0.004848
0.007236
0.004144
-0.003720
-0.010184
-0.011004
-0.006968
-0.001156
-0.000924
-0.007140
-0.013436
-0.014984
-0.011156
-0.007536
-0.009892
-0.015492
-0.016084
-0.010360
-0.004172
-0.004492
-0.011780
-0.018832
-0.021568
-0.020188
-0.017248
-0.015996
-0.016592
-0.015852
-0.010456
-0.002132
0.005160
0.008556
0.005704
-0.000440
-0.005276
-0.006568
-0.004468
-0.001616
0.000356
0.001264
0.000932
-0.002016
-0.006616
-0.010340
-0.011132
-0.007608
-0.002876
0.000396
0.003260
0.005428
0.005840
0.003976
-0.001292
-0.007824
-0.012124
-0.014116
-0.014112
-0.014596
-0.014484
-0.010324
-0.004388
0.000776
0.002688
-0.001300
-0.008164
-0.010896
-0.007392
-0.000396
0.005796
0.007592
0.004912
0.000904
-0.001364
0.000360
0.006892
0.012628
0.013412
0.010900
0.007984
0.009224
0.014172
0.016948
0.016608
0.015932
0.015560
0.014604
0.011972
0.007988
0.006988
0.010452
0.013232
0.014044
0.012740
0.009120
0.005824
0.003864
0.001992
-0.000028
-0.000792
0.001804
0.008576
0.014640
0.016296
0.014944
0.010192
0.003244
-0.001056
-0.002172
-0.000608
0.003824
0.009072
0.012128
0.012204
0.011156
0.008656
0.006152
0.005448
0.006452
0.010464
0.015128
0.017504
0.017296
0.014356
0.009060
0.005044
0.005296
0.008696
0.010740
0.009308
0.006376
0.002704
0.001396
0.003372
0.006640
0.008488
0.007084
0.003788
0.001224
0.000372
-0.000316
-0.001040
-0.000120
0.002720
0.006228
0.011084
0.015624
0.017204
0.015300
0.011540
0.007976
0.004724
0.004460
0.006744
0.007780
0.008072
0.006724
0.005792
0.009680
0.016736
0.024340
0.027980
0.024348
0.016896
0.011420
0.010740
0.013500
0.016952
0.017816
0.014488
0.010456
0.009448
0.011124
0.012752
0.010464
0.005020
0.002016
0.004212
0.009864
0.014212
0.013504
0.009052
0.006380
0.007936
0.011572
0.012460
0.008224
0.002300
-0.003304
-0.006192
-0.005568
-0.002476
0.001280
0.002768
0.003800
0.005296
0.005512
0.004096
0.002812
0.002020
0.002752
0.005400
0.006400
0.005460
0.003304
0.000104
-0.003860
-0.007976
-0.008704
-0.003452
0.003804
0.009464
0.013012
0.014264
0.013580
0.009684
0.002984
-0.002996
-0.005484
-0.003940
0.000828
0.006080
0.010568
0.012132
0.007860
0.001060
-0.002856
-0.002240
0.003452
0.011852
0.018428
0.021420
0.019856
0.015000
0.008068
0.000588
-0.004140
-0.005712
-0.004700
-0.002748
-0.002648
-0.002636
-0.002816
-0.004600
-0.004976
-0.004268
-0.002632
0.000272
0.003036
0.005000
0.004140
0.000272
-0.004112
-0.007056
-0.008196
-0.008432
-0.009504
-0.010228
-0.008908
-0.005596
-0.000444
0.003008
0.000888
-0.006156
-0.014424
-0.018956
-0.016232
-0.010292
-0.006016
-0.003264
-0.001524
-0.000236
0.000076
-0.001300
-0.005404
-0.011092
-0.014676
-0.014832
-0.012152
-0.009396
-0.007172
-0.005012
-0.003980
-0.003756
-0.003512
-0.003216
-0.003892
-0.004276
-0.004548
-0.005672
-0.005752
-0.004784
-0.003516
-0.001860
-0.001512
-0.003884
-0.008896
-0.014212
-0.016672
-0.015804
-0.013656
-0.012468
-0.013872
-0.018528
-0.023228
-0.024916
-0.022844
-0.018076
-0.012976
-0.009400
-0.007720
-0.007612
-0.008480
-0.008620
-0.008280
-0.010660
-0.015492
-0.020300
-0.023180
-0.021348
-0.016408
-0.011308
-0.007336
-0.005400
-0.004528
-0.003436
-0.003020
-0.004552
-0.007764
-0.009524
-0.008692
-0.007332
-0.006316
-0.006816
-0.006312
-0.005040
-0.004224
-0.003116
-0.005536
-0.008996
-0.011512
-0.015908
-0.020204
-0.021932
-0.020968
-0.019424
-0.017296
-0.013236
-0.008596
-0.003956
-0.001020
-0.001668
-0.004740
-0.007936
-0.009188
-0.008660
-0.008460
-0.009688
-0.012692
-0.015976
-0.018896
-0.021752
-0.023460
-0.025136
-0.026380
-0.025796
-0.023496
-0.020616
-0.018144
-0.015460
-0.012728
-0.011500
-0.013692
-0.018800
-0.024220
-0.027772
-0.027544
-0.026384
-0.026608
-0.026060
-0.024048
-0.019836
-0.015072
-0.011956
-0.010880
-0.012168
-0.016168
-0.020656
-0.021512
-0.018076
-0.011164
-0.003952
-0.000764
-0.003072
-0.008308
-0.012360
-0.013584
-0.012120
-0.009704
-0.006960
-0.004276
-0.003724
-0.005436
-0.009060
-0.013096
-0.015788
-0.017256
-0.015868
-0.012704
-0.009260
-0.005896
-0.006604
-0.009400
-0.010828
-0.010904
-0.008352
-0.007572
-0.008932
-0.010432
-0.014108
-0.015488
-0.011920
-0.005140
0.001808
0.004964
0.002980
-0.002428
-0.006400
-0.005868
-0.001852
0.002488
0.004532
0.002556
-0.002136
-0.005516
-0.007700
-0.008348
-0.007528
-0.007104
-0.004784
-0.000988
0.000640
0.000688
0.001188
0.002456
0.003692
0.003736
0.001880
-0.001912
-0.006232
-0.007416
-0.004364
-0.000120
0.003688
0.005524
0.004624
0.001668
-0.000684
0.000060
0.002052
0.003092
0.003104
0.002548
0.001844
0.001732
0.002552
0.005376
0.009588
0.012756
0.013136
0.010752
0.007964
0.005100
0.003320
0.004080
0.006720
0.010956
0.014812
0.014804
0.009660
0.004336
0.001424
0.000572
0.002876
0.005864
0.007992
0.008464
0.007096
0.005700
0.004004
0.001960
0.000736
-0.000344
-0.001288
-0.001124
-0.002360
-0.004692
-0.005424
-0.003344
0.002420
0.007544
0.008588
0.006508
0.004216
0.004348
0.005204
0.005888
0.005460
0.003936
0.003240
0.002060
0.001196
0.001224
0.000712
0.000700
0.001352
0.001204
-0.000492
-0.002928
-0.004992
-0.006004
-0.005416
-0.005336
-0.006892
-0.009072
-0.011364
-0.010848
-0.006228
0.000384
0.005840
0.007552
0.005344
0.000272
-0.004424
-0.006500
-0.006424
-0.003636
0.000304
0.003772
0.007444
0.011412
0.015188
0.018100
0.019104
0.017808
0.015216
0.011640
0.007732
0.004748
0.003600
0.003064
0.001884
0.000836
0.001028
0.001572
0.001660
0.002808
0.004268
0.006320
0.009728
0.011424
0.010260
0.008012
0.006248
0.007560
0.011816
0.015588
0.017404
0.016516
0.012360
0.007416
0.004636
0.004244
0.005716
0.007748
0.008748
0.010020
0.012528
0.014620
0.015016
0.012428
0.006976
0.000628
-0.004520
-0.007400
-0.008616
-0.008260
-0.007064
-0.004452
0.000572
0.006344
0.010176
0.009336
0.004692
-0.001140
-0.004792
-0.005288
-0.005180
-0.005736
-0.008276
-0.012224
-0.014768
-0.013544
-0.009448
-0.004044
0.001056
0.002952
0.002836
0.003176
0.003760
0.005144
0.006628
0.007548
0.008788
0.009384
0.008840
0.006472
0.002812
0.000896
0.002228
0.005964
0.010716
0.014820
0.016568
0.016020
0.013196
0.008776
0.004200
0.000896
0.000416
0.002836
0.005936
0.007224
0.005824
0.001660
-0.001808
-0.001624
0.001512
0.005212
0.006328
0.004500
0.000476
-0.003780
-0.004720
-0.002684
0.000580
0.004740
0.007824
0.008332
0.007208
0.004992
0.002716
0.001524
0.001704
0.003600
0.006572
0.009460
0.010768
0.009760
0.006952
0.004952
0.006108
0.009740
0.013716
0.015868
0.015692
0.013104
0.008872
0.004936
0.003772
0.007168
0.012912
0.016864
0.017296
0.014564
0.010068
0.006064
0.002084
-0.002092
-0.003612
-0.000972
0.004508
0.010696
0.015928
0.019144
0.020928
0.020972
0.018416
0.014180
0.009908
0.007500
0.007092
0.009032
0.012536
0.015080
0.015108
0.012520
0.009804
0.008368
0.008356
0.008976
0.009096
0.008872
0.008868
0.008712
0.007836
0.005668
0.001412
-0.003324
-0.006748
-0.007140
-0.003488
0.001660
0.006800
0.010784
0.011316
0.009536
0.006940
0.004840
0.004416
0.004096
0.002956
-0.000088
-0.004340
-0.006852
-0.006560
-0.003804
-0.000228
0.003112
0.006100
0.007988
0.007732
0.004724
-0.000020
-0.003500
-0.003564
0.000024
0.005644
0.009268
0.009184
0.006516
0.002728
-0.000456
-0.000860
0.001800
0.005252
0.007608
0.007064
0.004376
0.002856
0.003824
0.006884
0.010736
0.012328
0.009984
0.005384
0.002444
0.003020
0.005712
0.008980
0.010948
0.010888
0.009336
0.006784
0.005324
0.006712
0.010248
0.014096
0.015704
0.014388
0.012336
0.012648
0.015888
0.019676
0.022188
0.022296
0.020008
0.017452
0.016744
0.018096
0.020752
0.023356
0.024404
0.023112
0.020032
0.015684
0.011256
0.009584
0.010980
0.012960
0.013108
0.010796
0.007408
0.004932
0.004360
0.004712
0.005108
0.005744
0.005880
0.005148
0.003592
0.000756
-0.003440
-0.008516
-0.011392
-0.010944
-0.009104
-0.007488
-0.008060
-0.010036
-0.010572
-0.009184
-0.007884
-0.006852
-0.005772
-0.005096
-0.004508
-0.004680
-0.005956
-0.006468
-0.004688
-0.002552
-0.002280
-0.003908
-0.003992
0.000056
0.005616
0.010412
0.012776
0.011664
0.009296
0.006736
0.003200
0.000880
0.000548
0.000448
-0.000196
-0.002212
-0.004700
-0.004972
-0.003444
-0.002708
-0.003704
-0.006568
-0.009228
-0.010252
-0.009320
-0.006472
-0.003924
-0.003808
-0.006828
-0.011292
-0.014068
-0.013480
-0.011344
-0.010040
-0.011060
-0.013664
-0.015332
-0.015476
-0.013516
-0.009452
-0.005076
-0.002420
-0.002376
-0.004136
-0.008124
-0.013920
-0.018220
-0.020108
-0.019896
-0.017484
-0.014288
-0.012548
-0.012208
-0.012028
-0.012336
-0.012428
-0.012264
-0.011980
-0.011148
-0.009988
-0.008632
-0.008776
-0.011096
-0.014548
-0.017488
-0.017232
-0.014492
-0.011660
-0.010292
-0.011236
-0.013156
-0.014684
-0.015304
-0.015428
-0.014864
-0.011968
-0.005912
0.000904
0.003924
0.001788
-0.002640
-0.005588
-0.005408
-0.004308
-0.004860
-0.005232
-0.003064
-0.000572
-0.001720
-0.007500
-0.013964
-0.015488
-0.008916
0.002596
0.012308
0.015476
0.010624
0.001584
-0.007192
-0.012168
-0.012252
-0.009352
-0.005388
-0.003860
-0.006088
-0.011380
-0.017280
-0.019180
-0.015780
-0.009240
-0.002824
0.000544
0.000616
-0.000972
-0.003612
-0.006940
-0.009300
-0.008924
-0.005324
-0.000216
0.003416
0.003736
0.000904
-0.003176
-0.006108
-0.006524
-0.005864
-0.005168
-0.004100
-0.002572
0.000772
0.004456
0.005376
0.002864
-0.002204
-0.007476
-0.010536
-0.010388
-0.007936
-0.004920
-0.002584
-0.002168
-0.003596
-0.004884
-0.004084
-0.002168
-0.001072
-0.000780
-0.001104
-0.001664
-0.002440
-0.003412
-0.004228
-0.005048
-0.005368
-0.004460
-0.002752
-0.002016
-0.003124
-0.004828
-0.005748
-0.004132
-0.000176
0.002624
0.002936
0.002400
0.002648
0.004332
0.006288
0.006776
0.005580
0.003532
0.001424
-0.000224
-0.001228
-0.001556
-0.001252
-0.000272
0.000844
0.002688
0.005504
0.006928
0.005516
0.002336
-0.000260
-0.001072
-0.000376
0.001004
0.002708
0.003548
0.002384
0.000608
-0.000844
-0.001668
-0.001944
-0.001840
-0.000964
0.000204
0.000704
-0.000336
-0.002240
-0.003188
-0.001908
0.001440
0.004888
0.005964
0.005044
0.004116
0.004712
0.007688
0.010548
0.011080
0.009964
0.007988
0.005380
0.003016
0.002516
0.004232
0.008288
0.012508
0.013468
0.011248
0.006296
0.001244
-0.000496
0.000916
0.005340
0.010848
0.013156
0.011120
0.006456
0.002168
0.000496
0.000992
0.001524
0.000924
0.000176
0.000280
0.001892
0.004460
0.006720
0.008052
0.007732
0.006436
0.005832
0.006956
0.009636
0.011916
0.012488
0.011056
0.008572
0.007388
0.007396
0.006320
0.004224
0.002336
0.001244
0.001012
0.001040
0.002376
0.005680
0.008620
0.009524
0.008092
0.005084
0.003428
0.004316
0.005368
0.005204
0.003284
-0.000156
-0.002072
-0.002580
-0.003128
-0.003280
-0.003532
-0.003300
-0.001576
0.000356
0.001268
0.001468
0.001688
0.002812
0.004544
0.006480
0.007528
0.007100
0.007012
0.007696
0.009684
0.013468
0.016192
0.015220
0.011172
0.006700
0.003128
0.001172
0.001932
0.003844
0.005636
0.007856
0.009432
0.009576
0.008660
0.007016
0.005748
0.005644
0.006220
0.006952
0.008036
0.009236
0.009688
0.009796
0.010036
0.009780
0.009296
0.008048
0.006560
0.006760
0.008180
0.009688
0.011044
0.011776
0.011252
0.009640
0.007120
0.005016
0.003968
0.004096
0.005236
0.005472
0.004492
0.002816
0.000784
-0.000920
-0.001772
-0.002392
-0.002852
-0.003380
-0.004652
-0.004944
-0.004072
-0.003376
-0.003556
-0.005764
-0.009668
-0.013504
-0.015808
-0.015856
-0.014216
-0.011532
-0.008012
-0.004524
-0.001700
0.000204
0.000120
-0.001400
-0.003220
-0.005016
-0.005472
-0.003816
-0.000340
0.003220
0.005112
0.005244
0.004264
0.002788
0.000812
-0.001408
-0.001764
0.000368
0.003904
0.007988
0.009960
0.008336
0.004380
0.000740
-0.000156
0.001748
0.005168
0.007008
0.006724
0.006820
0.007264
0.008312
0.009208
0.009384
0.010572
0.012828
0.015068
0.016060
0.015120
0.012604
0.009488
0.006872
0.005632
0.005696
0.006956
0.009312
0.011460
0.011840
0.010156
0.007696
0.005504
0.005472
0.008528
0.013364
0.017380
0.017164
0.012268
0.005196
0.000776
0.001420
0.003980
0.005596
0.004960
0.002512
0.002656
0.007148
0.011304
0.011024
0.007048
0.002584
0.000196
0.000680
0.002272
0.003044
0.002824
0.002568
0.002268
0.001764
0.001604
0.001132
0.000292
0.000132
0.001784
0.005520
0.009620
0.011724
0.011472
0.010296
0.009672
0.010424
0.011712
0.013120
0.014064
0.014324
0.014320
0.012504
0.010308
0.009724
0.011176
0.013912
0.015980
0.016788
0.016620
0.016608
0.016752
0.017948
0.019632
0.019252
0.017104
0.014616
0.012876
0.012832
0.014140
0.015464
0.015964
0.014716
0.012528
0.010328
0.007676
0.005688
0.005008
0.004640
0.005568
0.007536
0.009160
0.010916
0.009944
0.005680
0.000764
-0.003384
-0.006104
-0.006432
-0.003236
0.001972
0.007196
0.010096
0.009952
0.006956
0.001520
-0.003572
-0.005808
-0.003768
0.001684
0.008032
0.011880
0.010332
0.005420
0.001068
-0.000408
0.001372
0.004640
0.007044
0.007708
0.007424
0.007980
0.010332
0.012916
0.013424
0.011304
0.008556
0.006620
0.005648
0.006088
0.007836
0.010592
0.013460
0.015196
0.015024
0.012944
0.009844
0.007084
0.005576
0.004720
0.004468
0.005464
0.007836
0.010624
0.012344
0.011840
0.009776
0.007140
0.004504
0.003912
0.003816
0.002076
-0.000468
-0.003416
-0.005356
-0.004848
-0.003132
-0.001952
-0.000664
0.001500
0.003512
0.003924
0.003056
0.002252
0.001364
0.001056
0.001940
0.002912
0.003824
0.004468
0.003976
0.003696
0.004560
0.006804
0.009372
0.010552
0.011552
0.012268
0.011628
0.008488
0.005384
0.001852
0.002856
0.006448
0.010312
0.012024
0.011652
0.010088
0.008824
0.008800
0.008516
0.007136
0.004372
0.000476
-0.002508
-0.003084
-0.002352
-0.000700
0.001780
0.004100
0.006440
0.008548
0.008604
0.006140
0.002964
0.001360
0.001760
0.003296
0.005356
0.006152
0.006012
0.005184
0.003176
0.002156
0.002444
0.003796
0.006908
0.009888
0.009708
0.006788
0.003780
0.001472
0.000004
-0.000644
0.000032
0.001720
0.001764
-0.000036
-0.002492
-0.004484
-0.004748
-0.004384
-0.003904
-0.002384
-0.001020
-0.000820
-0.002872
-0.006852
-0.010400
-0.012560
-0.011916
-0.009000
-0.006408
-0.006544
-0.009628
-0.012876
-0.014328
-0.012832
-0.009844
-0.008264
-0.007628
-0.007116
-0.005660
-0.003196
-0.002200
-0.003668
-0.006336
-0.008452
-0.007920
-0.005124
-0.002392
0.000288
0.002320
0.001920
-0.001148
-0.005144
-0.007780
-0.007036
-0.003380
0.000532
0.002072
0.000544
-0.002296
-0.004480
-0.005016
-0.004136
-0.002920
-0.001724
-0.000092
0.001096
0.001176
0.000112
-0.001116
-0.002000
-0.002428
-0.002100
-0.002640
-0.004008
-0.005088
-0.005888
-0.006240
-0.005748
-0.003652
-0.002036
-0.003088
-0.005636
-0.007824
-0.007168
-0.003720
-0.001700
-0.003376
-0.005584
-0.005496
-0.002904
0.000560
0.001800
0.000616
-0.000600
-0.000844
-0.000464
-0.000448
-0.000784
-0.000544
-0.000144
0.000040
-0.000164
-0.000344
-0.000184
-0.000776
-0.001588
-0.002904
-0.005068
-0.007156
-0.009116
-0.009088
-0.006788
-0.003908
-0.001804
-0.002272
-0.005032
-0.008416
-0.011344
-0.012432
-0.012484
-0.012400
-0.012004
-0.011604
-0.009872
-0.006564
-0.003400
-0.001896
-0.003116
-0.005744
-0.006908
-0.007032
-0.008008
-0.009784
-0.011664
-0.013440
-0.013528
-0.010688
-0.007508
-0.006048
-0.005988
-0.008112
-0.012676
-0.016144
-0.015424
-0.011164
-0.006492
-0.004072
-0.003660
-0.004220
-0.005452
-0.007396
-0.009516
-0.011040
-0.010492
-0.006940
-0.003080
-0.001128
-0.001668
-0.003968
-0.005632
-0.006000
-0.005128
-0.003416
-0.002048
-0.000816
0.001196
0.003664
0.005628
0.005912
0.005472
0.009588
0.024480
0.050972
0.074280
0.067080
0.010492
-0.082032
-0.160168
-0.175396
-0.120512
-0.027640
0.053324
0.084488
0.065604
0.028060
0.002916
-0.002140
0.004080
0.014968
0.030592
0.045864
0.048516
0.033516
0.008684
-0.015316
-0.031376
-0.034892
-0.024052
-0.001492
0.023524
0.037300
0.030340
0.008348
-0.010640
-0.013896
-0.003892
0.008844
0.015492
0.011540
-0.000608
-0.013636
-0.019468
-0.014256
-0.001944
0.010908
0.018844
0.019572
0.014000
0.005404
-0.000860
-0.001624
0.001752
0.005580
0.007032
0.007060
0.006500
0.002492
-0.006656
-0.017232
-0.021496
-0.016792
-0.007032
0.002200
0.006208
0.002292
-0.011100
-0.029360
-0.041944
-0.039928
-0.023268
-0.001944
0.012648
0.014540
0.004860
-0.009016
-0.020060
-0.023980
-0.018968
-0.008084
0.003256
0.009492
0.006160
-0.006060
-0.020512
-0.028448
-0.025376
-0.013804
0.000652
0.011432
0.013500
0.007300
-0.000924
-0.005888
-0.007384
-0.006764
-0.004888
-0.002588
-0.001156
-0.001804
-0.005080
-0.009596
-0.012284
-0.010796
-0.006596
-0.003508
-0.003312
-0.005288
-0.007012
-0.007028
-0.006228
-0.005616
-0.005544
-0.006052
-0.008036
-0.011124
-0.013544
-0.015008
-0.014272
-0.010364
-0.003740
0.004100
0.009240
0.009144
0.004720
-0.000768
-0.004004
-0.005092
-0.006600
-0.009648
-0.011672
-0.010360
-0.007072
-0.003504
-0.000308
0.001344
0.001004
-0.000344
-0.002520
-0.005432
-0.008948
-0.012932
-0.016020
-0.016560
-0.013368
-0.007392
-0.001308
0.002384
0.002444
0.000364
-0.001532
-0.002080
-0.001144
0.000396
0.001788
0.001796
-0.000740
-0.005256
-0.009628
-0.010840
-0.008172
-0.004092
-0.002136
-0.004152
-0.009296
-0.015280
-0.017904
-0.014544
-0.007452
-0.001440
-0.000204
-0.002668
-0.005092
-0.005308
-0.003848
-0.001852
-0.000112
0.000520
-0.000592
-0.003660
-0.005996
-0.005172
-0.002488
-0.000492
-0.001252
-0.004300
-0.006836
-0.007172
-0.005356
-0.002644
-0.000396
0.000752
0.000780
0.000532
0.000768
0.001088
0.000592
-0.000932
-0.002912
-0.004312
-0.004820
-0.004548
-0.003588
-0.002532
-0.001748
-0.001360
-0.001624
-0.002456
-0.003536
-0.004096
-0.003280
-0.001400
0.000580
0.001412
0.000336
-0.002632
-0.006276
-0.008624
-0.008408
-0.005748
-0.001752
0.002004
0.003916
0.003352
0.001156
-0.000916
-0.001884
-0.001520
0.000168
0.002264
0.003472
0.003136
0.001460
-0.000900
-0.003192
-0.005144
-0.006080
-0.004972
-0.002224
0.001340
0.004584
0.006152
0.006068
0.005468
0.004896
0.004040
0.002420
0.000016
-0.002244
-0.002980
-0.001116
0.002072
0.004340
0.004380
0.002072
-0.000664
-0.002152
-0.001700
0.000664
0.003728
0.005772
0.005376
0.002684
-0.000412
-0.001904
-0.001492
-0.000336
0.000372
0.000072
-0.000808
-0.001456
-0.001416
-0.000564
0.000848
0.002240
0.003284
0.003588
0.002524
0.000368
-0.001816
-0.002888
-0.002564
-0.001496
-0.000444
-0.000172
-0.000820
-0.001784
-0.002552
-0.002976
-0.003184
-0.003516
-0.004016
-0.004080
-0.003076
-0.001068
0.000900
0.001420
0.000632
-0.000220
-0.000720
-0.001344
-0.002336
-0.003088
-0.002916
-0.001896
-0.000952
-0.001320
-0.003140
-0.005464
-0.007200
-0.007388
-0.005908
-0.003684
-0.001768
-0.000928
-0.001704
-0.003608
-0.005356
-0.006112
-0.005528
-0.004004
-0.002648
-0.002064
-0.002140
-0.002420
-0.002400
-0.002056
-0.001772
-0.001988
-0.002700
-0.003392
-0.003536
-0.003040
-0.002572
-0.002684
-0.003380
-0.004224
-0.004516
-0.004056
-0.003208
-0.002548
-0.002472
-0.002776
-0.003220
-0.003672
-0.003744
-0.003240
-0.002340
-0.001404
-0.000832
-0.000888
-0.001516
-0.002492
-0.003360
-0.003672
-0.003520
-0.003288
-0.003216
-0.003336
-0.003528
-0.003600
-0.003476
-0.003196
-0.002980
-0.002900
-0.002928
-0.003028
-0.002992
-0.002912
-0.002880
-0.002804
-0.002532
-0.002184
-0.002016
-0.002164
-0.002856
-0.003876
-0.004668
-0.004752
-0.004204
-0.003456
-0.002744
-0.002300
-0.002184
-0.002360
-0.002704
-0.003076
-0.003296
-0.003248
-0.002992
-0.002596
-0.002192
-0.001824
-0.001712
-0.001932
-0.002172
-0.002204
-0.001988
-0.001728
-0.001540
-0.001436
-0.001492
-0.001672
-0.001896
-0.002008
-0.001932
-0.001716
-0.001436
-0.001244
-0.001216
-0.001264
-0.001384
-0.001572
-0.001736
-0.001764
-0.001564
-0.001284
-0.001040
-0.000864
-0.000784
-0.000792
-0.000920
-0.001076
-0.001176
-0.001188
-0.001040
-0.000840
-0.000624
-0.000424
-0.000396
-0.000528
-0.000688
-0.000796
-0.000756
-0.000548
-0.000340
-0.000272
-0.000304
-0.000372
-0.000348
-0.000140
0.000180
0.000424
0.000436
0.000268
0.000068
0.000008
0.000144
0.000348
0.000508
0.000608
0.000640
0.000600
0.000520
0.000492
0.000548
0.000676
0.000788
0.000828
0.000804
0.000764
0.000796
0.000880
0.000956
0.001008
0.001020
0.000996
0.000988
0.001012
0.001068
0.001132
0.001172
0.001196
0.001196
0.001228
0.001276
0.001300
0.001332
0.001368
0.001396
0.001424
0.001448
0.001476
0.001504
0.001520
0.001536
0.001576
0.001596
0.001596
0.001600
0.001616
0.001632
0.001668
0.001724
0.001760
0.001776
0.001792
0.001800
0.001812
0.001832
0.001864
0.001904
0.001940
0.001972
0.001992
0.002016
0.002060
0.002128
0.002196
0.002220
0.002188
0.002140
0.002120
0.002128
0.002160
0.002200
0.002228
0.002260
0.002296
0.002324
0.002344
0.002356
0.002372
0.002396
0.002420
0.002440
0.002456
0.002468
0.002476
0.002480
0.002488
0.002496
0.002508
0.002528
0.002548
0.002564
0.002580
0.002588
0.002604
0.002616
0.002632
0.002640
0.002648
0.002652
0.002660
0.002668
0.002680
0.002688
0.002696
0.002704
0.002712
0.002716
0.002724
0.002728
0.002732
0.002740
0.002744
0.002748
0.002752
0.002756
0.002756
0.002760
0.002764
0.002764
0.002768
0.002768
0.002768
0.002768
0.002768
0.002768
0.002768
0.002764
0.002764
0.002760
0.002756
0.002752
0.002752
0.002744
0.002740
0.002736
0.002732
0.002724
