-0.256980
-0.306380
-0.205948
0.020008
0.030832
0.037884
0.040424
0.041556
0.041956
0.041776
0.041268
0.040740
0.040300
0.039860
0.039316
0.038748
0.038356
0.038264
0.038364
0.038420
0.038340
0.038284
0.038424
0.038740
0.039064
0.039300
0.039488
0.039664
0.039676
0.039348
0.038804
0.038348
0.038208
0.038480
0.039020
0.039540
0.039916
0.040204
0.040476
0.040612
0.040324
0.039548
0.038412
0.037116
0.035864
0.034700
0.033736
0.033148
0.033064
0.033636
0.034900
0.036440
0.037664
0.038324
0.038560
0.038780
0.039240
0.039844
0.040432
0.040904
0.041132
0.040648
0.038876
0.036000
0.032908
0.030636
0.029760
0.030164
0.031516
0.033448
0.035592
0.037592
0.039064
0.040044
0.040876
0.041740
0.042616
0.043428
0.044180
0.044812
0.045284
0.045500
0.045216
0.044144
0.042080
0.039400
0.036908
0.035164
0.034252
0.033776
0.033664
0.034636
0.037292
0.041192
0.045116
0.047912
0.048716
0.047392
0.044932
0.042296
0.039720
0.036944
0.033788
0.030760
0.029028
0.030040
0.034652
0.042040
0.049444
0.053584
0.051916
0.043684
0.031480
0.020296
0.014608
0.015664
0.020708
0.026132
0.030932
0.036176
0.042748
0.050440
0.058180
0.064180
0.066224
0.063560
0.058312
0.053060
0.048348
0.043828
0.039624
0.035832
0.031856
0.025748
0.015416
0.001928
-0.010148
-0.016180
-0.014428
-0.005916
0.006712
0.020432
0.034184
0.047608
0.057616
0.061096
0.059000
0.054576
0.049464
0.044100
0.040300
0.040672
0.047048
0.059160
0.073668
0.085308
0.086580
0.071528
0.045412
0.020304
0.001724
-0.012004
-0.023032
-0.031376
-0.035696
-0.033924
-0.023176
-0.002196
0.024704
0.050272
0.069628
0.080672
0.082276
0.075080
0.062820
0.049568
0.038844
0.033692
0.033128
0.032792
0.029256
0.022192
0.013880
0.007772
0.005996
0.006860
0.007188
0.005540
0.002004
-0.003100
-0.009204
-0.015112
-0.020020
-0.022724
-0.018312
0.001216
0.038308
0.083792
0.123860
0.151632
0.171828
0.193012
0.214012
0.221136
0.198432
0.144092
0.077440
0.018128
-0.032268
-0.078372
-0.119880
-0.153244
-0.171980
-0.167976
-0.133880
-0.069064
0.009908
0.076316
0.115632
0.136152
0.156724
0.184692
0.212028
0.226708
0.222852
0.205716
0.183672
0.157572
0.121316
0.070740
0.010328
-0.048432
-0.092348
-0.115508
-0.120196
-0.108172
-0.081172
-0.042056
0.004076
0.045200
0.071688
0.087976
0.106192
0.131376
0.159172
0.184356
0.202936
0.205240
0.174532
0.108040
0.030796
-0.023796
-0.037088
-0.018292
0.004916
0.012400
0.001136
-0.017552
-0.030760
-0.036368
-0.038264
-0.039476
-0.040536
-0.041144
-0.044128
-0.051280
-0.058708
-0.057924
-0.037496
0.003976
0.048448
0.075952
0.085620
0.091088
0.101296
0.113728
0.120220
0.112512
0.086132
0.046428
0.006920
-0.024028
-0.047696
-0.072196
-0.100844
-0.122884
-0.124452
-0.103760
-0.070388
-0.027024
0.034312
0.116216
0.203372
0.269568
0.300140
0.301708
0.294164
0.289376
0.278184
0.238824
0.160032
0.056936
-0.047000
-0.138612
-0.219148
-0.298616
-0.375040
-0.429596
-0.438660
-0.386468
-0.282528
-0.158340
-0.050168
0.022132
0.074236
0.132048
0.198692
0.256668
0.281840
0.265760
0.226596
0.195496
0.192672
0.220020
0.275452
0.350256
0.421228
0.461944
0.463968
0.440436
0.406788
0.365540
0.299340
0.186784
0.032848
-0.131116
-0.265220
-0.336108
-0.339864
-0.304036
-0.259440
-0.214216
-0.146292
-0.025648
0.145420
0.310248
0.400056
0.406372
0.368128
0.306976
0.216232
0.086476
-0.068516
-0.203776
-0.271380
-0.268956
-0.243732
-0.233860
-0.236528
-0.235636
-0.235476
-0.262260
-0.324692
-0.391464
-0.416828
-0.379500
-0.298580
-0.224372
-0.195576
-0.195396
-0.183668
-0.133404
-0.034680
0.100320
0.250228
0.398184
0.530900
0.627224
0.652000
0.575448
0.423720
0.283040
0.209032
0.178548
0.140544
0.073808
-0.009816
-0.092180
-0.153660
-0.166808
-0.115340
-0.019924
0.067940
0.101056
0.077736
0.038504
0.022328
0.047708
0.112424
0.194560
0.278224
0.368200
0.467912
0.561208
0.624272
0.650540
0.650604
0.634636
0.602196
0.529248
0.375404
0.127588
-0.142788
-0.311068
-0.336280
-0.291568
-0.251988
-0.222904
-0.164048
-0.045056
0.108000
0.237476
0.316732
0.358548
0.394496
0.438940
0.479440
0.493480
0.466856
0.426744
0.429740
0.501296
0.589096
0.588572
0.448288
0.200240
-0.162160
-0.677516
-1.281488
-1.831800
-2.245676
-2.528088
-2.687164
-2.692728
-2.444788
-1.768888
-0.628224
0.684196
1.773168
2.457664
2.815636
2.990440
2.968788
2.608384
1.809272
0.662468
-0.544936
-1.601088
-2.499864
-3.183684
-3.547672
-3.680324
-3.734372
-3.649620
-3.097092
-1.653388
0.677892
3.040800
4.398520
4.643640
4.512200
4.532160
4.535560
4.160880
3.296116
1.974124
0.337204
-1.348412
-2.929192
-4.348200
-5.343560
-5.690600
-5.656640
-5.686440
-5.868440
-6.017760
-5.999600
-5.826680
-5.579080
-5.252480
-4.706880
-3.495068
-0.977008
2.593580
5.603360
6.620160
6.014720
5.174520
4.601480
3.835388
2.621800
1.186596
-0.217996
-1.543620
-2.834364
-3.962132
-4.667360
-4.938600
-4.994600
-4.976440
-4.893960
-4.688240
-4.182360
-2.504860
1.289656
5.314000
6.218520
4.380360
2.793680
2.548928
2.636644
2.130640
1.101876
0.056260
-0.760976
-1.451052
-2.126928
-2.647720
-2.677928
-2.021552
-0.881216
0.182888
0.684996
0.699428
0.699964
0.987968
1.490756
1.944068
2.097376
1.697648
0.889396
0.421044
0.581476
1.016488
1.465260
1.654296
1.289864
0.513628
-0.285420
-0.954764
-1.448816
-1.762592
-2.036880
-2.367844
-2.694984
-2.875584
-2.779344
-2.331520
-1.600936
-0.890428
-0.453136
-0.227784
-0.050492
0.108436
0.205516
0.234184
0.174832
-0.030136
-0.375356
-0.774828
-1.116192
-1.269064
-1.167132
-0.836868
-0.414080
-0.172904
-0.208476
-0.244996
-0.009140
0.440988
0.864448
1.140564
1.268868
1.219808
1.003288
0.760888
0.625296
0.552136
0.396004
0.101312
-0.240180
-0.447684
-0.383700
-0.030008
0.559036
1.217912
1.670188
1.727260
1.458448
1.078680
0.733412
0.527940
0.534540
0.670768
0.745948
0.642572
0.418344
0.207896
0.076532
0.023152
0.077620
0.291704
0.573188
0.678344
0.485016
0.133684
-0.146256
-0.219488
-0.080060
0.200800
0.550692
0.928396
1.296296
1.611648
1.847640
1.965392
1.903808
1.624524
1.165520
0.621660
0.042344
-0.615908
-1.399712
-2.190032
-2.732300
-2.868516
-2.625428
-2.135240
-1.487720
-0.647036
0.336504
1.180080
1.681068
1.976164
2.307752
2.667908
2.812868
2.581124
2.063100
1.471320
0.954264
0.535136
0.151504
-0.237260
-0.601684
-0.905840
-1.129608
-1.236684
-1.163640
-0.860624
-0.353924
0.187708
0.551068
0.698396
0.752240
0.829640
0.948856
1.078268
1.227912
1.453696
1.730108
1.857760
1.676756
1.234848
0.729148
0.387812
0.320540
0.458032
0.585920
0.476424
0.024088
-0.607468
-1.135328
-1.470928
-1.552584
-1.302836
-0.872860
-0.569036
-0.521484
-0.551016
-0.444600
-0.249484
-0.154496
-0.188200
-0.213728
-0.118484
0.053652
0.148560
0.097796
0.004868
0.035664
0.225548
0.428260
0.478656
0.321684
-0.013344
-0.448968
-0.883480
-1.274268
-1.556836
-1.606964
-1.442692
-1.201504
-0.982168
-0.839036
-0.815316
-0.901912
-0.988296
-0.933568
-0.645692
-0.120700
0.455548
0.793944
0.804424
0.651788
0.563628
0.700372
1.069736
1.454280
1.548676
1.246452
0.669524
0.031620
-0.442332
-0.688116
-0.765320
-0.671072
-0.423012
-0.135428
0.096208
0.272084
0.426964
0.545648
0.579516
0.542608
0.538968
0.635564
0.730048
0.650304
0.305244
-0.246772
-0.774952
-1.066416
-1.052556
-0.711296
-0.045804
0.798796
1.502456
1.785760
1.639896
1.300968
1.003856
0.823776
0.752540
0.740228
0.710276
0.652472
0.583800
0.432780
0.117920
-0.317984
-0.715748
-0.882012
-0.788244
-0.645152
-0.668576
-0.868252
-1.094000
-1.234664
-1.262976
-1.130788
-0.705116
0.032832
0.778304
1.211576
1.281124
1.061412
0.623592
0.062120
-0.481084
-0.877136
-1.099208
-1.218032
-1.295236
-1.312652
-1.230700
-1.058868
-0.768084
-0.221904
0.577632
1.327368
1.720144
1.728112
1.515920
1.179544
0.649488
-0.099256
-0.870984
-1.464692
-1.847748
-2.001020
-1.880056
-1.531144
-1.024312
-0.406088
0.135852
0.357552
0.288664
0.235148
0.398164
0.633060
0.696872
0.588692
0.531272
0.676996
0.934252
1.123220
1.143684
0.930340
0.400428
-0.315696
-0.786436
-0.778068
-0.536640
-0.409832
-0.475616
-0.546440
-0.382844
0.057824
0.549208
0.826012
0.794748
0.479428
-0.025868
-0.497224
-0.710464
-0.636020
-0.347752
0.091120
0.533148
0.769928
0.757748
0.681736
0.760368
1.015568
1.267528
1.327548
1.139216
0.766364
0.324992
-0.035424
-0.224496
-0.247656
-0.151980
-0.038744
0.003564
-0.008244
-0.006972
-0.011516
-0.112152
-0.309764
-0.495712
-0.585884
-0.582016
-0.511936
-0.402576
-0.317592
-0.324116
-0.390452
-0.351868
-0.046288
0.435196
0.803288
0.935048
0.956556
1.010476
1.081064
1.030472
0.763964
0.358700
-0.022504
-0.329036
-0.595192
-0.814328
-0.966052
-1.073996
-1.178260
-1.291744
-1.396600
-1.454752
-1.408276
-1.198828
-0.780588
-0.133676
0.721124
1.573912
2.011348
1.871176
1.344940
0.640892
-0.073064
-0.626376
-0.914044
-0.971388
-0.975292
-1.075876
-1.245096
-1.330540
-1.157384
-0.596784
0.263596
1.018088
1.261984
0.999488
0.592176
0.378116
0.411696
0.499520
0.425464
0.136448
-0.263284
-0.599072
-0.676740
-0.389320
0.174240
0.732256
0.998688
0.961756
0.824904
0.673924
0.404776
-0.031488
-0.486340
-0.779964
-0.903680
-0.976036
-1.079200
-1.185108
-1.170360
-0.882416
-0.288352
0.411720
0.932148
1.168580
1.266768
1.439684
1.718304
1.929716
1.929916
1.716976
1.323224
0.796416
0.238888
-0.259032
-0.654048
-0.948460
-1.171600
-1.304252
-1.268892
-1.025768
-0.688344
-0.477596
-0.485040
-0.574712
-0.543696
-0.290904
0.137796
0.597228
0.970468
1.230576
1.317588
1.092364
0.587320
0.133976
0.031992
0.243964
0.508756
0.638008
0.589824
0.369040
0.033112
-0.283476
-0.447132
-0.420832
-0.275796
-0.138056
-0.096044
-0.139904
-0.168584
-0.035988
0.344848
0.943384
1.614688
2.092672
2.141352
1.760132
1.102996
0.355836
-0.282904
-0.740288
-1.109704
-1.477972
-1.826784
-2.100988
-2.273584
-2.309668
-2.120480
-1.599860
-0.709464
0.424804
1.425792
1.887916
1.837716
1.687304
1.716728
1.843828
1.797284
1.410168
0.719140
-0.171212
-1.076984
-1.763460
-2.146744
-2.276048
-2.177464
-1.855352
-1.399200
-0.955124
-0.580032
-0.218100
0.206460
0.731864
1.284136
1.683896
1.848640
1.844960
1.744856
1.568788
1.331952
1.046904
0.707236
0.314712
-0.140864
-0.606740
-0.932492
-1.046060
-0.990668
-0.838872
-0.678720
-0.577044
-0.545436
-0.557144
-0.553300
-0.483872
-0.367488
-0.259852
-0.192512
-0.169860
-0.167076
-0.100168
0.159240
0.653968
1.253984
1.734528
1.906036
1.733140
1.373188
1.083564
0.983356
0.935364
0.741296
0.342560
-0.164224
-0.616324
-0.892136
-0.967336
-0.891892
-0.721920
-0.494048
-0.296936
-0.237460
-0.281140
-0.263804
-0.076576
0.213792
0.440076
0.475196
0.282684
-0.036180
-0.273580
-0.311608
-0.207040
-0.111168
-0.164424
-0.378992
-0.629980
-0.790076
-0.793600
-0.625588
-0.368216
-0.159100
-0.063424
-0.037676
0.001032
0.085352
0.206548
0.359752
0.522084
0.649084
0.714656
0.726080
0.695236
0.598284
0.386204
0.039288
-0.382264
-0.744352
-0.951468
-1.033328
-1.075208
-1.108256
-1.098684
-0.994104
-0.735496
-0.339920
0.029588
0.248592
0.364760
0.452928
0.489752
0.399160
0.171340
-0.072136
-0.200736
-0.233724
-0.263400
-0.313872
-0.354404
-0.372704
-0.382012
-0.380896
-0.329436
-0.167816
0.091116
0.316428
0.369176
0.236052
0.011664
-0.222792
-0.425500
-0.580684
-0.715456
-0.855260
-0.975968
-1.020952
-0.937072
-0.693364
-0.312500
0.103164
0.417996
0.573764
0.620428
0.597868
0.489028
0.271856
-0.050036
-0.383660
-0.589256
-0.637424
-0.599020
-0.526052
-0.417200
-0.255500
-0.064144
0.095292
0.187064
0.221504
0.217096
0.192152
0.166608
0.147768
0.133228
0.112972
0.062800
-0.038452
-0.173348
-0.287888
-0.336628
-0.323280
-0.286740
-0.254136
-0.223896
-0.187136
-0.154316
-0.151568
-0.191412
-0.252476
-0.285412
-0.243044
-0.103992
0.117220
0.347288
0.492348
0.526132
0.490260
0.432456
0.365292
0.261120
0.092900
-0.115800
-0.301848
-0.430728
-0.513380
-0.555056
-0.533100
-0.395916
-0.100000
0.301780
0.652552
0.821256
0.801096
0.643392
0.410004
0.201164
0.090588
0.041188
-0.039212
-0.193668
-0.394796
-0.565012
-0.624148
-0.562140
-0.439364
-0.318532
-0.221372
-0.129256
-0.013020
0.135296
0.287492
0.392240
0.420276
0.387468
0.336372
0.310068
0.316704
0.321704
0.274520
0.144052
-0.064744
-0.309728
-0.502952
-0.576432
-0.546548
-0.471404
-0.392848
-0.331936
-0.295544
-0.269720
-0.227608
-0.142528
-0.004808
0.141928
0.210420
0.146888
-0.023848
-0.212000
-0.317204
-0.310788
-0.256796
-0.225496
-0.234740
-0.277788
-0.337888
-0.388068
-0.390128
-0.291104
-0.081888
0.161432
0.343188
0.436708
0.479864
0.477708
0.376952
0.167060
-0.048396
-0.138504
-0.080880
0.035112
0.117960
0.146352
0.141696
0.126736
0.127136
0.159540
0.201068
0.203700
0.139324
0.025204
-0.087776
-0.150392
-0.154532
-0.139932
-0.152760
-0.205240
-0.272064
-0.314668
-0.305656
-0.246060
-0.161820
-0.080040
-0.020048
0.010740
0.026264
0.050420
0.096644
0.159460
0.221252
0.266916
0.283088
0.253872
0.167112
0.031976
-0.099492
-0.157932
-0.122752
-0.035164
0.049024
0.104192
0.144104
0.195800
0.278172
0.388636
0.489680
0.533776
0.513160
0.458068
0.393364
0.316680
0.210216
0.066948
-0.093780
-0.238372
-0.334612
-0.359688
-0.325024
-0.270948
-0.224164
-0.181568
-0.121020
-0.026432
0.085356
0.164484
0.164816
0.080956
-0.048236
-0.151996
-0.175076
-0.129208
-0.071408
-0.043956
-0.047348
-0.056320
-0.050664
-0.022576
0.037700
0.126076
0.213408
0.267680
0.270988
0.226700
0.148476
0.054864
-0.030956
-0.102112
-0.166512
-0.229184
-0.285280
-0.317008
-0.300948
-0.227656
-0.134016
-0.082072
-0.091988
-0.128100
-0.146428
-0.141712
-0.138084
-0.155032
-0.185968
-0.196728
-0.156736
-0.070656
0.024460
0.093684
0.131020
0.145212
0.132872
0.088456
0.025448
-0.032332
-0.070208
-0.090436
-0.101464
-0.110372
-0.123380
-0.141028
-0.158464
-0.169004
-0.166556
-0.151080
-0.124204
-0.076540
0.006996
0.124644
0.250408
0.348460
0.393980
0.390212
0.350432
0.274000
0.166652
0.057888
-0.021788
-0.063932
-0.079040
-0.084168
-0.094384
-0.123012
-0.173284
-0.224244
-0.241620
-0.205108
-0.125240
-0.035968
0.026084
0.046832
0.043472
0.038200
0.030472
0.001628
-0.055776
-0.123192
-0.174884
-0.203848
-0.218100
-0.213812
-0.165748
-0.054400
0.096216
0.223788
0.279904
0.267912
0.228740
0.196832
0.177776
0.164672
0.156156
0.153108
0.146428
0.111976
0.023952
-0.106960
-0.228096
-0.291728
-0.286868
-0.235428
-0.170372
-0.116920
-0.082808
-0.059180
-0.032492
0.001840
0.036816
0.064972
0.074592
0.042612
-0.040544
-0.143216
-0.209984
-0.211268
-0.167020
-0.120676
-0.097572
-0.096556
-0.105432
-0.111992
-0.113388
-0.114864
-0.120068
-0.129580
-0.145104
-0.166676
-0.189576
-0.202132
-0.185120
-0.130820
-0.063760
-0.025344
-0.025512
-0.032072
-0.015056
0.027312
0.079264
0.128132
0.169808
0.198892
0.206528
0.188516
0.154260
0.119196
0.086848
0.047052
-0.008968
-0.076148
-0.133324
-0.160352
-0.162588
-0.161860
-0.170688
-0.188208
-0.207556
-0.216160
-0.196056
-0.139324
-0.062872
0.001028
0.028556
0.023768
0.013340
0.021400
0.056032
0.102756
0.128016
0.103488
0.026952
-0.069560
-0.134444
-0.138784
-0.106212
-0.087224
-0.104848
-0.137648
-0.145964
-0.109444
-0.040524
0.029660
0.074408
0.094424
0.113880
0.148736
0.192248
0.232844
0.263544
0.275184
0.258976
0.213400
0.149032
0.083520
0.023968
-0.031744
-0.080444
-0.118720
-0.148224
-0.174008
-0.199752
-0.222584
-0.241436
-0.258408
-0.273424
-0.279596
-0.259668
-0.194976
-0.089808
0.015908
0.080500
0.107284
0.131844
0.172592
0.219952
0.253820
0.257760
0.222788
0.172320
0.132316
0.100632
0.079428
0.051104
-0.007420
-0.093032
-0.185608
-0.252104
-0.263016
-0.215592
-0.138848
-0.066624
-0.010072
0.042688
0.099964
0.152168
0.179004
0.170748
0.140800
0.109820
0.088308
0.072804
0.054228
0.028188
-0.000612
-0.027620
-0.049648
-0.052844
-0.019908
0.047288
0.116832
0.149016
0.125924
0.062136
-0.006168
-0.046528
-0.051720
-0.043300
-0.042984
-0.052008
-0.058120
-0.046104
-0.003904
0.070704
0.160048
0.238444
0.279840
0.263984
0.193948
0.097680
0.023600
0.006280
0.033552
0.065416
0.075596
0.071604
0.069524
0.069416
0.061836
0.042664
0.019432
0.002768
0.001732
0.017988
0.041512
0.059836
0.069844
0.078056
0.087932
0.098804
0.109508
0.118208
0.121744
0.115552
0.105372
0.102112
0.104868
0.110232
0.114256
0.114568
0.115444
0.117492
0.116300
0.108924
0.097860
0.088964
0.085172
0.083020
0.079228
0.071308
0.057464
0.038240
0.022760
0.029220
0.064716
0.121524
0.174640
0.188080
0.148144
0.072372
-0.004588
-0.055780
-0.084764
-0.108600
-0.136776
-0.168700
-0.188052
-0.178984
-0.145176
-0.103900
-0.070080
-0.041140
-0.007260
0.034516
0.085896
0.146708
0.206368
0.252844
0.277076
0.272720
0.242768
0.194908
0.142924
0.096008
0.053052
0.012300
-0.025348
-0.053736
-0.063960
-0.048716
-0.016288
0.020460
0.056284
0.080864
0.091204
0.096416
0.105044
0.116636
0.123040
0.120340
0.096200
0.040872
-0.030560
-0.093400
-0.127224
-0.126600
-0.092292
-0.020452
0.077376
0.173716
0.247196
0.292988
0.323380
0.341372
0.338892
0.318288
0.284108
0.234884
0.169816
0.095152
0.023096
-0.032212
-0.062864
-0.073724
-0.082604
-0.096992
-0.100464
-0.080812
-0.037348
0.030436
0.110324
0.176356
0.220796
0.256608
0.282588
0.285824
0.256928
0.195508
0.120608
0.058884
0.029456
0.029740
0.036816
0.038932
0.040712
0.047620
0.059388
0.074408
0.089044
0.104360
0.122620
0.128936
0.112512
0.080052
0.044756
0.012828
-0.009952
-0.016708
-0.007816
0.013732
0.044380
0.089840
0.153448
0.218876
0.267732
0.286468
0.262316
0.202596
0.136972
0.088616
0.054604
0.026552
-0.003648
-0.038744
-0.069820
-0.093852
-0.107384
-0.108020
-0.095728
-0.069536
-0.030064
0.019916
0.071012
0.113548
0.143788
0.165260
0.178472
0.176904
0.160428
0.130960
0.086220
0.035376
-0.008520
-0.036996
-0.040360
-0.017924
0.026852
0.080048
0.116820
0.119076
0.092320
0.062336
0.044388
0.036064
0.033716
0.031580
0.019304
0.001168
-0.016872
-0.035764
-0.048956
-0.052408
-0.050480
-0.044116
-0.036680
-0.031416
-0.024600
-0.016196
-0.003432
0.014944
0.035968
0.057016
0.073808
0.084072
0.088464
0.086800
0.072020
0.040772
-0.000048
-0.031444
-0.036928
-0.023912
-0.009640
-0.003232
0.000572
0.013412
0.043028
0.087868
0.131772
0.153768
0.148416
0.120728
0.079460
0.041908
0.018592
0.003244
-0.021164
-0.065528
-0.123504
-0.178028
-0.208684
-0.204196
-0.169420
-0.118880
-0.067996
-0.026156
0.007880
0.040440
0.073196
0.101900
0.117148
0.109460
0.077316
0.027472
-0.028544
-0.074384
-0.093140
-0.085232
-0.069688
-0.058880
-0.050536
-0.034604
-0.005664
0.033748
0.076664
0.107316
0.112904
0.093516
0.058044
0.021300
-0.002736
-0.011964
-0.008624
0.005108
0.022984
0.043512
0.059788
0.062340
0.054972
0.047504
0.044228
0.040076
0.029568
0.006652
-0.027424
-0.061440
-0.087880
-0.105592
-0.120988
-0.133248
-0.134512
-0.121932
-0.094788
-0.058360
-0.022444
0.003568
0.012500
0.009476
0.009848
0.021068
0.043440
0.068976
0.078524
0.063780
0.035276
0.008908
-0.007048
-0.015672
-0.017988
-0.009688
0.009788
0.042408
0.082400
0.110412
0.117324
0.109344
0.092056
0.061668
0.017220
-0.030364
-0.070580
-0.103724
-0.138568
-0.178180
-0.215944
-0.242140
-0.241048
-0.205560
-0.147012
-0.082492
-0.033660
-0.011916
-0.006764
-0.001384
0.015388
0.041348
0.065812
0.081696
0.084192
0.071336
0.047168
0.020060
-0.002848
-0.017352
-0.025136
-0.035696
-0.053984
-0.074992
-0.092956
-0.106996
-0.118792
-0.128280
-0.132212
-0.132348
-0.131984
-0.132704
-0.138020
-0.148276
-0.163076
-0.176404
-0.182044
-0.178080
-0.164608
-0.150856
-0.144236
-0.146040
-0.148416
-0.135296
-0.099280
-0.047948
0.002644
0.041700
0.068280
0.086064
0.098372
0.104532
0.098872
0.075616
0.039276
-0.003220
-0.042396
-0.068816
-0.085044
-0.090292
-0.084568
-0.074504
-0.064320
-0.057224
-0.053500
-0.051800
-0.051744
-0.055084
-0.065400
-0.082140
-0.099496
-0.110412
-0.112932
-0.108020
-0.095552
-0.077656
-0.055196
-0.024964
0.012536
0.050544
0.079296
0.091192
0.088344
0.078672
0.065324
0.044860
0.014836
-0.021996
-0.061408
-0.098764
-0.130252
-0.160680
-0.191512
-0.214160
-0.217604
-0.194828
-0.155292
-0.115148
-0.088364
-0.078976
-0.079972
-0.081696
-0.074552
-0.059908
-0.043696
-0.032172
-0.034212
-0.048620
-0.064464
-0.071744
-0.068568
-0.061804
-0.059068
-0.061068
-0.061812
-0.058488
-0.053096
-0.054296
-0.071040
-0.094476
-0.106272
-0.095176
-0.071208
-0.051764
-0.037444
-0.029388
-0.032420
-0.045500
-0.060824
-0.064716
-0.053412
-0.036688
-0.027424
-0.027940
-0.030948
-0.029812
-0.021700
-0.010372
-0.002356
-0.010692
-0.044372
-0.083396
-0.097516
-0.095208
-0.103712
-0.122040
-0.133696
-0.128208
-0.106436
-0.077872
-0.053552
-0.034800
-0.015064
0.005520
0.021876
0.025080
0.009124
-0.015352
-0.036212
-0.052624
-0.068880
-0.086912
-0.102240
-0.108508
-0.105512
-0.096824
-0.085124
-0.074136
-0.062068
-0.046576
-0.031560
-0.017256
0.001220
0.025868
0.053020
0.078416
0.097780
0.105320
0.098464
0.078492
0.049148
0.016372
-0.014920
-0.041200
-0.058260
-0.056864
-0.031468
0.005700
0.037672
0.060312
0.078424
0.094516
0.106248
0.107664
0.092808
0.063528
0.027876
-0.006364
-0.037224
-0.068372
-0.099024
-0.122332
-0.134588
-0.139248
-0.134540
-0.111656
-0.072848
-0.032396
-0.000316
0.024064
0.045052
0.064172
0.080796
0.094592
0.103764
0.104056
0.089664
0.060220
0.026576
-0.000004
-0.017568
-0.030772
-0.042028
-0.047888
-0.046112
-0.038228
-0.029168
-0.022116
-0.015632
-0.007296
0.007048
0.026388
0.045380
0.059332
0.063960
0.061280
0.057000
0.055132
0.057836
0.064520
0.069352
0.065740
0.053532
0.038040
0.026060
0.019392
0.014872
0.009008
-0.000600
-0.012356
-0.022920
-0.028504
-0.026788
-0.021384
-0.014804
-0.007088
0.002392
0.018776
0.041872
0.062860
0.075540
0.082308
0.089388
0.099192
0.111224
0.122096
0.129052
0.133172
0.133672
0.127152
0.111940
0.091908
0.073020
0.058564
0.050644
0.050108
0.055664
0.064668
0.074268
0.082748
0.090724
0.097760
0.100284
0.096052
0.084992
0.068736
0.049596
0.032516
0.021692
0.015292
0.011548
0.007504
0.002720
0.002408
0.010516
0.025432
0.042100
0.056812
0.063640
0.058464
0.042692
0.024048
0.014868
0.020324
0.034204
0.048524
0.061124
0.073464
0.087876
0.103972
0.117456
0.123392
0.122136
0.118956
0.117368
0.117156
0.112588
0.099324
0.078136
0.052120
0.027240
0.008284
-0.000440
0.000564
0.006756
0.017512
0.034176
0.057952
0.084848
0.106324
0.118928
0.123432
0.123284
0.121928
0.117000
0.104864
0.086704
0.070224
0.062924
0.064244
0.069060
0.071620
0.068084
0.058540
0.044800
0.030004
0.017044
0.007992
0.007076
0.015788
0.029660
0.043184
0.053928
0.064628
0.074948
0.080528
0.081212
0.077428
0.069548
0.061780
0.056736
0.054128
0.055448
0.060880
0.070720
0.085000
0.099380
0.109424
0.113500
0.110852
0.099364
0.078700
0.050992
0.019840
-0.008132
-0.027660
-0.037368
-0.038236
-0.031508
-0.018848
-0.005336
0.004076
0.008596
0.011696
0.017352
0.025408
0.032632
0.036924
0.039036
0.039320
0.039728
0.042532
0.046204
0.048148
0.046220
0.040692
0.032412
0.021924
0.010132
-0.001116
-0.007952
-0.009236
-0.007400
-0.005948
-0.006828
-0.009220
-0.012568
-0.017016
-0.023124
-0.030828
-0.040120
-0.052988
-0.068992
-0.082272
-0.085376
-0.076656
-0.059808
-0.039600
-0.020712
-0.005824
0.005308
0.015536
0.026120
0.034400
0.035768
0.029412
0.019468
0.009872
0.002748
-0.001908
-0.006396
-0.014736
-0.027868
-0.041684
-0.051800
-0.054448
-0.048728
-0.037208
-0.022156
-0.005000
0.012492
0.027720
0.039520
0.046816
0.046432
0.037476
0.023648
0.010672
0.002340
-0.004660
-0.015780
-0.031440
-0.049176
-0.064400
-0.074376
-0.077552
-0.073932
-0.067896
-0.060388
-0.048744
-0.032280
-0.015280
-0.004208
-0.001892
-0.007884
-0.016868
-0.020524
-0.015580
-0.003820
0.009808
0.019824
0.023328
0.020048
0.010880
-0.004344
-0.023040
-0.038188
-0.045052
-0.046116
-0.045944
-0.046836
-0.049168
-0.049316
-0.044840
-0.037300
-0.030240
-0.030136
-0.039628
-0.052948
-0.060900
-0.058512
-0.048176
-0.037240
-0.032788
-0.036940
-0.047100
-0.058868
-0.067976
-0.073360
-0.075876
-0.076364
-0.075608
-0.072676
-0.066320
-0.055356
-0.042044
-0.029204
-0.018828
-0.012108
-0.006728
-0.002380
-0.000256
-0.000884
-0.005696
-0.016324
-0.032008
-0.048760
-0.061776
-0.066992
-0.062312
-0.050888
-0.039316
-0.032952
-0.033364
-0.037132
-0.038816
-0.034876
-0.025960
-0.014412
-0.003872
0.000392
-0.002192
-0.006908
-0.010440
-0.013256
-0.016924
-0.024476
-0.037216
-0.052548
-0.068816
-0.087056
-0.107596
-0.127448
-0.141416
-0.145316
-0.140408
-0.127804
-0.104456
-0.071172
-0.035852
-0.007472
0.012932
0.028728
0.039072
0.044132
0.044048
0.037268
0.023988
0.006428
-0.010436
-0.024320
-0.035788
-0.042972
-0.045656
-0.046296
-0.044292
-0.039288
-0.033368
-0.029360
-0.030540
-0.037844
-0.049352
-0.060496
-0.065932
-0.061956
-0.051088
-0.039904
-0.032068
-0.027020
-0.021612
-0.013648
-0.001408
0.013172
0.025592
0.032180
0.033136
0.031548
0.026892
0.016712
0.002452
-0.011152
-0.022808
-0.033372
-0.042168
-0.047256
-0.047872
-0.045656
-0.041448
-0.035828
-0.030256
-0.024480
-0.019424
-0.018392
-0.020968
-0.025700
-0.032608
-0.037832
-0.037980
-0.034400
-0.030300
-0.028796
-0.029056
-0.029036
-0.028400
-0.025300
-0.018140
-0.008156
-0.000500
0.000596
-0.004456
-0.015144
-0.027572
-0.035712
-0.038732
-0.039480
-0.042440
-0.048732
-0.053640
-0.051792
-0.040252
-0.022240
-0.006084
0.001136
-0.001160
-0.008360
-0.015388
-0.018472
-0.019072
-0.022352
-0.031596
-0.044104
-0.055740
-0.065984
-0.073840
-0.078496
-0.079072
-0.073216
-0.061016
-0.045864
-0.033096
-0.028296
-0.032740
-0.042520
-0.054800
-0.068168
-0.076788
-0.075916
-0.067400
-0.052888
-0.033928
-0.012780
0.007888
0.027180
0.044680
0.058816
0.068400
0.067204
0.052584
0.027368
-0.001744
-0.024672
-0.040152
-0.054176
-0.068212
-0.079556
-0.082948
-0.076776
-0.065828
-0.053560
-0.046500
-0.043328
-0.037416
-0.030480
-0.022008
-0.014256
-0.011800
-0.014600
-0.019236
-0.018780
-0.013004
-0.006772
-0.004616
-0.010404
-0.022380
-0.032940
-0.037264
-0.038936
-0.041780
-0.047988
-0.057700
-0.068368
-0.078168
-0.085928
-0.092172
-0.093652
-0.087368
-0.074736
-0.056784
-0.037744
-0.021828
-0.006392
0.009004
0.020264
0.029764
0.035684
0.035108
0.030560
0.019460
0.003376
-0.012464
-0.026456
-0.036520
-0.041848
-0.043476
-0.041764
-0.038088
-0.032564
-0.025872
-0.018604
-0.007876
0.007252
0.025068
0.042700
0.056772
0.063228
0.061184
0.055880
0.050988
0.047096
0.044288
0.039192
0.028156
0.010588
-0.011116
-0.030572
-0.042052
-0.048408
-0.053164
-0.055544
-0.055684
-0.050900
-0.040812
-0.029136
-0.019176
-0.013972
-0.013016
-0.012668
-0.011420
-0.011320
-0.013388
-0.018052
-0.023992
-0.027248
-0.027836
-0.027024
-0.023724
-0.018840
-0.013372
-0.006440
0.000704
0.007152
0.010076
0.006856
-0.002216
-0.015788
-0.028756
-0.038668
-0.045692
-0.050972
-0.057556
-0.063940
-0.067064
-0.066588
-0.062576
-0.055852
-0.047156
-0.037960
-0.028176
-0.018952
-0.012028
-0.005028
0.000256
0.002540
0.001124
-0.004984
-0.013392
-0.024420
-0.036624
-0.045628
-0.046848
-0.037432
-0.020112
-0.000776
0.014056
0.021828
0.026364
0.029928
0.032040
0.032200
0.028576
0.022708
0.020156
0.020216
0.019756
0.016308
0.006920
-0.005208
-0.017164
-0.027236
-0.032900
-0.033576
-0.029848
-0.021924
-0.010840
0.000460
0.010456
0.017364
0.018260
0.015104
0.011964
0.009632
0.009544
0.009700
0.005616
-0.002960
-0.014504
-0.025264
-0.030996
-0.030732
-0.026772
-0.022724
-0.021764
-0.023752
-0.025900
-0.026652
-0.024252
-0.019184
-0.012712
-0.008060
-0.010508
-0.018156
-0.026648
-0.034040
-0.037744
-0.035736
-0.030048
-0.024008
-0.019444
-0.018832
-0.021844
-0.023676
-0.020452
-0.012240
0.000500
0.015272
0.027488
0.035816
0.039804
0.039360
0.034244
0.025056
0.015604
0.010116
0.008988
0.007904
0.004240
-0.001156
-0.007156
-0.011828
-0.014140
-0.014140
-0.012312
-0.010276
-0.010072
-0.013092
-0.016304
-0.015140
-0.009356
-0.003284
-0.002304
-0.008664
-0.019636
-0.028520
-0.031044
-0.027384
-0.020164
-0.012588
-0.006004
-0.000984
0.003264
0.007372
0.010796
0.013560
0.016680
0.022384
0.030104
0.038344
0.045104
0.048908
0.050100
0.046272
0.037756
0.026316
0.012640
-0.002576
-0.017712
-0.029604
-0.037496
-0.040316
-0.036888
-0.027388
-0.013624
0.001276
0.015772
0.026568
0.031916
0.035088
0.040520
0.050368
0.061640
0.068724
0.066712
0.056416
0.042744
0.029008
0.017012
0.007364
-0.000532
-0.006752
-0.011336
-0.013240
-0.010768
-0.005244
0.001956
0.010744
0.022544
0.035992
0.046240
0.052980
0.057944
0.062144
0.065024
0.066364
0.068132
0.068276
0.064244
0.055460
0.043400
0.033596
0.029920
0.032560
0.037788
0.040800
0.040652
0.036724
0.031164
0.029056
0.032372
0.037864
0.042020
0.043176
0.040252
0.036984
0.035504
0.037700
0.044968
0.054328
0.062188
0.065400
0.064760
0.061696
0.058184
0.055852
0.052112
0.044928
0.036168
0.029604
0.028356
0.032492
0.038828
0.044756
0.047800
0.046764
0.043928
0.041188
0.038912
0.037692
0.036872
0.036156
0.036092
0.035740
0.034524
0.034040
0.037868
0.048288
0.064864
0.085144
0.103104
0.113424
0.115244
0.109044
0.098040
0.085884
0.072452
0.056480
0.036652
0.013636
-0.007872
-0.021116
-0.022684
-0.014236
0.000568
0.016640
0.031632
0.046500
0.061068
0.076108
0.091788
0.104160
0.108688
0.105212
0.096716
0.085712
0.074120
0.060880
0.042956
0.021488
0.001820
-0.011840
-0.018780
-0.022268
-0.026288
-0.030732
-0.032104
-0.024712
-0.007084
0.017344
0.043400
0.065800
0.082704
0.092256
0.093444
0.089704
0.085580
0.081876
0.077264
0.068808
0.053132
0.031944
0.010456
-0.007192
-0.017452
-0.018640
-0.011240
0.002896
0.019412
0.035016
0.047440
0.055340
0.060084
0.062760
0.064244
0.066376
0.068084
0.067128
0.063896
0.059288
0.053652
0.047416
0.042096
0.038724
0.037656
0.040080
0.045116
0.051176
0.057828
0.063736
0.067896
0.070264
0.070856
0.070008
0.067848
0.064240
0.060060
0.055628
0.050744
0.045640
0.040236
0.035312
0.032480
0.032076
0.032508
0.031648
0.027532
0.021132
0.016128
0.013660
0.012052
0.010748
0.010016
0.011304
0.017128
0.027312
0.038980
0.049112
0.056948
0.062896
0.066656
0.068196
0.067452
0.064640
0.060292
0.054500
0.046752
0.035616
0.021784
0.007960
-0.003412
-0.010640
-0.013852
-0.014864
-0.015908
-0.018648
-0.024824
-0.033920
-0.043112
-0.049832
-0.051880
-0.049804
-0.045304
-0.039316
-0.031372
-0.020724
-0.008704
0.002184
0.008952
0.010968
0.009752
0.007544
0.006488
0.006760
0.007584
0.008876
0.009844
0.009292
0.006308
0.000916
-0.005068
-0.010852
-0.014424
-0.013380
-0.007880
0.000884
0.009056
0.014324
0.019344
0.027000
0.036528
0.044568
0.047600
0.043408
0.032952
0.019680
0.009236
0.003788
-0.000252
-0.006544
-0.017992
-0.034100
-0.050248
-0.061020
-0.062448
-0.056660
-0.049596
-0.045704
-0.045392
-0.042968
-0.033164
-0.017040
0.000504
0.014672
0.023240
0.026644
0.026244
0.022532
0.016156
0.008192
-0.001424
-0.012088
-0.023688
-0.034036
-0.037516
-0.033936
-0.028040
-0.023436
-0.020896
-0.018736
-0.014724
-0.008812
-0.004144
-0.002900
-0.005392
-0.010216
-0.015232
-0.020800
-0.027088
-0.033128
-0.037000
-0.037136
-0.035508
-0.033072
-0.029684
-0.026732
-0.023880
-0.020572
-0.016680
-0.013048
-0.011088
-0.011068
-0.012364
-0.012560
-0.011416
-0.011076
-0.014720
-0.022596
-0.028792
-0.027668
-0.017344
-0.000448
0.017036
0.029716
0.035332
0.035976
0.034188
0.028600
0.016660
-0.002940
-0.026628
-0.047512
-0.061012
-0.065420
-0.062992
-0.057264
-0.049432
-0.039552
-0.028208
-0.016472
-0.004956
0.006564
0.017808
0.027316
0.033404
0.034340
0.029924
0.022908
0.016344
0.011084
0.006728
0.002688
-0.002296
-0.010484
-0.022416
-0.034632
-0.043336
-0.046740
-0.044856
-0.039368
-0.031508
-0.022224
-0.013888
-0.008136
-0.003864
-0.000148
0.003996
0.009840
0.016096
0.022476
0.030000
0.037004
0.040364
0.038844
0.033596
0.026208
0.018780
0.013228
0.008060
0.002000
-0.003324
-0.006780
-0.007340
-0.004596
0.000792
0.006716
0.010688
0.010472
0.004704
-0.004264
-0.013440
-0.020200
-0.023500
-0.024804
-0.024208
-0.020428
-0.011812
0.001004
0.013228
0.020420
0.021936
0.019836
0.015908
0.010848
0.004212
-0.006292
-0.023160
-0.044240
-0.063364
-0.074820
-0.075844
-0.067768
-0.054644
-0.040608
-0.027072
-0.012804
0.004392
0.024020
0.042984
0.056816
0.061252
0.054700
0.038500
0.017180
-0.003552
-0.019308
-0.028148
-0.030700
-0.030464
-0.028972
-0.024268
-0.014544
-0.000572
0.014448
0.027264
0.031476
0.024156
0.011948
0.002776
0.001720
0.007452
0.013800
0.016408
0.014928
0.011384
0.006188
0.001384
-0.003032
-0.009220
-0.016464
-0.025956
-0.038512
-0.052164
-0.064320
-0.073064
-0.075660
-0.071468
-0.062136
-0.048420
-0.032316
-0.015020
0.003872
0.024116
0.044728
0.063600
0.077332
0.082392
0.077692
0.064072
0.043228
0.019128
-0.002156
-0.015916
-0.023304
-0.026304
-0.026892
-0.027084
-0.025316
-0.019000
-0.008296
0.004024
0.015688
0.024048
0.026760
0.022800
0.014320
0.004120
-0.005224
-0.010824
-0.013004
-0.014116
-0.015164
-0.016392
-0.019040
-0.022172
-0.023304
-0.020908
-0.015760
-0.010412
-0.006908
-0.005000
-0.003400
-0.001284
0.001688
0.003820
0.003608
0.002688
0.002012
-0.000608
-0.006352
-0.013124
-0.019372
-0.024284
-0.027464
-0.032280
-0.040080
-0.047704
-0.050060
-0.042732
-0.026360
-0.006264
0.011928
0.023332
0.026788
0.025612
0.022488
0.018356
0.012832
0.006708
0.000548
-0.006280
-0.014108
-0.021740
-0.027292
-0.030620
-0.030716
-0.029568
-0.029276
-0.027532
-0.024500
-0.020260
-0.014040
-0.005844
0.004164
0.013372
0.018576
0.018980
0.014756
0.006428
-0.003696
-0.012848
-0.019464
-0.023404
-0.024804
-0.025344
-0.025456
-0.024804
-0.023752
-0.021964
-0.020696
-0.019260
-0.017752
-0.018172
-0.019084
-0.019504
-0.020636
-0.021548
-0.020932
-0.020404
-0.019956
-0.018016
-0.016344
-0.016344
-0.017804
-0.022336
-0.028700
-0.034932
-0.040436
-0.041016
-0.037120
-0.031912
-0.026100
-0.021212
-0.018416
-0.016816
-0.012912
-0.006420
0.002624
0.012340
0.016960
0.012720
-0.002744
-0.026324
-0.048640
-0.059464
-0.057992
-0.053152
-0.051312
-0.053124
-0.056496
-0.057936
-0.052508
-0.039348
-0.023124
-0.010080
-0.004108
-0.005136
-0.011940
-0.021556
-0.030276
-0.037336
-0.045676
-0.059172
-0.080056
-0.104028
-0.124256
-0.135276
-0.130228
-0.113708
-0.093380
-0.069600
-0.045428
-0.022656
-0.003708
0.010020
0.021400
0.027496
0.028208
0.025384
0.013780
-0.008040
-0.035156
-0.059780
-0.077740
-0.089932
-0.099212
-0.104292
-0.104108
-0.099884
-0.087164
-0.068268
-0.049424
-0.031380
-0.015004
-0.000884
0.010260
0.015372
0.013528
0.005248
-0.010288
-0.029740
-0.048420
-0.065172
-0.077804
-0.084192
-0.083424
-0.072880
-0.053236
-0.029348
-0.008488
0.003364
0.007956
0.008888
0.007444
0.005972
0.003668
-0.003052
-0.013700
-0.025600
-0.036584
-0.046212
-0.053724
-0.058336
-0.058868
-0.053444
-0.044224
-0.034208
-0.027064
-0.022288
-0.014188
-0.006644
-0.005124
-0.008940
-0.018304
-0.028520
-0.033452
-0.033420
-0.031768
-0.029476
-0.024996
-0.017132
-0.007360
0.000868
0.006600
0.008056
0.004880
-0.001232
-0.010504
-0.020172
-0.028472
-0.035888
-0.041884
-0.047284
-0.052468
-0.055172
-0.052832
-0.044884
-0.032212
-0.018572
-0.007408
-0.001172
0.000896
-0.000052
-0.006100
-0.015116
-0.026108
-0.038096
-0.049140
-0.057888
-0.061840
-0.061836
-0.057496
-0.047432
-0.033908
-0.018260
-0.001828
0.009504
0.011820
0.005116
-0.008420
-0.021480
-0.029556
-0.033356
-0.035632
-0.041452
-0.049760
-0.055056
-0.052676
-0.041408
-0.025828
-0.011508
0.000324
0.009780
0.018296
0.026536
0.028180
0.020560
0.005772
-0.010900
-0.024248
-0.034348
-0.042980
-0.052064
-0.059500
-0.062452
-0.061500
-0.057720
-0.052972
-0.048776
-0.043992
-0.037528
-0.029732
-0.022368
-0.017252
-0.014700
-0.014944
-0.017628
-0.020808
-0.024988
-0.030024
-0.033536
-0.034776
-0.031748
-0.023804
-0.013080
-0.002196
0.005968
0.010464
0.012288
0.014644
0.017272
0.015288
0.008940
0.000916
-0.006968
-0.013080
-0.017752
-0.022800
-0.030024
-0.037212
-0.042320
-0.044772
-0.044492
-0.044036
-0.043300
-0.041288
-0.038032
-0.032520
-0.022672
-0.008992
0.004948
0.016352
0.022224
0.022768
0.020740
0.017936
0.017044
0.018640
0.020220
0.019756
0.016976
0.011744
0.005216
0.001140
0.002068
0.009264
0.019384
0.028260
0.034256
0.034904
0.031636
0.028876
0.029212
0.031380
0.033580
0.035028
0.034936
0.034444
0.032284
0.025916
0.015860
0.004816
-0.004016
-0.012476
-0.020692
-0.022448
-0.014884
-0.001104
0.012180
0.019396
0.018912
0.014460
0.010380
0.008300
0.008640
0.007060
-0.000792
-0.013532
-0.026012
-0.031096
-0.024604
-0.010928
0.003008
0.011832
0.012496
0.008584
0.004888
0.004376
0.007292
0.008212
0.004724
-0.000644
-0.006024
-0.008004
-0.004416
0.002132
0.009508
0.016436
0.020000
0.019900
0.018964
0.019940
0.023604
0.026464
0.025192
0.021276
0.018096
0.016612
0.014264
0.010832
0.006132
-0.001320
-0.009912
-0.017788
-0.023216
-0.023876
-0.021656
-0.019944
-0.019060
-0.019524
-0.019288
-0.016296
-0.011880
-0.008268
-0.007336
-0.008736
-0.009948
-0.009120
-0.006900
-0.004112
-0.000468
0.002540
0.003464
0.003236
0.001312
-0.001568
-0.003500
-0.002708
0.002072
0.007292
0.009948
0.010340
0.009884
0.013572
0.027236
0.051400
0.081664
0.104856
0.107192
0.087320
0.048648
-0.002100
-0.052728
-0.091052
-0.111616
-0.116788
-0.111136
-0.097924
-0.075996
-0.041944
0.003328
0.053924
0.100816
0.133664
0.147604
0.145492
0.131780
0.110080
0.083636
0.056436
0.032908
0.014516
-0.000104
-0.011944
-0.019608
-0.021336
-0.016448
-0.005460
0.008172
0.020636
0.031288
0.042048
0.052768
0.060772
0.064372
0.063360
0.058056
0.050276
0.041568
0.030952
0.018820
0.006864
-0.003584
-0.010872
-0.013044
-0.010328
-0.004536
0.004188
0.015800
0.028740
0.039984
0.045868
0.045972
0.042860
0.037556
0.030208
0.022816
0.015680
0.008628
0.003360
-0.001644
-0.006392
-0.006872
-0.001764
0.008900
0.022980
0.033988
0.037660
0.034060
0.026764
0.019340
0.011544
0.002928
-0.003600
-0.005244
-0.001228
0.006464
0.012524
0.014732
0.015124
0.017700
0.024840
0.034604
0.043424
0.047316
0.045156
0.036952
0.024964
0.016056
0.013648
0.016520
0.020520
0.020944
0.018988
0.018496
0.022812
0.033288
0.044712
0.052772
0.058704
0.063700
0.066068
0.061776
0.049256
0.033056
0.019384
0.011192
0.007500
0.005780
0.005028
0.005168
0.005648
0.005988
0.006032
0.007476
0.012016
0.016820
0.019092
0.019232
0.016780
0.012220
0.008184
0.004960
0.002748
0.001128
-0.001168
-0.002036
0.000644
0.006304
0.013536
0.021684
0.029248
0.036548
0.045396
0.055476
0.064284
0.068452
0.066012
0.056028
0.041872
0.027316
0.013044
0.001920
-0.003472
-0.002128
0.003652
0.007152
0.006828
0.005832
0.007376
0.015536
0.030016
0.045992
0.058920
0.065328
0.064280
0.059616
0.055796
0.055448
0.058172
0.058556
0.053204
0.043112
0.031544
0.022788
0.017220
0.014100
0.013508
0.014016
0.014984
0.016420
0.016976
0.015916
0.016532
0.019388
0.021492
0.023516
0.025584
0.026844
0.026760
0.024036
0.018964
0.012760
0.007940
0.006592
0.008164
0.013196
0.022556
0.034568
0.045000
0.050520
0.049256
0.040536
0.028404
0.017052
0.010080
0.010036
0.014192
0.018352
0.021976
0.025916
0.028988
0.030500
0.031844
0.034416
0.039492
0.046824
0.052680
0.053268
0.047420
0.036728
0.025736
0.016828
0.011472
0.010860
0.012696
0.017164
0.022376
0.025080
0.025492
0.024308
0.025448
0.031856
0.039624
0.042972
0.040824
0.035664
0.029972
0.026388
0.025996
0.028048
0.030712
0.032836
0.034048
0.034324
0.037516
0.043992
0.050212
0.055768
0.058784
0.059788
0.062040
0.065288
0.069644
0.074240
0.078848
0.082760
0.082140
0.076884
0.069348
0.060824
0.053796
0.049464
0.046428
0.045432
0.045084
0.043068
0.039724
0.035008
0.030792
0.027652
0.024452
0.020916
0.016028
0.011224
0.009040
0.008216
0.008004
0.008672
0.009932
0.012644
0.016836
0.019908
0.020468
0.018588
0.013632
0.010004
0.009744
0.011996
0.018976
0.029000
0.039856
0.052292
0.065900
0.077704
0.086148
0.090888
0.090024
0.083188
0.070548
0.053420
0.037624
0.026320
0.018616
0.013028
0.008308
0.007360
0.011572
0.018160
0.024316
0.027940
0.029152
0.029740
0.030944
0.033332
0.037084
0.039696
0.039788
0.039164
0.039248
0.041584
0.045076
0.046756
0.046292
0.044584
0.042180
0.041080
0.040696
0.039812
0.038096
0.032524
0.024224
0.017104
0.015104
0.018180
0.022068
0.026096
0.029116
0.030808
0.033364
0.036056
0.037936
0.036972
0.031716
0.024492
0.016224
0.009964
0.007296
0.006336
0.006660
0.007348
0.009808
0.014368
0.020012
0.025840
0.029124
0.031268
0.033512
0.033844
0.031752
0.025036
0.013352
0.001112
-0.008076
-0.010636
-0.006428
0.000284
0.006872
0.011496
0.014300
0.017116
0.020952
0.026096
0.030956
0.034232
0.035424
0.036052
0.037820
0.039748
0.041636
0.041076
0.036936
0.030200
0.021020
0.010408
-0.000516
-0.009660
-0.016012
-0.020028
-0.021948
-0.021588
-0.019212
-0.015128
-0.009820
-0.005164
-0.003484
-0.004288
-0.006752
-0.008776
-0.007816
-0.005432
-0.003348
-0.003940
-0.007188
-0.009564
-0.009288
-0.007504
-0.006784
-0.007928
-0.010516
-0.012384
-0.011668
-0.009292
-0.005588
-0.002480
-0.001816
-0.001696
-0.000816
0.000628
0.002268
0.002208
-0.002644
-0.012412
-0.025340
-0.037592
-0.045020
-0.047876
-0.047024
-0.043188
-0.037872
-0.031872
-0.023668
-0.012612
-0.000376
0.010524
0.016612
0.018544
0.019248
0.019556
0.018308
0.012992
0.003264
-0.008032
-0.017712
-0.024932
-0.029840
-0.033028
-0.035280
-0.036028
-0.034796
-0.032568
-0.030700
-0.029696
-0.028836
-0.026512
-0.020784
-0.011984
-0.005104
-0.003860
-0.006708
-0.010192
-0.012180
-0.014228
-0.019884
-0.029032
-0.037124
-0.040568
-0.039196
-0.035988
-0.034720
-0.036216
-0.038428
-0.038980
-0.037364
-0.035044
-0.034296
-0.036336
-0.039184
-0.039584
-0.036980
-0.032116
-0.026696
-0.021628
-0.016956
-0.015272
-0.016732
-0.019892
-0.023832
-0.028388
-0.034416
-0.041796
-0.049868
-0.055208
-0.054148
-0.047684
-0.039944
-0.035080
-0.033400
-0.033044
-0.032868
-0.030524
-0.026400
-0.022768
-0.021048
-0.022880
-0.027036
-0.030280
-0.030404
-0.027668
-0.024308
-0.022032
-0.021644
-0.022032
-0.020244
-0.015088
-0.008420
-0.003836
-0.004176
-0.009592
-0.017236
-0.022460
-0.024728
-0.027048
-0.029132
-0.029484
-0.028896
-0.027864
-0.026532
-0.025612
-0.025188
-0.024996
-0.024544
-0.024160
-0.023872
-0.023536
-0.023752
-0.023624
-0.022580
-0.020964
-0.020016
-0.020088
-0.018592
-0.014728
-0.010332
-0.007932
-0.008816
-0.012092
-0.016448
-0.019868
-0.021928
-0.024220
-0.027324
-0.030128
-0.031032
-0.029340
-0.026336
-0.023124
-0.020496
-0.020432
-0.022444
-0.025240
-0.027064
-0.026408
-0.025004
-0.025144
-0.027196
-0.029632
-0.032084
-0.033004
-0.030936
-0.026532
-0.021368
-0.019264
-0.020832
-0.023924
-0.025100
-0.022964
-0.021188
-0.020884
-0.022036
-0.024576
-0.026660
-0.028204
-0.030964
-0.035352
-0.040408
-0.044952
-0.048616
-0.051036
-0.050044
-0.047636
-0.047304
-0.047572
-0.048068
-0.047572
-0.043440
-0.037840
-0.034084
-0.033968
-0.037464
-0.042108
-0.046428
-0.050724
-0.053148
-0.054428
-0.056532
-0.057816
-0.056672
-0.051584
-0.043080
-0.033040
-0.024452
-0.019784
-0.019624
-0.023632
-0.030280
-0.037996
-0.043736
-0.046952
-0.049676
-0.052236
-0.054788
-0.056844
-0.056156
-0.052212
-0.045412
-0.037028
-0.030740
-0.026976
-0.024336
-0.022428
-0.020736
-0.019800
-0.020836
-0.024888
-0.030812
-0.035780
-0.038744
-0.040756
-0.042448
-0.043900
-0.045340
-0.046404
-0.046808
-0.047608
-0.049184
-0.050068
-0.051188
-0.053412
-0.055680
-0.057640
-0.059076
-0.059900
-0.060304
-0.061776
-0.062948
-0.061028
-0.056852
-0.052068
-0.048528
-0.047524
-0.047432
-0.047132
-0.046432
-0.046124
-0.048884
-0.054152
-0.060620
-0.067168
-0.072524
-0.075108
-0.074012
-0.070892
-0.066520
-0.061284
-0.054444
-0.045816
-0.038756
-0.035388
-0.033696
-0.032196
-0.031656
-0.031060
-0.028920
-0.026736
-0.024880
-0.024456
-0.026584
-0.030228
-0.035636
-0.041676
-0.048088
-0.054420
-0.059144
-0.060988
-0.058604
-0.052300
-0.043240
-0.032384
-0.019796
-0.007388
0.002676
0.008192
0.007972
0.003388
-0.004052
-0.012388
-0.021372
-0.031428
-0.040616
-0.047260
-0.051244
-0.053092
-0.055508
-0.057284
-0.055268
-0.049412
-0.039356
-0.027684
-0.018680
-0.013896
-0.013020
-0.016440
-0.021772
-0.025000
-0.026004
-0.024772
-0.022352
-0.020684
-0.018332
-0.014396
-0.009640
-0.004704
-0.003028
-0.006952
-0.014632
-0.022564
-0.026740
-0.026752
-0.025748
-0.028656
-0.036652
-0.045608
-0.050624
-0.049292
-0.043520
-0.036020
-0.029780
-0.025060
-0.020840
-0.016312
-0.009440
-0.002584
0.000936
0.000164
-0.004284
-0.008744
-0.009720
-0.007932
-0.005488
-0.004316
-0.007164
-0.012024
-0.015368
-0.015504
-0.011832
-0.006808
-0.003408
-0.002232
-0.002800
-0.004888
-0.006372
-0.006356
-0.005500
-0.004776
-0.004804
-0.006564
-0.011408
-0.018860
-0.026824
-0.030828
-0.028984
-0.023168
-0.015920
-0.011196
-0.010892
-0.012416
-0.012596
-0.010164
-0.005452
-0.001388
-0.001264
-0.003440
-0.004408
-0.002676
0.001776
0.007664
0.013480
0.017568
0.019316
0.019236
0.018056
0.015668
0.011112
0.005884
0.001556
-0.001548
-0.003264
-0.004688
-0.004916
-0.003092
-0.000904
0.000796
0.001852
0.003260
0.005560
0.008468
0.012288
0.015816
0.016712
0.015544
0.014724
0.014148
0.014000
0.015060
0.016444
0.017464
0.017724
0.017648
0.017568
0.015972
0.013692
0.011844
0.010356
0.009816
0.009508
0.008916
0.008940
0.009668
0.010100
0.010736
0.011016
0.010176
0.009800
0.009900
0.009364
0.007768
0.005320
0.002972
0.001340
-0.000160
-0.000916
0.000696
0.005208
0.012028
0.018228
0.021480
0.022584
0.023052
0.023976
0.025024
0.025260
0.024872
0.023464
0.021456
0.020604
0.021484
0.022980
0.024168
0.024684
0.025060
0.026548
0.028240
0.028448
0.026440
0.023420
0.020492
0.017580
0.014444
0.008868
0.001268
-0.004756
-0.008264
-0.009276
-0.007492
-0.004380
-0.000856
0.003312
0.007268
0.010388
0.012848
0.014736
0.015144
0.013268
0.009168
0.002352
-0.006432
-0.014432
-0.019796
-0.021568
-0.019336
-0.014336
-0.007964
-0.000968
0.005500
0.011584
0.018160
0.024072
0.028836
0.031884
0.033280
0.034432
0.035180
0.034928
0.033252
0.031096
0.029164
0.027432
0.026344
0.025584
0.024336
0.022336
0.020488
0.019336
0.019480
0.020968
0.022524
0.023452
0.023408
0.022816
0.022508
0.023620
0.027300
0.032088
0.035160
0.035748
0.034404
0.032556
0.032416
0.034320
0.036068
0.036400
0.035388
0.032912
0.029684
0.026428
0.023428
0.019988
0.016676
0.013528
0.009860
0.007976
0.007580
0.007692
0.009220
0.010764
0.012276
0.015468
0.019584
0.024480
0.029368
0.031888
0.032276
0.031840
0.032368
0.034044
0.035324
0.035152
0.033056
0.030168
0.027508
0.025152
0.022632
0.020784
0.020532
0.021792
0.025016
0.028468
0.029308
0.025920
0.019224
0.012496
0.008092
0.005756
0.004268
0.003572
0.003256
0.003516
0.005028
0.008864
0.015032
0.021988
0.028220
0.032292
0.035848
0.040152
0.043792
0.045712
0.045768
0.044700
0.042756
0.039736
0.035392
0.029692
0.024600
0.020480
0.017236
0.016136
0.016592
0.018456
0.022312
0.027744
0.033696
0.039332
0.043848
0.047100
0.049836
0.051996
0.052608
0.050516
0.045176
0.037912
0.031400
0.027644
0.025876
0.024408
0.022460
0.018656
0.014432
0.011944
0.011564
0.013884
0.016796
0.018468
0.019536
0.020172
0.019424
0.018748
0.018328
0.016916
0.015952
0.014128
0.010228
0.007176
0.006432
0.006700
0.006532
0.005096
0.003620
0.003212
0.003928
0.006580
0.010812
0.015716
0.021352
0.026468
0.030220
0.032804
0.035164
0.037204
0.038576
0.040384
0.041788
0.042068
0.042112
0.041792
0.041452
0.040948
0.038760
0.036632
0.036416
0.035892
0.032064
0.023748
0.011064
-0.001716
-0.006992
-0.003832
0.003544
0.011092
0.014864
0.016704
0.019988
0.024588
0.027928
0.028556
0.027188
0.024376
0.022948
0.022540
0.020932
0.018580
0.016000
0.015528
0.018680
0.024040
0.029192
0.030928
0.030072
0.030112
0.031668
0.033444
0.034560
0.034400
0.032524
0.029352
0.025312
0.022324
0.020756
0.020356
0.022904
0.026652
0.029660
0.032584
0.036096
0.039612
0.040792
0.039320
0.034920
0.026864
0.017864
0.010520
0.004736
0.001624
0.001256
0.001116
0.001184
0.003000
0.005452
0.006816
0.008100
0.009700
0.011488
0.013808
0.015128
0.013600
0.009508
0.004728
0.000896
-0.000520
0.001084
0.003060
0.003784
0.004912
0.007968
0.013824
0.020028
0.023660
0.024324
0.021712
0.018896
0.018516
0.018980
0.019764
0.019560
0.016664
0.012416
0.007880
0.005208
0.005640
0.007064
0.008540
0.008744
0.008500
0.009980
0.014040
0.019680
0.022568
0.022152
0.018840
0.013048
0.008156
0.005996
0.006888
0.009924
0.012620
0.012460
0.011284
0.011028
0.009948
0.008600
0.007288
0.005020
0.002344
-0.001376
-0.005112
-0.005612
-0.003172
-0.001088
0.000360
0.002580
0.004592
0.006764
0.008944
0.009996
0.010016
0.010348
0.010676
0.010060
0.009648
0.008352
0.005796
0.002876
0.000188
-0.002172
-0.004132
-0.004864
-0.003588
-0.000228
0.004600
0.010576
0.015676
0.019040
0.021132
0.021836
0.021788
0.021928
0.021384
0.020620
0.021336
0.021460
0.021360
0.021816
0.022492
0.023260
0.022900
0.022512
0.022256
0.021392
0.019352
0.014536
0.008388
0.004512
0.004236
0.005804
0.006380
0.005940
0.005632
0.006328
0.008532
0.011324
0.013192
0.012680
0.009036
0.004684
0.001684
0.000568
0.002188
0.005032
0.006016
0.005336
0.006100
0.008004
0.011808
0.017064
0.019784
0.018996
0.014428
0.008192
0.005236
0.005040
0.004620
0.003408
0.000556
-0.004184
-0.007616
-0.006916
-0.003784
0.001016
0.005532
0.008756
0.013028
0.016464
0.018228
0.018436
0.015180
0.009088
0.002144
-0.002396
-0.003332
-0.001128
0.002892
0.005244
0.005136
0.005004
0.007096
0.012008
0.018428
0.022084
0.021464
0.018148
0.013776
0.010768
0.009612
0.007676
0.004588
0.001684
-0.001424
-0.003652
-0.004428
-0.003216
-0.001660
-0.001372
-0.001388
-0.002620
-0.003796
-0.004452
-0.006432
-0.009240
-0.013004
-0.017028
-0.018408
-0.016916
-0.015464
-0.013608
-0.010400
-0.007068
-0.002964
0.000620
0.002844
0.004888
0.006240
0.006484
0.005192
0.002484
-0.000028
-0.002896
-0.005824
-0.008076
-0.010668
-0.012452
-0.013328
-0.012436
-0.009924
-0.009472
-0.010688
-0.013176
-0.016444
-0.016236
-0.013224
-0.010588
-0.009416
-0.011712
-0.016460
-0.020120
-0.019532
-0.012624
-0.000772
0.012736
0.023904
0.029228
0.026748
0.016632
0.001420
-0.017280
-0.036384
-0.050584
-0.056112
-0.054248
-0.049752
-0.045408
-0.042988
-0.040440
-0.034516
-0.023552
-0.010000
0.000624
0.006324
0.005456
0.001112
-0.002564
-0.006632
-0.013156
-0.022384
-0.032976
-0.043660
-0.050880
-0.053148
-0.052144
-0.048244
-0.044404
-0.042632
-0.041560
-0.040700
-0.038424
-0.034272
-0.029732
-0.026888
-0.026400
-0.026180
-0.025352
-0.023784
-0.021980
-0.022020
-0.024876
-0.028684
-0.031856
-0.033444
-0.032712
-0.030676
-0.029252
-0.029732
-0.031860
-0.035044
-0.036848
-0.035624
-0.033152
-0.031320
-0.030592
-0.030444
-0.029424
-0.026288
-0.021732
-0.017932
-0.016596
-0.017612
-0.020544
-0.024820
-0.029524
-0.032872
-0.033532
-0.033752
-0.036012
-0.039556
-0.042156
-0.041432
-0.037260
-0.031892
-0.028304
-0.027812
-0.027736
-0.025352
-0.020716
-0.015748
-0.013304
-0.014412
-0.015864
-0.015176
-0.012864
-0.011708
-0.014908
-0.021064
-0.026960
-0.030084
-0.029736
-0.028832
-0.029952
-0.031372
-0.030036
-0.024624
-0.016536
-0.010220
-0.007696
-0.007404
-0.007556
-0.006928
-0.005828
-0.005456
-0.006628
-0.009224
-0.012780
-0.016016
-0.016992
-0.015904
-0.014384
-0.013360
-0.013492
-0.014452
-0.014760
-0.014116
-0.013980
-0.016560
-0.021664
-0.026380
-0.028516
-0.027548
-0.024948
-0.023220
-0.022436
-0.020580
-0.017492
-0.014732
-0.013072
-0.012720
-0.012772
-0.010800
-0.007556
-0.005192
-0.004836
-0.007036
-0.008972
-0.009220
-0.008404
-0.007208
-0.006836
-0.006268
-0.004556
-0.002964
-0.002756
-0.004968
-0.008560
-0.010940
-0.011844
-0.011400
-0.009592
-0.007264
-0.004032
0.000832
0.006908
0.013284
0.018020
0.018656
0.015372
0.010300
0.005240
0.001400
-0.002636
-0.008940
-0.017016
-0.025044
-0.029756
-0.028256
-0.021032
-0.011616
-0.004748
-0.001212
0.002032
0.006512
0.012328
0.017152
0.016528
0.010152
0.001048
-0.006584
-0.010276
-0.012036
-0.014324
-0.018172
-0.022300
-0.024496
-0.023296
-0.018464
-0.012360
-0.008576
-0.008960
-0.012656
-0.016896
-0.018152
-0.015360
-0.010504
-0.005804
-0.002692
-0.001304
-0.001376
-0.002132
-0.002288
-0.001304
0.000544
0.000968
-0.001080
-0.003988
-0.005428
-0.003636
0.001096
0.007312
0.012420
0.015012
0.015696
0.014792
0.013464
0.013316
0.014132
0.014568
0.014220
0.012872
0.010124
0.007068
0.004788
0.003888
0.004440
0.005940
0.008096
0.010868
0.014244
0.016820
0.017224
0.015868
0.013516
0.010836
0.008248
0.004976
0.000480
-0.004152
-0.007668
-0.009152
-0.008444
-0.006256
-0.003684
-0.002160
-0.001532
-0.000360
0.002308
0.006752
0.011688
0.014800
0.014924
0.012652
0.009816
0.007576
0.006128
0.006656
0.008628
0.009808
0.009044
0.006268
0.003784
0.003956
0.006620
0.008964
0.008240
0.004820
0.001036
-0.000584
-0.000320
-0.000920
-0.003668
-0.007876
-0.011248
-0.011364
-0.008204
-0.004088
-0.001240
0.000380
0.001548
0.002944
0.004348
0.004828
0.004760
0.003968
0.002196
-0.000340
-0.003172
-0.004288
-0.002968
-0.000508
0.001368
0.001592
0.000200
-0.002100
-0.004592
-0.007060
-0.009608
-0.012636
-0.015120
-0.015748
-0.015076
-0.013548
-0.011556
-0.009120
-0.005740
-0.001428
0.003756
0.008068
0.009664
0.008700
0.005324
-0.000204
-0.006648
-0.012528
-0.016008
-0.016992
-0.016820
-0.016108
-0.014872
-0.011596
-0.006708
-0.003076
-0.002064
-0.003668
-0.006612
-0.009696
-0.013148
-0.017324
-0.021592
-0.023612
-0.021596
-0.015488
-0.007076
0.001108
0.008760
0.016044
0.021200
0.021288
0.014548
0.002304
-0.010536
-0.019088
-0.022988
-0.025748
-0.031268
-0.039896
-0.046976
-0.047040
-0.038864
-0.026204
-0.014256
-0.006440
-0.003280
-0.001996
0.000548
0.005360
0.010748
0.012368
0.006936
-0.005296
-0.020260
-0.031396
-0.035160
-0.033192
-0.029112
-0.025780
-0.023212
-0.019424
-0.013384
-0.004656
0.004720
0.010364
0.011368
0.010232
0.009344
0.009372
0.009396
0.008416
0.006424
0.004316
0.003320
0.004280
0.006132
0.006956
0.004600
-0.001116
-0.007220
-0.011080
-0.011216
-0.007288
-0.001180
0.004352
0.007412
0.007528
0.006528
0.007096
0.010276
0.013780
0.014448
0.010820
0.003636
-0.004280
-0.011224
-0.017524
-0.023536
-0.029184
-0.033380
-0.033512
-0.027760
-0.016736
-0.003900
0.007032
0.013832
0.015388
0.013556
0.010776
0.008344
0.005972
0.002092
-0.002512
-0.006372
-0.009100
-0.009980
-0.008332
-0.004172
0.000640
0.002872
-0.000204
-0.009488
-0.022660
-0.034688
-0.040192
-0.036640
-0.027476
-0.019488
-0.015944
-0.015056
-0.012152
-0.004156
0.006324
0.015412
0.021468
0.024064
0.023732
0.020652
0.014904
0.006604
-0.003084
-0.010868
-0.014772
-0.016968
-0.020988
-0.028196
-0.036888
-0.042812
-0.043044
-0.038716
-0.031932
-0.023652
-0.014912
-0.006608
0.000252
0.004724
0.006480
0.004780
-0.001188
-0.010712
-0.020700
-0.027696
-0.030384
-0.029424
-0.025880
-0.020528
-0.013672
-0.006188
0.001060
0.007304
0.011376
0.013948
0.014484
0.010884
0.002928
-0.008620
-0.021140
-0.030980
-0.035972
-0.036684
-0.035440
-0.033924
-0.031880
-0.027648
-0.019972
-0.009452
0.000416
0.007096
0.011524
0.015228
0.017816
0.016648
0.009444
-0.001448
-0.009744
-0.011612
-0.008532
-0.005084
-0.004076
-0.004668
-0.004196
-0.000704
0.004360
0.008944
0.010608
0.005624
-0.005840
-0.019812
-0.030840
-0.033560
-0.026308
-0.012848
0.001228
0.012444
0.020244
0.025080
0.027144
0.027204
0.026040
0.023772
0.018184
0.006940
-0.008976
-0.023900
-0.030732
-0.027744
-0.019420
-0.012508
-0.010372
-0.009724
-0.004836
0.007100
0.024728
0.041100
0.048580
0.045196
0.034952
0.023888
0.014500
0.007508
0.003912
0.003476
0.004756
0.005876
0.006168
0.005844
0.006268
0.008628
0.010848
0.011560
0.010232
0.007100
0.005880
0.008716
0.013976
0.019108
0.023020
0.026640
0.031776
0.037668
0.042792
0.046544
0.045948
0.040952
0.034404
0.027484
0.020236
0.012784
0.006656
0.002668
0.000748
0.000108
0.000212
0.002600
0.007816
0.014872
0.021892
0.027252
0.030736
0.032616
0.034516
0.037188
0.040196
0.042848
0.043740
0.043340
0.042812
0.043164
0.044656
0.045848
0.046376
0.045504
0.043456
0.041568
0.038844
0.034608
0.028760
0.022624
0.018728
0.018312
0.021656
0.026380
0.029860
0.031828
0.033416
0.035656
0.037784
0.038404
0.036976
0.034924
0.034316
0.035708
0.037676
0.038336
0.036260
0.031388
0.025932
0.021436
0.017892
0.015288
0.014360
0.015484
0.018112
0.021872
0.025752
0.028572
0.028496
0.024668
0.019740
0.017596
0.019336
0.023460
0.027996
0.029800
0.028292
0.025496
0.022112
0.019328
0.017100
0.013376
0.008668
0.003020
-0.002064
-0.002248
0.001680
0.006136
0.008872
0.009040
0.008232
0.010760
0.018328
0.027092
0.033580
0.034752
0.029740
0.021356
0.013468
0.009368
0.007384
0.004052
-0.001640
-0.008008
-0.010608
-0.007572
-0.001744
0.004096
0.007488
0.008480
0.009352
0.009980
0.011600
0.014804
0.018740
0.022928
0.025008
0.026040
0.027240
0.027380
0.026936
0.025780
0.023976
0.022952
0.023676
0.025108
0.025360
0.024772
0.024384
0.026080
0.029508
0.031748
0.032564
0.032212
0.031860
0.031596
0.031768
0.033096
0.033420
0.032248
0.030804
0.029096
0.026924
0.024748
0.023564
0.023412
0.023216
0.022968
0.021772
0.019348
0.016816
0.015092
0.014920
0.016340
0.017832
0.018212
0.018380
0.018976
0.019796
0.020256
0.019932
0.019696
0.020456
0.022092
0.024664
0.026876
0.028092
0.028404
0.026332
0.022580
0.019028
0.017620
0.019484
0.023284
0.026400
0.026024
0.022708
0.019316
0.017684
0.017828
0.017988
0.016796
0.013744
0.008232
0.003280
0.002448
0.005400
0.010368
0.013120
0.012492
0.011672
0.012940
0.016392
0.019548
0.020960
0.020836
0.019792
0.018156
0.015352
0.012016
0.007936
0.003108
0.000024
-0.000396
0.002204
0.007436
0.012464
0.015892
0.019540
0.024112
0.028540
0.031540
0.031176
0.027960
0.023544
0.018080
0.012044
0.006504
0.002468
0.000036
-0.000980
-0.000468
-0.000040
0.000328
0.001452
0.002188
0.003548
0.005728
0.007740
0.009096
0.009228
0.008540
0.006208
0.003072
0.000688
-0.000908
-0.001220
-0.001664
-0.003408
-0.006776
-0.011676
-0.015020
-0.015496
-0.014448
-0.012428
-0.009468
-0.005308
-0.000588
0.004088
0.008684
0.012472
0.014956
0.016040
0.016020
0.014936
0.012576
0.009464
0.005992
0.002704
0.000520
-0.000848
-0.001300
-0.000532
-0.000316
-0.001520
-0.003516
-0.005668
-0.006612
-0.005648
-0.005008
-0.006172
-0.008108
-0.009628
-0.009360
-0.007600
-0.006844
-0.008300
-0.011408
-0.015504
-0.019384
-0.021848
-0.022276
-0.021464
-0.019772
-0.016848
-0.014476
-0.013700
-0.014044
-0.014624
-0.013756
-0.011644
-0.010552
-0.012412
-0.017704
-0.024224
-0.029352
-0.032052
-0.031792
-0.029828
-0.027820
-0.025592
-0.022504
-0.017384
-0.010616
-0.005052
-0.002748
-0.002448
-0.003244
-0.005524
-0.008496
-0.011748
-0.014240
-0.014756
-0.014400
-0.015592
-0.018628
-0.022440
-0.024384
-0.023024
-0.020008
-0.016448
-0.014136
-0.013700
-0.013620
-0.013412
-0.013628
-0.014008
-0.013996
-0.013560
-0.013144
-0.013924
-0.015924
-0.017896
-0.018244
-0.017420
-0.017588
-0.018372
-0.019260
-0.020192
-0.020964
-0.021344
-0.021492
-0.022136
-0.022356
-0.021876
-0.021588
-0.021284
-0.020496
-0.019684
-0.018784
-0.017208
-0.015392
-0.014408
-0.014268
-0.014008
-0.013532
-0.013144
-0.012948
-0.013080
-0.013312
-0.013248
-0.012576
-0.010672
-0.006932
-0.002884
-0.000628
-0.000748
-0.002156
-0.003048
-0.003756
-0.004944
-0.006448
-0.008464
-0.010220
-0.010532
-0.009808
-0.008328
-0.005944
-0.003440
-0.000864
0.002356
0.005832
0.008272
0.007996
0.004820
0.000520
-0.003828
-0.007276
-0.009632
-0.011792
-0.013300
-0.012888
-0.010424
-0.007104
-0.004292
-0.003240
-0.004040
-0.006676
-0.011316
-0.016524
-0.020688
-0.024284
-0.027796
-0.030672
-0.033088
-0.034240
-0.033716
-0.032248
-0.029908
-0.027744
-0.026848
-0.026780
-0.027044
-0.027384
-0.026988
-0.026096
-0.025260
-0.024212
-0.022668
-0.021088
-0.021020
-0.023336
-0.027376
-0.031364
-0.033176
-0.031744
-0.028420
-0.025248
-0.022104
-0.018464
-0.014192
-0.008840
-0.003660
-0.000860
-0.001180
-0.003660
-0.007948
-0.012492
-0.014892
-0.015808
-0.016020
-0.015888
-0.016892
-0.018072
-0.016892
-0.014120
-0.011956
-0.012508
-0.016124
-0.019428
-0.019324
-0.015764
-0.012084
-0.012172
-0.015492
-0.018600
-0.020008
-0.019584
-0.017372
-0.013908
-0.010704
-0.008928
-0.008328
-0.007936
-0.007012
-0.006232
-0.005944
-0.006488
-0.008040
-0.009236
-0.009160
-0.007644
-0.004680
-0.001772
-0.000468
0.000072
0.000156
-0.000524
-0.001016
-0.001552
-0.002916
-0.005004
-0.008132
-0.011056
-0.012056
-0.012324
-0.012372
-0.011592
-0.010532
-0.009320
-0.008104
-0.007412
-0.007132
-0.006820
-0.006772
-0.007108
-0.007732
-0.009236
-0.011796
-0.014400
-0.015416
-0.014300
-0.012388
-0.010756
-0.009816
-0.009696
-0.009588
-0.008716
-0.006744
-0.003880
-0.001664
-0.001872
-0.004020
-0.006508
-0.008848
-0.011016
-0.012692
-0.014644
-0.016904
-0.017548
-0.016064
-0.012860
-0.009000
-0.006328
-0.004928
-0.003156
-0.000224
0.002308
0.003104
0.002224
-0.000824
-0.005384
-0.009652
-0.012632
-0.013284
-0.011444
-0.008456
-0.006096
-0.005304
-0.005032
-0.004580
-0.004428
-0.004756
-0.005484
-0.005480
-0.004084
-0.002056
-0.000348
-0.000060
-0.000928
-0.002912
-0.006196
-0.009596
-0.012156
-0.013016
-0.012256
-0.010784
-0.009352
-0.008736
-0.009220
-0.010408
-0.011860
-0.012980
-0.013696
-0.013620
-0.012668
-0.011760
-0.010560
-0.008452
-0.004740
0.000184
0.005140
0.009380
0.011492
0.011360
0.010204
0.008784
0.007500
0.006276
0.004840
0.002972
0.001056
-0.000124
-0.000744
-0.001204
-0.001896
-0.002408
-0.002288
-0.002184
-0.002280
-0.002740
-0.003660
-0.005072
-0.006848
-0.008984
-0.010944
-0.012216
-0.013456
-0.013976
-0.013168
-0.011104
-0.007788
-0.004344
-0.001904
-0.001012
-0.001404
-0.002908
-0.005480
-0.007940
-0.009940
-0.011324
-0.011364
-0.010244
-0.007352
-0.003164
0.001148
0.005608
0.008880
0.010408
0.010528
0.009628
0.008316
0.006604
0.003540
-0.001876
-0.008160
-0.012924
-0.015512
-0.015944
-0.014456
-0.011700
-0.007936
-0.003536
0.000392
0.002300
0.001572
-0.001656
-0.007016
-0.011908
-0.014560
-0.016476
-0.017664
-0.017828
-0.017152
-0.014348
-0.009644
-0.004960
-0.002364
-0.001920
-0.002528
-0.003556
-0.003592
-0.003048
-0.003420
-0.004820
-0.007508
-0.010616
-0.013236
-0.014512
-0.012744
-0.007944
-0.002032
0.003136
0.006872
0.009540
0.012820
0.016952
0.020028
0.021604
0.021648
0.018992
0.014732
0.010896
0.007548
0.004352
0.000588
-0.003448
-0.005940
-0.006396
-0.005468
-0.004168
-0.003928
-0.005204
-0.006908
-0.007740
-0.007108
-0.005484
-0.004632
-0.005452
-0.006668
-0.007024
-0.007216
-0.008624
-0.011884
-0.016524
-0.020668
-0.023284
-0.023988
-0.023232
-0.023092
-0.023340
-0.022740
-0.020536
-0.015304
-0.008196
-0.002704
-0.000644
-0.002108
-0.005768
-0.009072
-0.009816
-0.007516
-0.004300
-0.002124
-0.001404
-0.000516
0.002808
0.008060
0.013212
0.016672
0.016604
0.012564
0.007408
0.003900
0.002892
0.003752
0.003872
0.000720
-0.005304
-0.010364
-0.010448
-0.004796
0.002856
0.007880
0.009548
0.008316
0.004920
0.001196
-0.001648
-0.003196
-0.003636
-0.003548
-0.003612
-0.003436
-0.002148
0.000540
0.003296
0.004520
0.004372
0.004132
0.004460
0.004996
0.005824
0.006928
0.008840
0.011340
0.012640
0.012040
0.010576
0.009504
0.008912
0.008804
0.009512
0.010464
0.010704
0.010248
0.009048
0.006660
0.003692
0.001512
0.000272
-0.001564
-0.004104
-0.006388
-0.008032
-0.008832
-0.009472
-0.009468
-0.007564
-0.003732
0.000220
0.001704
0.000516
-0.001556
-0.002580
-0.002068
-0.001024
-0.001036
-0.002164
-0.002528
-0.001316
0.001596
0.005600
0.009376
0.012324
0.013984
0.014596
0.015028
0.015696
0.016704
0.017780
0.018080
0.016868
0.014020
0.010036
0.007072
0.006388
0.006956
0.007808
0.008460
0.008944
0.009276
0.009424
0.009816
0.010704
0.011148
0.010060
0.007496
0.003780
-0.001380
-0.007544
-0.012928
-0.016452
-0.017888
-0.016576
-0.012352
-0.006524
-0.000564
0.004420
0.007820
0.009784
0.010232
0.008032
0.003096
-0.003148
-0.009024
-0.013384
-0.015924
-0.015912
-0.014376
-0.012772
-0.010988
-0.008936
-0.006000
-0.001688
0.003700
0.009444
0.013516
0.014288
0.013480
0.013720
0.015584
0.017192
0.016632
0.013640
0.008900
0.004020
0.000552
-0.000580
0.000448
0.002020
0.002572
0.001732
0.000708
0.001688
0.004976
0.008560
0.010104
0.008828
0.006528
0.005360
0.006224
0.008864
0.011772
0.013888
0.015112
0.015752
0.017096
0.019524
0.022020
0.023500
0.022616
0.018704
0.012696
0.006148
0.000020
-0.004636
-0.006984
-0.007280
-0.006340
-0.004824
-0.002364
0.001812
0.007624
0.013424
0.017180
0.018064
0.016472
0.013424
0.009688
0.005784
0.002464
-0.000148
-0.002876
-0.005976
-0.008456
-0.009024
-0.007616
-0.005184
-0.002512
0.000536
0.004976
0.010616
0.016176
0.019944
0.020464
0.018512
0.015300
0.011660
0.008760
0.006328
0.003948
0.002268
0.001736
0.002628
0.004800
0.007484
0.009624
0.011012
0.012376
0.014436
0.017560
0.020728
0.022020
0.021088
0.019128
0.017368
0.016816
0.017660
0.019004
0.019084
0.017352
0.015300
0.013824
0.013316
0.013316
0.012532
0.011160
0.010304
0.010144
0.010340
0.010536
0.010196
0.009460
0.009092
0.009700
0.010704
0.010632
0.008572
0.005212
0.002148
0.000516
0.000872
0.003204
0.006292
0.008464
0.009624
0.010884
0.012496
0.013464
0.013300
0.012776
0.012848
0.013396
0.013360
0.012384
0.010892
0.009020
0.007300
0.006368
0.006176
0.006144
0.005716
0.004784
0.003844
0.003916
0.005604
0.008180
0.009812
0.010064
0.010364
0.011940
0.014364
0.016112
0.016092
0.013496
0.008828
0.004212
0.001456
0.000936
0.001816
0.003004
0.003780
0.003644
0.002956
0.002556
0.002640
0.003396
0.004492
0.005220
0.005496
0.005376
0.004740
0.004148
0.004592
0.006364
0.009152
0.012072
0.013984
0.014188
0.012724
0.010508
0.008852
0.008080
0.007416
0.005508
0.002136
-0.002116
-0.006560
-0.010256
-0.013164
-0.014808
-0.014892
-0.013728
-0.011096
-0.007208
-0.003188
0.000196
0.002816
0.004664
0.006148
0.007576
0.008196
0.007008
0.004260
0.001056
-0.001440
-0.002396
-0.001660
-0.000088
0.001032
0.001172
0.000556
0.000208
0.000848
0.002224
0.003616
0.004112
0.003472
0.002128
0.001036
0.000792
0.000556
-0.000432
-0.001832
-0.002932
-0.003160
-0.002688
-0.001760
-0.000272
0.001708
0.004180
0.006416
0.007816
0.009092
0.010652
0.012324
0.013816
0.014692
0.014932
0.015232
0.016104
0.016972
0.017080
0.016144
0.014240
0.011520
0.007712
0.002908
-0.001464
-0.004044
-0.005320
-0.006204
-0.006980
-0.007768
-0.008544
-0.008728
-0.007388
-0.005000
-0.002740
-0.001028
-0.000620
-0.001772
-0.003788
-0.005744
-0.006500
-0.006520
-0.006888
-0.007816
-0.008552
-0.007972
-0.006156
-0.003844
-0.002004
-0.001552
-0.002728
-0.004180
-0.004284
-0.003400
-0.003016
-0.004152
-0.006304
-0.008416
-0.010012
-0.010896
-0.011336
-0.011528
-0.011344
-0.010340
-0.008484
-0.006864
-0.005820
-0.004964
-0.003908
-0.003064
-0.003632
-0.005516
-0.007500
-0.008872
-0.009996
-0.010792
-0.010852
-0.010276
-0.008984
-0.007384
-0.005804
-0.004072
-0.002296
-0.000736
0.000324
0.000580
0.000392
0.000808
0.001808
0.002172
0.001528
0.000336
-0.000420
-0.000180
0.000076
-0.000060
-0.000092
0.000248
0.000996
0.001836
0.002296
0.002164
0.001752
0.001316
0.001532
0.002336
0.002100
0.000512
-0.001116
-0.001268
0.000472
0.002812
0.004428
0.004828
0.004344
0.004024
0.004832
0.007320
0.010452
0.011952
0.011176
0.008980
0.006056
0.002920
0.000008
-0.001892
-0.002472
-0.002088
-0.000832
0.000976
0.002712
0.003712
0.004332
0.005096
0.005960
0.006928
0.007696
0.007316
0.005500
0.003652
0.002396
0.001168
-0.000708
-0.003308
-0.005444
-0.006280
-0.006004
-0.004856
-0.004236
-0.005500
-0.008084
-0.010656
-0.011980
-0.012580
-0.013428
-0.013716
-0.013092
-0.011528
-0.008844
-0.006392
-0.004404
-0.001808
0.000816
0.002776
0.004220
0.005284
0.005620
0.004696
0.002720
0.000076
-0.002672
-0.004460
-0.004480
-0.003832
-0.003984
-0.004844
-0.006152
-0.007220
-0.007584
-0.007548
-0.007580
-0.007876
-0.008076
-0.007848
-0.007348
-0.006604
-0.005444
-0.004424
-0.004220
-0.004976
-0.006324
-0.007268
-0.007448
-0.007996
-0.009704
-0.012408
-0.014744
-0.015056
-0.013184
-0.009740
-0.006068
-0.003560
-0.002360
-0.001756
-0.001028
0.000256
0.001848
0.002484
0.001332
-0.000704
-0.001916
-0.001592
-0.000972
-0.001764
-0.004224
-0.007824
-0.011144
-0.012432
-0.011400
-0.008368
-0.005176
-0.003836
-0.003948
-0.005156
-0.005868
-0.004884
-0.003428
-0.002200
-0.002116
-0.002336
-0.001528
-0.000560
-0.000128
-0.000820
-0.002840
-0.004864
-0.005212
-0.003932
-0.001844
-0.000228
-0.000452
-0.002220
-0.004776
-0.007916
-0.010676
-0.011112
-0.009308
-0.006484
-0.004520
-0.003336
-0.003928
-0.004756
-0.005892
-0.007084
-0.007292
-0.007244
-0.007896
-0.009224
-0.010984
-0.013248
-0.016376
-0.020612
-0.024236
-0.024260
-0.019972
-0.014256
-0.011788
-0.013548
-0.015956
-0.015708
-0.012532
-0.009060
-0.007312
-0.006724
-0.006136
-0.005420
-0.004660
-0.003440
-0.001532
0.000424
0.001296
0.000804
0.000560
0.001752
0.004392
0.007976
0.010084
0.008940
0.006060
0.004520
0.005968
0.009376
0.011792
0.011840
0.010184
0.007548
0.005800
0.005884
0.006604
0.006604
0.004844
0.001384
-0.002872
-0.007180
-0.010768
-0.012224
-0.010516
-0.006896
-0.003420
-0.001296
-0.000800
-0.001040
-0.000772
0.000396
0.001284
0.000044
-0.003528
-0.007476
-0.009260
-0.008468
-0.007208
-0.007104
-0.008252
-0.009392
-0.009144
-0.006820
-0.002552
0.002040
0.005036
0.005172
0.002376
-0.000984
-0.002056
-0.000812
0.001044
0.001680
-0.000704
-0.005352
-0.009124
-0.010008
-0.008172
-0.005156
-0.002536
-0.001940
-0.003648
-0.005760
-0.006076
-0.003784
-0.000580
0.000592
-0.000716
-0.002412
-0.002416
-0.000428
0.001724
0.002368
0.001224
-0.000580
-0.001888
-0.001812
-0.000548
0.000044
-0.000812
-0.001604
-0.001172
0.000068
0.001408
0.001868
0.001244
0.000264
-0.001396
-0.003284
-0.004136
-0.004364
-0.005264
-0.007792
-0.011288
-0.013564
-0.013824
-0.013096
-0.012092
-0.011352
-0.010368
-0.008568
-0.007012
-0.006256
-0.006016
-0.006540
-0.008188
-0.010908
-0.013488
-0.014812
-0.015288
-0.014836
-0.013412
-0.012080
-0.011320
-0.010468
-0.009664
-0.008864
-0.007628
-0.006324
-0.005164
-0.004960
-0.006144
-0.007764
-0.009228
-0.010580
-0.011752
-0.012240
-0.011612
-0.009764
-0.006144
-0.001520
0.001692
0.002512
0.001624
-0.000048
-0.001584
-0.002760
-0.003548
-0.004344
-0.006320
-0.008424
-0.008564
-0.006944
-0.004672
-0.003076
-0.002488
-0.001528
-0.000120
0.001232
0.002792
0.004264
0.005844
0.008888
0.015712
0.028220
0.043884
0.054916
0.050576
0.020228
-0.034148
-0.091016
-0.124368
-0.119336
-0.079716
-0.027260
0.011596
0.022276
0.012924
0.006840
0.017168
0.038340
0.055816
0.057760
0.048512
0.041732
0.043428
0.047420
0.040560
0.015936
-0.019896
-0.052716
-0.069456
-0.067088
-0.053104
-0.035620
-0.019044
-0.004832
0.008240
0.021892
0.035944
0.045504
0.042732
0.025292
0.000816
-0.017152
-0.020360
-0.012940
-0.005340
-0.004684
-0.010508
-0.016544
-0.016328
-0.007560
0.006404
0.018448
0.023252
0.020396
0.013096
0.005168
-0.001484
-0.006536
-0.010276
-0.012056
-0.011380
-0.009028
-0.005272
-0.000332
0.005540
0.011284
0.014124
0.011672
0.004712
-0.002160
-0.003424
0.002532
0.011240
0.016292
0.014824
0.009360
0.004960
0.006064
0.013064
0.021160
0.025608
0.024588
0.019688
0.014160
0.010476
0.010348
0.013496
0.016708
0.016288
0.011908
0.006908
0.005036
0.007276
0.011364
0.013904
0.013196
0.010976
0.010760
0.014004
0.018216
0.018820
0.013576
0.005212
-0.000524
-0.000528
0.002684
0.004908
0.003676
-0.000756
-0.005948
-0.009184
-0.008732
-0.004692
0.001448
0.008296
0.015236
0.021596
0.026356
0.028648
0.028000
0.024424
0.018492
0.011880
0.006644
0.003728
0.002632
0.001856
0.000632
-0.000308
-0.000068
0.001392
0.003268
0.004652
0.005128
0.004460
0.002100
-0.002664
-0.008664
-0.012524
-0.011408
-0.004440
0.005564
0.013112
0.014428
0.010236
0.005184
0.003872
0.007300
0.012448
0.015508
0.015124
0.012140
0.007968
0.004268
0.001960
0.000516
-0.000464
-0.000732
-0.000736
-0.001504
-0.003004
-0.004184
-0.003756
-0.000956
0.003140
0.006024
0.005800
0.002072
-0.003768
-0.008384
-0.008548
-0.003924
0.002980
0.008452
0.009708
0.007164
0.003292
0.000356
-0.000304
0.000944
0.002580
0.003284
0.002376
0.000728
0.000428
0.002332
0.004628
0.004496
0.001280
-0.003164
-0.005816
-0.005284
-0.002880
-0.000184
0.001312
0.000772
-0.001080
-0.002364
-0.000824
0.003460
0.007888
0.009688
0.007496
0.002776
-0.001832
-0.004412
-0.004496
-0.003544
-0.003084
-0.003048
-0.002200
0.000576
0.005192
0.009808
0.012576
0.013816
0.014348
0.013912
0.011696
0.007300
0.001748
-0.003392
-0.006964
-0.008584
-0.008548
-0.007216
-0.005272
-0.003508
-0.002180
-0.000696
0.002052
0.005948
0.009136
0.009924
0.008024
0.004112
-0.000160
-0.002636
-0.002492
-0.001044
-0.000288
-0.001344
-0.004160
-0.006880
-0.007160
-0.004416
0.000032
0.003776
0.005296
0.005140
0.004756
0.004928
0.005392
0.005044
0.003040
-0.000020
-0.002672
-0.003968
-0.004216
-0.004072
-0.003804
-0.003512
-0.003240
-0.002960
-0.002408
-0.000996
0.001684
0.005180
0.008336
0.009980
0.009708
0.008124
0.006252
0.004900
0.004260
0.003984
0.003628
0.003256
0.003528
0.004712
0.006124
0.006680
0.005984
0.004672
0.003716
0.003676
0.004632
0.006352
0.008284
0.009704
0.010000
0.009140
0.007588
0.005796
0.004156
0.002680
0.001324
0.000388
0.000060
0.000312
0.001120
0.002464
0.004184
0.005860
0.007020
0.007340
0.006704
0.005240
0.003480
0.002160
0.001900
0.002712
0.003692
0.004052
0.003948
0.004008
0.004560
0.005420
0.006200
0.006508
0.006048
0.004780
0.003140
0.001832
0.001200
0.001124
0.001348
0.001696
0.002104
0.002740
0.003764
0.004928
0.005668
0.005412
0.003996
0.001888
-0.000016
-0.000984
-0.001064
-0.000908
-0.001048
-0.001296
-0.001164
-0.000620
0.000028
0.000472
0.000632
0.000596
0.000452
0.000400
0.000444
0.000240
-0.000440
-0.001376
-0.002008
-0.001852
-0.000968
0.000024
0.000668
0.000744
0.000392
-0.000072
-0.000624
-0.001384
-0.002380
-0.003424
-0.004120
-0.004240
-0.003848
-0.003108
-0.002256
-0.001524
-0.001056
-0.000864
-0.000772
-0.000616
-0.000440
-0.000452
-0.000892
-0.001780
-0.002868
-0.003736
-0.004144
-0.004140
-0.003956
-0.003808
-0.003712
-0.003548
-0.003148
-0.002536
-0.001808
-0.001032
-0.000400
-0.000088
-0.000184
-0.000632
-0.001272
-0.001952
-0.002480
-0.002748
-0.002824
-0.002824
-0.002812
-0.002800
-0.002752
-0.002644
-0.002512
-0.002408
-0.002404
-0.002540
-0.002708
-0.002744
-0.002584
-0.002332
-0.002140
-0.002060
-0.002036
-0.002012
-0.001944
-0.001844
-0.001768
-0.001748
-0.001796
-0.001916
-0.002096
-0.002336
-0.002600
-0.002812
-0.002944
-0.002932
-0.002764
-0.002520
-0.002276
-0.002084
-0.001900
-0.001744
-0.001644
-0.001596
-0.001620
-0.001708
-0.001824
-0.001904
-0.001940
-0.001964
-0.001972
-0.001960
-0.001932
-0.001888
-0.001828
-0.001764
-0.001732
-0.001724
-0.001728
-0.001768
-0.001868
-0.002052
-0.002268
-0.002404
-0.002392
-0.002244
-0.002048
-0.001916
-0.001852
-0.001804
-0.001768
-0.001740
-0.001724
-0.001748
-0.001804
-0.001888
-0.001988
-0.002084
-0.002152
-0.002192
-0.002196
-0.002184
-0.002144
-0.002076
-0.002000
-0.001940
-0.001892
-0.001864
-0.001840
-0.001812
-0.001788
-0.001764
-0.001740
-0.001704
-0.001664
-0.001632
-0.001600
-0.001584
-0.001596
-0.001616
-0.001644
-0.001676
-0.001692
-0.001688
-0.001664
-0.001628
-0.001600
-0.001568
-0.001540
-0.001512
-0.001480
-0.001448
-0.001416
-0.001384
-0.001356
-0.001332
-0.001316
-0.001304
-0.001296
-0.001296
-0.001288
-0.001268
-0.001252
-0.001236
-0.001212
-0.001184
-0.001140
-0.001096
-0.001060
-0.001028
-0.001004
-0.000992
-0.000980
-0.000964
-0.000944
-0.000920
-0.000892
-0.000864
-0.000836
-0.000804
-0.000776
-0.000752
-0.000724
-0.000700
-0.000680
-0.000656
-0.000632
-0.000608
-0.000584
-0.000560
-0.000540
-0.000516
-0.000492
-0.000464
-0.000436
-0.000404
-0.000376
-0.000344
-0.000312
-0.000284
-0.000256
-0.000224
-0.000196
-0.000168
-0.000140
-0.000112
-0.000084
-0.000056
-0.000024
0.000004
0.000036
0.000064
0.000096
0.000128
0.000160
0.000192
0.000224
0.000256
0.000284
0.000316
0.000348
0.000380
0.000416
0.000448
0.000480
0.000512
0.000544
0.000580
0.000612
0.000648
0.000680
0.000716
0.000748
0.000784
0.000816
0.000852
0.000888
0.000924
