-0.011308
-0.015164
-0.015492
-0.009284
-0.009192
-0.009032
-0.008988
-0.009004
-0.008996
-0.008932
-0.008848
-0.008836
-0.008912
-0.008996
-0.009024
-0.008984
-0.008912
-0.008832
-0.008752
-0.008668
-0.008592
-0.008572
-0.008628
-0.008708
-0.008688
-0.008500
-0.008180
-0.007848
-0.007664
-0.007696
-0.007864
-0.008056
-0.008184
-0.008128
-0.007900
-0.007652
-0.007424
-0.007148
-0.006820
-0.006596
-0.006640
-0.006960
-0.007456
-0.008060
-0.008696
-0.009184
-0.009324
-0.009168
-0.008952
-0.008788
-0.008592
-0.008300
-0.007952
-0.007588
-0.007204
-0.006772
-0.006280
-0.005740
-0.005172
-0.004644
-0.004228
-0.003912
-0.003876
-0.004680
-0.006476
-0.008348
-0.009148
-0.008896
-0.008588
-0.008832
-0.009420
-0.009892
-0.010084
-0.010140
-0.010096
-0.009884
-0.009396
-0.008308
-0.006496
-0.004488
-0.002984
-0.002352
-0.002900
-0.004732
-0.007272
-0.010032
-0.012468
-0.013168
-0.011484
-0.008524
-0.005596
-0.002716
0.000568
0.003560
0.004200
0.001008
-0.005060
-0.011644
-0.015700
-0.014808
-0.010680
-0.006980
-0.004492
-0.002332
-0.000492
0.000568
0.000832
0.000684
0.000540
0.000448
0.000132
-0.000380
-0.000908
-0.001428
-0.002184
-0.003480
-0.005160
-0.006832
-0.008376
-0.009968
-0.011436
-0.012296
-0.012596
-0.012508
-0.011228
-0.008044
-0.003748
0.000324
0.002932
0.003360
0.002616
0.002280
0.002584
0.002772
0.002300
0.001304
0.000092
-0.001028
-0.001492
-0.000840
0.000648
0.002512
0.005128
0.008892
0.013168
0.017276
0.021456
0.026212
0.030776
0.031308
0.023504
0.008552
-0.008092
-0.021704
-0.028804
-0.028936
-0.025940
-0.023596
-0.022276
-0.020228
-0.016520
-0.011860
-0.007228
-0.003164
0.000328
0.003400
0.005664
0.006152
0.005068
0.003888
0.003292
0.002712
0.001652
0.000448
0.000572
0.004000
0.009940
0.015720
0.020448
0.025152
0.030688
0.037248
0.044396
0.047184
0.036668
0.010212
-0.023928
-0.056484
-0.081320
-0.088140
-0.071008
-0.041320
-0.015372
0.000112
0.006620
0.009196
0.011532
0.013976
0.015504
0.015340
0.014016
0.012592
0.011392
0.010356
0.009296
0.008436
0.008488
0.009520
0.010784
0.011652
0.012108
0.011808
0.010532
0.008864
0.007388
0.006080
0.004320
0.001468
-0.002576
-0.005996
-0.006648
-0.005000
-0.002276
0.001392
0.006020
0.011164
0.016348
0.021596
0.027476
0.034140
0.041052
0.047384
0.052524
0.054824
0.050772
0.038644
0.019896
-0.001820
-0.019392
-0.026120
-0.023636
-0.018708
-0.015364
-0.013084
-0.009648
-0.004460
0.001336
0.005992
0.009344
0.012132
0.014340
0.015856
0.016696
0.016988
0.016256
0.013708
0.009452
0.003040
-0.006668
-0.019428
-0.033716
-0.046216
-0.052452
-0.049708
-0.039308
-0.026044
-0.013348
-0.001548
0.009796
0.019824
0.027408
0.033584
0.039496
0.045064
0.050252
0.054620
0.057920
0.060224
0.060588
0.056512
0.047864
0.038448
0.030240
0.021512
0.009884
-0.002752
-0.011536
-0.014928
-0.014080
-0.010848
-0.007724
-0.005352
-0.002604
0.000864
0.005004
0.009188
0.012968
0.016916
0.020880
0.024888
0.029172
0.033356
0.037548
0.042124
0.047400
0.053160
0.058172
0.060624
0.057776
0.047708
0.032836
0.018000
0.005140
-0.006224
-0.015780
-0.023276
-0.028176
-0.030088
-0.030764
-0.031356
-0.030840
-0.029376
-0.027896
-0.026188
-0.024568
-0.023072
-0.021344
-0.019508
-0.017788
-0.016040
-0.014356
-0.012824
-0.010996
-0.009220
-0.007640
-0.005776
-0.003768
-0.002072
-0.000012
0.002700
0.005532
0.008340
0.011020
0.013772
0.016732
0.019768
0.022596
0.025468
0.028548
0.031816
0.036276
0.042436
0.049444
0.055168
0.058208
0.058360
0.053760
0.044852
0.035568
0.027560
0.019648
0.010848
0.001188
-0.008668
-0.018084
-0.027372
-0.037196
-0.048280
-0.060224
-0.070928
-0.075268
-0.065656
-0.039660
-0.008860
0.007276
0.004872
-0.001092
0.000668
0.006800
0.009060
0.005584
0.000532
-0.000820
0.004524
0.017820
0.041632
0.076716
0.118008
0.155172
0.171752
0.151992
0.099792
0.039052
-0.010796
-0.041564
-0.046884
-0.028756
-0.007036
-0.004708
-0.024700
-0.050872
-0.066044
-0.063928
-0.048776
-0.028400
-0.008316
0.010800
0.031056
0.052144
0.063492
0.050000
0.016652
-0.016140
-0.039636
-0.052540
-0.043956
-0.003620
0.058320
0.113688
0.133488
0.111200
0.068740
0.033700
0.021112
0.028964
0.042820
0.050540
0.051148
0.045320
0.028132
-0.001480
-0.035384
-0.067752
-0.095676
-0.101744
-0.068972
-0.011324
0.042464
0.075492
0.081508
0.068564
0.056404
0.052736
0.049172
0.038648
0.024396
0.014300
0.012008
0.016748
0.028176
0.047792
0.076460
0.111348
0.142784
0.155252
0.140628
0.109512
0.078792
0.054244
0.034420
0.022496
0.023804
0.037788
0.058332
0.079904
0.101136
0.122136
0.140804
0.147496
0.124732
0.064288
-0.017056
-0.086568
-0.111592
-0.081356
-0.025148
0.012532
0.012508
-0.011468
-0.035564
-0.047176
-0.047868
-0.043144
-0.033560
-0.013700
0.019624
0.047280
0.031408
-0.044504
-0.143288
-0.196888
-0.170004
-0.083888
0.002240
0.032448
0.008520
-0.022276
-0.032704
-0.033824
-0.044004
-0.066264
-0.085372
-0.072728
-0.008732
0.079500
0.122944
0.074176
-0.043556
-0.149500
-0.179924
-0.143260
-0.070636
0.031320
0.144608
0.220236
0.214880
0.121708
-0.032024
-0.184488
-0.255884
-0.204696
-0.049496
0.151184
0.304440
0.318724
0.180668
-0.032324
-0.201532
-0.222812
-0.083888
0.112544
0.249580
0.286340
0.242432
0.146320
0.009892
-0.146296
-0.246480
-0.200032
-0.013932
0.190464
0.280700
0.222656
0.087912
-0.043096
-0.152752
-0.250704
-0.304228
-0.255932
-0.097120
0.099124
0.212220
0.191280
0.120892
0.118916
0.215772
0.347916
0.433112
0.435052
0.368948
0.268788
0.161396
0.066396
0.010240
0.019388
0.084916
0.166344
0.229952
0.265940
0.286576
0.298372
0.273440
0.185632
0.070112
0.002832
0.021704
0.107376
0.207576
0.250824
0.194248
0.044424
-0.172844
-0.419812
-0.647960
-0.805944
-0.863924
-0.839096
-0.771128
-0.679552
-0.557748
-0.403568
-0.228184
-0.051864
0.079528
0.126068
0.104668
0.065700
0.036124
0.007412
-0.032560
-0.072316
-0.066052
0.053232
0.295156
0.568256
0.770540
0.872232
0.900372
0.892168
0.862820
0.810024
0.736356
0.650252
0.552228
0.432876
0.286716
0.120168
-0.055116
-0.216544
-0.319080
-0.318912
-0.210280
-0.026660
0.185328
0.384116
0.526660
0.555220
0.435264
0.184160
-0.130732
-0.367332
-0.392320
-0.207040
0.087352
0.354976
0.481012
0.472912
0.432100
0.421288
0.414952
0.329104
0.096704
-0.227736
-0.469692
-0.486928
-0.282960
0.052468
0.410480
0.626252
0.546560
0.201112
-0.196736
-0.434356
-0.451012
-0.315540
-0.090728
0.189096
0.430660
0.524584
0.441840
0.229288
-0.010628
-0.146932
-0.085940
0.181460
0.546788
0.789452
0.757084
0.523988
0.237724
-0.059428
-0.380420
-0.669540
-0.782572
-0.643228
-0.354116
-0.113980
-0.073228
-0.213740
-0.386000
-0.465416
-0.386872
-0.110872
0.312220
0.675900
0.792616
0.721020
0.632964
0.560480
0.419292
0.178404
-0.100908
-0.321944
-0.407148
-0.380080
-0.359832
-0.450820
-0.700824
-1.087220
-1.496696
-1.757112
-1.716616
-1.383812
-0.948852
-0.582644
-0.254864
0.117896
0.408856
0.446692
0.294120
0.148448
0.111092
0.130636
0.117664
0.056488
-0.009096
-0.048800
-0.064580
-0.061380
-0.022040
0.066116
0.149008
0.117752
-0.085408
-0.350244
-0.469000
-0.399028
-0.292404
-0.258176
-0.281196
-0.334704
-0.432308
-0.578020
-0.727784
-0.795500
-0.710828
-0.491640
-0.264956
-0.177088
-0.230924
-0.298548
-0.308104
-0.298540
-0.336196
-0.461356
-0.639260
-0.747544
-0.678712
-0.444304
-0.149316
0.104924
0.266828
0.339564
0.372356
0.391056
0.348688
0.194560
-0.040864
-0.272096
-0.429292
-0.484324
-0.446924
-0.330060
-0.144780
0.075284
0.292996
0.494504
0.670996
0.769276
0.715516
0.477416
0.084516
-0.359016
-0.728012
-0.957848
-1.043160
-1.018272
-0.943544
-0.857388
-0.760604
-0.640596
-0.476740
-0.256140
-0.009576
0.166860
0.174308
0.025760
-0.157852
-0.238172
-0.164864
-0.006624
0.147160
0.248560
0.265872
0.182132
0.034676
-0.101068
-0.189672
-0.262120
-0.355752
-0.458856
-0.531044
-0.559724
-0.559864
-0.543552
-0.489636
-0.351392
-0.137508
0.066336
0.172972
0.180804
0.159668
0.153924
0.151064
0.121768
0.049776
-0.069648
-0.216728
-0.307644
-0.256944
-0.097688
0.057660
0.137348
0.163308
0.193368
0.245356
0.298780
0.318116
0.279024
0.175544
0.024576
-0.109532
-0.147936
-0.067160
0.104488
0.341820
0.606220
0.806352
0.872188
0.832920
0.752776
0.638236
0.445744
0.139944
-0.221896
-0.477236
-0.526700
-0.447856
-0.371476
-0.335248
-0.297084
-0.223600
-0.121980
-0.015692
0.094840
0.230964
0.395720
0.564440
0.696336
0.767972
0.792608
0.792660
0.768264
0.676812
0.461900
0.134988
-0.205008
-0.448200
-0.538872
-0.504892
-0.413328
-0.275536
-0.074128
0.134308
0.235664
0.177832
0.014780
-0.141380
-0.203948
-0.192324
-0.200732
-0.278480
-0.397072
-0.490468
-0.476664
-0.317796
-0.069948
0.146640
0.218300
0.122324
-0.046376
-0.147328
-0.116720
-0.022964
0.034596
0.033168
0.008880
-0.005848
-0.006520
0.002096
0.027556
0.075452
0.132484
0.180196
0.198904
0.186588
0.161588
0.136412
0.107756
0.055800
-0.027292
-0.118784
-0.165848
-0.127760
-0.031908
0.044700
0.039436
-0.034088
-0.106664
-0.130040
-0.090800
0.002544
0.112712
0.205368
0.278580
0.331476
0.337964
0.275404
0.166688
0.075868
0.061376
0.117344
0.180952
0.210108
0.211344
0.205600
0.203012
0.203100
0.201808
0.195112
0.185084
0.174536
0.160680
0.140212
0.090008
-0.018616
-0.153376
-0.226056
-0.189872
-0.082616
0.042160
0.151388
0.218740
0.240860
0.227324
0.173816
0.070164
-0.071804
-0.223264
-0.363132
-0.457792
-0.461268
-0.372532
-0.272304
-0.257748
-0.336592
-0.437056
-0.487800
-0.450132
-0.318748
-0.108196
0.131112
0.305080
0.372380
0.382992
0.387280
0.371768
0.284140
0.122380
-0.025248
-0.063060
-0.002796
0.051600
0.033316
-0.026448
-0.061932
-0.043140
0.039980
0.198764
0.384804
0.483288
0.449912
0.362592
0.304012
0.276764
0.237244
0.168596
0.100392
0.084664
0.185088
0.434572
0.747584
0.896948
0.693184
0.209532
-0.259216
-0.457424
-0.374668
-0.192380
-0.085840
-0.103992
-0.171376
-0.199524
-0.188288
-0.203088
-0.291472
-0.440328
-0.596124
-0.714880
-0.767260
-0.710960
-0.528500
-0.298792
-0.126364
-0.007736
0.137160
0.352288
0.588364
0.735432
0.704912
0.484536
0.150184
-0.184960
-0.463828
-0.712448
-0.963324
-1.158144
-1.166596
-0.890036
-0.309188
0.393312
0.837384
0.849028
0.645492
0.470812
0.331112
0.128732
-0.168120
-0.489380
-0.700256
-0.719028
-0.594472
-0.417964
-0.271428
-0.242048
-0.354640
-0.546692
-0.723052
-0.810772
-0.813312
-0.789600
-0.747092
-0.598444
-0.283672
0.079904
0.281000
0.264040
0.174104
0.145132
0.167616
0.169288
0.125060
0.060560
0.001544
-0.058676
-0.155936
-0.322136
-0.533348
-0.684828
-0.679388
-0.494616
-0.168236
0.168564
0.344864
0.303156
0.097780
-0.211308
-0.527696
-0.694940
-0.641380
-0.421636
-0.132444
0.125108
0.277628
0.306404
0.244672
0.149636
0.078504
0.073128
0.133916
0.204336
0.211104
0.122744
-0.035600
-0.211080
-0.374176
-0.511836
-0.580804
-0.543956
-0.432820
-0.322708
-0.265160
-0.249536
-0.230136
-0.185748
-0.133508
-0.091184
-0.051016
0.021648
0.158912
0.321540
0.394776
0.305888
0.099612
-0.117520
-0.261280
-0.317292
-0.315052
-0.278108
-0.211168
-0.105928
0.037672
0.193380
0.318768
0.376028
0.357460
0.308372
0.295388
0.335852
0.379868
0.356152
0.213176
-0.039596
-0.320872
-0.518340
-0.544144
-0.401456
-0.176876
0.048824
0.249896
0.416480
0.519504
0.552400
0.551968
0.546636
0.530808
0.490444
0.410324
0.249732
-0.001772
-0.230716
-0.286404
-0.142372
0.110416
0.361052
0.525748
0.586424
0.592148
0.579756
0.519992
0.366216
0.131400
-0.122564
-0.351368
-0.542224
-0.657456
-0.642216
-0.502968
-0.301420
-0.102464
0.041944
0.114032
0.136784
0.133352
0.108056
0.076036
0.075356
0.132920
0.235968
0.355580
0.475356
0.589484
0.688020
0.735268
0.690276
0.562596
0.429956
0.372816
0.384148
0.367556
0.224916
-0.050552
-0.362500
-0.568812
-0.551716
-0.303428
0.043460
0.294664
0.352740
0.297916
0.249332
0.207516
0.092264
-0.080488
-0.165620
-0.085992
0.059112
0.127280
0.085124
0.003308
-0.047884
-0.069688
-0.099140
-0.152732
-0.214664
-0.252572
-0.229020
-0.103872
0.136564
0.461912
0.794636
1.019564
1.059892
0.927800
0.687388
0.393324
0.073856
-0.223876
-0.443012
-0.567644
-0.629204
-0.661664
-0.661144
-0.589192
-0.423852
-0.203208
0.022968
0.231924
0.427564
0.604284
0.711580
0.703568
0.595380
0.466992
0.391860
0.368064
0.336008
0.238964
0.071828
-0.100224
-0.177664
-0.131864
-0.026980
0.043992
0.019412
-0.079748
-0.184240
-0.250960
-0.281140
-0.255472
-0.112624
0.155132
0.439352
0.606780
0.638884
0.586024
0.443164
0.197568
-0.084280
-0.326712
-0.507736
-0.601792
-0.561752
-0.348852
0.052348
0.604088
1.157892
1.506836
1.581064
1.464920
1.233300
0.829460
0.149992
-0.596956
-0.960228
-0.831464
-0.513896
-0.275964
-0.173592
-0.143756
-0.077560
0.079688
0.278144
0.448148
0.551732
0.560816
0.469680
0.309600
0.119732
-0.039644
-0.094072
-0.033100
0.080296
0.184356
0.270756
0.355716
0.419204
0.406112
0.292312
0.130548
0.011560
-0.011936
0.034584
0.080368
0.065428
-0.041968
-0.226252
-0.424300
-0.543036
-0.511856
-0.353684
-0.155808
-0.002476
0.060832
0.059132
0.065128
0.111848
0.183776
0.279076
0.398784
0.505628
0.550760
0.525272
0.441908
0.302404
0.106220
-0.119780
-0.330904
-0.470732
-0.468388
-0.319724
-0.107704
0.058128
0.109700
0.065308
-0.010604
-0.078624
-0.132276
-0.161876
-0.161892
-0.145788
-0.135724
-0.145620
-0.169168
-0.189312
-0.184944
-0.126332
0.013184
0.236348
0.475656
0.594464
0.527112
0.355412
0.213288
0.161316
0.154732
0.137148
0.134428
0.218284
0.377668
0.475480
0.395920
0.170132
-0.093108
-0.323396
-0.506564
-0.639208
-0.693388
-0.615820
-0.389476
-0.078844
0.183416
0.274384
0.205080
0.098204
0.031824
-0.006696
-0.053688
-0.098508
-0.083088
0.007756
0.103680
0.105936
-0.020408
-0.217756
-0.378844
-0.408652
-0.298852
-0.118916
0.060696
0.190644
0.250024
0.263976
0.278248
0.303760
0.321336
0.318668
0.278704
0.178792
0.000968
-0.226876
-0.432520
-0.566260
-0.592460
-0.488564
-0.263808
0.011036
0.201508
0.234628
0.161388
0.073160
0.023432
0.004768
-0.017092
-0.052928
-0.090936
-0.114844
-0.110388
-0.055832
0.051460
0.171624
0.263036
0.286908
0.218824
0.089564
-0.031424
-0.097960
-0.106328
-0.070084
0.003980
0.107348
0.184392
0.182236
0.128376
0.091032
0.085528
0.077944
0.051932
0.014188
-0.021152
-0.051992
-0.084412
-0.118932
-0.156040
-0.192368
-0.214148
-0.187328
-0.076636
0.098800
0.268556
0.360968
0.343868
0.245060
0.117240
0.005024
-0.052908
-0.031068
0.053824
0.129508
0.139548
0.100964
0.069476
0.078684
0.106020
0.102360
0.040812
-0.050740
-0.118332
-0.126764
-0.059144
0.086352
0.290072
0.486616
0.560036
0.440304
0.194012
-0.060220
-0.233452
-0.271100
-0.193720
-0.075172
0.010280
0.009712
-0.079604
-0.229320
-0.401664
-0.519728
-0.506316
-0.372112
-0.182956
0.015040
0.186152
0.284712
0.284400
0.187216
0.019656
-0.134184
-0.190068
-0.166696
-0.146260
-0.162900
-0.191088
-0.200492
-0.182260
-0.151080
-0.116116
-0.074884
-0.026476
0.038304
0.124324
0.222232
0.308432
0.348848
0.328568
0.264180
0.180996
0.091316
0.000704
-0.074884
-0.114540
-0.116376
-0.105060
-0.101952
-0.103136
-0.098564
-0.087652
-0.072896
-0.059128
-0.048976
-0.040768
-0.034632
-0.040252
-0.075712
-0.143564
-0.218836
-0.259216
-0.233636
-0.153412
-0.058616
0.024516
0.093812
0.139904
0.144276
0.121208
0.102360
0.095072
0.087896
0.070996
0.049900
0.028092
-0.003556
-0.065168
-0.168364
-0.272840
-0.305944
-0.225936
-0.062684
0.113936
0.243868
0.292004
0.263524
0.178504
0.054880
-0.076968
-0.170724
-0.192332
-0.149896
-0.063968
0.052212
0.172480
0.252704
0.251460
0.148928
-0.025916
-0.181424
-0.241440
-0.230412
-0.222168
-0.239072
-0.239368
-0.176316
-0.045112
0.115680
0.252800
0.315380
0.276708
0.171580
0.079028
0.053760
0.077072
0.094744
0.083080
0.051656
0.012364
-0.022816
-0.034132
-0.005508
0.060112
0.140568
0.211320
0.241952
0.203684
0.100736
-0.023756
-0.117488
-0.170492
-0.211256
-0.257692
-0.295648
-0.296364
-0.261080
-0.217500
-0.181580
-0.149744
-0.112428
-0.068840
-0.030612
-0.012508
-0.016804
-0.029620
-0.040732
-0.044864
-0.029684
0.019156
0.101052
0.177624
0.189044
0.113876
-0.010708
-0.128064
-0.197024
-0.209204
-0.180844
-0.128964
-0.062708
0.010036
0.073412
0.104796
0.096856
0.070240
0.046908
0.031316
0.012984
-0.014332
-0.045164
-0.076116
-0.104136
-0.130484
-0.157984
-0.182984
-0.192036
-0.158300
-0.071176
0.043772
0.147376
0.212796
0.235440
0.217732
0.153252
0.035344
-0.114780
-0.239640
-0.289004
-0.259364
-0.200256
-0.170500
-0.177172
-0.193096
-0.191516
-0.164508
-0.119808
-0.055736
0.020068
0.081004
0.098176
0.059240
-0.012712
-0.081012
-0.132788
-0.168220
-0.174064
-0.150616
-0.125260
-0.115640
-0.120328
-0.125844
-0.120656
-0.108208
-0.089480
-0.061868
-0.027768
0.003816
0.011724
-0.017320
-0.072352
-0.127500
-0.163440
-0.170260
-0.144752
-0.107888
-0.079520
-0.057720
-0.037408
-0.020632
-0.008996
0.000120
0.004728
0.006004
0.005308
0.000952
-0.004984
-0.011908
-0.019108
-0.030752
-0.045156
-0.059796
-0.080596
-0.103588
-0.130600
-0.161404
-0.192044
-0.227068
-0.259928
-0.282636
-0.285448
-0.252708
-0.196944
-0.144416
-0.099380
-0.056296
-0.014220
0.018108
0.036300
0.046324
0.051872
0.052360
0.044096
0.026696
-0.001224
-0.039264
-0.080628
-0.119936
-0.159860
-0.197456
-0.215748
-0.197460
-0.127888
-0.029840
0.043756
0.062836
0.038800
0.006304
-0.015236
-0.031828
-0.056964
-0.091392
-0.129600
-0.166924
-0.200248
-0.225840
-0.237420
-0.231912
-0.211056
-0.180528
-0.149364
-0.120588
-0.090440
-0.060904
-0.037352
-0.028944
-0.045468
-0.076400
-0.106296
-0.135736
-0.156396
-0.151512
-0.121344
-0.087896
-0.071064
-0.067656
-0.068780
-0.070000
-0.067132
-0.064048
-0.063028
-0.060264
-0.053048
-0.040068
-0.026000
-0.009436
0.005808
0.011876
0.012392
0.006920
-0.002848
-0.010156
-0.018320
-0.030312
-0.041748
-0.051416
-0.056348
-0.056616
-0.052508
-0.043172
-0.033288
-0.022544
-0.009648
0.003148
0.013420
0.017580
0.008760
-0.020612
-0.069404
-0.124404
-0.163664
-0.172764
-0.158708
-0.137112
-0.119760
-0.107456
-0.096388
-0.088588
-0.080868
-0.076420
-0.076724
-0.072576
-0.069856
-0.070620
-0.068800
-0.066584
-0.065480
-0.063940
-0.060416
-0.057060
-0.056520
-0.054748
-0.050432
-0.048212
-0.046920
-0.043816
-0.040592
-0.038760
-0.036552
-0.033520
-0.031220
-0.029196
-0.026800
-0.024200
-0.021084
-0.018468
-0.016844
-0.014964
-0.013072
-0.014044
-0.025192
-0.052796
-0.094296
-0.128628
-0.133312
-0.110124
-0.079364
-0.058380
-0.047400
-0.040820
-0.037076
-0.042020
-0.060720
-0.088756
-0.101856
-0.073096
-0.005680
0.073532
0.125916
0.131144
0.098036
0.045732
-0.005488
-0.049224
-0.090152
-0.124956
-0.141184
-0.130252
-0.099804
-0.070692
-0.051908
-0.030820
0.011388
0.070504
0.112916
0.115036
0.079680
0.016584
-0.064236
-0.132252
-0.155540
-0.143608
-0.124244
-0.110580
-0.088220
-0.032356
0.046504
0.103288
0.109976
0.076364
0.022176
-0.033080
-0.072032
-0.090308
-0.091520
-0.082632
-0.071208
-0.049028
-0.011336
0.026060
0.051012
0.049172
0.005400
-0.073916
-0.156380
-0.202880
-0.204392
-0.170980
-0.107836
-0.025956
0.057036
0.122184
0.145460
0.113064
0.033540
-0.069272
-0.148816
-0.171044
-0.164528
-0.170140
-0.188860
-0.194684
-0.151692
-0.061036
0.026624
0.065896
0.048492
0.005428
-0.024176
-0.023968
0.001320
0.032448
0.055184
0.063960
0.056960
0.039660
0.015824
-0.013032
-0.044844
-0.076804
-0.103416
-0.111876
-0.094400
-0.060816
-0.021496
0.014628
0.036924
0.041956
0.036340
0.030708
0.027848
0.025276
0.025036
0.029876
0.038836
0.051208
0.068672
0.087112
0.096688
0.093688
0.079108
0.053364
0.019272
-0.014660
-0.039720
-0.049076
-0.039428
-0.007236
0.037660
0.065300
0.056156
0.006468
-0.055508
-0.074016
-0.033616
0.038912
0.107432
0.139040
0.137140
0.127868
0.121624
0.109536
0.082348
0.045592
0.014320
0.006812
0.025728
0.056672
0.086672
0.107744
0.118272
0.120884
0.115040
0.103268
0.096840
0.098168
0.098668
0.084184
0.053520
0.024468
0.010856
0.019436
0.039584
0.051012
0.044776
0.024720
0.007076
-0.002388
-0.008880
-0.012396
-0.014800
-0.012920
-0.004420
0.007924
0.022268
0.037352
0.058556
0.087424
0.122736
0.159432
0.186128
0.198320
0.187324
0.148712
0.095076
0.041580
0.002712
-0.012936
-0.010984
0.000664
0.020000
0.049568
0.085860
0.115624
0.137844
0.153828
0.153364
0.134896
0.105268
0.067232
0.028616
-0.004052
-0.034072
-0.056020
-0.052552
-0.011860
0.046320
0.086668
0.099560
0.100300
0.104468
0.113284
0.114812
0.102132
0.090424
0.096748
0.116252
0.126628
0.107788
0.062460
0.019568
0.000192
0.003368
0.012332
0.004660
-0.014856
-0.030220
-0.039560
-0.036392
-0.007656
0.049416
0.116184
0.159172
0.167488
0.155540
0.143616
0.146576
0.154576
0.151048
0.129312
0.096684
0.073732
0.072048
0.085032
0.096484
0.094712
0.078716
0.057364
0.039932
0.026560
0.014376
0.002964
-0.006764
-0.006832
0.011604
0.040216
0.064396
0.075492
0.073672
0.062428
0.045408
0.037296
0.044456
0.059644
0.077216
0.088928
0.095736
0.106724
0.119496
0.128932
0.127400
0.110364
0.085532
0.058540
0.040488
0.045832
0.075460
0.119912
0.157600
0.172480
0.163916
0.132160
0.087972
0.047756
0.022084
0.013360
0.014596
0.023672
0.043904
0.072312
0.096960
0.104032
0.089440
0.059292
0.028900
0.011344
0.008352
0.015840
0.026084
0.033944
0.037700
0.042668
0.056612
0.081688
0.115696
0.147780
0.164096
0.153576
0.115760
0.075420
0.057116
0.055976
0.059264
0.060144
0.051676
0.041116
0.043504
0.061452
0.088332
0.112988
0.126648
0.129192
0.128628
0.133128
0.143472
0.151868
0.151132
0.144268
0.140636
0.147016
0.157096
0.156536
0.139928
0.110480
0.071956
0.026720
-0.026880
-0.077368
-0.095084
-0.071576
-0.025312
0.012292
0.021772
0.021424
0.029704
0.053036
0.089080
0.127504
0.166908
0.202072
0.220112
0.205796
0.155064
0.089432
0.033056
-0.006332
-0.029920
-0.032764
-0.009956
0.024552
0.049328
0.056228
0.054740
0.061352
0.073640
0.074000
0.055184
0.017480
-0.024964
-0.047036
-0.034752
0.008100
0.059956
0.095384
0.101584
0.080736
0.050772
0.024004
-0.003892
-0.029744
-0.044920
-0.042996
-0.027080
-0.005840
0.018644
0.039772
0.055116
0.067244
0.072412
0.066364
0.042688
0.001836
-0.036012
-0.052976
-0.053088
-0.049996
-0.044936
-0.026320
0.017376
0.080044
0.131484
0.150972
0.147608
0.139876
0.123084
0.085696
0.040596
0.009316
-0.003760
-0.010940
-0.022404
-0.038360
-0.043108
-0.023576
0.013928
0.048828
0.057240
0.038384
0.013148
-0.004412
-0.018476
-0.035528
-0.058508
-0.081760
-0.084924
-0.062632
-0.028892
0.001172
0.017220
0.021224
0.021988
0.023688
0.026384
0.031636
0.040036
0.052728
0.069776
0.084664
0.090876
0.088980
0.087208
0.088048
0.081328
0.062644
0.037580
0.015916
0.007260
0.005748
0.000488
-0.006164
-0.007192
-0.000692
0.007024
0.005924
-0.004952
-0.016356
-0.018964
-0.012076
-0.005096
-0.009232
-0.020252
-0.028596
-0.034356
-0.038392
-0.041968
-0.044740
-0.048408
-0.055448
-0.060228
-0.054204
-0.036048
-0.010304
0.019828
0.045228
0.056328
0.058828
0.060504
0.061356
0.060004
0.049592
0.027596
0.000772
-0.022848
-0.034220
-0.035072
-0.028948
-0.013832
0.004516
0.023996
0.045592
0.061276
0.066308
0.059520
0.045464
0.035800
0.027620
0.014096
-0.000980
-0.017872
-0.036332
-0.050252
-0.049496
-0.029900
-0.003944
0.013352
0.013628
0.006600
0.000340
-0.007612
-0.014440
-0.016808
-0.014980
-0.014656
-0.008604
0.006740
0.020920
0.024752
0.012084
-0.006308
-0.018096
-0.020028
-0.013424
-0.012008
-0.022836
-0.039168
-0.053084
-0.056896
-0.049240
-0.034524
-0.017948
0.000620
0.022068
0.037716
0.040420
0.029300
0.010440
-0.007592
-0.023160
-0.041688
-0.064504
-0.081820
-0.087636
-0.081036
-0.068788
-0.060816
-0.054748
-0.046316
-0.037864
-0.031372
-0.027996
-0.027096
-0.024824
-0.017180
-0.006308
0.004972
0.013440
0.014480
0.011260
0.004008
-0.007288
-0.022500
-0.039320
-0.056232
-0.076848
-0.095008
-0.102764
-0.097732
-0.082988
-0.065072
-0.045428
-0.023860
-0.001896
0.010880
0.001260
-0.022092
-0.039820
-0.047312
-0.049536
-0.051600
-0.056440
-0.059624
-0.056480
-0.052036
-0.049876
-0.049276
-0.047112
-0.039872
-0.032812
-0.029008
-0.025580
-0.024304
-0.028872
-0.040732
-0.058448
-0.075464
-0.084976
-0.091188
-0.100012
-0.108080
-0.112340
-0.111820
-0.108648
-0.105744
-0.100604
-0.091532
-0.080872
-0.074672
-0.076028
-0.075960
-0.066768
-0.054024
-0.041536
-0.030608
-0.027336
-0.029688
-0.034936
-0.045288
-0.056932
-0.067732
-0.078796
-0.083560
-0.076104
-0.063940
-0.056580
-0.062324
-0.079604
-0.094508
-0.095544
-0.078076
-0.047268
-0.013308
0.011732
0.014880
-0.007388
-0.043724
-0.080060
-0.105620
-0.113264
-0.105984
-0.094572
-0.086776
-0.083876
-0.085236
-0.088164
-0.088552
-0.082792
-0.074760
-0.071324
-0.067400
-0.059132
-0.047024
-0.033236
-0.024552
-0.025676
-0.038172
-0.056808
-0.073528
-0.079588
-0.072820
-0.060684
-0.048480
-0.039136
-0.036152
-0.037928
-0.039420
-0.039800
-0.035388
-0.025052
-0.014204
-0.005900
-0.001500
-0.003556
-0.011748
-0.024328
-0.046624
-0.075536
-0.097720
-0.105508
-0.098800
-0.087052
-0.075312
-0.060064
-0.042284
-0.024904
-0.013232
-0.010280
-0.009424
-0.005032
0.000752
0.002900
-0.004336
-0.024720
-0.053248
-0.083560
-0.110688
-0.124300
-0.121304
-0.105304
-0.081764
-0.062368
-0.051336
-0.043848
-0.036656
-0.025284
-0.007408
0.013656
0.026716
0.022564
0.007724
-0.008236
-0.015500
-0.013364
-0.007152
0.003000
0.012936
0.022572
0.029232
0.027484
0.019416
0.006976
-0.005480
-0.016160
-0.031384
-0.053296
-0.073980
-0.083288
-0.078692
-0.063344
-0.043852
-0.027052
-0.012504
0.000980
0.014484
0.025992
0.032464
0.034548
0.030264
0.022560
0.017500
0.018760
0.024832
0.026912
0.017008
0.001004
-0.012380
-0.022160
-0.029040
-0.039536
-0.054620
-0.069240
-0.075552
-0.068604
-0.053644
-0.038580
-0.028308
-0.022636
-0.021332
-0.020992
-0.019660
-0.017380
-0.012444
-0.006088
0.002040
0.013892
0.028732
0.041948
0.048276
0.044304
0.028312
0.006580
-0.013884
-0.028548
-0.034084
-0.032256
-0.020320
0.001828
0.023644
0.033460
0.028348
0.014108
-0.002732
-0.022460
-0.043200
-0.055472
-0.055628
-0.048584
-0.041764
-0.036908
-0.031608
-0.023492
-0.014672
-0.009648
-0.006508
-0.001392
0.006004
0.015308
0.025244
0.030352
0.029380
0.026756
0.023292
0.017500
0.006752
-0.009408
-0.024556
-0.036920
-0.044560
-0.040436
-0.027592
-0.010220
0.010812
0.029324
0.039628
0.039248
0.030720
0.015472
-0.006148
-0.024536
-0.035944
-0.043432
-0.042572
-0.034000
-0.024144
-0.017252
-0.017600
-0.024532
-0.032016
-0.029936
-0.011356
0.018876
0.050080
0.070496
0.071564
0.057036
0.040700
0.032144
0.029148
0.024076
0.013756
0.003932
0.000700
-0.001260
-0.010276
-0.023840
-0.031176
-0.024708
-0.006512
0.012788
0.022412
0.020088
0.009916
-0.005600
-0.023764
-0.039932
-0.048296
-0.044464
-0.031532
-0.015436
-0.002852
0.002736
0.005388
0.011040
0.020952
0.028572
0.025500
0.010864
-0.003532
-0.003552
0.010852
0.028932
0.040144
0.041316
0.037324
0.033332
0.032216
0.034092
0.036220
0.038380
0.041024
0.042384
0.043216
0.042936
0.037960
0.029456
0.022940
0.021740
0.024708
0.027188
0.024964
0.019560
0.016452
0.019116
0.026040
0.030524
0.026144
0.017000
0.010624
0.008008
0.005836
0.002112
-0.001836
-0.000356
0.012436
0.031532
0.048688
0.059228
0.061148
0.057172
0.050316
0.040488
0.028396
0.016488
0.007460
0.004692
0.009412
0.019132
0.030012
0.037160
0.036520
0.031164
0.027372
0.028544
0.033364
0.039288
0.044464
0.050140
0.059720
0.069824
0.077608
0.083204
0.086964
0.087404
0.078832
0.060332
0.039612
0.025388
0.018944
0.016436
0.015920
0.016564
0.019892
0.025620
0.027172
0.021168
0.013292
0.012532
0.021532
0.035704
0.047716
0.054128
0.057108
0.058900
0.061064
0.065024
0.066796
0.061420
0.047308
0.027996
0.015892
0.015248
0.018028
0.018504
0.016476
0.016532
0.022088
0.033068
0.046376
0.055460
0.055816
0.045888
0.031672
0.023504
0.023500
0.025204
0.023888
0.021720
0.024368
0.034100
0.045508
0.052636
0.053460
0.050892
0.047908
0.044924
0.040648
0.032936
0.024000
0.014712
0.007340
0.006512
0.010128
0.017136
0.026892
0.034492
0.036596
0.030888
0.016540
-0.003796
-0.020772
-0.022356
-0.006160
0.019536
0.042168
0.053324
0.052696
0.044420
0.033292
0.022148
0.013928
0.010248
0.011036
0.017204
0.026604
0.033676
0.034104
0.028220
0.020508
0.017332
0.019968
0.025904
0.034084
0.042300
0.046556
0.042376
0.033040
0.026220
0.024436
0.026720
0.029612
0.030600
0.029220
0.028452
0.029140
0.027716
0.024116
0.017892
0.010848
0.008096
0.010756
0.018916
0.033188
0.048480
0.058092
0.062324
0.063212
0.061196
0.054840
0.044008
0.033460
0.024772
0.016376
0.007216
-0.003624
-0.012040
-0.013748
-0.010344
-0.006612
-0.005724
-0.005856
-0.004924
-0.001612
0.003076
0.004944
0.002448
-0.003508
-0.010308
-0.010220
0.000080
0.013884
0.024388
0.027184
0.021724
0.011732
0.001600
-0.009592
-0.023056
-0.030088
-0.025128
-0.013356
-0.001500
0.004472
0.002008
-0.000948
0.003000
0.010940
0.017188
0.018148
0.012924
0.002220
-0.009180
-0.018744
-0.026612
-0.030580
-0.029984
-0.026088
-0.021568
-0.019508
-0.020480
-0.021956
-0.022428
-0.024332
-0.030200
-0.036640
-0.040184
-0.038880
-0.033792
-0.029824
-0.028584
-0.030584
-0.035660
-0.042476
-0.049912
-0.057636
-0.061460
-0.056712
-0.045920
-0.031988
-0.017812
-0.008416
-0.005568
-0.009196
-0.016400
-0.022604
-0.026764
-0.026952
-0.022824
-0.015772
-0.007944
-0.006824
-0.014912
-0.030404
-0.054140
-0.082360
-0.108260
-0.125904
-0.132816
-0.130244
-0.119632
-0.103316
-0.085276
-0.066812
-0.045636
-0.023976
-0.008428
-0.004792
-0.015464
-0.035664
-0.055196
-0.066448
-0.067936
-0.065480
-0.067388
-0.074660
-0.083812
-0.087524
-0.079168
-0.060944
-0.041716
-0.031252
-0.031916
-0.040860
-0.054416
-0.069212
-0.083896
-0.095252
-0.097672
-0.088428
-0.071252
-0.054144
-0.041744
-0.036892
-0.040020
-0.045068
-0.046608
-0.043244
-0.038468
-0.036960
-0.041064
-0.049204
-0.056536
-0.061220
-0.062876
-0.063136
-0.062504
-0.057448
-0.046532
-0.033416
-0.023660
-0.020336
-0.022220
-0.023656
-0.022760
-0.022252
-0.023796
-0.025708
-0.023904
-0.019692
-0.020268
-0.030716
-0.045320
-0.051408
-0.047072
-0.043516
-0.049676
-0.060924
-0.064828
-0.058196
-0.047736
-0.043412
-0.051028
-0.063708
-0.070028
-0.064368
-0.053004
-0.046304
-0.046760
-0.051072
-0.053516
-0.052628
-0.053236
-0.055976
-0.056832
-0.054372
-0.050064
-0.046064
-0.043248
-0.040412
-0.036256
-0.032712
-0.031420
-0.029092
-0.022128
-0.012160
-0.005804
-0.009552
-0.019692
-0.026772
-0.026616
-0.023932
-0.026852
-0.032056
-0.030880
-0.020596
-0.007032
-0.000040
-0.000868
-0.004260
-0.006756
-0.007988
-0.009376
-0.010764
-0.009912
-0.006576
-0.001072
0.006396
0.013352
0.017824
0.020492
0.022828
0.025492
0.028580
0.030252
0.026636
0.016732
0.004932
-0.003252
-0.005312
-0.000336
0.009292
0.017876
0.024268
0.030308
0.036752
0.042408
0.043636
0.039760
0.034152
0.029492
0.025500
0.021508
0.016976
0.012320
0.012420
0.019588
0.031696
0.047320
0.063800
0.076076
0.079512
0.074176
0.062516
0.047996
0.034348
0.023420
0.017976
0.020108
0.027776
0.038236
0.049744
0.059036
0.065320
0.070844
0.074360
0.073584
0.067552
0.056572
0.046108
0.040752
0.042528
0.050788
0.059148
0.061996
0.058120
0.050724
0.043008
0.036164
0.033456
0.037596
0.044300
0.046668
0.042316
0.038080
0.044700
0.061520
0.077960
0.086152
0.085340
0.078576
0.070128
0.062260
0.054520
0.048048
0.047736
0.055400
0.066684
0.078064
0.085372
0.084112
0.075476
0.064724
0.055824
0.049004
0.043808
0.042012
0.045616
0.050744
0.052112
0.049920
0.046496
0.045504
0.047276
0.046116
0.039852
0.033252
0.031072
0.035624
0.043424
0.047468
0.044608
0.037512
0.031548
0.030252
0.036216
0.046824
0.056452
0.062984
0.066896
0.069336
0.070120
0.068776
0.066852
0.065996
0.065384
0.064472
0.062480
0.059904
0.059692
0.061528
0.062272
0.060032
0.054316
0.047012
0.040600
0.034864
0.029364
0.023528
0.017668
0.012640
0.006976
0.001240
-0.000740
0.003268
0.012428
0.022800
0.030300
0.037260
0.048932
0.063180
0.073536
0.076504
0.071748
0.062040
0.050876
0.039716
0.029800
0.023232
0.022088
0.025792
0.031248
0.035332
0.033224
0.022928
0.008652
-0.003948
-0.011676
-0.015376
-0.017280
-0.018248
-0.018172
-0.014792
-0.005564
0.008472
0.022296
0.030024
0.029876
0.023608
0.015128
0.007356
0.000044
-0.006532
-0.008772
-0.004124
0.005456
0.016068
0.023016
0.026408
0.029984
0.034220
0.035232
0.029372
0.019192
0.010260
0.005968
0.006364
0.009600
0.013180
0.015704
0.016524
0.015704
0.016332
0.022244
0.032368
0.039876
0.040644
0.036512
0.029820
0.021980
0.014164
0.007108
0.001976
-0.000148
0.000408
0.001676
0.002504
0.003344
0.002764
-0.001096
-0.006304
-0.009320
-0.007864
-0.003764
-0.001560
-0.001772
-0.002436
-0.000988
0.003528
0.007404
0.007704
0.005652
0.004744
0.007656
0.013556
0.017580
0.014536
0.004580
-0.007360
-0.015404
-0.017300
-0.014232
-0.007568
0.001140
0.011188
0.020024
0.023936
0.020840
0.008824
-0.008936
-0.024448
-0.031848
-0.029516
-0.024336
-0.024892
-0.028780
-0.027316
-0.017752
-0.007532
-0.006728
-0.018252
-0.032956
-0.038544
-0.033572
-0.025916
-0.024776
-0.030524
-0.033156
-0.027428
-0.019320
-0.019960
-0.032772
-0.048152
-0.054064
-0.046012
-0.032884
-0.026480
-0.026304
-0.025148
-0.020756
-0.017640
-0.022080
-0.033372
-0.043304
-0.045364
-0.040416
-0.033048
-0.025288
-0.018716
-0.015448
-0.018476
-0.029468
-0.043660
-0.054868
-0.061768
-0.066760
-0.072036
-0.075700
-0.072124
-0.058328
-0.034456
-0.006536
0.010956
0.006580
-0.017940
-0.045052
-0.054752
-0.045284
-0.032312
-0.029692
-0.036532
-0.042756
-0.040516
-0.030708
-0.022280
-0.021476
-0.027372
-0.034224
-0.035372
-0.031400
-0.028020
-0.030096
-0.035980
-0.036736
-0.029120
-0.019432
-0.015076
-0.019660
-0.031552
-0.043500
-0.047444
-0.043408
-0.037108
-0.032704
-0.032120
-0.032552
-0.028656
-0.019040
-0.006356
0.004288
0.006232
-0.001500
-0.012764
-0.020620
-0.019232
-0.009604
0.000256
0.004812
0.004252
0.000868
-0.002800
-0.006884
-0.013516
-0.021964
-0.026824
-0.023248
-0.011756
0.003896
0.017232
0.025076
0.028440
0.026588
0.019080
0.007076
-0.007224
-0.019832
-0.026592
-0.025288
-0.017920
-0.009460
-0.003768
-0.000988
0.002064
0.006472
0.010124
0.010484
0.007296
0.003472
0.000132
-0.003468
-0.006712
-0.008824
-0.007700
-0.003168
0.001568
0.004552
0.003748
-0.001256
-0.008244
-0.012340
-0.012600
-0.014340
-0.017908
-0.018748
-0.014632
-0.008140
-0.003836
-0.004308
-0.009132
-0.016680
-0.023444
-0.024404
-0.017780
-0.006316
0.005856
0.015472
0.020600
0.021936
0.022492
0.025288
0.028792
0.027708
0.020856
0.012160
0.006456
0.004136
0.002028
-0.000752
-0.002472
0.001892
0.011884
0.018556
0.018372
0.015236
0.015812
0.021868
0.025776
0.023316
0.018828
0.017760
0.022484
0.029528
0.034764
0.038808
0.041112
0.039220
0.031764
0.020584
0.012472
0.011028
0.013188
0.015284
0.015832
0.015680
0.016236
0.016112
0.012164
0.005216
-0.000532
-0.002832
-0.000824
0.004032
0.006104
0.001912
-0.005696
-0.011568
-0.012888
-0.009060
-0.003428
-0.000404
0.000948
0.004404
0.011372
0.018644
0.020188
0.012788
0.000652
-0.011192
-0.019640
-0.022616
-0.020448
-0.013692
-0.004816
0.001764
0.002708
-0.003580
-0.015432
-0.027140
-0.032064
-0.027712
-0.018600
-0.010564
-0.006148
-0.003892
-0.002476
-0.001968
-0.002892
-0.004392
-0.003676
-0.001940
-0.002520
-0.007592
-0.015368
-0.023232
-0.030260
-0.035916
-0.039076
-0.036360
-0.029808
-0.024000
-0.020648
-0.019648
-0.019592
-0.020932
-0.025624
-0.033648
-0.039440
-0.038832
-0.034124
-0.030200
-0.029248
-0.030120
-0.030400
-0.027936
-0.023924
-0.021432
-0.022900
-0.027856
-0.032936
-0.035536
-0.035248
-0.031876
-0.027336
-0.025816
-0.028236
-0.031752
-0.035024
-0.038764
-0.043660
-0.050476
-0.055440
-0.054528
-0.048184
-0.039004
-0.031036
-0.024804
-0.020364
-0.018436
-0.018136
-0.018564
-0.018280
-0.018464
-0.020196
-0.022552
-0.026060
-0.030228
-0.031460
-0.027596
-0.019912
-0.012448
-0.009108
-0.008160
-0.006440
-0.003312
-0.001332
-0.003972
-0.011204
-0.020216
-0.027668
-0.032504
-0.034144
-0.030688
-0.021408
-0.009180
0.001664
0.009736
0.017084
0.025036
0.029136
0.025104
0.016364
0.008244
0.003008
-0.001192
-0.007588
-0.012868
-0.011804
-0.003544
0.006684
0.012236
0.012240
0.007552
0.000836
-0.004208
-0.007424
-0.008176
-0.004684
0.003996
0.016404
0.027864
0.034684
0.033552
0.024676
0.014568
0.008672
0.007380
0.005972
-0.001480
-0.012244
-0.016968
-0.010996
0.000620
0.009864
0.012832
0.007796
-0.000916
-0.008128
-0.015900
-0.026892
-0.038792
-0.045084
-0.044912
-0.039996
-0.029784
-0.020564
-0.013468
-0.005884
-0.002896
-0.004724
-0.007708
-0.012812
-0.019040
-0.023200
-0.024236
-0.020916
-0.014272
-0.007236
-0.001880
0.000464
-0.000468
-0.004256
-0.010920
-0.020804
-0.030324
-0.035424
-0.034620
-0.029192
-0.022116
-0.017072
-0.016140
-0.018292
-0.023312
-0.027808
-0.029364
-0.027504
-0.020780
-0.012048
-0.005000
-0.000168
0.003264
0.005472
0.005460
0.000888
-0.009364
-0.021712
-0.032168
-0.036120
-0.031952
-0.026600
-0.024500
-0.026572
-0.032380
-0.038084
-0.039592
-0.036272
-0.030152
-0.022104
-0.013528
-0.006604
-0.003952
-0.005788
-0.009728
-0.013460
-0.013332
-0.006944
0.001612
0.007656
0.009120
0.006988
0.007328
0.010860
0.014820
0.019736
0.022716
0.022416
0.021664
0.018552
0.013404
0.008604
0.003060
-0.001872
-0.005704
-0.006396
-0.001336
0.006444
0.011244
0.008108
0.000412
-0.003076
0.001212
0.007652
0.009224
0.006144
0.002432
0.001708
0.003996
0.006292
0.004940
-0.000672
-0.004880
-0.004220
-0.001652
-0.000840
-0.002172
-0.004908
-0.006784
-0.004176
-0.000564
-0.000276
-0.000696
0.001844
0.008564
0.017788
0.025380
0.027680
0.026708
0.025200
0.021944
0.016992
0.011696
0.007068
0.004412
0.005480
0.009308
0.011896
0.011872
0.008372
0.001956
-0.002784
-0.003080
0.000868
0.007136
0.012188
0.013836
0.013644
0.013700
0.013360
0.010832
0.006356
0.002476
0.000836
0.001144
0.003596
0.007268
0.008744
0.006064
0.000748
-0.004736
-0.009576
-0.013408
-0.013912
-0.011340
-0.006588
0.000272
0.004568
0.005296
0.003980
0.001484
0.001092
0.000756
-0.004032
-0.012212
-0.018884
-0.022356
-0.023932
-0.021744
-0.014224
-0.003908
0.002812
0.002580
-0.003268
-0.010720
-0.013768
-0.011480
-0.005720
0.001312
0.007888
0.016632
0.027100
0.033872
0.035384
0.030928
0.023680
0.020068
0.020480
0.023056
0.024048
0.021728
0.018760
0.017928
0.020844
0.023896
0.022768
0.018152
0.012892
0.008660
0.006272
0.005848
0.007504
0.010468
0.013324
0.015620
0.015132
0.013504
0.013092
0.014692
0.016640
0.013704
0.011684
0.016108
0.022388
0.025728
0.021700
0.013044
0.006672
0.005852
0.008156
0.006736
0.000308
-0.006804
-0.009204
-0.005704
0.001024
0.008344
0.014284
0.020868
0.029824
0.038140
0.042024
0.041868
0.040344
0.038856
0.036884
0.032592
0.027076
0.022464
0.018900
0.016956
0.016840
0.017596
0.019440
0.020112
0.015680
0.007512
-0.000348
-0.005480
-0.007252
-0.007124
-0.006668
-0.006512
-0.006788
-0.007048
-0.006316
-0.003904
-0.002012
-0.002456
-0.004940
-0.006752
-0.003624
0.005316
0.017688
0.030244
0.039808
0.042928
0.037392
0.026720
0.020392
0.026004
0.042436
0.060012
0.068892
0.064152
0.044580
0.015428
-0.011344
-0.024984
-0.026836
-0.025912
-0.028872
-0.034784
-0.037196
-0.034508
-0.028300
-0.016848
0.002476
0.026236
0.044780
0.050624
0.043876
0.031180
0.018732
0.008760
0.001064
-0.006312
-0.010088
-0.006380
0.002868
0.014296
0.024368
0.030540
0.031940
0.029744
0.024416
0.016920
0.008616
-0.000280
-0.007756
-0.010488
-0.005468
0.003668
0.007624
0.002536
-0.008296
-0.019308
-0.028292
-0.035856
-0.040416
-0.041392
-0.039568
-0.035080
-0.027892
-0.020468
-0.017196
-0.015868
-0.012600
-0.009764
-0.009416
-0.010716
-0.010904
-0.004500
0.007672
0.018752
0.023716
0.021904
0.016812
0.012648
0.011340
0.011336
0.011876
0.011620
0.008044
0.001052
-0.007868
-0.015120
-0.020316
-0.026684
-0.033120
-0.036904
-0.037768
-0.036796
-0.034712
-0.029200
-0.018596
-0.007604
-0.002112
-0.004064
-0.010144
-0.015412
-0.018488
-0.020524
-0.022480
-0.024188
-0.025524
-0.027172
-0.029924
-0.031932
-0.030552
-0.024760
-0.017368
-0.013008
-0.013684
-0.019872
-0.030948
-0.044444
-0.055004
-0.057404
-0.052680
-0.045824
-0.041340
-0.042276
-0.047960
-0.055060
-0.059364
-0.059800
-0.057636
-0.052824
-0.046176
-0.038256
-0.030892
-0.026548
-0.025844
-0.028484
-0.031128
-0.030252
-0.025508
-0.018968
-0.013428
-0.010068
-0.009136
-0.010256
-0.011988
-0.014568
-0.018888
-0.023596
-0.027620
-0.029928
-0.029860
-0.028220
-0.024876
-0.020276
-0.016272
-0.013256
-0.009648
-0.005524
-0.002712
-0.003380
-0.007780
-0.011356
-0.010556
-0.005560
0.000708
0.004016
0.004236
0.003620
0.003896
0.007336
0.012188
0.016396
0.019264
0.017516
0.013080
0.010312
0.009404
0.009212
0.008180
0.006264
0.004784
0.004360
0.005848
0.007496
0.008372
0.009472
0.009516
0.008792
0.007368
0.004232
-0.001324
-0.008780
-0.014636
-0.018304
-0.021192
-0.022536
-0.022112
-0.019384
-0.014888
-0.011900
-0.012072
-0.013112
-0.012784
-0.010272
-0.005552
-0.000568
0.004356
0.009436
0.012976
0.014172
0.012312
0.007960
0.004780
0.006428
0.011592
0.015512
0.014576
0.006868
-0.005200
-0.016016
-0.020720
-0.017788
-0.010336
-0.003716
-0.001504
-0.004472
-0.011520
-0.017596
-0.020188
-0.021900
-0.022344
-0.020412
-0.015984
-0.008504
-0.000148
0.006160
0.009304
0.009096
0.006316
0.002900
0.000804
0.000956
0.004152
0.008588
0.010548
0.009336
0.007372
0.006628
0.006980
0.006600
0.003160
-0.001192
-0.001428
0.004488
0.013172
0.019728
0.021544
0.019396
0.016944
0.016444
0.018840
0.022032
0.023616
0.022352
0.017344
0.010620
0.003668
-0.002192
-0.005376
-0.005928
-0.005004
-0.003348
-0.001200
0.000520
0.002176
0.006224
0.014504
0.025360
0.035028
0.039152
0.037172
0.032420
0.027824
0.024224
0.021232
0.018540
0.015056
0.011868
0.010996
0.012344
0.014608
0.017288
0.019040
0.019500
0.019148
0.017840
0.015988
0.014292
0.014700
0.017536
0.022824
0.028848
0.032584
0.034224
0.035576
0.038232
0.041668
0.044816
0.046800
0.045088
0.040864
0.036144
0.029720
0.023660
0.020488
0.020936
0.024044
0.026576
0.027252
0.026448
0.023608
0.019700
0.016872
0.015536
0.017236
0.021268
0.024880
0.027460
0.028436
0.029244
0.031748
0.035652
0.040484
0.045052
0.046876
0.045660
0.042888
0.037656
0.029136
0.021428
0.018336
0.018296
0.018824
0.017436
0.013972
0.012492
0.015048
0.018768
0.019716
0.016784
0.010720
0.004748
0.003084
0.006900
0.012508
0.014488
0.013672
0.014220
0.017104
0.019820
0.019540
0.015588
0.010428
0.007888
0.009600
0.013124
0.013756
0.010352
0.005716
0.004196
0.005632
0.004936
0.000664
-0.004484
-0.005380
0.000216
0.007252
0.010840
0.011384
0.011360
0.011948
0.013016
0.014516
0.016384
0.017864
0.017628
0.014708
0.009408
0.003820
0.001220
0.003536
0.010432
0.018000
0.021508
0.019292
0.014472
0.011196
0.009336
0.007456
0.002148
-0.007424
-0.017076
-0.023360
-0.023764
-0.019652
-0.014036
-0.008456
-0.004888
-0.001952
0.001888
0.004044
0.003020
0.001420
0.001992
0.004128
0.006264
0.007492
0.008008
0.009088
0.012680
0.018452
0.023656
0.027180
0.028636
0.027752
0.023292
0.016080
0.011240
0.011984
0.016732
0.020732
0.020888
0.018144
0.014324
0.011696
0.011768
0.014024
0.017468
0.020348
0.021932
0.023856
0.027220
0.031424
0.034096
0.033300
0.030056
0.025808
0.021824
0.018744
0.016660
0.016752
0.019852
0.026060
0.033488
0.037280
0.035012
0.029004
0.021596
0.014000
0.007168
0.001224
-0.001104
0.002908
0.012380
0.025728
0.038192
0.046244
0.049596
0.049112
0.046656
0.042256
0.036060
0.028316
0.021408
0.019496
0.022156
0.025988
0.030400
0.036188
0.041840
0.043884
0.041332
0.036264
0.030452
0.023916
0.017044
0.011560
0.008492
0.008112
0.010756
0.016040
0.021096
0.023008
0.022312
0.021896
0.023064
0.024888
0.025616
0.024328
0.022224
0.020428
0.017340
0.011452
0.004140
-0.000644
0.000180
0.004968
0.009028
0.008608
0.005116
0.001356
-0.001836
-0.003552
-0.004968
-0.007316
-0.010264
-0.013016
-0.014360
-0.013852
-0.012816
-0.013296
-0.015104
-0.015124
-0.010944
-0.004760
-0.000180
0.001660
0.000516
-0.001900
-0.003100
-0.003304
-0.001756
0.000996
0.001668
-0.000748
-0.003848
-0.005092
-0.005972
-0.008704
-0.012552
-0.015892
-0.017136
-0.015228
-0.012728
-0.012160
-0.013356
-0.014768
-0.015004
-0.016588
-0.021468
-0.027548
-0.032576
-0.035700
-0.036924
-0.036452
-0.034584
-0.032680
-0.032324
-0.034332
-0.037032
-0.038536
-0.038988
-0.038260
-0.035480
-0.031288
-0.029804
-0.031904
-0.034068
-0.033704
-0.030672
-0.027864
-0.028132
-0.031960
-0.037376
-0.041944
-0.044944
-0.046996
-0.047924
-0.047100
-0.044692
-0.041236
-0.039424
-0.040152
-0.040676
-0.038708
-0.033920
-0.029276
-0.027468
-0.028540
-0.030808
-0.031760
-0.029888
-0.026232
-0.023396
-0.022996
-0.025708
-0.029672
-0.031400
-0.030716
-0.029112
-0.027480
-0.027804
-0.030472
-0.033780
-0.036920
-0.039644
-0.041716
-0.042708
-0.041308
-0.038128
-0.036448
-0.037268
-0.037276
-0.033724
-0.028540
-0.026064
-0.026856
-0.027180
-0.025420
-0.021400
-0.015348
-0.010116
-0.007288
-0.006720
-0.008072
-0.009596
-0.010832
-0.011580
-0.010588
-0.008648
-0.006668
-0.004920
-0.004140
-0.004980
-0.008188
-0.011832
-0.013472
-0.012908
-0.011084
-0.009340
-0.008384
-0.008572
-0.009000
-0.009472
-0.011668
-0.015360
-0.017368
-0.015824
-0.011296
-0.006940
-0.006016
-0.007124
-0.007200
-0.004784
-0.000472
0.004324
0.008228
0.009784
0.008704
0.006052
0.002964
0.000356
-0.000480
0.000736
0.002496
0.003188
0.002616
0.000996
-0.002132
-0.005712
-0.007604
-0.006268
-0.002372
0.001420
0.003104
0.002656
0.002664
0.005364
0.008580
0.009164
0.006668
0.002928
0.001064
0.001296
0.001892
0.002292
0.002536
0.003260
0.004500
0.005512
0.006084
0.006960
0.009236
0.013508
0.018700
0.022984
0.027740
0.033824
0.038656
0.040744
0.040616
0.039152
0.037484
0.036188
0.033484
0.029092
0.025016
0.022804
0.022820
0.023272
0.023108
0.022928
0.023504
0.023740
0.022228
0.019764
0.017308
0.016404
0.016788
0.016732
0.017176
0.018952
0.022132
0.025912
0.027752
0.025272
0.016920
0.004528
-0.006464
-0.013412
-0.017180
-0.017616
-0.016052
-0.013940
-0.011264
-0.010032
-0.011728
-0.015212
-0.019536
-0.024512
-0.027572
-0.026560
-0.023920
-0.023632
-0.026440
-0.029392
-0.029904
-0.027572
-0.023964
-0.020492
-0.016820
-0.012764
-0.009436
-0.008536
-0.010352
-0.014080
-0.018772
-0.022460
-0.024276
-0.025744
-0.027484
-0.028648
-0.028748
-0.027132
-0.023116
-0.018116
-0.014448
-0.012884
-0.013580
-0.016364
-0.019024
-0.019996
-0.020532
-0.020748
-0.019696
-0.018160
-0.017912
-0.019748
-0.022812
-0.024488
-0.022976
-0.019852
-0.018420
-0.019744
-0.021232
-0.021388
-0.020888
-0.021068
-0.023576
-0.027360
-0.029192
-0.028000
-0.026224
-0.025772
-0.026124
-0.026284
-0.026960
-0.030524
-0.035876
-0.039128
-0.039020
-0.037108
-0.035864
-0.037104
-0.040460
-0.044288
-0.047292
-0.048364
-0.047264
-0.044776
-0.040620
-0.034032
-0.025596
-0.017780
-0.012912
-0.011628
-0.013484
-0.016244
-0.016980
-0.014404
-0.011128
-0.010884
-0.013676
-0.016936
-0.018088
-0.016196
-0.012568
-0.008860
-0.005644
-0.003144
-0.002284
-0.003940
-0.006728
-0.009288
-0.012356
-0.015056
-0.014688
-0.009976
-0.003644
0.000016
0.001540
0.003164
0.004936
0.005224
0.000996
-0.007440
-0.015948
-0.020944
-0.021312
-0.019464
-0.018340
-0.018608
-0.020208
-0.021888
-0.021488
-0.018248
-0.012744
-0.007044
-0.004152
-0.004796
-0.006192
-0.007012
-0.008260
-0.009516
-0.010436
-0.010992
-0.010144
-0.008052
-0.006668
-0.007300
-0.009624
-0.011424
-0.011036
-0.010252
-0.010552
-0.010664
-0.010708
-0.012004
-0.014776
-0.017564
-0.017684
-0.015672
-0.014240
-0.014312
-0.014528
-0.012504
-0.007808
-0.002632
0.000980
0.002412
0.002300
0.001988
0.002804
0.005484
0.008340
0.009500
0.008968
0.007560
0.006908
0.008152
0.010788
0.012496
0.010936
0.006220
0.000004
-0.006256
-0.011920
-0.015848
-0.016800
-0.015300
-0.012284
-0.008988
-0.005824
-0.001768
0.002564
0.005524
0.006220
0.006036
0.007060
0.009304
0.011692
0.013124
0.014248
0.016280
0.018948
0.021588
0.024108
0.027512
0.031708
0.034912
0.035360
0.031792
0.025388
0.019292
0.015020
0.012032
0.009892
0.008940
0.009328
0.010900
0.013604
0.016348
0.018160
0.019084
0.019272
0.018676
0.016688
0.013504
0.010344
0.008628
0.008320
0.007980
0.006940
0.005620
0.004816
0.005060
0.007168
0.011136
0.015188
0.017800
0.018448
0.017608
0.017524
0.018848
0.019776
0.020820
0.023056
0.025572
0.026332
0.023400
0.017508
0.011136
0.007432
0.007372
0.009552
0.013280
0.018016
0.022268
0.023528
0.021148
0.015928
0.009988
0.006968
0.007688
0.010048
0.011272
0.009584
0.005816
0.002172
-0.000472
-0.002176
-0.003420
-0.004380
-0.003724
-0.001384
0.000876
0.002172
0.003364
0.004972
0.006412
0.006980
0.006092
0.004704
0.003752
0.003880
0.006388
0.010488
0.014504
0.016496
0.015484
0.014156
0.014740
0.016584
0.018488
0.019452
0.018796
0.018052
0.018924
0.021092
0.023484
0.024836
0.025276
0.025708
0.026236
0.027224
0.028764
0.030236
0.031772
0.033768
0.035596
0.034820
0.029056
0.018912
0.007880
0.000388
-0.001608
-0.000272
0.002200
0.006324
0.012916
0.020388
0.025920
0.027048
0.024072
0.021912
0.022724
0.023960
0.023556
0.020432
0.016692
0.016192
0.017656
0.018140
0.016908
0.014520
0.012940
0.012584
0.012712
0.013356
0.014312
0.015024
0.014800
0.013128
0.011040
0.010424
0.011288
0.011664
0.010996
0.010776
0.011496
0.012692
0.014124
0.016940
0.023136
0.030440
0.034600
0.033872
0.029196
0.023620
0.020100
0.018676
0.017968
0.018120
0.018224
0.016880
0.014324
0.011404
0.009096
0.006700
0.003192
-0.000368
-0.003148
-0.005380
-0.007868
-0.009968
-0.009792
-0.008512
-0.008124
-0.008992
-0.009564
-0.007684
-0.004852
-0.001772
0.002196
0.005092
0.005716
0.004724
0.003364
0.003372
0.004816
0.005532
0.004804
0.003336
0.001684
0.000228
-0.001564
-0.003332
-0.003848
-0.003992
-0.004164
-0.002752
0.000924
0.006304
0.011548
0.014124
0.013020
0.008756
0.002868
-0.002432
-0.005584
-0.007356
-0.009944
-0.012924
-0.013896
-0.011996
-0.008172
-0.003896
-0.000208
0.002240
0.003148
0.002604
0.001400
0.000976
0.000756
-0.000140
-0.001376
-0.002300
-0.001140
0.002488
0.007592
0.012708
0.014892
0.012580
0.009152
0.008860
0.011812
0.014408
0.014316
0.013400
0.014012
0.015544
0.015904
0.015436
0.014988
0.015016
0.015160
0.015516
0.016116
0.014996
0.013088
0.011868
0.011092
0.011408
0.012528
0.013796
0.015744
0.018188
0.020528
0.022444
0.023616
0.024044
0.024196
0.024208
0.023408
0.021928
0.020172
0.017972
0.016740
0.017500
0.019692
0.022348
0.023396
0.022812
0.022244
0.022332
0.022472
0.022248
0.022220
0.022336
0.022600
0.022420
0.020868
0.019056
0.018784
0.020840
0.023336
0.022912
0.019928
0.015936
0.012576
0.012464
0.014720
0.016752
0.017840
0.019388
0.023192
0.028576
0.032968
0.033992
0.031980
0.028760
0.024772
0.021156
0.018616
0.015932
0.013572
0.013016
0.012980
0.012372
0.010556
0.006884
0.002436
-0.001380
-0.003388
-0.004696
-0.005932
-0.007016
-0.008808
-0.010280
-0.010320
-0.009520
-0.008584
-0.006592
-0.003128
0.000856
0.004764
0.007328
0.007348
0.004944
0.001804
0.000544
0.001272
0.002324
0.003332
0.004092
0.004984
0.006316
0.007084
0.006352
0.003940
0.000912
-0.003184
-0.008052
-0.010968
-0.010628
-0.008936
-0.008152
-0.008064
-0.008900
-0.008356
-0.004176
0.000172
0.002100
0.002428
0.001532
-0.000084
-0.002560
-0.004884
-0.005252
-0.005340
-0.005528
-0.005044
-0.003592
-0.001392
-0.000084
-0.000100
-0.000676
-0.002944
-0.007584
-0.012392
-0.016164
-0.018800
-0.021016
-0.023516
-0.025220
-0.025600
-0.024396
-0.022292
-0.020992
-0.019752
-0.017348
-0.014164
-0.012408
-0.013924
-0.017056
-0.019748
-0.021732
-0.021320
-0.017532
-0.013692
-0.011672
-0.010600
-0.011724
-0.014908
-0.017960
-0.020660
-0.021988
-0.020660
-0.017592
-0.015056
-0.015796
-0.018580
-0.019016
-0.016284
-0.013504
-0.013360
-0.014776
-0.015644
-0.015552
-0.015464
-0.017412
-0.021220
-0.023564
-0.024032
-0.024568
-0.025504
-0.027084
-0.028756
-0.030248
-0.031776
-0.032580
-0.032488
-0.032448
-0.032428
-0.032960
-0.034988
-0.036628
-0.036836
-0.035712
-0.033000
-0.030160
-0.028408
-0.027612
-0.027584
-0.027776
-0.026756
-0.023904
-0.020996
-0.019356
-0.019404
-0.021580
-0.023988
-0.024204
-0.022608
-0.020216
-0.017760
-0.016236
-0.015520
-0.015316
-0.015212
-0.014108
-0.012780
-0.012200
-0.012444
-0.013860
-0.016304
-0.019712
-0.021752
-0.020968
-0.018644
-0.017460
-0.019380
-0.021560
-0.020976
-0.018104
-0.016988
-0.019964
-0.024652
-0.028152
-0.029388
-0.029048
-0.027368
-0.025012
-0.024008
-0.025044
-0.027124
-0.028528
-0.028852
-0.029536
-0.031096
-0.032776
-0.032740
-0.031988
-0.032872
-0.034236
-0.033996
-0.031360
-0.028196
-0.025836
-0.023760
-0.022656
-0.022024
-0.020484
-0.018400
-0.015960
-0.012476
-0.008064
-0.004540
-0.004124
-0.006680
-0.008656
-0.007888
-0.004544
0.000264
0.003192
0.003480
0.003884
0.006560
0.010984
0.014700
0.016112
0.014904
0.012132
0.009196
0.006124
0.003252
0.001620
0.000976
0.000368
0.000348
0.001036
0.001024
-0.001200
-0.005188
-0.007832
-0.007092
-0.002732
0.002492
0.005020
0.005096
0.004700
0.006032
0.008272
0.008896
0.007996
0.005880
0.003876
0.002656
0.001300
0.000536
0.000848
0.002024
0.002704
0.001652
-0.000040
-0.000800
0.000276
0.003228
0.007500
0.011340
0.013016
0.011356
0.006368
0.000996
-0.001132
0.001576
0.006964
0.010568
0.011480
0.011452
0.010332
0.007980
0.004348
0.000972
-0.000048
0.000792
0.002524
0.002756
0.000328
-0.001796
-0.001532
-0.001148
-0.002768
-0.004972
-0.005628
-0.003948
-0.000476
0.002852
0.004084
0.003896
0.003380
0.002856
0.002240
0.002328
0.005352
0.009996
0.012112
0.009224
0.003536
0.001288
0.003996
0.006888
0.006020
0.001956
-0.001744
-0.003636
-0.002940
0.000596
0.004508
0.005700
0.003492
0.000828
0.000504
0.002764
0.004868
0.003764
0.000044
-0.002804
-0.002268
0.002892
0.010480
0.015460
0.016688
0.016320
0.015720
0.014312
0.011864
0.007748
0.003168
0.001400
0.002912
0.006828
0.010752
0.011568
0.009648
0.007780
0.007152
0.006888
0.005764
0.002940
-0.001076
-0.003844
-0.004452
-0.004572
-0.004596
-0.003496
-0.000364
0.004584
0.009000
0.010344
0.008748
0.006160
0.004504
0.003684
0.001912
-0.000936
-0.003356
-0.002820
0.001044
0.005876
0.010616
0.013948
0.015176
0.015428
0.015640
0.016480
0.016636
0.014924
0.012188
0.010276
0.011248
0.014892
0.018836
0.020216
0.018748
0.016572
0.015048
0.015124
0.015116
0.011984
0.007120
0.004376
0.004712
0.005848
0.006260
0.005316
0.002900
0.000708
-0.000512
-0.000928
-0.000204
0.000980
0.001984
0.004188
0.008156
0.012140
0.014840
0.015988
0.015840
0.014788
0.013324
0.012788
0.012840
0.012556
0.013504
0.016360
0.019748
0.022616
0.023380
0.021620
0.018624
0.014852
0.012044
0.012228
0.015304
0.019932
0.023944
0.025504
0.024500
0.023404
0.025452
0.030044
0.032876
0.031504
0.027064
0.023196
0.022468
0.023788
0.024708
0.023356
0.019860
0.015896
0.013756
0.013164
0.012852
0.013072
0.013020
0.012716
0.012616
0.012892
0.013748
0.015696
0.018312
0.019588
0.019040
0.018460
0.020096
0.023312
0.025912
0.027300
0.027880
0.027160
0.024908
0.022112
0.020308
0.021316
0.024036
0.025096
0.023284
0.019336
0.016036
0.016196
0.018752
0.021096
0.021220
0.018772
0.014652
0.009368
0.003348
-0.002452
-0.007288
-0.008604
-0.005056
0.000800
0.006684
0.011128
0.012328
0.010136
0.007588
0.005732
0.003180
-0.000676
-0.004704
-0.005648
-0.001436
0.006024
0.013552
0.018352
0.017800
0.012236
0.005152
0.000868
0.000960
0.003868
0.007716
0.009976
0.010384
0.012136
0.015284
0.015308
0.009420
0.000448
-0.005432
-0.005336
-0.002760
-0.002864
-0.004588
-0.002632
0.002756
0.006696
0.005320
-0.001120
-0.006608
-0.006384
-0.002264
0.001672
0.001836
-0.000840
-0.001492
0.002804
0.010864
0.015716
0.011528
0.001668
-0.005764
-0.006132
-0.001576
0.002116
0.002888
0.004212
0.007788
0.011092
0.010876
0.006408
0.002420
0.002984
0.006928
0.010488
0.009672
0.005392
0.002040
0.002144
0.005680
0.009748
0.011408
0.010548
0.008952
0.008372
0.010060
0.013168
0.014372
0.013612
0.012296
0.010656
0.009552
0.009092
0.008796
0.008864
0.008216
0.006120
0.004520
0.003904
0.004184
0.005660
0.006776
0.006440
0.004052
-0.000892
-0.005932
-0.008960
-0.009028
-0.005244
-0.000572
0.001908
0.000880
-0.004436
-0.009740
-0.011456
-0.010284
-0.009056
-0.009852
-0.011400
-0.011664
-0.009276
-0.006420
-0.004820
-0.005792
-0.009000
-0.011600
-0.013520
-0.013924
-0.013312
-0.013120
-0.014012
-0.017028
-0.020156
-0.020596
-0.018940
-0.018272
-0.019100
-0.019256
-0.017424
-0.013628
-0.010056
-0.008704
-0.009372
-0.011736
-0.014492
-0.016084
-0.015784
-0.013680
-0.012060
-0.013596
-0.016688
-0.018076
-0.018520
-0.019560
-0.021400
-0.023636
-0.025172
-0.025768
-0.026100
-0.027288
-0.028004
-0.026156
-0.023464
-0.022432
-0.024612
-0.028308
-0.028664
-0.024736
-0.019436
-0.014356
-0.010724
-0.009372
-0.009072
-0.009156
-0.010528
-0.013684
-0.017032
-0.019012
-0.018876
-0.016176
-0.011756
-0.005724
-0.000268
0.001524
-0.000088
-0.004556
-0.008548
-0.008704
-0.007584
-0.008492
-0.011000
-0.012724
-0.011020
-0.005288
0.001540
0.006756
0.008196
0.005452
0.000492
-0.004276
-0.005932
-0.003904
0.000772
0.006064
0.007788
0.005368
0.002472
0.000272
-0.001556
-0.004576
-0.010096
-0.014796
-0.014964
-0.010596
-0.004556
0.001004
0.003492
0.001692
-0.001528
-0.005284
-0.009648
-0.013364
-0.015804
-0.016116
-0.013856
-0.010284
-0.007240
-0.006212
-0.006436
-0.005176
-0.002232
0.000500
0.001520
-0.000088
-0.004456
-0.011312
-0.018108
-0.021044
-0.018632
-0.012756
-0.006452
-0.000588
0.004320
0.007300
0.008364
0.008572
0.008024
0.006336
0.003968
0.002316
0.002872
0.004772
0.006564
0.008280
0.010340
0.013316
0.017428
0.018860
0.014112
0.005116
-0.003412
-0.007528
-0.007984
-0.007932
-0.008456
-0.007540
-0.004032
-0.000540
0.001152
0.000560
-0.001680
-0.003672
-0.004684
-0.003884
-0.001340
0.000912
0.001320
-0.000236
-0.003700
-0.007460
-0.008172
-0.005024
-0.000080
0.003152
0.001788
-0.003168
-0.008672
-0.012464
-0.014464
-0.015028
-0.013912
-0.012544
-0.012496
-0.012892
-0.011560
-0.008288
-0.005200
-0.004776
-0.007272
-0.009672
-0.009704
-0.008852
-0.009292
-0.010028
-0.009708
-0.008420
-0.007216
-0.007496
-0.007512
-0.007116
-0.007200
-0.006088
-0.004808
-0.005288
-0.008284
-0.012588
-0.014536
-0.012192
-0.007256
-0.003456
-0.002368
-0.002192
-0.000508
0.004336
0.012044
0.018164
0.018000
0.012056
0.005804
0.004740
0.008224
0.011712
0.012476
0.010268
0.007572
0.007200
0.007572
0.005456
0.000784
-0.003676
-0.005896
-0.006284
-0.006920
-0.008728
-0.010552
-0.012116
-0.011496
-0.006904
-0.002300
-0.000896
-0.001456
-0.002296
-0.001716
0.001364
0.005772
0.008344
0.007144
0.003332
0.000144
0.000916
0.005232
0.008336
0.006812
0.002344
-0.001204
-0.001920
-0.002336
-0.004960
-0.008232
-0.009180
-0.005864
-0.000940
0.001312
0.000392
-0.002672
-0.005996
-0.008268
-0.010016
-0.010740
-0.009740
-0.007672
-0.005560
-0.004004
-0.002856
-0.001432
0.000312
0.001936
0.003172
0.003372
0.002492
0.001108
-0.001032
-0.004228
-0.007576
-0.009880
-0.010588
-0.009632
-0.007548
-0.004812
-0.001636
0.000464
0.000040
-0.002168
-0.003944
-0.003772
-0.002348
-0.001400
-0.002888
-0.007388
-0.012908
-0.016560
-0.017324
-0.016264
-0.014144
-0.012296
-0.011716
-0.011200
-0.009972
-0.008500
-0.007596
-0.007832
-0.008028
-0.006928
-0.005672
-0.005932
-0.007108
-0.006988
-0.005084
-0.002888
-0.001076
0.000264
0.001280
0.001900
0.000504
-0.003604
-0.008580
-0.011592
-0.011532
-0.010176
-0.008884
-0.007204
-0.005372
-0.004640
-0.006636
-0.011176
-0.016004
-0.019312
-0.020600
-0.021144
-0.021692
-0.021216
-0.019472
-0.018012
-0.018376
-0.019588
-0.019648
-0.018416
-0.017252
-0.017716
-0.019016
-0.019664
-0.020396
-0.020884
-0.020300
-0.019504
-0.019820
-0.021544
-0.023404
-0.024312
-0.023688
-0.021888
-0.019708
-0.017972
-0.018508
-0.022084
-0.026352
-0.028068
-0.025596
-0.019684
-0.014260
-0.012304
-0.011380
-0.008520
-0.004484
-0.001868
-0.003544
-0.008296
-0.012968
-0.016640
-0.017708
-0.015732
-0.013064
-0.011456
-0.010524
-0.009276
-0.006736
-0.003728
-0.002184
-0.002156
-0.002452
-0.001656
0.000316
0.002032
0.002244
0.001024
0.000140
0.000044
-0.000348
-0.000524
0.000344
0.002412
0.005332
0.008368
0.011076
0.013004
0.013836
0.013396
0.011716
0.010336
0.010452
0.010656
0.009308
0.006484
0.003852
0.003508
0.005688
0.008396
0.009760
0.009684
0.009448
0.009856
0.009944
0.008820
0.007216
0.007348
0.010236
0.014184
0.017796
0.019820
0.019480
0.017360
0.014880
0.013536
0.013248
0.013748
0.014796
0.015296
0.014600
0.013368
0.013204
0.015168
0.018012
0.020348
0.022112
0.021764
0.018360
0.014184
0.011552
0.011020
0.011404
0.010580
0.007968
0.005800
0.006920
0.011108
0.015148
0.017344
0.017880
0.016600
0.014020
0.010380
0.005444
0.001560
0.002848
0.009644
0.017000
0.020540
0.020612
0.020488
0.022232
0.024844
0.026904
0.027692
0.026636
0.024700
0.023608
0.023844
0.025380
0.026760
0.025988
0.023492
0.020828
0.019652
0.020328
0.022216
0.024524
0.026168
0.027004
0.026268
0.022900
0.018372
0.015844
0.015412
0.015136
0.015632
0.017576
0.020052
0.022484
0.024580
0.026700
0.028680
0.029504
0.030312
0.032120
0.033868
0.034724
0.035472
0.036220
0.036304
0.035916
0.035072
0.034236
0.033584
0.033332
0.034644
0.037580
0.039904
0.040308
0.039524
0.038916
0.039052
0.038712
0.037976
0.038292
0.040168
0.041936
0.041788
0.040688
0.039868
0.039400
0.038576
0.036160
0.033684
0.033348
0.034212
0.034932
0.034984
0.034800
0.034416
0.033176
0.030988
0.027256
0.023112
0.021120
0.020696
0.020496
0.020804
0.020612
0.019840
0.020256
0.022868
0.026864
0.028540
0.025912
0.022160
0.020092
0.020428
0.023120
0.026076
0.026976
0.025020
0.021224
0.017952
0.016924
0.018692
0.022088
0.024780
0.025840
0.025828
0.025680
0.025996
0.025828
0.024548
0.022372
0.019580
0.016856
0.013812
0.010664
0.008560
0.007876
0.008884
0.010460
0.009748
0.007328
0.006060
0.005324
0.003912
0.002516
0.001908
0.002456
0.003608
0.003616
0.001060
-0.002564
-0.004272
-0.003888
-0.003608
-0.004996
-0.006920
-0.007444
-0.006852
-0.006536
-0.006584
-0.006428
-0.005832
-0.004420
-0.003368
-0.004372
-0.007104
-0.009784
-0.010796
-0.010436
-0.010572
-0.012444
-0.015560
-0.017884
-0.018748
-0.018952
-0.018176
-0.016028
-0.013868
-0.013436
-0.015072
-0.017728
-0.019460
-0.019120
-0.017192
-0.014992
-0.013568
-0.013664
-0.014748
-0.015668
-0.016756
-0.017936
-0.018876
-0.020100
-0.021680
-0.023816
-0.025488
-0.024664
-0.022500
-0.021704
-0.022548
-0.023908
-0.025060
-0.025856
-0.026528
-0.027556
-0.028560
-0.028932
-0.028736
-0.028384
-0.028692
-0.029092
-0.028392
-0.026060
-0.022540
-0.019472
-0.018132
-0.018272
-0.019296
-0.021000
-0.022736
-0.023580
-0.022464
-0.019392
-0.016616
-0.016132
-0.017168
-0.017328
-0.015904
-0.014800
-0.015260
-0.016636
-0.017180
-0.016120
-0.014980
-0.014744
-0.014948
-0.014684
-0.014436
-0.014740
-0.015336
-0.016680
-0.018088
-0.018624
-0.018664
-0.018272
-0.016728
-0.014032
-0.011628
-0.010492
-0.009948
-0.009228
-0.008972
-0.010120
-0.012556
-0.015316
-0.017580
-0.019060
-0.018740
-0.015844
-0.011576
-0.008476
-0.008336
-0.010744
-0.013744
-0.015388
-0.014988
-0.013632
-0.013192
-0.014232
-0.015228
-0.014640
-0.013084
-0.012140
-0.012180
-0.012192
-0.012024
-0.012240
-0.012816
-0.012676
-0.011072
-0.009216
-0.007856
-0.007340
-0.007524
-0.007952
-0.008528
-0.008400
-0.008072
-0.008524
-0.009360
-0.010496
-0.011840
-0.012488
-0.012020
-0.011132
-0.010908
-0.012388
-0.014820
-0.016368
-0.016712
-0.016824
-0.018280
-0.020960
-0.023468
-0.025240
-0.026144
-0.026904
-0.027788
-0.028216
-0.027960
-0.026528
-0.024104
-0.022004
-0.021752
-0.023512
-0.025400
-0.026092
-0.025668
-0.024696
-0.023272
-0.021164
-0.019248
-0.018644
-0.019300
-0.020068
-0.019452
-0.016748
-0.013908
-0.012540
-0.011648
-0.010564
-0.009244
-0.008852
-0.009936
-0.011636
-0.012728
-0.012536
-0.012236
-0.012532
-0.014096
-0.016540
-0.018200
-0.019080
-0.019624
-0.020084
-0.020412
-0.019876
-0.018116
-0.016776
-0.017796
-0.020396
-0.023168
-0.025376
-0.026528
-0.026632
-0.025544
-0.022468
-0.018424
-0.015804
-0.015196
-0.014484
-0.011832
-0.009224
-0.008808
-0.010148
-0.011164
-0.009716
-0.006400
-0.003896
-0.003624
-0.005324
-0.007080
-0.007224
-0.006020
-0.004948
-0.005528
-0.007332
-0.009468
-0.010852
-0.011392
-0.011912
-0.011400
-0.009268
-0.006408
-0.004216
-0.003980
-0.004360
-0.002500
0.002152
0.006996
0.008760
0.007584
0.005296
0.003344
0.003988
0.006852
0.007876
0.005692
0.002404
0.000004
-0.000604
-0.000464
-0.000500
-0.000676
-0.001456
-0.001252
0.000236
0.001064
0.001404
0.001684
0.002204
0.001868
-0.000288
-0.002424
-0.003584
-0.004332
-0.005004
-0.005628
-0.006044
-0.006440
-0.005832
-0.004360
-0.002736
-0.000184
0.001896
0.002188
0.000456
-0.002088
-0.002772
-0.001524
-0.000464
-0.001840
-0.004916
-0.007236
-0.007964
-0.007388
-0.006280
-0.004076
-0.000888
0.001420
0.001672
0.000124
-0.000788
0.000420
0.002012
0.002984
0.003020
0.002272
0.002692
0.004680
0.006676
0.007268
0.006656
0.006864
0.008452
0.009544
0.009068
0.007840
0.006636
0.007692
0.011220
0.013692
0.013352
0.010260
0.007508
0.007824
0.010340
0.013132
0.013764
0.012796
0.012444
0.012652
0.012736
0.011688
0.009748
0.008940
0.009736
0.010096
0.009360
0.008628
0.007684
0.006720
0.005928
0.006204
0.008408
0.010368
0.010144
0.008752
0.007780
0.007408
0.007452
0.007940
0.009216
0.011440
0.014676
0.018156
0.020672
0.022408
0.023680
0.023572
0.021588
0.019456
0.017744
0.016764
0.016384
0.014732
0.011984
0.009592
0.009100
0.010112
0.010564
0.010112
0.008820
0.007552
0.007512
0.007256
0.005700
0.003108
-0.000452
-0.003484
-0.004604
-0.004536
-0.004192
-0.004468
-0.005124
-0.004856
-0.004012
-0.004232
-0.006356
-0.009916
-0.012876
-0.012692
-0.009792
-0.005312
-0.000304
0.002528
0.002636
0.002068
0.001628
0.000364
-0.002940
-0.007572
-0.010428
-0.009388
-0.006240
-0.003640
-0.001836
-0.000008
0.000744
0.001360
-0.000456
-0.003220
-0.004956
-0.005820
-0.005892
-0.004572
-0.002408
-0.000560
0.000236
0.000328
0.000372
-0.000160
-0.001684
-0.003572
-0.005224
-0.006352
-0.006756
-0.005652
-0.004232
-0.004348
-0.005364
-0.005524
-0.003244
0.000484
0.003164
0.003068
0.001092
0.000368
0.002316
0.005992
0.008680
0.008352
0.006212
0.003960
0.001844
-0.000508
-0.002588
-0.002796
-0.001032
0.001356
0.003292
0.003152
0.000900
-0.000968
-0.001356
-0.001268
-0.001464
-0.001976
-0.002724
-0.003280
-0.003544
-0.003420
-0.002776
-0.002708
-0.004524
-0.007708
-0.009980
-0.010792
-0.010980
-0.009896
-0.006192
-0.001196
0.000860
-0.001248
-0.004648
-0.005832
-0.005024
-0.005468
-0.007100
-0.007712
-0.006260
-0.003544
-0.001552
-0.001036
-0.001404
-0.002216
-0.002560
-0.001864
-0.001284
-0.001432
-0.001692
-0.001984
-0.001944
-0.001588
-0.001292
-0.000152
0.001348
0.002088
0.002556
0.003048
0.003272
0.002864
0.001916
0.002144
0.004088
0.006024
0.007076
0.007804
0.008784
0.009184
0.008064
0.006564
0.006364
0.007888
0.010204
0.012956
0.015296
0.015356
0.014436
0.014340
0.014628
0.014052
0.012268
0.010668
0.010820
0.012928
0.014236
0.013632
0.013620
0.014460
0.015020
0.014728
0.013180
0.011392
0.009680
0.007744
0.006776
0.007084
0.007764
0.008304
0.008784
0.009800
0.010360
0.008964
0.006212
0.003824
0.002388
0.001632
0.001684
0.002744
0.004472
0.006016
0.006744
0.006624
0.006336
0.005924
0.005052
0.004276
0.004496
0.005168
0.004612
0.002720
0.000248
-0.001556
-0.001548
-0.000720
-0.000072
0.000252
0.000116
0.000468
0.001120
0.000804
0.000004
0.000256
0.002008
0.004048
0.005356
0.005672
0.004752
0.003564
0.003668
0.005488
0.008020
0.009552
0.009800
0.009188
0.008920
0.009828
0.011160
0.011896
0.012068
0.012448
0.012328
0.010920
0.009280
0.009352
0.010660
0.011388
0.011140
0.009500
0.006524
0.003672
0.001948
0.001140
0.000696
0.000180
-0.000864
-0.002152
-0.002656
-0.002964
-0.003916
-0.005064
-0.005512
-0.004296
-0.002392
-0.002072
-0.003084
-0.003860
-0.003848
-0.003304
-0.003348
-0.004104
-0.004976
-0.005252
-0.004676
-0.003832
-0.002612
-0.001248
-0.000052
0.001220
0.002408
0.003252
0.003628
0.003384
0.002808
0.002264
0.001884
0.002472
0.003744
0.004312
0.004216
0.004024
0.004380
0.005284
0.005804
0.005804
0.005048
0.004032
0.004152
0.004564
0.003692
0.001428
-0.001468
-0.003452
-0.004084
-0.004036
-0.003296
-0.002120
-0.001280
-0.001124
-0.001660
-0.002884
-0.003768
-0.003384
-0.002812
-0.003544
-0.004772
-0.004796
-0.003904
-0.003168
-0.003352
-0.004356
-0.005124
-0.004980
-0.003884
-0.002280
-0.001168
-0.000768
-0.000408
0.000412
0.001096
0.001196
0.001092
0.000836
0.000444
-0.000456
-0.001548
-0.001708
-0.001512
-0.002324
-0.004416
-0.007404
-0.009872
-0.010836
-0.011120
-0.011528
-0.012624
-0.014460
-0.015524
-0.014720
-0.012584
-0.010956
-0.011184
-0.012256
-0.012344
-0.011008
-0.009480
-0.008512
-0.008192
-0.008224
-0.008056
-0.007844
-0.007048
-0.005616
-0.004128
-0.002600
-0.001444
-0.001076
-0.001820
-0.003096
-0.003812
-0.003708
-0.003136
-0.002668
-0.002936
-0.003632
-0.003332
-0.002460
-0.002396
-0.003000
-0.003552
-0.003316
-0.002656
-0.002356
-0.002796
-0.004312
-0.006636
-0.008908
-0.010352
-0.011748
-0.013388
-0.014320
-0.014776
-0.015076
-0.015424
-0.015832
-0.015916
-0.015556
-0.014776
-0.013516
-0.012476
-0.012268
-0.012500
-0.012692
-0.012828
-0.013404
-0.013816
-0.013684
-0.012784
-0.011028
-0.009224
-0.007976
-0.007592
-0.007500
-0.006804
-0.005800
-0.005584
-0.005760
-0.005720
-0.006132
-0.006792
-0.007004
-0.007048
-0.007212
-0.007112
-0.006568
-0.005920
-0.005100
-0.004444
-0.004644
-0.005796
-0.006844
-0.006608
-0.005972
-0.005564
-0.005124
-0.004260
-0.002464
-0.000680
-0.000052
-0.000676
-0.001800
-0.002552
-0.002920
-0.002728
-0.001872
-0.000760
0.000068
0.000644
0.001236
0.001768
0.002492
0.003144
0.003252
0.002540
0.001292
0.000500
0.000584
0.000968
0.001056
0.000904
0.000876
0.001220
0.002036
0.002928
0.003424
0.003432
0.002932
0.002396
0.002380
0.002480
0.001956
0.001112
0.000736
0.001076
0.001832
0.002472
0.002812
0.002820
0.002616
0.002412
0.002156
0.001784
0.001640
0.002048
0.003244
0.004724
0.005252
0.004940
0.004488
0.004216
0.004256
0.004408
0.004688
0.005180
0.005716
0.005988
0.005816
0.005548
0.005348
0.005032
0.004656
0.004324
0.004164
0.004284
0.004732
0.005640
0.006852
0.007796
0.008128
0.008008
0.007700
0.007480
0.007380
0.007300
0.007312
0.007432
0.007576
0.007692
0.007864
0.008300
0.008792
0.008756
0.008240
0.007712
0.007396
0.007656
0.008208
0.008612
0.008644
0.008160
0.007632
0.007352
0.007256
0.007348
0.007532
0.007696
0.007832
0.007872
0.007636
0.007044
0.006260
0.005848
0.005916
0.005996
0.005940
0.006036
0.006548
0.007040
0.006928
0.006344
0.005776
0.005392
0.005164
0.005116
0.005236
0.005416
0.005472
0.005388
0.005192
0.005072
0.005084
0.005072
0.004984
0.004820
0.004800
0.004884
0.004860
0.004684
0.004440
0.004412
0.004696
0.005216
0.005536
0.005312
0.004732
0.004012
0.003560
0.003720
0.004208
0.004552
0.004380
0.003896
0.003632
0.003636
0.003700
0.003668
0.003476
0.003360
0.003564
0.003972
0.004288
0.004376
0.004296
0.004240
0.004216
0.004148
0.004144
0.004192
0.004252
0.004224
0.004108
0.004044
0.004056
0.004112
0.004148
0.004164
0.004192
0.004124
0.003860
0.003504
0.003288
0.003312
0.003416
0.003468
0.003556
0.003688
0.003728
0.003564
0.003180
0.002760
0.002504
0.002364
0.002304
0.002328
0.002332
0.002312
0.002372
0.002312
0.002012
0.001728
0.001580
0.001500
0.001456
0.001372
0.001268
0.001240
0.001204
0.001140
0.001132
0.001236
0.001344
0.001312
0.001248
0.001196
0.001144
0.001048
0.000868
0.000744
0.000676
0.000628
0.000656
0.000708
0.000748
0.000748
0.000704
0.000676
0.000720
0.000868
0.001044
0.001124
0.001084
0.000956
0.000824
0.000724
0.000656
0.000636
0.000672
0.000732
0.000740
0.000688
0.000648
0.000596
0.000524
0.000400
0.000236
0.000144
0.000140
0.000164
0.000156
0.000096
0.000044
0.000024
-0.000036
-0.000124
-0.000200
-0.000248
-0.000248
-0.000240
-0.000292
-0.000360
-0.000388
-0.000396
-0.000400
-0.000436
-0.000520
-0.000608
-0.000652
-0.000648
-0.000652
-0.000700
-0.000772
-0.000836
-0.000884
-0.000908
-0.000916
-0.000936
-0.000952
-0.000980
-0.001008
-0.001016
-0.001024
-0.001040
-0.001052
-0.001068
-0.001104
-0.001128
-0.001152
-0.001168
-0.001156
-0.001144
-0.001148
-0.001168
-0.001184
-0.001192
-0.001196
-0.001200
-0.001212
-0.001228
-0.001244
-0.001248
-0.001244
-0.001244
-0.001248
-0.001240
-0.001244
-0.001252
-0.001256
-0.001260
-0.001264
-0.001260
-0.001256
-0.001268
-0.001288
-0.001296
-0.001300
-0.001300
-0.001304
-0.001308
-0.001304
-0.001304
-0.001308
-0.001312
-0.001312
-0.001312
-0.001312
-0.001316
-0.001332
-0.001348
-0.001356
-0.001332
-0.001280
-0.001228
-0.001208
-0.001236
-0.001304
-0.001368
-0.001388
-0.001360
-0.001312
-0.001276
-0.001284
-0.001320
-0.001348
-0.001348
-0.001328
-0.001312
-0.001312
-0.001324
-0.001328
-0.001328
-0.001324
-0.001328
-0.001328
-0.001328
-0.001328
-0.001328
-0.001328
-0.001328
-0.001328
-0.001328
-0.001328
-0.001328
-0.001328
-0.001328
-0.001328
-0.001328
-0.001324
-0.001324
-0.001324
-0.001324
-0.001324
-0.001320
-0.001320
-0.001320
-0.001320
-0.001316
-0.001316
-0.001316
