0.004244
0.004412
0.004600
0.004560
0.004544
0.004580
0.004684
0.004776
0.004760
0.004584
0.004224
0.003732
0.003184
0.002732
0.002588
0.002876
0.003644
0.004856
0.006440
0.008388
0.010684
0.013240
0.015924
0.018592
0.021084
0.023196
0.024392
0.024412
0.023428
0.021008
0.017120
0.012520
0.007148
0.000880
-0.005168
-0.009692
-0.012380
-0.013092
-0.011304
-0.007476
-0.003168
-0.000164
0.000768
0.000508
0.000548
0.002256
0.006056
0.010388
0.013464
0.014868
0.014196
0.011584
0.008816
0.006744
0.005040
0.003712
0.001268
-0.004004
-0.011484
-0.021340
-0.034020
-0.047164
-0.059620
-0.071496
-0.080716
-0.086516
-0.090512
-0.094564
-0.101444
-0.113876
-0.129512
-0.143284
-0.153432
-0.158584
-0.157096
-0.150724
-0.141332
-0.125960
-0.103652
-0.077700
-0.037412
0.031028
0.111116
0.178032
0.232572
0.283808
0.330808
0.367524
0.386108
0.384020
0.364672
0.325524
0.261208
0.177548
0.079228
-0.034912
-0.141112
-0.209924
-0.244228
-0.251332
-0.221428
-0.153168
-0.067824
0.006976
0.062164
0.113436
0.175660
0.245172
0.310704
0.364676
0.401436
0.416060
0.407632
0.373216
0.305092
0.207172
0.102776
0.012624
-0.059308
-0.108364
-0.120076
-0.091496
-0.044040
-0.006812
-0.002912
-0.040836
-0.100752
-0.151240
-0.183328
-0.201896
-0.207692
-0.208992
-0.213168
-0.211584
-0.197904
-0.173484
-0.139500
-0.101216
-0.061092
-0.014788
0.045040
0.125204
0.212648
0.273444
0.292260
0.281860
0.245028
0.174364
0.085820
0.015820
-0.017472
-0.028580
-0.039612
-0.061224
-0.092044
-0.126960
-0.159532
-0.186132
-0.208524
-0.226264
-0.237364
-0.237220
-0.227204
-0.218804
-0.217776
-0.230620
-0.256596
-0.270548
-0.262972
-0.256960
-0.268176
-0.289168
-0.301860
-0.292844
-0.258800
-0.201768
-0.128228
-0.047060
0.033004
0.108180
0.179140
0.243268
0.293732
0.326552
0.342132
0.334696
0.303856
0.263140
0.219468
0.169084
0.111048
0.061240
0.027600
-0.002616
-0.029372
-0.049452
-0.067744
-0.084448
-0.099492
-0.107612
-0.095140
-0.063872
-0.034820
-0.017176
-0.002804
0.008020
0.003156
-0.023248
-0.066952
-0.119652
-0.171052
-0.207496
-0.215804
-0.186344
-0.113336
-0.002508
0.136116
0.297204
0.452736
0.553188
0.609100
0.683692
0.779824
0.851576
0.874500
0.832636
0.719484
0.557884
0.365916
0.139912
-0.104564
-0.320952
-0.471320
-0.543064
-0.536288
-0.463488
-0.356024
-0.262764
-0.239528
-0.306420
-0.426052
-0.564908
-0.716808
-0.853604
-0.946160
-1.006148
-1.045592
-1.054808
-1.031768
-0.994116
-0.964444
-0.963436
-0.998212
-1.035724
-1.013876
-0.882308
-0.634876
-0.285584
0.142204
0.547120
0.798832
0.876228
0.840444
0.731944
0.577528
0.433564
0.318632
0.176488
0.005388
-0.137340
-0.253424
-0.367592
-0.467852
-0.536696
-0.553324
-0.464180
-0.237852
0.096256
0.458128
0.825148
1.211428
1.483060
1.551276
1.473088
1.258944
0.904624
0.503252
0.092912
-0.322812
-0.643112
-0.875608
-1.077696
-1.199552
-1.146076
-0.832188
-0.281604
0.361148
0.935748
1.269816
1.267988
1.055584
0.836656
0.741456
0.799664
0.924524
0.983776
0.895756
0.647020
0.297248
-0.043140
-0.282444
-0.378612
-0.361764
-0.303392
-0.220588
-0.070084
0.205028
0.563972
0.858832
0.987340
0.921248
0.733764
0.515140
0.269644
0.050112
-0.130520
-0.376948
-0.667248
-0.890852
-1.027780
-1.099804
-1.116740
-1.080952
-0.984152
-0.810840
-0.568012
-0.300284
-0.076344
0.035004
0.000960
-0.135248
-0.295260
-0.422144
-0.477480
-0.445652
-0.340704
-0.185976
-0.016368
0.118532
0.222704
0.344052
0.484696
0.621964
0.757072
0.878544
0.948064
0.942728
0.855400
0.691388
0.473848
0.234108
0.024228
-0.132188
-0.271564
-0.409212
-0.508624
-0.547388
-0.553040
-0.562472
-0.584888
-0.608780
-0.619340
-0.593156
-0.505700
-0.363216
-0.199512
-0.052584
0.065004
0.166360
0.250640
0.309692
0.342472
0.329904
0.242564
0.076440
-0.132968
-0.330988
-0.498248
-0.633080
-0.714660
-0.742068
-0.714716
-0.615300
-0.456608
-0.290988
-0.169208
-0.076732
0.043696
0.198748
0.339408
0.420064
0.447456
0.472532
0.520468
0.574544
0.601768
0.564420
0.448664
0.275408
0.090208
-0.078908
-0.227520
-0.330588
-0.381412
-0.397344
-0.367956
-0.279604
-0.143304
0.025680
0.183896
0.250196
0.189172
0.034924
-0.182312
-0.432972
-0.622208
-0.665448
-0.588916
-0.442412
-0.234044
0.010340
0.212096
0.289668
0.228504
0.073300
-0.079304
-0.133100
-0.066852
0.119756
0.393760
0.650540
0.795868
0.796400
0.690336
0.542728
0.390392
0.250224
0.132164
0.065228
0.084080
0.165984
0.254868
0.321996
0.331216
0.236812
0.042220
-0.195152
-0.407896
-0.569336
-0.673216
-0.721876
-0.738464
-0.715856
-0.630084
-0.487360
-0.313136
-0.147304
-0.016920
0.085684
0.164372
0.203488
0.190484
0.145900
0.126108
0.173112
0.284188
0.420344
0.525828
0.559140
0.511492
0.410248
0.299492
0.222076
0.219196
0.303616
0.443900
0.570792
0.612060
0.555472
0.438364
0.286268
0.124228
0.010148
-0.027612
-0.035272
-0.053988
-0.070092
-0.071372
-0.068452
-0.064316
-0.069152
-0.101080
-0.151488
-0.200292
-0.228972
-0.214884
-0.166372
-0.121376
-0.095784
-0.096944
-0.147704
-0.245592
-0.354156
-0.437804
-0.475916
-0.454916
-0.368428
-0.236636
-0.095132
0.023304
0.090504
0.110880
0.117012
0.136392
0.182064
0.248204
0.315568
0.350688
0.317896
0.221764
0.101132
-0.018204
-0.128904
-0.221460
-0.284920
-0.305108
-0.269788
-0.191932
-0.098324
-0.011904
0.047668
0.076840
0.092252
0.111208
0.136232
0.161768
0.173756
0.151532
0.091620
0.006396
-0.089736
-0.177468
-0.238288
-0.265336
-0.258560
-0.222832
-0.180184
-0.156668
-0.153740
-0.159052
-0.164316
-0.151124
-0.090456
0.023028
0.155040
0.273000
0.361568
0.399800
0.381808
0.320156
0.224648
0.114212
0.010368
-0.082372
-0.160272
-0.207700
-0.216352
-0.196236
-0.160368
-0.119012
-0.076956
-0.023932
0.056892
0.170424
0.291624
0.390516
0.468816
0.526040
0.537112
0.498864
0.433788
0.351972
0.261540
0.169232
0.078836
0.003012
-0.061584
-0.120240
-0.157844
-0.169944
-0.159408
-0.119580
-0.051948
0.040912
0.148460
0.245700
0.326712
0.389372
0.416804
0.396620
0.332616
0.253804
0.187388
0.128828
0.078420
0.042828
0.008564
-0.027876
-0.057296
-0.077996
-0.092060
-0.103360
-0.116128
-0.129924
-0.142596
-0.157032
-0.166680
-0.154332
-0.120400
-0.083872
-0.059968
-0.051060
-0.058564
-0.081960
-0.114616
-0.151308
-0.180696
-0.200944
-0.220980
-0.233984
-0.232828
-0.220276
-0.197280
-0.162228
-0.107536
-0.039704
0.022184
0.080516
0.141004
0.200464
0.250868
0.289572
0.331940
0.377864
0.412528
0.431916
0.436348
0.428652
0.412040
0.393776
0.384388
0.376320
0.359708
0.341436
0.322296
0.295288
0.261020
0.227064
0.189576
0.135812
0.077732
0.032640
-0.001868
-0.030268
-0.049656
-0.055928
-0.059096
-0.068944
-0.079140
-0.082496
-0.077864
-0.066992
-0.054080
-0.043040
-0.035544
-0.033344
-0.034788
-0.036720
-0.043224
-0.060792
-0.091420
-0.136448
-0.194512
-0.257776
-0.318668
-0.373256
-0.421644
-0.459048
-0.476476
-0.479036
-0.474940
-0.462932
-0.440804
-0.410552
-0.379804
-0.352148
-0.325888
-0.311148
-0.323784
-0.359752
-0.409912
-0.473956
-0.533804
-0.569960
-0.577520
-0.548832
-0.490192
-0.417644
-0.334104
-0.247004
-0.170180
-0.096032
-0.003816
0.098416
0.186136
0.273540
0.388216
0.529860
0.693172
0.855468
0.953384
0.942296
0.858248
0.774176
0.705152
0.617976
0.514100
0.420236
0.349652
0.289828
0.173408
-0.032508
-0.282320
-0.562200
-0.808732
-0.954644
-1.081840
-1.225180
-1.330532
-1.398788
-1.452432
-1.492648
-1.493120
-1.385956
-1.043468
-0.453372
0.100120
0.374248
0.450648
0.488520
0.512492
0.480848
0.399164
0.317548
0.258920
0.213216
0.174520
0.140108
0.106804
0.072000
0.028664
-0.021116
-0.052088
-0.040332
-0.003192
0.023932
0.045288
0.078340
0.126232
0.193848
0.264924
0.322968
0.375288
0.412412
0.409472
0.363420
0.288812
0.203640
0.123432
0.037368
-0.068248
-0.192604
-0.335904
-0.477076
-0.599000
-0.708164
-0.788368
-0.812948
-0.787112
-0.730884
-0.653448
-0.548504
-0.419328
-0.292980
-0.172688
-0.040736
0.098636
0.236640
0.371792
0.493400
0.587612
0.655000
0.703160
0.725928
0.711784
0.678084
0.661532
0.673756
0.702860
0.734680
0.760624
0.772504
0.757536
0.720596
0.679336
0.630688
0.562064
0.475896
0.370396
0.251740
0.153340
0.079968
0.016116
-0.031988
-0.066164
-0.091352
-0.102504
-0.106660
-0.112448
-0.118164
-0.124376
-0.131504
-0.137180
-0.144580
-0.157244
-0.171004
-0.186304
-0.207740
-0.237512
-0.274832
-0.312032
-0.350012
-0.387824
-0.421280
-0.456084
-0.493584
-0.527948
-0.554548
-0.581108
-0.609108
-0.625680
-0.633416
-0.640276
-0.640824
-0.635220
-0.631420
-0.631324
-0.640024
-0.661340
-0.673680
-0.653616
-0.610880
-0.567968
-0.520268
-0.443360
-0.350264
-0.278520
-0.241108
-0.223092
-0.180092
-0.068504
0.116708
0.324768
0.497020
0.660356
0.873528
1.102808
1.255108
1.294760
1.256832
1.150236
0.939048
0.651356
0.394188
0.201992
0.023684
-0.130172
-0.177996
-0.074788
0.096836
0.233324
0.311500
0.324920
0.290544
0.234620
0.162164
0.076664
-0.017088
-0.128112
-0.256556
-0.362932
-0.440464
-0.518828
-0.585864
-0.615436
-0.609884
-0.587192
-0.558376
-0.521564
-0.472964
-0.413060
-0.333108
-0.224244
-0.104452
0.028116
0.209196
0.441172
0.697788
0.955216
1.155008
1.232952
1.200684
1.117284
1.010380
0.855636
0.642488
0.391360
0.108676
-0.176176
-0.389356
-0.448400
-0.317764
-0.084484
0.083412
0.116320
0.095144
0.105688
0.153828
0.193128
0.179864
0.118608
0.036416
-0.042036
-0.094536
-0.123584
-0.144384
-0.159864
-0.162256
-0.147656
-0.125240
-0.103112
-0.079396
-0.055244
-0.035152
-0.015960
-0.001140
0.005600
0.015420
0.031540
0.047972
0.060800
0.066916
0.072612
0.079896
0.077692
0.063988
0.043544
0.020396
0.002920
-0.013656
-0.040604
-0.073060
-0.108244
-0.145044
-0.177304
-0.206680
-0.229884
-0.239152
-0.241780
-0.248544
-0.252352
-0.242168
-0.222536
-0.200496
-0.175100
-0.148668
-0.126584
-0.104652
-0.070096
-0.016008
0.053532
0.133096
0.216220
0.297648
0.380668
0.461560
0.527800
0.576076
0.607756
0.615700
0.589296
0.533196
0.462020
0.381764
0.288192
0.164772
0.001352
-0.164884
-0.286076
-0.370344
-0.432320
-0.439748
-0.369252
-0.248144
-0.122680
-0.026000
0.038144
0.084984
0.121420
0.148000
0.159388
0.146236
0.113380
0.068924
0.013604
-0.040436
-0.081988
-0.117460
-0.153944
-0.191016
-0.220232
-0.234472
-0.228836
-0.196824
-0.147944
-0.094284
-0.036440
0.011756
0.033356
0.031260
0.012980
-0.011256
-0.026864
-0.026592
-0.010980
0.010328
0.029720
0.052088
0.072208
0.074520
0.061164
0.044328
0.029004
0.021368
0.032988
0.068520
0.122088
0.177512
0.218060
0.246168
0.264388
0.260316
0.237968
0.210420
0.169160
0.112556
0.053140
-0.004456
-0.057004
-0.104844
-0.147976
-0.186028
-0.222620
-0.252676
-0.276900
-0.302384
-0.318768
-0.314096
-0.294580
-0.268304
-0.239760
-0.217704
-0.196940
-0.168440
-0.145436
-0.136728
-0.133356
-0.131524
-0.135756
-0.147840
-0.160540
-0.168944
-0.176800
-0.184444
-0.184904
-0.173232
-0.155940
-0.140068
-0.122452
-0.099060
-0.079072
-0.070000
-0.059800
-0.043236
-0.031044
-0.026316
-0.023936
-0.024600
-0.028908
-0.030168
-0.025612
-0.017000
-0.005188
0.010828
0.029936
0.041856
0.043900
0.043860
0.041060
0.034760
0.026068
0.010248
-0.010736
-0.031100
-0.053684
-0.073276
-0.068652
-0.037488
-0.001184
0.032288
0.063448
0.087076
0.105176
0.118196
0.119156
0.111676
0.104748
0.098052
0.092992
0.097528
0.110776
0.125568
0.142196
0.158456
0.167940
0.172220
0.173608
0.174300
0.178948
0.183524
0.183640
0.184308
0.184604
0.180796
0.176868
0.175092
0.173088
0.169908
0.166288
0.160252
0.149872
0.137268
0.128624
0.128356
0.134820
0.148116
0.170116
0.194804
0.214196
0.231124
0.248772
0.260792
0.261796
0.254452
0.240612
0.217480
0.193816
0.174460
0.147496
0.116084
0.092744
0.072664
0.043480
0.008456
-0.021984
-0.048940
-0.071264
-0.093776
-0.124316
-0.151028
-0.166472
-0.177324
-0.189144
-0.201428
-0.207448
-0.205824
-0.204312
-0.206404
-0.206340
-0.201748
-0.199544
-0.201964
-0.201772
-0.196348
-0.193060
-0.195468
-0.196220
-0.190076
-0.180480
-0.168844
-0.151148
-0.126108
-0.094616
-0.062544
-0.041868
-0.030908
-0.022076
-0.023792
-0.037748
-0.049936
-0.055432
-0.056532
-0.055004
-0.054468
-0.052140
-0.046940
-0.047784
-0.053988
-0.058672
-0.066756
-0.080504
-0.093120
-0.103660
-0.113636
-0.117724
-0.114564
-0.110632
-0.109364
-0.107756
-0.102060
-0.097936
-0.102356
-0.108356
-0.110600
-0.117328
-0.128548
-0.134912
-0.137356
-0.140644
-0.147664
-0.157904
-0.161768
-0.155404
-0.144900
-0.133680
-0.122620
-0.109456
-0.096024
-0.092528
-0.094648
-0.088488
-0.077552
-0.068676
-0.055928
-0.038992
-0.024364
-0.011176
0.003536
0.016780
0.025240
0.032720
0.040308
0.043636
0.046456
0.054228
0.060744
0.061672
0.062632
0.068364
0.076452
0.084208
0.096672
0.114112
0.127516
0.136208
0.147112
0.158756
0.165480
0.169632
0.175648
0.182756
0.186360
0.182692
0.179960
0.184796
0.186560
0.179508
0.168116
0.155688
0.142316
0.122132
0.095624
0.069644
0.045420
0.024176
0.003256
-0.019896
-0.034796
-0.036480
-0.034980
-0.036860
-0.039700
-0.040324
-0.040080
-0.044792
-0.056336
-0.065636
-0.064080
-0.056120
-0.048240
-0.036836
-0.021920
-0.012120
-0.007120
0.000780
0.008380
0.008732
0.008344
0.010608
0.011920
0.013616
0.011800
0.006620
0.006300
0.009116
0.011680
0.017124
0.021772
0.020264
0.020148
0.028012
0.034764
0.035304
0.036396
0.038100
0.037672
0.037420
0.038076
0.038272
0.037732
0.037492
0.039856
0.044392
0.045692
0.043452
0.042860
0.042384
0.038828
0.035004
0.033508
0.038496
0.053296
0.072988
0.088176
0.093196
0.094696
0.100584
0.103952
0.097848
0.089232
0.083856
0.076376
0.064716
0.055184
0.047456
0.034568
0.017356
0.000892
-0.015816
-0.033296
-0.052780
-0.076652
-0.096360
-0.109884
-0.128940
-0.150404
-0.161768
-0.163616
-0.161632
-0.155396
-0.143680
-0.131200
-0.121412
-0.114284
-0.109824
-0.102596
-0.088432
-0.073720
-0.065312
-0.059452
-0.055168
-0.058024
-0.060876
-0.060040
-0.064460
-0.070664
-0.072024
-0.073236
-0.075160
-0.075008
-0.072828
-0.067360
-0.060108
-0.056404
-0.055860
-0.053456
-0.049216
-0.043984
-0.035460
-0.023728
-0.014008
-0.007880
0.000472
0.008604
0.010548
0.010524
0.008324
0.002544
-0.000012
-0.001760
-0.007508
-0.010300
-0.007924
-0.006932
-0.008596
-0.009504
-0.009024
-0.008864
-0.008252
-0.004872
-0.001008
0.001960
0.008116
0.017820
0.026676
0.034256
0.042552
0.052316
0.064396
0.074156
0.078888
0.085720
0.093460
0.093444
0.087888
0.080084
0.068424
0.055968
0.045296
0.034380
0.024624
0.019124
0.012116
-0.001720
-0.014040
-0.019688
-0.025724
-0.035592
-0.048012
-0.059232
-0.064892
-0.066836
-0.067672
-0.066240
-0.059252
-0.046480
-0.034228
-0.025636
-0.015668
-0.003628
0.005544
0.013460
0.020580
0.021452
0.018812
0.019460
0.021900
0.022104
0.021816
0.027000
0.037712
0.043228
0.038548
0.031512
0.025912
0.017560
0.004428
-0.012612
-0.030044
-0.039284
-0.040328
-0.043536
-0.046480
-0.039992
-0.028216
-0.019460
-0.013068
-0.004908
0.005504
0.017200
0.027284
0.039184
0.059472
0.083268
0.103620
0.117560
0.129232
0.142628
0.153276
0.161344
0.168424
0.169400
0.161952
0.152088
0.145156
0.141100
0.134992
0.122324
0.107492
0.097764
0.093740
0.089696
0.082356
0.074544
0.070280
0.069028
0.068052
0.069480
0.073340
0.078936
0.086944
0.094376
0.103716
0.115696
0.125004
0.129808
0.129760
0.128256
0.129616
0.130720
0.127344
0.122652
0.119976
0.119020
0.119232
0.114892
0.103284
0.092592
0.084772
0.074748
0.065696
0.059256
0.053672
0.050020
0.045264
0.040108
0.037384
0.035408
0.034852
0.035888
0.038948
0.045376
0.051740
0.055940
0.058560
0.060728
0.064132
0.067860
0.070756
0.071232
0.067632
0.058724
0.045724
0.033592
0.024344
0.015168
0.003252
-0.010076
-0.022224
-0.033460
-0.045276
-0.055796
-0.061748
-0.068016
-0.077112
-0.083004
-0.088548
-0.097228
-0.102444
-0.102908
-0.105052
-0.108464
-0.108628
-0.106092
-0.102596
-0.099620
-0.097148
-0.095240
-0.096544
-0.101040
-0.103396
-0.102252
-0.104252
-0.108512
-0.108392
-0.105552
-0.101392
-0.095828
-0.093200
-0.091604
-0.085724
-0.078468
-0.072272
-0.064256
-0.057600
-0.055652
-0.051472
-0.043032
-0.036004
-0.030928
-0.025420
-0.019772
-0.016480
-0.016808
-0.022556
-0.035164
-0.048776
-0.063532
-0.084700
-0.105108
-0.118152
-0.125168
-0.127624
-0.128048
-0.127224
-0.122576
-0.117204
-0.119224
-0.127940
-0.135056
-0.140552
-0.149032
-0.155160
-0.154436
-0.151568
-0.146628
-0.135420
-0.123220
-0.114880
-0.103012
-0.088308
-0.081368
-0.079228
-0.074384
-0.070696
-0.071668
-0.072052
-0.066724
-0.058516
-0.051596
-0.043664
-0.034800
-0.030004
-0.029764
-0.031020
-0.033888
-0.039112
-0.043060
-0.047100
-0.053472
-0.057152
-0.057900
-0.057672
-0.054292
-0.047632
-0.041684
-0.040116
-0.041660
-0.042300
-0.045512
-0.053032
-0.059380
-0.066364
-0.071412
-0.069500
-0.069320
-0.073556
-0.072612
-0.066544
-0.062884
-0.061768
-0.059500
-0.055844
-0.052376
-0.051392
-0.052740
-0.052888
-0.053372
-0.055832
-0.054172
-0.050832
-0.056516
-0.064132
-0.062052
-0.059432
-0.063316
-0.063036
-0.054164
-0.047668
-0.046896
-0.042488
-0.034724
-0.032668
-0.034848
-0.031364
-0.021888
-0.014548
-0.010528
-0.005820
0.000040
0.005836
0.011816
0.018172
0.023908
0.026420
0.025364
0.024612
0.026128
0.030332
0.037124
0.043464
0.048176
0.053008
0.058640
0.060220
0.057644
0.057340
0.054432
0.048544
0.048688
0.051780
0.049176
0.043016
0.042124
0.045192
0.043524
0.037636
0.033940
0.032480
0.030200
0.026976
0.023736
0.020632
0.019496
0.020600
0.022800
0.026112
0.026988
0.026356
0.029684
0.034604
0.037508
0.038484
0.036168
0.031828
0.027828
0.022568
0.016348
0.009160
0.002204
0.001216
0.003784
0.004392
0.006008
0.008688
0.008128
0.006552
0.006860
0.008452
0.012972
0.019904
0.025640
0.032528
0.042564
0.052200
0.059584
0.065556
0.073464
0.080992
0.083360
0.084076
0.085000
0.085196
0.085492
0.083568
0.079292
0.073560
0.064296
0.056668
0.055576
0.054992
0.050968
0.049040
0.048248
0.041624
0.032912
0.030060
0.032648
0.034104
0.032312
0.030732
0.032636
0.039104
0.046968
0.050564
0.048908
0.047460
0.047004
0.042360
0.034816
0.027876
0.018800
0.007540
-0.000168
-0.002696
-0.003020
-0.001900
0.002292
0.010304
0.021552
0.032504
0.040024
0.047496
0.056236
0.061196
0.062056
0.063328
0.064392
0.065232
0.067892
0.068728
0.067188
0.066692
0.068040
0.072832
0.079408
0.081908
0.083180
0.089808
0.098220
0.103452
0.107200
0.109852
0.109436
0.109116
0.113228
0.118000
0.117488
0.114832
0.115220
0.116828
0.116932
0.116300
0.116040
0.116280
0.116544
0.114100
0.111836
0.115664
0.121252
0.123628
0.125148
0.127944
0.128916
0.125204
0.118452
0.112040
0.105052
0.096452
0.088816
0.078820
0.066708
0.059808
0.058348
0.060456
0.062708
0.059028
0.052828
0.048340
0.041280
0.030936
0.023564
0.021832
0.020920
0.016800
0.013712
0.014960
0.016272
0.013884
0.009152
0.005760
0.003976
0.001468
-0.002100
-0.002168
0.001752
0.002020
0.001072
0.002644
0.000312
-0.005816
-0.011948
-0.017444
-0.023600
-0.031808
-0.038476
-0.043028
-0.048820
-0.055876
-0.061816
-0.063300
-0.061852
-0.064400
-0.070232
-0.073596
-0.074608
-0.074424
-0.074204
-0.074496
-0.071336
-0.064052
-0.060340
-0.062832
-0.065032
-0.066200
-0.068576
-0.071296
-0.074320
-0.075128
-0.073640
-0.071188
-0.065376
-0.058152
-0.055144
-0.057104
-0.060892
-0.063692
-0.066932
-0.074996
-0.083816
-0.086620
-0.085112
-0.084340
-0.085656
-0.086816
-0.088400
-0.089788
-0.088708
-0.091708
-0.099124
-0.100236
-0.096860
-0.094316
-0.087260
-0.076108
-0.067336
-0.060224
-0.052784
-0.049484
-0.052700
-0.058180
-0.064624
-0.074540
-0.085580
-0.091444
-0.091024
-0.088500
-0.086124
-0.084336
-0.081452
-0.074892
-0.067320
-0.062708
-0.060980
-0.058896
-0.054988
-0.051268
-0.048604
-0.042836
-0.032968
-0.028912
-0.032804
-0.034480
-0.032180
-0.033876
-0.041908
-0.049152
-0.050704
-0.051148
-0.054672
-0.059064
-0.061880
-0.061576
-0.060148
-0.060608
-0.059268
-0.054616
-0.050848
-0.051288
-0.055484
-0.057020
-0.056708
-0.060104
-0.064324
-0.064436
-0.062404
-0.064964
-0.068296
-0.066880
-0.067128
-0.074032
-0.080708
-0.079956
-0.076796
-0.075524
-0.071500
-0.066172
-0.062332
-0.056520
-0.053260
-0.055800
-0.057116
-0.055176
-0.053820
-0.056108
-0.059112
-0.058384
-0.058836
-0.060000
-0.055896
-0.052792
-0.053956
-0.050660
-0.043192
-0.040316
-0.037404
-0.026648
-0.016188
-0.012544
-0.009068
-0.001948
0.005612
0.009928
0.012488
0.019976
0.030292
0.034600
0.034288
0.037960
0.045228
0.048876
0.048896
0.048116
0.048856
0.053196
0.057912
0.059076
0.058280
0.061108
0.065704
0.064524
0.058600
0.055724
0.058136
0.060044
0.058832
0.057856
0.057328
0.054172
0.050604
0.048284
0.042808
0.035620
0.033516
0.035480
0.033456
0.027936
0.027100
0.029564
0.026808
0.018196
0.010552
0.006404
0.001464
-0.007572
-0.015188
-0.016788
-0.017156
-0.018424
-0.021448
-0.025736
-0.026168
-0.026408
-0.030636
-0.032608
-0.030668
-0.027404
-0.023880
-0.021464
-0.017124
-0.009848
-0.003568
0.001372
0.007264
0.013864
0.017444
0.016212
0.017052
0.022768
0.027148
0.028804
0.030900
0.036672
0.042168
0.041324
0.038784
0.037148
0.031916
0.026920
0.028224
0.030852
0.029852
0.028104
0.028124
0.028756
0.028828
0.028656
0.028668
0.026792
0.024448
0.025140
0.026272
0.029540
0.035504
0.038328
0.039236
0.040260
0.040136
0.038068
0.036420
0.037744
0.038836
0.041820
0.047580
0.050320
0.053396
0.056936
0.055860
0.054416
0.053784
0.054644
0.059640
0.061948
0.060952
0.065608
0.074876
0.079700
0.077828
0.073872
0.069292
0.063488
0.058088
0.053112
0.045256
0.036704
0.032552
0.028108
0.023568
0.023476
0.020196
0.010984
0.003728
-0.000240
-0.005364
-0.010632
-0.013136
-0.015448
-0.017984
-0.017892
-0.016976
-0.017472
-0.018172
-0.018140
-0.017872
-0.017636
-0.018976
-0.023040
-0.027064
-0.029452
-0.030252
-0.029548
-0.029624
-0.029452
-0.024652
-0.016720
-0.010828
-0.005032
0.003264
0.006816
0.005384
0.006868
0.008836
0.008676
0.008076
0.009640
0.016880
0.025060
0.029652
0.033968
0.040168
0.046820
0.053056
0.058056
0.060276
0.063096
0.070340
0.078248
0.084180
0.087980
0.086152
0.080780
0.077896
0.077908
0.079068
0.079732
0.078272
0.074120
0.070920
0.072500
0.073668
0.069112
0.064652
0.066144
0.067948
0.064172
0.059184
0.056756
0.055372
0.055100
0.052500
0.045272
0.040688
0.039816
0.034804
0.026408
0.020012
0.015684
0.012840
0.010888
0.010912
0.014612
0.018652
0.019976
0.019548
0.021304
0.022972
0.019296
0.014236
0.012624
0.013372
0.011360
0.006476
0.003124
0.001500
0.001476
0.002116
0.001808
0.001112
-0.001396
-0.003156
-0.001588
-0.003016
-0.008304
-0.011792
-0.013384
-0.018072
-0.023428
-0.022932
-0.022836
-0.027952
-0.030284
-0.027984
-0.024676
-0.019036
-0.014636
-0.016244
-0.018788
-0.015416
-0.007052
-0.001932
-0.004200
-0.007220
-0.006004
-0.003912
-0.006472
-0.013948
-0.016408
-0.012312
-0.013260
-0.017420
-0.019432
-0.022184
-0.025476
-0.028188
-0.030580
-0.033300
-0.036356
-0.041388
-0.046864
-0.047156
-0.044592
-0.044728
-0.046420
-0.046840
-0.046400
-0.044312
-0.040176
-0.038756
-0.040948
-0.039904
-0.034480
-0.030456
-0.028828
-0.026684
-0.021412
-0.013744
-0.009248
-0.008384
-0.007924
-0.009740
-0.011776
-0.010212
-0.010464
-0.017272
-0.023784
-0.024776
-0.027640
-0.033900
-0.035204
-0.034328
-0.038244
-0.043396
-0.046088
-0.046320
-0.045180
-0.046888
-0.051960
-0.053908
-0.051696
-0.050912
-0.052056
-0.054240
-0.057976
-0.059304
-0.059340
-0.063140
-0.066004
-0.064504
-0.061524
-0.056432
-0.051540
-0.050256
-0.047064
-0.041108
-0.038068
-0.034692
-0.027416
-0.020260
-0.015020
-0.011572
-0.009540
-0.006756
-0.002960
0.000700
0.001660
-0.000092
0.001556
0.007212
0.009172
0.006412
0.005188
0.006600
0.009356
0.011292
0.006576
-0.000824
-0.002352
-0.003776
-0.011472
-0.018120
-0.018796
-0.021184
-0.029568
-0.036200
-0.037052
-0.038512
-0.041788
-0.040092
-0.032656
-0.027576
-0.027468
-0.024084
-0.017372
-0.014520
-0.011520
-0.005904
-0.002712
-0.002928
-0.005756
-0.007508
-0.005708
-0.006724
-0.014348
-0.020112
-0.017972
-0.014960
-0.016228
-0.018220
-0.018148
-0.015132
-0.010848
-0.010220
-0.010132
-0.008388
-0.008448
-0.008948
-0.010796
-0.012320
-0.008404
-0.003184
-0.003616
-0.006612
-0.006472
-0.004856
-0.004600
-0.005024
-0.005524
-0.008256
-0.011808
-0.011572
-0.009560
-0.009636
-0.011380
-0.013908
-0.014788
-0.013516
-0.012144
-0.009596
-0.005836
-0.004136
-0.004688
-0.001264
0.007520
0.015116
0.018828
0.019372
0.018256
0.018384
0.019936
0.019428
0.015352
0.011180
0.007424
0.002504
0.000916
0.003268
0.003796
0.002088
0.001396
0.001812
0.001720
0.002932
0.007268
0.009592
0.008668
0.012884
0.020868
0.022136
0.020572
0.024520
0.025964
0.020020
0.017220
0.020556
0.020308
0.014432
0.011880
0.014444
0.015580
0.016076
0.019552
0.021492
0.019760
0.018840
0.017456
0.013680
0.012820
0.014980
0.015268
0.016428
0.020464
0.021600
0.019416
0.018808
0.019948
0.020528
0.020340
0.019696
0.016652
0.012872
0.013176
0.015332
0.015040
0.013744
0.013824
0.013524
0.009852
0.006376
0.007540
0.009492
0.008752
0.007560
0.007624
0.008252
0.006888
0.004096
0.005872
0.009852
0.010128
0.012688
0.021164
0.027336
0.027976
0.031172
0.037696
0.041168
0.042828
0.043712
0.044824
0.051140
0.058036
0.059612
0.060564
0.061904
0.059184
0.052292
0.045516
0.040864
0.035972
0.029388
0.022212
0.016420
0.014260
0.015500
0.016104
0.014532
0.013180
0.013860
0.017516
0.021320
0.020760
0.018560
0.018920
0.020440
0.019816
0.015760
0.011348
0.008740
0.007440
0.007756
0.009696
0.012832
0.015616
0.017780
0.020784
0.024252
0.027264
0.030224
0.031784
0.028744
0.025508
0.030972
0.041488
0.045784
0.042812
0.040544
0.042244
0.041632
0.034528
0.028816
0.030920
0.033960
0.027808
0.017044
0.016012
0.019348
0.015416
0.009144
0.006404
0.009824
0.015720
0.015440
0.011964
0.011496
0.010344
0.006488
0.003560
0.001200
-0.004484
-0.011992
-0.018296
-0.025944
-0.032700
-0.034524
-0.035912
-0.039412
-0.040336
-0.039332
-0.042688
-0.046528
-0.043616
-0.040780
-0.041668
-0.040436
-0.038916
-0.040516
-0.044600
-0.047328
-0.045660
-0.043872
-0.045084
-0.045436
-0.041696
-0.037188
-0.034660
-0.033640
-0.033340
-0.030248
-0.026264
-0.026808
-0.028796
-0.028288
-0.027160
-0.027356
-0.026612
-0.022668
-0.019980
-0.021976
-0.022112
-0.018120
-0.017280
-0.018068
-0.014612
-0.008152
-0.004080
-0.007676
-0.012804
-0.011188
-0.009488
-0.013920
-0.019300
-0.023556
-0.029384
-0.035792
-0.041404
-0.047068
-0.053204
-0.057380
-0.057236
-0.055736
-0.056572
-0.058416
-0.056908
-0.050092
-0.044168
-0.045284
-0.044632
-0.035572
-0.030536
-0.032196
-0.030096
-0.024784
-0.021280
-0.019096
-0.016460
-0.015580
-0.014388
-0.009988
-0.008428
-0.010644
-0.011376
-0.010152
-0.004748
0.003760
0.007056
0.006612
0.009316
0.014084
0.015328
0.013592
0.013412
0.014600
0.014980
0.011904
0.007032
0.009052
0.013860
0.010184
0.003160
0.000588
-0.000308
-0.003092
-0.004476
-0.003208
-0.002964
-0.003936
-0.004296
-0.004072
-0.003844
-0.001428
0.000564
-0.003384
-0.008952
-0.008488
-0.002648
-0.000572
-0.003892
-0.005276
-0.003800
-0.002976
-0.003428
-0.003788
-0.003744
-0.003620
-0.001248
0.003048
0.006000
0.010456
0.017760
0.021444
0.019336
0.020008
0.026208
0.028324
0.025324
0.026820
0.030328
0.027112
0.025988
0.032568
0.035244
0.031888
0.030504
0.032128
0.035184
0.037028
0.035488
0.034368
0.033444
0.029840
0.026116
0.023908
0.019440
0.013708
0.011324
0.009796
0.006300
0.002372
0.001292
0.002920
0.001424
-0.003984
-0.006008
-0.003464
-0.002296
-0.005584
-0.010728
-0.009932
-0.005064
-0.005124
-0.007784
-0.009860
-0.011072
-0.010032
-0.009044
-0.009540
-0.012196
-0.016788
-0.016324
-0.009772
-0.007420
-0.008944
-0.006360
-0.001492
0.003344
0.007788
0.010224
0.012468
0.013988
0.015308
0.017472
0.015772
0.012616
0.013592
0.015476
0.015200
0.012520
0.006536
0.001476
0.000404
-0.003008
-0.007136
-0.005880
-0.004216
-0.003604
-0.000404
0.003604
0.004260
0.004268
0.008380
0.011656
0.010436
0.007224
0.005672
0.007388
0.008848
0.010268
0.010188
0.007444
0.009204
0.013352
0.012940
0.010948
0.011036
0.013704
0.018212
0.020052
0.017972
0.018432
0.024012
0.027412
0.025184
0.023352
0.024760
0.026432
0.026472
0.025780
0.025652
0.025960
0.026160
0.026340
0.026772
0.025912
0.020904
0.013300
0.007320
0.002696
-0.001364
-0.003868
-0.006444
-0.010196
-0.013924
-0.015504
-0.014040
-0.014296
-0.019260
-0.022568
-0.020588
-0.018820
-0.020128
-0.019940
-0.015424
-0.012296
-0.014220
-0.016016
-0.013348
-0.009584
-0.011476
-0.015956
-0.015480
-0.012968
-0.013328
-0.013036
-0.010260
-0.011664
-0.014476
-0.011544
-0.009428
-0.009812
-0.008244
-0.007380
-0.009712
-0.012460
-0.011792
-0.010188
-0.009180
-0.007696
-0.008072
-0.009164
-0.008252
-0.008608
-0.011492
-0.010328
-0.006012
-0.006176
-0.008644
-0.008556
-0.007168
-0.008288
-0.012880
-0.015508
-0.013536
-0.011948
-0.012912
-0.013912
-0.013944
-0.012088
-0.009308
-0.009656
-0.009872
-0.007004
-0.006284
-0.007840
-0.007968
-0.006912
-0.006160
-0.006236
-0.006628
-0.006644
-0.006432
-0.006384
-0.006328
-0.006120
-0.006116
-0.004372
-0.000120
0.001632
-0.000340
-0.001256
0.000012
0.001000
0.000924
0.000592
0.000444
0.002432
0.006808
0.008324
0.006256
0.005712
0.007072
0.007716
0.007576
0.007476
0.007484
0.007468
0.007372
0.009380
0.013980
0.015572
0.013140
0.014132
0.019792
0.022048
0.019484
0.018344
0.019712
0.020504
0.020192
0.019876
0.017584
0.013276
0.010272
0.008280
0.005456
0.002172
0.001552
0.000640
-0.006208
-0.012324
-0.013156
-0.014436
-0.015780
-0.012844
-0.008596
-0.008704
-0.011340
-0.013740
-0.014244
-0.012544
-0.014440
-0.017448
-0.016416
-0.015088
-0.015696
-0.016404
-0.016184
-0.015872
-0.018388
-0.022972
-0.023536
-0.020988
-0.020756
-0.022352
-0.022536
-0.018556
-0.011336
-0.007932
-0.010556
-0.012280
-0.011056
-0.012768
-0.016980
-0.017052
-0.015316
-0.017984
-0.020396
-0.019392
-0.021328
-0.026312
-0.029540
-0.031552
-0.033860
-0.034276
-0.033192
-0.033424
-0.034468
-0.033600
-0.030576
-0.030060
-0.030976
-0.027776
-0.022796
-0.021196
-0.021980
-0.019316
-0.014988
-0.015560
-0.016908
-0.012720
-0.008228
-0.009628
-0.011204
-0.006736
-0.002108
-0.003428
-0.006068
-0.005792
-0.003396
-0.000540
-0.000804
-0.001664
0.001152
0.002384
0.001780
0.005272
0.008608
0.008388
0.010668
0.014136
0.013388
0.011748
0.012404
0.013388
0.013208
0.012552
0.012376
0.012636
0.012744
0.012616
0.012540
0.012576
0.012604
0.012592
0.012576
0.012576
0.012580
0.012576
0.012588
0.012804
0.011536
0.007364
0.004888
0.006840
0.006396
0.000984
-0.001504
0.000924
0.002140
0.000692
-0.000280
0.000156
0.000456
0.000148
0.000148
0.000428
0.000276
0.000156
0.000500
-0.001360
-0.005844
-0.009132
-0.010856
-0.011476
-0.010776
-0.010728
-0.011580
-0.009912
-0.007244
-0.009924
-0.013832
-0.010676
-0.004300
-0.003444
-0.004776
-0.001220
0.001924
0.000312
0.000844
0.006056
0.008308
0.007780
0.010928
0.013728
0.012236
0.012904
0.018136
0.020508
0.018172
0.015072
0.014060
0.015748
0.014764
0.011540
0.011728
0.013284
0.013116
0.012340
0.009820
0.005732
0.005236
0.005140
0.000948
-0.000972
-0.001340
-0.005116
-0.006912
-0.005124
-0.004808
-0.005940
-0.005932
-0.002992
-0.001040
-0.005108
-0.008152
-0.005796
-0.004168
-0.005244
-0.006200
-0.005940
-0.003088
0.001308
0.001728
-0.000772
-0.000944
0.000480
0.000852
0.000376
0.000188
0.000264
0.000328
0.002676
0.007076
0.010140
0.012108
0.012428
0.011320
0.011380
0.012364
0.015056
0.016788
0.012936
0.012304
0.021304
0.028032
0.025056
0.021492
0.023244
0.025288
0.022704
0.017640
0.014500
0.015116
0.016892
0.014064
0.010728
0.012016
0.013472
0.012764
0.012084
0.012188
0.010052
0.008044
0.009220
0.007860
0.007480
0.010408
0.010192
0.008428
0.006260
0.002812
-0.000136
-0.000128
0.001388
0.000948
-0.000164
-0.000116
0.000372
0.000636
0.000200
-0.002768
-0.007140
-0.010164
-0.011824
-0.011432
-0.010940
-0.013740
-0.015352
-0.014388
-0.015876
-0.015048
-0.010300
-0.009824
-0.012652
-0.013212
-0.011476
-0.008792
-0.008620
-0.010584
-0.008484
-0.003472
-0.001200
-0.002924
-0.004716
-0.003796
-0.002740
-0.002712
-0.003024
-0.005748
-0.009424
-0.007936
-0.001604
0.002668
0.001548
-0.000480
0.000224
0.001344
0.000896
-0.000172
-0.000728
-0.001068
-0.001000
0.001644
0.004888
0.004512
0.005096
0.009012
0.009880
0.007748
0.008172
0.012960
0.017836
0.017808
0.016040
0.016916
0.018588
0.018752
0.018204
0.017416
0.014212
0.010368
0.010916
0.013504
0.013432
0.012888
0.015452
0.017224
0.015708
0.014620
0.015668
0.018712
0.019912
0.017896
0.016748
0.017516
0.017044
0.012632
0.008508
0.009188
0.010796
0.009924
0.008824
0.009172
0.010116
0.010736
0.011216
0.010980
0.007324
0.000720
-0.002188
-0.000016
-0.001168
-0.006300
-0.006988
-0.004724
-0.007484
-0.012636
-0.012672
-0.009928
-0.010436
-0.015012
-0.019044
-0.017872
-0.015808
-0.019460
-0.024728
-0.024020
-0.021080
-0.024080
-0.029668
-0.029916
-0.027488
-0.028032
-0.030224
-0.030648
-0.027492
-0.024092
-0.024636
-0.024056
-0.019420
-0.015412
-0.013672
-0.014120
-0.014408
-0.010380
-0.005456
-0.005040
-0.004088
0.000100
0.001736
0.002856
0.007036
0.011340
0.013728
0.013192
0.012380
0.015832
0.020860
0.023488
0.024548
0.024716
0.027144
0.031160
0.028672
0.022916
0.023588
0.027532
0.027384
0.022728
0.017960
0.015240
0.013120
0.011656
0.008420
0.002772
-0.001464
-0.003568
-0.003740
-0.003268
-0.004620
-0.008736
-0.012320
-0.010880
-0.007684
-0.006392
-0.002880
0.002188
0.000440
-0.004408
-0.000460
0.007056
0.006272
0.001448
0.000752
0.002604
0.003468
0.003612
0.004344
0.005612
0.006620
0.007132
0.007468
0.007748
0.007812
0.007632
0.007364
0.007172
0.007184
0.007524
0.007800
0.005128
-0.000288
-0.002528
-0.002300
-0.006864
-0.015304
-0.018840
-0.016552
-0.015100
-0.017628
-0.021508
-0.021512
-0.018448
-0.017016
-0.017172
-0.016928
-0.014620
-0.009668
-0.006492
-0.007684
-0.009028
-0.008712
-0.009152
-0.012912
-0.019876
-0.024912
-0.025816
-0.026524
-0.027124
-0.023592
-0.018564
-0.017004
-0.016232
-0.013068
-0.008364
-0.002540
0.001612
0.002472
0.005232
0.008504
0.006456
0.004228
0.003692
-0.002248
-0.007292
-0.002776
0.001372
-0.001960
-0.003968
-0.002384
-0.004520
-0.007300
-0.005752
-0.003064
-0.001204
0.000804
0.002552
0.000628
-0.001576
-0.000208
-0.002024
-0.006124
-0.007204
-0.008180
-0.012500
-0.018288
-0.019176
-0.015352
-0.012936
-0.014392
-0.017648
-0.017496
-0.013356
-0.010580
-0.010476
-0.010160
-0.009148
-0.009028
-0.008248
-0.004860
-0.003456
-0.006928
-0.010416
-0.009556
-0.005132
-0.002720
-0.003004
0.000396
0.005324
0.005220
0.002828
0.002468
0.002444
0.001728
0.003560
0.007460
0.009340
0.007088
0.002032
0.000228
0.001972
0.002164
0.001060
0.001104
0.002532
0.002380
0.001588
0.003624
0.005860
0.006848
0.005364
0.003932
0.008660
0.012940
0.011700
0.013152
0.017616
0.017552
0.016036
0.019436
0.022924
0.020548
0.017620
0.020660
0.025176
0.024256
0.021192
0.021224
0.022632
0.023148
0.023748
0.025220
0.026740
0.027812
0.028608
0.029124
0.029312
0.029112
0.028308
0.026932
0.025668
0.024932
0.024168
0.023080
0.022056
0.021440
0.020484
0.016480
0.009624
0.006128
0.008104
0.009732
0.008396
0.005200
0.002312
0.005900
0.013748
0.015384
0.012216
0.011944
0.013888
0.014240
0.012992
0.011756
0.010600
0.010936
0.014652
0.017608
0.016888
0.017192
0.019216
0.017612
0.014464
0.014012
0.011580
0.005924
0.001640
0.000988
0.001352
-0.001288
-0.002444
0.002724
0.008376
0.005096
-0.001204
0.000948
0.002080
-0.004976
-0.008364
-0.004460
-0.001812
-0.002468
-0.002496
-0.001168
-0.000260
-0.000440
-0.001200
-0.001868
-0.001980
-0.002128
-0.005168
-0.010228
-0.008788
-0.000964
0.001328
-0.004564
-0.009412
-0.007792
-0.005016
-0.006188
-0.008796
-0.010072
-0.010644
-0.011476
-0.010364
-0.008444
-0.009976
-0.010020
-0.004828
-0.000028
0.000240
-0.002416
-0.003880
-0.003552
-0.003356
-0.003244
-0.002460
-0.001384
-0.000896
-0.001300
-0.002164
-0.003024
-0.003864
-0.004268
-0.003804
-0.003064
-0.002216
-0.001080
-0.000228
0.000164
-0.001096
-0.004916
-0.008564
-0.010964
-0.012340
-0.011816
-0.011180
-0.011672
-0.011944
-0.011484
-0.011060
-0.011200
-0.011636
-0.011932
-0.012056
-0.012028
-0.011668
-0.010988
-0.010248
-0.009696
-0.009468
-0.009640
-0.010232
-0.011048
-0.013456
-0.018244
-0.020976
-0.019348
-0.019268
-0.023380
-0.024160
-0.018936
-0.014684
-0.014592
-0.016092
-0.015900
-0.013872
-0.012216
-0.011520
-0.011116
-0.010744
-0.012952
-0.017508
-0.020528
-0.023000
-0.024884
-0.024508
-0.024252
-0.025136
-0.025600
-0.025396
-0.025472
-0.025800
-0.024304
-0.019856
-0.016728
-0.017628
-0.018472
-0.017060
-0.015772
-0.016020
-0.016772
-0.017040
-0.016912
-0.016724
-0.016728
-0.016820
-0.016900
-0.017444
-0.017704
-0.015416
-0.012672
-0.013632
-0.015748
-0.015468
-0.013676
-0.009268
-0.002440
-0.001448
-0.004584
-0.001084
0.003564
0.002116
0.000096
0.003076
0.007964
0.007900
0.006904
0.010340
0.012168
0.009980
0.008704
0.009200
0.009256
0.008864
0.010980
0.014020
0.013280
0.013664
0.019152
0.024460
0.025584
0.024108
0.023996
0.025312
0.027256
0.029488
0.029524
0.032036
0.037924
0.037460
0.032944
0.032584
0.034420
0.034752
0.034128
0.034304
0.035312
0.035984
0.036172
0.036404
0.036724
0.037000
0.037252
0.037616
0.037820
0.037716
0.037916
0.035840
0.028956
0.023860
0.025912
0.028764
0.027540
0.025752
0.023764
0.019848
0.016404
0.014076
0.013468
0.014840
0.015420
0.015012
0.015008
0.015264
0.015392
0.015412
0.015244
0.014892
0.014756
0.014672
0.014204
0.013528
0.012960
0.012780
0.012796
0.010688
0.007608
0.006680
0.002768
-0.003076
-0.002440
0.000620
0.000140
-0.002580
-0.008132
-0.012772
-0.009096
-0.001988
0.000648
-0.000176
-0.001312
-0.000896
0.000472
0.000972
0.000820
0.001164
0.001844
0.001932
0.003296
0.005836
0.005632
0.004340
0.003248
0.001640
0.000808
-0.003308
-0.010360
-0.012332
-0.006640
0.002268
0.005408
0.001248
-0.000812
0.001872
0.002332
-0.002216
-0.005088
-0.002904
0.000484
0.003932
0.005780
0.004536
0.003764
0.004908
0.005700
0.005420
0.005020
0.004932
0.004856
0.004640
0.004428
0.004456
0.002908
0.000108
0.002004
0.006712
0.006760
0.004632
0.005012
0.006252
0.006388
0.004784
0.000660
-0.004044
-0.006596
-0.004032
0.002988
0.005220
0.000752
-0.001676
-0.000252
0.000308
-0.001180
-0.002836
-0.003776
-0.004168
-0.004060
-0.003536
-0.002964
-0.002472
-0.001888
-0.001140
-0.000264
0.000424
0.000968
0.000900
-0.001148
-0.003484
-0.004416
-0.004392
-0.002664
-0.000764
-0.000848
-0.001528
-0.000092
0.004544
0.007792
0.007308
0.008960
0.009344
-0.000696
-0.012912
-0.014488
-0.011812
-0.016120
-0.019984
-0.014360
-0.008748
-0.010576
-0.012524
-0.013648
-0.020248
-0.025240
-0.022004
-0.019188
-0.021456
-0.020332
-0.011260
-0.005636
-0.009712
-0.013032
-0.010956
-0.009208
-0.010268
-0.010280
-0.006688
-0.002968
-0.000988
-0.000256
-0.000956
-0.001072
0.000288
0.001412
0.001744
0.002104
0.002856
0.003564
0.006032
0.011260
0.014124
0.014816
0.016720
0.013416
0.006012
0.005084
0.008472
0.008036
0.004832
0.005192
0.011424
0.014828
0.008708
0.003156
0.005000
0.004956
0.000796
0.003796
0.012004
0.012752
0.008624
0.006620
0.002764
-0.002776
-0.003232
-0.000596
-0.000700
-0.004380
-0.010888
-0.015872
-0.014736
-0.011608
-0.011660
-0.012924
-0.012508
-0.011132
-0.008388
-0.005712
-0.005844
-0.007104
-0.009080
-0.009936
-0.008220
-0.007272
-0.008040
-0.008632
-0.008348
-0.008000
-0.008008
-0.008068
-0.007968
-0.007828
-0.007720
-0.007584
-0.007376
-0.007280
-0.007076
-0.001832
0.007196
0.008420
0.003660
-0.001352
-0.007204
-0.007464
-0.003244
-0.003140
-0.005600
-0.001016
0.009032
0.010580
0.007596
0.008940
0.008072
0.005940
0.007364
0.008656
0.007656
0.007052
0.010072
0.014068
0.012812
0.006740
0.002516
0.004284
0.009304
0.012264
0.012912
0.013476
0.012820
0.010004
0.002876
-0.005544
-0.006280
-0.002928
-0.003476
-0.005980
-0.004892
0.003724
0.013864
0.013624
0.004248
-0.001728
-0.001120
-0.003444
-0.010024
-0.013880
-0.012428
-0.009708
-0.008864
-0.003624
0.003492
0.002808
-0.000232
0.001708
0.004120
0.000448
-0.006760
-0.008824
-0.003112
0.006292
0.010988
0.007276
0.003936
0.005808
0.007692
0.006976
0.006196
0.004188
-0.003784
-0.011196
-0.009768
-0.007216
-0.010328
-0.014596
-0.016384
-0.016736
-0.017020
-0.017108
-0.016636
-0.015780
-0.014656
-0.013260
-0.011724
-0.008468
-0.000940
0.007016
0.007916
0.003736
0.001832
0.002768
0.003300
0.002760
0.002084
0.001780
0.001784
0.001956
0.002504
0.001992
-0.003112
-0.009748
-0.010056
-0.002564
0.004328
0.002996
-0.001000
-0.004592
-0.009148
-0.009536
-0.006672
-0.006712
-0.009104
-0.010080
-0.005568
0.003352
0.006036
0.001420
-0.000232
0.002320
0.003592
0.002780
0.002240
0.002400
0.002728
0.007804
0.016940
0.018248
0.008476
-0.000696
0.001248
0.007300
0.007016
0.003892
0.003628
0.007584
0.014900
0.019428
0.017184
0.014304
0.015636
0.017284
0.011576
0.001884
0.001236
0.006360
0.006220
0.002916
0.001816
0.002292
0.002392
0.000772
-0.006208
-0.014408
-0.014112
-0.010052
-0.011132
-0.012988
-0.006820
0.002268
0.002308
-0.001864
-0.000800
0.002732
0.004216
0.004384
0.004936
0.005816
0.006344
0.006248
0.005452
0.005640
0.007840
0.006280
0.002860
0.009892
0.017408
0.007640
-0.004060
-0.000340
0.006400
0.005192
0.002252
0.002760
0.004556
0.005068
0.004740
0.004812
0.005280
0.005912
0.003276
-0.005420
-0.011060
-0.007896
-0.005292
-0.007700
-0.009780
-0.009288
-0.008376
-0.008296
-0.008492
-0.008492
-0.008488
-0.008620
-0.008788
-0.008944
-0.009056
-0.009056
-0.008968
-0.008724
-0.008328
-0.008176
-0.008404
-0.008708
-0.008988
-0.009312
-0.009596
-0.009792
-0.009900
-0.009848
-0.009684
-0.009324
-0.009148
-0.014036
-0.022612
-0.023188
-0.017720
-0.017020
-0.021984
-0.027012
-0.029076
-0.030364
-0.030540
-0.029444
-0.029388
-0.030032
-0.030328
-0.030356
-0.030440
-0.030600
-0.030764
-0.030956
-0.030780
-0.031548
-0.037872
-0.045896
-0.045448
-0.040900
-0.041208
-0.044216
-0.043032
-0.034516
-0.027888
-0.030192
-0.029684
-0.021076
-0.016756
-0.020248
-0.022356
-0.020476
-0.018480
-0.014676
-0.008272
-0.006284
-0.009856
-0.008380
0.001952
0.008012
0.003744
0.000376
0.002644
0.004600
0.003908
0.003000
0.003120
0.003444
0.003448
0.003372
0.003424
0.003584
0.003736
0.003852
0.003996
0.004268
0.004388
0.003976
0.003484
0.003352
0.003284
0.003092
0.003008
0.003172
-0.000556
-0.009140
-0.012192
-0.007808
-0.006108
-0.008604
-0.009860
-0.010984
-0.016716
-0.022900
-0.022620
-0.019756
-0.018336
-0.014076
-0.008584
-0.008588
-0.011264
-0.010776
-0.008964
-0.009096
-0.010084
-0.006292
0.002672
0.005772
0.001324
-0.000308
0.002328
0.003756
0.003060
0.002472
0.002648
0.002796
0.002584
0.002320
0.002208
0.002136
0.002016
0.001924
0.001924
0.001984
0.002084
0.002244
0.002404
0.002532
0.002720
0.002932
0.003084
0.003220
0.003420
0.003656
0.003860
0.004040
0.004188
0.004340
0.004552
0.004728
0.004824
0.004896
0.004976
0.005060
0.005100
0.005084
0.005076
0.005096
0.005008
0.005036
0.007456
0.009512
0.008120
0.006984
0.005340
0.004108
0.005664
0.006352
0.005184
0.002072
-0.004540
-0.009488
-0.007940
-0.005548
-0.006820
-0.008648
-0.008632
-0.008128
-0.008040
-0.003212
0.005728
0.006948
0.001944
0.001460
0.004268
0.005052
0.004336
0.004212
0.004328
0.004160
0.004196
0.004436
0.004528
0.004512
0.004668
0.004172
0.001272
0.000248
0.004604
0.006812
0.004268
0.003068
0.004084
0.004520
0.004208
0.004148
0.004292
0.004348
0.004096
0.004088
0.009848
0.019488
0.020112
0.014560
0.014336
0.017356
0.017804
0.017180
0.019400
0.020904
0.019952
0.021772
0.023624
0.022928
0.024568
0.026204
0.024900
0.023520
0.021628
0.020752
0.022040
0.022376
0.021576
0.021224
0.021416
0.021616
0.021480
0.018976
0.016924
0.018372
0.019348
0.018452
0.017804
0.017716
0.015352
0.013532
0.015060
0.013420
0.008132
0.007008
0.007244
0.003212
0.001268
0.003336
0.001536
-0.004132
-0.005272
-0.002500
-0.004272
-0.007848
-0.007004
-0.005160
-0.003032
-0.001648
-0.002912
-0.003480
-0.002508
-0.001912
-0.002228
-0.002392
0.000212
0.002300
-0.001620
-0.004732
-0.002408
-0.000496
-0.001240
-0.002124
0.000256
0.004976
0.005692
0.000744
-0.001752
0.001044
0.002588
0.001236
-0.002028
-0.003700
-0.001884
-0.000960
-0.001916
-0.002488
-0.002236
-0.002092
0.000080
0.004576
0.005528
0.001020
-0.001832
0.002360
0.006504
0.004660
0.002396
0.003252
0.002500
-0.001940
-0.003920
-0.001748
-0.000748
-0.001984
-0.002708
-0.002364
-0.002084
-0.002136
-0.002120
-0.003956
-0.008372
-0.010204
-0.008084
-0.006920
-0.008012
-0.009100
-0.009140
-0.008924
-0.009064
-0.009196
-0.009188
-0.009176
-0.009284
-0.009396
-0.009292
-0.009144
-0.009096
-0.009084
-0.009024
-0.008864
-0.008632
-0.010280
-0.014200
-0.015516
-0.013348
-0.012544
-0.013748
-0.014096
-0.013372
-0.013040
-0.013196
-0.013436
-0.013764
-0.011940
-0.007516
-0.008016
-0.012712
-0.010780
-0.007760
-0.010836
-0.012620
-0.011148
-0.008620
-0.006984
-0.008188
-0.009276
-0.008588
-0.007916
-0.008020
-0.008380
-0.008508
-0.008208
-0.008000
-0.008196
-0.006404
-0.004068
-0.004892
-0.004196
-0.003216
-0.007688
-0.010740
-0.006432
-0.002596
-0.004800
-0.005200
-0.002028
-0.001776
-0.003332
-0.003272
-0.002560
-0.002572
-0.000932
0.003344
0.005000
0.002904
0.002004
0.003108
0.005664
0.009636
0.010892
0.008816
0.008232
0.009692
0.010272
0.011616
0.015536
0.017292
0.017368
0.018764
0.016928
0.015620
0.020768
0.024076
0.021424
0.019612
0.020832
0.021896
0.021504
0.018688
0.016880
0.018708
0.017512
0.014408
0.015220
0.016912
0.014312
0.009264
0.008724
0.009096
0.004820
0.002748
0.005176
0.003704
-0.002048
-0.003244
-0.000276
0.000268
-0.001296
-0.001868
-0.001440
-0.001268
-0.001488
-0.001664
-0.001604
-0.001676
-0.004176
-0.006192
-0.004772
-0.006140
-0.008992
-0.008152
-0.006892
-0.007440
-0.008148
-0.008016
-0.007832
-0.010328
-0.012528
-0.008796
-0.005632
-0.010236
-0.016264
-0.013116
-0.004840
-0.004480
-0.011716
-0.014200
-0.008096
-0.006920
-0.012192
-0.012924
-0.012896
-0.014612
-0.011936
-0.007080
-0.009512
-0.016904
-0.017760
-0.014040
-0.013684
-0.015596
-0.016192
-0.015668
-0.015636
-0.016020
-0.016032
-0.015844
-0.015780
-0.015796
-0.015772
-0.015712
-0.015620
-0.015360
-0.015000
-0.014936
-0.015080
-0.015124
-0.014756
-0.012132
-0.010296
-0.011712
-0.010472
-0.010092
-0.012760
-0.010372
-0.007052
-0.008604
-0.010416
-0.009712
-0.006392
-0.004576
-0.008800
-0.011856
-0.009452
-0.007776
-0.008820
-0.009680
-0.009376
-0.009020
-0.009060
-0.009124
-0.009036
-0.008932
-0.008948
-0.008680
-0.006076
-0.004252
-0.005908
-0.006756
-0.005804
-0.005328
-0.005616
-0.003448
0.001248
0.004256
0.001128
-0.002820
-0.000972
0.001228
0.002784
0.003816
0.002524
0.001840
0.002596
0.003024
0.002820
0.004836
0.009268
0.010568
0.008404
0.007732
0.008812
0.009360
0.009312
0.009480
0.009648
0.009356
0.010916
0.015388
0.017324
0.015048
0.013924
0.015264
0.016104
0.015736
0.015396
0.015368
0.015344
0.015356
0.015236
0.015028
0.015176
0.015444
0.015260
0.015160
0.015464
0.013632
0.011344
0.012360
0.011740
0.008636
0.008412
0.009748
0.009648
0.009212
0.009620
0.007808
0.002988
0.003280
0.010020
0.010404
0.004400
0.005660
0.010996
0.008656
0.001648
0.001532
0.009276
0.011480
0.003572
-0.001236
0.002452
0.005408
0.003760
0.003364
0.007908
0.010400
0.006100
0.003944
0.005560
0.003944
0.002196
0.003316
0.003880
0.003160
0.002892
0.003980
0.006676
0.007540
0.006548
0.008228
0.007188
0.001864
0.001756
0.007312
0.008272
0.002564
0.000292
0.003244
0.004464
0.003164
0.002428
0.002780
0.003128
0.002896
0.000184
-0.001788
0.002320
0.005552
0.003188
0.001484
0.002588
0.003660
0.003696
0.003576
0.003664
0.003700
0.003652
0.003748
0.003932
0.004076
0.002796
-0.001152
-0.003600
-0.001828
-0.000360
-0.001356
-0.002164
-0.001524
-0.002148
-0.005244
-0.004732
-0.000140
0.000232
-0.001700
0.001708
0.006244
0.005332
0.002884
0.004092
0.008720
0.012380
0.011400
0.009452
0.009924
0.011496
0.014676
0.018144
0.017764
0.015744
0.016036
0.017208
0.017220
0.016756
0.019120
0.023692
0.024300
0.021756
0.021552
0.022928
0.021036
0.018172
0.021168
0.023104
0.019268
0.017964
0.017976
0.016132
0.016100
0.017136
0.017132
0.015284
0.010988
0.008360
0.010000
0.011520
0.010676
0.009836
0.008796
0.006592
0.006860
0.007756
0.004524
0.002608
0.004576
0.005424
0.003788
0.000136
-0.003188
-0.002584
-0.003024
-0.007852
-0.009628
-0.007208
-0.006468
-0.007660
-0.010112
-0.014056
-0.013536
-0.009308
-0.009324
-0.011500
-0.013512
-0.013916
-0.009304
-0.005832
-0.008028
-0.010044
-0.009104
-0.006708
-0.003612
-0.004592
-0.008420
-0.005352
0.000648
-0.000096
-0.003392
-0.002524
0.001788
0.002664
-0.002112
-0.004088
-0.001424
-0.000380
-0.001628
-0.002304
-0.001972
-0.001760
-0.001936
-0.002096
-0.002100
-0.002156
-0.002336
-0.000484
0.003836
0.005364
0.002984
0.003712
0.008152
0.007184
0.003652
0.006632
0.009456
0.007768
0.005436
0.004500
0.007560
0.008576
0.004020
0.002564
0.005104
0.005768
0.004608
0.004172
0.004568
0.004764
0.004596
0.004456
0.004476
0.004528
0.004532
0.004520
0.004556
0.004620
0.004664
0.004780
0.004980
0.003152
-0.001152
-0.002676
-0.000316
-0.000992
-0.005192
-0.004096
-0.000716
-0.003772
-0.006292
-0.005352
-0.007060
-0.008440
-0.007256
-0.006836
-0.007516
-0.007844
-0.007628
-0.007476
-0.007536
-0.007604
-0.007616
-0.007636
-0.007652
-0.007668
-0.007716
-0.007768
-0.007728
-0.007756
-0.009968
-0.012248
-0.010956
-0.011540
-0.014824
-0.014916
-0.013172
-0.013220
-0.014296
-0.014368
-0.013740
-0.013664
-0.014160
-0.012940
-0.008632
-0.006060
-0.007964
-0.009452
-0.008360
-0.007420
-0.007704
-0.008088
-0.008156
-0.007592
-0.004424
-0.000544
-0.000816
-0.002944
-0.002600
-0.001240
-0.001044
-0.001492
-0.001612
-0.001468
-0.001384
-0.001396
-0.001392
-0.001320
-0.001240
-0.001156
-0.001040
-0.002844
-0.005496
-0.004564
-0.004496
-0.006496
-0.003052
0.001248
-0.000412
-0.002712
-0.001804
-0.000528
-0.000680
-0.001196
-0.001376
-0.000452
0.002440
0.003180
0.001760
0.004036
0.006420
0.005180
0.004272
0.005016
0.005592
0.005436
0.005260
0.005348
0.005448
0.005428
0.005412
0.005452
0.005488
0.005444
0.005372
0.007316
0.009640
0.008772
0.009448
0.010432
0.006052
0.003100
0.005500
0.007112
0.006120
0.003932
0.000096
-0.002052
-0.000320
0.000944
0.000020
-0.002344
-0.004784
-0.003804
-0.003376
-0.006736
-0.007764
-0.005884
-0.005540
-0.006472
-0.006780
-0.006404
-0.006004
-0.005860
-0.006044
-0.006340
-0.006288
-0.006072
-0.006388
-0.006228
-0.003024
0.000892
0.000440
-0.001860
-0.001624
-0.000372
-0.000236
-0.000760
-0.000852
0.001848
0.006444
0.007024
0.004528
0.004316
0.005732
0.006104
0.005612
0.005396
0.005512
0.005548
0.005468
0.005368
0.005304
0.007240
0.009532
0.008660
0.009340
0.010372
0.006000
0.004696
0.009832
0.009564
0.003916
0.004800
0.010328
0.008980
0.003480
0.003588
0.006528
0.006552
0.005220
0.005244
0.004968
0.001308
-0.002200
-0.001068
0.000892
0.000188
-0.000968
-0.000900
-0.000204
-0.000916
-0.005020
-0.007816
-0.003540
-0.000592
-0.005772
-0.008604
-0.002892
0.001804
-0.002384
-0.006024
-0.001240
0.002144
-0.000308
-0.001908
-0.001052
0.000108
0.002960
0.006652
0.006144
0.001188
-0.002584
-0.001376
0.001036
0.000552
-0.000860
-0.000992
-0.000504
-0.000400
-0.000604
-0.000708
-0.000660
-0.000656
-0.000752
-0.000836
-0.000848
-0.000780
-0.000888
-0.003460
-0.005464
-0.001572
0.001500
-0.000788
-0.004460
-0.005812
-0.002128
-0.000688
-0.004728
-0.005848
-0.005716
-0.007584
-0.007664
-0.006672
-0.006888
-0.007476
-0.007568
-0.007448
-0.005456
-0.003172
-0.004072
-0.003456
-0.000576
-0.000656
-0.002076
-0.001848
-0.001076
-0.001024
-0.001288
-0.001288
-0.001140
-0.001104
-0.001156
-0.001152
-0.001100
-0.001092
-0.001112
-0.001096
-0.001032
-0.000980
-0.000956
-0.000940
-0.001092
0.000224
0.004400
0.006928
0.005104
0.003688
0.004808
0.005748
0.005492
0.005144
0.005212
0.005344
0.005316
0.004992
0.006012
0.009268
0.008976
0.004320
0.003484
0.006152
0.006588
0.005276
0.004656
0.004848
0.005076
0.005032
0.005116
0.004084
0.001300
0.000984
0.001732
-0.000888
-0.002312
-0.000760
-0.000412
-0.000856
0.002076
0.005712
0.002940
-0.000468
0.000816
0.000112
-0.001848
-0.001136
-0.000356
-0.000640
-0.000832
-0.000728
-0.000716
-0.000768
-0.000772
-0.000764
-0.000760
-0.000800
-0.000960
-0.001020
-0.000960
-0.001100
-0.001264
-0.001228
-0.001184
-0.001252
-0.001308
-0.001284
-0.001260
-0.001260
-0.001272
-0.001308
-0.001320
-0.001312
-0.001344
-0.001412
-0.001440
-0.001420
-0.001484
-0.001484
0.001308
0.006056
0.004008
-0.000892
0.002788
0.007568
0.005916
0.004084
0.004856
0.003184
0.000728
0.001800
0.003132
0.004936
0.006296
0.004980
0.004248
0.005300
0.005792
0.005556
0.005284
0.005288
0.007280
0.009248
0.008372
0.009656
0.010584
0.007688
0.007148
0.008952
0.009300
0.006760
0.006264
0.009612
0.008156
0.003876
0.004404
0.006496
0.006160
0.005120
0.005060
0.005412
0.005444
0.005288
0.005220
0.005196
0.005136
0.005068
0.005012
0.004952
0.004884
0.004868
0.004932
0.003036
-0.001276
-0.003000
-0.001080
-0.000128
-0.001160
-0.002036
-0.001948
-0.001440
-0.001200
-0.001316
-0.003364
-0.007596
-0.007052
-0.002528
-0.004484
-0.009368
-0.008664
-0.006228
-0.006540
-0.007668
-0.007724
-0.007336
-0.005364
-0.003244
-0.004152
-0.003616
-0.001032
-0.001212
-0.002468
-0.002164
-0.001472
-0.001456
-0.001688
-0.001700
-0.001604
-0.001604
-0.001680
-0.001600
-0.001320
-0.001344
-0.001784
-0.001956
-0.001716
-0.001596
-0.001700
-0.001776
-0.001692
-0.001572
-0.003468
-0.005784
-0.003100
0.000476
-0.002692
-0.006912
-0.003652
-0.001000
-0.004584
-0.006172
-0.004340
-0.001800
-0.002152
-0.005460
-0.005692
-0.003872
-0.001920
-0.000516
-0.001452
-0.002472
-0.002040
0.000240
0.004060
0.005228
0.003236
0.002508
0.003580
0.004096
0.003740
0.003476
0.003584
0.003700
0.001896
-0.000268
0.000436
0.001552
0.002828
0.004280
0.003580
0.002620
0.003064
0.003616
0.003512
0.003272
0.003260
0.003336
0.003336
0.003324
0.003352
0.001332
-0.002532
-0.003064
-0.000840
-0.000568
-0.001840
-0.004356
-0.007776
-0.008076
-0.006200
-0.006204
-0.007144
-0.007112
-0.007324
-0.009684
-0.010912
-0.009944
-0.011456
-0.013332
-0.011888
-0.008924
-0.008340
-0.009888
-0.010584
-0.011804
-0.012468
-0.011312
-0.010896
-0.011452
-0.011656
-0.011320
-0.010884
-0.010732
-0.010992
-0.011172
-0.010940
-0.010692
-0.010684
-0.010696
-0.010604
-0.010480
-0.010380
-0.010308
-0.010228
-0.010120
-0.010024
-0.009952
-0.009888
-0.009832
-0.009776
-0.009652
-0.009532
-0.011032
-0.012836
-0.010596
-0.007676
-0.008668
-0.010204
-0.009716
-0.008896
-0.007416
-0.005800
-0.005924
-0.005036
-0.003384
-0.003876
-0.004780
-0.004416
-0.003816
-0.003816
-0.004068
-0.003992
-0.002016
-0.000576
-0.003340
-0.003552
0.001332
0.002732
0.000228
-0.000396
0.000848
0.001484
0.000864
-0.001656
-0.003960
-0.001364
0.002872
0.002376
-0.000056
0.000052
0.001300
0.001432
0.001504
0.003752
0.006068
0.005360
0.004012
0.004304
0.005756
0.008268
0.009808
0.008788
0.007760
0.008140
0.009640
0.011196
0.010604
0.010388
0.012240
0.012540
0.011360
0.011164
0.011564
0.011584
0.011316
0.009880
0.008344
0.010056
0.011028
0.007400
0.005104
0.006828
0.008052
0.007160
0.006332
0.006460
0.006604
0.006316
0.006084
0.006092
0.006060
0.005928
0.005820
0.005752
0.005676
0.005580
0.005476
0.005376
0.005288
0.005204
0.005104
0.004980
0.004868
0.004772
0.004684
0.004604
0.004520
0.004548
0.003932
0.002368
0.002172
0.002528
0.001088
0.000296
0.001048
0.001252
0.000800
0.000588
0.000692
0.000844
0.000116
-0.002076
-0.003340
-0.002380
-0.001648
-0.002164
-0.003552
-0.005508
-0.006032
-0.004916
-0.004456
-0.005900
-0.008200
-0.008648
-0.007356
-0.006908
-0.007464
-0.007656
-0.007356
-0.007132
-0.007088
-0.007028
-0.006900
-0.006720
-0.006628
-0.007728
-0.009536
-0.009524
-0.008020
-0.006428
-0.005360
-0.005684
-0.006196
-0.005692
-0.005120
-0.005116
-0.005276
-0.005224
-0.005004
-0.004940
-0.004580
-0.003016
-0.001632
-0.002048
-0.002728
-0.002356
-0.001844
-0.001824
-0.002020
-0.001688
-0.000172
0.001152
0.000760
0.000056
0.000320
0.000736
0.000636
0.000412
0.000428
0.000516
0.000504
0.000468
0.000464
0.000476
0.000484
0.000484
0.000492
0.000500
0.000496
0.000492
0.000500
0.000508
0.000516
0.000532
0.000556
0.000580
0.000600
0.000620
0.000644
0.000664
0.000684
0.000636
0.000840
0.001828
0.002656
0.002300
0.001776
0.001936
0.002184
0.002128
0.001984
0.001948
0.001948
0.001920
0.001880
0.001848
0.001824
0.001792
0.001756
0.001716
0.001676
0.001640
0.001604
0.001564
0.001528
0.001492
0.001452
0.001420
0.001396
0.001412
0.001232
0.000516
-0.000072
0.000204
0.000412
-0.000352
-0.001064
-0.000784
-0.000352
-0.000444
-0.000624
-0.000560
-0.000396
-0.000500
-0.000892
-0.000912
-0.000620
-0.000408
-0.000128
-0.000068
-0.000224
-0.000156
-0.000140
-0.000452
-0.000356
0.000104
-0.000124
-0.000332
0.000184
0.000432
0.000208
0.000152
0.000296
0.000376
0.000364
0.000364
0.000376
0.000480
0.000844
0.001156
0.000968
0.000476
0.000280
0.000504
0.000672
0.000588
0.000512
0.000548
0.000600
0.000612
0.000612
0.000620
0.000636
0.000648
0.000656
0.000660
0.000692
0.000892
0.001088
0.000904
0.000736
0.000984
0.001148
0.001012
0.000928
0.000964
0.000888
0.000796
0.000840
0.000868
0.000836
0.000816
0.000812
0.000820
0.000912
0.000884
0.000664
0.000700
0.000968
0.001004
0.000856
0.000824
0.000880
0.000892
0.000864
0.000908
0.000964
0.000868
0.000756
0.000784
0.000868
0.000928
0.000912
0.000844
0.000820
0.000832
0.000820
0.000788
0.000760
0.000740
0.000728
0.000708
0.000688
0.000668
0.000652
0.000636
0.000616
0.000600
0.000588
0.000572
0.000560
0.000528
0.000484
0.000480
0.000472
0.000424
0.000388
0.000396
0.000404
0.000392
0.000368
0.000344
0.000348
0.000352
0.000348
0.000332
0.000312
0.000296
0.000300
0.000308
0.000300
0.000292
0.000284
0.000272
0.000272
0.000284
0.000280
0.000264
0.000252
0.000256
0.000260
0.000256
0.000248
0.000240
0.000236
0.000232
0.000228
0.000224
0.000220
0.000208
0.000204
0.000204
0.000196
0.000188
0.000180
0.000176
0.000168
0.000160
0.000156
0.000148
0.000144
0.000136
0.000132
0.000124
0.000120
0.000112
0.000108
0.000104
0.000096
0.000092
0.000088
0.000080
0.000076
0.000072
0.000068
0.000064
0.000060
0.000052
0.000048
0.000044
0.000040
0.000036
0.000032
0.000032
0.000028
0.000024
0.000020
0.000016
0.000016
0.000012
0.000008
0.000008
0.000004
0.000004
0.000000
