-0.027188
-0.029076
-0.011136
0.012524
0.009060
0.009084
0.009016
0.008860
0.008660
0.008492
0.008404
0.008404
0.008456
0.008560
0.008716
0.008816
0.008736
0.008564
0.008460
0.008476
0.008604
0.008820
0.009036
0.009176
0.009220
0.009160
0.009012
0.008828
0.008708
0.008672
0.008492
0.008080
0.007836
0.008120
0.008804
0.009508
0.009812
0.009656
0.009496
0.009500
0.009260
0.008760
0.008556
0.008684
0.008480
0.007728
0.007060
0.006904
0.006940
0.006868
0.006868
0.007156
0.007696
0.008508
0.009560
0.010160
0.009380
0.007812
0.007308
0.008284
0.009400
0.009372
0.008172
0.007272
0.008252
0.011204
0.014708
0.016564
0.015208
0.011372
0.007004
0.003124
-0.000036
-0.001820
-0.000852
0.003508
0.009940
0.016356
0.020800
0.021444
0.018612
0.015768
0.015816
0.017932
0.019592
0.019016
0.016016
0.012808
0.011448
0.011392
0.011348
0.009944
0.005808
-0.000324
-0.006060
-0.010376
-0.013484
-0.014824
-0.012808
-0.006100
0.004028
0.014016
0.020900
0.022808
0.019388
0.014204
0.013516
0.018988
0.025664
0.028268
0.023484
0.010788
-0.002668
-0.005472
0.004856
0.018276
0.024612
0.021056
0.009704
-0.003100
-0.009216
-0.002784
0.014836
0.031980
0.036376
0.025656
0.008084
-0.003764
-0.006680
-0.009164
-0.017324
-0.027928
-0.031612
-0.019104
0.006512
0.026616
0.027152
0.014544
0.001728
-0.009812
-0.025668
-0.045572
-0.059664
-0.059664
-0.049868
-0.038412
-0.026448
-0.013012
0.001588
0.019140
0.038420
0.051628
0.052916
0.043656
0.028588
0.012688
0.000576
-0.005892
-0.008872
-0.009980
-0.005748
0.008372
0.030604
0.048976
0.048812
0.031448
0.013844
0.005312
0.002100
0.003920
0.015168
0.031672
0.043776
0.044016
0.027960
0.005280
-0.000532
0.017780
0.036716
0.029660
-0.002660
-0.035408
-0.038672
0.003500
0.069184
0.106288
0.082832
0.016448
-0.046824
-0.070796
-0.055328
-0.033684
-0.037448
-0.060248
-0.066148
-0.037836
0.005768
0.041048
0.061228
0.064904
0.052940
0.041316
0.044196
0.049180
0.037852
0.014592
-0.003508
-0.012364
-0.020272
-0.026264
-0.017868
0.006812
0.021680
0.002804
-0.022016
-0.002512
0.063108
0.125484
0.143912
0.133748
0.136132
0.148568
0.133636
0.075960
-0.018396
-0.119392
-0.155484
-0.084684
0.033776
0.099516
0.080128
0.024560
-0.012640
-0.029612
-0.053212
-0.078716
-0.068872
-0.001352
0.116516
0.253700
0.345220
0.335764
0.252068
0.159544
0.079500
0.018444
-0.000672
0.012568
0.004280
-0.058708
-0.135880
-0.154636
-0.097212
-0.009088
0.061856
0.093368
0.075528
0.015732
-0.048856
-0.070044
-0.035452
0.014760
0.047600
0.074056
0.100104
0.093972
0.032020
-0.058648
-0.131752
-0.166820
-0.173476
-0.174528
-0.184124
-0.196012
-0.194928
-0.173228
-0.131256
-0.068156
0.006712
0.060292
0.075168
0.068780
0.048492
0.016680
0.013428
0.083480
0.197792
0.262028
0.222680
0.129428
0.071788
0.086268
0.135312
0.151084
0.109784
0.054052
0.028520
0.021804
-0.001144
-0.025344
0.007292
0.107596
0.205640
0.223164
0.146148
0.021304
-0.093968
-0.165908
-0.185036
-0.156864
-0.102336
-0.046436
-0.001368
0.032040
0.074900
0.166772
0.298316
0.377920
0.322544
0.134944
-0.119924
-0.341408
-0.447864
-0.444664
-0.392756
-0.342072
-0.300664
-0.232516
-0.090200
0.118776
0.284568
0.274628
0.099544
-0.065068
-0.070196
0.047112
0.146868
0.165856
0.146700
0.140708
0.157676
0.186692
0.203204
0.174080
0.097124
0.000924
-0.094200
-0.151360
-0.101376
0.050192
0.167844
0.132676
-0.014828
-0.118220
-0.067368
0.084592
0.188516
0.162988
0.051568
-0.038548
-0.045660
-0.024128
-0.067448
-0.185360
-0.305896
-0.366980
-0.366784
-0.313164
-0.190940
-0.048036
-0.002464
-0.062032
-0.060104
0.123116
0.353408
0.375400
0.139872
-0.113120
-0.136304
0.041320
0.199252
0.204828
0.098084
-0.043788
-0.203912
-0.372516
-0.500828
-0.522936
-0.411364
-0.217468
0.016580
0.239060
0.312524
0.226820
0.117312
0.020508
-0.071144
-0.087948
-0.019196
0.005104
-0.111408
-0.310280
-0.469024
-0.491608
-0.342764
-0.084336
0.143036
0.210308
0.127964
0.070084
0.184636
0.408632
0.509584
0.327228
-0.017952
-0.224368
-0.150108
0.020980
0.052864
-0.037516
-0.097352
-0.076452
-0.008664
0.080796
0.130484
0.058124
-0.104644
-0.220244
-0.199876
-0.091976
-0.011516
0.010544
0.044516
0.105888
0.098772
-0.010760
-0.108108
-0.096276
-0.014368
0.053808
0.075016
0.041468
-0.037004
-0.116460
-0.152620
-0.120024
-0.016412
0.122392
0.222812
0.198400
0.016716
-0.241116
-0.429360
-0.455648
-0.337480
-0.152372
0.033768
0.173560
0.246756
0.263496
0.205096
0.052164
-0.104300
-0.142696
-0.099460
-0.104220
-0.186708
-0.271376
-0.267404
-0.103440
0.199596
0.436340
0.402428
0.183372
0.014404
-0.024124
-0.012396
-0.058272
-0.200476
-0.364056
-0.415720
-0.298268
-0.102520
0.023472
0.027136
-0.013512
0.000808
0.082120
0.152856
0.128612
0.000944
-0.155780
-0.263324
-0.318588
-0.355856
-0.361112
-0.291064
-0.143100
0.021728
0.102320
0.058328
-0.019500
-0.036816
-0.016672
-0.018320
-0.042540
-0.054264
-0.049928
-0.068660
-0.130452
-0.206244
-0.246648
-0.223004
-0.158968
-0.099168
-0.052128
0.003212
0.084704
0.187924
0.284568
0.361608
0.415344
0.385968
0.215476
-0.028496
-0.208208
-0.277404
-0.291732
-0.278508
-0.195508
-0.041932
0.092456
0.149192
0.176796
0.228300
0.260232
0.201632
0.076388
-0.034708
-0.120660
-0.228208
-0.359216
-0.449176
-0.442640
-0.368976
-0.301756
-0.258168
-0.191852
-0.081524
0.020692
0.048992
0.001328
-0.060620
-0.085172
-0.076484
-0.062172
-0.055440
-0.046616
-0.020868
0.002984
-0.029724
-0.122084
-0.179156
-0.144740
-0.096344
-0.116356
-0.174736
-0.206452
-0.223936
-0.272684
-0.324808
-0.289204
-0.122668
0.092216
0.218936
0.230940
0.227132
0.273136
0.330480
0.340372
0.289024
0.182984
0.035656
-0.098936
-0.153068
-0.118580
-0.047476
0.012372
0.052168
0.075952
0.073240
0.046840
0.035460
0.056480
0.067832
0.040776
0.010816
0.011556
0.020228
0.012036
-0.003252
-0.028056
-0.079644
-0.147252
-0.188936
-0.179128
-0.162920
-0.194136
-0.223320
-0.150240
0.037632
0.235316
0.324040
0.286900
0.189044
0.072524
-0.050036
-0.133880
-0.143780
-0.111328
-0.093648
-0.110144
-0.121144
-0.080096
-0.001216
0.064472
0.086012
0.066268
0.041424
0.036848
0.030420
0.004296
-0.017760
-0.019768
-0.026464
-0.054292
-0.077808
-0.072444
-0.056624
-0.066244
-0.101840
-0.135756
-0.162020
-0.185260
-0.176768
-0.105292
0.012460
0.131452
0.221300
0.278960
0.294492
0.240428
0.151808
0.123628
0.181308
0.258832
0.296072
0.276128
0.193988
0.052216
-0.118964
-0.245596
-0.253684
-0.188752
-0.199976
-0.346356
-0.540860
-0.690168
-0.763572
-0.742496
-0.606124
-0.401884
-0.240936
-0.157064
-0.059156
0.125080
0.328048
0.424412
0.393744
0.322448
0.276952
0.256288
0.240300
0.221684
0.197372
0.160560
0.117376
0.100876
0.132308
0.182464
0.202532
0.168856
0.108068
0.078696
0.080612
0.040652
-0.060572
-0.132800
-0.097912
-0.004916
0.032320
-0.030064
-0.133080
-0.191808
-0.165840
-0.077520
-0.025056
-0.097724
-0.228912
-0.270364
-0.181052
-0.020508
0.134304
0.211360
0.198164
0.164068
0.176280
0.230200
0.275608
0.286320
0.276308
0.263724
0.260580
0.266864
0.242752
0.136612
-0.027824
-0.148308
-0.158768
-0.098668
-0.052088
-0.059732
-0.092180
-0.095212
-0.057908
-0.031028
-0.072244
-0.163716
-0.232756
-0.248712
-0.232732
-0.199456
-0.151812
-0.108704
-0.095088
-0.120596
-0.175028
-0.228280
-0.249656
-0.240576
-0.222528
-0.214260
-0.232300
-0.272784
-0.306444
-0.312556
-0.290556
-0.242748
-0.175496
-0.116532
-0.102832
-0.132988
-0.155540
-0.132172
-0.088292
-0.064984
-0.057968
-0.045860
-0.031516
-0.019920
0.007788
0.064060
0.120548
0.147476
0.154044
0.164136
0.189508
0.229340
0.279524
0.339240
0.412604
0.501784
0.592188
0.655684
0.668744
0.627740
0.558660
0.484224
0.393920
0.294548
0.234448
0.234492
0.252524
0.236908
0.184984
0.133228
0.105320
0.093160
0.081192
0.063056
0.029652
-0.026000
-0.099168
-0.174908
-0.222624
-0.225508
-0.198532
-0.164000
-0.141108
-0.142036
-0.163008
-0.194704
-0.231616
-0.257136
-0.246784
-0.200044
-0.143668
-0.097984
-0.059804
-0.013456
0.048556
0.112872
0.154848
0.151580
0.100584
0.027520
-0.041404
-0.076512
-0.043468
0.043636
0.120860
0.145136
0.118884
0.060968
-0.004092
-0.048856
-0.059796
-0.059684
-0.080936
-0.105588
-0.093680
-0.054392
-0.018692
0.029944
0.120368
0.227188
0.300404
0.320876
0.309128
0.297892
0.300380
0.310884
0.326220
0.342288
0.347252
0.336308
0.304536
0.238676
0.149944
0.077828
0.044844
0.045080
0.059232
0.066264
0.065420
0.075464
0.098336
0.110688
0.103912
0.094076
0.083468
0.052028
0.001812
-0.022288
0.014808
0.092348
0.163380
0.194484
0.176604
0.135700
0.115768
0.131576
0.152600
0.144864
0.107100
0.053344
-0.005064
-0.053144
-0.071552
-0.056260
-0.030408
-0.028852
-0.069320
-0.131644
-0.172344
-0.154108
-0.072292
0.027868
0.083620
0.068080
0.001112
-0.070416
-0.113188
-0.134152
-0.153456
-0.183552
-0.226068
-0.250012
-0.214400
-0.133000
-0.065668
-0.046924
-0.057788
-0.057740
-0.024468
0.030912
0.070600
0.060072
0.015968
-0.006260
0.012572
0.043812
0.065828
0.076232
0.065532
0.037224
0.030372
0.069536
0.121452
0.146668
0.156960
0.174408
0.199888
0.235660
0.274384
0.286648
0.249984
0.181304
0.120576
0.087944
0.073728
0.068364
0.086092
0.129544
0.168540
0.177488
0.158536
0.133144
0.123280
0.136948
0.166632
0.191640
0.181260
0.119088
0.027284
-0.044540
-0.064512
-0.053724
-0.049948
-0.061768
-0.082404
-0.108008
-0.136248
-0.163908
-0.180004
-0.165068
-0.113756
-0.053888
-0.020700
-0.028616
-0.083532
-0.173100
-0.234052
-0.221308
-0.187908
-0.198500
-0.232004
-0.223916
-0.159964
-0.094168
-0.080484
-0.117308
-0.158116
-0.170904
-0.172880
-0.193512
-0.232860
-0.272124
-0.301848
-0.321076
-0.313856
-0.259836
-0.165784
-0.054280
0.061144
0.166572
0.229728
0.218720
0.131644
0.021576
-0.028828
-0.011500
-0.003436
-0.050752
-0.113992
-0.132188
-0.096856
-0.051852
-0.036868
-0.052556
-0.078488
-0.091992
-0.082476
-0.061936
-0.046480
-0.040736
-0.052544
-0.096184
-0.161544
-0.200764
-0.173088
-0.098812
-0.028408
0.029256
0.090464
0.144008
0.166800
0.159620
0.147700
0.154052
0.176980
0.200784
0.212272
0.202916
0.172352
0.136964
0.125092
0.149580
0.193584
0.221596
0.200592
0.130392
0.046648
-0.020008
-0.065572
-0.090728
-0.093480
-0.092136
-0.111876
-0.142272
-0.151100
-0.139576
-0.139904
-0.153368
-0.139676
-0.072680
0.026096
0.108756
0.145504
0.148656
0.138788
0.107684
0.049188
-0.015304
-0.068752
-0.114124
-0.152276
-0.172804
-0.167328
-0.143844
-0.120148
-0.103748
-0.089884
-0.066904
-0.023988
0.026344
0.057988
0.066540
0.073848
0.095136
0.109928
0.095100
0.059756
0.020276
-0.019140
-0.054448
-0.077556
-0.082708
-0.067936
-0.041896
-0.020020
-0.001476
0.025924
0.058776
0.081944
0.094632
0.110816
0.135392
0.150200
0.129564
0.070300
-0.004772
-0.073024
-0.122892
-0.150356
-0.158404
-0.145468
-0.104480
-0.040124
0.027060
0.080412
0.115052
0.130960
0.130096
0.111732
0.073616
0.017200
-0.048468
-0.101228
-0.112400
-0.080604
-0.041052
-0.020440
-0.012540
-0.005872
-0.002276
-0.010500
-0.039096
-0.078624
-0.101716
-0.091564
-0.057008
-0.028408
-0.023408
-0.024872
-0.017416
-0.015076
-0.027280
-0.027520
0.006500
0.052672
0.074524
0.066756
0.058516
0.074816
0.108348
0.134224
0.141720
0.144184
0.154312
0.169772
0.183484
0.193844
0.202160
0.199320
0.171068
0.113008
0.045504
0.006672
0.008540
0.027420
0.029120
-0.000064
-0.032684
-0.034228
-0.013828
-0.013436
-0.045628
-0.079120
-0.088688
-0.082124
-0.077372
-0.083448
-0.101156
-0.123280
-0.139808
-0.141780
-0.124420
-0.096656
-0.073572
-0.060252
-0.052636
-0.043116
-0.028320
-0.014164
-0.006772
-0.013640
-0.039880
-0.064856
-0.055476
-0.008452
0.046164
0.085804
0.114792
0.133584
0.126948
0.096212
0.068480
0.061788
0.062052
0.046492
0.022064
0.018152
0.041796
0.064820
0.055936
0.011140
-0.048884
-0.084252
-0.054520
0.024084
0.092808
0.124432
0.131776
0.135680
0.141168
0.137532
0.121452
0.107444
0.106364
0.103576
0.077620
0.031624
-0.018584
-0.066740
-0.096340
-0.076868
-0.010016
0.066532
0.119980
0.127096
0.086376
0.036512
0.016684
0.025980
0.038968
0.032492
0.002912
-0.022268
-0.010036
0.040572
0.088840
0.080876
0.015092
-0.045332
-0.054472
-0.029024
-0.001028
0.018708
0.027696
0.022304
0.000232
-0.034068
-0.069108
-0.094004
-0.101600
-0.098288
-0.095788
-0.085600
-0.053516
-0.015132
-0.007032
-0.039300
-0.079000
-0.092644
-0.084192
-0.076532
-0.078624
-0.084808
-0.090908
-0.088312
-0.056436
0.007016
0.068784
0.087936
0.066136
0.052148
0.075488
0.113196
0.125528
0.098228
0.047564
-0.002784
-0.035704
-0.039076
-0.013388
0.018920
0.031308
0.018300
0.001316
0.004532
0.026596
0.047700
0.046092
0.016176
-0.021484
-0.047408
-0.061320
-0.071124
-0.080876
-0.082196
-0.062068
-0.022480
0.017700
0.040712
0.047600
0.052836
0.060188
0.061480
0.059004
0.061700
0.061088
0.045280
0.022880
0.003320
-0.023848
-0.065264
-0.103028
-0.115096
-0.096088
-0.061564
-0.032488
-0.015560
-0.006912
-0.004332
-0.008868
-0.011476
0.000744
0.017380
0.019228
0.012888
0.018876
0.035104
0.034660
0.006604
-0.021952
-0.017664
0.014520
0.032860
0.010492
-0.031412
-0.049516
-0.028300
0.011896
0.041956
0.038988
0.003872
-0.028448
-0.021832
0.022848
0.077688
0.118956
0.139992
0.144468
0.128756
0.093092
0.060284
0.049028
0.052940
0.057100
0.051104
0.032056
0.013156
0.014256
0.040920
0.080704
0.105976
0.093440
0.055176
0.023368
0.006344
-0.003852
-0.006072
-0.002828
-0.007660
-0.025340
-0.043108
-0.045848
-0.032536
-0.015924
-0.008232
-0.001648
0.030296
0.091384
0.147828
0.168520
0.148280
0.105792
0.074176
0.066120
0.063020
0.049764
0.031888
0.022184
0.023908
0.035212
0.066140
0.117168
0.161056
0.180476
0.184132
0.178120
0.157796
0.128144
0.102212
0.078596
0.052816
0.039000
0.053876
0.091204
0.122760
0.118796
0.072320
-0.000636
-0.074912
-0.114484
-0.106336
-0.081360
-0.062652
-0.045400
-0.023256
0.002832
0.029144
0.046692
0.039628
0.002356
-0.044160
-0.067356
-0.060020
-0.052016
-0.072444
-0.107616
-0.111060
-0.062676
0.002452
0.042140
0.046352
0.027152
0.007980
0.008216
0.024360
0.033832
0.016924
-0.025440
-0.071100
-0.094688
-0.089384
-0.067960
-0.047016
-0.030952
-0.012860
0.005080
0.009032
-0.003532
-0.018436
-0.022240
-0.016784
-0.014084
-0.017516
-0.015536
0.000952
0.017412
0.013344
-0.002212
-0.004560
0.010068
0.031060
0.050844
0.059952
0.048184
0.019468
-0.006000
-0.018228
-0.025284
-0.035312
-0.053236
-0.076444
-0.092560
-0.092404
-0.082812
-0.083960
-0.102172
-0.117308
-0.108164
-0.071952
-0.027344
-0.001468
0.001168
-0.004064
-0.008928
-0.014764
-0.023212
-0.033252
-0.044252
-0.056668
-0.069980
-0.083740
-0.094404
-0.094944
-0.082676
-0.065248
-0.059488
-0.072172
-0.082352
-0.066740
-0.030296
0.001880
0.003908
-0.027376
-0.065804
-0.088608
-0.098424
-0.106688
-0.112184
-0.106516
-0.094528
-0.088784
-0.087328
-0.074204
-0.043176
-0.011400
-0.005000
-0.029328
-0.058196
-0.068704
-0.064992
-0.057152
-0.047512
-0.041176
-0.049248
-0.065488
-0.060864
-0.023580
0.016180
0.017960
-0.020628
-0.065852
-0.087368
-0.072264
-0.029084
0.009444
0.018232
0.004572
-0.006516
0.005268
0.039496
0.076716
0.096476
0.088592
0.055316
0.011588
-0.019348
-0.021448
-0.004224
0.004784
-0.006264
-0.017924
-0.010936
0.003908
0.006044
-0.007168
-0.023156
-0.029532
-0.028388
-0.034232
-0.051100
-0.067404
-0.071720
-0.061892
-0.045980
-0.033332
-0.031940
-0.048660
-0.083276
-0.125608
-0.153936
-0.151960
-0.128036
-0.106428
-0.101676
-0.107244
-0.110764
-0.106212
-0.093392
-0.073596
-0.047268
-0.017776
0.014368
0.050464
0.076576
0.074564
0.046868
0.011956
-0.018004
-0.039340
-0.049524
-0.057724
-0.069208
-0.073128
-0.064096
-0.044304
-0.018440
0.005296
0.019420
0.022412
0.015840
-0.002140
-0.026292
-0.039644
-0.034396
-0.022808
-0.022536
-0.037644
-0.067208
-0.106304
-0.140016
-0.156612
-0.142548
-0.100116
-0.063544
-0.055732
-0.061424
-0.056120
-0.035856
-0.019120
-0.026156
-0.050576
-0.066876
-0.066132
-0.055272
-0.040556
-0.028604
-0.022660
-0.020612
-0.014564
-0.001436
0.005804
-0.006860
-0.039544
-0.075164
-0.089320
-0.074860
-0.050200
-0.043792
-0.063220
-0.082632
-0.077176
-0.046556
-0.009508
0.012176
0.013384
0.007776
0.007572
0.013040
0.023328
0.041020
0.064220
0.082768
0.091732
0.085992
0.061656
0.035468
0.020028
0.005332
-0.021116
-0.055420
-0.075964
-0.066600
-0.033628
0.003112
0.025100
0.021708
-0.002272
-0.025948
-0.034956
-0.035944
-0.038304
-0.040960
-0.045024
-0.049300
-0.039860
-0.012768
0.019772
0.043660
0.048492
0.035684
0.017628
0.009924
0.012564
0.006076
-0.019960
-0.051764
-0.066668
-0.052772
-0.023136
-0.011768
-0.031712
-0.055340
-0.050696
-0.015016
0.026528
0.047884
0.045104
0.031604
0.017092
-0.001860
-0.024740
-0.043348
-0.050596
-0.043944
-0.031100
-0.017692
-0.004464
-0.001056
-0.014968
-0.035832
-0.054460
-0.070572
-0.070908
-0.041044
0.007216
0.043996
0.054492
0.048268
0.038636
0.032440
0.035636
0.054896
0.085024
0.108192
0.112412
0.095384
0.061936
0.028452
0.015824
0.033032
0.060880
0.067196
0.054764
0.055888
0.076496
0.094632
0.098980
0.087864
0.056700
0.011264
-0.029756
-0.054280
-0.064696
-0.067780
-0.069800
-0.070848
-0.059964
-0.033900
-0.006884
0.006788
0.006976
0.006020
0.012452
0.018540
0.011872
-0.008144
-0.031016
-0.046132
-0.051012
-0.048924
-0.047104
-0.054852
-0.068336
-0.071176
-0.057500
-0.034804
-0.017076
-0.016000
-0.025052
-0.031948
-0.034652
-0.035564
-0.038640
-0.041424
-0.029412
-0.000476
0.026412
0.038536
0.036100
0.027548
0.021484
0.015460
0.003120
-0.014576
-0.026076
-0.023576
-0.014808
-0.010920
-0.014212
-0.016572
-0.009032
0.008000
0.026008
0.032240
0.024992
0.015224
0.008252
0.004744
0.001324
-0.009896
-0.029732
-0.055228
-0.077156
-0.081644
-0.068128
-0.046936
-0.026544
-0.004296
0.021652
0.042860
0.053036
0.054620
0.055292
0.056244
0.046576
0.022456
0.002256
0.003132
0.017904
0.021464
-0.000016
-0.033244
-0.059740
-0.071872
-0.067960
-0.049940
-0.025104
-0.004352
0.007460
0.010884
0.006416
0.002304
0.005640
0.010656
0.009356
0.001776
-0.006492
-0.016088
-0.029844
-0.034688
-0.018832
0.005596
0.024032
0.036624
0.042272
0.034708
0.018060
0.001316
-0.010352
-0.012996
-0.009068
0.000556
0.023132
0.059272
0.095628
0.115976
0.115472
0.102600
0.090368
0.081180
0.067956
0.050920
0.035612
0.024004
0.013560
0.002752
-0.000104
0.015996
0.044844
0.064864
0.064392
0.050328
0.035124
0.025520
0.023304
0.028548
0.035516
0.037180
0.038264
0.048168
0.060828
0.061176
0.048636
0.035720
0.028204
0.020776
0.007272
-0.014204
-0.036912
-0.046696
-0.041652
-0.036720
-0.035300
-0.026220
-0.011464
-0.001696
0.000932
-0.001852
-0.009860
-0.022752
-0.034252
-0.036988
-0.032384
-0.020504
0.004028
0.033960
0.050572
0.043924
0.017836
-0.009628
-0.020164
-0.017416
-0.012388
-0.009656
-0.016412
-0.029412
-0.029164
-0.008200
0.021856
0.048700
0.067688
0.076012
0.073196
0.068068
0.063608
0.051308
0.026560
-0.009416
-0.046440
-0.062240
-0.048040
-0.024116
-0.009296
-0.004116
-0.005332
-0.005700
0.006296
0.028888
0.042728
0.028144
-0.010108
-0.040224
-0.041360
-0.026100
-0.014576
-0.012284
-0.014916
-0.020540
-0.030592
-0.040168
-0.044036
-0.040932
-0.031296
-0.023132
-0.020504
-0.014684
-0.001612
0.008328
0.001016
-0.023924
-0.043592
-0.037224
-0.016060
-0.003092
-0.002888
-0.007748
-0.010336
-0.004944
-0.001060
-0.015600
-0.039664
-0.052836
-0.052948
-0.044748
-0.029500
-0.015400
-0.012208
-0.014768
-0.006436
0.016244
0.035948
0.040552
0.033620
0.022736
0.016448
0.022828
0.042844
0.064732
0.074428
0.071848
0.067152
0.070048
0.076892
0.072420
0.053580
0.033744
0.024504
0.028252
0.042724
0.059600
0.067580
0.067896
0.065940
0.055172
0.036104
0.019752
0.007440
-0.004868
-0.012524
-0.009456
-0.000000
0.011568
0.027124
0.044536
0.054620
0.054248
0.053588
0.059272
0.065912
0.070480
0.074132
0.074896
0.076536
0.084160
0.088680
0.076164
0.044328
0.003824
-0.031216
-0.051044
-0.053516
-0.043784
-0.027684
-0.006220
0.021284
0.053924
0.086816
0.105628
0.103712
0.090280
0.067544
0.033972
-0.002040
-0.029216
-0.044088
-0.056124
-0.068804
-0.072620
-0.060672
-0.027648
0.017944
0.049380
0.055240
0.043640
0.021844
0.000380
-0.012632
-0.024040
-0.038132
-0.042284
-0.028300
-0.008992
0.001552
0.004076
0.004500
0.007816
0.019676
0.036028
0.044296
0.041436
0.034280
0.028688
0.026900
0.027884
0.032128
0.039788
0.045536
0.048184
0.044924
0.030368
0.017092
0.019464
0.026824
0.021612
0.006020
-0.004388
-0.002720
0.005604
0.014340
0.022412
0.029000
0.029680
0.026932
0.027852
0.030884
0.033424
0.034788
0.029384
0.014500
-0.003616
-0.017668
-0.023432
-0.016972
-0.000096
0.011368
0.000292
-0.022928
-0.028804
-0.014780
-0.003476
-0.002604
-0.006556
-0.007940
0.001888
0.018212
0.027032
0.025044
0.018240
0.010316
0.005548
0.011580
0.026396
0.033736
0.021372
-0.004852
-0.026836
-0.032392
-0.022416
-0.001200
0.023388
0.034244
0.018528
-0.013100
-0.039668
-0.052892
-0.053576
-0.045260
-0.035064
-0.031268
-0.036068
-0.042212
-0.042840
-0.036604
-0.020016
0.007336
0.034860
0.046428
0.029124
-0.009804
-0.043116
-0.047176
-0.023564
0.002516
0.009744
-0.005080
-0.029644
-0.043040
-0.036992
-0.020128
0.000852
0.020180
0.028960
0.030256
0.038784
0.054468
0.055360
0.031228
0.000716
-0.020112
-0.033516
-0.043856
-0.052076
-0.052964
-0.039616
-0.021080
-0.011524
-0.010312
-0.013732
-0.018688
-0.017764
-0.009540
0.000052
0.002452
-0.009040
-0.029288
-0.044408
-0.044436
-0.028520
-0.005244
0.015356
0.026344
0.021404
0.001520
-0.021588
-0.035700
-0.035176
-0.018100
0.005820
0.016940
0.012668
0.008928
0.015476
0.027372
0.035712
0.039408
0.040684
0.033360
0.012804
-0.009732
-0.021388
-0.026340
-0.031540
-0.030196
-0.023976
-0.029712
-0.048052
-0.060096
-0.053256
-0.035368
-0.023476
-0.021748
-0.021364
-0.016524
-0.004996
0.013516
0.029892
0.036396
0.034220
0.028068
0.026628
0.033476
0.040872
0.035328
0.012884
-0.012560
-0.027280
-0.027732
-0.014496
0.004576
0.020240
0.033672
0.046420
0.052928
0.051500
0.043192
0.026812
0.008364
-0.001488
0.000060
0.006324
0.011776
0.015372
0.014032
0.007928
0.005544
0.009392
0.003664
-0.023660
-0.058980
-0.082208
-0.086828
-0.075732
-0.055736
-0.036228
-0.025236
-0.026180
-0.033444
-0.031304
-0.013772
0.004024
0.010044
0.006464
-0.004972
-0.021856
-0.034880
-0.037380
-0.036532
-0.042104
-0.045460
-0.033924
-0.012272
0.008932
0.021944
0.019684
0.000688
-0.024560
-0.037764
-0.034256
-0.027720
-0.024648
-0.017728
-0.006020
0.004316
0.013464
0.024748
0.037968
0.052804
0.068864
0.078760
0.074124
0.059692
0.046880
0.036692
0.021556
0.000860
-0.014740
-0.019292
-0.020892
-0.025004
-0.026660
-0.024460
-0.023852
-0.023512
-0.016224
-0.002604
0.009888
0.013396
0.004964
-0.008480
-0.018224
-0.025312
-0.033156
-0.034768
-0.020164
0.011012
0.047900
0.074036
0.081848
0.075952
0.060952
0.039904
0.019380
0.003252
-0.011132
-0.020932
-0.016500
0.001620
0.021224
0.031348
0.026080
0.011324
0.003820
0.007552
0.011460
0.014256
0.023052
0.036292
0.047352
0.052216
0.050684
0.045036
0.039620
0.035780
0.027748
0.018504
0.018820
0.029748
0.046748
0.065124
0.077268
0.074732
0.057624
0.039024
0.031076
0.032412
0.036488
0.037476
0.030264
0.016916
0.004464
-0.004696
-0.013632
-0.024576
-0.035096
-0.039580
-0.036296
-0.028176
-0.016984
-0.004156
0.004992
0.004528
-0.001708
-0.002212
0.005592
0.011012
0.008468
0.005680
0.005068
-0.004748
-0.027844
-0.047052
-0.045616
-0.029960
-0.017828
-0.010600
0.004876
0.027684
0.041852
0.038952
0.025596
0.013380
0.003160
-0.012808
-0.033304
-0.048324
-0.054268
-0.052904
-0.044224
-0.032836
-0.023208
-0.009704
0.009048
0.021640
0.020944
0.011796
0.001292
-0.004428
-0.002752
0.000232
0.000324
-0.000516
-0.002476
-0.004172
-0.003032
-0.001512
-0.001896
-0.002464
-0.002416
-0.004116
-0.011452
-0.027416
-0.047252
-0.054792
-0.038752
-0.014220
-0.008788
-0.027288
-0.051980
-0.068528
-0.073696
-0.070268
-0.065816
-0.066108
-0.069708
-0.073160
-0.072548
-0.062432
-0.041328
-0.019400
-0.012856
-0.026404
-0.047440
-0.059256
-0.055932
-0.045128
-0.037084
-0.032016
-0.022640
-0.007772
0.004860
0.010936
0.015096
0.023124
0.029752
0.022756
0.003712
-0.014096
-0.026684
-0.039620
-0.049964
-0.045264
-0.024144
-0.001684
0.012276
0.020560
0.024216
0.020260
0.009072
-0.006796
-0.027788
-0.046340
-0.049320
-0.041548
-0.035060
-0.028016
-0.016524
-0.006608
-0.004168
-0.007648
-0.014892
-0.024228
-0.030664
-0.032364
-0.032468
-0.033808
-0.039220
-0.045220
-0.039616
-0.019124
0.004424
0.016292
0.007920
-0.012208
-0.021000
-0.007492
0.017164
0.036296
0.041544
0.036824
0.034016
0.039424
0.048800
0.052564
0.040572
0.012128
-0.021232
-0.046112
-0.054656
-0.045784
-0.029348
-0.019856
-0.019300
-0.020704
-0.020176
-0.017504
-0.015136
-0.014784
-0.012016
0.000196
0.019276
0.034304
0.041916
0.046656
0.052296
0.059396
0.059952
0.047904
0.032796
0.024016
0.018864
0.013404
0.006092
-0.003720
-0.009664
-0.003104
0.013476
0.026108
0.025328
0.017584
0.014740
0.018816
0.022620
0.023656
0.027248
0.035988
0.047056
0.053044
0.046848
0.032860
0.022160
0.020460
0.027956
0.036220
0.031500
0.011484
-0.014228
-0.034176
-0.043160
-0.048280
-0.053568
-0.049964
-0.036412
-0.025552
-0.024124
-0.024912
-0.018232
-0.004652
0.011108
0.025952
0.031244
0.020320
0.004524
0.001044
0.009904
0.021028
0.029620
0.035064
0.038564
0.043468
0.049988
0.053356
0.050612
0.043848
0.037840
0.034012
0.029644
0.022752
0.014356
0.008848
0.010060
0.018968
0.031724
0.041568
0.044612
0.038612
0.025248
0.009968
-0.003692
-0.011840
-0.013424
-0.014264
-0.013356
-0.004140
0.008964
0.020100
0.032312
0.044488
0.050788
0.051652
0.047568
0.036492
0.023364
0.017224
0.019792
0.025748
0.030156
0.029732
0.023080
0.014072
0.012256
0.022800
0.037936
0.046376
0.044500
0.035024
0.021976
0.010780
0.008172
0.012376
0.012972
0.004840
-0.004948
-0.005524
0.003576
0.012952
0.014644
0.012436
0.014968
0.023408
0.035720
0.048232
0.053400
0.044068
0.022672
0.003700
-0.000284
0.009800
0.022860
0.028452
0.026468
0.019988
0.009500
0.004584
0.014528
0.028408
0.031680
0.026892
0.019512
0.008828
-0.002960
-0.013104
-0.021076
-0.022392
-0.014664
-0.007852
-0.009768
-0.015124
-0.017268
-0.013544
-0.005420
-0.000384
-0.004688
-0.016048
-0.026416
-0.029296
-0.026812
-0.024380
-0.023952
-0.024104
-0.020316
-0.011352
-0.001564
0.004576
0.008884
0.018076
0.031672
0.043516
0.049444
0.043388
0.027588
0.018012
0.017040
0.010220
-0.002852
-0.007036
-0.000216
0.003384
0.000444
0.002068
0.012060
0.024284
0.031480
0.028728
0.016964
0.001000
-0.017648
-0.038360
-0.053388
-0.057400
-0.055332
-0.051912
-0.047880
-0.042416
-0.035936
-0.026520
-0.009964
0.009924
0.029200
0.046356
0.056400
0.055268
0.041620
0.020192
-0.004424
-0.029972
-0.047536
-0.052628
-0.051820
-0.047628
-0.039544
-0.034104
-0.032576
-0.027988
-0.019752
-0.012512
-0.007296
-0.003168
-0.002412
-0.004900
-0.010512
-0.020600
-0.026868
-0.023912
-0.019044
-0.013644
-0.003080
0.009336
0.019348
0.027488
0.029796
0.020728
0.007596
0.002224
0.001172
-0.005336
-0.014432
-0.021896
-0.032356
-0.043984
-0.045656
-0.035724
-0.029076
-0.035336
-0.042944
-0.039540
-0.030128
-0.022672
-0.017612
-0.015188
-0.013224
-0.004636
0.007820
0.011228
0.004928
-0.002116
-0.008632
-0.013600
-0.013004
-0.007748
-0.001356
0.000100
-0.010492
-0.031492
-0.048760
-0.049620
-0.037604
-0.028780
-0.032604
-0.040168
-0.043460
-0.046408
-0.046704
-0.039400
-0.031176
-0.027848
-0.028636
-0.033372
-0.036084
-0.028944
-0.016268
-0.005404
0.003560
0.008540
0.003328
-0.006148
-0.006288
0.000032
0.003124
0.003112
0.001052
-0.000880
0.000112
-0.000536
-0.007576
-0.019236
-0.026340
-0.023336
-0.019656
-0.022412
-0.025864
-0.024660
-0.016608
-0.000596
0.017464
0.029436
0.035984
0.038484
0.029904
0.011088
-0.001976
-0.001776
-0.001332
-0.010500
-0.023240
-0.032856
-0.034052
-0.023716
-0.008704
0.002944
0.006608
-0.002580
-0.021316
-0.035380
-0.036328
-0.032196
-0.032092
-0.032496
-0.026240
-0.014628
-0.006460
-0.002396
0.004156
0.009196
0.007916
0.003968
-0.003780
-0.013944
-0.016092
-0.008376
0.000112
0.001372
-0.005624
-0.014516
-0.016460
-0.013088
-0.014828
-0.018908
-0.013092
0.002320
0.015712
0.018240
0.009052
-0.006096
-0.019216
-0.024000
-0.019308
-0.011896
-0.010000
-0.013556
-0.012912
-0.002588
0.011056
0.019640
0.016548
0.005576
-0.001300
-0.005960
-0.012664
-0.016212
-0.018720
-0.021532
-0.017116
-0.005968
0.005272
0.014828
0.022324
0.027000
0.029644
0.029740
0.022836
0.007928
-0.006976
-0.013624
-0.010224
-0.002040
0.001580
-0.001388
0.000416
0.011912
0.019720
0.013008
-0.002736
-0.013940
-0.014176
-0.010140
-0.009356
-0.006628
0.004088
0.015612
0.024916
0.036660
0.041896
0.030328
0.009980
-0.008324
-0.020772
-0.021944
-0.010688
0.000656
-0.001884
-0.015428
-0.020400
-0.006344
0.012912
0.019248
0.009812
-0.004556
-0.015732
-0.024884
-0.028700
-0.021724
-0.008132
0.006016
0.019000
0.027080
0.028376
0.031212
0.039404
0.043744
0.038924
0.026828
0.011396
0.000804
-0.002060
-0.002436
-0.000544
0.005400
0.009680
0.007660
0.001184
-0.005236
-0.003040
0.009196
0.020272
0.028268
0.035908
0.034068
0.021820
0.010640
0.006668
0.011956
0.024652
0.034760
0.033064
0.020468
0.006540
0.002300
0.009628
0.018456
0.019096
0.010072
-0.003312
-0.009360
0.001972
0.026328
0.046788
0.050508
0.041316
0.033332
0.032732
0.032064
0.020804
-0.000348
-0.016524
-0.016380
-0.001172
0.021852
0.039344
0.043512
0.041376
0.036332
0.027404
0.023068
0.027500
0.030840
0.027828
0.024760
0.025480
0.026148
0.019540
0.002948
-0.017000
-0.034400
-0.049472
-0.060048
-0.062736
-0.059608
-0.053132
-0.043196
-0.032308
-0.022488
-0.013944
-0.008468
-0.003920
0.001080
0.001976
-0.000116
0.000072
0.001672
0.001756
0.000880
0.000576
0.002260
0.011096
0.030188
0.048348
0.050624
0.038876
0.026276
0.021272
0.022736
0.021564
0.011776
0.000236
-0.002392
0.001800
0.006168
0.016744
0.034868
0.048612
0.050992
0.040660
0.020596
0.000712
-0.011880
-0.017208
-0.017804
-0.015144
-0.010352
-0.005616
-0.001720
0.002988
0.008840
0.011412
0.006184
-0.005320
-0.017360
-0.026532
-0.031888
-0.028924
-0.016772
-0.005780
-0.000208
0.006276
0.010968
0.009512
0.004728
-0.003820
-0.010752
-0.007320
-0.003356
-0.011776
-0.028148
-0.041792
-0.042088
-0.028252
-0.014144
-0.009564
-0.013272
-0.018876
-0.022184
-0.023184
-0.022092
-0.021192
-0.021800
-0.018980
-0.011612
-0.005376
-0.002036
-0.004316
-0.016260
-0.032320
-0.043024
-0.044128
-0.036084
-0.025332
-0.016212
-0.006596
-0.001328
-0.004084
-0.006160
-0.003024
-0.000128
-0.001552
-0.007844
-0.014932
-0.017484
-0.017080
-0.014836
-0.008188
0.003980
0.016240
0.014992
-0.000508
-0.013912
-0.016220
-0.009816
0.000672
0.007680
0.002824
-0.008076
-0.009980
-0.003784
-0.001580
-0.003656
-0.004900
-0.009276
-0.016932
-0.023028
-0.028816
-0.033140
-0.030384
-0.023188
-0.021372
-0.024696
-0.022600
-0.014460
-0.010908
-0.013908
-0.018024
-0.022916
-0.025908
-0.021188
-0.010916
-0.003720
-0.000612
0.007244
0.018896
0.024888
0.025044
0.021604
0.015384
0.010240
0.006736
-0.000648
-0.012912
-0.021812
-0.021152
-0.011152
0.002208
0.012088
0.017408
0.016692
0.009980
0.005724
0.011996
0.026100
0.035388
0.032368
0.023416
0.017452
0.015188
0.011920
0.009188
0.013516
0.023464
0.029984
0.026964
0.018220
0.012384
0.010428
0.006136
-0.004012
-0.013440
-0.015368
-0.012808
-0.006620
0.004592
0.016160
0.022568
0.021624
0.016852
0.012284
0.004284
-0.007600
-0.014080
-0.011800
-0.011656
-0.020024
-0.025096
-0.017484
-0.004816
0.004496
0.008396
0.006648
0.002724
0.001480
0.006792
0.017728
0.023184
0.013636
-0.003296
-0.013296
-0.012996
-0.009644
-0.009268
-0.007720
-0.001760
0.004896
0.011672
0.017056
0.015608
0.007840
0.001864
0.001728
0.001672
-0.001648
-0.003172
-0.003136
-0.009832
-0.022636
-0.028464
-0.022700
-0.015116
-0.014208
-0.021648
-0.029428
-0.026368
-0.013664
-0.000344
0.007340
0.007668
0.005796
0.010076
0.019816
0.026952
0.031012
0.037288
0.042628
0.039964
0.029360
0.016520
0.006752
-0.001916
-0.011260
-0.012104
-0.002332
0.005092
0.006300
0.006576
0.008768
0.017944
0.031812
0.037004
0.027892
0.013468
0.004312
0.004108
0.009636
0.012196
0.007320
-0.000364
-0.006108
-0.007664
-0.001624
0.011352
0.021156
0.021108
0.017604
0.016340
0.013964
0.008560
0.006036
0.008572
0.010004
0.008300
0.010064
0.017380
0.020868
0.017148
0.015116
0.020772
0.029732
0.033808
0.031612
0.027632
0.023560
0.018404
0.012388
0.003988
-0.004288
-0.004664
0.001296
0.006608
0.012320
0.019832
0.021592
0.016012
0.013888
0.017920
0.020164
0.018736
0.017556
0.016156
0.013516
0.014640
0.020060
0.023740
0.024084
0.021052
0.014616
0.008156
0.002228
-0.002964
-0.003788
-0.003820
-0.008504
-0.013904
-0.015368
-0.014496
-0.016412
-0.020228
-0.018384
-0.013144
-0.012332
-0.009720
0.003400
0.020276
0.030320
0.033960
0.034152
0.025200
0.003672
-0.018724
-0.026264
-0.020444
-0.012204
-0.005144
-0.002688
-0.005888
-0.005148
0.003652
0.008032
-0.001324
-0.013688
-0.018308
-0.020364
-0.020916
-0.015940
-0.010972
-0.007380
-0.000632
0.005404
0.005912
0.003980
0.004932
0.011480
0.022028
0.029280
0.028440
0.023476
0.016516
0.007824
0.002748
0.000640
-0.004552
-0.012416
-0.017348
-0.016396
-0.014468
-0.015972
-0.018384
-0.017544
-0.012100
-0.003648
0.003872
0.005204
0.001904
0.001228
0.006252
0.014428
0.019312
0.017952
0.014364
0.010788
0.005984
0.003076
0.004728
0.007308
0.010384
0.012180
0.006356
-0.003200
-0.008364
-0.008076
-0.005928
-0.006304
-0.008592
-0.009268
-0.008264
-0.007692
-0.008168
-0.008564
-0.005156
0.005612
0.019072
0.025444
0.019936
0.006804
-0.004716
-0.011648
-0.016464
-0.019716
-0.022192
-0.021704
-0.014092
-0.003996
0.000544
0.000268
-0.000544
-0.004204
-0.013896
-0.022080
-0.024724
-0.031824
-0.042036
-0.043224
-0.038452
-0.031704
-0.015204
0.005808
0.018120
0.023796
0.027688
0.030824
0.034840
0.037176
0.035680
0.029328
0.017336
0.004892
-0.004392
-0.012716
-0.019128
-0.023804
-0.029100
-0.030100
-0.022120
-0.010212
-0.004404
-0.002368
0.006320
0.012444
0.005196
-0.003308
-0.005152
-0.007756
-0.014400
-0.019300
-0.020140
-0.024336
-0.031580
-0.030632
-0.019068
-0.007352
-0.004804
-0.007924
-0.009712
-0.009840
-0.008072
-0.002904
0.002972
0.004612
-0.000164
-0.008148
-0.011100
-0.007212
-0.004860
-0.007076
-0.011544
-0.018216
-0.023356
-0.023252
-0.020224
-0.016140
-0.010892
-0.008328
-0.008156
-0.002804
0.006232
0.012280
0.013596
0.011936
0.011732
0.013616
0.014288
0.013548
0.013112
0.009952
0.002636
-0.000664
0.004388
0.011612
0.014692
0.013004
0.011128
0.016412
0.030032
0.039320
0.033648
0.020088
0.009784
0.004916
0.002004
-0.003136
-0.012912
-0.025488
-0.032756
-0.030752
-0.027452
-0.027168
-0.024516
-0.019760
-0.016848
-0.011928
-0.002596
0.003628
0.001820
-0.001472
-0.003260
-0.009692
-0.020072
-0.027932
-0.030864
-0.028568
-0.022368
-0.016684
-0.013424
-0.010580
-0.009592
-0.009892
-0.005824
0.001448
0.003860
0.000600
-0.000580
0.000204
-0.006392
-0.020664
-0.033504
-0.039744
-0.037580
-0.028804
-0.019148
-0.012368
-0.008276
-0.003784
0.002792
0.009936
0.011148
0.000208
-0.012796
-0.014316
-0.009868
-0.005772
0.000388
0.004512
0.005756
0.007132
0.003736
-0.002968
-0.006572
-0.008316
-0.009308
-0.012196
-0.019684
-0.023976
-0.020852
-0.018396
-0.020420
-0.020660
-0.014892
-0.008872
-0.009276
-0.012448
-0.010308
-0.003004
-0.001660
-0.010480
-0.019620
-0.026336
-0.031620
-0.031268
-0.028448
-0.027380
-0.024336
-0.018024
-0.012608
-0.010380
-0.006884
0.002112
0.010604
0.012068
0.007768
0.000968
-0.007180
-0.017284
-0.027292
-0.031540
-0.029520
-0.027336
-0.023824
-0.013140
-0.001768
-0.003492
-0.014392
-0.015600
-0.003952
0.009568
0.017148
0.017780
0.013600
0.006056
0.000808
0.001800
0.003516
-0.000608
-0.010088
-0.020880
-0.029780
-0.032352
-0.029200
-0.028248
-0.033212
-0.041308
-0.046040
-0.042120
-0.031700
-0.019964
-0.011724
-0.011816
-0.018204
-0.019244
-0.011088
-0.005992
-0.008512
-0.007220
0.000432
0.003444
-0.000052
-0.001592
0.000604
0.001796
0.000756
0.001168
0.006204
0.012456
0.010372
-0.000076
-0.004640
-0.000872
0.000628
0.003216
0.014444
0.024696
0.021664
0.011152
0.008804
0.015216
0.016608
0.011348
0.009392
0.011524
0.012448
0.010960
0.006220
-0.000496
-0.004124
-0.006372
-0.010000
-0.011176
-0.009788
-0.009952
-0.011488
-0.011772
-0.011136
-0.011144
-0.010912
-0.006456
0.000736
0.001996
-0.003968
-0.011424
-0.017660
-0.017008
-0.004924
0.009108
0.014568
0.015492
0.019076
0.022128
0.020592
0.015040
0.009900
0.009856
0.007588
0.000852
0.003304
0.014264
0.020596
0.020204
0.014072
0.007284
0.008516
0.014800
0.022240
0.030884
0.036392
0.037656
0.034448
0.026300
0.019964
0.017644
0.012568
0.003400
-0.003636
-0.007688
-0.011272
-0.012056
-0.010704
-0.011100
-0.009900
-0.002864
0.002280
-0.000392
-0.003400
-0.001828
-0.000084
0.001652
0.007980
0.013088
0.007880
-0.002256
-0.006204
-0.003632
0.000900
0.007996
0.017436
0.025760
0.032376
0.038320
0.041992
0.042188
0.041424
0.040604
0.036904
0.031868
0.027992
0.023320
0.020292
0.021676
0.022660
0.017492
0.009080
0.010460
0.022008
0.025556
0.016520
0.007808
0.007272
0.015440
0.028344
0.035312
0.031076
0.022280
0.015028
0.008388
-0.002236
-0.012884
-0.013232
-0.006316
-0.001016
0.004024
0.009184
0.008860
0.007040
0.013376
0.022868
0.022216
0.012044
0.004364
0.002120
0.000408
0.002048
0.009792
0.018076
0.022464
0.025856
0.030792
0.032652
0.030972
0.031044
0.031088
0.024528
0.014200
0.009400
0.010748
0.013912
0.019736
0.027764
0.032124
0.031172
0.029788
0.030956
0.032712
0.033112
0.031164
0.022768
0.010424
0.005904
0.007228
0.003560
-0.001296
-0.000736
0.001008
-0.000112
-0.001608
-0.001476
-0.001112
-0.001256
-0.001388
-0.001480
-0.001736
0.000572
0.007548
0.014644
0.018900
0.020536
0.019508
0.018852
0.017220
0.011132
0.004184
-0.002036
-0.008596
-0.012836
-0.015932
-0.018464
-0.011792
0.003644
0.012168
0.008260
0.003764
0.006848
0.015060
0.022048
0.021932
0.017784
0.015104
0.009388
-0.002516
-0.012432
-0.013440
-0.010256
-0.010428
-0.013400
-0.014716
-0.013260
-0.007824
0.001632
0.008544
0.008688
0.007684
0.013348
0.021900
0.022760
0.018040
0.014656
0.011528
0.009204
0.010060
0.011156
0.010632
0.012636
0.018848
0.022628
0.020332
0.017976
0.019264
0.020860
0.020708
0.018536
0.011884
0.002964
-0.003012
-0.007924
-0.012220
-0.011916
-0.011944
-0.019496
-0.027140
-0.025620
-0.021412
-0.022540
-0.023616
-0.017432
-0.010760
-0.011600
-0.011528
-0.005320
-0.004804
-0.013108
-0.019380
-0.022144
-0.024504
-0.024344
-0.023352
-0.024508
-0.023408
-0.016244
-0.011224
-0.014448
-0.015236
-0.006148
0.000924
-0.002520
-0.004072
0.005240
0.012564
0.008936
0.006012
0.013068
0.021968
0.020204
0.006916
-0.007264
-0.016140
-0.023224
-0.029884
-0.033460
-0.033720
-0.030480
-0.023028
-0.015932
-0.013920
-0.012060
-0.005264
-0.000608
-0.002712
-0.004860
-0.006392
-0.011788
-0.016900
-0.019384
-0.022672
-0.027876
-0.034012
-0.036604
-0.034364
-0.031756
-0.028024
-0.020004
-0.012300
-0.008632
-0.007372
-0.010620
-0.016108
-0.019540
-0.022964
-0.024504
-0.022924
-0.022816
-0.024204
-0.020636
-0.012952
-0.011260
-0.015400
-0.016268
-0.013488
-0.012436
-0.013028
-0.009268
-0.001676
0.000112
-0.004012
-0.004944
-0.002092
-0.001352
-0.005568
-0.012360
-0.014312
-0.006624
0.001960
-0.000556
-0.011076
-0.018140
-0.020212
-0.022712
-0.024228
-0.023348
-0.021684
-0.016780
-0.011612
-0.011900
-0.011104
-0.004248
0.000160
-0.002108
-0.004304
-0.002652
-0.002808
-0.009612
-0.016016
-0.014348
-0.009584
-0.008480
-0.011472
-0.014696
-0.014212
-0.012160
-0.014672
-0.023956
-0.033300
-0.035976
-0.032048
-0.022456
-0.010152
-0.002428
-0.000608
0.003320
0.008028
0.003924
-0.003684
-0.006296
-0.009232
-0.010824
-0.003620
0.000396
-0.009300
-0.018408
-0.012396
0.001904
0.009472
0.008092
0.005824
0.006652
0.008808
0.012844
0.019520
0.022448
0.021044
0.024544
0.031872
0.033332
0.029960
0.029292
0.031284
0.029724
0.020956
0.009916
0.002664
-0.000840
-0.001088
-0.000296
-0.000900
0.001816
0.008764
0.010832
0.006788
0.003396
-0.000484
-0.008476
-0.015864
-0.017016
-0.014296
-0.011296
-0.006860
-0.002556
-0.005544
-0.014096
-0.016944
-0.012912
-0.010456
-0.009720
-0.005620
-0.001188
0.000420
0.001240
-0.000320
-0.003884
-0.004052
-0.001896
-0.000128
0.004512
0.009472
0.010340
0.011712
0.012676
0.011716
0.016068
0.021080
0.015916
0.006780
0.005544
0.010020
0.011264
0.008692
0.007172
0.009004
0.014392
0.020068
0.019616
0.011052
0.000276
-0.006852
-0.011164
-0.013220
-0.012456
-0.012264
-0.013956
-0.014848
-0.012596
-0.006620
-0.000108
0.001044
-0.003744
-0.006512
-0.003600
-0.001060
-0.002028
-0.003476
-0.006476
-0.012976
-0.016164
-0.013152
-0.011200
-0.011656
-0.011792
-0.013680
-0.015644
-0.014676
-0.013604
-0.013792
-0.010284
-0.002420
0.003812
0.006980
0.007380
0.006024
0.006488
0.007692
0.003696
-0.004052
-0.006104
-0.005072
-0.010184
-0.016140
-0.015188
-0.012496
-0.012428
-0.008952
-0.002280
-0.001796
-0.004744
0.000412
0.009632
0.010172
0.005264
0.005196
0.008472
0.009472
0.006580
-0.000236
-0.004656
0.000944
0.010700
0.015416
0.016520
0.017344
0.017536
0.017588
0.019104
0.023792
0.029008
0.026688
0.018008
0.015132
0.019812
0.022036
0.019548
0.016776
0.012944
0.007928
0.006724
0.009084
0.009548
0.007708
0.007032
0.006672
0.002208
-0.001472
0.003512
0.006496
-0.002716
-0.014308
-0.020980
-0.024480
-0.024820
-0.021256
-0.015192
-0.010024
-0.006440
-0.001888
0.004592
0.006088
-0.002312
-0.010740
-0.014280
-0.019372
-0.022472
-0.016500
-0.008012
-0.004352
-0.002880
0.001360
0.007272
0.007188
-0.000592
-0.008016
-0.009732
-0.009400
-0.010300
-0.007952
-0.002500
-0.001600
-0.004832
-0.005472
-0.001692
0.004456
0.008820
0.008164
0.005796
0.006224
0.008040
0.008400
0.007768
0.007592
0.007912
0.008020
0.007756
0.007804
0.011196
0.018492
0.024872
0.028568
0.029732
0.028576
0.026596
0.022868
0.018476
0.014688
0.007540
-0.001372
-0.004276
-0.001728
-0.000852
-0.002872
-0.001956
0.004392
0.009436
0.007768
0.002948
0.000096
-0.001000
-0.002524
-0.001236
0.005228
0.010028
0.008136
0.005872
0.011552
0.020520
0.019360
0.008888
0.003584
0.005344
0.002928
-0.003512
-0.004764
-0.002132
-0.002232
-0.004160
-0.002268
0.004268
0.009060
0.010148
0.013532
0.016700
0.011500
0.002396
-0.001924
0.000352
0.007044
0.011044
0.008180
0.004936
0.006320
0.008180
0.004888
-0.002148
-0.005440
-0.002964
-0.000996
-0.002636
-0.003864
-0.000780
0.002868
0.000060
-0.006216
-0.008416
-0.005800
-0.001892
0.001172
0.004856
0.007996
0.007804
0.005548
0.000940
-0.004388
-0.004152
-0.000712
-0.000936
-0.003364
-0.003892
-0.002952
-0.002660
-0.003116
-0.002828
0.000036
0.002964
0.000020
-0.005000
-0.001560
0.007992
0.011232
0.007020
0.003936
0.002244
-0.001800
-0.004472
-0.003136
-0.002080
-0.003452
-0.004772
-0.003764
-0.000096
0.001956
-0.002084
-0.006884
-0.006868
-0.007128
-0.011076
-0.015128
-0.016784
-0.015468
-0.011100
-0.006096
-0.005000
-0.006852
-0.002916
0.008308
0.014464
0.010324
0.004776
0.000960
-0.000236
0.004428
0.005072
-0.002412
-0.007504
-0.010284
-0.015956
-0.022800
-0.024788
-0.018316
-0.011264
-0.012240
-0.016712
-0.016840
-0.014108
-0.013484
-0.015856
-0.021040
-0.026592
-0.024964
-0.015616
-0.008768
-0.005784
0.000232
0.009144
0.016536
0.018328
0.014316
0.008780
0.004340
0.000388
-0.002832
-0.003372
-0.002372
-0.002884
-0.004408
-0.004760
-0.004088
-0.003632
-0.003624
-0.003612
-0.003724
-0.007172
-0.014016
-0.013204
-0.002760
0.001252
-0.004672
-0.007660
-0.004572
-0.002456
-0.003484
-0.004352
-0.004228
-0.007828
-0.015080
-0.017012
-0.013624
-0.015004
-0.020812
-0.020352
-0.014060
-0.012052
-0.011104
-0.004920
-0.001668
-0.004788
-0.006120
-0.001716
0.005304
0.008544
0.003696
-0.004364
-0.006536
-0.002884
-0.001128
-0.003324
-0.004516
-0.001252
0.002176
-0.000456
-0.002904
0.003436
0.010316
0.007932
0.001880
0.002256
0.008080
0.010104
0.006084
-0.000724
-0.006144
-0.003560
0.005980
0.011004
0.006952
0.003060
0.006844
0.015876
0.021264
0.018592
0.015232
0.016820
0.019468
0.019440
0.018100
0.017688
0.018128
0.018420
0.018424
0.018488
0.018500
0.018292
0.018196
0.018380
0.018588
0.018544
0.018120
0.017768
0.017932
0.018248
0.018476
0.016228
0.009568
0.002568
-0.001832
-0.003672
-0.000284
0.007208
0.012512
0.015228
0.018412
0.022844
0.028000
0.030308
0.026376
0.018856
0.013356
0.009908
0.007584
0.007972
0.008724
0.007500
0.006232
0.006428
0.006900
0.006928
0.010092
0.017512
0.020688
0.013856
0.004820
0.004116
0.009180
0.010252
0.007096
0.005728
0.006984
0.007620
0.003748
-0.003824
-0.006824
-0.003164
0.001900
0.005088
0.002840
-0.003324
-0.005984
-0.002264
0.003332
0.005812
0.006092
0.006180
0.006312
0.006676
0.007544
0.012016
0.018968
0.020208
0.016524
0.016084
0.018116
0.014520
0.006252
0.004464
0.008436
0.005068
-0.004764
-0.007208
-0.002400
-0.001260
-0.003648
-0.000396
0.007776
0.009628
0.005136
0.004072
0.007040
0.007892
0.003748
-0.002924
-0.005976
-0.003740
-0.001988
-0.003688
-0.005356
-0.004768
-0.003768
-0.004120
-0.003568
0.002200
0.009168
0.008776
0.004676
0.005220
0.007144
0.002080
-0.005904
-0.006064
-0.001736
-0.001804
-0.004696
-0.005280
-0.004780
-0.006536
-0.007256
-0.004188
-0.002536
-0.004436
-0.005720
-0.003244
0.003660
0.009148
0.007432
0.002284
-0.002888
-0.006164
-0.004580
-0.002160
-0.003360
-0.005508
-0.003796
0.003192
0.010548
0.014824
0.017016
0.014972
0.008184
0.001944
-0.001748
-0.004036
-0.002932
0.002240
0.006412
0.002952
-0.005404
-0.007820
-0.003536
-0.001600
-0.004068
-0.005964
-0.005720
-0.002600
0.004556
0.009116
0.006316
0.003500
0.005372
0.007348
0.006808
0.005856
0.005912
0.006164
0.005968
0.005668
0.008188
0.015668
0.017784
0.007400
0.000060
0.005196
0.010096
0.007524
0.004256
0.004616
0.005828
0.005748
0.005296
0.005432
0.004172
-0.001436
-0.007448
-0.007080
-0.000692
0.005800
0.006356
0.004084
0.008384
0.016220
0.017388
0.013524
0.009708
0.004816
-0.000912
-0.006028
-0.011272
-0.016944
-0.019440
-0.014664
-0.006972
-0.006048
-0.010780
-0.008640
0.001624
0.005904
0.001112
-0.001528
0.001076
0.002748
0.001512
0.000396
0.000672
0.001036
0.000904
0.000796
0.000468
-0.002320
-0.007944
-0.009896
-0.004844
0.000168
0.000776
-0.001200
-0.006356
-0.012808
-0.013156
-0.010092
-0.015024
-0.024536
-0.025748
-0.020588
-0.016968
-0.014108
-0.012012
-0.012860
-0.014076
-0.013016
-0.012252
-0.014612
-0.015988
-0.013012
-0.010032
-0.006572
-0.001044
-0.001176
-0.009760
-0.016672
-0.014440
-0.010064
-0.011100
-0.014016
-0.014136
-0.012912
-0.012912
-0.011688
-0.005488
0.000296
-0.001280
-0.004792
-0.003732
-0.001324
-0.001496
-0.002708
-0.002800
-0.002268
-0.002160
-0.002460
-0.002680
-0.002688
-0.002960
-0.000656
0.005488
0.005428
-0.003532
-0.007040
-0.004212
-0.008536
-0.015820
-0.014792
-0.010968
-0.011988
-0.014500
-0.014472
-0.013416
-0.013440
-0.013840
-0.013808
-0.013844
-0.013836
-0.013636
-0.013736
-0.013928
-0.013780
-0.013684
-0.013896
-0.014068
-0.013896
-0.012028
-0.006864
-0.001972
-0.002360
-0.004856
-0.004392
-0.002436
-0.002408
-0.005208
-0.007288
-0.006480
-0.006832
-0.007200
-0.005404
-0.005144
-0.006484
-0.006356
-0.003724
-0.001976
-0.003268
-0.004372
-0.003796
-0.002704
0.000512
0.005376
0.003292
-0.005296
-0.006996
-0.001724
-0.000320
-0.003188
-0.004356
-0.003164
-0.002484
-0.003564
-0.006012
-0.006876
-0.005884
-0.007992
-0.012856
-0.015204
-0.013852
-0.012544
-0.013420
-0.016356
-0.022472
-0.027508
-0.026148
-0.021488
-0.016368
-0.012960
-0.014560
-0.015828
-0.012196
-0.008568
-0.005664
-0.002480
-0.002688
-0.004604
-0.004140
-0.002620
-0.002512
-0.003156
-0.004400
-0.008920
-0.014712
-0.015576
-0.012860
-0.011564
-0.008960
-0.003732
-0.002208
-0.004880
-0.005504
-0.003548
-0.002704
-0.001676
0.003012
0.006756
0.004888
0.002476
0.000572
-0.003252
-0.004592
-0.002460
-0.001836
-0.003448
-0.004256
-0.003876
-0.003124
0.001124
0.008144
0.009532
0.005752
0.004512
0.002692
-0.003400
-0.005764
-0.002424
-0.000940
-0.001204
-0.000972
-0.003120
-0.005236
-0.003984
-0.002636
-0.003372
-0.004268
-0.004048
-0.003664
-0.003752
-0.003912
-0.003916
-0.003840
-0.003840
-0.003860
-0.003880
-0.003924
-0.003900
-0.003952
-0.003960
-0.003900
-0.003868
-0.003796
-0.003812
-0.003788
-0.003584
-0.003552
-0.003912
-0.003284
0.000844
0.006876
0.008884
0.006400
0.005404
0.004836
-0.001072
-0.006364
-0.004176
-0.001392
-0.000760
0.004136
0.009148
0.007360
0.004652
0.006200
0.008268
0.007936
0.007044
0.005968
0.001500
-0.004500
-0.005356
-0.002284
-0.001844
-0.003964
-0.004832
-0.003912
-0.000176
0.006736
0.012936
0.016760
0.017956
0.016732
0.016588
0.018152
0.015704
0.007712
0.001988
0.001888
0.003372
0.005236
0.007516
0.007720
0.005880
0.003452
0.001312
0.003316
0.008500
0.009364
0.006292
0.005128
0.004520
0.001440
-0.002296
-0.004248
-0.003828
-0.002976
-0.003724
-0.003764
0.001572
0.008636
0.008496
0.004408
0.004648
0.007528
0.007680
0.003404
-0.003104
-0.005296
0.000844
0.008472
0.008924
0.005868
0.008292
0.012704
0.009988
0.004816
0.004000
0.001164
-0.004816
-0.005588
-0.000828
0.005276
0.008668
0.006576
0.004016
0.005384
0.007584
0.006448
0.000972
-0.004532
-0.007392
-0.011912
-0.016408
-0.014280
-0.007544
-0.003176
-0.002928
-0.002004
0.002184
0.006492
0.007560
0.006052
0.005548
0.006820
0.007560
0.007164
0.006796
0.006848
0.006872
0.006704
0.006556
0.006468
0.006524
0.008280
0.011720
0.011212
0.005836
0.003908
0.007084
0.008604
0.006972
0.005988
0.006628
0.007152
0.006880
0.006752
0.009224
0.014840
0.016972
0.011852
0.006492
0.005776
0.007448
0.008208
0.007340
0.005984
0.003412
0.000380
0.000904
0.005404
0.008652
0.007324
0.005076
0.005612
0.007092
0.007136
0.006500
0.006516
0.006944
0.006952
0.006720
0.004972
-0.001048
-0.006608
-0.005232
-0.002072
-0.002304
-0.001612
0.002048
0.005572
0.007016
0.006296
0.005472
0.006176
0.007040
0.006932
0.006528
0.006460
0.006624
0.006804
0.004316
-0.002812
-0.007404
-0.004508
-0.001668
-0.003660
-0.005868
-0.005452
-0.003304
0.001352
0.006784
0.007640
0.004900
0.002780
-0.000508
-0.004912
-0.005448
-0.001616
0.002076
0.003608
0.004980
0.006264
0.006016
0.005676
0.006380
0.006980
0.006740
0.006328
0.006544
0.006952
0.006904
0.006520
0.004136
-0.001596
-0.005980
-0.004804
-0.002412
-0.003340
-0.005128
-0.005308
-0.006660
-0.010136
-0.011172
-0.009180
-0.008916
-0.012480
-0.016668
-0.016908
-0.014680
-0.014468
-0.015944
-0.016492
-0.015952
-0.015828
-0.015144
-0.010000
-0.002712
0.000720
0.002488
0.003348
0.000256
-0.003088
-0.002200
-0.000672
-0.003252
-0.005896
-0.004836
-0.003624
-0.004348
-0.005052
-0.004860
-0.003900
-0.001028
0.002056
0.000744
-0.004244
-0.006724
-0.004716
-0.002840
-0.003848
-0.005116
-0.005816
-0.007516
-0.007228
-0.003892
-0.002944
-0.005048
-0.005848
-0.003968
0.000544
0.006132
0.006956
0.000024
-0.007124
-0.006576
-0.001344
0.003472
0.006804
0.005712
0.001612
0.001648
0.003428
0.002996
0.003960
0.002492
-0.004396
-0.007356
-0.003784
-0.003328
-0.007896
-0.008168
-0.003672
-0.002960
-0.005612
-0.005972
-0.004452
-0.004016
-0.004612
-0.004824
-0.004604
-0.004520
-0.004580
-0.004640
-0.004672
-0.003144
0.000576
0.003848
0.005540
0.005996
0.005468
0.005456
0.006412
0.007200
0.006812
0.002404
-0.005228
-0.007112
-0.000552
0.006544
0.008160
0.005588
0.004184
0.005916
0.007708
0.007548
0.006712
0.006564
0.006484
0.003988
-0.001840
-0.006116
-0.004876
-0.002596
-0.003584
-0.005392
-0.005436
-0.004740
-0.004864
-0.004616
0.000424
0.007424
0.004844
-0.005560
-0.008640
-0.001236
0.005156
0.005264
0.004684
0.005472
0.005764
0.005988
0.005772
0.003688
0.002304
0.003436
0.004772
0.006148
0.006700
0.006228
0.008056
0.009456
0.006380
0.004076
0.005956
0.007640
0.005952
0.001964
-0.001392
-0.003288
-0.004512
-0.004612
-0.003392
0.000096
0.005388
0.007480
0.005284
0.004132
0.005772
0.006924
0.006452
0.005980
0.006136
0.006416
0.006404
0.006272
0.005008
0.001372
0.000176
0.005096
0.008844
0.006444
0.003960
0.005248
0.006780
0.006340
0.006920
0.010632
0.013204
0.010336
0.006436
0.008704
0.013640
0.013492
0.012088
0.013844
0.013380
0.012020
0.015748
0.019192
0.017348
0.015200
0.016104
0.015748
0.010364
0.006368
0.010240
0.014724
0.012632
0.007684
0.004868
0.005232
0.006584
0.006428
0.005388
0.005044
0.005324
0.005668
0.007564
0.010760
0.011576
0.011992
0.015396
0.017132
0.013252
0.008512
0.008812
0.011692
0.011260
0.006740
0.002696
0.003228
0.004956
0.002044
-0.002808
-0.002580
0.002380
0.006064
0.007156
0.008244
0.009212
0.011108
0.014396
0.015044
0.013268
0.013052
0.014340
0.013924
0.009348
0.003028
0.001136
0.003632
0.004428
0.002428
0.001320
0.002008
0.002624
0.002452
0.002172
0.002056
0.001956
0.001956
0.001952
0.001916
0.002000
0.000632
-0.001864
-0.001828
-0.001384
-0.004780
-0.009168
-0.010284
-0.008820
-0.008344
-0.009532
-0.010236
-0.009960
-0.009720
-0.009812
-0.009884
-0.009804
-0.009760
-0.009816
-0.009764
-0.009652
-0.009704
-0.009948
-0.011516
-0.013252
-0.011272
-0.008224
-0.008964
-0.009416
-0.005620
-0.001416
-0.001184
-0.004780
-0.007140
-0.006696
-0.006556
-0.005560
-0.003768
-0.004048
-0.003292
0.000560
0.002176
0.000236
-0.000640
0.000200
-0.001368
-0.005224
-0.006432
-0.006620
-0.009716
-0.011808
-0.010508
-0.009636
-0.010616
-0.011208
-0.011644
-0.016108
-0.021148
-0.017816
-0.010456
-0.008800
-0.011812
-0.013220
-0.011604
-0.010348
-0.010860
-0.011532
-0.011516
-0.011276
-0.011180
-0.010776
-0.008424
-0.004728
-0.002084
-0.000632
-0.000552
-0.001568
-0.004052
-0.009136
-0.011896
-0.006724
0.000972
0.002020
-0.001852
-0.002072
0.002216
0.002900
-0.001292
-0.002440
0.000224
0.001028
-0.001456
-0.005244
-0.008288
-0.009512
-0.006892
-0.001820
-0.001516
-0.004196
-0.002616
0.000048
-0.000388
-0.001560
-0.001552
-0.001040
-0.000964
-0.001200
-0.001328
-0.001504
-0.001632
-0.001488
-0.001360
-0.001308
-0.002548
-0.006288
-0.007492
-0.003752
-0.003660
-0.007180
-0.004652
0.000252
-0.000668
-0.003524
-0.003200
-0.001700
0.001540
0.008140
0.011096
0.007656
0.005760
0.008100
0.009792
0.008908
0.007812
0.007948
0.008416
0.008348
0.008116
0.008112
0.008120
0.007964
0.007836
0.007568
0.003688
-0.003692
-0.005888
-0.002044
-0.000812
-0.003428
-0.004756
-0.003828
-0.002992
-0.001320
0.001944
0.002956
0.001284
0.000560
-0.000676
-0.004032
-0.005100
-0.003108
-0.002960
-0.006652
-0.010464
-0.008528
-0.002868
-0.001904
-0.005180
-0.006028
-0.004180
-0.003376
-0.004056
-0.004376
-0.004100
-0.003988
-0.004352
-0.004144
-0.001456
0.002448
0.005000
0.006324
0.006568
0.006168
0.006484
0.006696
0.003676
-0.002460
-0.005884
-0.004100
-0.002132
-0.003336
-0.004112
-0.000792
0.001816
-0.001172
-0.003664
-0.002664
-0.003264
-0.004724
-0.004296
-0.003712
-0.004104
-0.004548
-0.004460
-0.004208
-0.004280
-0.003576
-0.000500
0.002224
0.002516
0.004320
0.007424
0.007360
0.005832
0.006224
0.007348
0.007352
0.006772
0.006704
0.007056
0.005888
0.002068
0.000864
0.005844
0.012312
0.017076
0.017092
0.011480
0.007284
0.007240
0.007948
0.008044
0.007536
0.006944
0.006804
0.005216
-0.000008
-0.005036
-0.003024
0.004876
0.009720
0.007336
0.001796
-0.003040
-0.005140
-0.003796
-0.002356
-0.003376
-0.004808
-0.004708
-0.004028
-0.003988
-0.004380
-0.004492
-0.003928
-0.001860
-0.000640
-0.003652
-0.006256
-0.005228
-0.005692
-0.007556
-0.007852
-0.009212
-0.010300
-0.006972
-0.002864
-0.003464
-0.006052
-0.005856
-0.004236
-0.004032
-0.005408
-0.008164
-0.011604
-0.014280
-0.015448
-0.014984
-0.014476
-0.015284
-0.015272
-0.011284
-0.005280
-0.003448
-0.005944
-0.006944
-0.005164
-0.003956
-0.004424
-0.004992
-0.004752
-0.004256
-0.004184
-0.004532
-0.004940
-0.003752
-0.000084
0.003428
0.005408
0.006264
0.005784
0.005412
0.006176
0.006960
0.004508
-0.002736
-0.007440
-0.004676
-0.001784
-0.001976
-0.000624
-0.000288
-0.004524
-0.007104
-0.003260
0.000488
-0.002512
-0.005248
-0.000780
0.003132
-0.000564
-0.006380
-0.006816
-0.003736
-0.003212
-0.004900
-0.003268
0.003216
0.007956
0.006508
0.004032
0.005080
0.006944
0.007224
0.008432
0.009748
0.007368
0.004096
0.001064
-0.002328
-0.002468
0.000476
0.004596
0.008360
0.012408
0.016816
0.014528
0.006152
0.003036
0.007104
0.009492
0.007232
0.005272
0.005840
0.006716
0.006568
0.006216
0.006292
0.006456
0.006484
0.005604
0.002656
-0.000064
0.001464
0.006108
0.008200
0.006024
0.005320
0.008840
0.009792
0.006096
0.002296
-0.002544
-0.006328
-0.004652
-0.002628
-0.001804
0.003440
0.008392
0.006328
0.003364
0.004928
0.007224
0.005872
0.000188
-0.005692
-0.006204
-0.003300
-0.002948
-0.005064
-0.005848
-0.003484
0.000512
0.003428
0.005112
0.005820
0.005356
0.005200
0.005916
0.006312
0.006004
0.005744
0.005976
0.006236
0.006124
0.006060
0.005992
0.003596
-0.001904
-0.004276
-0.001448
0.000336
0.000100
-0.001496
-0.003252
-0.000528
0.004780
0.007200
0.006076
0.004772
0.005516
0.006848
0.006652
0.003668
-0.000084
-0.000240
0.001792
0.002364
0.003088
0.003848
0.003676
0.005384
0.007316
0.006068
0.002620
-0.000600
-0.002732
-0.004372
-0.004700
-0.004028
-0.004260
-0.005192
-0.004896
-0.001812
0.001796
0.001036
-0.003904
-0.007060
-0.005552
-0.003612
-0.004416
-0.005776
-0.005748
-0.005212
-0.005224
-0.005492
-0.005512
-0.005400
-0.005368
-0.005400
-0.005440
-0.005444
-0.005416
-0.005376
-0.005344
-0.005316
-0.005164
-0.007156
-0.013752
-0.018964
-0.016976
-0.013908
-0.015312
-0.017616
-0.017584
-0.015476
-0.010660
-0.005140
-0.004284
-0.006904
-0.007068
-0.004904
-0.004184
-0.005004
-0.005392
-0.005080
-0.004880
-0.004996
-0.005076
-0.005008
-0.004952
-0.004900
-0.005076
-0.008564
-0.015692
-0.016924
-0.008328
-0.001484
-0.002216
-0.001100
0.005032
0.007584
0.005096
0.002580
0.000844
0.000292
-0.000096
-0.003124
-0.005804
-0.005048
-0.003796
-0.004260
-0.005036
-0.005024
-0.004704
-0.004656
-0.004608
-0.002252
0.003576
0.007860
0.006668
0.004204
0.002720
-0.001260
-0.005360
-0.005216
-0.007388
-0.015292
-0.018212
-0.011920
-0.004816
-0.003244
-0.005872
-0.007064
-0.003020
0.004284
0.008280
0.006360
0.004236
0.004432
0.001348
-0.003468
-0.003220
-0.000036
0.001704
0.001072
-0.000352
-0.000764
-0.002560
-0.005248
-0.002960
0.002684
0.005356
0.005472
0.005180
0.005008
0.005400
0.005796
0.005852
0.005228
0.002548
-0.001564
-0.004604
-0.005560
-0.005088
-0.004932
-0.005692
-0.006256
-0.006164
-0.006016
-0.005144
-0.003056
-0.002536
-0.002840
-0.001856
-0.002872
-0.004564
-0.004432
-0.005316
-0.006464
-0.006112
-0.005900
-0.006364
-0.006596
-0.006468
-0.006432
-0.006484
-0.006308
-0.006096
-0.006244
-0.005056
-0.002580
-0.003884
-0.007872
-0.007740
-0.005108
-0.003812
-0.001716
0.000408
-0.000212
-0.002456
-0.005204
-0.006632
-0.005356
-0.004360
-0.005284
-0.004432
0.001080
0.006620
0.006408
0.003688
0.004140
0.006256
0.006544
0.005644
0.005388
0.005720
0.005832
0.005696
0.005676
0.005760
0.005808
0.005812
0.005792
0.005784
0.005924
0.006180
0.006164
0.005768
0.005584
0.005800
0.005928
0.005808
0.005740
0.005836
0.005856
0.005756
0.005716
0.005764
0.005876
0.005556
0.003508
0.002152
0.005064
0.007712
0.006156
0.004512
0.005296
0.006288
0.006100
0.005716
0.005792
0.005916
0.005872
0.005812
0.005788
0.005788
0.005796
0.005792
0.005768
0.005724
0.005700
0.005724
0.005732
0.005704
0.005696
0.005708
0.005708
0.005700
0.005676
0.005660
0.005676
0.005684
0.005640
0.005584
0.005504
0.006360
0.009412
0.013116
0.014664
0.012796
0.008972
0.006156
0.005540
0.006380
0.006852
0.006188
0.005484
0.005384
0.005496
0.005340
0.005148
0.005380
0.005648
0.005336
0.004936
0.005032
0.005264
0.005244
0.005020
0.004752
0.004648
0.004760
0.004848
0.004764
0.004688
0.004732
0.004680
0.004332
0.003932
0.003948
0.002788
0.000180
0.001128
0.005028
0.005196
0.002668
0.002236
0.003384
0.003724
0.003232
0.002976
0.002904
0.002476
0.002116
0.002268
0.002400
0.002268
0.003624
0.007260
0.010640
0.010796
0.006004
0.000324
0.000360
0.003524
0.003620
0.001468
-0.000968
-0.004124
-0.005524
-0.003872
-0.001244
0.001240
0.001792
0.000256
-0.000328
0.000460
0.000804
0.000568
0.000432
0.000372
0.000156
-0.000028
0.000256
0.002500
0.006028
0.006620
0.004240
0.001588
-0.000628
-0.000940
0.000216
0.000252
-0.000700
-0.001048
-0.000748
-0.000612
-0.000788
-0.001032
-0.001368
-0.001636
-0.001608
-0.001444
-0.001440
-0.001716
-0.002020
-0.001992
-0.001864
-0.001388
0.001196
0.004600
0.003948
-0.000992
-0.004320
-0.002772
-0.000512
-0.001248
-0.002804
-0.002816
-0.002128
-0.002020
-0.002276
-0.002452
-0.002076
0.000332
0.004188
0.006408
0.005636
0.004216
0.004028
0.003332
0.002604
0.003156
0.003432
0.002108
-0.001100
-0.003640
-0.002824
-0.001268
-0.001892
-0.003180
-0.003224
-0.002636
-0.002476
-0.002556
-0.003700
-0.006280
-0.006148
-0.002528
-0.001416
-0.003672
-0.004668
-0.003608
-0.002888
-0.003160
-0.004668
-0.008076
-0.010232
-0.008912
-0.007808
-0.008936
-0.009912
-0.009712
-0.008168
-0.004768
-0.002648
-0.004048
-0.005348
-0.004300
-0.003124
-0.004536
-0.008676
-0.011140
-0.010924
-0.011812
-0.011464
-0.007308
-0.003564
-0.003508
-0.005296
-0.005520
-0.004192
-0.003616
-0.004064
-0.004472
-0.005996
-0.009364
-0.011168
-0.011316
-0.012180
-0.011048
-0.007140
-0.004128
-0.004168
-0.005548
-0.005432
-0.002844
0.000696
-0.000084
-0.005492
-0.007332
-0.004148
-0.002844
-0.004812
-0.005932
-0.005020
-0.004336
-0.004884
-0.005364
-0.005132
-0.004840
-0.004880
-0.005036
-0.005056
-0.005032
-0.005048
-0.005068
-0.005096
-0.005128
-0.005140
-0.005128
-0.005100
-0.005064
-0.005020
-0.004996
-0.004960
-0.004928
-0.004928
-0.004956
-0.005016
-0.005024
-0.004972
-0.005004
-0.005100
-0.005200
-0.004616
-0.002448
-0.001372
-0.002104
-0.000624
0.001460
0.000280
-0.003396
-0.006216
-0.005512
-0.003724
-0.004212
-0.004636
-0.001524
0.000980
-0.002852
-0.007612
-0.006340
-0.003312
-0.003836
-0.005660
-0.006588
-0.008780
-0.010564
-0.007140
-0.002768
-0.003900
-0.006732
-0.006304
-0.004624
-0.004504
-0.005316
-0.005688
-0.005536
-0.005352
-0.005316
-0.006732
-0.009188
-0.007920
-0.004120
-0.004152
-0.006424
-0.006268
-0.004920
-0.005020
-0.005808
-0.005808
-0.005424
-0.005420
-0.005636
-0.005712
-0.005548
-0.005264
-0.005164
-0.005332
-0.005520
-0.005676
-0.005788
-0.005604
-0.003964
-0.002156
-0.002516
-0.000440
0.005476
0.007324
0.004312
0.003360
0.005312
0.006312
0.005628
0.005108
0.005412
0.005700
0.005712
0.005172
0.000776
-0.006368
-0.007776
-0.003896
-0.003136
-0.005764
-0.006912
-0.005736
-0.003028
0.000464
0.002884
0.002440
-0.000772
-0.001892
0.002004
0.004904
0.003192
0.000828
-0.001048
-0.003952
-0.005864
-0.002440
0.004800
0.007736
0.004284
-0.000808
-0.005072
-0.006316
-0.001604
0.005540
0.007508
0.004212
0.002604
0.004608
0.006128
0.005576
0.004892
0.005064
0.005364
0.005304
0.005132
0.005092
0.005184
0.005252
0.005204
0.005164
0.005176
0.005180
0.005188
0.005172
0.005148
0.005168
0.005192
0.005172
0.005164
0.005176
0.005204
0.005232
0.005196
0.005176
0.005200
0.005204
0.005264
0.005412
0.004300
-0.000532
-0.006668
-0.005164
0.004896
0.009964
0.004920
0.001200
0.003908
0.006484
0.005704
0.004520
0.004752
0.005280
0.005204
0.004956
0.004980
0.005128
0.005164
0.005096
0.005072
0.005112
0.005200
0.005276
0.005116
0.004916
0.004976
0.005140
0.005060
0.003216
-0.000240
-0.000056
0.003432
0.003912
0.001212
-0.003144
-0.005056
-0.001152
0.000156
-0.003812
-0.005372
-0.005248
-0.006412
-0.006108
-0.001104
0.005904
0.006960
0.003136
0.002408
0.004936
0.006196
0.004364
-0.001700
-0.007624
-0.004644
0.003008
0.005524
0.004488
0.004024
0.004168
0.004600
0.005056
0.005140
0.004976
0.005056
0.005364
0.005416
0.005228
0.005220
0.005352
0.005300
0.005028
0.004812
0.004928
0.005292
0.005452
0.005296
0.005272
0.004456
0.002284
0.001648
0.002932
0.004188
0.004384
0.002076
0.001392
0.005112
0.005784
0.000468
-0.002816
-0.000368
0.000436
-0.003336
-0.002304
0.005268
0.007900
0.003776
0.002176
0.004864
0.006404
0.005416
0.004620
0.005040
0.005588
0.004224
0.000276
-0.003608
-0.005600
-0.005692
-0.004864
-0.005048
-0.006052
-0.006444
-0.006148
-0.004192
0.000920
0.004260
0.000472
-0.005424
-0.007336
-0.006040
-0.004848
-0.005568
-0.006580
-0.004292
0.002052
0.006564
0.005064
0.002916
0.003744
0.001104
-0.006400
-0.008804
-0.004904
-0.003668
-0.006268
-0.007540
-0.006592
-0.005916
-0.006268
-0.006620
-0.006488
-0.006308
-0.006396
-0.006540
-0.006504
-0.006452
-0.006488
-0.006580
-0.006208
-0.003056
0.003052
0.006372
0.004288
0.002376
0.003808
0.005452
0.005192
0.004404
0.004480
0.005052
0.003392
-0.002988
-0.008616
-0.007080
-0.003904
-0.003424
0.000372
0.006084
0.005604
0.002292
0.002948
0.005300
0.005548
0.004572
0.004408
0.004888
0.005012
0.004812
0.004680
0.004740
0.004912
0.003644
-0.000100
-0.001212
0.003848
0.007560
0.005084
0.002592
0.003840
0.005412
0.005068
0.004380
0.004476
0.004768
0.004744
0.004604
0.004636
0.004792
0.004984
0.005128
0.005036
0.004820
0.004652
0.004600
0.004692
0.004760
0.004684
0.004452
0.004880
0.009372
0.016540
0.017880
0.014100
0.013568
0.015908
0.014360
0.007644
0.002920
0.004508
0.007040
0.006020
0.004004
0.004444
0.008036
0.010992
0.007876
0.002500
0.002844
0.006116
0.006712
0.007060
0.007316
0.004672
0.003048
0.004752
0.005828
0.005448
0.008076
0.014452
0.017748
0.015520
0.012964
0.010464
0.006888
0.007716
0.011496
0.009048
0.003316
0.003280
0.006220
0.006048
0.004340
0.004096
0.005908
0.008320
0.006980
0.004580
0.006852
0.009152
0.009088
0.010152
0.010964
0.008980
0.005192
0.003464
0.005140
0.006336
0.005260
0.004312
0.004628
0.005084
0.004952
0.004768
0.006468
0.010132
0.011680
0.011592
0.014304
0.017044
0.016132
0.014832
0.013912
0.009524
0.004260
0.004056
0.006708
0.006668
0.004744
0.004256
0.004992
0.005304
0.005028
0.005024
0.005416
0.005576
0.005400
0.005200
0.005048
0.005028
0.005168
0.005248
0.005152
0.005076
0.005144
0.005364
0.005596
0.005636
0.005508
0.005280
0.005100
0.005112
0.005168
0.005260
0.004748
0.002132
-0.001612
-0.004272
-0.005636
-0.005436
-0.004588
-0.005156
-0.006356
-0.006424
-0.005836
-0.005736
-0.006020
-0.006116
-0.006016
-0.005952
-0.005956
-0.005952
-0.005936
-0.005944
-0.005940
-0.005920
-0.005992
-0.005088
-0.002836
-0.002244
-0.003528
-0.004704
-0.006104
-0.006372
-0.005400
-0.005556
-0.006392
-0.006236
-0.005632
-0.005660
-0.005976
-0.005984
-0.005844
-0.005832
-0.005872
-0.005852
-0.005888
-0.006084
-0.006028
-0.005724
-0.005664
-0.005796
-0.005844
-0.005740
-0.005680
-0.005736
-0.005756
-0.005744
-0.005728
-0.005712
-0.005724
-0.005716
-0.005688
-0.005696
-0.005708
-0.005704
-0.005572
-0.005252
-0.005312
-0.007464
-0.011156
-0.010512
-0.004968
-0.003088
-0.006292
-0.007696
-0.005960
-0.004752
-0.005124
-0.005708
-0.005632
-0.005140
-0.005284
-0.008284
-0.014084
-0.015956
-0.010780
-0.005636
-0.004868
-0.006272
-0.007124
-0.006384
-0.005392
-0.005312
-0.005648
-0.005720
-0.005580
-0.005540
-0.005580
-0.005588
-0.005568
-0.005568
-0.005480
-0.005936
-0.008664
-0.012148
-0.011652
-0.007100
-0.004064
-0.005524
-0.007660
-0.007008
-0.005572
-0.005576
-0.006180
-0.006212
-0.005944
-0.005984
-0.006236
-0.006280
-0.006236
-0.006360
-0.006452
-0.006412
-0.006388
-0.006428
-0.006424
-0.006392
-0.006424
-0.006420
-0.006368
-0.006468
-0.006616
-0.006596
-0.006496
-0.006392
-0.006304
-0.006428
-0.006692
-0.006712
-0.006544
-0.006516
-0.006704
-0.006900
-0.006852
-0.006736
-0.006768
-0.006836
-0.006836
-0.006800
-0.006888
-0.006768
-0.003360
0.003768
0.006712
0.002936
-0.000476
0.000128
0.002256
0.002604
0.001236
-0.000916
-0.002280
0.000176
0.004760
0.005800
0.003332
0.002384
0.003732
0.004548
0.004140
0.003744
0.003836
0.003988
0.003968
0.003896
0.003904
0.004000
0.003704
0.001312
-0.002692
-0.005200
-0.004756
-0.003784
-0.006048
-0.008812
-0.008216
-0.006972
-0.006968
-0.005788
-0.004728
-0.007640
-0.009816
-0.004984
0.002588
0.004724
0.001632
0.000180
0.002108
0.003616
0.002140
-0.003776
-0.010408
-0.009772
-0.002788
0.002860
0.003388
0.000940
0.000064
0.001524
0.002612
0.002284
0.001768
0.001824
0.001948
0.001716
0.001408
0.001428
0.001412
0.003116
0.008588
0.010304
0.002784
-0.002844
0.000528
0.004140
0.002424
-0.000060
0.000068
0.001052
0.000904
0.000228
0.000184
0.000496
0.000428
0.000016
-0.000176
-0.000092
-0.000212
-0.000476
-0.000448
-0.000400
-0.000804
0.000040
0.004852
0.010656
0.011264
0.008376
0.007984
0.009804
0.010464
0.009576
0.005660
-0.001412
-0.004336
-0.001156
0.000392
-0.001976
-0.003752
-0.003156
-0.000620
0.004400
0.008860
0.008412
0.005828
0.006040
0.008124
0.008128
0.002856
-0.004580
-0.005648
-0.001748
-0.001432
-0.004016
-0.002740
0.002128
0.005448
0.006512
0.006300
0.005756
0.006224
0.007148
0.007344
0.006840
0.006588
0.006704
0.006776
0.006868
0.006780
0.006648
0.006824
0.007008
0.006944
0.006832
0.006896
0.007004
0.006972
0.006876
0.006712
0.006632
0.006752
0.006840
0.006924
0.006976
0.006892
0.006880
0.006928
0.006936
0.006952
0.006932
0.006888
0.006880
0.006896
0.006884
0.006868
0.006980
0.007204
0.007260
0.006108
0.003916
0.004508
0.007924
0.008548
0.006484
0.006080
0.005956
0.002928
0.000388
0.000472
-0.001420
-0.004532
-0.004232
-0.002720
-0.003412
-0.004716
-0.004612
-0.004008
-0.004028
-0.004332
-0.004360
-0.004208
-0.004212
-0.004232
-0.002564
0.001044
0.002488
0.002312
0.005180
0.008060
0.007088
0.005588
0.006124
0.007056
0.007012
0.006564
0.006544
0.006580
0.006324
0.006176
0.006276
0.006376
0.006312
0.006220
0.006244
0.006268
0.006208
0.006224
0.006324
0.005868
0.003596
0.002408
0.005240
0.005948
0.002836
0.002008
0.003564
0.003928
0.003664
0.005060
0.003548
-0.002920
-0.005156
-0.001408
0.000596
-0.000128
-0.002228
-0.003736
-0.003112
-0.003900
-0.005384
-0.004796
-0.004176
-0.004916
-0.005592
-0.005432
-0.004256
-0.001140
0.001696
0.000900
-0.000880
-0.000020
0.000700
-0.002464
-0.006092
-0.005592
-0.003736
-0.004156
-0.005400
-0.005496
-0.004996
-0.004932
-0.005172
-0.003740
0.000204
0.001256
-0.004012
-0.007992
-0.005620
-0.003008
-0.004192
-0.005836
-0.005476
-0.004616
-0.004628
-0.005092
-0.005068
-0.005072
-0.005100
-0.005188
-0.005372
-0.005356
-0.003452
0.001708
0.003372
-0.004000
-0.009616
-0.005932
-0.002176
-0.004052
-0.006416
-0.005932
-0.004832
-0.004976
-0.005496
-0.005448
-0.005304
-0.005228
-0.002880
0.002940
0.007184
0.006076
0.003264
-0.000092
-0.002476
0.002488
0.009220
0.007764
0.003476
0.003592
0.003084
-0.002740
-0.007140
-0.005308
-0.003196
-0.004144
-0.002680
0.003708
0.006820
-0.000560
-0.009388
-0.007848
-0.002212
-0.002652
-0.005872
-0.007940
-0.012892
-0.016568
-0.009456
-0.000708
-0.003092
-0.008640
-0.007628
-0.004248
-0.003804
-0.005024
-0.005112
-0.006624
-0.013592
-0.019084
-0.015116
-0.009528
-0.012564
-0.018584
-0.018224
-0.014956
-0.012544
-0.007320
-0.002892
-0.004692
-0.008480
-0.011772
-0.015428
-0.016416
-0.014536
-0.014308
-0.013604
-0.007344
-0.002268
-0.004872
-0.009364
-0.009412
-0.005200
-0.002388
-0.004232
-0.007708
-0.008748
-0.005600
-0.002600
-0.003888
-0.005912
-0.005360
-0.004176
-0.004128
-0.004484
-0.004584
-0.004628
-0.004572
-0.004444
-0.004468
-0.004500
-0.004480
-0.004468
-0.004280
-0.004012
-0.004000
-0.004284
-0.004556
-0.004532
-0.004316
-0.004248
-0.004372
-0.004444
-0.004320
-0.004212
-0.004224
-0.004220
-0.004224
-0.004204
-0.004168
-0.004156
-0.004120
-0.004096
-0.004100
-0.004108
-0.004044
-0.003984
-0.004040
-0.004044
-0.003976
-0.003936
-0.003896
-0.003900
-0.003904
-0.003852
-0.003820
-0.003872
-0.003896
-0.003832
-0.003804
-0.003784
-0.003768
-0.003776
-0.003732
-0.003712
-0.003680
-0.003652
-0.003624
-0.003660
-0.002668
0.001720
0.007260
0.008164
0.005348
0.004564
0.006392
0.007500
0.005884
0.001044
-0.004140
-0.003660
0.003148
0.008792
0.008092
0.002832
-0.003436
-0.005664
-0.002608
-0.000716
-0.002656
-0.004284
-0.003724
-0.002960
-0.003136
-0.003364
-0.003032
-0.002728
-0.003000
-0.003376
-0.003284
-0.001552
0.003124
0.007488
0.007196
0.004936
0.005180
0.006820
0.007124
0.006460
0.006264
0.006640
0.006344
0.002288
-0.003508
-0.000816
0.008684
0.010480
0.004840
0.003280
0.006368
0.007824
0.006708
0.005776
0.006048
0.006468
0.006368
0.006144
0.006100
0.006184
0.006356
0.006492
0.006428
0.006292
0.006140
0.005980
0.005976
0.006128
0.005668
0.003916
0.002412
0.000444
-0.003228
-0.004160
-0.001848
-0.001348
-0.003072
-0.003884
-0.003188
-0.002628
-0.002708
-0.002868
-0.002208
0.001000
0.005756
0.007432
0.005612
0.003292
-0.000448
-0.004064
-0.003208
-0.000900
-0.001552
-0.003112
-0.003140
-0.000552
0.004048
0.005640
0.003456
0.000560
-0.002640
-0.003644
-0.001764
-0.001056
-0.002456
-0.003352
-0.000820
0.005148
0.008100
0.005388
0.003600
0.005452
0.006780
0.006056
0.005416
0.005640
0.005932
0.005724
0.004328
0.002968
0.004672
0.007176
0.005304
-0.000232
-0.003912
-0.002948
-0.000668
0.000296
-0.000200
-0.002460
-0.003792
-0.002300
0.000604
0.004180
0.006480
0.005568
0.004028
0.004600
0.005828
0.005848
0.005248
0.005128
0.005352
0.005364
0.005212
0.005176
0.005188
0.005156
0.005104
0.005064
0.005056
0.005040
0.004964
0.004952
0.004992
0.004932
0.004848
0.004800
0.004772
0.004744
0.004672
0.004620
0.004616
0.004580
0.004596
0.004688
0.004660
0.004572
0.004560
0.004544
0.004484
0.004344
0.004260
0.004300
0.004288
0.004204
0.004148
0.004132
0.004136
0.004216
0.004296
0.004208
0.004072
0.003952
0.003852
0.003872
0.003900
0.003868
0.003784
0.003768
0.003884
0.003904
0.004556
0.005892
0.005080
0.002632
0.002492
0.003964
0.004052
0.003172
0.002984
0.003352
0.003484
0.003320
0.003180
0.003196
0.003220
0.003100
0.002968
0.002968
0.002984
0.002908
0.002828
0.002804
0.002780
0.002736
0.002700
0.002676
0.002640
0.002592
0.002572
0.002560
0.002528
0.002496
0.002456
0.002344
0.002252
0.002336
0.002400
0.002292
0.002120
0.001964
0.001924
0.001976
0.001944
0.001860
0.001824
0.001808
0.001768
0.001748
0.001728
0.001672
0.001552
0.001408
0.001352
0.001288
0.001152
0.001072
0.001068
0.000996
0.000880
0.000848
0.000800
0.000716
0.000612
0.000492
0.000460
0.000460
0.000328
0.000164
0.000156
0.000216
0.000184
0.000032
-0.000128
-0.000216
-0.000272
-0.000328
-0.000428
-0.000556
-0.000580
-0.000564
-0.000680
-0.000824
-0.000840
-0.000876
-0.000976
-0.001060
-0.001220
-0.001388
-0.001368
-0.001312
-0.001436
-0.001584
-0.001584
-0.001600
-0.001700
-0.001744
-0.001784
-0.001856
-0.001916
-0.002040
-0.002192
-0.002180
-0.002100
-0.002192
-0.002360
-0.002424
-0.002404
-0.002368
-0.002352
-0.002396
-0.002512
-0.002644
-0.002688
-0.002688
-0.002704
-0.002692
-0.002628
-0.003544
-0.006140
-0.007200
-0.005200
-0.004604
-0.006592
-0.007304
-0.006252
-0.005768
-0.006148
-0.006308
-0.006088
-0.005980
-0.005096
-0.002712
-0.001368
-0.002400
-0.003200
-0.002544
-0.001932
-0.002068
-0.002304
-0.002236
-0.002104
-0.002092
-0.002108
-0.002080
-0.002036
-0.002012
-0.002040
-0.002092
-0.002048
-0.001936
-0.001932
-0.001992
-0.001928
-0.001820
-0.001832
-0.001856
-0.001752
-0.001652
-0.001700
-0.001784
-0.001752
-0.001664
-0.001600
-0.001584
-0.001612
-0.001620
-0.001564
-0.001512
-0.001504
-0.001496
-0.001460
-0.001428
-0.001412
-0.001384
-0.001320
-0.001244
-0.001248
-0.001272
-0.001208
-0.001120
-0.001112
-0.001132
-0.001140
-0.001144
-0.001096
-0.001036
-0.001028
-0.001036
-0.001004
-0.000936
-0.000900
-0.000924
-0.000840
-0.000220
0.000664
0.000232
-0.001284
-0.001500
-0.000512
-0.000280
-0.000792
-0.000964
-0.000732
-0.000612
-0.000696
-0.000672
-0.000140
0.000816
0.001152
0.000224
-0.000888
-0.000936
-0.000352
-0.000224
-0.000556
-0.000700
-0.000564
-0.000480
-0.000528
-0.000548
-0.000488
-0.000336
-0.000088
0.000076
0.000296
0.000584
0.000684
0.000768
0.000864
0.000684
0.000100
-0.000540
-0.000600
-0.000256
-0.000204
-0.000420
-0.000476
-0.000388
-0.000360
-0.000240
0.000240
0.000664
0.000472
0.000288
0.000600
0.000776
0.000604
0.000520
0.000376
-0.000092
-0.000112
0.000588
0.000880
0.000484
0.000252
0.000420
0.000548
0.000476
0.000392
0.000396
0.000404
0.000272
0.000124
0.000252
0.000448
0.000376
0.000236
0.000240
0.000100
-0.000324
-0.000516
-0.000208
0.000204
0.000340
0.000132
-0.000072
0.000092
0.000336
0.000280
0.000132
0.000136
0.000196
0.000192
0.000148
0.000136
0.000140
0.000132
0.000116
0.000104
0.000100
0.000088
0.000080
0.000072
0.000064
0.000056
0.000052
0.000044
0.000036
0.000028
0.000020
0.000016
0.000008
0.000004
-0.000004
-0.000012
-0.000016
-0.000024
-0.000028
-0.000032
-0.000036
-0.000040
-0.000040
-0.000044
-0.000044
-0.000056
-0.000064
-0.000064
-0.000068
-0.000072
-0.000076
-0.000076
-0.000076
-0.000072
-0.000076
-0.000084
-0.000084
-0.000088
-0.000088
-0.000088
-0.000092
-0.000092
-0.000088
-0.000092
-0.000096
-0.000088
-0.000036
0.000016
-0.000028
-0.000124
-0.000140
-0.000084
-0.000068
-0.000100
-0.000112
-0.000100
-0.000092
-0.000092
-0.000096
-0.000092
-0.000092
-0.000092
-0.000088
-0.000084
-0.000084
-0.000080
-0.000080
-0.000076
-0.000072
-0.000072
-0.000068
-0.000064
-0.000064
-0.000060
-0.000056
-0.000052
-0.000048
-0.000044
-0.000040
-0.000036
-0.000032
-0.000028
-0.000024
-0.000020
-0.000016
-0.000012
-0.000008
-0.000004
0.000004
0.000008
0.000012
0.000016
0.000024
0.000028
0.000032
0.000036
0.000044
0.000048
0.000052
0.000056
0.000060
0.000068
0.000080
0.000084
0.000088
0.000092
0.000100
0.000108
0.000112
0.000116
0.000124
0.000128
0.000136
0.000140
0.000148
0.000152
0.000160
0.000168
0.000172
0.000180
0.000184
0.000192
0.000196
0.000204
0.000208
0.000216
0.000224
0.000228
0.000236
0.000240
0.000248
0.000256
0.000260
0.000268
0.000272
0.000280
0.000288
0.000292
0.000300
0.000304
0.000312
0.000320
0.000324
0.000332
0.000340
0.000344
0.000352
0.000356
0.000364
0.000372
0.000376
0.000384
0.000392
0.000396
0.000404
0.000412
0.000416
0.000424
0.000432
0.000436
0.000444
0.000452
0.000456
0.000464
