0.011384
0.026972
0.012692
-0.037928
-0.033084
0.012792
0.003704
-0.002200
0.016360
0.043572
0.032128
-0.021916
-0.038120
-0.013256
0.001516
-0.011720
-0.009544
0.029932
0.010056
-0.049596
-0.013524
0.018648
0.001444
0.007788
0.039168
0.048324
0.013540
-0.008668
0.003732
-0.002060
-0.016228
-0.021728
0.009532
0.000300
0.013276
0.019060
-0.005292
0.001172
-0.015708
-0.015016
-0.003140
0.017204
0.048004
-0.000080
-0.036972
-0.009336
-0.009740
0.010404
0.032488
0.066388
0.072372
0.002512
-0.020220
-0.027332
-0.041104
-0.042676
-0.044364
0.030324
0.044676
0.014692
0.040928
0.032720
-0.022632
-0.059680
-0.014108
0.035100
-0.015644
-0.014784
0.052364
0.048956
-0.077024
-0.021692
0.072108
-0.013044
-0.091056
-0.028740
0.055548
0.036600
-0.010904
0.029496
0.112432
0.011176
-0.038400
-0.022612
-0.023780
-0.123908
-0.054088
0.092140
0.106964
0.040816
0.022412
0.065456
0.033948
0.048108
-0.016068
-0.129352
-0.072948
0.037980
0.043144
0.027720
0.015216
0.011848
-0.156388
-0.078304
0.139860
0.045252
-0.102804
-0.064068
-0.013760
-0.038916
0.006356
0.000888
0.024652
0.051604
0.039688
-0.014864
-0.028592
-0.035344
-0.093020
0.055812
0.152960
0.047228
-0.110404
-0.154300
0.021732
-0.043276
-0.039904
0.041636
-0.030352
0.045088
0.103412
0.093684
-0.004012
-0.040956
-0.044016
-0.039884
0.017716
0.099340
0.020304
-0.026032
0.126268
0.082824
-0.070516
-0.099620
-0.015720
-0.091584
-0.170900
-0.034396
0.066880
-0.045652
-0.046508
0.000880
0.050276
0.014956
-0.055808
0.032508
-0.016112
-0.072168
-0.130996
-0.110392
0.014024
0.002544
0.077860
0.164352
0.084444
0.067552
0.005508
-0.079460
-0.100900
-0.137856
-0.121980
0.005872
0.112920
0.131916
0.080204
0.076872
0.070396
-0.036244
0.028660
0.074940
0.036492
-0.037256
-0.045360
0.021908
-0.038320
-0.055980
0.020404
0.006368
-0.002540
0.012372
0.082140
0.013548
-0.106500
-0.028588
0.030160
-0.010888
-0.065032
0.009016
0.078256
0.055052
0.071544
0.036616
-0.107824
-0.068208
0.017796
0.036736
-0.011940
0.034908
0.099528
0.044676
0.030448
0.038992
-0.032572
-0.133676
-0.154792
-0.041952
-0.002520
-0.017136
0.006224
0.055272
0.077760
-0.043744
-0.072904
-0.085412
-0.055704
0.062980
0.084720
0.043228
0.025040
0.078536
0.008304
-0.140804
-0.068272
-0.000256
-0.015144
-0.004940
0.068088
0.037000
-0.063296
-0.078540
0.020596
0.048372
-0.061848
-0.197412
-0.033816
0.156128
-0.052684
-0.018820
0.149920
0.068112
-0.113344
-0.004512
0.137392
-0.058368
-0.153520
0.044712
0.079648
-0.080936
-0.059020
0.074604
0.171560
0.017420
-0.046424
-0.042600
-0.053564
-0.038904
-0.014868
0.075120
0.047832
0.047100
0.071572
0.091304
-0.047528
-0.172044
-0.138780
0.024160
-0.031564
0.007196
0.076824
-0.039152
-0.018884
-0.017184
-0.076280
-0.154084
-0.024872
0.117956
0.087780
0.046616
0.056384
0.015372
-0.075340
0.011352
0.054752
0.078560
0.139132
0.096536
-0.016152
-0.128216
-0.122008
-0.002636
0.052856
0.021836
0.068368
-0.036664
-0.071060
-0.114468
-0.092796
0.007384
0.001092
-0.037564
0.045040
0.186748
0.014016
-0.170032
-0.048884
0.125760
-0.087272
-0.090428
-0.052748
0.038960
0.098044
-0.113548
-0.016424
0.084084
-0.046168
-0.153528
-0.026152
0.151908
0.126592
0.018372
0.078604
0.057280
-0.007960
-0.054532
-0.002908
0.218700
0.012852
-0.006184
0.124100
0.001748
0.007376
-0.196656
-0.075068
0.003076
-0.068564
0.091296
0.160388
0.060220
-0.137080
-0.116092
0.025980
-0.059036
-0.067632
0.081848
0.021344
0.012856
-0.094616
-0.052232
0.053268
0.042748
-0.037484
0.096356
0.005160
-0.202356
-0.096796
0.109852
0.260188
0.059744
-0.116764
-0.168968
0.009808
-0.127128
-0.084852
0.037308
-0.013484
0.041364
-0.012424
0.236312
0.131892
0.006500
0.096772
0.085136
-0.106172
-0.182192
0.018328
-0.172192
-0.193572
0.256832
0.392676
0.058668
-0.027968
0.055652
-0.036780
-0.452372
-0.144228
0.090460
-0.094904
0.043624
0.107588
0.221576
0.001572
-0.099244
-0.016692
-0.167068
-0.325328
-0.051912
0.021140
-0.029160
0.167560
0.205044
0.153648
0.001096
-0.115072
-0.178656
-0.138372
0.059656
0.090696
0.027436
0.132772
0.143208
0.135116
0.091424
0.070444
0.009360
-0.114932
0.086204
0.103204
0.036640
-0.053004
0.088640
0.027548
-0.132620
0.013880
-0.184084
-0.330356
-0.222340
0.041472
0.082432
0.078708
0.153848
0.110392
0.024404
0.024016
-0.028792
-0.072896
-0.023696
-0.025592
-0.047732
-0.108504
0.117408
0.126412
-0.130092
0.055184
0.132320
-0.016636
-0.141032
0.051060
0.048408
-0.283160
-0.143772
-0.006648
-0.101360
0.020176
0.205480
0.091736
0.044564
-0.135528
-0.017060
0.015980
0.113216
0.137216
-0.161356
0.153008
0.161824
-0.122336
-0.159300
-0.102564
0.009096
0.133092
0.093800
-0.014616
-0.096920
0.018612
0.249520
0.056244
-0.133884
-0.085708
-0.087004
-0.120420
0.002712
0.165936
-0.058904
-0.194624
-0.032724
0.194616
-0.010000
-0.361484
-0.115152
0.068352
-0.053388
0.128916
0.204716
0.073708
0.034168
-0.046984
-0.146080
-0.232684
-0.239204
-0.206284
0.055136
0.102192
0.080564
0.070364
0.118588
0.176692
-0.124128
-0.054588
0.119800
0.043788
-0.101384
0.077928
0.210156
0.103872
-0.081004
0.001456
-0.052976
-0.065228
-0.202848
-0.186184
0.287132
0.030716
-0.298320
-0.124864
0.287348
0.202528
-0.019020
-0.065720
0.070832
-0.145580
-0.179508
-0.069980
0.082992
0.069772
-0.205912
0.142844
0.378704
0.013464
-0.267568
-0.094728
-0.117328
0.053216
0.024568
0.203588
0.500392
0.152804
0.059796
0.159508
-0.149912
-0.500672
-0.172468
0.095000
0.050692
0.233056
0.021676
0.123496
-0.003512
-0.307500
0.017700
-0.212936
-0.083000
0.098744
0.126972
0.285856
0.050396
-0.144584
-0.062464
-0.028432
0.151540
0.172180
-0.041488
0.121916
0.201244
-0.027984
-0.163736
-0.115928
-0.171260
-0.213004
-0.092524
0.073692
-0.002556
0.099712
0.064344
0.221428
0.093012
0.017240
0.145956
-0.143736
-0.040408
0.093176
0.059956
-0.282684
-0.115864
0.212444
0.038708
0.157348
0.206456
-0.080920
-0.211724
-0.041016
0.038960
-0.253048
-0.237276
0.045044
0.179268
0.215344
0.036588
-0.090804
0.034396
-0.014532
0.126604
0.106308
-0.028500
0.165376
0.065668
0.093880
-0.015296
-0.174440
-0.310256
-0.177064
0.049400
-0.048756
0.161104
0.268844
0.140580
0.168032
0.243180
-0.031948
-0.393764
-0.095956
0.068300
-0.114392
0.059048
0.113820
0.190652
0.072180
-0.121360
-0.089552
-0.203552
-0.258020
-0.078592
0.101372
0.097756
0.202156
0.304816
0.266960
0.085192
-0.194648
-0.249272
-0.006260
-0.168740
-0.197056
0.404344
0.263564
0.030044
-0.028476
0.015492
0.047708
-0.327776
-0.323316
-0.118656
-0.050496
-0.012380
0.198072
0.081372
0.040800
0.301544
0.037716
-0.166000
-0.206448
-0.111020
-0.016080
0.093192
0.392072
0.218100
0.028812
0.001672
-0.110808
-0.205856
-0.263848
-0.158356
-0.090592
-0.037440
0.200036
0.258512
0.206428
0.113780
-0.132848
-0.151064
-0.025132
0.056604
-0.176468
-0.543556
-0.441672
-0.072768
-0.030820
-0.081040
-0.071120
0.033168
0.311068
0.156980
0.129340
0.175568
-0.021156
0.035864
-0.152416
0.038156
0.125160
0.088096
0.298644
0.224308
0.123380
0.106104
0.137800
-0.081864
-0.192548
-0.158308
-0.098532
-0.132256
-0.202908
0.088468
0.260360
0.282852
0.335968
0.088404
-0.133920
-0.268192
-0.020344
0.068556
0.003200
-0.081812
-0.144668
0.173860
0.099380
-0.145032
-0.226568
-0.157520
-0.046564
-0.149440
-0.274664
-0.293256
-0.209716
-0.039344
0.010176
-0.225024
-0.035436
0.350032
0.208112
0.061364
0.074680
0.124444
0.228064
0.003392
-0.361996
-0.259052
-0.102496
-0.083508
-0.236524
-0.179616
0.086860
0.430864
0.143840
-0.332872
-0.100024
0.218444
0.010128
-0.025552
0.429396
0.162508
0.034492
-0.018468
0.094552
0.074556
-0.185328
0.096864
0.249172
-0.031772
-0.382304
-0.113456
-0.025268
-0.275428
-0.255192
-0.089008
0.104764
0.023744
-0.031144
0.061748
0.003272
-0.090328
-0.227972
-0.283980
0.100400
0.241300
0.153264
-0.021340
-0.005580
0.105716
-0.190500
-0.266576
-0.114672
0.106368
0.189492
0.213544
0.210496
0.039712
0.014716
-0.044932
0.003384
0.219184
0.042676
-0.049368
0.118024
0.124020
-0.051268
-0.140900
0.008516
0.053760
-0.178300
-0.151760
0.096812
0.194648
0.020924
0.131300
0.365944
0.268492
0.155088
0.156232
-0.024532
-0.324304
-0.194356
-0.010888
0.093696
-0.038420
-0.375432
-0.345216
-0.397792
-0.177612
0.066700
0.094692
0.158488
0.209260
0.000204
-0.073732
0.061392
-0.299120
-0.455012
-0.297732
0.139764
0.108572
-0.191840
0.027524
0.197664
0.065876
-0.026536
-0.122636
-0.171392
-0.057484
-0.081272
0.037092
-0.009120
-0.090012
-0.008792
0.064124
0.210200
0.392932
0.419892
0.234272
0.122064
0.170908
0.137796
0.070764
0.060708
-0.108744
-0.210812
-0.015924
0.122996
0.105480
0.163220
-0.038684
-0.186124
-0.071504
0.031752
-0.055700
-0.071520
-0.115072
-0.007296
0.056348
-0.058604
-0.026944
-0.068640
-0.081364
-0.100948
-0.075072
-0.269984
-0.312356
-0.184188
-0.187912
-0.010344
0.106268
0.244960
0.237596
0.039792
0.073640
0.050592
0.147544
0.097892
-0.036108
0.115652
-0.149128
-0.376388
-0.156752
-0.024560
-0.155564
-0.088696
0.246440
0.196744
0.062716
0.046240
0.069736
0.058356
-0.122264
-0.100280
0.031132
0.130284
0.281068
0.272964
0.205060
0.194420
-0.016924
-0.159108
-0.148772
-0.007868
0.123776
0.011004
-0.018408
0.234732
0.182240
0.140680
0.138168
0.029812
0.040032
0.014244
0.244452
0.086788
0.017376
0.140684
0.119348
0.167788
-0.032356
0.115944
0.275500
0.005068
-0.076160
0.092328
0.228304
0.087916
0.080164
0.207656
0.053100
-0.115680
-0.165780
-0.129012
-0.119776
-0.066388
-0.059176
-0.061680
-0.141524
-0.225584
-0.015300
-0.067428
-0.136560
-0.064732
-0.192964
-0.284348
-0.200656
-0.141120
-0.267568
-0.267968
0.006740
0.014888
-0.062580
-0.018760
-0.048768
-0.094204
-0.029944
0.054896
-0.077244
-0.143948
0.111116
0.185736
-0.015740
-0.103760
-0.056416
0.012532
-0.023144
0.032036
0.193944
0.260660
0.091244
0.170236
0.288076
0.129748
-0.053828
0.046380
0.161604
-0.012548
-0.006356
0.078072
0.044604
0.003488
0.017548
0.017168
-0.033276
0.082464
0.193188
0.114796
0.025248
-0.076700
-0.111320
-0.151000
-0.216952
-0.055904
0.154524
0.077296
-0.022200
0.092080
0.128792
-0.132076
-0.189548
-0.103028
-0.117572
-0.170552
-0.104264
0.013312
-0.063624
-0.171172
-0.101696
0.066272
-0.067452
-0.224228
-0.154596
-0.105744
-0.043980
0.008952
-0.104900
-0.122496
0.028344
-0.110000
-0.119396
-0.096192
-0.112800
-0.071236
-0.116436
-0.110264
-0.123808
-0.089060
-0.054344
-0.014080
-0.050484
-0.044860
-0.010232
-0.037880
-0.091896
0.025424
0.069468
-0.032516
0.082808
0.091460
0.031420
0.036388
-0.012960
0.000648
0.097072
0.132344
0.131964
0.178792
0.148156
0.065976
-0.132500
-0.033724
0.093236
0.029716
0.115888
0.208080
0.268276
0.050680
0.076048
0.178752
-0.056124
-0.088632
0.056096
0.073300
0.058948
0.111780
0.138144
-0.021128
-0.089996
0.038132
0.031092
0.037748
-0.002572
-0.045684
-0.105308
-0.029032
0.023052
-0.019740
-0.016704
-0.065024
-0.065876
-0.007616
-0.014284
-0.071724
-0.114084
-0.037860
-0.035116
-0.130544
-0.145136
-0.059932
-0.110372
-0.094692
0.047200
0.040056
-0.072872
-0.151328
-0.097720
-0.069492
0.048856
0.077640
0.159640
0.230416
0.037836
0.054848
0.180740
0.155044
0.001308
-0.069648
-0.043348
-0.038788
0.037268
0.049108
-0.011928
0.077572
0.008592
-0.087296
-0.117768
0.024692
0.140872
-0.047664
-0.114900
0.038792
0.047096
-0.048392
0.020584
0.122108
-0.021440
-0.031200
-0.013968
-0.034100
-0.064492
-0.179052
0.042224
0.059928
0.024992
0.008276
0.056428
0.073316
-0.109392
-0.118452
-0.015552
-0.052316
-0.021796
0.111804
0.235400
0.178172
-0.001652
-0.114072
-0.184216
-0.140728
-0.039980
0.008976
0.010016
0.079100
-0.003008
0.026548
0.119092
0.112044
0.048428
0.079992
0.096420
-0.061192
-0.099848
-0.049092
0.040680
0.010456
0.049288
0.177992
0.095284
0.022296
0.043716
0.130476
0.072876
-0.146700
-0.053788
0.059824
0.004376
-0.048536
-0.002548
0.046824
0.073316
0.053576
-0.079048
-0.075452
0.020060
-0.022060
-0.043100
-0.040732
-0.035872
0.058680
0.016172
0.034288
0.071596
0.034712
-0.051900
-0.109116
-0.049544
-0.074268
0.097880
0.136888
0.019344
0.099608
0.027036
-0.075100
-0.048060
-0.118820
-0.100544
-0.126832
-0.080892
0.086592
0.042568
0.010356
-0.022392
-0.059680
0.026184
-0.006148
-0.025912
0.004196
0.015848
0.068888
0.073144
0.016908
-0.021816
0.019848
0.010480
-0.006660
-0.002384
0.029688
0.095000
0.036688
-0.053956
-0.000212
-0.044416
-0.068964
-0.051704
-0.065392
0.028428
0.085228
-0.039192
-0.011552
0.078956
-0.061164
-0.181128
-0.156596
-0.062016
-0.038556
-0.047708
0.038940
0.050572
-0.005592
-0.006608
-0.005468
-0.030456
0.001976
0.056084
0.051348
0.077608
0.026568
0.011232
0.030548
0.092856
0.152120
0.080216
0.034724
0.032416
0.040636
0.035524
0.070140
0.129860
0.097436
0.000192
-0.042596
-0.031900
0.035744
-0.017808
0.004956
0.061240
0.061032
0.047536
0.025912
0.073112
-0.013060
-0.056644
-0.060692
-0.066976
-0.190868
-0.177248
-0.108624
-0.116620
-0.080464
-0.127364
-0.093600
-0.063368
-0.142528
-0.087052
0.002860
-0.083812
-0.098732
0.010088
0.034036
-0.150044
-0.073404
0.128528
0.056636
-0.097520
0.089480
0.072116
0.020152
0.104044
0.048512
0.013200
0.065704
0.038068
-0.012816
0.109896
0.105540
0.029028
0.059548
0.184976
0.040648
-0.108324
-0.105272
0.150876
0.213064
0.133628
0.131500
0.218196
0.093848
-0.065820
0.136744
-0.002416
-0.182112
-0.055340
-0.126612
-0.037264
0.119852
-0.111620
-0.044840
0.025840
-0.047824
0.069384
-0.025148
-0.118080
-0.043832
-0.014064
0.086808
-0.031808
-0.061684
0.041184
-0.066724
-0.187344
-0.096960
0.063292
-0.077220
-0.144608
0.027760
0.068796
-0.032080
-0.019120
0.062872
0.012336
-0.137068
-0.050936
0.000548
0.011816
0.036168
0.027548
0.085896
0.039396
0.052828
0.018220
-0.095560
-0.049420
0.044432
0.023428
0.063688
-0.035084
-0.005372
0.050924
-0.045060
-0.092696
-0.120596
-0.054840
-0.035008
-0.052556
-0.041884
-0.006988
0.010148
-0.006028
-0.022688
0.032232
0.015004
-0.162580
-0.114132
-0.033136
-0.048704
-0.020616
-0.065888
-0.054608
0.018404
0.047812
0.029832
0.106528
-0.005724
-0.033956
-0.031308
0.050364
0.097308
-0.069960
-0.072556
-0.145832
0.025540
0.114224
0.043516
0.140784
0.080240
0.106052
0.118812
0.020560
-0.144104
-0.090416
0.050528
0.096464
-0.034796
-0.108180
0.088008
-0.029956
-0.035620
-0.067276
0.030044
0.167316
0.131896
0.053060
-0.018792
-0.027316
-0.110740
-0.130408
-0.043516
0.105592
0.085456
0.023236
0.020496
0.033064
-0.022244
-0.212692
-0.171708
-0.133384
-0.020136
-0.009248
-0.020672
0.196612
0.070956
0.007092
0.073992
0.108628
0.061144
-0.051312
-0.117476
-0.004048
0.165136
0.082080
0.086228
0.075896
0.002976
-0.080156
-0.094340
0.039584
0.072248
0.086856
0.095748
0.017744
-0.072272
-0.021716
-0.033512
-0.092692
-0.129052
-0.093740
-0.040588
-0.100148
-0.006152
0.029064
-0.009412
-0.100052
-0.111556
0.000996
0.065024
0.120476
0.039864
-0.069864
-0.018768
-0.074428
-0.107748
-0.017504
-0.051840
-0.000852
0.087896
0.139276
0.086156
0.025888
-0.009320
-0.017656
-0.052888
-0.012340
0.095868
0.078288
0.056660
0.034576
0.020636
-0.064044
-0.033216
0.114588
0.153512
0.107196
0.102480
0.161104
0.102812
0.030160
-0.014144
-0.064536
-0.072360
-0.141688
-0.111780
0.040728
0.012516
0.018608
-0.017292
-0.025416
-0.066816
-0.074492
0.044764
0.049568
0.061524
0.014796
-0.084656
-0.045452
-0.021580
-0.065856
-0.002336
0.030040
0.045864
-0.027032
0.017140
0.090444
0.033112
-0.055860
0.027932
0.065580
0.040492
-0.007132
-0.010444
0.020428
-0.042680
0.054464
0.096856
0.199544
0.115772
-0.032036
-0.026080
-0.073768
-0.079856
-0.069964
-0.029900
-0.033844
0.010008
-0.066344
-0.122104
-0.101092
-0.063272
-0.010936
-0.004360
0.017452
-0.003284
-0.016648
-0.027540
-0.053288
-0.042480
0.000320
-0.017500
0.023976
0.090612
0.137224
0.085564
0.039072
0.020000
0.034136
0.025728
-0.071276
-0.061384
0.049432
0.087424
0.080068
0.104600
0.047352
0.031180
0.018136
-0.001996
0.020280
0.042768
0.013484
-0.028692
-0.049636
-0.008448
0.003860
-0.110252
-0.118112
-0.045408
0.056552
0.023496
-0.019472
-0.004700
-0.080436
-0.041220
-0.024752
-0.062352
-0.035216
-0.052380
-0.079448
-0.066900
-0.054684
-0.023008
-0.026628
-0.031112
0.010944
0.002608
0.027300
-0.034528
-0.040592
-0.027748
-0.103168
-0.094248
-0.062560
0.012868
0.002360
-0.016456
0.003608
-0.032980
0.014244
0.080872
0.086828
0.054392
-0.010840
-0.010636
0.005148
-0.013276
0.006688
0.038920
0.081292
0.007068
-0.019524
0.013016
-0.017460
-0.000040
-0.023900
0.052560
0.089404
0.002316
0.036712
0.046264
0.004468
0.036868
0.081052
0.073352
0.020580
0.020068
0.052340
0.038620
-0.025120
-0.057364
0.006172
0.019088
-0.015972
0.028504
0.028900
0.026884
0.020996
0.031672
0.035208
-0.015480
-0.048404
0.002656
-0.025052
-0.055340
0.024212
0.013776
-0.013532
-0.047192
0.011968
0.013664
-0.037380
-0.069104
-0.035448
0.016984
-0.029524
-0.030424
-0.008828
-0.006344
0.015160
0.000328
-0.012536
0.001092
-0.038360
-0.040832
-0.052700
-0.033296
0.014008
-0.000516
0.016632
0.016328
-0.001844
-0.019544
-0.043196
-0.037916
-0.018304
-0.035300
-0.022008
0.001972
0.017744
0.047620
0.053996
0.010572
0.003412
0.036872
0.024204
0.004240
-0.020920
-0.006788
-0.015620
-0.014868
-0.002700
0.006568
-0.038800
-0.041568
-0.012624
-0.028964
-0.013924
-0.038752
-0.061704
-0.061740
0.001068
0.007008
0.014876
0.030504
0.027260
0.020464
-0.011328
0.032712
0.021960
-0.019288
-0.025936
-0.020000
-0.024916
0.004708
0.034424
0.044652
0.054016
0.024972
-0.000932
0.004076
0.046228
0.048192
0.030408
-0.007712
0.010912
0.034728
0.012864
-0.013316
-0.023964
-0.005568
-0.016788
-0.024092
-0.030368
0.009804
-0.013344
-0.041616
-0.027388
-0.019820
0.002992
-0.017696
0.012244
0.029320
-0.019812
-0.021860
0.000300
0.021684
0.004336
0.022532
0.026740
-0.042828
0.008232
0.040940
0.043212
0.014788
-0.001180
0.017408
-0.002540
0.002336
-0.009312
-0.001908
-0.012188
-0.024804
-0.018172
-0.035048
-0.032832
-0.012500
-0.021620
0.000180
0.005524
-0.005536
-0.012468
0.009240
0.036088
-0.001664
-0.015528
0.016240
0.035212
0.025772
0.009848
0.015336
0.014164
-0.038596
-0.037280
0.021016
0.028152
0.002500
0.013140
0.036660
0.009220
-0.054800
-0.042276
0.014224
0.012572
-0.014620
0.005748
0.047684
0.009444
-0.027972
-0.012056
0.015052
0.008724
-0.004452
0.038420
0.050312
0.008888
-0.017436
-0.007740
-0.009484
-0.007720
0.000584
0.012684
0.016532
0.014428
0.029908
0.023992
0.026104
0.007096
-0.000416
0.014040
0.011224
0.014568
-0.011048
0.007552
-0.001980
-0.043652
-0.040976
-0.043016
-0.008440
-0.034720
-0.054604
-0.013288
-0.005992
-0.035708
-0.058144
-0.018404
-0.011196
-0.017760
-0.009668
0.010840
0.024312
0.024284
0.036336
0.047568
0.039052
0.037400
0.020928
-0.003380
-0.013812
-0.008488
0.003068
-0.010352
0.017532
0.020796
-0.003820
-0.027020
-0.003816
0.023128
0.001212
0.011988
0.013664
0.007252
-0.007640
-0.008760
0.014700
0.011908
0.007440
0.010608
0.010296
0.042192
0.037472
0.012872
-0.003436
-0.011964
0.007092
0.005000
-0.006924
0.011048
0.013972
-0.019480
-0.026996
-0.002128
0.040884
0.017128
0.003332
0.023316
-0.008264
-0.040368
-0.033484
-0.001844
-0.014648
-0.030860
-0.004104
0.012192
0.003852
-0.034300
-0.024004
-0.003976
-0.005560
-0.015532
0.005264
0.011840
0.014396
0.012636
0.017140
0.025616
-0.006432
-0.004236
0.016708
0.022668
0.007976
0.006172
-0.020096
-0.014000
0.009256
0.015276
0.009296
-0.004700
0.002620
-0.018684
-0.028668
-0.021968
-0.015472
-0.005884
0.009116
0.014880
-0.022872
-0.029396
-0.026356
-0.020312
-0.011744
-0.024048
-0.012000
-0.017328
-0.005092
0.023180
-0.011516
-0.021428
0.015568
0.023808
0.021400
0.038528
0.052024
0.041932
0.036956
0.044736
0.031912
0.018316
0.018268
0.033388
0.039144
0.016204
0.024300
0.014596
0.001556
0.004656
0.000600
0.009572
0.005776
-0.007544
-0.014684
-0.006600
0.002540
-0.001080
-0.002852
0.008584
-0.003792
-0.020736
-0.040152
-0.046872
-0.031952
-0.036572
-0.013496
0.000848
-0.004300
-0.005736
-0.017020
-0.013508
-0.014848
-0.015604
-0.003732
-0.001180
0.004404
0.016488
0.001900
-0.005344
-0.001540
-0.003716
-0.007456
-0.004312
0.004124
0.004472
-0.008480
-0.013300
-0.011308
-0.007068
-0.005636
0.002712
0.008340
-0.004296
-0.012716
-0.013300
-0.006576
-0.014036
0.001316
0.007092
-0.001648
-0.016884
-0.012468
-0.002320
-0.005168
0.004460
0.005504
0.007632
0.011604
0.002140
-0.003068
0.003356
-0.000012
0.002344
0.009512
0.012968
0.008288
-0.001184
0.003048
0.006700
-0.000476
0.001652
0.001140
-0.001972
0.001252
0.005664
0.004548
-0.000928
-0.001156
-0.007188
-0.015700
-0.014228
-0.005844
0.003180
-0.000984
-0.002212
-0.001492
-0.001868
-0.001512
-0.002352
0.000684
0.000492
-0.002032
0.000440
0.006772
0.002328
-0.004076
-0.005544
-0.005236
-0.001620
-0.001652
-0.000360
0.003732
0.003552
-0.001652
0.000276
0.002916
0.000488
0.001464
0.001976
0.000544
-0.004580
-0.007188
-0.005404
-0.002084
-0.002056
-0.003100
-0.000404
-0.001052
-0.001316
-0.003064
-0.004132
-0.003888
-0.002504
-0.001324
-0.000972
-0.000332
-0.000652
0.000116
0.000416
0.001768
0.002120
0.002300
0.001576
0.001184
0.001484
0.002204
0.002008
0.001468
0.002000
0.002060
0.002496
0.002056
0.002420
0.002492
0.002080
0.002100
0.001904
0.001936
0.001472
0.001440
0.001724
0.001436
0.001148
0.000812
0.000492
0.000364
0.000452
0.000456
0.000376
0.000400
0.000392
0.000284
0.000192
0.000172
0.000220
0.000268
0.000308
0.000324
0.000336
