0.002848
0.002848
0.002848
0.002844
0.002840
0.002832
0.002832
0.002836
0.002836
0.002832
0.002800
0.002740
0.002644
0.002544
0.002468
0.002460
0.002544
0.002712
0.002900
0.003016
0.002984
0.002768
0.002408
0.001992
0.001624
0.001352
0.001144
0.000888
0.000456
-0.000228
-0.001136
-0.002100
-0.002852
-0.003084
-0.002540
-0.001112
0.001080
0.003708
0.006324
0.008512
0.010036
0.010912
0.011340
0.011556
0.011652
0.011528
0.010928
0.009608
0.007496
0.004744
0.001700
-0.001204
-0.003536
-0.004940
-0.005228
-0.004440
-0.002972
-0.001532
-0.000952
-0.001776
-0.003892
-0.006332
-0.007512
-0.005864
-0.000508
0.008248
0.018896
0.029204
0.036852
0.040052
0.037868
0.030276
0.017972
0.002168
-0.015612
-0.033604
-0.049840
-0.062168
-0.068404
-0.066752
-0.056396
-0.038128
-0.014636
0.009852
0.030588
0.043616
0.046876
0.040604
0.026932
0.009056
-0.009600
-0.025896
-0.037228
-0.041688
-0.038424
-0.027940
-0.012180
0.005852
0.022800
0.035668
0.042168
0.040784
0.030768
0.012540
-0.011624
-0.037096
-0.057316
-0.065536
-0.057464
-0.033644
-0.000088
0.033444
0.057248
0.065880
0.060716
0.049500
0.042920
0.049768
0.072980
0.108468
0.147112
0.178620
0.195212
0.193360
0.173384
0.137628
0.089080
0.031048
-0.032240
-0.094964
-0.150012
-0.190188
-0.209744
-0.205548
-0.177820
-0.130608
-0.072360
-0.015536
0.025540
0.039324
0.022632
-0.015852
-0.057100
-0.078808
-0.065180
-0.014240
0.061356
0.140544
0.203304
0.237828
0.241728
0.218156
0.170780
0.102248
0.016988
-0.074428
-0.154080
-0.201332
-0.201628
-0.154288
-0.074412
0.012896
0.082832
0.120336
0.124156
0.104512
0.076756
0.054776
0.046872
0.054688
0.074276
0.098196
0.117896
0.126156
0.119008
0.096488
0.061792
0.019520
-0.025688
-0.069088
-0.104696
-0.124780
-0.121696
-0.091980
-0.040616
0.017928
0.063756
0.079640
0.059200
0.010488
-0.047240
-0.091984
-0.108356
-0.093216
-0.055328
-0.010116
0.027036
0.045700
0.041800
0.016308
-0.026952
-0.082580
-0.143664
-0.201288
-0.244636
-0.262012
-0.242884
-0.180192
-0.073092
0.070684
0.233196
0.387332
0.501848
0.550096
0.520136
0.420756
0.280132
0.135916
0.021592
-0.044416
-0.061564
-0.041812
-0.000792
0.048500
0.096436
0.133976
0.150952
0.138632
0.095316
0.030164
-0.038672
-0.091484
-0.115452
-0.108680
-0.077968
-0.033308
0.015624
0.058644
0.082592
0.072952
0.021972
-0.060908
-0.145428
-0.190396
-0.164780
-0.068204
0.062928
0.169676
0.197768
0.122056
-0.045336
-0.264960
-0.488212
-0.671108
-0.777816
-0.778936
-0.654440
-0.403916
-0.057828
0.321384
0.655708
0.879640
0.964320
0.923016
0.795948
0.626836
0.447896
0.280564
0.145996
0.069384
0.069348
0.138436
0.232540
0.284080
0.236656
0.081072
-0.131976
-0.313260
-0.378664
-0.289204
-0.064500
0.232984
0.529112
0.764276
0.903880
0.936096
0.865504
0.709492
0.495836
0.257292
0.022884
-0.186932
-0.356024
-0.461960
-0.471180
-0.350328
-0.091712
0.265628
0.638932
0.933860
1.087704
1.094860
0.996376
0.842608
0.657964
0.434380
0.155648
-0.170480
-0.501020
-0.776296
-0.951780
-1.016148
-0.984468
-0.880180
-0.728712
-0.571368
-0.479212
-0.536924
-0.788264
-1.174320
-1.518912
-1.593364
-1.238196
-0.467324
0.517456
1.421332
2.003604
2.183416
2.040932
1.725764
1.348604
0.936080
0.471040
-0.030088
-0.478028
-0.748144
-0.765560
-0.566808
-0.286032
-0.073992
-0.012988
-0.090272
-0.242368
-0.423728
-0.636976
-0.900000
-1.183336
-1.380852
-1.350852
-1.005720
-0.385888
0.339612
0.950232
1.278920
1.278092
1.013316
0.603436
0.157068
-0.254104
-0.583064
-0.785388
-0.818812
-0.668700
-0.376748
-0.042104
0.213848
0.299736
0.190168
-0.076520
-0.432848
-0.820748
-1.205816
-1.561304
-1.840748
-1.970164
-1.875608
-1.534220
-1.012252
-0.455924
-0.027148
0.183776
0.213884
0.209100
0.334048
0.661296
1.111428
1.486960
1.583524
1.308764
0.733080
0.042196
-0.570096
-0.993760
-1.220604
-1.291976
-1.232040
-1.030024
-0.683436
-0.256556
0.110364
0.267236
0.156188
-0.129128
-0.381064
-0.396588
-0.097564
0.428664
0.991844
1.412996
1.607044
1.583704
1.387652
1.043300
0.558044
-0.023940
-0.577336
-0.918684
-0.898708
-0.502044
0.124504
0.744752
1.161864
1.313920
1.274296
1.164640
1.054876
0.924692
0.708732
0.379536
-0.003740
-0.321052
-0.469496
-0.430752
-0.276428
-0.112116
-0.007724
0.031064
0.036384
0.028828
-0.006676
-0.098676
-0.243588
-0.382864
-0.429984
-0.330880
-0.108888
0.144576
0.330832
0.409552
0.418076
0.428888
0.480584
0.538032
0.514980
0.342004
0.025760
-0.346792
-0.662100
-0.849172
-0.910664
-0.896428
-0.846612
-0.754940
-0.582892
-0.309560
0.029468
0.350656
0.574440
0.676768
0.696436
0.690724
0.677100
0.612676
0.432016
0.114884
-0.271640
-0.593740
-0.722756
-0.607300
-0.295396
0.103188
0.479280
0.763372
0.922004
0.930452
0.762564
0.414868
-0.054116
-0.512560
-0.796656
-0.788300
-0.480060
0.017172
0.528104
0.890452
1.008660
0.861744
0.481444
-0.066188
-0.679476
-1.216248
-1.514176
-1.447480
-0.993960
-0.264808
0.533056
1.188220
1.576812
1.699908
1.649324
1.532352
1.410496
1.288712
1.148916
0.989348
0.832428
0.695588
0.553600
0.331400
-0.056136
-0.637840
-1.337072
-1.976980
-2.344964
-2.286304
-1.778348
-0.947748
-0.021432
0.763892
1.250108
1.404212
1.305480
1.086672
0.862924
0.685568
0.541136
0.387568
0.198592
-0.013932
-0.212524
-0.368592
-0.490132
-0.619184
-0.797444
-1.023764
-1.234496
-1.325360
-1.205412
-0.852376
-0.335856
0.207356
0.633764
0.856776
0.880524
0.787664
0.690192
0.670320
0.742984
0.855756
0.923612
0.876284
0.691704
0.399768
0.058172
-0.281852
-0.596396
-0.884812
-1.146548
-1.357696
-1.465572
-1.407192
-1.140736
-0.671952
-0.059812
0.599456
1.201308
1.658840
1.916980
1.954112
1.777084
1.414336
0.911716
0.329112
-0.261784
-0.781892
-1.152280
-1.306588
-1.207696
-0.864044
-0.337080
0.267768
0.828052
1.240664
1.452252
1.469636
1.346340
1.153524
0.950172
0.764412
0.592564
0.410964
0.193696
-0.072024
-0.376712
-0.687904
-0.957844
-1.138712
-1.200128
-1.142480
-0.997432
-0.814244
-0.636888
-0.485524
-0.353396
-0.221280
-0.080068
0.053516
0.139228
0.132672
0.010012
-0.216932
-0.503272
-0.787892
-1.013360
-1.138988
-1.144456
-1.027976
-0.803580
-0.500564
-0.161548
0.163148
0.425884
0.591940
0.645268
0.588232
0.438048
0.223816
-0.015472
-0.234404
-0.389532
-0.452504
-0.421496
-0.322572
-0.197052
-0.080608
0.014488
0.102136
0.207896
0.345784
0.501104
0.630400
0.679156
0.607720
0.411512
0.125032
-0.190448
-0.468952
-0.661820
-0.750968
-0.749220
-0.689324
-0.606624
-0.523760
-0.444900
-0.362120
-0.271064
-0.186032
-0.143068
-0.186612
-0.345100
-0.609812
-0.930140
-1.229780
-1.435044
-1.499592
-1.413548
-1.195440
-0.876304
-0.487972
-0.061304
0.368732
0.759484
1.064260
1.243788
1.279080
1.179572
0.982060
0.741304
0.513844
0.340224
0.230344
0.159176
0.077600
-0.063552
-0.287124
-0.575728
-0.879892
-1.144440
-1.336532
-1.456284
-1.522916
-1.547644
-1.515012
-1.389112
-1.142276
-0.785028
-0.374076
0.011936
0.313368
0.520040
0.669284
0.813312
0.979528
1.151420
1.282264
1.330332
1.287780
1.183208
1.056852
0.928988
0.786028
0.595040
0.334568
0.019748
-0.298512
-0.559236
-0.724520
-0.797844
-0.816532
-0.825264
-0.849584
-0.886104
-0.912544
-0.907936
-0.867628
-0.803088
-0.730264
-0.656616
-0.577184
-0.481956
-0.367188
-0.241504
-0.121884
-0.022796
0.052308
0.110720
0.161868
0.208368
0.243820
0.259724
0.255468
0.243592
0.245168
0.278564
0.349168
0.447492
0.555612
0.656264
0.737576
0.791724
0.810856
0.787152
0.717752
0.610696
0.485480
0.364100
0.257940
0.160328
0.051308
-0.086868
-0.254308
-0.429512
-0.581452
-0.690308
-0.762280
-0.826544
-0.914104
-1.030832
-1.142708
-1.184736
-1.091024
-0.830356
-0.427584
0.042080
0.482744
0.816776
1.011064
1.079244
1.060232
0.988672
0.875940
0.712500
0.488180
0.213452
-0.074160
-0.324352
-0.499756
-0.594784
-0.633384
-0.645996
-0.641024
-0.591452
-0.447964
-0.171224
0.235832
0.717648
1.184232
1.547440
1.753852
1.796120
1.700120
1.501264
1.227540
0.899140
0.540184
0.188228
-0.110516
-0.319332
-0.430292
-0.469344
-0.481868
-0.508228
-0.564860
-0.643280
-0.724516
-0.794772
-0.850672
-0.889884
-0.900576
-0.862432
-0.764760
-0.627716
-0.507640
-0.474672
-0.572552
-0.786424
-1.043344
-1.248896
-1.338700
-1.311044
-1.219696
-1.131528
-1.079308
-1.040428
-0.954752
-0.765932
-0.458548
-0.066428
0.348388
0.727100
1.033628
1.252564
1.373580
1.379744
1.251392
0.982280
0.594356
0.138352
-0.322308
-0.733120
-1.062904
-1.303508
-1.458676
-1.531964
-1.522260
-1.427356
-1.250288
-1.002596
-0.702232
-0.370224
-0.030900
0.285032
0.538252
0.686072
0.696032
0.562292
0.313608
0.005892
-0.299936
-0.562036
-0.770160
-0.938380
-1.084324
-1.208684
-1.290944
-1.303592
-1.234608
-1.099768
-0.933636
-0.763948
-0.588228
-0.371028
-0.067484
0.340988
0.822584
1.300488
1.684988
1.913220
1.971812
1.892052
1.724244
1.511308
1.276424
1.027832
0.769692
0.508240
0.249264
-0.005784
-0.257376
-0.498832
-0.709320
-0.858572
-0.923040
-0.903784
-0.830020
-0.742344
-0.665032
-0.586616
-0.464508
-0.253096
0.061648
0.443776
0.817296
1.099640
1.237992
1.229632
1.115396
0.954524
0.795040
0.655620
0.524164
0.371072
0.168220
-0.095220
-0.406360
-0.731788
-1.028280
-1.255092
-1.383780
-1.402188
-1.313452
-1.132756
-0.885104
-0.603260
-0.324824
-0.086124
0.085812
0.179736
0.200680
0.164408
0.089096
-0.009424
-0.116680
-0.215144
-0.283056
-0.300028
-0.257700
-0.167280
-0.056940
0.042428
0.114936
0.169760
0.235884
0.344592
0.509660
0.717208
0.930180
1.103992
1.203712
1.214768
1.142920
1.007752
0.833252
0.641696
0.450220
0.270404
0.109364
-0.028620
-0.140808
-0.225720
-0.284888
-0.325308
-0.360172
-0.404728
-0.468000
-0.544668
-0.613948
-0.647856
-0.626236
-0.548472
-0.435336
-0.317148
-0.217508
-0.142772
-0.084756
-0.033348
0.010828
0.034120
0.019512
-0.038564
-0.126048
-0.213412
-0.269384
-0.273576
-0.220576
-0.114792
0.036072
0.222052
0.424864
0.612624
0.743388
0.780560
0.711732
0.558080
0.366116
0.185388
0.046200
-0.049520
-0.119784
-0.183920
-0.247820
-0.301820
-0.330476
-0.324556
-0.286540
-0.227152
-0.158280
-0.088548
-0.024744
0.024708
0.048960
0.039416
-0.004168
-0.071184
-0.144380
-0.206904
-0.246760
-0.255072
-0.221404
-0.132108
0.023228
0.240440
0.492712
0.735104
0.922048
1.028660
1.062360
1.056568
1.049632
1.062112
1.086676
1.096796
1.066764
0.989612
0.879860
0.761460
0.649260
0.538892
0.410660
0.245456
0.040560
-0.185280
-0.400204
-0.574224
-0.690584
-0.746932
-0.747832
-0.695816
-0.588760
-0.424500
-0.208624
0.041032
0.296944
0.529192
0.712304
0.827892
0.863308
0.809532
0.661104
0.419692
0.097932
-0.278196
-0.671300
-1.036956
-1.329736
-1.510652
-1.555088
-1.460036
-1.247144
-0.958316
-0.643836
-0.347152
-0.094052
0.107844
0.259652
0.359572
0.397464
0.360540
0.245748
0.070012
-0.130400
-0.311852
-0.439760
-0.498924
-0.492684
-0.433400
-0.332616
-0.197784
-0.036804
0.135392
0.294444
0.411924
0.464964
0.444524
0.357400
0.222680
0.065448
-0.088184
-0.214516
-0.294472
-0.316344
-0.278056
-0.187672
-0.060384
0.086248
0.236308
0.376188
0.493056
0.573272
0.603788
0.575964
0.489712
0.354224
0.185124
-0.000676
-0.188308
-0.365364
-0.520460
-0.643352
-0.727568
-0.773876
-0.791096
-0.791668
-0.783024
-0.760956
-0.709508
-0.609876
-0.452516
-0.246560
-0.019228
0.193316
0.359832
0.463932
0.506120
0.497388
0.450548
0.373896
0.270572
0.142036
-0.007492
-0.169272
-0.331536
-0.483124
-0.616132
-0.726212
-0.811284
-0.869344
-0.897336
-0.891464
-0.848624
-0.768088
-0.652220
-0.506728
-0.340036
-0.163696
0.008076
0.158844
0.272204
0.335148
0.342280
0.298148
0.216240
0.113884
0.005932
-0.099820
-0.202500
-0.304052
-0.403648
-0.495276
-0.570148
-0.622496
-0.653832
-0.671908
-0.684600
-0.693128
-0.689216
-0.659432
-0.593420
-0.491588
-0.366320
-0.236796
-0.120520
-0.026992
0.044264
0.101240
0.155520
0.218328
0.297460
0.394052
0.500248
0.599144
0.669892
0.695760
0.671976
0.607756
0.521424
0.431500
0.349280
0.277596
0.215228
0.162440
0.123048
0.101292
0.097284
0.104972
0.115140
0.120824
0.121528
0.122792
0.131948
0.152872
0.183616
0.217180
0.244412
0.256436
0.246624
0.212280
0.157016
0.092320
0.036564
0.009140
0.021164
0.066840
0.122180
0.154052
0.137448
0.072172
-0.011056
-0.061896
-0.035584
0.080212
0.253816
0.422264
0.524184
0.534136
0.477836
0.416428
0.409392
0.477992
0.594188
0.701044
0.750656
0.732052
0.671016
0.602760
0.541392
0.469380
0.357312
0.197436
0.023484
-0.101852
-0.125468
-0.041832
0.098344
0.216484
0.254176
0.208228
0.130352
0.092344
0.141424
0.273388
0.438228
0.570132
0.621416
0.581312
0.473312
0.337828
0.213096
0.121656
0.066208
0.032680
-0.000748
-0.051556
-0.121884
-0.195096
-0.243240
-0.243376
-0.192896
-0.113604
-0.039708
0.002788
0.011984
0.009772
0.026264
0.079472
0.164560
0.258388
0.334952
0.379248
0.390712
0.375584
0.336852
0.270004
0.167560
0.027412
-0.141604
-0.321272
-0.490340
-0.631100
-0.731636
-0.785128
-0.788720
-0.744660
-0.662408
-0.559676
-0.459392
-0.383856
-0.348476
-0.358484
-0.409008
-0.488324
-0.581676
-0.674576
-0.755648
-0.817912
-0.858636
-0.876956
-0.870104
-0.831428
-0.751340
-0.622948
-0.448204
-0.241944
-0.029624
0.160136
0.304452
0.391620
0.421528
0.401476
0.341024
0.249080
0.134220
0.006752
-0.119804
-0.229932
-0.309060
-0.347296
-0.341376
-0.294864
-0.216144
-0.115996
-0.005208
0.106572
0.211676
0.304500
0.381676
0.441776
0.485516
0.515464
0.535820
0.551284
0.565400
0.578620
0.587636
0.585920
0.567072
0.528556
0.474372
0.413864
0.356852
0.306528
0.255596
0.188156
0.088504
-0.048176
-0.209224
-0.367320
-0.491416
-0.560656
-0.573224
-0.545568
-0.502404
-0.463972
-0.437372
-0.417424
-0.393348
-0.357380
-0.308360
-0.249412
-0.182176
-0.103608
-0.008236
0.104832
0.226068
0.335300
0.408600
0.427936
0.388612
0.299636
0.179144
0.047488
-0.076804
-0.178440
-0.246076
-0.274776
-0.268380
-0.238468
-0.196880
-0.145236
-0.068320
0.060564
0.262856
0.535332
0.842804
1.129624
1.345744
1.470224
1.516656
1.516984
1.495564
1.452640
1.369944
1.232408
1.049212
0.854596
0.687888
0.567280
0.478336
0.388460
0.276932
0.158160
0.078524
0.086708
0.198208
0.378960
0.560976
0.679216
0.706144
0.660736
0.589904
0.536128
0.514912
0.514096
0.511156
0.492712
0.462480
0.434448
0.420248
0.420816
0.428812
0.436524
0.441864
0.447576
0.455656
0.463244
0.463936
0.453000
0.432148
0.409344
0.393872
0.390008
0.395176
0.402384
0.405068
0.399948
0.386668
0.365304
0.334840
0.293692
0.242192
0.184124
0.126212
0.075504
0.037244
0.014152
0.007460
0.017656
0.044540
0.086088
0.137836
0.193492
0.247360
0.296392
0.340716
0.381392
0.417588
0.444800
0.455896
0.444472
0.408628
0.352532
0.285060
0.215992
0.152512
0.097672
0.051584
0.013608
-0.015520
-0.033672
-0.038676
-0.030560
-0.012232
0.011260
0.034824
0.054708
0.069016
0.076608
0.075848
0.064104
0.038876
-0.000804
-0.053540
-0.116324
-0.185788
-0.259388
-0.335516
-0.413092
-0.490492
-0.564996
-0.632928
-0.690216
-0.733180
-0.759416
-0.768604
-0.763096
-0.747724
-0.727980
-0.707412
-0.685504
-0.656616
-0.612432
-0.546216
-0.457516
-0.354496
-0.252024
-0.166380
-0.109160
-0.083044
-0.082128
-0.095860
-0.114668
-0.133140
-0.149828
-0.164108
-0.173756
-0.174992
-0.165808
-0.149420
-0.134872
-0.132364
-0.146256
-0.170224
-0.189556
-0.189652
-0.166260
-0.129896
-0.101060
-0.097908
-0.124764
-0.168808
-0.208020
-0.224344
-0.213668
-0.185352
-0.152600
-0.120412
-0.080608
-0.017384
0.080116
0.207804
0.345756
0.467572
0.552760
0.594744
0.599480
0.577076
0.533260
0.466548
0.372772
0.252036
0.113012
-0.028772
-0.157412
-0.262860
-0.343488
-0.403076
-0.445548
-0.470804
-0.474600
-0.452084
-0.402068
-0.329312
-0.243644
-0.155896
-0.073696
0.000844
0.069652
0.135188
0.196600
0.248516
0.282920
0.293596
0.279608
0.245812
0.199328
0.144940
0.082184
0.006728
-0.085416
-0.193184
-0.309316
-0.423016
-0.525140
-0.611068
-0.680268
-0.732408
-0.764564
-0.770848
-0.745800
-0.687664
-0.599540
-0.486404
-0.351036
-0.192220
-0.007876
0.199200
0.416776
0.624124
0.798092
0.921804
0.989612
1.006380
0.981004
0.919848
0.823396
0.688960
0.516176
0.312436
0.093480
-0.120108
-0.309584
-0.463116
-0.577684
-0.656552
-0.705476
-0.728084
-0.724168
-0.690428
-0.623440
-0.522788
-0.392992
-0.243388
-0.086180
0.066520
0.204828
0.322244
0.415112
0.482108
0.523640
0.541512
0.538084
0.515072
0.472192
0.407324
0.318176
0.205656
0.076424
-0.056908
-0.179344
-0.278336
-0.347764
-0.388244
-0.404352
-0.399912
-0.375020
-0.325968
-0.248356
-0.140376
-0.004964
0.150356
0.314504
0.474444
0.616384
0.727608
0.798600
0.826104
0.814148
0.772448
0.711372
0.636788
0.547684
0.438620
0.305440
0.151036
-0.012820
-0.168796
-0.300952
-0.400364
-0.466944
-0.506440
-0.525416
-0.527380
-0.511916
-0.476952
-0.422404
-0.352060
-0.273948
-0.198276
-0.134848
-0.090256
-0.066300
-0.060004
-0.066032
-0.079996
-0.101420
-0.133820
-0.181804
-0.246012
-0.319932
-0.391172
-0.447596
-0.484196
-0.505944
-0.524016
-0.547764
-0.577472
-0.603664
-0.614028
-0.602976
-0.576660
-0.549776
-0.535784
-0.538108
-0.547864
-0.550844
-0.537748
-0.510904
-0.481936
-0.462476
-0.454972
-0.449956
-0.431840
-0.388488
-0.318252
-0.230092
-0.137208
-0.049944
0.027728
0.095884
0.154376
0.199864
0.227068
0.232060
0.215264
0.181104
0.135212
0.081072
0.019480
-0.049488
-0.123440
-0.196748
-0.261844
-0.312356
-0.345308
-0.361492
-0.363416
-0.353140
-0.331164
-0.297508
-0.253152
-0.200996
-0.145180
-0.089748
-0.037108
0.012204
0.058736
0.102444
0.142008
0.174876
0.198528
0.211384
0.213672
0.207124
0.194348
0.177616
0.158544
0.138148
0.117512
0.097908
0.080904
0.067668
0.058484
0.052180
0.046756
0.040112
0.030936
0.018540
0.002660
-0.017056
-0.040704
-0.067576
-0.095148
-0.119104
-0.134204
-0.136312
-0.123744
-0.097724
-0.061328
-0.018204
0.028792
0.077716
0.127064
0.174632
0.217304
0.251360
0.273548
0.281568
0.274568
0.252916
0.218160
0.172764
0.120312
0.065344
0.012936
-0.032484
-0.067824
-0.091696
-0.103796
-0.104384
-0.093540
-0.071368
-0.038632
0.002064
0.046056
0.087112
0.118912
0.136316
0.136452
0.118832
0.085004
0.037668
-0.019612
-0.082776
-0.147504
-0.210012
-0.267496
-0.318340
-0.361328
-0.394872
-0.416100
-0.421204
-0.406860
-0.371812
-0.317704
-0.248348
-0.167764
-0.078968
0.016268
0.115820
0.215484
0.307976
0.384344
0.436600
0.460344
0.455652
0.426112
0.377140
0.314660
0.244200
0.171112
0.100100
0.034672
-0.023676
-0.074756
-0.118176
-0.151532
-0.170556
-0.170684
-0.149636
-0.108424
-0.050240
0.022548
0.110108
0.213880
0.331956
0.454972
0.565744
0.644364
0.676068
0.657912
0.599040
0.515276
0.420456
0.321532
0.218636
0.110460
-0.000512
-0.106144
-0.195784
-0.261556
-0.302328
-0.323264
-0.332184
-0.335156
-0.334688
-0.330384
-0.321280
-0.307332
-0.289644
-0.269312
-0.246768
-0.221900
-0.195216
-0.168096
-0.142408
-0.119296
-0.098932
-0.080784
-0.064656
-0.051064
-0.040928
-0.034168
-0.029076
-0.022784
-0.013220
-0.000468
0.013080
0.024556
0.032500
0.038140
0.044452
0.054124
0.067412
0.082096
0.094984
0.104240
0.110224
0.115000
0.120396
0.126716
0.132484
0.135964
0.136612
0.135632
0.134680
0.134436
0.133752
0.130680
0.124024
0.114928
0.106504
0.102108
0.102836
0.106800
0.110300
0.110476
0.107140
0.102908
0.101120
0.103372
0.107904
0.110672
0.107832
0.098304
0.084232
0.069856
0.059244
0.054968
0.057832
0.068168
0.086632
0.114264
0.151020
0.194756
0.241064
0.284712
0.321300
0.348684
0.366864
0.376984
0.379768
0.375132
0.362420
0.341432
0.312708
0.277724
0.238396
0.196912
0.155388
0.116108
0.081340
0.053192
0.032972
0.021252
0.017924
0.022632
0.034596
0.052592
0.074684
0.098468
0.121196
0.140396
0.153968
0.160336
0.158104
0.146556
0.126000
0.098176
0.065512
0.030136
-0.007220
-0.047128
-0.090560
-0.137164
-0.184644
-0.229540
-0.269568
-0.305056
-0.338724
-0.373064
-0.407656
-0.437728
-0.455804
-0.455032
-0.433000
-0.392112
-0.337772
-0.274800
-0.205524
-0.130000
-0.048480
0.036528
0.119700
0.194884
0.257424
0.305372
0.338376
0.355996
0.356712
0.339232
0.304556
0.257756
0.207184
0.161536
0.126180
0.101640
0.084724
0.071756
0.061156
0.054280
0.053696
0.060736
0.073572
0.087620
0.097316
0.098364
0.088816
0.069240
0.041944
0.010268
-0.022344
-0.052748
-0.078844
-0.099952
-0.117128
-0.132332
-0.147264
-0.162076
-0.175304
-0.184448
-0.187352
-0.183124
-0.172644
-0.157764
-0.140420
-0.121772
-0.102464
-0.082968
-0.064240
-0.047868
-0.036076
-0.030976
-0.034048
-0.045584
-0.064912
-0.090512
-0.120504
-0.152812
-0.185460
-0.216264
-0.242792
-0.262328
-0.272704
-0.272872
-0.263488
-0.246476
-0.224312
-0.198616
-0.169516
-0.135872
-0.096728
-0.052500
-0.005560
0.040548
0.082236
0.117112
0.144056
0.162648
0.171948
0.170396
0.156348
0.129336
0.090524
0.042668
-0.010860
-0.066836
-0.122692
-0.176012
-0.224140
-0.264132
-0.293660
-0.311676
-0.318616
-0.315428
-0.302604
-0.279288
-0.243924
-0.195712
-0.136532
-0.071380
-0.007324
0.048864
0.092644
0.122856
0.141052
0.149984
0.151628
0.146280
0.132540
0.108364
0.072200
0.024336
-0.032528
-0.093412
-0.152468
-0.204488
-0.246464
-0.277912
-0.300368
-0.315712
-0.324720
-0.326360
-0.318612
-0.299532
-0.268428
-0.226064
-0.174552
-0.116672
-0.055660
0.004888
0.060888
0.108484
0.145000
0.170016
0.185104
0.192944
0.195608
0.193580
0.185656
0.170368
0.147468
0.118756
0.087184
0.055496
0.024920
-0.004624
-0.033460
-0.060404
-0.082216
-0.094512
-0.094160
-0.081064
-0.058576
-0.031764
-0.005132
0.019412
0.042532
0.065828
0.089348
0.110516
0.124780
0.127840
0.117460
0.094312
0.061052
0.020992
-0.023048
-0.068356
-0.111524
-0.148032
-0.173448
-0.185104
-0.183564
-0.172208
-0.155612
-0.137104
-0.117700
-0.096804
-0.074448
-0.052632
-0.035116
-0.025136
-0.023236
-0.026308
-0.029348
-0.028524
-0.024228
-0.021376
-0.027128
-0.046916
-0.081444
-0.125760
-0.171244
-0.208976
-0.233136
-0.242232
-0.238396
-0.225084
-0.205144
-0.179820
-0.149424
-0.114772
-0.078644
-0.045556
-0.020404
-0.006284
-0.003516
-0.009880
-0.022536
-0.039828
-0.062204
-0.090944
-0.126068
-0.164696
-0.201756
-0.232188
-0.253644
-0.267468
-0.277556
-0.287260
-0.296952
-0.303520
-0.302528
-0.290804
-0.268076
-0.236200
-0.197320
-0.151996
-0.099364
-0.038760
0.027956
0.096004
0.159036
0.211900
0.252236
0.280568
0.298392
0.306192
0.302436
0.284776
0.252096
0.206260
0.151776
0.094192
0.037816
-0.015324
-0.065208
-0.111984
-0.154424
-0.189480
-0.213708
-0.224988
-0.223804
-0.212644
-0.194408
-0.170244
-0.138948
-0.098044
-0.046424
0.013744
0.076768
0.135552
0.184320
0.220844
0.246300
0.263328
0.273292
0.275152
0.266236
0.244656
0.211092
0.169340
0.124856
0.082832
0.046496
0.017200
-0.004808
-0.019356
-0.026368
-0.026016
-0.018984
-0.005864
0.013400
0.040044
0.075696
0.120948
0.173728
0.229232
0.281256
0.324528
0.356224
0.376384
0.386756
0.389264
0.384700
0.372684
0.352208
0.322504
0.283420
0.235772
0.181576
0.124316
0.068508
0.018972
-0.020520
-0.048188
-0.064576
-0.071524
-0.070844
-0.063332
-0.049164
-0.028780
-0.003924
0.022500
0.047216
0.068064
0.084600
0.097820
0.108860
0.118168
0.125348
0.130016
0.132424
0.133812
0.135856
0.139988
0.146684
0.155752
0.166808
0.179820
0.194908
0.212108
0.230940
0.250488
0.269488
0.286696
0.300972
0.311284
0.316496
0.315580
0.307788
0.292844
0.270724
0.241664
0.206276
0.166108
0.123804
0.083024
0.047488
0.019764
0.000320
-0.012136
-0.019472
-0.022616
-0.021248
-0.014320
-0.001532
0.015768
0.034496
0.051184
0.063324
0.070140
0.071852
0.068664
0.059968
0.044744
0.022564
-0.005172
-0.035064
-0.062612
-0.084100
-0.097772
-0.104184
-0.105168
-0.102648
-0.097348
-0.088532
-0.074308
-0.052820
-0.023124
0.014008
0.056076
0.099088
0.138600
0.170784
0.193376
0.205752
0.208580
0.202924
0.189640
0.168992
0.141248
0.107308
0.069352
0.030468
-0.006012
-0.037568
-0.063068
-0.082868
-0.097980
-0.109148
-0.116116
-0.117924
-0.113564
-0.102932
-0.087184
-0.068704
-0.050140
-0.033704
-0.020668
-0.011820
-0.007884
-0.009920
-0.019048
-0.036048
-0.060636
-0.091300
-0.125456
-0.160220
-0.192900
-0.221420
-0.244396
-0.261300
-0.272192
-0.277396
-0.276892
-0.270136
-0.256048
-0.233836
-0.203868
-0.168532
-0.131728
-0.097648
-0.069068
-0.046744
-0.029768
-0.017084
-0.008740
-0.006400
-0.012320
-0.027944
-0.052892
-0.085296
-0.122756
-0.163300
-0.205408
-0.247504
-0.287128
-0.321048
-0.346168
-0.360972
-0.366040
-0.363464
-0.355260
-0.342200
-0.323420
-0.297420
-0.263408
-0.222508
-0.177544
-0.132100
-0.089140
-0.050468
-0.016780
0.011600
0.034132
0.049740
0.057332
0.056432
0.047772
0.033084
0.014652
-0.005500
-0.025980
-0.046204
-0.065804
-0.084120
-0.099892
-0.111788
-0.118936
-0.121564
-0.120856
-0.118460
-0.115532
-0.112308
-0.108120
-0.102316
-0.094852
-0.086568
-0.078644
-0.072020
-0.066732
-0.061944
-0.056316
-0.048780
-0.038848
-0.026720
-0.012996
0.001416
0.015640
0.028992
0.041216
0.052328
0.062476
0.071484
0.078696
0.082936
0.083244
0.079508
0.072888
0.065156
0.057860
0.051320
0.044664
0.036376
0.025500
0.012312
-0.001776
-0.015300
-0.027476
-0.038468
-0.048672
-0.058032
-0.065592
-0.070056
-0.070692
-0.068256
-0.064768
-0.062576
-0.062972
-0.065692
-0.069072
-0.071144
-0.070632
-0.067652
-0.063356
-0.059324
-0.056844
-0.056896
-0.060228
-0.067672
-0.079980
-0.097648
-0.120316
-0.146540
-0.173748
-0.198916
-0.219040
-0.231740
-0.235468
-0.229644
-0.214428
-0.190632
-0.159508
-0.122836
-0.082772
-0.041704
-0.001920
0.034496
0.066012
0.091648
0.111108
0.124408
0.131808
0.133532
0.129860
0.121132
0.108188
0.092624
0.076824
0.063280
0.053828
0.048804
0.047128
0.046860
0.046588
0.046356
0.047844
0.053184
0.063576
0.078200
0.094464
0.109028
0.119496
0.125224
0.127196
0.126740
0.124512
0.120020
0.112284
0.100760
0.086232
0.070708
0.056772
0.046368
0.040224
0.037732
0.037480
0.037704
0.036852
0.033772
0.027904
0.019136
0.007872
-0.005108
-0.018756
-0.032180
-0.044744
-0.056244
-0.066804
-0.076824
-0.086648
-0.096376
-0.105556
-0.113448
-0.119144
-0.121988
-0.121660
-0.118240
-0.111824
-0.102248
-0.089024
-0.071876
-0.051096
-0.027828
-0.003740
0.019400
0.040340
0.058360
0.073032
0.083656
0.089296
0.089188
0.083460
0.073300
0.060680
0.047476
0.034908
0.023332
0.012940
0.004500
-0.000340
0.000308
0.007664
0.021524
0.040352
0.061848
0.083904
0.104976
0.124036
0.139980
0.151596
0.157784
0.158192
0.153308
0.144284
0.132260
0.117992
0.101748
0.083948
0.065608
0.048476
0.034328
0.024328
0.018524
0.016120
0.015980
0.017320
0.019916
0.024016
0.029832
0.037380
0.046348
0.056236
0.066268
0.075512
0.082996
0.088072
0.090584
0.090952
0.089844
0.087760
0.084616
0.079924
0.073336
0.065220
0.056672
0.049120
0.043556
0.040192
0.038424
0.037608
0.037740
0.039760
0.045032
0.054664
0.068764
0.086352
0.105504
0.124032
0.139948
0.151828
0.158780
0.160476
0.157052
0.149124
0.137544
0.123368
0.107772
0.092060
0.077428
0.064776
0.054440
0.046304
0.039992
0.035508
0.033532
0.035260
0.041524
0.052060
0.065252
0.078788
0.090612
0.099768
0.106248
0.110252
0.111260
0.108136
0.100020
0.087540
0.072916
0.058940
0.047060
0.036196
0.023112
0.004532
-0.020520
-0.049664
-0.078492
-0.103088
-0.122312
-0.138024
-0.153420
-0.170312
-0.187616
-0.201724
-0.208840
-0.207156
-0.197884
-0.184244
-0.169640
-0.155880
-0.142760
-0.128716
-0.112276
-0.092928
-0.071396
-0.049112
-0.027716
-0.008428
0.008124
0.021964
0.033368
0.042484
0.048864
0.051436
0.048760
0.039984
0.025552
0.007472
-0.011512
-0.029004
-0.043900
-0.056344
-0.066992
-0.075936
-0.082352
-0.085068
-0.083780
-0.079808
-0.075780
-0.074316
-0.076740
-0.082364
-0.089148
-0.094988
-0.099160
-0.102652
-0.107504
-0.115552
-0.127496
-0.142520
-0.158716
-0.173824
-0.186044
-0.194360
-0.198620
-0.199192
-0.196712
-0.191580
-0.183700
-0.172308
-0.156372
-0.134948
-0.107716
-0.075116
-0.038428
0.000632
0.040156
0.078244
0.112840
0.141852
0.163272
0.175696
0.178644
0.172908
0.160360
0.143520
0.124784
0.105940
0.087904
0.070916
0.054852
0.039740
0.025976
0.014476
0.006336
0.002632
0.004112
0.011080
0.023164
0.039332
0.057896
0.076872
0.094272
0.108684
0.119464
0.126660
0.130336
0.130096
0.124828
0.113260
0.094672
0.069692
0.040432
0.009936
-0.018860
-0.043832
-0.063916
-0.078740
-0.088248
-0.092412
-0.091268
-0.085008
-0.074044
-0.058696
-0.039104
-0.015336
0.011920
0.040900
0.068716
0.092172
0.108896
0.118332
0.121840
0.121916
0.120820
0.119700
0.118396
0.116196
0.112528
0.107612
0.102372
0.097968
0.095184
0.094140
0.094260
0.094572
0.093876
0.091168
0.085888
0.078164
0.068640
0.058128
0.047160
0.035708
0.023208
0.009152
-0.006404
-0.022540
-0.037948
-0.051516
-0.062880
-0.072296
-0.080192
-0.086392
-0.090012
-0.089792
-0.085096
-0.076444
-0.065492
-0.054136
-0.043672
-0.034204
-0.024988
-0.015300
-0.005388
0.003424
0.009296
0.010960
0.008312
0.002484
-0.004944
-0.012776
-0.020796
-0.029528
-0.039640
-0.051236
-0.063696
-0.075860
-0.086444
-0.094336
-0.098760
-0.099152
-0.095020
-0.085948
-0.071788
-0.052672
-0.029112
-0.001912
0.027708
0.058164
0.087532
0.113840
0.135372
0.151128
0.160968
0.165432
0.165220
0.160772
0.152116
0.139136
0.121916
0.101068
0.077708
0.053212
0.028812
0.005484
-0.016064
-0.035188
-0.051360
-0.064116
-0.073188
-0.078520
-0.080292
-0.078852
-0.074668
-0.068236
-0.060088
-0.050624
-0.040052
-0.028384
-0.015736
-0.002480
0.010712
0.023112
0.034216
0.043968
0.052568
0.060136
0.066276
0.070200
0.071116
0.068856
0.063976
0.057480
0.050172
0.042240
0.033284
0.022968
0.011652
0.000616
-0.008532
-0.014640
-0.017640
-0.018460
-0.018424
-0.018392
-0.018368
-0.017620
-0.015364
-0.011244
-0.005544
0.001000
0.007456
0.012968
0.016892
0.018976
0.019420
0.018996
0.018828
0.019988
0.022940
0.027320
0.032184
0.036620
0.040196
0.043140
0.046004
0.049200
0.052632
0.055792
0.058032
0.058776
0.057376
0.052888
0.043952
0.029076
0.007148
-0.022000
-0.057368
-0.097004
-0.138480
-0.179304
-0.217072
-0.249536
-0.274748
-0.291264
-0.298420
-0.296348
-0.285808
-0.267744
-0.243076
-0.212752
-0.178172
-0.141408
-0.105168
-0.072232
-0.044836
-0.024136
-0.010156
-0.002024
0.001472
0.001636
-0.000324
-0.003256
-0.006172
-0.008412
-0.009840
-0.010872
-0.012360
-0.015132
-0.019532
-0.025120
-0.030828
-0.035288
-0.037416
-0.036780
-0.033744
-0.029184
-0.024060
-0.019024
-0.014376
-0.010236
-0.006888
-0.004936
-0.005372
-0.009248
-0.017320
-0.029664
-0.045564
-0.063516
-0.081588
-0.097860
-0.111048
-0.120764
-0.127364
-0.131316
-0.132560
-0.130120
-0.122480
-0.108500
-0.088372
-0.063892
-0.037868
-0.012896
0.009584
0.029560
0.047796
0.064932
0.080756
0.094292
0.104124
0.108876
0.107240
0.097988
0.080228
0.054052
0.021192
-0.014880
-0.049744
-0.079468
-0.101912
-0.116980
-0.125824
-0.129500
-0.128188
-0.121328
-0.108468
-0.090060
-0.067576
-0.042876
-0.017476
0.007696
0.031796
0.053480
0.070756
0.081680
0.085312
0.082356
0.074824
0.064936
0.053864
0.041304
0.025940
0.006604
-0.016880
-0.043392
-0.071096
-0.098188
-0.123508
-0.146512
-0.166856
-0.183904
-0.196640
-0.203760
-0.204064
-0.196604
-0.180776
-0.156188
-0.122736
-0.080920
-0.032408
0.019656
0.070872
0.116580
0.153092
0.178840
0.194536
0.202476
0.205064
0.203636
0.198020
0.187072
0.169724
0.145900
0.116824
0.084628
0.051568
0.019364
-0.011056
-0.039404
-0.065692
-0.089796
-0.111216
-0.129044
-0.142280
-0.150284
-0.153204
-0.151928
-0.147628
-0.140916
-0.131252
-0.117068
-0.096780
-0.070024
-0.038416
-0.005208
0.025964
0.052532
0.073724
0.090232
0.103124
0.112896
0.119192
0.121252
0.118512
0.110876
0.098532
0.081704
0.060612
0.035964
0.009360
-0.016756
-0.039908
-0.058548
-0.072636
-0.083184
-0.091216
-0.096572
-0.097664
-0.092168
-0.078372
-0.056160
-0.027156
0.006080
0.041044
0.075984
0.109816
0.141600
0.170000
0.193296
0.209856
0.218796
0.220248
0.215236
0.205088
0.190936
0.173440
0.152928
0.129760
0.104628
0.078632
0.053200
0.029932
0.010404
-0.004020
-0.012440
-0.014648
-0.011248
-0.003580
0.006756
0.018412
0.030652
0.043288
0.056292
0.069368
0.081808
0.092676
0.101260
0.107320
0.110984
0.112312
0.111008
0.106496
0.098504
0.087616
0.075420
0.063972
0.054900
0.048640
0.044484
0.041272
0.038308
0.035744
0.034184
0.033832
0.033888
0.032744
0.028992
0.022444
0.014396
0.006836
0.001100
-0.003020
-0.007044
-0.012560
-0.019816
-0.027240
-0.032268
-0.032940
-0.029124
-0.022532
-0.015520
-0.009632
-0.004864
-0.000108
0.005636
0.012300
0.018700
0.023376
0.025588
0.025680
0.024656
0.023356
0.022020
0.020452
0.018656
0.017240
0.017240
0.019500
0.024124
0.030448
0.037532
0.044692
0.051624
0.058036
0.063148
0.065608
0.063988
0.057524
0.046592
0.032492
0.016716
0.000216
-0.016836
-0.034724
-0.053500
-0.072572
-0.090800
-0.106940
-0.120196
-0.130404
-0.137864
-0.142964
-0.145884
-0.146476
-0.144364
-0.139084
-0.130248
-0.117624
-0.101232
-0.081500
-0.059256
-0.035704
-0.012232
0.009844
0.029524
0.046220
0.059700
0.069896
0.076660
0.079672
0.078548
0.073140
0.063784
0.051388
0.037212
0.022460
0.007992
-0.005636
-0.017900
-0.028032
-0.035084
-0.038324
-0.037720
-0.034092
-0.028688
-0.022468
-0.015620
-0.007692
0.001692
0.012092
0.022132
0.030144
0.035136
0.037372
0.038056
0.038328
0.038344
0.037136
0.033376
0.026468
0.017116
0.006952
-0.002456
-0.010420
-0.017176
-0.023160
-0.028212
-0.031416
-0.031668
-0.028508
-0.022412
-0.014296
-0.004668
0.006872
0.021208
0.038736
0.058600
0.078844
0.097420
0.113276
0.126564
0.137860
0.146964
0.152400
0.152108
0.144936
0.131696
0.114900
0.097184
0.079660
0.061344
0.040308
0.015616
-0.011312
-0.037044
-0.057912
-0.071944
-0.079596
-0.082772
-0.082996
-0.080188
-0.072900
-0.059760
-0.040928
-0.018440
0.004820
0.026588
0.046068
0.063480
0.078868
0.091160
0.098360
0.098704
0.091900
0.079524
0.064264
0.048676
0.034284
0.021568
0.010656
0.001936
-0.003876
-0.006208
-0.005120
-0.001276
0.004576
0.012152
0.021688
0.033332
0.046388
0.059064
0.069040
0.074552
0.075184
0.071828
0.065772
0.057596
0.046700
0.031776
0.011956
-0.012268
-0.039000
-0.065820
-0.090896
-0.113624
-0.134244
-0.152900
-0.168776
-0.180044
-0.184688
-0.181608
-0.171216
-0.155228
-0.135756
-0.114460
-0.092236
-0.069572
-0.047148
-0.026184
-0.008200
0.005544
0.014504
0.018868
0.019204
0.015996
0.009564
0.000328
-0.010768
-0.022128
-0.031832
-0.038268
-0.040572
-0.038636
-0.032604
-0.022284
-0.006912
0.014380
0.041692
0.073560
0.106916
0.137868
0.163088
0.180876
0.191460
0.196172
0.196128
0.191176
0.179944
0.160864
0.133628
0.100096
0.063924
0.029220
-0.001056
-0.025904
-0.045916
-0.062100
-0.074768
-0.083264
-0.086600
-0.084500
-0.077952
-0.068940
-0.059476
-0.050788
-0.043168
-0.036488
-0.030924
-0.027264
-0.026564
-0.029548
-0.036196
-0.045912
-0.058012
-0.072064
-0.087760
-0.104468
-0.120972
-0.135664
-0.147160
-0.154844
-0.158848
-0.159524
-0.156780
-0.149996
-0.138556
-0.122556
-0.103120
-0.081980
-0.060716
-0.040220
-0.020860
-0.003156
0.011740
0.022276
0.027352
0.027116
0.022992
0.016864
0.010096
0.003096
-0.004124
-0.011100
-0.016472
-0.018600
-0.016684
-0.011460
-0.004672
0.002240
0.009328
0.017992
0.029568
0.043660
0.057612
0.067744
0.071560
0.069308
0.063696
0.057912
0.053364
0.048772
0.041212
0.028288
0.009884
-0.011796
-0.033620
-0.053316
-0.070156
-0.084420
-0.096080
-0.104052
-0.106476
-0.101892
-0.090204
-0.072744
-0.051352
-0.027368
-0.001232
0.026952
0.056488
0.085552
0.111508
0.131960
0.145708
0.152992
0.154956
0.152796
0.147200
0.138472
0.126996
0.113728
0.100200
0.088088
0.078708
0.072740
0.070432
0.071884
0.077200
0.086268
0.098480
0.112588
0.127072
0.140628
0.152600
0.162804
0.170872
0.175696
0.175432
0.168336
0.153968
0.133908
0.111480
0.090352
0.072944
0.059516
0.048632
0.038480
0.028196
0.018288
0.010000
0.004152
0.000452
-0.002360
-0.005548
-0.009664
-0.014424
-0.019360
-0.024480
-0.030440
-0.037980
-0.047132
-0.056920
-0.065880
-0.072960
-0.078180
-0.082376
-0.086336
-0.089924
-0.091916
-0.090600
-0.084896
-0.074964
-0.062144
-0.048092
-0.033964
-0.020044
-0.006152
0.007804
0.021384
0.033772
0.044212
0.052476
0.058848
0.063796
0.067576
0.070188
0.071564
0.071916
0.071724
0.071500
0.071304
0.070576
0.068344
0.063816
0.056808
0.047800
0.037520
0.026520
0.014912
0.002644
-0.010144
-0.022784
-0.034328
-0.044012
-0.051772
-0.058172
-0.063992
-0.069484
-0.074020
-0.076216
-0.074620
-0.068464
-0.058116
-0.044828
-0.030200
-0.015516
-0.001456
0.011856
0.024424
0.036032
0.046092
0.053868
0.058708
0.060212
0.058176
0.052512
0.043168
0.030296
0.014460
-0.003224
-0.021360
-0.038716
-0.054688
-0.069228
-0.082476
-0.094168
-0.103464
-0.109264
-0.110892
-0.108596
-0.103464
-0.096652
-0.088724
-0.079300
-0.067572
-0.052828
-0.034936
-0.014164
0.009164
0.034828
0.062248
0.089928
0.115344
0.135876
0.150132
0.158772
0.163968
0.167784
0.170324
0.169284
0.161244
0.144028
0.118320
0.087552
0.055916
0.026208
-0.001188
-0.027376
-0.053100
-0.077320
-0.097480
-0.111060
-0.117160
-0.116824
-0.112064
-0.104320
-0.093740
-0.079524
-0.061048
-0.038652
-0.013492
0.013340
0.041372
0.070600
0.100636
0.130064
0.156464
0.177344
0.191056
0.197236
0.196280
0.188600
0.174180
0.152912
0.125172
0.092212
0.055804
0.017732
-0.020648
-0.058140
-0.093212
-0.123704
-0.147400
-0.163004
-0.170996
-0.173336
-0.172264
-0.168800
-0.162048
-0.149736
-0.129840
-0.102144
-0.068792
-0.033468
0.000140
0.029732
0.054716
0.075680
0.093208
0.107244
0.117088
0.122152
0.122544
0.119188
0.113264
0.105672
0.096684
0.086364
0.075164
0.064368
0.055744
0.050696
0.049412
0.050752
0.052868
0.054304
0.054676
0.054664
0.055188
0.056580
0.058220
0.059136
0.058816
0.057792
0.057344
0.058656
0.061788
0.065416
0.067368
0.065892
0.060496
0.052140
0.042452
0.032736
0.023296
0.013664
0.003420
-0.006984
-0.016272
-0.023200
-0.027744
-0.031444
-0.036680
-0.044964
-0.055628
-0.065784
-0.072040
-0.072804
-0.069632
-0.066388
-0.066804
-0.071996
-0.079808
-0.086468
-0.089560
-0.089972
-0.091372
-0.097344
-0.108388
-0.120896
-0.129052
-0.128268
-0.118028
-0.102044
-0.085932
-0.073924
-0.066988
-0.063240
-0.060048
-0.055944
-0.051312
-0.047568
-0.045928
-0.046632
-0.049240
-0.053236
-0.058484
-0.064888
-0.072076
-0.079236
-0.085616
-0.090888
-0.095296
-0.099164
-0.102368
-0.104156
-0.103716
-0.100924
-0.096688
-0.092392
-0.089040
-0.086540
-0.083872
-0.079832
-0.073928
-0.066760
-0.059696
-0.054056
-0.050624
-0.049480
-0.050256
-0.052360
-0.055176
-0.058084
-0.060588
-0.062272
-0.062872
-0.062148
-0.059812
-0.055552
-0.049360
-0.041840
-0.034276
-0.027996
-0.023640
-0.020624
-0.017444
-0.012512
-0.005252
0.003528
0.012080
0.018872
0.023336
0.025984
0.027696
0.029000
0.029692
0.029192
0.027124
0.023852
0.020272
0.017324
0.015420
0.014360
0.013480
0.012120
0.009920
0.006996
0.003768
0.000676
-0.002120
-0.004812
-0.007928
-0.012008
-0.017280
-0.023284
-0.029012
-0.033284
-0.035372
-0.035144
-0.032960
-0.029112
-0.023416
-0.015152
-0.003628
0.011156
0.028164
0.045780
0.062524
0.077696
0.091328
0.103660
0.114348
0.122240
0.125752
0.123856
0.116648
0.105412
0.091888
0.077604
0.063328
0.049332
0.035852
0.023616
0.013772
0.007468
0.005248
0.006928
0.011696
0.018620
0.026972
0.036488
0.047088
0.058556
0.070144
0.080616
0.088380
0.091940
0.090248
0.083072
0.070916
0.054792
0.035804
0.015028
-0.006596
-0.028064
-0.048244
-0.065744
-0.079212
-0.087544
-0.090108
-0.086592
-0.077040
-0.061760
-0.041624
-0.018108
0.006692
0.030548
0.051656
0.069252
0.083492
0.094952
0.103848
0.109872
0.112348
0.111040
0.106612
0.100700
0.095076
0.090756
0.087452
0.084056
0.079520
0.073776
0.067832
0.063232
0.060940
0.060668
0.060988
0.060324
0.057868
0.054016
0.049900
0.046564
0.044168
0.041972
0.038876
0.034384
0.028956
0.023832
0.020280
0.019080
0.020272
0.023436
0.028044
0.033796
0.040424
0.047484
0.054228
0.059952
0.064256
0.067176
0.068828
0.069080
0.067152
0.061788
0.051760
0.036564
0.016652
-0.006732
-0.032096
-0.057944
-0.082984
-0.106008
-0.125940
-0.141884
-0.153460
-0.160804
-0.164424
-0.164548
-0.160928
-0.152900
-0.140028
-0.122592
-0.101832
-0.079540
-0.057500
-0.036828
-0.018072
-0.001568
0.012064
0.021968
0.027304
0.027724
0.023524
0.015584
0.004912
-0.007588
-0.021192
-0.035032
-0.048020
-0.058944
-0.066856
-0.071232
-0.072084
-0.069648
-0.064164
-0.055568
-0.043736
-0.028716
-0.011144
0.007808
0.026448
0.042884
0.055320
0.062596
0.064396
0.061392
0.054832
0.046080
0.035880
0.024148
0.010160
-0.006608
-0.025924
-0.046616
-0.067096
-0.085984
-0.102660
-0.117108
-0.129448
-0.139256
-0.145624
-0.147620
-0.145124
-0.139020
-0.131008
-0.122820
-0.115516
-0.109120
-0.102996
-0.096416
-0.089176
-0.081600
-0.074432
-0.068440
-0.064232
-0.061992
-0.061484
-0.062096
-0.063052
-0.063524
-0.063028
-0.061516
-0.059392
-0.056960
-0.054140
-0.050252
-0.044400
-0.035900
-0.024860
-0.012240
0.000440
0.011956
0.021828
0.030464
0.038660
0.047044
0.055444
0.062844
0.067680
0.068668
0.065316
0.058104
0.048108
0.036484
0.023884
0.010384
-0.004260
-0.019872
-0.035552
-0.049724
-0.060808
-0.067864
-0.071044
-0.071320
-0.069876
-0.067164
-0.062748
-0.055636
-0.045180
-0.031620
-0.016264
-0.000924
0.012796
0.024216
0.033488
0.041152
0.047448
0.052160
0.054660
0.054380
0.051056
0.045008
0.036880
0.027448
0.017408
0.007512
-0.001480
-0.008800
-0.013920
-0.016556
-0.016768
-0.014760
-0.010748
-0.004720
0.003380
0.013436
0.024880
0.036748
0.047756
0.056560
0.061920
0.062996
0.059344
0.051032
0.038596
0.023124
0.005992
-0.011332
-0.027552
-0.041448
-0.051840
-0.057484
-0.057320
-0.050708
-0.037980
-0.020588
-0.000936
0.018472
0.035700
0.049860
0.060872
0.069088
0.074660
0.077384
0.076760
0.072596
0.065084
0.054808
0.042328
0.028152
0.012684
-0.003396
-0.019064
-0.032884
-0.043576
-0.050472
-0.053776
-0.054112
-0.052060
-0.047672
-0.040668
-0.030748
-0.018288
-0.004548
0.008544
0.019212
0.026312
0.029580
0.029312
0.026092
0.020456
0.013008
0.004520
-0.003832
-0.010788
-0.015384
-0.017368
-0.017008
-0.014816
-0.011028
-0.005504
0.002244
0.012428
0.024608
0.037524
0.049640
0.059624
0.066900
0.071532
0.074064
0.074852
0.073836
0.070524
0.064576
0.056200
0.046360
0.036428
0.027796
0.021292
0.017052
0.014660
0.013760
0.014272
0.016448
0.020420
0.026000
0.032440
0.038708
0.043884
0.047684
0.050468
0.052908
0.055412
0.057960
0.060012
0.060920
0.060240
0.058140
0.055168
0.052040
0.049252
0.047132
0.045760
0.045048
0.044588
0.043792
0.041876
0.038228
0.032688
0.025912
0.019004
0.012996
0.008092
0.003668
-0.001448
-0.008160
-0.016572
-0.025716
-0.034164
-0.040680
-0.044840
-0.046880
-0.047420
-0.046988
-0.045880
-0.043992
-0.041048
-0.036680
-0.030660
-0.022920
-0.013892
-0.004568
0.003584
0.009340
0.012260
0.013080
0.013352
0.014840
0.018516
0.024144
0.030384
0.035676
0.038960
0.040160
0.039956
0.039412
0.039264
0.039660
0.040080
0.039832
0.038288
0.035200
0.030556
0.024616
0.017600
0.009672
0.000920
-0.008316
-0.017452
-0.025676
-0.032312
-0.036904
-0.039412
-0.040040
-0.039112
-0.036780
-0.033168
-0.028484
-0.023220
-0.017820
-0.012556
-0.007356
-0.002092
0.003264
0.008272
0.012292
0.014880
0.016376
0.017728
0.019852
0.022680
0.025032
0.025112
0.021708
0.015016
0.006816
-0.000676
-0.006064
-0.009616
-0.012672
-0.016624
-0.021856
-0.027684
-0.032864
-0.036640
-0.039096
-0.040948
-0.042632
-0.044028
-0.044572
-0.043928
-0.042168
-0.039760
-0.036940
-0.033480
-0.028668
-0.022008
-0.013684
-0.004700
0.003844
0.011216
0.017360
0.022480
0.026776
0.030160
0.032528
0.033976
0.035012
0.035984
0.036644
0.035904
0.032600
0.026276
0.017828
0.009108
0.002176
-0.001844
-0.003096
-0.002648
-0.001444
0.000156
0.002392
0.005404
0.008928
0.012164
0.014340
0.015160
0.015124
0.015016
0.015328
0.015784
0.015688
0.014372
0.011752
0.008324
0.005032
0.002664
0.001616
0.001792
0.003044
0.005200
0.008124
0.011448
0.014644
0.017044
0.018184
0.017964
0.016876
0.015652
0.014932
0.014860
0.015240
0.015628
0.015640
0.014968
0.013556
0.011328
0.008164
0.003828
-0.001652
-0.007980
-0.014492
-0.020504
-0.025364
-0.028844
-0.031064
-0.032460
-0.033256
-0.033412
-0.032532
-0.030220
-0.026168
-0.020448
-0.013428
-0.005688
0.002404
0.010632
0.018940
0.027132
0.034956
0.041956
0.047652
0.051512
0.053256
0.052744
0.050076
0.045480
0.039540
0.032924
0.026300
0.019948
0.013872
0.007704
0.001056
-0.006332
-0.014244
-0.022152
-0.029352
-0.035336
-0.039748
-0.042496
-0.043652
-0.043460
-0.042120
-0.039884
-0.036980
-0.033768
-0.030512
-0.027488
-0.024872
-0.022788
-0.021104
-0.019632
-0.018256
-0.017232
-0.017068
-0.018460
-0.021864
-0.027304
-0.034044
-0.040980
-0.046976
-0.051412
-0.054064
-0.055116
-0.054828
-0.053556
-0.051528
-0.049080
-0.046564
-0.044292
-0.042140
-0.039656
-0.036140
-0.031128
-0.024420
-0.016196
-0.006824
0.003192
0.013392
0.023152
0.031704
0.038228
0.042424
0.044636
0.045736
0.046496
0.047144
0.047056
0.045192
0.040720
0.033840
0.025648
0.017584
0.010460
0.004184
-0.002112
-0.009280
-0.017564
-0.026184
-0.033900
-0.039680
-0.043296
-0.045108
-0.045672
-0.045172
-0.043408
-0.039828
-0.034188
-0.026812
-0.018624
-0.010576
-0.003308
0.003112
0.008940
0.014604
0.020240
0.025600
0.029992
0.032752
0.033368
0.031760
0.028164
0.023240
0.017668
0.012024
0.006524
0.001296
-0.003524
-0.007504
-0.009984
-0.010036
-0.006968
-0.000668
0.008100
0.018060
0.027784
0.036268
0.043112
0.048624
0.053256
0.057200
0.059964
0.060776
0.058888
0.054124
0.046968
0.038544
0.029988
0.022040
0.014732
0.007820
0.001108
-0.005088
-0.010024
-0.012620
-0.012116
-0.008404
-0.002188
0.005536
0.013868
0.022408
0.031116
0.040168
0.049356
0.057952
0.064788
0.068992
0.070368
0.069620
0.067776
0.065724
0.063516
0.060428
0.055360
0.047804
0.038136
0.027520
0.017096
0.007584
-0.001056
-0.009136
-0.016760
-0.023248
-0.027520
-0.028688
-0.026788
-0.022628
-0.017480
-0.012304
-0.007540
-0.003028
0.001332
0.005228
0.007808
0.008272
0.006136
0.001460
-0.005508
-0.014372
-0.024828
-0.036440
-0.048604
-0.060372
-0.070932
-0.079900
-0.087524
-0.094120
-0.099728
-0.103788
-0.105548
-0.104432
-0.100668
-0.095172
-0.089124
-0.083132
-0.077184
-0.070908
-0.064388
-0.058308
-0.053908
-0.052240
-0.053724
-0.057776
-0.063372
-0.069552
-0.075928
-0.082340
-0.088588
-0.094088
-0.098036
-0.099492
-0.097864
-0.092896
-0.084672
-0.073240
-0.058732
-0.041500
-0.022440
-0.002832
0.015804
0.032140
0.045216
0.054816
0.061176
0.064832
0.066120
0.065124
0.061388
0.054184
0.042868
0.027644
0.009788
-0.008540
-0.025204
-0.038744
-0.048932
-0.056364
-0.061752
-0.064992
-0.065260
-0.061624
-0.054052
-0.043592
-0.032108
-0.021248
-0.011876
-0.003772
0.003572
0.010280
0.015676
0.018916
0.019556
0.018012
0.015204
0.012104
0.009024
0.005664
0.001460
-0.003588
-0.008808
-0.013024
-0.015256
-0.014880
-0.011884
-0.006656
0.000032
0.007340
0.014248
0.019856
0.023564
0.025616
0.026908
0.028640
0.031484
0.035364
0.039348
0.042276
0.043332
0.042660
0.041088
0.039680
0.039004
0.039088
0.039364
0.039176
0.038056
0.036164
0.034084
0.032604
0.032200
0.032968
0.034360
0.035408
0.034928
0.032196
0.027100
0.020248
0.012540
0.004976
-0.001852
-0.007792
-0.013108
-0.017928
-0.022156
-0.025348
-0.027064
-0.026924
-0.025012
-0.021836
-0.018276
-0.015012
-0.012356
-0.010036
-0.007548
-0.004316
-0.000256
0.004152
0.007928
0.010356
0.011240
0.011076
0.010532
0.010100
0.009552
0.008136
0.004968
-0.000120
-0.006508
-0.013012
-0.018720
-0.023236
-0.026888
-0.030184
-0.033444
-0.036384
-0.038504
-0.039488
-0.039596
-0.039240
-0.038676
-0.037644
-0.035632
-0.032184
-0.027504
-0.022420
-0.018036
-0.014872
-0.012748
-0.010960
-0.009060
-0.006992
-0.005136
-0.003720
-0.002544
-0.000804
0.002168
0.006380
0.010880
0.014404
0.015868
0.014760
0.010740
0.003500
-0.007468
-0.022148
-0.039356
-0.056228
-0.069228
-0.075772
-0.075888
-0.072156
-0.068428
-0.067540
-0.069896
-0.073272
-0.074576
-0.071740
-0.064896
-0.055712
-0.046244
-0.037632
-0.030112
-0.023376
-0.017548
-0.013224
-0.011164
-0.011384
-0.013248
-0.015888
-0.019088
-0.023236
-0.028972
-0.036324
-0.044496
-0.052052
-0.057944
-0.062032
-0.065108
-0.067804
-0.069984
-0.070580
-0.068424
-0.062892
-0.054476
-0.044348
-0.033812
-0.023616
-0.014220
-0.006164
-0.000404
0.002288
0.001848
-0.000732
-0.004016
-0.006932
-0.009712
-0.013676
-0.020292
-0.029680
-0.040348
-0.049880
-0.056588
-0.060320
-0.062524
-0.064896
-0.068080
-0.070908
-0.071280
-0.067560
-0.059900
-0.050008
-0.040308
-0.032524
-0.027156
-0.023464
-0.020504
-0.017812
-0.015772
-0.014996
-0.015944
-0.018548
-0.022500
-0.027304
-0.032668
-0.038400
-0.044408
-0.050252
-0.055300
-0.058720
-0.059916
-0.058524
-0.054836
-0.049708
-0.044468
-0.040132
-0.037024
-0.034468
-0.031324
-0.026548
-0.020132
-0.013216
-0.007660
-0.004752
-0.004588
-0.005976
-0.007416
-0.007856
-0.007400
-0.006892
-0.007232
-0.008380
-0.009480
-0.009404
-0.007768
-0.005044
-0.002432
-0.000988
-0.001136
-0.002324
-0.003640
-0.004356
-0.004448
-0.004240
-0.004152
-0.004216
-0.004160
-0.003376
-0.001480
0.001488
0.004860
0.007828
0.009640
0.010044
0.009256
0.008028
0.007092
0.006812
0.006824
0.006484
0.005144
0.002688
-0.000552
-0.003880
-0.006864
-0.009536
-0.012368
-0.015572
-0.018912
-0.021676
-0.023340
-0.023792
-0.023592
-0.023416
-0.023596
-0.023568
-0.022380
-0.019352
-0.014844
-0.009964
-0.006056
-0.003784
-0.002968
-0.002732
-0.002452
-0.002272
-0.003140
-0.005848
-0.010496
-0.016208
-0.021864
-0.026620
-0.030548
-0.034236
-0.038240
-0.042216
-0.045140
-0.045944
-0.044476
-0.041536
-0.038560
-0.036588
-0.035812
-0.035428
-0.034548
-0.032892
-0.031184
-0.030436
-0.031336
-0.033720
-0.036908
-0.040104
-0.043064
-0.045988
-0.049204
-0.052420
-0.054860
-0.055644
-0.054560
-0.052000
-0.048652
-0.044760
-0.039912
-0.033160
-0.024000
-0.012944
-0.001604
0.008364
0.016048
0.021760
0.026440
0.031016
0.035592
0.039604
0.042272
0.043476
0.043680
0.043516
0.043004
0.041652
0.038752
0.034176
0.028572
0.023300
0.019480
0.017460
0.016624
0.016204
0.015800
0.015732
0.016560
0.018688
0.021788
0.025008
0.027372
0.028564
0.028928
0.029224
0.029920
0.031020
0.031860
0.031580
0.029444
0.025488
0.020444
0.015544
0.011824
0.009860
0.009312
0.009232
0.008528
0.006972
0.005388
0.005440
0.008604
0.015444
0.025020
0.035328
0.044152
0.050256
0.053632
0.055188
0.055828
0.056092
0.055908
0.055104
0.053696
0.052292
0.051576
0.051920
0.052936
0.053892
0.054004
0.052964
0.050904
0.048420
0.046004
0.043884
0.041820
0.039556
0.036860
0.033732
0.030224
0.026608
0.023120
0.019948
0.017040
0.014316
0.011544
0.008560
0.005260
0.001908
-0.001044
-0.003136
-0.004320
-0.004896
-0.005544
-0.006904
-0.009364
-0.012636
-0.016092
-0.019080
-0.021460
-0.023468
-0.025584
-0.028044
-0.030696
-0.032912
-0.034140
-0.034272
-0.033888
-0.033656
-0.033948
-0.034460
-0.034520
-0.033396
-0.030988
-0.027880
-0.025116
-0.023360
-0.022604
-0.022192
-0.021412
-0.019832
-0.017644
-0.015412
-0.013776
-0.012884
-0.012492
-0.012140
-0.011564
-0.010660
-0.009584
-0.008568
-0.007920
-0.007704
-0.007872
-0.008176
-0.008424
-0.008364
-0.007980
-0.007480
-0.007292
-0.007584
-0.008208
-0.008612
-0.008276
-0.006844
-0.004500
-0.001780
0.000588
0.002316
0.003492
0.004492
0.005484
0.006488
0.007276
0.007744
0.007948
0.008328
0.009244
0.010724
0.012168
0.012756
0.011708
0.008728
0.004000
-0.001696
-0.007448
-0.012460
-0.016376
-0.019072
-0.020676
-0.021352
-0.021276
-0.020376
-0.018540
-0.015680
-0.012012
-0.007856
-0.003668
0.000236
0.003604
0.006460
0.008752
0.010288
0.010604
0.009420
0.006732
0.002956
-0.001360
-0.005540
-0.009144
-0.011836
-0.013400
-0.013420
-0.011512
-0.007484
-0.001680
0.005308
0.012728
0.020060
0.026940
0.033248
0.038708
0.042880
0.045156
0.045300
0.043460
0.040096
0.035516
0.029860
0.023020
0.015064
0.006420
-0.001888
-0.008776
-0.013528
-0.016220
-0.017312
-0.017328
-0.016404
-0.014408
-0.011024
-0.006272
-0.000536
0.005540
0.011624
0.017712
0.024028
0.030480
0.036640
0.041636
0.044628
0.045036
0.042944
0.038784
0.033088
0.026100
0.017984
0.008856
-0.000964
-0.011024
-0.020588
-0.028944
-0.035472
-0.039968
-0.042464
-0.043400
-0.043360
-0.042972
-0.042336
-0.041092
-0.038580
-0.034472
-0.028972
-0.023072
-0.018048
-0.015004
-0.014136
-0.014904
-0.016400
-0.018084
-0.019840
-0.021956
-0.024588
-0.027572
-0.030216
-0.031824
-0.031984
-0.030876
-0.028820
-0.026100
-0.022708
-0.018612
-0.013760
-0.008428
-0.003076
0.001720
0.005668
0.008604
0.010404
0.010772
0.009560
0.006852
0.003188
-0.000700
-0.004036
-0.006472
-0.008080
-0.009220
-0.009904
-0.009748
-0.008092
-0.004584
0.000664
0.006952
0.013444
0.019488
0.025036
0.030316
0.035456
0.040080
0.043592
0.045440
0.045588
0.044484
0.042984
0.041728
0.040892
0.040048
0.038712
0.036600
0.033896
0.031024
0.028588
0.026984
0.026320
0.026304
0.026560
0.026664
0.026328
0.025392
0.024076
0.022756
0.021848
0.021468
0.021532
0.021712
0.021744
0.021536
0.021540
0.022552
0.025580
0.031364
0.040344
0.052300
0.066408
0.081276
0.095496
0.107896
0.117892
0.125336
0.130436
0.133288
0.133700
0.131228
0.125712
0.117388
0.106936
0.094916
0.081588
0.066712
0.050052
0.031900
0.013664
-0.002560
-0.014844
-0.022484
-0.026124
-0.027356
-0.027548
-0.027116
-0.025252
-0.020792
-0.013156
-0.003008
0.008216
0.019004
0.028564
0.036836
0.044192
0.050688
0.055848
0.058852
0.059316
0.057580
0.054636
0.051492
0.048912
0.047116
0.046128
0.045976
0.047072
0.049884
0.054688
0.061228
0.068964
0.077176
0.085172
0.092236
0.097768
0.101176
0.102040
0.100100
0.095424
0.088088
0.078032
0.064980
0.048968
0.030604
0.011244
-0.007444
-0.023968
-0.037692
-0.048824
-0.058092
-0.065828
-0.071744
-0.074980
-0.074816
-0.071028
-0.064188
-0.055328
-0.045596
-0.035696
-0.026008
-0.016700
-0.008088
-0.000480
0.005740
0.010320
0.013052
0.014008
0.013400
0.011620
0.009040
0.006016
0.002616
-0.001300
-0.006000
-0.011308
-0.016540
-0.020584
-0.022512
-0.021908
-0.019180
-0.015228
-0.011040
-0.007072
-0.003376
0.000128
0.003244
0.005644
0.007048
0.007600
0.007700
0.007812
0.007864
0.007188
0.004800
0.000268
-0.005992
-0.012784
-0.018928
-0.023800
-0.027636
-0.031116
-0.034792
-0.038420
-0.041204
-0.042260
-0.041272
-0.038476
-0.034520
-0.029896
-0.024828
-0.019152
-0.012756
-0.005784
0.001268
0.007968
0.014024
0.019372
0.023852
0.027220
0.029008
0.028832
0.026552
0.022620
0.017788
0.012852
0.008264
0.004216
0.000712
-0.002164
-0.004260
-0.005296
-0.005208
-0.004208
-0.002816
-0.001440
-0.000228
0.001044
0.002652
0.004800
0.007328
0.009812
0.011712
0.012816
0.013212
0.013148
0.012688
0.011724
0.010008
0.007448
0.004216
0.000880
-0.002024
-0.004268
-0.006124
-0.007964
-0.009980
-0.011820
-0.012832
-0.012340
-0.010204
-0.006976
-0.003668
-0.001032
0.000800
0.002340
0.004160
0.006504
0.008920
0.010588
0.010872
0.009952
0.008716
0.008276
0.009136
0.011000
0.012928
0.014032
0.014040
0.013600
0.013756
0.015324
0.018280
0.021952
0.025344
0.027736
0.028884
0.029116
0.028912
0.028660
0.028456
0.028348
0.028360
0.028608
0.029148
0.030064
0.031356
0.032956
0.034676
0.036352
0.037748
0.038648
0.038828
0.038260
0.037008
0.035200
0.032852
0.030028
0.026804
0.023348
0.019800
0.016300
0.012816
0.009260
0.005544
0.001900
-0.001264
-0.003508
-0.004724
-0.005032
-0.004752
-0.004096
-0.003116
-0.001676
0.000236
0.002432
0.004604
0.006792
0.009464
0.013344
0.018692
0.024948
0.030608
0.033936
0.033836
0.030628
0.025804
0.021180
0.017760
0.015376
0.012904
0.009220
0.003904
-0.002344
-0.008228
-0.012488
-0.014508
-0.014224
-0.011976
-0.008208
-0.003460
0.001708
0.006616
0.010712
0.013672
0.015672
0.017100
0.018212
0.018756
0.018152
0.015744
0.011360
0.005456
-0.000880
-0.006468
-0.010504
-0.012940
-0.014216
-0.015020
-0.015776
-0.016508
-0.016688
-0.015612
-0.012748
-0.008132
-0.002348
0.003560
0.008488
0.011600
0.012724
0.012216
0.010752
0.008840
0.006660
0.003896
-0.000020
-0.005660
-0.013088
-0.021756
-0.030520
-0.038112
-0.043480
-0.046312
-0.047064
-0.046752
-0.046204
-0.045600
-0.044268
-0.041180
-0.035504
-0.027344
-0.017776
-0.008420
-0.000476
0.005776
0.011032
0.016268
0.022040
0.027912
0.032676
0.034940
0.034044
0.030372
0.025176
0.019856
0.015388
0.011896
0.008828
0.005348
0.001008
-0.004044
-0.009072
-0.013232
-0.015908
-0.017076
-0.017256
-0.017248
-0.017532
-0.018088
-0.018424
-0.018080
-0.016932
-0.015412
-0.014220
-0.013840
-0.014068
-0.014132
-0.013172
-0.010900
-0.007728
-0.004556
-0.002124
-0.000620
0.000448
0.001740
0.003616
0.005888
0.008204
0.010412
0.012816
0.015836
0.019652
0.023820
0.027488
0.029904
0.031084
0.031756
0.032904
0.034992
0.037736
0.040240
0.041716
0.041932
0.041372
0.040664
0.039972
0.038692
0.035900
0.030932
0.023924
0.015728
0.007468
-0.000168
-0.007192
-0.014168
-0.021540
-0.029216
-0.036452
-0.042312
-0.046096
-0.047788
-0.048016
-0.047740
-0.047668
-0.047976
-0.048276
-0.047924
-0.046308
-0.043184
-0.038764
-0.033684
-0.028692
-0.024464
-0.021388
-0.019564
-0.018728
-0.018468
-0.018380
-0.018292
-0.018228
-0.018360
-0.018764
-0.019276
-0.019300
-0.018060
-0.014960
-0.010008
-0.003852
0.002388
0.007692
0.011572
0.014376
0.016944
0.020036
0.023744
0.027436
0.030076
0.030856
0.029584
0.026788
0.023244
0.019552
0.015820
0.011976
0.008056
0.004456
0.001696
0.000144
-0.000372
-0.000444
-0.000676
-0.001116
-0.001212
-0.000188
0.002216
0.005452
0.008288
0.009552
0.008804
0.006612
0.004008
0.001716
-0.000440
-0.003272
-0.007588
-0.013400
-0.019840
-0.025584
-0.029752
-0.032432
-0.034564
-0.037104
-0.040344
-0.043584
-0.045616
-0.045436
-0.042876
-0.038652
-0.033916
-0.029460
-0.025320
-0.020784
-0.014964
-0.007356
0.001640
0.010748
0.018212
0.022644
0.023596
0.021844
0.018964
0.016644
0.015800
0.016192
0.016600
0.015652
0.012548
0.007496
0.001432
-0.004456
-0.009312
-0.012736
-0.014652
-0.014952
-0.013492
-0.010296
-0.005900
-0.001256
0.002552
0.004876
0.005732
0.005736
0.005540
0.005348
0.004736
0.003104
0.000120
-0.003920
-0.008252
-0.012052
-0.014948
-0.017132
-0.019192
-0.021608
-0.024516
-0.027696
-0.030784
-0.033404
-0.035256
-0.036064
-0.035628
-0.033876
-0.031080
-0.027860
-0.025000
-0.022968
-0.021624
-0.020248
-0.017948
-0.014168
-0.009068
-0.003424
0.001780
0.005984
0.009264
0.012244
0.015608
0.019780
0.024760
0.030268
0.035996
0.041812
0.047640
0.053264
0.058172
0.061716
0.063384
0.063096
0.061236
0.058500
0.055492
0.052532
0.049616
0.046760
0.044172
0.042292
0.041456
0.041648
0.042332
0.042792
0.042556
0.041912
0.041792
0.043236
0.046688
0.051600
0.056584
0.060072
0.061064
0.059520
0.056112
0.051728
0.046864
0.041620
0.035872
0.029664
0.023340
0.017424
0.012328
0.008216
0.005036
0.002836
0.001828
0.002312
0.004404
0.007940
0.012532
0.017852
0.023812
0.030560
0.038168
0.046368
0.054500
0.061884
0.068192
0.073616
0.078588
0.083336
0.087432
0.089948
0.089936
0.087152
0.082332
0.076912
0.072228
0.068872
0.066444
0.063936
0.060484
0.055996
0.051228
0.047372
0.045344
0.045428
0.047216
0.049960
0.052964
0.055848
0.058488
0.060832
0.062788
0.064240
0.065096
0.065324
0.064784
0.063228
0.060276
0.055676
0.049500
0.042312
0.034840
0.027624
0.020692
0.013684
0.006244
-0.001464
-0.008624
-0.014008
-0.016584
-0.015976
-0.012572
-0.007192
-0.000664
0.006420
0.013608
0.020456
0.026432
0.031068
0.034188
0.036024
0.037012
0.037448
0.037216
0.035912
0.033100
0.028640
0.022736
0.015804
0.008216
0.000260
-0.007756
-0.015272
-0.021524
-0.025788
-0.027788
-0.027828
-0.026684
-0.025168
-0.023800
-0.022660
-0.021584
-0.020476
-0.019480
-0.018852
-0.018768
-0.019124
-0.019604
-0.019880
-0.019908
-0.020020
-0.020800
-0.022756
-0.025972
-0.029964
-0.033820
-0.036596
-0.037856
-0.037936
-0.037840
-0.038672
-0.040972
-0.044352
-0.047696
-0.049840
-0.050376
-0.049920
-0.049756
-0.050952
-0.053664
-0.057000
-0.059684
-0.060892
-0.060784
-0.060340
-0.060628
-0.062004
-0.063868
-0.065016
-0.064416
-0.061716
-0.057368
-0.052232
-0.047076
-0.042244
-0.037728
-0.033400
-0.029268
-0.025572
-0.022716
-0.021080
-0.020876
-0.022048
-0.024292
-0.027164
-0.030256
-0.033316
-0.036256
-0.039020
-0.041372
-0.042776
-0.042560
-0.040256
-0.035980
-0.030480
-0.024856
-0.020048
-0.016344
-0.013312
-0.010116
-0.006080
-0.001128
0.004192
0.009040
0.012808
0.015476
0.017624
0.020044
0.023232
0.027064
0.030832
0.033668
0.035072
0.035200
0.034764
0.034528
0.034764
0.035024
0.034456
0.032412
0.028928
0.024760
0.020864
0.017720
0.014972
0.011692
0.007096
0.001200
-0.005072
-0.010408
-0.013860
-0.015380
-0.015664
-0.015584
-0.015484
-0.014976
-0.013268
-0.009796
-0.004676
0.001264
0.006864
0.011152
0.013712
0.014692
0.014572
0.013880
0.012928
0.011732
0.010044
0.007536
0.004008
-0.000404
-0.005180
-0.009596
-0.013056
-0.015380
-0.016896
-0.018208
-0.019824
-0.021892
-0.024160
-0.026208
-0.027776
-0.028928
-0.030004
-0.031396
-0.033340
-0.035804
-0.038540
-0.041196
-0.043400
-0.044860
-0.045356
-0.044808
-0.043256
-0.040864
-0.037848
-0.034452
-0.030900
-0.027384
-0.024008
-0.020756
-0.017464
-0.013908
-0.009972
-0.005820
-0.001904
0.001216
0.003172
0.004000
0.004084
0.003916
0.003808
0.003780
0.003724
0.003608
0.003596
0.003876
0.004384
0.004632
0.003888
0.001576
-0.002292
-0.007024
-0.011528
-0.014800
-0.016380
-0.016468
-0.015744
-0.015004
-0.014804
-0.015288
-0.016120
-0.016632
-0.016048
-0.013812
-0.009840
-0.004616
0.000972
0.006016
0.009972
0.012832
0.014972
0.016808
0.018508
0.019920
0.020720
0.020624
0.019496
0.017276
0.013908
0.009364
0.003804
-0.002248
-0.007944
-0.012384
-0.015004
-0.015848
-0.015536
-0.014904
-0.014568
-0.014680
-0.015024
-0.015256
-0.015224
-0.015016
-0.014832
-0.014796
-0.014856
-0.014896
-0.014976
-0.015444
-0.016868
-0.019736
-0.024128
-0.029556
-0.035112
-0.039808
-0.043000
-0.044600
-0.045020
-0.044868
-0.044656
-0.044588
-0.044568
-0.044360
-0.043788
-0.042812
-0.041520
-0.040036
-0.038552
-0.037284
-0.036512
-0.036444
-0.037136
-0.038336
-0.039556
-0.040240
-0.040052
-0.039008
-0.037368
-0.035372
-0.033004
-0.029952
-0.025852
-0.020592
-0.014536
-0.008392
-0.002856
0.001716
0.005396
0.008500
0.011224
0.013496
0.014988
0.015448
0.014936
0.013804
0.012360
0.010560
0.007928
0.003912
-0.001580
-0.007764
-0.013136
-0.016128
-0.015992
-0.013316
-0.009812
-0.007488
-0.007716
-0.010612
-0.015200
-0.020064
-0.024160
-0.027236
-0.029720
-0.032232
-0.035120
-0.038244
-0.041152
-0.043368
-0.044676
-0.045220
-0.045340
-0.045368
-0.045476
-0.045564
-0.045296
-0.044216
-0.041940
-0.038308
-0.033464
-0.027760
-0.021636
-0.015420
-0.009252
-0.003108
0.002992
0.008880
0.014208
0.018556
0.021540
0.022928
0.022668
0.020888
0.017784
0.013632
0.008724
0.003380
-0.002084
-0.007312
-0.011900
-0.015432
-0.017652
-0.018612
-0.018700
-0.018428
-0.018124
-0.017636
-0.016344
-0.013532
-0.008960
-0.003148
0.002756
0.007616
0.010880
0.012868
0.014416
0.016272
0.018540
0.020752
0.022304
0.023072
0.023532
0.024500
0.026556
0.029736
0.033540
0.037388
0.040956
0.044276
0.047384
0.050140
0.052136
0.053088
0.053060
0.052556
0.052144
0.051968
0.051496
0.049812
0.046232
0.040892
0.034740
0.029128
0.025092
0.022912
0.022116
0.021960
0.021920
0.021916
0.022112
0.022592
0.023164
0.023496
0.023356
0.022884
0.022516
0.022676
0.023332
0.023884
0.023360
0.020912
0.016180
0.009484
0.001612
-0.006504
-0.014136
-0.020788
-0.026088
-0.029596
-0.030852
-0.029500
-0.025540
-0.019348
-0.011608
-0.002996
0.006024
0.015248
0.024472
0.033320
0.041172
0.047392
0.051552
0.053636
0.053964
0.052944
0.050784
0.047468
0.042936
0.037380
0.031328
0.025500
0.020480
0.016424
0.012960
0.009484
0.005544
0.001264
-0.002668
-0.005264
-0.005752
-0.003948
-0.000428
0.003760
0.007584
0.010508
0.012568
0.014252
0.016064
0.018240
0.020604
0.022752
0.024304
0.025136
0.025312
0.025028
0.024524
0.024112
0.024176
0.025172
0.027440
0.031028
0.035568
0.040444
0.045060
0.049108
0.052444
0.054904
0.056068
0.055344
0.052260
0.046876
0.039824
0.032016
0.024028
0.015828
0.006988
-0.002692
-0.012728
-0.021908
-0.028912
-0.033028
-0.034596
-0.034664
-0.034260
-0.033688
-0.032520
-0.030032
-0.025900
-0.020456
-0.014532
-0.008884
-0.003864
0.000544
0.004280
0.006916
0.007712
0.006076
0.001928
-0.004116
-0.011064
-0.018012
-0.024592
-0.030936
-0.037400
-0.044152
-0.050988
-0.057264
-0.062128
-0.064756
-0.064720
-0.062144
-0.057744
-0.052492
-0.047312
-0.042600
-0.038184
-0.033592
-0.028644
-0.023764
-0.019940
-0.018160
-0.018856
-0.021596
-0.025340
-0.028968
-0.031892
-0.034112
-0.035936
-0.037508
-0.038684
-0.039076
-0.038412
-0.036656
-0.034036
-0.030760
-0.026900
-0.022372
-0.017228
-0.011752
-0.006468
-0.001880
0.001624
0.003876
0.004788
0.004284
0.002184
-0.001592
-0.006912
-0.013328
-0.020236
-0.027032
-0.033280
-0.038688
-0.043100
-0.046356
-0.048276
-0.048644
-0.047356
-0.044432
-0.040020
-0.034296
-0.027440
-0.019520
-0.010492
-0.000280
0.010908
0.022456
0.033240
0.041944
0.047416
0.049152
0.047380
0.042856
0.036328
0.028208
0.018592
0.007660
-0.004012
-0.015284
-0.024820
-0.031576
-0.035296
-0.036428
-0.035720
-0.033668
-0.030340
-0.025428
-0.018632
-0.009928
0.000260
0.011256
0.022284
0.032648
0.041644
0.048568
0.052764
0.053832
0.051708
0.046804
0.039832
0.031640
0.022892
0.014052
0.005388
-0.002784
-0.010060
-0.015888
-0.019740
-0.021236
-0.020396
-0.017512
-0.013056
-0.007412
-0.000908
0.006144
0.013240
0.019668
0.024532
0.027060
0.026852
0.023988
0.018840
0.011888
0.003620
-0.005356
-0.014268
-0.022120
-0.027948
-0.031108
-0.031572
-0.029736
-0.026072
-0.020756
-0.013744
-0.005088
0.004656
0.014404
0.022824
0.028992
0.032700
0.034328
0.034192
0.032104
0.027396
0.019564
0.008884
-0.003308
-0.015068
-0.024660
-0.031304
-0.035152
-0.036748
-0.036236
-0.033168
-0.026764
-0.016596
-0.003036
0.012684
0.028964
0.044376
0.058012
0.069304
0.077860
0.083268
0.085216
0.083596
0.078652
0.070916
0.061136
0.050036
0.038424
0.027172
0.017268
0.009564
0.004572
0.002220
0.001912
0.002664
0.003520
0.003856
0.003576
0.002972
0.002512
0.002528
0.003044
0.003692
0.003932
0.003360
0.001952
0.000004
-0.002064
-0.004064
-0.006132
-0.008684
-0.011952
-0.015672
-0.018956
-0.020764
-0.020388
-0.017924
-0.014188
-0.010356
-0.007292
-0.005224
-0.003776
-0.002536
-0.001456
-0.001012
-0.001884
-0.004556
-0.008908
-0.014248
-0.019632
-0.024396
-0.028352
-0.031684
-0.034536
-0.036808
-0.038088
-0.037956
-0.036324
-0.033692
-0.030884
-0.028692
-0.027428
-0.026976
-0.026932
-0.027012
-0.027116
-0.027332
-0.027628
-0.027804
-0.027576
-0.027008
-0.026628
-0.027216
-0.029236
-0.032424
-0.035648
-0.037412
-0.036576
-0.032968
-0.027264
-0.020504
-0.013340
-0.005872
0.002104
0.010528
0.018740
0.025592
0.030088
0.031964
0.031892
0.030908
0.029772
0.028396
0.025980
0.021496
0.014440
0.005212
-0.004868
-0.014160
-0.021184
-0.025056
-0.025564
-0.023172
-0.018748
-0.013336
-0.007844
-0.002952
0.001064
0.004228
0.006728
0.008600
0.009648
0.009464
0.007668
0.004072
-0.001084
-0.007188
-0.013360
-0.018832
-0.023144
-0.026240
-0.028296
-0.029528
-0.029900
-0.029064
-0.026512
-0.022040
-0.015948
-0.009124
-0.002652
0.002528
0.006052
0.008120
0.009284
0.009972
0.010316
0.010124
0.009172
0.007316
0.004672
0.001552
-0.001552
-0.004104
-0.005560
-0.005504
-0.003720
-0.000384
0.004132
0.009504
0.015740
0.023036
0.031472
0.040532
0.048992
0.055172
0.057764
0.056416
0.051928
0.045576
0.038364
0.030532
0.021804
0.012012
0.001760
-0.007616
-0.014680
-0.018816
-0.020540
-0.021076
-0.021352
-0.021388
-0.020296
-0.017096
-0.011608
-0.004880
0.001364
0.005720
0.007892
0.008564
0.008752
0.008868
0.008432
0.006408
0.002076
-0.004348
-0.011664
-0.018420
-0.023608
-0.027036
-0.029060
-0.030132
-0.030316
-0.029328
-0.026864
-0.023092
-0.018664
-0.014432
-0.010908
-0.008080
-0.005496
-0.002708
0.000392
0.003428
0.005860
0.007364
0.008096
0.008464
0.008812
0.009092
0.008924
0.007800
0.005584
0.002644
-0.000176
-0.002084
-0.002624
-0.001908
-0.000460
0.000928
0.001516
0.000780
-0.001428
-0.004964
-0.009380
-0.014152
-0.018872
-0.023536
-0.028460
-0.033996
-0.040080
-0.046132
-0.051196
-0.054484
-0.055804
-0.055700
-0.054976
-0.054088
-0.052736
-0.050152
-0.045736
-0.039716
-0.033168
-0.027556
-0.023856
-0.022056
-0.021244
-0.020412
-0.019104
-0.017656
-0.016768
-0.016964
-0.018132
-0.019712
-0.021128
-0.022336
-0.023808
-0.026160
-0.029640
-0.034024
-0.038712
-0.043116
-0.046812
-0.049528
-0.050952
-0.050684
-0.048428
-0.044436
-0.039544
-0.034896
-0.031272
-0.028672
-0.026256
-0.022952
-0.018100
-0.012024
-0.005772
-0.000452
0.003500
0.006424
0.009096
0.011996
0.014916
0.016992
0.017400
0.015964
0.013388
0.010784
0.009012
0.008160
0.007656
0.006648
0.004668
0.001852
-0.001184
-0.003844
-0.005820
-0.007112
-0.007784
-0.007860
-0.007272
-0.006096
-0.004616
-0.003356
-0.002728
-0.002804
-0.003240
-0.003600
-0.003616
-0.003368
-0.003148
-0.003320
-0.004088
-0.005576
-0.007808
-0.010844
-0.014520
-0.018356
-0.021544
-0.023420
-0.023840
-0.023376
-0.022952
-0.023272
-0.024236
-0.024944
-0.024220
-0.021420
-0.016776
-0.011220
-0.005688
-0.000676
0.003928
0.008496
0.013316
0.018344
0.023416
0.028412
0.033320
0.037948
0.041824
0.044324
0.045180
0.044744
0.043936
0.043668
0.044236
0.045052
0.045148
0.043904
0.041580
0.039004
0.036864
0.035080
0.032932
0.029676
0.025460
0.021488
0.019436
0.020284
0.023656
0.028012
0.031620
0.033488
0.033768
0.033292
0.032832
0.032484
0.031856
0.030512
0.028484
0.026108
0.023752
0.021456
0.019064
0.016508
0.014184
0.012844
0.013224
0.015468
0.019104
0.023304
0.027424
0.031184
0.034596
0.037632
0.040160
0.041940
0.043004
0.043680
0.044456
0.045484
0.046428
0.046680
0.045892
0.044268
0.042568
0.041588
0.041648
0.042364
0.043008
0.043044
0.042532
0.041964
0.041860
0.042340
0.043048
0.043368
0.042816
0.041272
0.039008
0.036460
0.034128
0.032444
0.031748
0.032056
0.032992
0.033816
0.033776
0.032484
0.030188
0.027640
0.025648
0.024472
0.023728
0.022672
0.020832
0.018276
0.015652
0.013688
0.012788
0.012772
0.013160
0.013492
0.013632
0.013616
0.013552
0.013436
0.013296
0.013200
0.013288
0.013604
0.013976
0.014028
0.013544
0.011064
0.010840
0.012012
0.014816
0.018488
0.021580
0.022688
0.021324
0.018140
0.014480
0.011392
0.009036
0.006704
0.003528
-0.000848
-0.005920
-0.010692
-0.014272
-0.016440
-0.017548
-0.018148
-0.018452
-0.018328
-0.017436
-0.015620
-0.013020
-0.010064
-0.007216
-0.004840
-0.003192
-0.002532
-0.003076
-0.004856
-0.007508
-0.010368
-0.012672
-0.013932
-0.014108
-0.013664
-0.013256
-0.013444
-0.014468
-0.016320
-0.018760
-0.021472
-0.024048
-0.026156
-0.027568
-0.028276
-0.028424
-0.028364
-0.028460
-0.029024
-0.030212
-0.032112
-0.034608
-0.037340
-0.039632
-0.040724
-0.040044
-0.037600
-0.034020
-0.030460
-0.027976
-0.027056
-0.027332
-0.027964
-0.028132
-0.027608
-0.026880
-0.026916
-0.028560
-0.032068
-0.036896
-0.042072
-0.046624
-0.050036
-0.052332
-0.053956
-0.055292
-0.056392
-0.056788
-0.055808
-0.052864
-0.047812
-0.040988
-0.033212
-0.025424
-0.018484
-0.012944
-0.009140
-0.007152
-0.006908
-0.008212
-0.010872
-0.014788
-0.020024
-0.026700
-0.034900
-0.044352
-0.054336
-0.063788
-0.071692
-0.077440
-0.081032
-0.082796
-0.083056
-0.081736
-0.078352
-0.072352
-0.063676
-0.052976
-0.041496
-0.030492
-0.020800
-0.012608
-0.005680
0.000252
0.005068
0.008332
0.009560
0.008600
0.005692
0.001428
-0.003508
-0.008404
-0.012616
-0.015504
-0.016564
-0.015648
-0.013276
-0.010512
-0.008520
-0.007820
-0.007976
-0.007756
-0.005936
-0.002180
0.002516
0.006324
0.007600
0.005888
0.002044
-0.002364
-0.006128
-0.009036
-0.011832
-0.015364
-0.019816
-0.024440
-0.028164
-0.030308
-0.031024
-0.030996
-0.030796
-0.030332
-0.028960
-0.026092
-0.021904
-0.017368
-0.013716
-0.011588
-0.010696
-0.010068
-0.008824
-0.006752
-0.004432
-0.002676
-0.001924
-0.001932
-0.002124
-0.002068
-0.001804
-0.001648
-0.001840
-0.002168
-0.002036
-0.000824
0.001656
0.005072
0.008808
0.012336
0.015332
0.017684
0.019280
0.019972
0.019632
0.018340
0.016408
0.014252
0.012052
0.009720
0.007028
0.003980
0.000968
-0.001272
-0.002052
-0.001076
0.001328
0.004476
0.007680
0.010616
0.013276
0.015788
0.018096
0.019888
0.020632
0.019932
0.017728
0.014392
0.010492
0.006544
0.002812
-0.000728
-0.004292
-0.008068
-0.012072
-0.016072
-0.019688
-0.022488
-0.024100
-0.024252
-0.022868
-0.020036
-0.016032
-0.011216
-0.006012
-0.000764
0.004332
0.009240
0.013904
0.018144
0.021576
0.023784
0.024504
0.023852
0.022304
0.020504
0.018808
0.017120
0.014980
0.011968
0.008124
0.004164
0.001236
0.000388
0.001992
0.005560
0.010016
0.014280
0.017748
0.020524
0.023156
0.026232
0.029904
0.033808
0.037204
0.039392
0.039940
0.038872
0.036576
0.033604
0.030428
0.027356
0.024504
0.021908
0.019540
0.017352
0.015260
0.013148
0.010856
0.008332
0.005696
0.003296
0.001508
0.000576
0.000416
0.000684
0.000936
0.000984
0.001008
0.001532
0.002976
0.005400
0.008344
0.011108
0.013136
0.014356
0.015172
0.016168
0.017640
0.019408
0.020956
0.021824
0.021844
0.021204
0.020176
0.018888
0.017160
0.014756
0.011632
0.008116
0.004708
0.001840
-0.000396
-0.002160
-0.003696
-0.005056
-0.006076
-0.006548
-0.006476
-0.006124
-0.005844
-0.005812
-0.005944
-0.006000
-0.005836
-0.005540
-0.005364
-0.005444
-0.005652
-0.005652
-0.005288
-0.004784
-0.004744
-0.005680
-0.007612
-0.009844
-0.011324
-0.011256
-0.009652
-0.007300
-0.005276
-0.004224
-0.004016
-0.003924
-0.003216
-0.001668
0.000268
0.001856
0.002592
0.002540
0.002172
0.001988
0.002144
0.002448
0.002576
0.002432
0.002220
0.002236
0.002524
0.002756
0.002432
0.001276
-0.000516
-0.002300
-0.003404
-0.003544
-0.003024
-0.002468
-0.002384
-0.002768
-0.003152
-0.002932
-0.001824
-0.000052
0.001772
0.003060
0.003568
0.003508
0.003284
0.003208
0.003324
0.003496
0.003552
0.003492
0.003432
0.003508
0.003684
0.003820
0.003768
0.003580
0.003484
0.003764
0.004568
0.005876
0.007528
0.009412
0.011520
0.013908
0.016496
0.018992
0.020992
0.022268
0.022924
0.023416
0.024264
0.025716
0.027488
0.028948
0.029424
0.028628
0.026780
0.024444
0.022192
0.020332
0.018780
0.017240
0.015428
0.013300
0.011064
0.009144
0.007980
0.007876
0.008824
0.010476
0.012248
0.013564
0.014120
0.014052
0.013824
0.013992
0.014796
0.016036
0.017168
0.017644
0.017208
0.016024
0.014492
0.012988
0.011628
0.010320
0.008904
0.007372
0.005864
0.004616
0.003792
0.003452
0.003588
0.004200
0.005300
0.006824
0.008540
0.010088
0.011120
0.011516
0.011440
0.011204
0.011068
0.011036
0.010880
0.010308
0.009164
0.007540
0.005668
0.003812
0.002124
0.000704
-0.000388
-0.001080
-0.001360
-0.001320
-0.001160
-0.001080
-0.001124
-0.001116
-0.000816
-0.000100
0.000896
0.001856
0.002508
0.002860
0.003200
0.003892
0.005072
0.006492
0.007656
0.008136
0.007828
0.006988
0.006004
0.005136
0.004368
0.003540
0.002588
0.001720
0.001308
0.001632
0.002636
0.003924
0.004964
0.005420
0.005328
0.005028
0.004868
0.004988
0.005220
0.005272
0.004908
0.004120
0.003096
0.002100
0.001300
0.000748
0.000404
0.000232
0.000184
0.000228
0.000288
0.000292
0.000184
-0.000012
-0.000224
-0.000344
-0.000332
-0.000228
-0.000108
-0.000044
-0.000068
-0.000156
-0.000256
-0.000320
-0.000324
-0.000300
-0.000304
-0.000420
-0.000724
-0.001228
-0.001856
-0.002460
-0.002880
-0.003048
-0.003012
-0.002908
-0.002876
-0.002952
-0.003072
-0.003116
-0.003048
-0.002956
-0.003036
-0.003456
-0.004264
-0.005308
-0.006320
-0.007028
-0.007300
-0.007184
-0.006868
-0.006564
-0.006416
-0.006428
-0.006508
-0.006508
-0.006356
-0.006088
-0.005844
-0.005776
-0.005984
-0.006448
-0.007028
-0.007544
-0.007848
-0.007892
-0.007716
-0.007388
-0.006988
-0.006556
-0.006124
-0.005692
-0.005260
-0.004800
-0.004284
-0.003708
-0.003132
-0.002692
-0.002520
-0.002664
-0.003036
-0.003448
-0.003692
-0.003684
-0.003500
-0.003328
-0.003360
-0.003632
-0.004044
-0.004412
-0.004588
-0.004532
-0.004332
-0.004120
-0.003972
-0.003896
-0.003824
-0.003672
-0.003388
-0.002960
-0.002424
-0.001832
-0.001268
-0.000804
-0.000512
-0.000424
-0.000504
-0.000664
-0.000796
-0.000812
-0.000700
-0.000488
-0.000232
0.000044
0.000352
0.000752
0.001264
0.001880
0.002512
0.003056
0.003428
0.003592
0.003584
0.003492
0.003396
0.003328
0.003280
0.003196
0.003016
0.002716
0.002308
0.001840
0.001376
0.000964
0.000640
0.000416
0.000296
0.000284
0.000384
0.000584
0.000868
0.001196
0.001520
0.001808
0.002028
0.002168
0.002236
0.002252
0.002228
0.002176
0.002092
0.001972
0.001816
0.001632
0.001420
0.001204
0.000988
0.000792
0.000628
0.000516
0.000464
0.000468
0.000512
0.000576
0.000636
0.000676
0.000680
0.000656
0.000604
0.000536
0.000476
0.000444
0.000456
0.000520
0.000616
0.000720
0.000812
0.000884
0.000936
0.000976
0.000992
0.000972
0.000892
0.000760
0.000592
0.000416
0.000252
0.000104
-0.000040
-0.000200
-0.000380
-0.000572
-0.000756
-0.000916
-0.001040
-0.001112
-0.001128
-0.001072
-0.000956
-0.000792
-0.000608
-0.000432
-0.000280
-0.000148
-0.000028
0.000096
0.000216
0.000320
0.000380
0.000388
0.000340
0.000240
0.000108
-0.000044
-0.000208
-0.000368
-0.000512
-0.000632
-0.000740
-0.000832
-0.000916
-0.001000
-0.001064
-0.001108
-0.001132
-0.001144
-0.001152
-0.001164
-0.001184
-0.001196
-0.001200
-0.001192
-0.001180
-0.001176
-0.001180
-0.001204
-0.001244
-0.001296
-0.001360
-0.001432
-0.001500
-0.001556
-0.001584
-0.001592
-0.001580
-0.001572
-0.001572
-0.001584
-0.001600
-0.001612
-0.001608
-0.001580
-0.001540
-0.001496
-0.001460
-0.001436
-0.001432
-0.001432
-0.001436
-0.001432
-0.001420
-0.001400
-0.001388
-0.001380
-0.001380
-0.001388
-0.001404
-0.001420
-0.001440
-0.001460
-0.001484
-0.001504
-0.001524
-0.001536
-0.001548
-0.001560
-0.001568
-0.001576
-0.001584
-0.001592
-0.001600
-0.001608
-0.001620
-0.001636
-0.001656
-0.001676
-0.001696
-0.001716
-0.001736
-0.001756
-0.001776
-0.001800
-0.001820
-0.001844
-0.001864
-0.001884
-0.001900
-0.001920
-0.001940
-0.001956
-0.001972
-0.001988
