4.809697 2.460000 0.024048
4.509091 2.460000 0.024048
4.208485 2.460000 0.024048
3.907879 2.460000 0.024048
3.607273 2.460000 0.024048
3.306667 2.460000 0.024048
3.006061 2.460000 0.024048
2.705455 2.460000 0.024048
2.404848 2.460000 0.024048
2.104242 2.460000 0.024048
1.803636 2.460000 0.024048
1.503030 2.460000 0.024048
1.202424 2.460000 0.024048
0.901818 2.460000 0.024048
0.601212 2.460000 0.024048
0.300606 2.460000 0.024048
0.000000 2.460000 0.024048
-0.300606 2.460000 0.024048
-0.601212 2.460000 0.024048
-0.901818 2.460000 0.024048
-1.202424 2.460000 0.024048
-1.503030 2.460000 0.024048
-1.803636 2.460000 0.024048
-2.104242 2.460000 0.024048
-2.404848 2.460000 0.024048
-2.705455 2.460000 0.024048
-3.006061 2.460000 0.024048
-3.306667 2.460000 0.024048
-3.607273 2.460000 0.024048
-3.907879 2.460000 0.024048
-4.208485 2.460000 0.024048
-4.509091 2.460000 0.024048
-4.809697 2.460000 0.024048
-4.960000 2.306250 0.024600
-4.960000 1.998750 0.024600
-4.960000 1.691250 0.024600
-4.960000 1.383750 0.024600
-4.960000 1.076250 0.024600
-4.960000 0.768750 0.024600
-4.960000 0.461250 0.024600
-4.960000 0.153750 0.024600
-4.960000 -0.153750 0.024600
-4.960000 -0.461250 0.024600
-4.960000 -0.768750 0.024600
-4.960000 -1.076250 0.024600
-4.960000 -1.383750 0.024600
-4.960000 -1.691250 0.024600
-4.960000 -1.998750 0.024600
-4.960000 -2.306250 0.024600
-4.809697 -2.460000 0.024048
-4.509091 -2.460000 0.024048
-4.208485 -2.460000 0.024048
-3.907879 -2.460000 0.024048
-3.607273 -2.460000 0.024048
-3.306667 -2.460000 0.024048
-3.006061 -2.460000 0.024048
-2.705455 -2.460000 0.024048
-2.404848 -2.460000 0.024048
-2.104242 -2.460000 0.024048
-1.803636 -2.460000 0.024048
-1.503030 -2.460000 0.024048
-1.202424 -2.460000 0.024048
-0.901818 -2.460000 0.024048
-0.601212 -2.460000 0.024048
-0.300606 -2.460000 0.024048
0.000000 -2.460000 0.024048
0.300606 -2.460000 0.024048
0.601212 -2.460000 0.024048
0.901818 -2.460000 0.024048
1.202424 -2.460000 0.024048
1.503030 -2.460000 0.024048
1.803636 -2.460000 0.024048
2.104242 -2.460000 0.024048
2.404848 -2.460000 0.024048
2.705455 -2.460000 0.024048
3.006061 -2.460000 0.024048
3.306667 -2.460000 0.024048
3.607273 -2.460000 0.024048
3.907879 -2.460000 0.024048
4.208485 -2.460000 0.024048
4.509091 -2.460000 0.024048
4.809697 -2.460000 0.024048
4.960000 -2.306250 0.024600
4.960000 -1.998750 0.024600
4.960000 -1.691250 0.024600
4.960000 -1.383750 0.024600
4.960000 -1.076250 0.024600
4.960000 -0.768750 0.024600
4.960000 -0.461250 0.024600
4.960000 -0.153750 0.024600
4.960000 0.153750 0.024600
4.960000 0.461250 0.024600
4.960000 0.768750 0.024600
4.960000 1.076250 0.024600
4.960000 1.383750 0.024600
4.960000 1.691250 0.024600
4.960000 1.998750 0.024600
4.960000 2.306250 0.024600
4.088571 1.740000 0.024229
3.785714 1.740000 0.024229
3.482857 1.740000 0.024229
3.180000 1.740000 0.024229
2.877143 1.740000 0.024229
2.574286 1.740000 0.024229
2.271429 1.740000 0.024229
1.968571 1.740000 0.024229
1.665714 1.740000 0.024229
1.362857 1.740000 0.024229
1.060000 1.740000 0.024229
0.757143 1.740000 0.024229
0.454286 1.740000 0.024229
0.151429 1.740000 0.024229
-0.151429 1.740000 0.024229
-0.454286 1.740000 0.024229
-0.757143 1.740000 0.024229
-1.060000 1.740000 0.024229
-1.362857 1.740000 0.024229
-1.665714 1.740000 0.024229
-1.968571 1.740000 0.024229
-2.271429 1.740000 0.024229
-2.574286 1.740000 0.024229
-2.877143 1.740000 0.024229
-3.180000 1.740000 0.024229
-3.482857 1.740000 0.024229
-3.785714 1.740000 0.024229
-4.088571 1.740000 0.024229
-4.240000 1.581818 0.025309
-4.240000 1.265455 0.025309
-4.240000 0.949091 0.025309
-4.240000 0.632727 0.025309
-4.240000 0.316364 0.025309
-4.240000 0.000000 0.025309
-4.240000 -0.316364 0.025309
-4.240000 -0.632727 0.025309
-4.240000 -0.949091 0.025309
-4.240000 -1.265455 0.025309
-4.240000 -1.581818 0.025309
-4.088571 -1.740000 0.024229
-3.785714 -1.740000 0.024229
-3.482857 -1.740000 0.024229
-3.180000 -1.740000 0.024229
-2.877143 -1.740000 0.024229
-2.574286 -1.740000 0.024229
-2.271429 -1.740000 0.024229
-1.968571 -1.740000 0.024229
-1.665714 -1.740000 0.024229
-1.362857 -1.740000 0.024229
-1.060000 -1.740000 0.024229
-0.757143 -1.740000 0.024229
-0.454286 -1.740000 0.024229
-0.151429 -1.740000 0.024229
0.151429 -1.740000 0.024229
0.454286 -1.740000 0.024229
0.757143 -1.740000 0.024229
1.060000 -1.740000 0.024229
1.362857 -1.740000 0.024229
1.665714 -1.740000 0.024229
1.968571 -1.740000 0.024229
2.271429 -1.740000 0.024229
2.574286 -1.740000 0.024229
2.877143 -1.740000 0.024229
3.180000 -1.740000 0.024229
3.482857 -1.740000 0.024229
3.785714 -1.740000 0.024229
4.088571 -1.740000 0.024229
4.240000 -1.581818 0.025309
4.240000 -1.265455 0.025309
4.240000 -0.949091 0.025309
4.240000 -0.632727 0.025309
4.240000 -0.316364 0.025309
4.240000 0.000000 0.025309
4.240000 0.316364 0.025309
4.240000 0.632727 0.025309
4.240000 0.949091 0.025309
4.240000 1.265455 0.025309
4.240000 1.581818 0.025309
