5.709865 7.797708 0.018690
5.489596 8.017978 0.018690
5.269326 8.238248 0.018690
5.049056 8.458517 0.018690
4.828787 8.678787 0.018690
4.608517 8.899056 0.018690
4.388248 9.119326 0.018690
4.167978 9.339596 0.018690
3.947708 9.559865 0.018690
3.684071 9.670000 0.018420
3.377065 9.670000 0.018420
3.070059 9.670000 0.018420
2.763053 9.670000 0.018420
2.456047 9.670000 0.018420
2.149041 9.670000 0.018420
1.842035 9.670000 0.018420
1.535029 9.670000 0.018420
1.228024 9.670000 0.018420
0.921018 9.670000 0.018420
0.614012 9.670000 0.018420
0.307006 9.670000 0.018420
0.000000 9.670000 0.018420
-0.307006 9.670000 0.018420
-0.614012 9.670000 0.018420
-0.921018 9.670000 0.018420
-1.228024 9.670000 0.018420
-1.535029 9.670000 0.018420
-1.842035 9.670000 0.018420
-2.149041 9.670000 0.018420
-2.456047 9.670000 0.018420
-2.763053 9.670000 0.018420
-3.070059 9.670000 0.018420
-3.377065 9.670000 0.018420
-3.684071 9.670000 0.018420
-3.947708 9.559865 0.018690
-4.167978 9.339596 0.018690
-4.388248 9.119326 0.018690
-4.608517 8.899056 0.018690
-4.828787 8.678787 0.018690
-5.049056 8.458517 0.018690
-5.269326 8.238248 0.018690
-5.489596 8.017978 0.018690
-5.709865 7.797708 0.018690
-5.820000 7.536837 0.018088
-5.820000 7.235363 0.018088
-5.820000 6.933890 0.018088
-5.820000 6.632416 0.018088
-5.820000 6.330943 0.018088
-5.820000 6.029469 0.018088
-5.820000 5.727996 0.018088
-5.820000 5.426523 0.018088
-5.820000 5.125049 0.018088
-5.820000 4.823576 0.018088
-5.820000 4.522102 0.018088
-5.820000 4.220629 0.018088
-5.820000 3.919155 0.018088
-5.820000 3.617682 0.018088
-5.820000 3.316208 0.018088
-5.820000 3.014735 0.018088
-5.820000 2.713261 0.018088
-5.820000 2.411788 0.018088
-5.820000 2.110314 0.018088
-5.820000 1.808841 0.018088
-5.820000 1.507367 0.018088
-5.820000 1.205894 0.018088
-5.820000 0.904420 0.018088
-5.820000 0.602947 0.018088
-5.820000 0.301473 0.018088
-5.820000 0.000000 0.018088
-5.820000 -0.301473 0.018088
-5.820000 -0.602947 0.018088
-5.820000 -0.904420 0.018088
-5.820000 -1.205894 0.018088
-5.820000 -1.507367 0.018088
-5.820000 -1.808841 0.018088
-5.820000 -2.110314 0.018088
-5.820000 -2.411788 0.018088
-5.820000 -2.713261 0.018088
-5.820000 -3.014735 0.018088
-5.820000 -3.316208 0.018088
-5.820000 -3.617682 0.018088
-5.820000 -3.919155 0.018088
-5.820000 -4.220629 0.018088
-5.820000 -4.522102 0.018088
-5.820000 -4.823576 0.018088
-5.820000 -5.125049 0.018088
-5.820000 -5.426523 0.018088
-5.820000 -5.727996 0.018088
-5.820000 -6.029469 0.018088
-5.820000 -6.330943 0.018088
-5.820000 -6.632416 0.018088
-5.820000 -6.933890 0.018088
-5.820000 -7.235363 0.018088
-5.820000 -7.536837 0.018088
-5.709865 -7.797708 0.018690
-5.489596 -8.017978 0.018690
-5.269326 -8.238248 0.018690
-5.049056 -8.458517 0.018690
-4.828787 -8.678787 0.018690
-4.608517 -8.899056 0.018690
-4.388248 -9.119326 0.018690
-4.167978 -9.339596 0.018690
-3.947708 -9.559865 0.018690
-3.684071 -9.670000 0.018420
-3.377065 -9.670000 0.018420
-3.070059 -9.670000 0.018420
-2.763053 -9.670000 0.018420
-2.456047 -9.670000 0.018420
-2.149041 -9.670000 0.018420
-1.842035 -9.670000 0.018420
-1.535029 -9.670000 0.018420
-1.228024 -9.670000 0.018420
-0.921018 -9.670000 0.018420
-0.614012 -9.670000 0.018420
-0.307006 -9.670000 0.018420
0.000000 -9.670000 0.018420
0.307006 -9.670000 0.018420
0.614012 -9.670000 0.018420
0.921018 -9.670000 0.018420
1.228024 -9.670000 0.018420
1.535029 -9.670000 0.018420
1.842035 -9.670000 0.018420
2.149041 -9.670000 0.018420
2.456047 -9.670000 0.018420
2.763053 -9.670000 0.018420
3.070059 -9.670000 0.018420
3.377065 -9.670000 0.018420
3.684071 -9.670000 0.018420
3.947708 -9.559865 0.018690
4.167978 -9.339596 0.018690
4.388248 -9.119326 0.018690
4.608517 -8.899056 0.018690
4.828787 -8.678787 0.018690
5.049056 -8.458517 0.018690
5.269326 -8.238248 0.018690
5.489596 -8.017978 0.018690
5.709865 -7.797708 0.018690
5.820000 -7.536837 0.018088
5.820000 -7.235363 0.018088
5.820000 -6.933890 0.018088
5.820000 -6.632416 0.018088
5.820000 -6.330943 0.018088
5.820000 -6.029469 0.018088
5.820000 -5.727996 0.018088
5.820000 -5.426523 0.018088
5.820000 -5.125049 0.018088
5.820000 -4.823576 0.018088
5.820000 -4.522102 0.018088
5.820000 -4.220629 0.018088
5.820000 -3.919155 0.018088
5.820000 -3.617682 0.018088
5.820000 -3.316208 0.018088
5.820000 -3.014735 0.018088
5.820000 -2.713261 0.018088
5.820000 -2.411788 0.018088
5.820000 -2.110314 0.018088
5.820000 -1.808841 0.018088
5.820000 -1.507367 0.018088
5.820000 -1.205894 0.018088
5.820000 -0.904420 0.018088
5.820000 -0.602947 0.018088
5.820000 -0.301473 0.018088
5.820000 0.000000 0.018088
5.820000 0.301473 0.018088
5.820000 0.602947 0.018088
5.820000 0.904420 0.018088
5.820000 1.205894 0.018088
5.820000 1.507367 0.018088
5.820000 1.808841 0.018088
5.820000 2.110314 0.018088
5.820000 2.411788 0.018088
5.820000 2.713261 0.018088
5.820000 3.014735 0.018088
5.820000 3.316208 0.018088
5.820000 3.617682 0.018088
5.820000 3.919155 0.018088
5.820000 4.220629 0.018088
5.820000 4.522102 0.018088
5.820000 4.823576 0.018088
5.820000 5.125049 0.018088
5.820000 5.426523 0.018088
5.820000 5.727996 0.018088
5.820000 6.029469 0.018088
5.820000 6.330943 0.018088
5.820000 6.632416 0.018088
5.820000 6.933890 0.018088
5.820000 7.235363 0.018088
5.820000 7.536837 0.018088
3.743738 7.048689 0.023124
3.471213 7.321213 0.023124
3.198689 7.593738 0.023124
2.909305 7.730000 0.018375
2.603062 7.730000 0.018375
2.296820 7.730000 0.018375
1.990577 7.730000 0.018375
1.684335 7.730000 0.018375
1.378092 7.730000 0.018375
1.071849 7.730000 0.018375
0.765607 7.730000 0.018375
0.459364 7.730000 0.018375
0.153121 7.730000 0.018375
-0.153121 7.730000 0.018375
-0.459364 7.730000 0.018375
-0.765607 7.730000 0.018375
-1.071849 7.730000 0.018375
-1.378092 7.730000 0.018375
-1.684335 7.730000 0.018375
-1.990577 7.730000 0.018375
-2.296820 7.730000 0.018375
-2.603062 7.730000 0.018375
-2.909305 7.730000 0.018375
-3.198689 7.593738 0.023124
-3.471213 7.321213 0.023124
-3.743738 7.048689 0.023124
-3.880000 6.756180 0.018750
-3.880000 6.443689 0.018750
-3.880000 6.131197 0.018750
-3.880000 5.818705 0.018750
-3.880000 5.506213 0.018750
-3.880000 5.193721 0.018750
-3.880000 4.881230 0.018750
-3.880000 4.568738 0.018750
-3.880000 4.256246 0.018750
-3.880000 3.943754 0.018750
-3.880000 3.631262 0.018750
-3.880000 3.318770 0.018750
-3.880000 3.006279 0.018750
-3.880000 2.693787 0.018750
-3.880000 2.381295 0.018750
-3.880000 2.068803 0.018750
-3.880000 1.756311 0.018750
-3.880000 1.443820 0.018750
-3.743738 1.151311 0.023124
-3.471213 0.878787 0.023124
-3.198689 0.606262 0.023124
-2.909305 0.470000 0.018375
-2.603062 0.470000 0.018375
-2.296820 0.470000 0.018375
-1.990577 0.470000 0.018375
-1.684335 0.470000 0.018375
-1.378092 0.470000 0.018375
-1.071849 0.470000 0.018375
-0.765607 0.470000 0.018375
-0.459364 0.470000 0.018375
-0.153121 0.470000 0.018375
0.153121 0.470000 0.018375
0.459364 0.470000 0.018375
0.765607 0.470000 0.018375
1.071849 0.470000 0.018375
1.378092 0.470000 0.018375
1.684335 0.470000 0.018375
1.990577 0.470000 0.018375
2.296820 0.470000 0.018375
2.603062 0.470000 0.018375
2.909305 0.470000 0.018375
3.198689 0.606262 0.023124
3.471213 0.878787 0.023124
3.743738 1.151311 0.023124
3.880000 1.443820 0.018750
3.880000 1.756311 0.018750
3.880000 2.068803 0.018750
3.880000 2.381295 0.018750
3.880000 2.693787 0.018750
3.880000 3.006279 0.018750
3.880000 3.318770 0.018750
3.880000 3.631262 0.018750
3.880000 3.943754 0.018750
3.880000 4.256246 0.018750
3.880000 4.568738 0.018750
3.880000 4.881230 0.018750
3.880000 5.193721 0.018750
3.880000 5.506213 0.018750
3.880000 5.818705 0.018750
3.880000 6.131197 0.018750
3.880000 6.443689 0.018750
3.880000 6.756180 0.018750
3.743738 -1.151311 0.023124
3.471213 -0.878787 0.023124
3.198689 -0.606262 0.023124
2.909305 -0.470000 0.018375
2.603062 -0.470000 0.018375
2.296820 -0.470000 0.018375
1.990577 -0.470000 0.018375
1.684335 -0.470000 0.018375
1.378092 -0.470000 0.018375
1.071849 -0.470000 0.018375
0.765607 -0.470000 0.018375
0.459364 -0.470000 0.018375
0.153121 -0.470000 0.018375
-0.153121 -0.470000 0.018375
-0.459364 -0.470000 0.018375
-0.765607 -0.470000 0.018375
-1.071849 -0.470000 0.018375
-1.378092 -0.470000 0.018375
-1.684335 -0.470000 0.018375
-1.990577 -0.470000 0.018375
-2.296820 -0.470000 0.018375
-2.603062 -0.470000 0.018375
-2.909305 -0.470000 0.018375
-3.198689 -0.606262 0.023124
-3.471213 -0.878787 0.023124
-3.743738 -1.151311 0.023124
-3.880000 -1.443820 0.018750
-3.880000 -1.756311 0.018750
-3.880000 -2.068803 0.018750
-3.880000 -2.381295 0.018750
-3.880000 -2.693787 0.018750
-3.880000 -3.006279 0.018750
-3.880000 -3.318770 0.018750
-3.880000 -3.631262 0.018750
-3.880000 -3.943754 0.018750
-3.880000 -4.256246 0.018750
-3.880000 -4.568738 0.018750
-3.880000 -4.881230 0.018750
-3.880000 -5.193721 0.018750
-3.880000 -5.506213 0.018750
-3.880000 -5.818705 0.018750
-3.880000 -6.131197 0.018750
-3.880000 -6.443689 0.018750
-3.880000 -6.756180 0.018750
-3.743738 -7.048689 0.023124
-3.471213 -7.321213 0.023124
-3.198689 -7.593738 0.023124
-2.909305 -7.730000 0.018375
-2.603062 -7.730000 0.018375
-2.296820 -7.730000 0.018375
-1.990577 -7.730000 0.018375
-1.684335 -7.730000 0.018375
-1.378092 -7.730000 0.018375
-1.071849 -7.730000 0.018375
-0.765607 -7.730000 0.018375
-0.459364 -7.730000 0.018375
-0.153121 -7.730000 0.018375
0.153121 -7.730000 0.018375
0.459364 -7.730000 0.018375
0.765607 -7.730000 0.018375
1.071849 -7.730000 0.018375
1.378092 -7.730000 0.018375
1.684335 -7.730000 0.018375
1.990577 -7.730000 0.018375
2.296820 -7.730000 0.018375
2.603062 -7.730000 0.018375
2.909305 -7.730000 0.018375
3.198689 -7.593738 0.023124
3.471213 -7.321213 0.023124
3.743738 -7.048689 0.023124
3.880000 -6.756180 0.018750
3.880000 -6.443689 0.018750
3.880000 -6.131197 0.018750
3.880000 -5.818705 0.018750
3.880000 -5.506213 0.018750
3.880000 -5.193721 0.018750
3.880000 -4.881230 0.018750
3.880000 -4.568738 0.018750
3.880000 -4.256246 0.018750
3.880000 -3.943754 0.018750
3.880000 -3.631262 0.018750
3.880000 -3.318770 0.018750
3.880000 -3.006279 0.018750
3.880000 -2.693787 0.018750
3.880000 -2.381295 0.018750
3.880000 -2.068803 0.018750
3.880000 -1.756311 0.018750
3.880000 -1.443820 0.018750
