5.018571 7.075147 0.001612
4.909413 7.184306 0.001612
4.800254 7.293464 0.001612
4.691096 7.402623 0.001612
4.581937 7.511781 0.001612
4.472779 7.620940 0.001612
4.363620 7.730098 0.001612
4.254462 7.839257 0.001612
4.145304 7.948415 0.001612
4.036145 8.057574 0.001612
3.926987 8.166732 0.001612
3.817828 8.275891 0.001612
3.708670 8.385049 0.001612
3.599511 8.494208 0.001612
3.490353 8.603366 0.001612
3.381194 8.712525 0.001612
3.272036 8.821683 0.001612
3.162877 8.930842 0.001612
3.053719 9.040000 0.001612
2.901033 9.040000 0.001612
2.748347 9.040000 0.001612
2.595661 9.040000 0.001612
2.442975 9.040000 0.001612
2.290289 9.040000 0.001612
2.137603 9.040000 0.001612
1.984917 9.040000 0.001612
1.832231 9.040000 0.001612
1.679545 9.040000 0.001612
1.526859 9.040000 0.001612
1.374173 9.040000 0.001612
1.221487 9.040000 0.001612
1.068802 9.040000 0.001612
0.916116 9.040000 0.001612
0.763430 9.040000 0.001612
0.610744 9.040000 0.001612
0.458058 9.040000 0.001612
0.305372 9.040000 0.001612
0.152686 9.040000 0.001612
0.000000 9.040000 0.001612
-0.152686 9.040000 0.001612
-0.305372 9.040000 0.001612
-0.458058 9.040000 0.001612
-0.610744 9.040000 0.001612
-0.763430 9.040000 0.001612
-0.916116 9.040000 0.001612
-1.068802 9.040000 0.001612
-1.221487 9.040000 0.001612
-1.374173 9.040000 0.001612
-1.526859 9.040000 0.001612
-1.679545 9.040000 0.001612
-1.832231 9.040000 0.001612
-1.984917 9.040000 0.001612
-2.137603 9.040000 0.001612
-2.290289 9.040000 0.001612
-2.442975 9.040000 0.001612
-2.595661 9.040000 0.001612
-2.748347 9.040000 0.001612
-2.901033 9.040000 0.001612
-3.053719 9.040000 0.001612
-3.162877 8.930842 0.001612
-3.272036 8.821683 0.001612
-3.381194 8.712525 0.001612
-3.490353 8.603366 0.001612
-3.599511 8.494208 0.001612
-3.708670 8.385049 0.001612
-3.817828 8.275891 0.001612
-3.926987 8.166732 0.001612
-4.036145 8.057574 0.001612
-4.145304 7.948415 0.001612
-4.254462 7.839257 0.001612
-4.363620 7.730098 0.001612
-4.472779 7.620940 0.001612
-4.581937 7.511781 0.001612
-4.691096 7.402623 0.001612
-4.800254 7.293464 0.001612
-4.909413 7.184306 0.001612
-5.018571 7.075147 0.001612
-5.018571 6.924612 0.001612
-5.018571 6.774077 0.001612
-5.018571 6.623542 0.001612
-5.018571 6.473007 0.001612
-5.018571 6.322472 0.001612
-5.018571 6.171937 0.001612
-5.018571 6.021402 0.001612
-5.018571 5.870867 0.001612
-5.018571 5.720332 0.001612
-5.018571 5.569797 0.001612
-5.018571 5.419262 0.001612
-5.018571 5.268727 0.001612
-5.018571 5.118192 0.001612
-5.018571 4.967657 0.001612
-5.018571 4.817121 0.001612
-5.018571 4.666586 0.001612
-5.018571 4.516051 0.001612
-5.018571 4.365516 0.001612
-5.018571 4.214981 0.001612
-5.018571 4.064446 0.001612
-5.018571 3.913911 0.001612
-5.018571 3.763376 0.001612
-5.018571 3.612841 0.001612
-5.018571 3.462306 0.001612
-5.018571 3.311771 0.001612
-5.018571 3.161236 0.001612
-5.018571 3.010701 0.001612
-5.018571 2.860166 0.001612
-5.018571 2.709631 0.001612
-5.018571 2.559096 0.001612
-5.018571 2.408561 0.001612
-5.018571 2.258026 0.001612
-5.018571 2.107491 0.001612
-5.018571 1.956956 0.001612
-5.018571 1.806421 0.001612
-5.018571 1.655886 0.001612
-5.018571 1.505350 0.001612
-5.018571 1.354815 0.001612
-5.018571 1.204280 0.001612
-5.018571 1.053745 0.001612
-5.018571 0.903210 0.001612
-5.018571 0.752675 0.001612
-5.018571 0.602140 0.001612
-5.018571 0.451605 0.001612
-5.018571 0.301070 0.001612
-5.018571 0.150535 0.001612
-5.018571 0.000000 0.001612
-5.018571 -0.150535 0.001612
-5.018571 -0.301070 0.001612
-5.018571 -0.451605 0.001612
-5.018571 -0.602140 0.001612
-5.018571 -0.752675 0.001612
-5.018571 -0.903210 0.001612
-5.018571 -1.053745 0.001612
-5.018571 -1.204280 0.001612
-5.018571 -1.354815 0.001612
-5.018571 -1.505350 0.001612
-5.018571 -1.655886 0.001612
-5.018571 -1.806421 0.001612
-5.018571 -1.956956 0.001612
-5.018571 -2.107491 0.001612
-5.018571 -2.258026 0.001612
-5.018571 -2.408561 0.001612
-5.018571 -2.559096 0.001612
-5.018571 -2.709631 0.001612
-5.018571 -2.860166 0.001612
-5.018571 -3.010701 0.001612
-5.018571 -3.161236 0.001612
-5.018571 -3.311771 0.001612
-5.018571 -3.462306 0.001612
-5.018571 -3.612841 0.001612
-5.018571 -3.763376 0.001612
-5.018571 -3.913911 0.001612
-5.018571 -4.064446 0.001612
-5.018571 -4.214981 0.001612
-5.018571 -4.365516 0.001612
-5.018571 -4.516051 0.001612
-5.018571 -4.666586 0.001612
-5.018571 -4.817121 0.001612
-5.018571 -4.967657 0.001612
-5.018571 -5.118192 0.001612
-5.018571 -5.268727 0.001612
-5.018571 -5.419262 0.001612
-5.018571 -5.569797 0.001612
-5.018571 -5.720332 0.001612
-5.018571 -5.870867 0.001612
-5.018571 -6.021402 0.001612
-5.018571 -6.171937 0.001612
-5.018571 -6.322472 0.001612
-5.018571 -6.473007 0.001612
-5.018571 -6.623542 0.001612
-5.018571 -6.774077 0.001612
-5.018571 -6.924612 0.001612
-5.018571 -7.075147 0.001612
-4.909413 -7.184306 0.001612
-4.800254 -7.293464 0.001612
-4.691096 -7.402623 0.001612
-4.581937 -7.511781 0.001612
-4.472779 -7.620940 0.001612
-4.363620 -7.730098 0.001612
-4.254462 -7.839257 0.001612
-4.145304 -7.948415 0.001612
-4.036145 -8.057574 0.001612
-3.926987 -8.166732 0.001612
-3.817828 -8.275891 0.001612
-3.708670 -8.385049 0.001612
-3.599511 -8.494208 0.001612
-3.490353 -8.603366 0.001612
-3.381194 -8.712525 0.001612
-3.272036 -8.821683 0.001612
-3.162877 -8.930842 0.001612
-3.053719 -9.040000 0.001612
-2.901033 -9.040000 0.001612
-2.748347 -9.040000 0.001612
-2.595661 -9.040000 0.001612
-2.442975 -9.040000 0.001612
-2.290289 -9.040000 0.001612
-2.137603 -9.040000 0.001612
-1.984917 -9.040000 0.001612
-1.832231 -9.040000 0.001612
-1.679545 -9.040000 0.001612
-1.526859 -9.040000 0.001612
-1.374173 -9.040000 0.001612
-1.221487 -9.040000 0.001612
-1.068802 -9.040000 0.001612
-0.916116 -9.040000 0.001612
-0.763430 -9.040000 0.001612
-0.610744 -9.040000 0.001612
-0.458058 -9.040000 0.001612
-0.305372 -9.040000 0.001612
-0.152686 -9.040000 0.001612
0.000000 -9.040000 0.001612
0.152686 -9.040000 0.001612
0.305372 -9.040000 0.001612
0.458058 -9.040000 0.001612
0.610744 -9.040000 0.001612
0.763430 -9.040000 0.001612
0.916116 -9.040000 0.001612
1.068802 -9.040000 0.001612
1.221487 -9.040000 0.001612
1.374173 -9.040000 0.001612
1.526859 -9.040000 0.001612
1.679545 -9.040000 0.001612
1.832231 -9.040000 0.001612
1.984917 -9.040000 0.001612
2.137603 -9.040000 0.001612
2.290289 -9.040000 0.001612
2.442975 -9.040000 0.001612
2.595661 -9.040000 0.001612
2.748347 -9.040000 0.001612
2.901033 -9.040000 0.001612
3.053719 -9.040000 0.001612
3.162877 -8.930842 0.001612
3.272036 -8.821683 0.001612
3.381194 -8.712525 0.001612
3.490353 -8.603366 0.001612
3.599511 -8.494208 0.001612
3.708670 -8.385049 0.001612
3.817828 -8.275891 0.001612
3.926987 -8.166732 0.001612
4.036145 -8.057574 0.001612
4.145304 -7.948415 0.001612
4.254462 -7.839257 0.001612
4.363620 -7.730098 0.001612
4.472779 -7.620940 0.001612
4.581937 -7.511781 0.001612
4.691096 -7.402623 0.001612
4.800254 -7.293464 0.001612
4.909413 -7.184306 0.001612
5.018571 -7.075147 0.001612
5.018571 -6.924612 0.001612
5.018571 -6.774077 0.001612
5.018571 -6.623542 0.001612
5.018571 -6.473007 0.001612
5.018571 -6.322472 0.001612
5.018571 -6.171937 0.001612
5.018571 -6.021402 0.001612
5.018571 -5.870867 0.001612
5.018571 -5.720332 0.001612
5.018571 -5.569797 0.001612
5.018571 -5.419262 0.001612
5.018571 -5.268727 0.001612
5.018571 -5.118192 0.001612
5.018571 -4.967657 0.001612
5.018571 -4.817121 0.001612
5.018571 -4.666586 0.001612
5.018571 -4.516051 0.001612
5.018571 -4.365516 0.001612
5.018571 -4.214981 0.001612
5.018571 -4.064446 0.001612
5.018571 -3.913911 0.001612
5.018571 -3.763376 0.001612
5.018571 -3.612841 0.001612
5.018571 -3.462306 0.001612
5.018571 -3.311771 0.001612
5.018571 -3.161236 0.001612
5.018571 -3.010701 0.001612
5.018571 -2.860166 0.001612
5.018571 -2.709631 0.001612
5.018571 -2.559096 0.001612
5.018571 -2.408561 0.001612
5.018571 -2.258026 0.001612
5.018571 -2.107491 0.001612
5.018571 -1.956956 0.001612
5.018571 -1.806421 0.001612
5.018571 -1.655886 0.001612
5.018571 -1.505350 0.001612
5.018571 -1.354815 0.001612
5.018571 -1.204280 0.001612
5.018571 -1.053745 0.001612
5.018571 -0.903210 0.001612
5.018571 -0.752675 0.001612
5.018571 -0.602140 0.001612
5.018571 -0.451605 0.001612
5.018571 -0.301070 0.001612
5.018571 -0.150535 0.001612
5.018571 0.000000 0.001612
5.018571 0.150535 0.001612
5.018571 0.301070 0.001612
5.018571 0.451605 0.001612
5.018571 0.602140 0.001612
5.018571 0.752675 0.001612
5.018571 0.903210 0.001612
5.018571 1.053745 0.001612
5.018571 1.204280 0.001612
5.018571 1.354815 0.001612
5.018571 1.505350 0.001612
5.018571 1.655886 0.001612
5.018571 1.806421 0.001612
5.018571 1.956956 0.001612
5.018571 2.107491 0.001612
5.018571 2.258026 0.001612
5.018571 2.408561 0.001612
5.018571 2.559096 0.001612
5.018571 2.709631 0.001612
5.018571 2.860166 0.001612
5.018571 3.010701 0.001612
5.018571 3.161236 0.001612
5.018571 3.311771 0.001612
5.018571 3.462306 0.001612
5.018571 3.612841 0.001612
5.018571 3.763376 0.001612
5.018571 3.913911 0.001612
5.018571 4.064446 0.001612
5.018571 4.214981 0.001612
5.018571 4.365516 0.001612
5.018571 4.516051 0.001612
5.018571 4.666586 0.001612
5.018571 4.817121 0.001612
5.018571 4.967657 0.001612
5.018571 5.118192 0.001612
5.018571 5.268727 0.001612
5.018571 5.419262 0.001612
5.018571 5.569797 0.001612
5.018571 5.720332 0.001612
5.018571 5.870867 0.001612
5.018571 6.021402 0.001612
5.018571 6.171937 0.001612
5.018571 6.322472 0.001612
5.018571 6.473007 0.001612
5.018571 6.623542 0.001612
5.018571 6.774077 0.001612
5.018571 6.924612 0.001612
3.138571 6.324853 0.000804
3.019265 6.444160 0.000804
2.899958 6.563466 0.000804
2.780651 6.682773 0.000804
2.661344 6.802080 0.000804
2.542038 6.921387 0.000804
2.422731 7.040693 0.000804
2.303424 7.160000 0.000804
2.149863 7.160000 0.000804
1.996301 7.160000 0.000804
1.842739 7.160000 0.000804
1.689178 7.160000 0.000804
1.535616 7.160000 0.000804
1.382055 7.160000 0.000804
1.228493 7.160000 0.000804
1.074931 7.160000 0.000804
0.921370 7.160000 0.000804
0.767808 7.160000 0.000804
0.614246 7.160000 0.000804
0.460685 7.160000 0.000804
0.307123 7.160000 0.000804
0.153562 7.160000 0.000804
0.000000 7.160000 0.000804
-0.153562 7.160000 0.000804
-0.307123 7.160000 0.000804
-0.460685 7.160000 0.000804
-0.614246 7.160000 0.000804
-0.767808 7.160000 0.000804
-0.921370 7.160000 0.000804
-1.074931 7.160000 0.000804
-1.228493 7.160000 0.000804
-1.382055 7.160000 0.000804
-1.535616 7.160000 0.000804
-1.689178 7.160000 0.000804
-1.842739 7.160000 0.000804
-1.996301 7.160000 0.000804
-2.149863 7.160000 0.000804
-2.303424 7.160000 0.000804
-2.422731 7.040693 0.000804
-2.542038 6.921387 0.000804
-2.661344 6.802080 0.000804
-2.780651 6.682773 0.000804
-2.899958 6.563466 0.000804
-3.019265 6.444160 0.000804
-3.138571 6.324853 0.000804
-3.138571 6.171831 0.000804
-3.138571 6.018810 0.000804
-3.138571 5.865789 0.000804
-3.138571 5.712767 0.000804
-3.138571 5.559746 0.000804
-3.138571 5.406725 0.000804
-3.138571 5.253703 0.000804
-3.138571 5.100682 0.000804
-3.138571 4.947660 0.000804
-3.138571 4.794639 0.000804
-3.138571 4.641618 0.000804
-3.138571 4.488596 0.000804
-3.138571 4.335575 0.000804
-3.138571 4.182553 0.000804
-3.138571 4.029532 0.000804
-3.138571 3.876511 0.000804
-3.138571 3.723489 0.000804
-3.138571 3.570468 0.000804
-3.138571 3.417447 0.000804
-3.138571 3.264425 0.000804
-3.138571 3.111404 0.000804
-3.138571 2.958382 0.000804
-3.138571 2.805361 0.000804
-3.138571 2.652340 0.000804
-3.138571 2.499318 0.000804
-3.138571 2.346297 0.000804
-3.138571 2.193275 0.000804
-3.138571 2.040254 0.000804
-3.138571 1.887233 0.000804
-3.138571 1.734211 0.000804
-3.138571 1.581190 0.000804
-3.138571 1.428169 0.000804
-3.138571 1.275147 0.000804
-3.019265 1.155840 0.000804
-2.899958 1.036534 0.000804
-2.780651 0.917227 0.000804
-2.661344 0.797920 0.000804
-2.542038 0.678613 0.000804
-2.422731 0.559307 0.000804
-2.303424 0.440000 0.000804
-2.149863 0.440000 0.000804
-1.996301 0.440000 0.000804
-1.842739 0.440000 0.000804
-1.689178 0.440000 0.000804
-1.535616 0.440000 0.000804
-1.382055 0.440000 0.000804
-1.228493 0.440000 0.000804
-1.074931 0.440000 0.000804
-0.921370 0.440000 0.000804
-0.767808 0.440000 0.000804
-0.614246 0.440000 0.000804
-0.460685 0.440000 0.000804
-0.307123 0.440000 0.000804
-0.153562 0.440000 0.000804
0.000000 0.440000 0.000804
0.153562 0.440000 0.000804
0.307123 0.440000 0.000804
0.460685 0.440000 0.000804
0.614246 0.440000 0.000804
0.767808 0.440000 0.000804
0.921370 0.440000 0.000804
1.074931 0.440000 0.000804
1.228493 0.440000 0.000804
1.382055 0.440000 0.000804
1.535616 0.440000 0.000804
1.689178 0.440000 0.000804
1.842739 0.440000 0.000804
1.996301 0.440000 0.000804
2.149863 0.440000 0.000804
2.303424 0.440000 0.000804
2.422731 0.559307 0.000804
2.542038 0.678613 0.000804
2.661344 0.797920 0.000804
2.780651 0.917227 0.000804
2.899958 1.036534 0.000804
3.019265 1.155840 0.000804
3.138571 1.275147 0.000804
3.138571 1.428169 0.000804
3.138571 1.581190 0.000804
3.138571 1.734211 0.000804
3.138571 1.887233 0.000804
3.138571 2.040254 0.000804
3.138571 2.193275 0.000804
3.138571 2.346297 0.000804
3.138571 2.499318 0.000804
3.138571 2.652340 0.000804
3.138571 2.805361 0.000804
3.138571 2.958382 0.000804
3.138571 3.111404 0.000804
3.138571 3.264425 0.000804
3.138571 3.417447 0.000804
3.138571 3.570468 0.000804
3.138571 3.723489 0.000804
3.138571 3.876511 0.000804
3.138571 4.029532 0.000804
3.138571 4.182553 0.000804
3.138571 4.335575 0.000804
3.138571 4.488596 0.000804
3.138571 4.641618 0.000804
3.138571 4.794639 0.000804
3.138571 4.947660 0.000804
3.138571 5.100682 0.000804
3.138571 5.253703 0.000804
3.138571 5.406725 0.000804
3.138571 5.559746 0.000804
3.138571 5.712767 0.000804
3.138571 5.865789 0.000804
3.138571 6.018810 0.000804
3.138571 6.171831 0.000804
3.138571 -1.275147 0.000804
3.019265 -1.155840 0.000804
2.899958 -1.036534 0.000804
2.780651 -0.917227 0.000804
2.661344 -0.797920 0.000804
2.542038 -0.678613 0.000804
2.422731 -0.559307 0.000804
2.303424 -0.440000 0.000804
2.149863 -0.440000 0.000804
1.996301 -0.440000 0.000804
1.842739 -0.440000 0.000804
1.689178 -0.440000 0.000804
1.535616 -0.440000 0.000804
1.382055 -0.440000 0.000804
1.228493 -0.440000 0.000804
1.074931 -0.440000 0.000804
0.921370 -0.440000 0.000804
0.767808 -0.440000 0.000804
0.614246 -0.440000 0.000804
0.460685 -0.440000 0.000804
0.307123 -0.440000 0.000804
0.153562 -0.440000 0.000804
0.000000 -0.440000 0.000804
-0.153562 -0.440000 0.000804
-0.307123 -0.440000 0.000804
-0.460685 -0.440000 0.000804
-0.614246 -0.440000 0.000804
-0.767808 -0.440000 0.000804
-0.921370 -0.440000 0.000804
-1.074931 -0.440000 0.000804
-1.228493 -0.440000 0.000804
-1.382055 -0.440000 0.000804
-1.535616 -0.440000 0.000804
-1.689178 -0.440000 0.000804
-1.842739 -0.440000 0.000804
-1.996301 -0.440000 0.000804
-2.149863 -0.440000 0.000804
-2.303424 -0.440000 0.000804
-2.422731 -0.559307 0.000804
-2.542038 -0.678613 0.000804
-2.661344 -0.797920 0.000804
-2.780651 -0.917227 0.000804
-2.899958 -1.036534 0.000804
-3.019265 -1.155840 0.000804
-3.138571 -1.275147 0.000804
-3.138571 -1.428169 0.000804
-3.138571 -1.581190 0.000804
-3.138571 -1.734211 0.000804
-3.138571 -1.887233 0.000804
-3.138571 -2.040254 0.000804
-3.138571 -2.193275 0.000804
-3.138571 -2.346297 0.000804
-3.138571 -2.499318 0.000804
-3.138571 -2.652340 0.000804
-3.138571 -2.805361 0.000804
-3.138571 -2.958382 0.000804
-3.138571 -3.111404 0.000804
-3.138571 -3.264425 0.000804
-3.138571 -3.417447 0.000804
-3.138571 -3.570468 0.000804
-3.138571 -3.723489 0.000804
-3.138571 -3.876511 0.000804
-3.138571 -4.029532 0.000804
-3.138571 -4.182553 0.000804
-3.138571 -4.335575 0.000804
-3.138571 -4.488596 0.000804
-3.138571 -4.641618 0.000804
-3.138571 -4.794639 0.000804
-3.138571 -4.947660 0.000804
-3.138571 -5.100682 0.000804
-3.138571 -5.253703 0.000804
-3.138571 -5.406725 0.000804
-3.138571 -5.559746 0.000804
-3.138571 -5.712767 0.000804
-3.138571 -5.865789 0.000804
-3.138571 -6.018810 0.000804
-3.138571 -6.171831 0.000804
-3.138571 -6.324853 0.000804
-3.019265 -6.444160 0.000804
-2.899958 -6.563466 0.000804
-2.780651 -6.682773 0.000804
-2.661344 -6.802080 0.000804
-2.542038 -6.921387 0.000804
-2.422731 -7.040693 0.000804
-2.303424 -7.160000 0.000804
-2.149863 -7.160000 0.000804
-1.996301 -7.160000 0.000804
-1.842739 -7.160000 0.000804
-1.689178 -7.160000 0.000804
-1.535616 -7.160000 0.000804
-1.382055 -7.160000 0.000804
-1.228493 -7.160000 0.000804
-1.074931 -7.160000 0.000804
-0.921370 -7.160000 0.000804
-0.767808 -7.160000 0.000804
-0.614246 -7.160000 0.000804
-0.460685 -7.160000 0.000804
-0.307123 -7.160000 0.000804
-0.153562 -7.160000 0.000804
0.000000 -7.160000 0.000804
0.153562 -7.160000 0.000804
0.307123 -7.160000 0.000804
0.460685 -7.160000 0.000804
0.614246 -7.160000 0.000804
0.767808 -7.160000 0.000804
0.921370 -7.160000 0.000804
1.074931 -7.160000 0.000804
1.228493 -7.160000 0.000804
1.382055 -7.160000 0.000804
1.535616 -7.160000 0.000804
1.689178 -7.160000 0.000804
1.842739 -7.160000 0.000804
1.996301 -7.160000 0.000804
2.149863 -7.160000 0.000804
2.303424 -7.160000 0.000804
2.422731 -7.040693 0.000804
2.542038 -6.921387 0.000804
2.661344 -6.802080 0.000804
2.780651 -6.682773 0.000804
2.899958 -6.563466 0.000804
3.019265 -6.444160 0.000804
3.138571 -6.324853 0.000804
3.138571 -6.171831 0.000804
3.138571 -6.018810 0.000804
3.138571 -5.865789 0.000804
3.138571 -5.712767 0.000804
3.138571 -5.559746 0.000804
3.138571 -5.406725 0.000804
3.138571 -5.253703 0.000804
3.138571 -5.100682 0.000804
3.138571 -4.947660 0.000804
3.138571 -4.794639 0.000804
3.138571 -4.641618 0.000804
3.138571 -4.488596 0.000804
3.138571 -4.335575 0.000804
3.138571 -4.182553 0.000804
3.138571 -4.029532 0.000804
3.138571 -3.876511 0.000804
3.138571 -3.723489 0.000804
3.138571 -3.570468 0.000804
3.138571 -3.417447 0.000804
3.138571 -3.264425 0.000804
3.138571 -3.111404 0.000804
3.138571 -2.958382 0.000804
3.138571 -2.805361 0.000804
3.138571 -2.652340 0.000804
3.138571 -2.499318 0.000804
3.138571 -2.346297 0.000804
3.138571 -2.193275 0.000804
3.138571 -2.040254 0.000804
3.138571 -1.887233 0.000804
3.138571 -1.734211 0.000804
3.138571 -1.581190 0.000804
3.138571 -1.428169 0.000804
