4.938437 7.197708 0.018690
4.718167 7.417978 0.018690
4.497897 7.638248 0.018690
4.277628 7.858517 0.018690
4.057358 8.078787 0.018690
3.837089 8.299056 0.018690
3.616819 8.519326 0.018690
3.396549 8.739596 0.018690
3.176280 8.959865 0.018690
2.912838 9.070000 0.018397
2.606223 9.070000 0.018397
2.299609 9.070000 0.018397
1.992994 9.070000 0.018397
1.686380 9.070000 0.018397
1.379765 9.070000 0.018397
1.073151 9.070000 0.018397
0.766536 9.070000 0.018397
0.459922 9.070000 0.018397
0.153307 9.070000 0.018397
-0.153307 9.070000 0.018397
-0.459922 9.070000 0.018397
-0.766536 9.070000 0.018397
-1.073151 9.070000 0.018397
-1.379765 9.070000 0.018397
-1.686380 9.070000 0.018397
-1.992994 9.070000 0.018397
-2.299609 9.070000 0.018397
-2.606223 9.070000 0.018397
-2.912838 9.070000 0.018397
-3.176280 8.959865 0.018690
-3.396549 8.739596 0.018690
-3.616819 8.519326 0.018690
-3.837089 8.299056 0.018690
-4.057358 8.078787 0.018690
-4.277628 7.858517 0.018690
-4.497897 7.638248 0.018690
-4.718167 7.417978 0.018690
-4.938437 7.197708 0.018690
-5.048571 6.936774 0.018096
-5.048571 6.635175 0.018096
-5.048571 6.333576 0.018096
-5.048571 6.031978 0.018096
-5.048571 5.730379 0.018096
-5.048571 5.428780 0.018096
-5.048571 5.127181 0.018096
-5.048571 4.825582 0.018096
-5.048571 4.523983 0.018096
-5.048571 4.222384 0.018096
-5.048571 3.920785 0.018096
-5.048571 3.619187 0.018096
-5.048571 3.317588 0.018096
-5.048571 3.015989 0.018096
-5.048571 2.714390 0.018096
-5.048571 2.412791 0.018096
-5.048571 2.111192 0.018096
-5.048571 1.809593 0.018096
-5.048571 1.507994 0.018096
-5.048571 1.206396 0.018096
-5.048571 0.904797 0.018096
-5.048571 0.603198 0.018096
-5.048571 0.301599 0.018096
-5.048571 0.000000 0.018096
-5.048571 -0.301599 0.018096
-5.048571 -0.603198 0.018096
-5.048571 -0.904797 0.018096
-5.048571 -1.206396 0.018096
-5.048571 -1.507994 0.018096
-5.048571 -1.809593 0.018096
-5.048571 -2.111192 0.018096
-5.048571 -2.412791 0.018096
-5.048571 -2.714390 0.018096
-5.048571 -3.015989 0.018096
-5.048571 -3.317588 0.018096
-5.048571 -3.619187 0.018096
-5.048571 -3.920785 0.018096
-5.048571 -4.222384 0.018096
-5.048571 -4.523983 0.018096
-5.048571 -4.825582 0.018096
-5.048571 -5.127181 0.018096
-5.048571 -5.428780 0.018096
-5.048571 -5.730379 0.018096
-5.048571 -6.031978 0.018096
-5.048571 -6.333576 0.018096
-5.048571 -6.635175 0.018096
-5.048571 -6.936774 0.018096
-4.938437 -7.197708 0.018690
-4.718167 -7.417978 0.018690
-4.497897 -7.638248 0.018690
-4.277628 -7.858517 0.018690
-4.057358 -8.078787 0.018690
-3.837089 -8.299056 0.018690
-3.616819 -8.519326 0.018690
-3.396549 -8.739596 0.018690
-3.176280 -8.959865 0.018690
-2.912838 -9.070000 0.018397
-2.606223 -9.070000 0.018397
-2.299609 -9.070000 0.018397
-1.992994 -9.070000 0.018397
-1.686380 -9.070000 0.018397
-1.379765 -9.070000 0.018397
-1.073151 -9.070000 0.018397
-0.766536 -9.070000 0.018397
-0.459922 -9.070000 0.018397
-0.153307 -9.070000 0.018397
0.153307 -9.070000 0.018397
0.459922 -9.070000 0.018397
0.766536 -9.070000 0.018397
1.073151 -9.070000 0.018397
1.379765 -9.070000 0.018397
1.686380 -9.070000 0.018397
1.992994 -9.070000 0.018397
2.299609 -9.070000 0.018397
2.606223 -9.070000 0.018397
2.912838 -9.070000 0.018397
3.176280 -8.959865 0.018690
3.396549 -8.739596 0.018690
3.616819 -8.519326 0.018690
3.837089 -8.299056 0.018690
4.057358 -8.078787 0.018690
4.277628 -7.858517 0.018690
4.497897 -7.638248 0.018690
4.718167 -7.417978 0.018690
4.938437 -7.197708 0.018690
5.048571 -6.936774 0.018096
5.048571 -6.635175 0.018096
5.048571 -6.333576 0.018096
5.048571 -6.031978 0.018096
5.048571 -5.730379 0.018096
5.048571 -5.428780 0.018096
5.048571 -5.127181 0.018096
5.048571 -4.825582 0.018096
5.048571 -4.523983 0.018096
5.048571 -4.222384 0.018096
5.048571 -3.920785 0.018096
5.048571 -3.619187 0.018096
5.048571 -3.317588 0.018096
5.048571 -3.015989 0.018096
5.048571 -2.714390 0.018096
5.048571 -2.412791 0.018096
5.048571 -2.111192 0.018096
5.048571 -1.809593 0.018096
5.048571 -1.507994 0.018096
5.048571 -1.206396 0.018096
5.048571 -0.904797 0.018096
5.048571 -0.603198 0.018096
5.048571 -0.301599 0.018096
5.048571 0.000000 0.018096
5.048571 0.301599 0.018096
5.048571 0.603198 0.018096
5.048571 0.904797 0.018096
5.048571 1.206396 0.018096
5.048571 1.507994 0.018096
5.048571 1.809593 0.018096
5.048571 2.111192 0.018096
5.048571 2.412791 0.018096
5.048571 2.714390 0.018096
5.048571 3.015989 0.018096
5.048571 3.317588 0.018096
5.048571 3.619187 0.018096
5.048571 3.920785 0.018096
5.048571 4.222384 0.018096
5.048571 4.523983 0.018096
5.048571 4.825582 0.018096
5.048571 5.127181 0.018096
5.048571 5.428780 0.018096
5.048571 5.730379 0.018096
5.048571 6.031978 0.018096
5.048571 6.333576 0.018096
5.048571 6.635175 0.018096
5.048571 6.936774 0.018096
2.972309 6.448689 0.023124
2.699785 6.721213 0.023124
2.427260 6.993738 0.023124
2.138265 7.130000 0.018328
1.832798 7.130000 0.018328
1.527332 7.130000 0.018328
1.221866 7.130000 0.018328
0.916399 7.130000 0.018328
0.610933 7.130000 0.018328
0.305466 7.130000 0.018328
0.000000 7.130000 0.018328
-0.305466 7.130000 0.018328
-0.610933 7.130000 0.018328
-0.916399 7.130000 0.018328
-1.221866 7.130000 0.018328
-1.527332 7.130000 0.018328
-1.832798 7.130000 0.018328
-2.138265 7.130000 0.018328
-2.427260 6.993738 0.023124
-2.699785 6.721213 0.023124
-2.972309 6.448689 0.023124
-3.108571 6.155400 0.018843
-3.108571 5.841346 0.018843
-3.108571 5.527293 0.018843
-3.108571 5.213240 0.018843
-3.108571 4.899187 0.018843
-3.108571 4.585133 0.018843
-3.108571 4.271080 0.018843
-3.108571 3.957027 0.018843
-3.108571 3.642973 0.018843
-3.108571 3.328920 0.018843
-3.108571 3.014867 0.018843
-3.108571 2.700813 0.018843
-3.108571 2.386760 0.018843
-3.108571 2.072707 0.018843
-3.108571 1.758654 0.018843
-3.108571 1.444600 0.018843
-2.972309 1.151311 0.023124
-2.699785 0.878787 0.023124
-2.427260 0.606262 0.023124
-2.138265 0.470000 0.018328
-1.832798 0.470000 0.018328
-1.527332 0.470000 0.018328
-1.221866 0.470000 0.018328
-0.916399 0.470000 0.018328
-0.610933 0.470000 0.018328
-0.305466 0.470000 0.018328
0.000000 0.470000 0.018328
0.305466 0.470000 0.018328
0.610933 0.470000 0.018328
0.916399 0.470000 0.018328
1.221866 0.470000 0.018328
1.527332 0.470000 0.018328
1.832798 0.470000 0.018328
2.138265 0.470000 0.018328
2.427260 0.606262 0.023124
2.699785 0.878787 0.023124
2.972309 1.151311 0.023124
3.108571 1.444600 0.018843
3.108571 1.758654 0.018843
3.108571 2.072707 0.018843
3.108571 2.386760 0.018843
3.108571 2.700813 0.018843
3.108571 3.014867 0.018843
3.108571 3.328920 0.018843
3.108571 3.642973 0.018843
3.108571 3.957027 0.018843
3.108571 4.271080 0.018843
3.108571 4.585133 0.018843
3.108571 4.899187 0.018843
3.108571 5.213240 0.018843
3.108571 5.527293 0.018843
3.108571 5.841346 0.018843
3.108571 6.155400 0.018843
2.972309 -1.151311 0.023124
2.699785 -0.878787 0.023124
2.427260 -0.606262 0.023124
2.138265 -0.470000 0.018328
1.832798 -0.470000 0.018328
1.527332 -0.470000 0.018328
1.221866 -0.470000 0.018328
0.916399 -0.470000 0.018328
0.610933 -0.470000 0.018328
0.305466 -0.470000 0.018328
0.000000 -0.470000 0.018328
-0.305466 -0.470000 0.018328
-0.610933 -0.470000 0.018328
-0.916399 -0.470000 0.018328
-1.221866 -0.470000 0.018328
-1.527332 -0.470000 0.018328
-1.832798 -0.470000 0.018328
-2.138265 -0.470000 0.018328
-2.427260 -0.606262 0.023124
-2.699785 -0.878787 0.023124
-2.972309 -1.151311 0.023124
-3.108571 -1.444600 0.018843
-3.108571 -1.758654 0.018843
-3.108571 -2.072707 0.018843
-3.108571 -2.386760 0.018843
-3.108571 -2.700813 0.018843
-3.108571 -3.014867 0.018843
-3.108571 -3.328920 0.018843
-3.108571 -3.642973 0.018843
-3.108571 -3.957027 0.018843
-3.108571 -4.271080 0.018843
-3.108571 -4.585133 0.018843
-3.108571 -4.899187 0.018843
-3.108571 -5.213240 0.018843
-3.108571 -5.527293 0.018843
-3.108571 -5.841346 0.018843
-3.108571 -6.155400 0.018843
-2.972309 -6.448689 0.023124
-2.699785 -6.721213 0.023124
-2.427260 -6.993738 0.023124
-2.138265 -7.130000 0.018328
-1.832798 -7.130000 0.018328
-1.527332 -7.130000 0.018328
-1.221866 -7.130000 0.018328
-0.916399 -7.130000 0.018328
-0.610933 -7.130000 0.018328
-0.305466 -7.130000 0.018328
0.000000 -7.130000 0.018328
0.305466 -7.130000 0.018328
0.610933 -7.130000 0.018328
0.916399 -7.130000 0.018328
1.221866 -7.130000 0.018328
1.527332 -7.130000 0.018328
1.832798 -7.130000 0.018328
2.138265 -7.130000 0.018328
2.427260 -6.993738 0.023124
2.699785 -6.721213 0.023124
2.972309 -6.448689 0.023124
3.108571 -6.155400 0.018843
3.108571 -5.841346 0.018843
3.108571 -5.527293 0.018843
3.108571 -5.213240 0.018843
3.108571 -4.899187 0.018843
3.108571 -4.585133 0.018843
3.108571 -4.271080 0.018843
3.108571 -3.957027 0.018843
3.108571 -3.642973 0.018843
3.108571 -3.328920 0.018843
3.108571 -3.014867 0.018843
3.108571 -2.700813 0.018843
3.108571 -2.386760 0.018843
3.108571 -2.072707 0.018843
3.108571 -1.758654 0.018843
3.108571 -1.444600 0.018843
