5.517008 7.647708 0.018690
5.296738 7.867978 0.018690
5.076469 8.088248 0.018690
4.856199 8.308517 0.018690
4.635930 8.528787 0.018690
4.415660 8.749056 0.018690
4.195390 8.969326 0.018690
3.975121 9.189596 0.018690
3.754851 9.409865 0.018690
3.492853 9.520000 0.018224
3.189127 9.520000 0.018224
2.885401 9.520000 0.018224
2.581674 9.520000 0.018224
2.277948 9.520000 0.018224
1.974221 9.520000 0.018224
1.670495 9.520000 0.018224
1.366769 9.520000 0.018224
1.063042 9.520000 0.018224
0.759316 9.520000 0.018224
0.455590 9.520000 0.018224
0.151863 9.520000 0.018224
-0.151863 9.520000 0.018224
-0.455590 9.520000 0.018224
-0.759316 9.520000 0.018224
-1.063042 9.520000 0.018224
-1.366769 9.520000 0.018224
-1.670495 9.520000 0.018224
-1.974221 9.520000 0.018224
-2.277948 9.520000 0.018224
-2.581674 9.520000 0.018224
-2.885401 9.520000 0.018224
-3.189127 9.520000 0.018224
-3.492853 9.520000 0.018224
-3.754851 9.409865 0.018690
-3.975121 9.189596 0.018690
-4.195390 8.969326 0.018690
-4.415660 8.749056 0.018690
-4.635930 8.528787 0.018690
-4.856199 8.308517 0.018690
-5.076469 8.088248 0.018690
-5.296738 7.867978 0.018690
-5.517008 7.647708 0.018690
-5.627143 7.386822 0.018090
-5.627143 7.085319 0.018090
-5.627143 6.783816 0.018090
-5.627143 6.482313 0.018090
-5.627143 6.180810 0.018090
-5.627143 5.879307 0.018090
-5.627143 5.577804 0.018090
-5.627143 5.276302 0.018090
-5.627143 4.974799 0.018090
-5.627143 4.673296 0.018090
-5.627143 4.371793 0.018090
-5.627143 4.070290 0.018090
-5.627143 3.768787 0.018090
-5.627143 3.467284 0.018090
-5.627143 3.165781 0.018090
-5.627143 2.864278 0.018090
-5.627143 2.562775 0.018090
-5.627143 2.261272 0.018090
-5.627143 1.959769 0.018090
-5.627143 1.658266 0.018090
-5.627143 1.356763 0.018090
-5.627143 1.055260 0.018090
-5.627143 0.753757 0.018090
-5.627143 0.452254 0.018090
-5.627143 0.150751 0.018090
-5.627143 -0.150751 0.018090
-5.627143 -0.452254 0.018090
-5.627143 -0.753757 0.018090
-5.627143 -1.055260 0.018090
-5.627143 -1.356763 0.018090
-5.627143 -1.658266 0.018090
-5.627143 -1.959769 0.018090
-5.627143 -2.261272 0.018090
-5.627143 -2.562775 0.018090
-5.627143 -2.864278 0.018090
-5.627143 -3.165781 0.018090
-5.627143 -3.467284 0.018090
-5.627143 -3.768787 0.018090
-5.627143 -4.070290 0.018090
-5.627143 -4.371793 0.018090
-5.627143 -4.673296 0.018090
-5.627143 -4.974799 0.018090
-5.627143 -5.276302 0.018090
-5.627143 -5.577804 0.018090
-5.627143 -5.879307 0.018090
-5.627143 -6.180810 0.018090
-5.627143 -6.482313 0.018090
-5.627143 -6.783816 0.018090
-5.627143 -7.085319 0.018090
-5.627143 -7.386822 0.018090
-5.517008 -7.647708 0.018690
-5.296738 -7.867978 0.018690
-5.076469 -8.088248 0.018690
-4.856199 -8.308517 0.018690
-4.635930 -8.528787 0.018690
-4.415660 -8.749056 0.018690
-4.195390 -8.969326 0.018690
-3.975121 -9.189596 0.018690
-3.754851 -9.409865 0.018690
-3.492853 -9.520000 0.018224
-3.189127 -9.520000 0.018224
-2.885401 -9.520000 0.018224
-2.581674 -9.520000 0.018224
-2.277948 -9.520000 0.018224
-1.974221 -9.520000 0.018224
-1.670495 -9.520000 0.018224
-1.366769 -9.520000 0.018224
-1.063042 -9.520000 0.018224
-0.759316 -9.520000 0.018224
-0.455590 -9.520000 0.018224
-0.151863 -9.520000 0.018224
0.151863 -9.520000 0.018224
0.455590 -9.520000 0.018224
0.759316 -9.520000 0.018224
1.063042 -9.520000 0.018224
1.366769 -9.520000 0.018224
1.670495 -9.520000 0.018224
1.974221 -9.520000 0.018224
2.277948 -9.520000 0.018224
2.581674 -9.520000 0.018224
2.885401 -9.520000 0.018224
3.189127 -9.520000 0.018224
3.492853 -9.520000 0.018224
3.754851 -9.409865 0.018690
3.975121 -9.189596 0.018690
4.195390 -8.969326 0.018690
4.415660 -8.749056 0.018690
4.635930 -8.528787 0.018690
4.856199 -8.308517 0.018690
5.076469 -8.088248 0.018690
5.296738 -7.867978 0.018690
5.517008 -7.647708 0.018690
5.627143 -7.386822 0.018090
5.627143 -7.085319 0.018090
5.627143 -6.783816 0.018090
5.627143 -6.482313 0.018090
5.627143 -6.180810 0.018090
5.627143 -5.879307 0.018090
5.627143 -5.577804 0.018090
5.627143 -5.276302 0.018090
5.627143 -4.974799 0.018090
5.627143 -4.673296 0.018090
5.627143 -4.371793 0.018090
5.627143 -4.070290 0.018090
5.627143 -3.768787 0.018090
5.627143 -3.467284 0.018090
5.627143 -3.165781 0.018090
5.627143 -2.864278 0.018090
5.627143 -2.562775 0.018090
5.627143 -2.261272 0.018090
5.627143 -1.959769 0.018090
5.627143 -1.658266 0.018090
5.627143 -1.356763 0.018090
5.627143 -1.055260 0.018090
5.627143 -0.753757 0.018090
5.627143 -0.452254 0.018090
5.627143 -0.150751 0.018090
5.627143 0.150751 0.018090
5.627143 0.452254 0.018090
5.627143 0.753757 0.018090
5.627143 1.055260 0.018090
5.627143 1.356763 0.018090
5.627143 1.658266 0.018090
5.627143 1.959769 0.018090
5.627143 2.261272 0.018090
5.627143 2.562775 0.018090
5.627143 2.864278 0.018090
5.627143 3.165781 0.018090
5.627143 3.467284 0.018090
5.627143 3.768787 0.018090
5.627143 4.070290 0.018090
5.627143 4.371793 0.018090
5.627143 4.673296 0.018090
5.627143 4.974799 0.018090
5.627143 5.276302 0.018090
5.627143 5.577804 0.018090
5.627143 5.879307 0.018090
5.627143 6.180810 0.018090
5.627143 6.482313 0.018090
5.627143 6.783816 0.018090
5.627143 7.085319 0.018090
5.627143 7.386822 0.018090
3.550881 6.898689 0.023124
3.278356 7.171213 0.023124
3.005832 7.443738 0.023124
2.718539 7.580000 0.018124
2.416479 7.580000 0.018124
2.114419 7.580000 0.018124
1.812360 7.580000 0.018124
1.510300 7.580000 0.018124
1.208240 7.580000 0.018124
0.906180 7.580000 0.018124
0.604120 7.580000 0.018124
0.302060 7.580000 0.018124
0.000000 7.580000 0.018124
-0.302060 7.580000 0.018124
-0.604120 7.580000 0.018124
-0.906180 7.580000 0.018124
-1.208240 7.580000 0.018124
-1.510300 7.580000 0.018124
-1.812360 7.580000 0.018124
-2.114419 7.580000 0.018124
-2.416479 7.580000 0.018124
-2.718539 7.580000 0.018124
-3.005832 7.443738 0.023124
-3.278356 7.171213 0.023124
-3.550881 6.898689 0.023124
-3.687143 6.610347 0.018250
-3.687143 6.306189 0.018250
-3.687143 6.002030 0.018250
-3.687143 5.697872 0.018250
-3.687143 5.393713 0.018250
-3.687143 5.089555 0.018250
-3.687143 4.785396 0.018250
-3.687143 4.481238 0.018250
-3.687143 4.177079 0.018250
-3.687143 3.872921 0.018250
-3.687143 3.568762 0.018250
-3.687143 3.264604 0.018250
-3.687143 2.960445 0.018250
-3.687143 2.656287 0.018250
-3.687143 2.352128 0.018250
-3.687143 2.047970 0.018250
-3.687143 1.743811 0.018250
-3.687143 1.439653 0.018250
-3.550881 1.151311 0.023124
-3.278356 0.878787 0.023124
-3.005832 0.606262 0.023124
-2.718539 0.470000 0.018124
-2.416479 0.470000 0.018124
-2.114419 0.470000 0.018124
-1.812360 0.470000 0.018124
-1.510300 0.470000 0.018124
-1.208240 0.470000 0.018124
-0.906180 0.470000 0.018124
-0.604120 0.470000 0.018124
-0.302060 0.470000 0.018124
0.000000 0.470000 0.018124
0.302060 0.470000 0.018124
0.604120 0.470000 0.018124
0.906180 0.470000 0.018124
1.208240 0.470000 0.018124
1.510300 0.470000 0.018124
1.812360 0.470000 0.018124
2.114419 0.470000 0.018124
2.416479 0.470000 0.018124
2.718539 0.470000 0.018124
3.005832 0.606262 0.023124
3.278356 0.878787 0.023124
3.550881 1.151311 0.023124
3.687143 1.439653 0.018250
3.687143 1.743811 0.018250
3.687143 2.047970 0.018250
3.687143 2.352128 0.018250
3.687143 2.656287 0.018250
3.687143 2.960445 0.018250
3.687143 3.264604 0.018250
3.687143 3.568762 0.018250
3.687143 3.872921 0.018250
3.687143 4.177079 0.018250
3.687143 4.481238 0.018250
3.687143 4.785396 0.018250
3.687143 5.089555 0.018250
3.687143 5.393713 0.018250
3.687143 5.697872 0.018250
3.687143 6.002030 0.018250
3.687143 6.306189 0.018250
3.687143 6.610347 0.018250
3.550881 -1.151311 0.023124
3.278356 -0.878787 0.023124
3.005832 -0.606262 0.023124
2.718539 -0.470000 0.018124
2.416479 -0.470000 0.018124
2.114419 -0.470000 0.018124
1.812360 -0.470000 0.018124
1.510300 -0.470000 0.018124
1.208240 -0.470000 0.018124
0.906180 -0.470000 0.018124
0.604120 -0.470000 0.018124
0.302060 -0.470000 0.018124
-0.000000 -0.470000 0.018124
-0.302060 -0.470000 0.018124
-0.604120 -0.470000 0.018124
-0.906180 -0.470000 0.018124
-1.208240 -0.470000 0.018124
-1.510300 -0.470000 0.018124
-1.812360 -0.470000 0.018124
-2.114419 -0.470000 0.018124
-2.416479 -0.470000 0.018124
-2.718539 -0.470000 0.018124
-3.005832 -0.606262 0.023124
-3.278356 -0.878787 0.023124
-3.550881 -1.151311 0.023124
-3.687143 -1.439653 0.018250
-3.687143 -1.743811 0.018250
-3.687143 -2.047970 0.018250
-3.687143 -2.352128 0.018250
-3.687143 -2.656287 0.018250
-3.687143 -2.960445 0.018250
-3.687143 -3.264604 0.018250
-3.687143 -3.568762 0.018250
-3.687143 -3.872921 0.018250
-3.687143 -4.177079 0.018250
-3.687143 -4.481238 0.018250
-3.687143 -4.785396 0.018250
-3.687143 -5.089555 0.018250
-3.687143 -5.393713 0.018250
-3.687143 -5.697872 0.018250
-3.687143 -6.002030 0.018250
-3.687143 -6.306189 0.018250
-3.687143 -6.610347 0.018250
-3.550881 -6.898689 0.023124
-3.278356 -7.171213 0.023124
-3.005832 -7.443738 0.023124
-2.718539 -7.580000 0.018124
-2.416479 -7.580000 0.018124
-2.114419 -7.580000 0.018124
-1.812360 -7.580000 0.018124
-1.510300 -7.580000 0.018124
-1.208240 -7.580000 0.018124
-0.906180 -7.580000 0.018124
-0.604120 -7.580000 0.018124
-0.302060 -7.580000 0.018124
0.000000 -7.580000 0.018124
0.302060 -7.580000 0.018124
0.604120 -7.580000 0.018124
0.906180 -7.580000 0.018124
1.208240 -7.580000 0.018124
1.510300 -7.580000 0.018124
1.812360 -7.580000 0.018124
2.114419 -7.580000 0.018124
2.416479 -7.580000 0.018124
2.718539 -7.580000 0.018124
3.005832 -7.443738 0.023124
3.278356 -7.171213 0.023124
3.550881 -6.898689 0.023124
3.687143 -6.610347 0.018250
3.687143 -6.306189 0.018250
3.687143 -6.002030 0.018250
3.687143 -5.697872 0.018250
3.687143 -5.393713 0.018250
3.687143 -5.089555 0.018250
3.687143 -4.785396 0.018250
3.687143 -4.481238 0.018250
3.687143 -4.177079 0.018250
3.687143 -3.872921 0.018250
3.687143 -3.568762 0.018250
3.687143 -3.264604 0.018250
3.687143 -2.960445 0.018250
3.687143 -2.656287 0.018250
3.687143 -2.352128 0.018250
3.687143 -2.047970 0.018250
3.687143 -1.743811 0.018250
3.687143 -1.439653 0.018250
