5.307857 7.300147 0.001612
5.198699 7.409306 0.001612
5.089540 7.518464 0.001612
4.980382 7.627623 0.001612
4.871223 7.736781 0.001612
4.762065 7.845940 0.001612
4.652906 7.955098 0.001612
4.543748 8.064257 0.001612
4.434589 8.173415 0.001612
4.325431 8.282574 0.001612
4.216272 8.391732 0.001612
4.107114 8.500891 0.001612
3.997955 8.610049 0.001612
3.888797 8.719208 0.001612
3.779638 8.828366 0.001612
3.670480 8.937525 0.001612
3.561321 9.046683 0.001612
3.452163 9.155842 0.001612
3.343004 9.265000 0.001612
3.191050 9.265000 0.001612
3.039095 9.265000 0.001612
2.887140 9.265000 0.001612
2.735185 9.265000 0.001612
2.583231 9.265000 0.001612
2.431276 9.265000 0.001612
2.279321 9.265000 0.001612
2.127366 9.265000 0.001612
1.975412 9.265000 0.001612
1.823457 9.265000 0.001612
1.671502 9.265000 0.001612
1.519547 9.265000 0.001612
1.367593 9.265000 0.001612
1.215638 9.265000 0.001612
1.063683 9.265000 0.001612
0.911728 9.265000 0.001612
0.759774 9.265000 0.001612
0.607819 9.265000 0.001612
0.455864 9.265000 0.001612
0.303909 9.265000 0.001612
0.151955 9.265000 0.001612
0.000000 9.265000 0.001612
-0.151955 9.265000 0.001612
-0.303909 9.265000 0.001612
-0.455864 9.265000 0.001612
-0.607819 9.265000 0.001612
-0.759774 9.265000 0.001612
-0.911728 9.265000 0.001612
-1.063683 9.265000 0.001612
-1.215638 9.265000 0.001612
-1.367593 9.265000 0.001612
-1.519547 9.265000 0.001612
-1.671502 9.265000 0.001612
-1.823457 9.265000 0.001612
-1.975412 9.265000 0.001612
-2.127366 9.265000 0.001612
-2.279321 9.265000 0.001612
-2.431276 9.265000 0.001612
-2.583231 9.265000 0.001612
-2.735185 9.265000 0.001612
-2.887140 9.265000 0.001612
-3.039095 9.265000 0.001612
-3.191050 9.265000 0.001612
-3.343004 9.265000 0.001612
-3.452163 9.155842 0.001612
-3.561321 9.046683 0.001612
-3.670480 8.937525 0.001612
-3.779638 8.828366 0.001612
-3.888797 8.719208 0.001612
-3.997955 8.610049 0.001612
-4.107114 8.500891 0.001612
-4.216272 8.391732 0.001612
-4.325431 8.282574 0.001612
-4.434589 8.173415 0.001612
-4.543748 8.064257 0.001612
-4.652906 7.955098 0.001612
-4.762065 7.845940 0.001612
-4.871223 7.736781 0.001612
-4.980382 7.627623 0.001612
-5.089540 7.518464 0.001612
-5.198699 7.409306 0.001612
-5.307857 7.300147 0.001612
-5.307857 7.149629 0.001612
-5.307857 6.999110 0.001612
-5.307857 6.848592 0.001612
-5.307857 6.698073 0.001612
-5.307857 6.547555 0.001612
-5.307857 6.397036 0.001612
-5.307857 6.246518 0.001612
-5.307857 6.095999 0.001612
-5.307857 5.945481 0.001612
-5.307857 5.794962 0.001612
-5.307857 5.644444 0.001612
-5.307857 5.493925 0.001612
-5.307857 5.343407 0.001612
-5.307857 5.192888 0.001612
-5.307857 5.042370 0.001612
-5.307857 4.891851 0.001612
-5.307857 4.741333 0.001612
-5.307857 4.590814 0.001612
-5.307857 4.440296 0.001612
-5.307857 4.289777 0.001612
-5.307857 4.139259 0.001612
-5.307857 3.988740 0.001612
-5.307857 3.838222 0.001612
-5.307857 3.687703 0.001612
-5.307857 3.537185 0.001612
-5.307857 3.386666 0.001612
-5.307857 3.236148 0.001612
-5.307857 3.085629 0.001612
-5.307857 2.935111 0.001612
-5.307857 2.784592 0.001612
-5.307857 2.634074 0.001612
-5.307857 2.483555 0.001612
-5.307857 2.333037 0.001612
-5.307857 2.182518 0.001612
-5.307857 2.032000 0.001612
-5.307857 1.881481 0.001612
-5.307857 1.730963 0.001612
-5.307857 1.580444 0.001612
-5.307857 1.429926 0.001612
-5.307857 1.279407 0.001612
-5.307857 1.128889 0.001612
-5.307857 0.978370 0.001612
-5.307857 0.827852 0.001612
-5.307857 0.677333 0.001612
-5.307857 0.526815 0.001612
-5.307857 0.376296 0.001612
-5.307857 0.225778 0.001612
-5.307857 0.075259 0.001612
-5.307857 -0.075259 0.001612
-5.307857 -0.225778 0.001612
-5.307857 -0.376296 0.001612
-5.307857 -0.526815 0.001612
-5.307857 -0.677333 0.001612
-5.307857 -0.827852 0.001612
-5.307857 -0.978370 0.001612
-5.307857 -1.128889 0.001612
-5.307857 -1.279407 0.001612
-5.307857 -1.429926 0.001612
-5.307857 -1.580444 0.001612
-5.307857 -1.730963 0.001612
-5.307857 -1.881481 0.001612
-5.307857 -2.032000 0.001612
-5.307857 -2.182518 0.001612
-5.307857 -2.333037 0.001612
-5.307857 -2.483555 0.001612
-5.307857 -2.634074 0.001612
-5.307857 -2.784592 0.001612
-5.307857 -2.935111 0.001612
-5.307857 -3.085629 0.001612
-5.307857 -3.236148 0.001612
-5.307857 -3.386666 0.001612
-5.307857 -3.537185 0.001612
-5.307857 -3.687703 0.001612
-5.307857 -3.838222 0.001612
-5.307857 -3.988740 0.001612
-5.307857 -4.139259 0.001612
-5.307857 -4.289777 0.001612
-5.307857 -4.440296 0.001612
-5.307857 -4.590814 0.001612
-5.307857 -4.741333 0.001612
-5.307857 -4.891851 0.001612
-5.307857 -5.042370 0.001612
-5.307857 -5.192888 0.001612
-5.307857 -5.343407 0.001612
-5.307857 -5.493925 0.001612
-5.307857 -5.644444 0.001612
-5.307857 -5.794962 0.001612
-5.307857 -5.945481 0.001612
-5.307857 -6.095999 0.001612
-5.307857 -6.246518 0.001612
-5.307857 -6.397036 0.001612
-5.307857 -6.547555 0.001612
-5.307857 -6.698073 0.001612
-5.307857 -6.848592 0.001612
-5.307857 -6.999110 0.001612
-5.307857 -7.149629 0.001612
-5.307857 -7.300147 0.001612
-5.198699 -7.409306 0.001612
-5.089540 -7.518464 0.001612
-4.980382 -7.627623 0.001612
-4.871223 -7.736781 0.001612
-4.762065 -7.845940 0.001612
-4.652906 -7.955098 0.001612
-4.543748 -8.064257 0.001612
-4.434589 -8.173415 0.001612
-4.325431 -8.282574 0.001612
-4.216272 -8.391732 0.001612
-4.107114 -8.500891 0.001612
-3.997955 -8.610049 0.001612
-3.888797 -8.719208 0.001612
-3.779638 -8.828366 0.001612
-3.670480 -8.937525 0.001612
-3.561321 -9.046683 0.001612
-3.452163 -9.155842 0.001612
-3.343004 -9.265000 0.001612
-3.191050 -9.265000 0.001612
-3.039095 -9.265000 0.001612
-2.887140 -9.265000 0.001612
-2.735185 -9.265000 0.001612
-2.583231 -9.265000 0.001612
-2.431276 -9.265000 0.001612
-2.279321 -9.265000 0.001612
-2.127366 -9.265000 0.001612
-1.975412 -9.265000 0.001612
-1.823457 -9.265000 0.001612
-1.671502 -9.265000 0.001612
-1.519547 -9.265000 0.001612
-1.367593 -9.265000 0.001612
-1.215638 -9.265000 0.001612
-1.063683 -9.265000 0.001612
-0.911728 -9.265000 0.001612
-0.759774 -9.265000 0.001612
-0.607819 -9.265000 0.001612
-0.455864 -9.265000 0.001612
-0.303909 -9.265000 0.001612
-0.151955 -9.265000 0.001612
0.000000 -9.265000 0.001612
0.151955 -9.265000 0.001612
0.303909 -9.265000 0.001612
0.455864 -9.265000 0.001612
0.607819 -9.265000 0.001612
0.759774 -9.265000 0.001612
0.911728 -9.265000 0.001612
1.063683 -9.265000 0.001612
1.215638 -9.265000 0.001612
1.367593 -9.265000 0.001612
1.519547 -9.265000 0.001612
1.671502 -9.265000 0.001612
1.823457 -9.265000 0.001612
1.975412 -9.265000 0.001612
2.127366 -9.265000 0.001612
2.279321 -9.265000 0.001612
2.431276 -9.265000 0.001612
2.583231 -9.265000 0.001612
2.735185 -9.265000 0.001612
2.887140 -9.265000 0.001612
3.039095 -9.265000 0.001612
3.191050 -9.265000 0.001612
3.343004 -9.265000 0.001612
3.452163 -9.155842 0.001612
3.561321 -9.046683 0.001612
3.670480 -8.937525 0.001612
3.779638 -8.828366 0.001612
3.888797 -8.719208 0.001612
3.997955 -8.610049 0.001612
4.107114 -8.500891 0.001612
4.216272 -8.391732 0.001612
4.325431 -8.282574 0.001612
4.434589 -8.173415 0.001612
4.543748 -8.064257 0.001612
4.652906 -7.955098 0.001612
4.762065 -7.845940 0.001612
4.871223 -7.736781 0.001612
4.980382 -7.627623 0.001612
5.089540 -7.518464 0.001612
5.198699 -7.409306 0.001612
5.307857 -7.300147 0.001612
5.307857 -7.149629 0.001612
5.307857 -6.999110 0.001612
5.307857 -6.848592 0.001612
5.307857 -6.698073 0.001612
5.307857 -6.547555 0.001612
5.307857 -6.397036 0.001612
5.307857 -6.246518 0.001612
5.307857 -6.095999 0.001612
5.307857 -5.945481 0.001612
5.307857 -5.794962 0.001612
5.307857 -5.644444 0.001612
5.307857 -5.493925 0.001612
5.307857 -5.343407 0.001612
5.307857 -5.192888 0.001612
5.307857 -5.042370 0.001612
5.307857 -4.891851 0.001612
5.307857 -4.741333 0.001612
5.307857 -4.590814 0.001612
5.307857 -4.440296 0.001612
5.307857 -4.289777 0.001612
5.307857 -4.139259 0.001612
5.307857 -3.988740 0.001612
5.307857 -3.838222 0.001612
5.307857 -3.687703 0.001612
5.307857 -3.537185 0.001612
5.307857 -3.386666 0.001612
5.307857 -3.236148 0.001612
5.307857 -3.085629 0.001612
5.307857 -2.935111 0.001612
5.307857 -2.784592 0.001612
5.307857 -2.634074 0.001612
5.307857 -2.483555 0.001612
5.307857 -2.333037 0.001612
5.307857 -2.182518 0.001612
5.307857 -2.032000 0.001612
5.307857 -1.881481 0.001612
5.307857 -1.730963 0.001612
5.307857 -1.580444 0.001612
5.307857 -1.429926 0.001612
5.307857 -1.279407 0.001612
5.307857 -1.128889 0.001612
5.307857 -0.978370 0.001612
5.307857 -0.827852 0.001612
5.307857 -0.677333 0.001612
5.307857 -0.526815 0.001612
5.307857 -0.376296 0.001612
5.307857 -0.225778 0.001612
5.307857 -0.075259 0.001612
5.307857 0.075259 0.001612
5.307857 0.225778 0.001612
5.307857 0.376296 0.001612
5.307857 0.526815 0.001612
5.307857 0.677333 0.001612
5.307857 0.827852 0.001612
5.307857 0.978370 0.001612
5.307857 1.128889 0.001612
5.307857 1.279407 0.001612
5.307857 1.429926 0.001612
5.307857 1.580444 0.001612
5.307857 1.730963 0.001612
5.307857 1.881481 0.001612
5.307857 2.032000 0.001612
5.307857 2.182518 0.001612
5.307857 2.333037 0.001612
5.307857 2.483555 0.001612
5.307857 2.634074 0.001612
5.307857 2.784592 0.001612
5.307857 2.935111 0.001612
5.307857 3.085629 0.001612
5.307857 3.236148 0.001612
5.307857 3.386666 0.001612
5.307857 3.537185 0.001612
5.307857 3.687703 0.001612
5.307857 3.838222 0.001612
5.307857 3.988740 0.001612
5.307857 4.139259 0.001612
5.307857 4.289777 0.001612
5.307857 4.440296 0.001612
5.307857 4.590814 0.001612
5.307857 4.741333 0.001612
5.307857 4.891851 0.001612
5.307857 5.042370 0.001612
5.307857 5.192888 0.001612
5.307857 5.343407 0.001612
5.307857 5.493925 0.001612
5.307857 5.644444 0.001612
5.307857 5.794962 0.001612
5.307857 5.945481 0.001612
5.307857 6.095999 0.001612
5.307857 6.246518 0.001612
5.307857 6.397036 0.001612
5.307857 6.547555 0.001612
5.307857 6.698073 0.001612
5.307857 6.848592 0.001612
5.307857 6.999110 0.001612
5.307857 7.149629 0.001612
3.427857 6.549853 0.000804
3.308550 6.669160 0.000804
3.189244 6.788466 0.000804
3.069937 6.907773 0.000804
2.950630 7.027080 0.000804
2.831323 7.146387 0.000804
2.712017 7.265693 0.000804
2.592710 7.385000 0.000804
2.440198 7.385000 0.000804
2.287685 7.385000 0.000804
2.135173 7.385000 0.000804
1.982661 7.385000 0.000804
1.830148 7.385000 0.000804
1.677636 7.385000 0.000804
1.525124 7.385000 0.000804
1.372611 7.385000 0.000804
1.220099 7.385000 0.000804
1.067586 7.385000 0.000804
0.915074 7.385000 0.000804
0.762562 7.385000 0.000804
0.610049 7.385000 0.000804
0.457537 7.385000 0.000804
0.305025 7.385000 0.000804
0.152512 7.385000 0.000804
-0.000000 7.385000 0.000804
-0.152512 7.385000 0.000804
-0.305025 7.385000 0.000804
-0.457537 7.385000 0.000804
-0.610049 7.385000 0.000804
-0.762562 7.385000 0.000804
-0.915074 7.385000 0.000804
-1.067586 7.385000 0.000804
-1.220099 7.385000 0.000804
-1.372611 7.385000 0.000804
-1.525124 7.385000 0.000804
-1.677636 7.385000 0.000804
-1.830148 7.385000 0.000804
-1.982661 7.385000 0.000804
-2.135173 7.385000 0.000804
-2.287685 7.385000 0.000804
-2.440198 7.385000 0.000804
-2.592710 7.385000 0.000804
-2.712017 7.265693 0.000804
-2.831323 7.146387 0.000804
-2.950630 7.027080 0.000804
-3.069937 6.907773 0.000804
-3.189244 6.788466 0.000804
-3.308550 6.669160 0.000804
-3.427857 6.549853 0.000804
-3.427857 6.399147 0.000804
-3.427857 6.248441 0.000804
-3.427857 6.097735 0.000804
-3.427857 5.947029 0.000804
-3.427857 5.796323 0.000804
-3.427857 5.645618 0.000804
-3.427857 5.494912 0.000804
-3.427857 5.344206 0.000804
-3.427857 5.193500 0.000804
-3.427857 5.042794 0.000804
-3.427857 4.892088 0.000804
-3.427857 4.741382 0.000804
-3.427857 4.590676 0.000804
-3.427857 4.439971 0.000804
-3.427857 4.289265 0.000804
-3.427857 4.138559 0.000804
-3.427857 3.987853 0.000804
-3.427857 3.837147 0.000804
-3.427857 3.686441 0.000804
-3.427857 3.535735 0.000804
-3.427857 3.385029 0.000804
-3.427857 3.234324 0.000804
-3.427857 3.083618 0.000804
-3.427857 2.932912 0.000804
-3.427857 2.782206 0.000804
-3.427857 2.631500 0.000804
-3.427857 2.480794 0.000804
-3.427857 2.330088 0.000804
-3.427857 2.179382 0.000804
-3.427857 2.028677 0.000804
-3.427857 1.877971 0.000804
-3.427857 1.727265 0.000804
-3.427857 1.576559 0.000804
-3.427857 1.425853 0.000804
-3.427857 1.275147 0.000804
-3.308550 1.155840 0.000804
-3.189244 1.036534 0.000804
-3.069937 0.917227 0.000804
-2.950630 0.797920 0.000804
-2.831323 0.678613 0.000804
-2.712017 0.559307 0.000804
-2.592710 0.440000 0.000804
-2.440198 0.440000 0.000804
-2.287685 0.440000 0.000804
-2.135173 0.440000 0.000804
-1.982661 0.440000 0.000804
-1.830148 0.440000 0.000804
-1.677636 0.440000 0.000804
-1.525124 0.440000 0.000804
-1.372611 0.440000 0.000804
-1.220099 0.440000 0.000804
-1.067586 0.440000 0.000804
-0.915074 0.440000 0.000804
-0.762562 0.440000 0.000804
-0.610049 0.440000 0.000804
-0.457537 0.440000 0.000804
-0.305025 0.440000 0.000804
-0.152512 0.440000 0.000804
0.000000 0.440000 0.000804
0.152512 0.440000 0.000804
0.305025 0.440000 0.000804
0.457537 0.440000 0.000804
0.610049 0.440000 0.000804
0.762562 0.440000 0.000804
0.915074 0.440000 0.000804
1.067586 0.440000 0.000804
1.220099 0.440000 0.000804
1.372611 0.440000 0.000804
1.525124 0.440000 0.000804
1.677636 0.440000 0.000804
1.830148 0.440000 0.000804
1.982661 0.440000 0.000804
2.135173 0.440000 0.000804
2.287685 0.440000 0.000804
2.440198 0.440000 0.000804
2.592710 0.440000 0.000804
2.712017 0.559307 0.000804
2.831323 0.678613 0.000804
2.950630 0.797920 0.000804
3.069937 0.917227 0.000804
3.189244 1.036534 0.000804
3.308550 1.155840 0.000804
3.427857 1.275147 0.000804
3.427857 1.425853 0.000804
3.427857 1.576559 0.000804
3.427857 1.727265 0.000804
3.427857 1.877971 0.000804
3.427857 2.028677 0.000804
3.427857 2.179382 0.000804
3.427857 2.330088 0.000804
3.427857 2.480794 0.000804
3.427857 2.631500 0.000804
3.427857 2.782206 0.000804
3.427857 2.932912 0.000804
3.427857 3.083618 0.000804
3.427857 3.234324 0.000804
3.427857 3.385029 0.000804
3.427857 3.535735 0.000804
3.427857 3.686441 0.000804
3.427857 3.837147 0.000804
3.427857 3.987853 0.000804
3.427857 4.138559 0.000804
3.427857 4.289265 0.000804
3.427857 4.439971 0.000804
3.427857 4.590676 0.000804
3.427857 4.741382 0.000804
3.427857 4.892088 0.000804
3.427857 5.042794 0.000804
3.427857 5.193500 0.000804
3.427857 5.344206 0.000804
3.427857 5.494912 0.000804
3.427857 5.645618 0.000804
3.427857 5.796323 0.000804
3.427857 5.947029 0.000804
3.427857 6.097735 0.000804
3.427857 6.248441 0.000804
3.427857 6.399147 0.000804
3.427857 -1.275147 0.000804
3.308550 -1.155840 0.000804
3.189244 -1.036534 0.000804
3.069937 -0.917227 0.000804
2.950630 -0.797920 0.000804
2.831323 -0.678613 0.000804
2.712017 -0.559307 0.000804
2.592710 -0.440000 0.000804
2.440198 -0.440000 0.000804
2.287685 -0.440000 0.000804
2.135173 -0.440000 0.000804
1.982661 -0.440000 0.000804
1.830148 -0.440000 0.000804
1.677636 -0.440000 0.000804
1.525124 -0.440000 0.000804
1.372611 -0.440000 0.000804
1.220099 -0.440000 0.000804
1.067586 -0.440000 0.000804
0.915074 -0.440000 0.000804
0.762562 -0.440000 0.000804
0.610049 -0.440000 0.000804
0.457537 -0.440000 0.000804
0.305025 -0.440000 0.000804
0.152512 -0.440000 0.000804
0.000000 -0.440000 0.000804
-0.152512 -0.440000 0.000804
-0.305025 -0.440000 0.000804
-0.457537 -0.440000 0.000804
-0.610049 -0.440000 0.000804
-0.762562 -0.440000 0.000804
-0.915074 -0.440000 0.000804
-1.067586 -0.440000 0.000804
-1.220099 -0.440000 0.000804
-1.372611 -0.440000 0.000804
-1.525124 -0.440000 0.000804
-1.677636 -0.440000 0.000804
-1.830148 -0.440000 0.000804
-1.982661 -0.440000 0.000804
-2.135173 -0.440000 0.000804
-2.287685 -0.440000 0.000804
-2.440198 -0.440000 0.000804
-2.592710 -0.440000 0.000804
-2.712017 -0.559307 0.000804
-2.831323 -0.678613 0.000804
-2.950630 -0.797920 0.000804
-3.069937 -0.917227 0.000804
-3.189244 -1.036534 0.000804
-3.308550 -1.155840 0.000804
-3.427857 -1.275147 0.000804
-3.427857 -1.425853 0.000804
-3.427857 -1.576559 0.000804
-3.427857 -1.727265 0.000804
-3.427857 -1.877971 0.000804
-3.427857 -2.028677 0.000804
-3.427857 -2.179382 0.000804
-3.427857 -2.330088 0.000804
-3.427857 -2.480794 0.000804
-3.427857 -2.631500 0.000804
-3.427857 -2.782206 0.000804
-3.427857 -2.932912 0.000804
-3.427857 -3.083618 0.000804
-3.427857 -3.234324 0.000804
-3.427857 -3.385029 0.000804
-3.427857 -3.535735 0.000804
-3.427857 -3.686441 0.000804
-3.427857 -3.837147 0.000804
-3.427857 -3.987853 0.000804
-3.427857 -4.138559 0.000804
-3.427857 -4.289265 0.000804
-3.427857 -4.439971 0.000804
-3.427857 -4.590676 0.000804
-3.427857 -4.741382 0.000804
-3.427857 -4.892088 0.000804
-3.427857 -5.042794 0.000804
-3.427857 -5.193500 0.000804
-3.427857 -5.344206 0.000804
-3.427857 -5.494912 0.000804
-3.427857 -5.645618 0.000804
-3.427857 -5.796323 0.000804
-3.427857 -5.947029 0.000804
-3.427857 -6.097735 0.000804
-3.427857 -6.248441 0.000804
-3.427857 -6.399147 0.000804
-3.427857 -6.549853 0.000804
-3.308550 -6.669160 0.000804
-3.189244 -6.788466 0.000804
-3.069937 -6.907773 0.000804
-2.950630 -7.027080 0.000804
-2.831323 -7.146387 0.000804
-2.712017 -7.265693 0.000804
-2.592710 -7.385000 0.000804
-2.440198 -7.385000 0.000804
-2.287685 -7.385000 0.000804
-2.135173 -7.385000 0.000804
-1.982661 -7.385000 0.000804
-1.830148 -7.385000 0.000804
-1.677636 -7.385000 0.000804
-1.525124 -7.385000 0.000804
-1.372611 -7.385000 0.000804
-1.220099 -7.385000 0.000804
-1.067586 -7.385000 0.000804
-0.915074 -7.385000 0.000804
-0.762562 -7.385000 0.000804
-0.610049 -7.385000 0.000804
-0.457537 -7.385000 0.000804
-0.305025 -7.385000 0.000804
-0.152512 -7.385000 0.000804
0.000000 -7.385000 0.000804
0.152512 -7.385000 0.000804
0.305025 -7.385000 0.000804
0.457537 -7.385000 0.000804
0.610049 -7.385000 0.000804
0.762562 -7.385000 0.000804
0.915074 -7.385000 0.000804
1.067586 -7.385000 0.000804
1.220099 -7.385000 0.000804
1.372611 -7.385000 0.000804
1.525124 -7.385000 0.000804
1.677636 -7.385000 0.000804
1.830148 -7.385000 0.000804
1.982661 -7.385000 0.000804
2.135173 -7.385000 0.000804
2.287685 -7.385000 0.000804
2.440198 -7.385000 0.000804
2.592710 -7.385000 0.000804
2.712017 -7.265693 0.000804
2.831323 -7.146387 0.000804
2.950630 -7.027080 0.000804
3.069937 -6.907773 0.000804
3.189244 -6.788466 0.000804
3.308550 -6.669160 0.000804
3.427857 -6.549853 0.000804
3.427857 -6.399147 0.000804
3.427857 -6.248441 0.000804
3.427857 -6.097735 0.000804
3.427857 -5.947029 0.000804
3.427857 -5.796323 0.000804
3.427857 -5.645618 0.000804
3.427857 -5.494912 0.000804
3.427857 -5.344206 0.000804
3.427857 -5.193500 0.000804
3.427857 -5.042794 0.000804
3.427857 -4.892088 0.000804
3.427857 -4.741382 0.000804
3.427857 -4.590676 0.000804
3.427857 -4.439971 0.000804
3.427857 -4.289265 0.000804
3.427857 -4.138559 0.000804
3.427857 -3.987853 0.000804
3.427857 -3.837147 0.000804
3.427857 -3.686441 0.000804
3.427857 -3.535735 0.000804
3.427857 -3.385029 0.000804
3.427857 -3.234324 0.000804
3.427857 -3.083618 0.000804
3.427857 -2.932912 0.000804
3.427857 -2.782206 0.000804
3.427857 -2.631500 0.000804
3.427857 -2.480794 0.000804
3.427857 -2.330088 0.000804
3.427857 -2.179382 0.000804
3.427857 -2.028677 0.000804
3.427857 -1.877971 0.000804
3.427857 -1.727265 0.000804
3.427857 -1.576559 0.000804
3.427857 -1.425853 0.000804
