0.992211 -9.020764 0.041906
5.025662 -6.468418 0.037217
4.916910 -6.596483 0.043021
0.081673 7.334646 0.036623
4.914455 -6.312896 0.042230
2.868381 -8.460709 0.039994
5.006248 -6.740472 0.041712
4.735262 -6.529574 0.039861
4.732806 -6.338564 0.039394
1.452582 8.745907 0.043571
1.453984 8.928874 0.045132
0.079443 7.718906 0.040362
0.113207 8.022255 0.049146
0.192651 7.884948 0.039800
0.201711 7.424123 0.050089
0.199481 7.595836 0.042564
0.377104 7.324477 0.037736
0.093577 8.316287 0.043950
0.206785 8.168587 0.043647
0.055124 -0.160601 0.045746
0.388319 -9.029907 0.037912
0.093569 -8.316285 0.043946
0.524357 -8.936463 0.043424
0.691604 -9.021556 0.041083
0.832721 -8.927319 0.043985
1.132344 -8.741868 0.043444
1.296169 -9.021593 0.041934
1.141002 -8.927356 0.044478
1.603014 9.022285 0.041405
1.610361 8.658629 0.043818
5.003792 -6.197900 0.040624
2.208004 -9.025304 0.035831
2.686870 -9.024085 0.039637
2.385192 -9.025304 0.035688
2.500736 -8.934389 0.047463
2.999523 -9.020798 0.041915
3.166293 -8.952906 0.044590
2.830887 -8.929884 0.048853
2.790430 -8.749250 0.046759
2.912125 -8.648545 0.040266
5.021619 -7.022944 0.038477
4.912867 -6.881633 0.048274
4.595400 -6.238346 0.047166
4.542796 -7.466750 0.047154
1.296266 9.021590 0.041938
0.992287 9.020762 0.041910
1.141094 8.927351 0.044483
4.910068 2.006695 0.044590
0.375327 7.853948 0.042162
0.382158 7.677736 0.039999
1.598013 8.481288 0.043352
0.403110 8.207285 0.042102
0.460560 8.384568 0.042753
4.595450 6.236975 0.047196
3.718873 5.482315 0.041269
3.645379 5.351903 0.044305
3.439066 5.360693 0.044458
4.364342 4.894621 0.046589
4.690244 4.415450 0.042628
4.594104 4.575875 0.050733
5.027074 5.253482 0.033911
4.410052 5.962938 0.043457
4.592294 6.057140 0.046254
5.027074 5.421464 0.032554
4.909195 5.504080 0.047818
4.084137 -3.090674 0.045909
3.936698 -3.191208 0.044083
0.172050 -0.345016 0.049977
0.086617 -9.016305 0.038469
0.202693 -8.931212 0.046251
0.969943 -8.647590 0.043075
0.819110 -8.739634 0.043974
0.949239 -8.464850 0.042056
1.602900 -9.022289 0.041401
1.453870 -8.928882 0.045127
0.675100 -7.329305 0.038512
0.206765 -8.168583 0.043642
1.771875 8.930078 0.046180
1.780623 8.749391 0.044022
5.026868 -5.767423 0.032566
4.909005 -5.685659 0.047535
5.026868 -5.935112 0.033939
4.915661 -6.038919 0.046166
3.094846 -8.665002 0.040191
3.209679 -8.788729 0.048936
2.454231 -8.755590 0.046428
2.599908 -8.664653 0.041316
4.727770 -7.420324 0.040539
4.949059 -7.187071 0.042127
4.783914 -7.235163 0.042786
3.020230 -8.368366 0.041966
3.349650 -8.243764 0.042409
3.319750 -8.430379 0.045998
3.159107 -8.486227 0.040411
3.664379 -8.326117 0.045285
3.520565 -8.192425 0.046397
4.486619 -7.639979 0.044764
0.076284 8.636494 0.039334
0.192373 8.764678 0.040107
0.363030 8.679678 0.037660
0.340518 8.496984 0.041665
0.169861 8.467402 0.038396
0.388349 9.029906 0.037915
0.086622 9.016305 0.038471
0.202711 8.931211 0.046257
0.691658 9.021555 0.041086
0.832791 8.927317 0.043988
0.509422 8.752765 0.045243
0.524403 8.936461 0.043428
1.286213 8.653130 0.043679
1.132442 8.741859 0.043448
4.221564 1.134706 0.046338
5.025142 1.882722 0.036603
4.999142 1.620275 0.041655
4.909284 1.730705 0.040786
4.584318 2.043772 0.047407
4.723218 1.948584 0.040570
4.406651 1.954926 0.043952
4.722434 1.763116 0.040387
4.999926 2.148418 0.042326
4.255631 2.051846 0.045521
4.255635 2.236935 0.045358
0.529038 7.418784 0.046931
0.536321 7.600331 0.045692
5.006284 6.739709 0.041758
3.435657 5.082340 0.042475
3.343733 5.219290 0.043242
3.627113 5.042535 0.041349
3.741501 5.170695 0.050129
3.962193 4.832272 0.047340
3.764854 4.203450 0.047612
3.906431 5.509719 0.042770
4.255687 6.050225 0.045767
4.555819 4.961049 0.048003
4.900950 5.158779 0.047880
4.718637 5.417306 0.041253
4.710392 5.239986 0.040757
4.562711 5.150348 0.045182
4.610066 4.271056 0.044848
4.314483 4.746084 0.041050
4.419663 4.595345 0.043264
4.111937 4.713324 0.040850
5.013690 4.252585 0.038693
5.003973 4.505691 0.039606
4.902663 4.399758 0.041723
5.025063 3.464113 0.037264
5.004872 3.730478 0.041242
4.914936 3.600985 0.041061
4.598490 3.692573 0.046332
4.726209 3.571767 0.038936
4.724227 5.778791 0.039633
5.026880 5.765751 0.032586
4.909001 5.683915 0.047576
4.730909 5.964505 0.041290
4.907979 -3.086408 0.041401
3.323408 -2.189895 0.038104
4.996944 -3.211607 0.043100
3.766039 -4.022390 0.046895
3.948376 -3.929883 0.044190
3.949373 -3.748577 0.044962
3.940436 -3.378122 0.044019
3.348923 -3.016022 0.044240
3.436870 -2.878467 0.042570
3.760388 -3.101869 0.047284
3.324109 -1.645174 0.037127
3.432889 -1.487569 0.041152
4.050694 -0.875325 0.044944
4.378661 -0.692236 0.043575
3.322947 -2.740151 0.038448
0.076279 -8.636494 0.039331
0.192356 -8.764679 0.040104
0.169848 -8.467399 0.038393
0.772058 -8.371391 0.044412
0.403072 -8.207284 0.042098
1.409467 -8.212782 0.043318
1.096119 -8.379118 0.044436
1.286099 -8.653141 0.043674
1.270579 -8.473131 0.042831
1.424575 -8.388566 0.044170
1.452457 -8.745918 0.043567
1.419333 -7.328642 0.038161
2.075118 -8.219705 0.043170
2.235669 -8.122438 0.045152
1.743280 -8.220933 0.043439
1.904072 -8.134383 0.044154
1.893359 -7.959082 0.043445
1.570138 -8.130153 0.043899
1.552796 -7.423282 0.046336
1.908994 -9.022800 0.039811
1.771742 -8.930089 0.046175
2.092886 -8.933104 0.047120
0.528994 -7.418779 0.046926
0.199462 -7.595829 0.042560
0.079436 -7.718900 0.040358
0.113196 -8.022252 0.049142
0.192632 -7.884944 0.039797
1.909119 9.022794 0.039813
2.208123 9.025295 0.035830
2.093030 8.933089 0.047126
4.909214 -5.505951 0.047779
4.900951 -5.160919 0.047835
4.710391 -5.242115 0.040718
4.718653 -5.419274 0.041224
4.592262 -6.058637 0.046219
4.730875 -5.966054 0.041257
4.410013 -5.964514 0.043431
4.724219 -5.780484 0.039604
3.405463 -8.738892 0.041390
3.624988 -8.506395 0.043979
3.451274 -8.559318 0.044098
2.718418 -8.378468 0.044663
2.571641 -8.481706 0.043658
2.409239 -8.391614 0.044206
2.400538 -8.205180 0.043868
3.368121 -6.508923 0.047579
2.917004 -6.989379 0.044936
3.252491 -6.881095 0.044532
3.525237 -7.482492 0.044819
1.712010 -7.329640 0.039550
2.169699 -7.420821 0.045273
1.871955 -7.607478 0.042992
2.004508 -7.329440 0.039152
1.862418 -7.424080 0.045739
2.293828 -7.326382 0.036822
4.603408 -6.607218 0.046365
4.672638 -7.097875 0.043476
4.421210 -6.854867 0.042668
4.729031 -6.908472 0.041002
4.601220 -6.786198 0.044358
3.839094 -8.285166 0.045215
3.858209 -7.685207 0.048918
4.039501 -8.066660 0.048159
3.867199 -8.098076 0.047715
4.275407 -7.876347 0.039749
4.086982 -7.905787 0.042209
4.011891 -7.742155 0.039813
4.317091 -7.696114 0.042454
4.164102 -7.610380 0.040950
4.145482 -7.443260 0.048261
0.663069 8.650171 0.041173
0.636719 8.464667 0.042008
0.772129 8.371385 0.044417
0.949324 8.464842 0.042060
0.819182 8.739628 0.043978
0.970027 8.647582 0.043080
5.027165 0.175002 0.033456
5.027062 0.852857 0.033587
5.026458 1.360154 0.034023
4.910600 1.463947 0.047180
5.026458 1.193293 0.032461
4.082522 1.964814 0.045536
3.933226 2.063476 0.043773
4.581644 1.674062 0.047557
4.404760 1.770684 0.043865
5.025571 2.414399 0.037409
4.910497 2.273158 0.041700
4.907039 3.335256 0.039212
4.718313 3.398113 0.038869
4.254058 2.607832 0.045333
4.253296 2.794480 0.045425
4.083311 2.336381 0.045317
3.934011 2.249955 0.043657
4.083038 2.522846 0.045588
3.933883 2.623310 0.043695
4.084635 3.086100 0.045964
4.082804 2.897213 0.045083
3.934410 2.811029 0.043959
3.758854 2.350232 0.046850
3.758999 2.537122 0.047298
3.303963 0.188094 0.050199
3.170918 0.100945 0.038993
0.176098 0.032225 0.050771
1.570314 8.130149 0.043903
0.711223 7.689955 0.043512
5.003802 6.196572 0.040662
5.026880 5.933565 0.033958
4.915682 6.037442 0.046199
5.025678 6.467368 0.037253
4.916962 6.595505 0.043041
4.735345 6.528460 0.039882
4.732863 6.337304 0.039419
4.914480 6.311666 0.042261
4.728056 7.419935 0.040552
4.516814 7.148567 0.040143
3.858687 7.684599 0.048933
4.486997 7.639520 0.044779
4.443167 7.332369 0.040339
4.543151 7.466210 0.047183
5.021674 7.022583 0.038522
4.912958 6.880954 0.048299
4.729207 6.907649 0.041026
4.949180 7.186803 0.042136
4.784142 7.234685 0.042807
4.672885 7.097159 0.043488
3.326925 4.941446 0.039574
3.330333 5.497334 0.040108
3.749216 6.324693 0.047305
3.924316 6.225773 0.043808
3.767413 3.653325 0.047008
3.626658 3.746270 0.040865
3.948438 3.926401 0.044233
3.949492 3.744886 0.045012
3.766093 4.019107 0.046942
3.626392 3.930538 0.041045
3.438637 3.981492 0.042476
3.764437 4.576246 0.046578
3.634630 4.859881 0.040756
3.769377 4.768937 0.049216
3.351250 4.670998 0.044950
3.443175 4.804018 0.041910
4.212235 5.013535 0.041009
4.012631 4.983946 0.040716
3.909878 5.137625 0.042544
2.714728 7.214573 0.046910
2.858250 7.361113 0.046715
4.084192 6.315218 0.044775
4.092120 6.490019 0.044631
4.260121 6.228046 0.044170
4.417642 6.320594 0.043500
4.897097 4.993446 0.045799
4.912194 4.660304 0.044651
4.714744 4.714797 0.042091
4.699647 4.885355 0.040429
4.581348 5.694080 0.046650
4.575564 5.512430 0.045944
4.405788 5.785591 0.043207
4.246786 5.690208 0.045572
3.940212 4.476930 0.044912
4.094895 4.550674 0.044451
3.942212 4.289922 0.043839
4.282471 4.465360 0.040259
4.419818 4.020869 0.041664
4.281365 3.927563 0.047942
4.425054 4.215913 0.041827
4.281616 4.301785 0.049662
4.101027 4.020912 0.046215
4.096041 4.200090 0.043921
4.603468 3.978176 0.043795
4.684544 3.851180 0.041930
4.719814 4.130867 0.039237
4.911018 4.128087 0.044960
5.012328 3.984083 0.039638
4.902200 3.859867 0.040632
4.279139 3.739486 0.046888
4.420069 3.631781 0.044884
4.093201 3.463917 0.045832
4.099855 3.651320 0.045648
3.405679 8.738702 0.041400
2.999618 9.020761 0.041921
3.166404 8.952827 0.044607
3.209888 8.788577 0.048948
4.092954 -3.468027 0.045778
4.099712 -3.655206 0.045603
5.026036 -2.948198 0.037343
4.998755 -2.684066 0.043019
4.909790 -2.815510 0.041518
4.401834 -2.883348 0.043208
4.579270 -2.783433 0.046299
4.720628 -2.868535 0.040426
4.718817 -3.046156 0.039631
4.404143 -2.515093 0.043558
4.580912 -2.601512 0.047063
4.082161 -2.902014 0.045038
4.252586 -2.799782 0.045362
4.253252 -2.613448 0.045255
4.402585 -1.412161 0.044150
4.063460 -1.234705 0.044743
5.025127 -3.467294 0.037250
4.907071 -3.338992 0.039213
4.914991 -3.604506 0.040966
4.726261 -3.575713 0.038907
4.718340 -3.402305 0.038843
5.012359 -3.986982 0.039611
5.004864 -3.733547 0.041231
4.902224 -3.863138 0.040587
3.438000 -4.256465 0.043104
3.439068 -5.362496 0.044422
3.618409 -5.655189 0.041114
3.741506 -5.172845 0.050077
3.718869 -5.484163 0.041233
3.645382 -5.353875 0.044259
4.055034 -5.422095 0.047710
3.906441 -5.511560 0.042731
3.343742 -5.221110 0.043189
4.096034 -4.203340 0.043883
4.101006 -4.024368 0.046167
3.626326 -3.933827 0.041005
4.719928 -4.134129 0.039200
4.902731 -4.402546 0.041648
5.013734 -4.255308 0.038653
4.911093 -4.131127 0.044904
4.684557 -3.854772 0.041883
4.603528 -3.981618 0.043743
4.598467 -3.696388 0.046270
4.279055 -3.743293 0.046827
4.420000 -3.635713 0.044847
4.281346 -3.931150 0.047901
4.419856 -4.024315 0.041626
5.026980 -0.674881 0.033058
5.026980 -0.843615 0.033776
5.027261 -0.334288 0.033504
5.027261 -0.164604 0.033492
4.902126 -0.593056 0.048514
4.902407 -0.420782 0.048274
4.555006 -0.600582 0.047178
4.710372 -0.684334 0.040708
4.900834 0.090674 0.048322
4.900930 -0.079460 0.048397
3.728730 -1.237094 0.045184
3.889197 -0.966767 0.045233
3.896060 -1.146374 0.045439
3.620824 -2.079854 0.040267
3.437037 -1.769652 0.044182
3.347928 -1.915785 0.042867
3.436336 -2.041652 0.041968
4.584432 -1.683684 0.047338
5.000423 -1.619202 0.041573
4.911346 -1.468779 0.046118
4.583304 -1.500836 0.047072
4.723533 -1.404006 0.041665
4.906297 -0.938175 0.047793
4.905240 -1.117338 0.049462
4.714543 -0.860719 0.041699
4.717427 -1.220289 0.040100
3.689038 -0.347956 0.044349
3.519778 -0.445425 0.046841
4.042460 -0.696784 0.044568
3.870831 -0.609508 0.045716
3.863367 -0.431954 0.045433
4.211624 -0.605966 0.046172
3.682417 -0.171211 0.045728
3.497672 0.094974 0.043216
3.513555 -0.084115 0.045019
0.340492 -8.496981 0.041662
0.460520 -8.384567 0.042748
0.636665 -8.464670 0.042004
0.663013 -8.650173 0.041169
0.509375 -8.752766 0.045239
0.363000 -8.679677 0.037657
0.545418 -8.112298 0.045972
0.738259 -8.196302 0.041744
1.610214 -8.658645 0.043812
1.780470 -8.749408 0.044018
1.755886 -8.396299 0.044074
1.597853 -8.481303 0.043348
1.213041 -7.600182 0.043726
1.241427 -7.420351 0.046798
1.133587 -7.326708 0.034513
0.847226 -7.421013 0.047965
0.964865 -7.326708 0.035117
1.722725 -7.871352 0.043485
1.713776 -7.695373 0.043720
1.560297 -7.955873 0.043723
1.545025 -7.605616 0.043341
1.389499 -7.865085 0.043406
1.383176 -7.690808 0.043712
2.087323 -8.397034 0.044585
1.928884 -8.487078 0.043754
1.941106 -8.662845 0.043655
2.256575 -8.486201 0.044259
2.273300 -8.667231 0.043114
2.116270 -8.753830 0.045341
0.081667 -7.334644 0.036619
0.201693 -7.424118 0.050082
0.377075 -7.324475 0.037733
2.385304 9.025295 0.035693
2.235945 8.122400 0.045158
5.027077 -5.423375 0.032533
5.027077 -5.255502 0.033886
5.003996 -4.508203 0.039572
5.023236 -4.924851 0.032971
4.897110 -4.995758 0.045751
4.699678 -4.887827 0.040392
4.714801 -4.717434 0.042049
5.023236 -4.762325 0.034142
4.912233 -4.662839 0.044610
4.405767 -5.787302 0.043171
4.397605 -5.430839 0.042917
4.575586 -5.514353 0.045908
4.581360 -5.695855 0.046617
4.246784 -5.691968 0.045541
4.244396 -5.517006 0.043191
3.179965 -6.571996 0.039918
2.961305 -6.804725 0.042217
3.129283 -6.753854 0.043730
3.434825 -6.326935 0.048282
3.428270 -5.956368 0.046897
3.411388 -6.811965 0.040007
3.476337 -6.621651 0.039706
3.330326 -5.498811 0.040049
3.340854 -5.786146 0.040344
3.436180 -5.661216 0.048783
3.536520 -7.661651 0.043910
3.539839 -8.014615 0.044030
3.710546 -7.779293 0.045561
3.711758 -7.961216 0.046200
3.218617 -7.070356 0.042273
3.051110 -7.127770 0.045662
3.362708 -7.189111 0.043725
3.358144 -7.369340 0.043014
2.552868 -7.914684 0.044318
2.710898 -8.187163 0.042916
2.555420 -8.103968 0.044440
2.054205 -7.869241 0.043728
2.041750 -7.693617 0.043587
2.197405 -7.601600 0.042682
2.225470 -7.947276 0.042583
2.372176 -7.670682 0.041727
2.387786 -7.840734 0.045559
2.527406 -7.550561 0.044948
2.476763 -7.387039 0.042902
2.752287 -7.022920 0.043032
2.714561 -7.214694 0.046894
2.556227 -7.232674 0.043661
4.417569 -6.321937 0.043472
4.423122 -6.499799 0.042355
4.516487 -7.149366 0.040131
4.392869 -7.028632 0.040388
4.239033 -7.131898 0.039105
4.442789 -7.333079 0.040325
4.270261 -7.323526 0.040089
3.968142 -7.371599 0.041002
3.833081 -7.481771 0.042669
3.674134 -7.396699 0.044342
5.027062 0.683662 0.033367
4.900505 0.600010 0.048448
5.027165 0.344559 0.033562
4.900608 0.430140 0.048294
4.706167 0.687399 0.040956
3.757311 1.977429 0.047064
4.054546 1.226345 0.044796
4.721273 1.393602 0.042261
4.579167 1.491411 0.046826
4.387268 1.223091 0.043776
4.397431 1.404020 0.044435
5.025891 2.944858 0.037343
4.996976 3.208345 0.043077
4.907867 3.082311 0.041635
4.718751 3.041210 0.039669
4.402322 2.877999 0.043271
4.909422 2.548751 0.042768
4.720626 2.863079 0.040464
4.579672 2.777745 0.046357
4.998851 2.680778 0.042898
4.909742 2.811053 0.041505
4.406131 2.324326 0.043797
4.404826 2.508758 0.043629
4.583794 2.228083 0.046879
4.723123 2.317622 0.040404
4.722049 2.500258 0.040086
4.581414 2.595152 0.047214
3.940724 3.374044 0.044068
3.937109 3.186966 0.044136
3.765299 3.469886 0.047758
3.121012 0.461876 0.046573
3.146759 0.633023 0.044969
3.290680 0.361171 0.046153
3.333646 0.698732 0.045646
2.980504 0.127660 0.041697
1.222265 -0.341583 0.050738
0.875738 -0.342293 0.050894
1.052075 -0.243875 0.051274
3.623575 3.378284 0.040570
3.437934 3.429046 0.042570
3.323002 3.289420 0.038648
0.096820 0.331082 0.047455
0.217794 0.230574 0.055628
0.675147 7.329307 0.038514
1.096227 8.379110 0.044441
1.409621 8.212776 0.043322
1.424722 8.388556 0.044174
1.270701 8.473120 0.042835
0.738334 8.196299 0.041748
0.713556 7.859541 0.042186
0.531824 7.946128 0.045910
0.545474 8.112299 0.045977
1.075027 8.203044 0.042825
1.234399 8.121275 0.044052
0.894329 8.113690 0.044549
0.883200 7.943103 0.044729
4.393188 7.027718 0.040398
4.112213 6.858495 0.040800
4.603533 6.606103 0.046387
4.601398 6.785198 0.044374
4.421450 6.853859 0.042692
4.273990 6.757017 0.043353
4.423242 6.498565 0.042378
4.273648 6.580819 0.043920
3.320094 8.430117 0.046008
3.451570 8.559065 0.044104
4.087412 7.905289 0.042226
4.012344 7.741556 0.039830
4.275813 7.875896 0.039762
4.164539 7.609739 0.040963
4.317500 7.695580 0.042477
3.618427 5.653527 0.041153
3.436200 5.659757 0.048848
3.340867 5.785063 0.040419
4.074161 5.779436 0.046385
3.923160 5.693908 0.041180
4.078798 5.962106 0.044243
3.923355 6.050483 0.042751
3.746137 5.775898 0.044090
3.741694 5.949804 0.047868
3.349666 4.117265 0.044666
3.323971 3.841496 0.038967
3.349932 3.565477 0.044636
3.438903 3.699897 0.042610
3.439609 4.537130 0.042641
3.323359 4.395235 0.038859
3.438025 4.253613 0.043142
3.624541 4.300440 0.041028
3.626125 4.486228 0.041056
4.244370 5.515117 0.043224
4.397588 5.428850 0.042953
4.055016 5.420156 0.047750
4.049234 5.263504 0.039844
4.392979 5.244087 0.044668
4.233979 5.173702 0.043310
3.051414 7.127529 0.045668
3.030145 7.307663 0.043431
2.854126 7.541436 0.045450
3.028009 7.661018 0.044267
3.674628 7.396050 0.044354
3.833562 7.481074 0.042688
3.769084 6.510838 0.047169
3.952111 6.586719 0.041410
3.971863 6.778997 0.044051
5.023220 4.760010 0.034170
5.023220 4.922594 0.032979
2.912404 8.648411 0.040278
3.095124 8.664832 0.040199
3.159439 8.486008 0.040416
3.020584 8.368163 0.041973
2.868710 8.460555 0.040002
4.578169 -3.330845 0.046651
4.577738 -3.146152 0.046445
4.259920 -3.363981 0.046359
4.407623 -3.443579 0.042240
4.254841 -3.173541 0.045019
4.402113 -3.068446 0.043860
4.999707 -2.150904 0.042713
5.025842 -2.417503 0.037508
4.909597 -2.553818 0.042297
4.910549 -2.278710 0.041772
4.723029 -2.325541 0.040343
4.722077 -2.507161 0.040042
4.406552 -1.778607 0.043739
4.584073 -2.052134 0.047291
4.583237 -2.235971 0.046729
4.406909 -1.962559 0.043821
4.255538 -2.058464 0.045429
4.254981 -2.243240 0.045283
4.405516 -2.331172 0.043734
3.933766 -2.815568 0.043902
3.759432 -2.914889 0.046962
3.621459 -2.824909 0.040464
4.226295 -0.962647 0.045774
4.232198 -1.142419 0.046174
4.385097 -0.870375 0.044217
4.394941 -1.230554 0.043736
4.565613 -0.955106 0.046622
4.569554 -1.135513 0.047836
3.962189 -4.834788 0.047281
4.281651 -4.304939 0.049608
4.425133 -4.219132 0.041795
4.594175 -4.578668 0.050678
4.690342 -4.418417 0.042577
4.610180 -4.274181 0.044810
3.323347 -4.397865 0.038822
3.764824 -4.206544 0.047564
3.624510 -4.303378 0.040993
3.940199 -4.479836 0.044873
3.942189 -4.293009 0.043793
3.769365 -4.771477 0.049163
3.764425 -4.578980 0.046537
3.626101 -4.488987 0.041018
3.351245 -4.673379 0.044902
3.439591 -4.539725 0.042589
3.767268 -3.656967 0.046950
3.626559 -3.749710 0.040833
3.765090 -3.473690 0.047712
3.438834 -3.703177 0.042573
3.349886 -3.568690 0.044605
3.323948 -3.844550 0.038937
3.349653 -4.120137 0.044626
3.438602 -3.984573 0.042426
4.552183 -0.425306 0.046341
4.707831 -0.336783 0.041413
4.706354 -0.165146 0.041110
4.547301 -0.079955 0.046608
3.343780 -1.374550 0.040243
3.018274 -0.919773 0.042197
3.619968 -1.705291 0.039823
3.747690 -1.419876 0.047110
3.615819 -1.515796 0.040229
5.025923 -1.188310 0.032172
5.025923 -1.356035 0.035060
4.723390 -1.958665 0.040227
4.724106 -1.774168 0.040347
4.910791 -1.736724 0.041346
5.025368 -1.884199 0.037158
4.910074 -2.013344 0.043588
3.481581 0.436236 0.044891
3.498800 0.602650 0.045228
4.546995 0.603264 0.046823
4.206158 -0.429521 0.045490
4.370372 -0.340514 0.044075
4.366966 -0.166800 0.043559
4.029529 -0.342784 0.044931
4.197673 -0.080608 0.045796
3.851667 -0.080010 0.045492
4.024450 -0.167585 0.044438
0.536271 -7.600323 0.045688
0.382121 -7.677729 0.039995
0.375291 -7.853942 0.042159
0.531770 -7.946123 0.045906
1.048886 -7.685639 0.044044
0.876004 -7.600112 0.044186
0.711156 -7.689947 0.043507
0.713485 -7.859535 0.042182
2.500889 8.934362 0.047475
2.790665 8.749157 0.046767
2.686992 9.024067 0.039644
2.831049 8.929828 0.048869
2.600159 8.664579 0.041327
2.454440 8.755545 0.046435
2.075367 8.219679 0.043175
1.904296 8.134370 0.044158
1.743478 8.220922 0.043443
1.756076 8.396282 0.044080
3.322416 -6.228710 0.033653
3.322416 -6.057590 0.033661
2.707919 -7.815613 0.042770
2.698067 -7.621541 0.047704
4.255663 -6.051739 0.045733
4.260081 -6.229454 0.044141
4.273764 -6.758096 0.043334
4.273489 -6.582008 0.043897
3.524102 -7.108420 0.043863
3.668434 -7.202855 0.041558
3.538909 -6.920534 0.041472
4.556174 0.950779 0.046256
4.561185 1.129101 0.047816
4.713455 1.212221 0.040215
4.709048 0.859808 0.041617
4.903386 0.941613 0.048097
4.902782 1.115705 0.048781
3.621785 2.262404 0.040308
3.621027 2.076079 0.040291
3.436398 2.038640 0.041959
3.347882 1.913458 0.042767
4.069257 1.408789 0.045780
4.080072 1.779301 0.045602
4.251291 1.682092 0.045564
4.246439 1.498079 0.045302
3.885195 1.136968 0.045650
4.578300 3.326497 0.046695
4.577911 3.141431 0.046535
4.260192 3.359660 0.046403
4.407776 3.439358 0.042284
4.255242 3.168921 0.045090
4.402436 3.063553 0.043892
2.911949 -0.042647 0.040809
2.590380 0.028630 0.045048
2.408650 -0.048417 0.046060
2.716711 -0.261011 0.039695
2.739704 -0.093617 0.047843
2.928646 0.406726 0.046901
2.868025 0.244740 0.048160
2.769107 0.529868 0.045944
2.650147 0.196680 0.044564
2.231947 -0.341555 0.049586
2.580861 -0.510145 0.039034
2.553374 -0.333248 0.043772
2.394636 -0.242901 0.047334
1.900781 -0.339259 0.050483
2.068101 -0.240815 0.048366
1.091190 0.342116 0.050452
1.060544 -0.048426 0.050910
0.702179 -0.244980 0.051746
0.525692 -0.342687 0.050955
0.347529 -0.247703 0.052091
0.351577 -0.054877 0.052301
3.323031 2.737040 0.038454
3.621446 2.635126 0.040445
3.436672 2.592011 0.042321
0.417172 0.339493 0.046385
1.712109 7.329644 0.039552
1.552916 7.423291 0.046342
3.625291 8.506111 0.043990
3.129472 6.753685 0.043745
3.322374 6.056978 0.033716
3.428241 5.955315 0.046945
3.606025 6.038148 0.041008
3.612586 6.237748 0.040275
3.350033 8.243458 0.042419
3.028516 8.191602 0.044165
3.197311 8.122788 0.044088
3.201920 7.949374 0.043924
3.032691 7.835901 0.044327
3.525724 7.481961 0.044835
3.358599 7.368888 0.043029
3.193157 7.430388 0.045097
3.195145 7.603419 0.044187
2.869140 8.092679 0.042756
2.868705 7.910393 0.045697
3.668883 7.202116 0.041579
3.819060 7.094977 0.041936
3.824764 6.895452 0.043427
3.968603 7.370810 0.041016
4.270679 7.322738 0.040110
4.145922 7.442518 0.048283
3.959845 7.178647 0.043376
4.239413 7.131002 0.039120
4.105898 7.058620 0.043616
3.476544 6.620931 0.039714
3.653396 6.622257 0.039962
3.689323 6.814593 0.039752
3.621416 -2.266167 0.040296
3.621057 -2.638940 0.040418
3.436928 -2.323743 0.042867
3.348520 -2.463733 0.043792
3.436467 -2.595348 0.042303
4.094919 -4.553522 0.044408
4.111969 -4.715976 0.040815
4.282526 -4.468294 0.040217
4.314533 -4.748694 0.041010
4.419742 -4.598123 0.043213
4.049233 -5.265599 0.039803
3.909861 -5.139827 0.042499
4.012616 -4.986304 0.040684
4.392986 -5.246207 0.044630
4.233976 -5.175879 0.043275
4.212223 -5.015866 0.040973
4.364361 -4.897068 0.046538
4.562705 -5.152562 0.045150
4.555833 -4.963436 0.047949
3.435667 -5.084428 0.042437
3.627117 -5.044784 0.041314
3.634620 -4.862282 0.040718
3.326925 -4.943555 0.039532
3.443170 -4.806360 0.041881
3.622426 -3.197082 0.040679
3.623390 -3.381989 0.040525
3.436880 -3.149956 0.042285
3.322958 -3.292679 0.038628
3.437844 -3.432457 0.042523
3.001431 -0.749149 0.048494
2.776623 -0.552127 0.041659
2.818833 -0.705199 0.046178
2.861717 -0.401647 0.040492
3.172231 -0.639965 0.045132
3.357083 -0.713130 0.044828
3.528463 -0.618256 0.044056
3.715319 -0.877059 0.045559
3.705188 -0.698341 0.044387
4.074753 -1.416634 0.045689
3.926313 -1.511086 0.043533
4.251134 -1.505955 0.045336
4.253973 -1.689553 0.045535
3.757363 -1.981686 0.047053
3.755805 -1.794769 0.047197
3.933046 -2.068361 0.043719
4.082767 -1.970589 0.045512
4.081559 -1.785630 0.045446
3.930280 -1.696484 0.043664
4.704942 0.176158 0.041331
4.545985 0.091216 0.046179
4.704716 0.346067 0.041288
4.545442 0.431802 0.046199
4.197164 0.605105 0.046165
4.213310 0.956144 0.045471
4.374003 0.866208 0.044483
4.367705 0.691102 0.043415
3.844227 0.092484 0.044205
3.840409 0.431113 0.044494
3.659094 0.180373 0.046963
3.656286 0.348558 0.044995
4.194181 0.091781 0.045024
4.362159 0.176759 0.043899
4.361841 0.347437 0.043862
4.192854 0.432902 0.045096
4.012508 0.347742 0.044929
4.013518 0.177298 0.045038
1.053660 -7.859039 0.042988
1.074913 -8.203048 0.042821
0.894233 -8.113692 0.044545
0.883107 -7.943099 0.044725
1.234264 -8.121277 0.044048
1.224137 -7.947860 0.044090
2.718745 8.378342 0.044672
2.571934 8.481620 0.043665
2.409524 8.391552 0.044215
2.400839 8.205117 0.043874
2.555747 8.103870 0.044449
2.711243 8.187027 0.042923
1.941286 8.662821 0.043662
1.929087 8.487053 0.043759
2.087560 8.397002 0.044592
2.256823 8.486159 0.044265
2.116450 8.753804 0.045345
2.273513 8.667192 0.043123
3.373522 -7.892572 0.044499
3.371415 -7.721532 0.044480
3.606076 -6.039426 0.040950
3.612631 -6.238872 0.040249
4.111937 -6.859522 0.040780
4.105546 -7.059560 0.043602
3.959434 -7.179526 0.043358
3.818673 -7.095854 0.041924
3.348641 2.460787 0.043783
3.437156 2.320562 0.042926
3.323515 2.187304 0.038078
2.800853 0.698766 0.044750
3.011013 0.913880 0.042616
2.986138 0.746772 0.046594
3.928746 1.690759 0.043525
3.922784 1.504261 0.043618
3.755282 1.790225 0.047258
3.541014 0.949834 0.043713
3.198535 0.969300 0.045653
3.360548 0.867900 0.043647
3.848763 0.602899 0.046178
3.873923 0.956849 0.045078
3.681859 0.686757 0.044012
3.697171 0.864773 0.046064
4.035020 0.867665 0.045373
4.025172 0.691731 0.044269
1.736876 -0.239903 0.050400
1.564373 -0.340644 0.050547
1.397339 -0.242227 0.050933
2.264245 0.053704 0.048511
2.086385 -0.040039 0.049285
3.437056 2.875021 0.042613
3.349025 3.012747 0.044261
3.437027 3.146474 0.042316
3.760778 3.097830 0.047353
3.622669 3.193306 0.040708
3.759910 2.910780 0.047003
3.621830 2.821064 0.040506
0.709001 -0.050714 0.051338
0.891030 0.047423 0.051296
0.536563 0.044405 0.051559
0.560461 0.240426 0.053375
0.907189 0.243049 0.051967
0.749058 0.340933 0.049124
2.698347 7.621386 0.047711
2.527648 7.550476 0.044953
2.708244 7.815459 0.042779
2.553182 7.914589 0.044323
2.556312 7.232611 0.043676
2.476909 7.386983 0.042905
2.293918 7.326375 0.036813
2.225736 7.947246 0.042588
2.388066 7.840681 0.045565
2.372429 7.670642 0.041730
1.545178 7.605629 0.043344
1.560469 7.955876 0.043727
1.224269 7.947862 0.044094
1.389646 7.865091 0.043410
1.383316 7.690818 0.043716
1.053768 7.859044 0.042992
1.419416 7.328647 0.038165
4.039914 8.066226 0.048172
3.180067 6.571893 0.039910
3.368230 6.508502 0.047569
3.434803 6.326260 0.048330
3.322374 6.228324 0.033654
2.961422 6.804627 0.042221
2.752399 7.022831 0.043042
2.917190 6.989237 0.044949
3.711017 7.778767 0.045580
3.536988 7.661152 0.043927
3.373945 7.892181 0.044515
3.371852 7.721110 0.044493
3.539274 6.919790 0.041492
3.218984 7.070016 0.042289
3.252808 6.880781 0.044534
3.411718 6.811418 0.040006
3.363157 7.188649 0.043738
3.524537 7.107788 0.043867
3.758344 -2.354387 0.046811
3.758445 -2.541279 0.047228
3.933435 -2.254749 0.043621
4.082599 -2.341753 0.045272
4.082243 -2.528040 0.045523
3.933181 -2.627928 0.043643
3.174550 -0.469949 0.046621
3.022114 -0.361922 0.047746
3.049352 -0.170317 0.041317
3.350717 -0.370283 0.043260
3.202187 -0.093777 0.042529
3.351115 -0.185717 0.047060
3.554969 -0.960529 0.043216
3.561516 -1.140957 0.046067
3.397545 -1.213302 0.042850
3.373457 -0.876684 0.043844
3.222989 -1.130333 0.039309
3.205448 -0.974144 0.045758
3.027645 -7.661311 0.044257
3.029810 -7.307935 0.043417
3.192753 -7.430750 0.045087
3.194742 -7.603783 0.044172
2.857979 -7.361318 0.046708
2.853826 -7.541660 0.045434
3.028144 -8.191835 0.044155
2.868774 -8.092874 0.042747
3.196920 -8.123081 0.044075
3.201518 -7.949699 0.043912
2.868348 -7.910607 0.045687
3.032315 -7.836186 0.044313
3.746114 -5.777482 0.044057
3.741692 -5.951261 0.047835
4.074139 -5.781097 0.046352
3.923158 -5.695601 0.041153
4.078772 -5.963656 0.044216
3.923369 -6.051939 0.042713
3.749187 -6.325890 0.047263
3.924309 -6.227122 0.043776
4.084131 -6.316554 0.044745
4.091985 -6.491246 0.044604
3.971604 -6.780055 0.044037
3.951928 -6.587867 0.041389
3.689021 -6.815535 0.039742
3.824453 -6.896420 0.043411
3.653196 -6.623245 0.039953
3.768952 -6.511942 0.047142
1.751031 -0.041448 0.049527
1.933221 0.059971 0.051255
1.796945 0.345122 0.052081
1.961173 0.252564 0.048543
1.893577 7.959078 0.043449
2.054438 7.869232 0.043732
1.722914 7.871357 0.043488
1.713952 7.695382 0.043724
1.048986 7.685646 0.044049
0.876085 7.600120 0.044190
1.213157 7.600192 0.043730
0.847293 7.421018 0.047970
0.964922 7.326711 0.035117
1.133647 7.326711 0.034516
1.241519 7.420359 0.046806
3.867617 8.097638 0.047734
3.520964 8.192067 0.046411
3.839463 8.284799 0.045227
3.664745 8.325772 0.045297
3.712201 7.960749 0.046216
3.540266 8.014205 0.044045
3.219279 1.127324 0.039906
1.589227 0.054538 0.051439
1.255920 0.245510 0.051062
1.440486 0.343394 0.051282
1.607189 0.248516 0.050124
1.241434 0.050594 0.051297
1.408037 -0.045499 0.050376
2.524390 0.314521 0.047484
2.582729 0.485723 0.044655
2.320218 0.248593 0.047494
2.170311 0.347442 0.056601
1.872140 7.607486 0.042996
2.004610 7.329442 0.039150
1.862558 7.424086 0.045744
2.041963 7.693615 0.043591
2.169852 7.420817 0.045277
2.197623 7.601590 0.042685
3.342991 1.372813 0.039891
3.744428 1.413848 0.046887
3.721550 1.228999 0.045442
3.554122 1.133942 0.045752
3.394399 1.210031 0.042818
3.614714 1.511215 0.040194
3.432114 1.484544 0.041079
3.619605 1.701093 0.039743
3.437005 1.766666 0.044282
3.324123 1.643297 0.036994
-0.087722 -7.325152 0.035587
-0.095753 0.341489 0.042448
-4.927182 2.297594 0.049168
-0.111467 -0.038537 0.049413
-0.282489 0.060367 0.065223
-0.266776 0.243370 0.075645
-0.462123 0.341882 0.043974
-0.908341 7.330993 0.039353
-3.343949 4.085791 0.043042
-1.329353 -9.024644 0.040532
-2.413012 9.023270 0.039599
-1.638023 9.024963 0.038690
-1.505165 8.934585 0.045784
-1.524358 8.758431 0.043595
-4.103979 8.000032 0.048705
-2.743191 7.196851 0.046127
-3.681251 8.455639 0.044254
-5.032408 -5.671771 0.042294
-3.341590 3.216084 0.042862
-4.283234 2.926153 0.046829
-4.393468 3.071222 0.049041
-4.908391 -1.054689 0.046707
-2.956280 0.719790 0.055400
-5.019070 1.203590 0.041587
-5.023086 2.134779 0.044356
-4.378920 2.758691 0.049305
-4.686501 1.009171 0.048327
-4.553295 -0.384084 0.050199
-3.168156 0.126517 0.047551
-4.567826 -0.750486 0.050088
-3.832095 0.135894 0.049159
-0.413022 -0.329671 0.050566
-0.099854 -0.343689 0.043276
-0.211320 -0.233360 0.054609
-0.549728 -0.230295 0.057658
-0.519049 -0.035080 0.050719
-3.335288 1.922463 0.041148
-4.281095 1.705387 0.048456
-4.412287 1.832240 0.047600
-1.769974 7.330372 0.038685
-2.325456 7.322840 0.033496
-2.574493 7.221516 0.046958
-2.520085 7.374108 0.041051
-1.825630 -8.935520 0.045794
-1.637199 -9.024992 0.038678
-1.504287 -8.934636 0.045752
-0.178618 -7.419168 0.038401
-4.101503 -8.002588 0.048655
-2.719034 -9.022263 0.040886
-2.531242 -8.749007 0.045526
-2.554100 -8.930607 0.046937
-3.280863 8.072818 0.045089
-3.427766 8.191171 0.042792
-2.555216 8.930431 0.046989
-2.346044 8.484374 0.043818
-2.357113 8.663596 0.042496
-2.532695 8.748694 0.045559
-2.677688 8.654097 0.041729
-1.691949 8.673000 0.042940
-1.826584 8.935456 0.045822
-2.232069 8.933763 0.046844
-2.198691 8.755826 0.044923
-2.026164 8.671747 0.043267
-1.861318 8.759647 0.043828
-1.017510 9.024734 0.041132
-1.330099 9.024622 0.040555
-1.181121 8.934356 0.045361
-1.357749 8.671384 0.042871
-1.189578 8.757272 0.043575
-1.822286 7.702221 0.043723
-1.831947 7.882101 0.043130
-2.498432 8.198024 0.043495
-2.502179 8.383481 0.043974
-2.658241 8.468106 0.043004
-1.974647 7.608621 0.042458
-1.939953 7.423467 0.044222
-2.050971 7.328095 0.036552
-2.233305 7.415935 0.042762
-2.288332 7.596669 0.041897
-2.140691 7.693983 0.043670
-4.332483 7.810748 0.041254
-4.151415 7.830679 0.043776
-4.761863 7.375209 0.040531
-5.030794 6.980598 0.043406
-4.711852 7.014743 0.043894
-4.964892 7.161050 0.041282
-4.813884 7.183983 0.042763
-5.020691 6.639652 0.046341
-4.768551 6.819608 0.041961
-4.936485 6.808396 0.047119
-3.947319 6.096520 0.045975
-4.110752 6.180809 0.045984
-3.453704 6.435598 0.049089
-3.622537 6.111593 0.041421
-3.765739 6.197881 0.048858
-3.656188 6.491253 0.043026
-3.784670 6.383562 0.049316
-2.766567 7.012319 0.044406
-2.599792 7.532879 0.043190
-2.460190 7.662345 0.041782
-2.482192 7.833978 0.044904
-3.606937 7.402974 0.045794
-3.433986 7.128126 0.043946
-3.434379 7.303743 0.044284
-3.285341 7.893197 0.044313
-3.596832 8.131637 0.047101
-3.936914 8.028816 0.048353
-3.902364 8.224502 0.045583
-3.731283 8.267325 0.045497
-3.617765 7.584234 0.045280
-3.451769 7.653035 0.044735
-3.454757 7.827041 0.045806
-3.789754 7.698243 0.046651
-3.788347 7.887130 0.046854
-3.619346 7.947128 0.044847
-3.090697 7.105308 0.043390
-2.936455 6.980336 0.043717
-2.971177 6.801581 0.043537
-3.269467 7.036126 0.044218
-5.027874 -4.717095 0.044045
-4.938600 -4.544100 0.047392
-4.534116 -7.582570 0.045455
-3.453155 -6.438438 0.048871
-1.483236 -7.331021 0.039763
-5.003346 -5.355896 0.050326
-4.920755 -5.510888 0.045049
-3.329626 -5.414270 0.041610
-5.017967 -2.505451 0.045507
-4.914068 -3.254837 0.046377
-5.019095 2.464155 0.045701
-4.600583 3.064420 0.048117
-4.301476 3.230027 0.045864
-4.004172 3.402597 0.044021
-4.090748 3.248156 0.048526
-3.332593 4.839444 0.040745
-5.025251 -1.237912 0.040702
-4.998140 -0.938431 0.047725
-3.578046 1.106440 0.051463
-3.761056 1.202184 0.047346
-3.490684 0.323280 0.049197
-3.966593 1.462028 0.043635
-3.775947 1.362964 0.045280
-3.965119 0.948212 0.048523
-3.953603 1.116047 0.045667
-3.201098 0.943813 0.050419
-3.008484 0.900622 0.046788
-4.921921 1.340618 0.051245
-5.017851 1.519167 0.044377
-4.299489 1.519217 0.048777
-4.305221 1.135918 0.050093
-4.122257 1.397677 0.046808
-4.124158 1.212476 0.045526
-5.026156 0.452021 0.036497
-4.899275 0.359838 0.053616
-5.026156 0.635516 0.036864
-4.901313 0.732618 0.052640
-5.019070 1.017247 0.038854
-4.894227 0.932137 0.059293
-4.183889 0.332902 0.048676
-4.712407 -0.474184 0.043228
-4.720547 -0.666821 0.045400
-5.027331 -0.471878 0.036131
-4.902331 -0.380379 0.052931
-5.027331 -0.656287 0.036621
-4.910471 -0.757426 0.050739
-5.026867 0.083148 0.036632
-4.899986 0.174619 0.052140
-5.026867 -0.101381 0.036553
-4.901867 -0.193631 0.052115
-3.320245 -0.177909 0.052211
-3.336191 0.024462 0.044827
-3.659022 0.029048 0.050012
-3.497580 0.116615 0.048070
-3.158421 -0.241241 0.043068
-4.370205 -0.478240 0.047834
-4.376597 -0.652005 0.044577
-3.669416 -0.716203 0.048360
-4.006921 0.049668 0.048371
-4.187074 0.151098 0.049526
-0.663198 0.241251 0.055823
-0.704410 0.047293 0.053517
-3.427480 3.952521 0.045474
-3.318530 3.788750 0.038382
-4.360809 2.029026 0.049137
-3.336264 2.500708 0.038479
-3.336264 2.667767 0.037648
-3.647356 2.715416 0.048059
-3.441029 2.764279 0.048336
-3.339765 2.939188 0.040455
-3.446355 3.054807 0.048548
-4.075889 2.951826 0.047824
-3.965575 2.820358 0.046350
-3.975395 3.115025 0.045664
-3.756608 2.852732 0.045552
-3.765345 3.148039 0.045955
-3.656871 3.017215 0.048127
-4.441959 4.039081 0.045601
-4.314469 4.183222 0.044615
-5.026058 4.355164 0.044731
-4.939264 4.526322 0.047505
-5.028206 4.700288 0.044215
-4.661372 4.358911 0.042226
-4.675561 4.681172 0.043279
-4.774632 4.521268 0.041465
-4.074822 3.980971 0.042701
-4.111790 4.139929 0.046812
-4.572254 5.293525 0.047611
-5.003453 5.343580 0.050587
-3.615895 5.916638 0.041934
-3.343709 5.707723 0.044973
-3.432343 5.859557 0.044807
-0.626008 7.330284 0.037961
-0.744974 7.426276 0.044265
-0.087714 7.325142 0.035580
-1.180379 -8.934392 0.045330
-2.412122 -9.023344 0.039566
-2.231035 -8.933872 0.046787
-2.355616 -8.663881 0.042452
-2.197387 -8.756009 0.044888
-1.860170 -8.759772 0.043801
-2.024862 -8.671917 0.043227
-2.018633 -8.497093 0.043299
-4.330095 -7.813409 0.041199
-4.148810 -7.833637 0.043667
-4.370988 -7.624054 0.044713
-4.587160 -7.401810 0.048839
-3.900138 -8.226715 0.045525
-3.934403 -8.031394 0.048250
-2.719883 9.022161 0.040906
-3.193330 8.939385 0.045532
-2.858472 8.736622 0.046197
-3.023356 9.015788 0.041775
-2.878146 8.922949 0.048268
-3.449938 8.703236 0.041380
-3.510909 8.514007 0.043402
-3.391876 8.385228 0.046185
-3.258191 8.762550 0.048359
-1.689111 8.500177 0.043404
-2.020100 8.496879 0.043328
-2.181558 8.401736 0.044178
-1.846985 8.236350 0.043473
-1.852415 8.411956 0.043478
-2.112681 9.025493 0.036335
-1.934598 9.025493 0.035393
-1.356979 8.498352 0.043130
-1.520751 8.412577 0.043304
-1.642366 7.426398 0.044762
-1.659983 7.613094 0.042531
-1.483952 7.331027 0.039773
-2.807322 8.358476 0.044416
-3.115188 8.152342 0.044531
-2.335652 8.122086 0.044620
-2.325147 7.947105 0.042334
-2.174914 8.224905 0.042902
-2.155504 7.872787 0.043188
-1.999120 7.967305 0.043358
-2.008025 8.144442 0.043469
-3.933294 7.592923 0.049402
-4.079220 7.650842 0.041178
-4.536297 7.579995 0.045485
-4.373465 7.620910 0.044817
-4.589419 7.398797 0.048953
-4.226073 7.516270 0.041910
-3.323634 5.998351 0.039853
-3.350351 6.281640 0.045257
-3.438985 6.154432 0.043174
-4.477629 6.719203 0.046039
-4.652348 6.665270 0.045182
-3.977642 6.459253 0.044545
-4.122143 6.357861 0.046006
-4.316565 6.439542 0.047298
-4.327218 6.617109 0.047125
-3.947431 5.921551 0.043294
-3.759209 5.827957 0.049815
-3.760878 5.660826 0.042947
-4.920999 5.499560 0.045213
-5.032547 5.661166 0.042458
-4.929058 5.822710 0.045064
-4.928348 6.477808 0.043762
-4.727938 6.492215 0.050075
-4.286435 6.073097 0.046780
-4.006785 6.651137 0.048286
-4.161940 6.727311 0.042160
-2.906762 7.328625 0.044638
-3.084380 7.269066 0.044626
-3.263543 7.375501 0.044441
-3.270105 7.543532 0.045512
-3.279666 6.867129 0.041718
-3.135618 6.757557 0.041593
-3.426761 6.752252 0.039238
-3.357676 6.567718 0.041212
-3.179360 6.575909 0.040620
-5.025726 -4.374504 0.044521
-5.013950 -4.056667 0.047650
-4.924676 -4.211624 0.043726
-4.674202 -4.696784 0.043156
-4.773452 -4.538326 0.041306
-3.904675 -3.742661 0.041170
-4.072680 -3.994376 0.042709
-3.898512 -3.921579 0.040967
-3.762292 -4.200092 0.044811
-3.736049 -4.018482 0.050128
-5.020256 -6.644346 0.046188
-4.650615 -6.671026 0.045101
-3.785709 -7.889822 0.046761
-3.267664 -7.545697 0.045422
-3.449180 -7.655443 0.044669
-4.018789 -7.060626 0.044535
-3.350185 -6.283856 0.044881
-3.323682 -6.002047 0.039616
-3.438868 -6.158497 0.042915
-3.356796 -6.569135 0.041173
-3.178773 -6.576195 0.040568
-3.424979 -6.754429 0.039203
-0.352350 -7.329016 0.036388
-4.905622 -5.204393 0.049136
-5.017276 -5.044766 0.046857
-4.930150 -4.884647 0.045203
-4.701697 -5.181828 0.048097
-4.741625 -4.870109 0.047774
-4.624825 -5.007663 0.045091
-3.941514 -5.578455 0.042162
-3.438069 -5.257675 0.045449
-5.022650 -2.181580 0.044130
-4.925616 -2.342769 0.048384
-5.011616 -3.104888 0.047502
-4.908308 -2.655748 0.044408
-4.691317 -2.642467 0.049400
-5.005341 -2.803878 0.048809
-4.901957 -2.949949 0.047852
-5.017452 -3.415220 0.046284
-4.071054 -2.969994 0.047585
-5.012089 3.073496 0.047866
-4.694775 2.912028 0.047077
-4.696249 2.605465 0.049809
-4.583347 2.751368 0.049679
-4.910588 2.617285 0.044956
-5.006492 2.768067 0.049054
-4.903582 2.916908 0.048272
-4.199748 3.842609 0.039771
-4.364207 3.857427 0.047528
-4.085581 3.683991 0.041653
-4.139794 3.535999 0.047481
-5.022742 -1.566485 0.043393
-4.932993 -1.386686 0.050636
-3.399351 0.843962 0.050460
-3.422710 0.690709 0.054587
-3.598575 0.933893 0.045511
-3.793101 0.861802 0.046831
-3.271540 0.589777 0.044024
-3.329323 0.404742 0.043434
-3.073611 0.589255 0.044155
-3.011973 0.406118 0.043203
-3.168184 0.300131 0.045749
-3.728584 1.938032 0.042030
-4.081282 1.761493 0.047931
-3.944011 1.639674 0.045045
-2.988537 0.046675 0.047217
-2.994747 -0.118712 0.043861
-3.653141 1.781904 0.050352
-3.745696 1.650390 0.042964
-3.437844 1.774667 0.044633
-3.337557 1.644137 0.041159
-3.640626 1.476754 0.043444
-3.447783 1.477737 0.051788
-3.222370 1.113094 0.045386
-3.400095 1.185790 0.048185
-3.345227 1.362759 0.040878
-4.604360 1.804400 0.048206
-4.701813 1.647915 0.050297
-4.724003 1.963519 0.046316
-4.913369 1.660636 0.046064
-5.010519 1.821278 0.046934
-4.918605 1.967675 0.046658
-4.449735 1.240728 0.043247
-4.631965 1.180549 0.045809
-4.742541 1.330548 0.043843
-4.626915 1.496376 0.043931
-4.445904 1.438824 0.044927
-4.544405 0.351973 0.050879
-4.704124 0.449808 0.044484
-4.357207 0.434601 0.048608
-4.706161 0.639092 0.046036
-4.543301 0.167171 0.050294
-4.703730 0.079787 0.044803
-4.361069 -0.116038 0.047175
-4.359288 0.067994 0.047804
-4.546963 -0.200582 0.050476
-4.705611 -0.103934 0.044611
-3.337979 -1.636365 0.040840
-4.203817 -0.744716 0.048653
-4.018109 -0.671741 0.046395
-3.847372 -0.783000 0.048092
-4.012221 -0.494093 0.048224
-4.006800 -0.132001 0.047946
-4.191537 -0.393304 0.048106
-4.188733 -0.214604 0.049908
-3.321447 -0.594509 0.049482
-3.660831 -0.531231 0.047572
-3.657330 -0.162165 0.046976
-3.479942 -0.276969 0.050023
-3.480826 -0.462643 0.049209
-3.830282 -0.236989 0.049893
-3.832899 -0.420380 0.048302
-0.749976 -0.340625 0.049197
-3.669104 3.317248 0.047853
-3.792579 3.438674 0.046622
-3.455866 3.347701 0.050892
-3.349275 3.495589 0.045426
-3.432806 3.640558 0.046444
-4.654851 2.129047 0.045961
-4.483729 2.166714 0.042160
-4.753548 2.296019 0.041685
-4.631123 2.450760 0.043925
-4.463993 2.372186 0.042405
-4.200072 2.085774 0.043519
-3.899623 2.012952 0.041565
-4.051737 1.945095 0.050176
-4.057136 2.652630 0.047236
-4.263137 2.616636 0.048306
-4.313036 2.433185 0.050490
-4.172036 2.284461 0.043003
-3.431304 2.389367 0.045601
-3.608326 2.086683 0.041429
-3.330040 2.219794 0.039180
-3.430327 2.078351 0.050515
-5.019257 3.711505 0.046505
-4.918540 3.873125 0.048400
-5.014283 4.034619 0.047921
-4.925341 4.191352 0.043948
-4.727987 3.872044 0.045469
-4.623678 4.042339 0.049080
-4.725288 4.200153 0.049290
-3.597271 3.911233 0.041109
-3.737675 4.007575 0.050313
-3.900381 3.909638 0.041020
-3.906511 3.730201 0.041370
-3.749131 3.618286 0.050802
-3.602596 3.701381 0.040450
-3.763798 4.189241 0.044957
-3.963472 4.250262 0.043170
-4.506105 4.627975 0.041774
-4.340655 4.356492 0.050745
-4.494065 4.425872 0.042158
-4.369768 5.228908 0.046080
-5.017518 5.030339 0.047069
-4.930724 4.869233 0.045374
-4.905970 5.191242 0.049395
-4.702334 5.169009 0.048379
-4.742711 4.855172 0.047985
-4.625868 4.994046 0.045291
-3.438348 5.559161 0.050299
-3.623569 5.541045 0.042272
-3.329640 5.408007 0.041776
-0.703942 9.025096 0.040690
-0.856519 8.934829 0.045300
-0.526550 8.758593 0.045119
-0.530753 8.936392 0.045682
-0.084524 8.132757 0.034433
-0.534016 7.697642 0.045250
-0.711352 7.611123 0.041267
-1.024967 7.970245 0.042891
-0.860550 7.701990 0.044580
-0.856793 7.879925 0.043963
-0.084524 7.952756 0.034032
-0.199888 7.866843 0.046112
-0.178682 7.419210 0.038450
-0.396337 7.606863 0.039282
-0.090969 7.598159 0.036354
-0.206333 7.690528 0.045524
-0.352417 7.329068 0.036413
-0.454707 7.424351 0.042375
-0.084581 -8.491941 0.034170
-0.198503 -8.403338 0.045853
-0.699461 -8.493890 0.041774
-0.524552 -8.405038 0.045051
-0.381701 -8.493266 0.039508
-0.382561 -8.671118 0.039420
-1.188765 -8.757326 0.043553
-1.026195 -8.669990 0.042623
-1.016906 -9.024747 0.041104
-0.856848 -8.757162 0.044023
-0.700201 -8.669627 0.041761
-0.703515 -9.025107 0.040659
-0.855944 -8.934855 0.045270
-0.530369 -8.936415 0.045648
-0.526153 -8.758627 0.045092
-1.933791 -9.025528 0.035398
-2.111888 -9.025528 0.036308
-3.277760 -6.868408 0.041765
-2.970469 -6.802108 0.043491
-3.134523 -6.758168 0.041532
-2.676064 -8.654558 0.041673
-2.344368 -8.484700 0.043786
-2.179910 -8.402004 0.044137
-1.850997 -8.412139 0.043443
-1.502442 -7.704499 0.043884
-0.090897 -7.598124 0.036324
-4.207227 -7.341703 0.049786
-4.223358 -7.520067 0.041854
-4.032759 -7.258832 0.043034
-4.076444 -7.654386 0.041096
-4.760159 -7.377272 0.040569
-4.709752 -7.018702 0.043889
-5.030289 -6.982681 0.043271
-4.964067 -7.162417 0.041321
-4.812260 -7.186508 0.042777
-4.766815 -6.824172 0.041892
-4.935545 -6.812242 0.047094
-4.564543 -7.051655 0.040742
-4.329788 -7.219841 0.042451
-4.494052 -7.243999 0.041172
-1.517801 8.237944 0.043641
-1.674597 7.972826 0.043423
-1.680730 8.149938 0.043109
-1.353050 8.149304 0.042830
-1.042524 7.427117 0.044853
-1.195603 7.331125 0.039972
-1.342582 7.427151 0.044921
-1.028354 7.613268 0.042065
-2.950415 8.437895 0.040491
-2.982119 8.630051 0.040652
-3.160224 8.639543 0.040153
-3.232937 8.451450 0.040386
-3.103152 8.336917 0.042416
-2.647289 7.899475 0.043869
-2.653022 8.088540 0.044136
-2.805851 8.164367 0.042783
-2.960980 8.059211 0.042955
-3.751465 7.299357 0.044829
-3.905833 7.375298 0.044565
-4.496837 7.239942 0.041208
-4.567248 7.047114 0.040738
-4.449229 6.905911 0.040807
-4.601681 5.476550 0.050503
-4.746790 5.559575 0.042902
-4.754848 5.768295 0.043454
-4.618154 5.867234 0.050486
-5.022657 6.316134 0.045765
-5.011511 5.986504 0.048696
-4.919168 6.148551 0.050643
-4.429076 5.594972 0.046153
-4.437490 5.776936 0.044297
-4.106393 5.820050 0.046120
-4.281965 5.887307 0.046005
-4.739968 6.172313 0.043231
-4.613164 6.049976 0.044790
-4.436971 6.145467 0.042636
-4.455710 6.334860 0.044206
-4.643048 6.354302 0.042608
-2.769967 7.592856 0.047280
-2.918582 7.501107 0.046448
-2.795460 7.787818 0.042420
-2.956323 7.871728 0.045863
-3.115009 7.785238 0.045252
-3.102762 7.609579 0.043849
-3.343567 -4.094027 0.042899
-5.011387 -5.995351 0.048459
-4.928795 -5.832453 0.044919
-4.109882 -6.187971 0.045814
-4.454614 -6.342329 0.044021
-4.098690 -5.644491 0.046018
-4.105925 -5.828414 0.045958
-3.783717 -6.389108 0.049150
-3.655209 -6.495920 0.042852
-3.869353 -6.972535 0.044954
-3.584060 -7.021724 0.042797
-3.728854 -7.094417 0.044191
-3.567313 -6.815079 0.045421
-3.701183 -6.687268 0.044641
-3.858429 -6.772030 0.044872
-3.946718 -6.103348 0.045827
-3.947051 -5.928897 0.043112
-3.765135 -6.203705 0.048662
-3.622339 -6.117163 0.041233
-2.519008 -7.374641 0.041071
-0.625791 -7.330249 0.037926
-0.454472 -7.424265 0.042321
-3.327319 -4.551054 0.035621
-3.631333 -4.319153 0.048388
-3.327319 -4.378054 0.036249
-3.435886 -4.265395 0.051377
-3.343442 -5.125770 0.043990
-1.341733 -7.427133 0.044885
-1.195024 -7.331112 0.039947
-1.343600 -7.613904 0.042378
-4.429362 -4.952036 0.045424
-4.303700 -5.061182 0.046146
-4.099120 -4.996186 0.047477
-4.056936 -4.816947 0.049218
-4.008597 -4.438571 0.049602
-4.109505 -4.153631 0.046596
-3.961580 -4.262445 0.043046
-3.623415 -5.548327 0.042144
-3.432302 -5.864809 0.044723
-3.615773 -5.922747 0.041771
-3.343620 -5.712866 0.044697
-3.438246 -5.565464 0.050123
-3.760600 -5.668319 0.042782
-3.758902 -5.834838 0.049610
-3.718633 -5.382473 0.042066
-3.641907 -5.243016 0.045950
-3.765443 -5.089650 0.044468
-3.969479 -5.112540 0.046021
-4.040851 -5.285477 0.045375
-3.913541 -5.402044 0.043111
-4.749402 -2.341244 0.041619
-4.624761 -2.490646 0.043319
-4.454906 -2.410321 0.042096
-4.691756 -2.943438 0.046550
-4.578148 -2.784087 0.049229
-4.278353 -2.949852 0.046899
-4.372580 -2.786843 0.048615
-5.019104 -3.736395 0.046159
-4.918054 -3.896090 0.048124
-4.921556 -3.571835 0.047319
-4.727038 -3.893664 0.045213
-4.197961 -3.857874 0.039641
-4.362581 -3.875057 0.047394
-4.084030 -3.698509 0.041437
-4.289198 -1.754922 0.046728
-4.330699 -1.576253 0.049778
-4.082286 -1.789657 0.044788
-4.714325 -1.048311 0.046783
-4.563684 -0.925467 0.047459
-4.302636 -2.463768 0.049571
-4.254297 -2.642146 0.048412
-4.712025 3.221665 0.047963
-4.914725 3.225861 0.046784
-5.017635 3.387360 0.046670
-4.921892 3.546055 0.047640
-4.638825 3.703510 0.048374
-4.456762 3.692150 0.044872
-4.732013 3.539140 0.046035
-4.625056 3.376250 0.046132
-4.421622 3.377810 0.048980
-4.346516 3.529340 0.043228
-4.919342 -1.714376 0.044308
-5.011600 -1.870947 0.046550
-4.919249 -2.018718 0.045759
-4.712702 -1.704961 0.049057
-3.648946 0.419424 0.050535
-3.638755 0.601817 0.044647
-3.809922 0.682979 0.048691
-3.828915 0.319605 0.047802
-3.991755 0.596164 0.047539
-4.000557 0.415184 0.048570
-1.991753 -0.253723 0.049775
-2.191227 -0.347348 0.053383
-2.256195 0.343917 0.045303
-2.765432 0.676951 0.043050
-2.810920 0.148562 0.045717
-2.834328 0.334391 0.051880
-2.441297 0.282291 0.045512
-2.705118 0.474688 0.050895
-2.546438 0.444635 0.042326
-4.529146 0.887772 0.048032
-4.541720 0.717213 0.051510
-4.352485 0.610557 0.045733
-4.330097 0.954341 0.045451
-4.160550 0.863064 0.047304
-4.170364 0.689839 0.049441
-3.445068 -1.460962 0.053103
-3.342089 -1.352418 0.039647
-3.437335 -1.762955 0.045479
-3.650450 -1.768667 0.050820
-3.724386 -1.928653 0.041974
-3.334357 -1.916327 0.040917
-3.083781 -0.412044 0.044751
-3.140357 -0.567061 0.050182
-2.984587 -0.725265 0.045326
-2.799143 -0.696974 0.045061
-3.011334 -0.894329 0.047291
-0.780152 0.339369 0.041946
-0.967931 0.339369 0.043088
-3.941340 2.523294 0.045304
-3.705975 2.247368 0.043331
-3.882263 2.207747 0.041553
-4.006341 2.338576 0.049541
-3.740527 2.553705 0.045264
-3.629240 2.408609 0.047263
-3.632329 4.309256 0.048580
-3.327467 4.370193 0.036364
-3.436416 4.256669 0.051608
-3.327467 4.543232 0.035638
-3.425059 4.656713 0.051086
-3.725223 4.795956 0.041197
-3.599252 4.635705 0.041728
-3.697573 4.487419 0.043311
-4.430594 4.939090 0.045680
-4.304574 5.049438 0.046370
-4.377982 4.747019 0.048366
-4.099981 4.985178 0.047708
-3.718710 5.374300 0.042184
-3.969920 5.102519 0.046205
-0.392528 9.026296 0.038870
-0.090128 9.027125 0.035640
-0.205022 8.938421 0.045769
-0.382797 8.671086 0.039454
-0.084600 8.491937 0.034179
-0.084600 8.671777 0.034286
-0.199493 8.761009 0.045977
-0.857463 8.757126 0.044045
-0.700683 8.669593 0.041796
-0.699971 8.493867 0.041805
-1.026910 8.669946 0.042657
-0.700022 8.142384 0.041773
-0.701027 7.966195 0.041886
-0.383325 7.960316 0.039395
-0.527448 7.874780 0.045118
-0.392297 -9.026308 0.038840
-0.090100 -9.027123 0.035630
-0.204882 -8.938431 0.045721
-0.084581 -8.671780 0.034280
-0.199363 -8.761029 0.045931
-2.935332 -6.981142 0.043672
-2.905046 -7.329973 0.044613
-2.948430 -8.438737 0.040453
-3.101049 -8.337999 0.042375
-3.100519 -7.611407 0.043792
-2.916665 -7.502589 0.046351
-2.805278 -8.359247 0.044378
-2.496447 -8.198516 0.043464
-2.656373 -8.468682 0.042972
-2.500303 -8.383950 0.043927
-2.650897 -8.089235 0.044090
-2.803658 -8.165234 0.042746
-2.333769 -8.122459 0.044582
-2.173167 -8.225197 0.042871
-1.690812 -8.673125 0.042903
-1.687869 -8.500317 0.043378
-1.523361 -8.758517 0.043570
-1.519578 -8.412672 0.043273
-1.356813 -8.671460 0.042837
-1.355973 -8.498423 0.043103
-1.658684 -7.613114 0.042501
-1.641345 -7.426407 0.044727
-1.769184 -7.330386 0.038701
-1.820832 -7.702301 0.043696
-1.830455 -7.882211 0.043102
-1.845498 -8.236517 0.043445
-2.006391 -8.144664 0.043434
-1.997486 -7.967502 0.043328
-1.507371 -7.884372 0.043128
-1.351964 -8.149331 0.042800
-1.348892 -7.972828 0.043282
-1.516583 -8.238018 0.043616
-1.679375 -8.150040 0.043078
-1.673236 -7.972897 0.043393
-0.206113 -7.690455 0.045481
-0.533468 -7.697552 0.045219
-0.395956 -7.606748 0.039256
-1.187501 -8.409956 0.043460
-1.186487 -8.235518 0.043776
-1.025770 -8.495656 0.042643
-1.024647 -8.146159 0.042478
-0.855682 -8.407091 0.044028
-0.855573 -8.232033 0.044192
-3.112946 -8.153662 0.044479
-2.958707 -8.060387 0.042907
-3.112720 -7.786969 0.045170
-2.954086 -7.873077 0.045806
-3.616847 -7.949466 0.044770
-3.278564 -8.074469 0.045015
-3.452274 -7.829270 0.045713
-3.282960 -7.895086 0.044249
-1.183887 7.883096 0.043365
-1.183518 7.704053 0.044183
-1.344668 7.613929 0.042407
-1.349990 7.972825 0.043313
-1.503655 7.704500 0.043912
-1.508607 7.884353 0.043154
-3.871925 6.967864 0.045032
-3.569378 6.811671 0.045502
-3.586801 7.018547 0.042823
-3.731722 7.090547 0.044294
-3.702776 6.682791 0.044747
-3.860402 6.766984 0.044991
-4.035797 7.254344 0.043132
-4.210112 7.337397 0.049908
-4.332825 7.215278 0.042599
-4.021632 7.055720 0.044660
-4.165264 6.931014 0.046731
-4.302142 7.007520 0.040886
-4.236297 5.337862 0.046749
-4.266178 5.520900 0.045331
-3.913630 5.393139 0.043223
-4.041042 5.275731 0.045576
-3.941728 5.569977 0.042294
-4.099021 5.635607 0.046169
-3.654051 -3.025865 0.048268
-3.762665 -3.159349 0.045924
-3.972072 -3.130559 0.045773
-3.747517 -3.629629 0.050691
-3.790771 -3.450762 0.046401
-3.667373 -3.327585 0.047880
-3.348873 -3.503204 0.045404
-3.454915 -3.355652 0.050874
-4.739415 -6.180491 0.043046
-4.918859 -6.156543 0.050451
-5.022472 -6.323015 0.045562
-4.927728 -6.483848 0.043646
-4.642118 -6.361712 0.042418
-4.726817 -6.498598 0.049848
-4.315186 -6.446250 0.047125
-4.005064 -6.656786 0.048158
-4.120908 -6.364433 0.045852
-3.976327 -6.465213 0.044395
-4.571756 -5.305264 0.047386
-4.265881 -5.530790 0.045168
-4.236014 -5.348187 0.046568
-4.369222 -5.240246 0.045834
-4.754407 -5.778187 0.043281
-4.428625 -5.605108 0.045964
-4.746366 -5.570419 0.042715
-4.601293 -5.487522 0.050290
-3.261059 -7.377650 0.044400
-3.431566 -7.306260 0.044195
-3.431175 -7.130560 0.043910
-3.267208 -7.037894 0.044144
-3.082294 -7.270743 0.044552
-3.088835 -7.106688 0.043395
-3.786927 -7.701196 0.046551
-3.930388 -7.596384 0.049330
-3.614971 -7.587012 0.045181
-3.603962 -7.405877 0.045723
-3.902834 -7.379192 0.044478
-3.748364 -7.302870 0.044753
-2.324776 -7.323019 0.033597
-3.874523 -4.554624 0.041896
-3.696547 -4.497559 0.043151
-3.897238 -4.745111 0.042100
-0.856025 -7.879869 0.043940
-1.182526 -7.704016 0.044155
-1.182888 -7.883068 0.043341
-1.024121 -7.970212 0.042859
-4.208565 -4.690370 0.044232
-4.182941 -4.502481 0.042539
-4.504452 -4.642765 0.041647
-4.376412 -4.760463 0.048168
-4.312183 -4.198655 0.044513
-4.492267 -4.441570 0.041979
-4.338603 -4.371378 0.050543
-4.439978 -4.056582 0.045423
-4.622224 -4.061672 0.048821
-4.723966 -4.219055 0.048998
-4.659868 -4.376162 0.042112
-4.138189 -3.552753 0.047031
-4.088095 -3.266070 0.048185
-4.002087 -3.418038 0.043868
-3.743054 -1.631765 0.045188
-3.944533 -1.645395 0.047947
-3.637029 -1.450650 0.044790
-4.667413 -1.226211 0.043459
-4.501711 -1.292767 0.041550
-4.769221 -1.381363 0.040272
-4.489137 -1.495030 0.042088
-4.652330 -1.551746 0.042604
-4.160241 -2.307892 0.043132
-4.191772 -2.115164 0.042709
-3.892310 -2.011883 0.041419
-4.045109 -1.959574 0.051077
-4.651180 -2.176904 0.045567
-4.723995 -2.015567 0.045814
-4.355904 -2.070759 0.048592
-4.476642 -2.210041 0.041953
-4.416153 -1.880436 0.047039
-4.609705 -1.858381 0.046684
-1.820657 -0.346375 0.052094
-1.457038 -0.344724 0.051519
-1.629412 -0.251099 0.050865
-2.347712 -0.229196 0.054708
-2.308832 -0.031945 0.046536
-2.469744 0.107110 0.052868
-2.643895 0.047417 0.050058
-2.105993 0.240975 0.050167
-2.130184 0.040294 0.051112
-1.969589 -0.063331 0.051985
-1.935883 0.337058 0.048274
-3.212532 -1.108373 0.044375
-3.192408 -0.931097 0.049455
-3.535797 -1.047537 0.049965
-3.387957 -1.171707 0.046406
-3.514715 -0.842587 0.046523
-3.346751 -0.789480 0.047355
-0.893012 -0.050854 0.052310
-0.907899 -0.243557 0.054253
-1.099442 -0.342932 0.050838
-1.268395 -0.247656 0.052321
-1.776361 0.235219 0.052563
-1.616797 -0.059606 0.052283
-1.785877 0.035510 0.049928
-4.210193 4.677688 0.044409
-4.184906 4.489265 0.042689
-3.898495 4.734219 0.042287
-4.058213 4.805500 0.049422
-4.010402 4.426327 0.049867
-3.875971 4.543469 0.042000
-3.659488 4.940715 0.050084
-3.765745 5.080495 0.044654
-3.641947 5.234869 0.046048
-3.441050 4.963195 0.045299
-3.343458 5.118566 0.044134
-3.438097 5.250459 0.045558
-0.198570 8.224450 0.045897
-0.198645 8.403322 0.045901
-0.382006 8.137920 0.039670
-0.525123 8.228573 0.045115
-0.524991 8.405020 0.045082
-0.381949 8.493239 0.039541
-0.856291 8.232038 0.044215
-0.856373 8.407074 0.044054
-1.025471 8.146170 0.042508
-1.026533 8.495621 0.042671
-1.187452 8.235500 0.043800
-1.188431 8.409915 0.043487
-2.573930 -7.221953 0.046862
-2.742123 -7.197658 0.046047
-2.765869 -7.012882 0.044347
-2.598051 -7.533631 0.043178
-2.768116 -7.593933 0.047229
-2.793335 -7.788859 0.042373
-2.645195 -7.900170 0.043839
-2.323260 -7.947490 0.042302
-2.458311 -7.662869 0.041751
-2.480236 -7.834482 0.044873
-2.153753 -7.873066 0.043157
-0.084509 -7.952765 0.034026
-0.199724 -7.866819 0.046060
-0.084509 -8.132760 0.034425
-0.198430 -8.224454 0.045851
-3.594492 -8.133711 0.047028
-3.425524 -8.192899 0.042736
-3.729089 -8.269389 0.045433
-3.679384 -8.457388 0.044204
-3.438757 -2.767056 0.048601
-3.341042 -3.222420 0.042909
-3.338843 -2.943261 0.040483
-3.444886 -3.060868 0.048656
-3.432154 -3.649031 0.046297
-3.601358 -3.711225 0.040323
-3.318281 -3.796561 0.038315
-3.596052 -3.921160 0.040968
-3.426848 -3.961203 0.045379
-4.475518 -6.725038 0.045860
-4.325377 -6.623219 0.046984
-4.159836 -6.732976 0.042023
-4.446509 -6.911137 0.040753
-4.162637 -6.936311 0.046617
-4.299168 -7.012654 0.040756
-4.612688 -6.058735 0.044691
-4.617743 -5.876589 0.050265
-4.437035 -5.786407 0.044140
-4.281525 -5.896013 0.045849
-4.436269 -6.153659 0.042529
-4.285815 -6.081119 0.046621
-1.973100 -7.608763 0.042427
-2.232079 -7.416188 0.042769
-1.938792 -7.423555 0.044196
-2.050190 -7.328169 0.036610
-2.286571 -7.597049 0.041871
-2.138989 -7.694238 0.043642
-3.424682 -4.665055 0.050926
-3.598463 -4.645057 0.041569
-3.332364 -4.847200 0.040618
-3.440806 -4.971175 0.045151
-3.658968 -4.949714 0.049889
-3.724307 -4.805742 0.041013
-0.710715 -7.611042 0.041237
-0.859766 -7.701925 0.044552
-0.744522 -7.426221 0.044220
-1.027500 -7.613217 0.042036
-0.907938 -7.330972 0.039319
-1.041865 -7.427084 0.044815
-4.345317 -3.549120 0.042886
-4.731457 -3.563443 0.045667
-4.637989 -3.725576 0.048118
-4.455778 -3.712059 0.044534
-4.184016 -1.458663 0.041404
-4.004762 -1.493070 0.042775
-3.874262 -2.210650 0.041322
-3.995529 -2.351070 0.049487
-2.834674 -0.214631 0.045057
-2.661439 -0.150389 0.046563
-2.526166 -0.287947 0.047695
-2.570534 -0.478914 0.043176
-2.753834 -0.519897 0.049469
-2.882701 -0.393171 0.042676
-3.334914 -2.668996 0.037344
-3.334914 -2.500930 0.038221
-1.612306 0.338160 0.048242
-1.434753 0.038689 0.050859
-1.258726 -0.055737 0.052140
-1.287253 0.338586 0.046808
-1.439778 0.236747 0.053623
-1.098388 0.237956 0.055371
-1.074886 0.041690 0.052112
-3.192604 -8.939847 0.045457
-3.022741 -9.015971 0.041773
-2.877078 -8.923234 0.048208
-2.856966 -8.737129 0.046155
-2.980427 -8.630744 0.040609
-3.448574 -8.704411 0.041341
-3.509104 -8.515506 0.043375
-3.158548 -8.640416 0.040119
-3.256874 -8.763414 0.048337
-3.230985 -8.452602 0.040359
-3.389840 -8.386695 0.046131
-0.526940 -7.874713 0.045090
-0.383040 -7.960273 0.039362
-0.699468 -8.142362 0.041739
-0.700446 -7.966146 0.041852
-0.524669 -8.228569 0.045089
-0.381746 -8.137913 0.039633
-3.429782 -2.387079 0.046478
-3.329869 -2.216408 0.039351
-3.701850 -2.243809 0.043899
-3.624849 -2.407866 0.047271
-3.606140 -2.077789 0.041826
-3.429225 -2.071176 0.050967
-4.420010 -3.400274 0.048525
-4.390166 -3.096286 0.048512
-4.298890 -3.251940 0.045703
-4.598000 -3.092629 0.047807
-4.710654 -3.249088 0.047560
-4.623939 -3.401080 0.045760
-4.363584 -1.187561 0.048696
-4.204328 -1.272235 0.041961
-4.210009 -0.915892 0.045806
-4.378646 -0.998162 0.043437
-3.853113 -0.961184 0.045509
-3.696240 -1.099337 0.045573
-4.030042 -1.021101 0.046879
-4.039422 -1.188045 0.042856
-3.740360 -1.295467 0.050265
-3.906615 -1.324258 0.040323
-3.733688 -2.558399 0.045449
-3.751717 -2.861880 0.045551
-3.642464 -2.720679 0.048080
-3.959313 -2.834800 0.046670
-4.048330 -2.669961 0.046982
-3.931957 -2.534760 0.045496
