2.305955 7.387736 0.044086
2.771271 8.737740 0.046449
1.612391 7.411990 0.049893
0.092932 0.333853 0.044390
0.207884 0.232176 0.053039
0.159914 0.033661 0.048685
0.044962 -0.157995 0.037873
0.158575 -0.345181 0.048477
0.373663 -7.408400 0.041311
0.226024 -7.818168 0.056872
0.085035 -8.142881 0.044464
0.210157 -8.008815 0.049195
2.757189 9.098194 0.044913
2.429484 9.095403 0.045620
2.595470 8.820941 0.045057
2.592281 9.003597 0.046896
0.373651 7.408396 0.041308
3.429953 4.531758 0.039430
2.327106 7.716367 0.042831
1.407796 7.720099 0.050067
1.289331 7.413272 0.048919
1.437521 7.515262 0.050313
1.765836 7.516312 0.051414
2.021843 7.806099 0.043352
1.942057 7.414323 0.051845
2.132421 7.653259 0.042654
2.114225 7.492058 0.051963
1.549605 7.821620 0.048754
1.732775 7.721105 0.050785
1.860148 7.849691 0.051819
1.517153 8.028419 0.049300
1.495535 9.084079 0.047129
4.829905 -6.669533 0.041727
5.010360 -6.658696 0.051016
5.006050 -4.834763 0.045348
4.195296 -6.287688 0.047186
0.399374 0.338323 0.045095
0.325411 -0.249211 0.052358
0.326750 -0.057554 0.052746
5.115260 -6.818977 0.040192
5.107823 -7.101225 0.041448
5.011654 -6.965728 0.045041
1.289385 -7.413276 0.048922
3.161397 -7.568436 0.044251
0.100903 -7.730560 0.047893
0.089733 -7.418342 0.043748
0.190635 -7.516742 0.045180
0.393988 -8.100477 0.044354
3.088302 9.100619 0.043920
3.265523 9.032593 0.042384
2.936914 8.831014 0.044504
2.926021 9.008813 0.046188
2.264734 8.997205 0.047037
0.085029 8.142870 0.044460
3.887481 8.390634 0.048452
2.969976 8.493169 0.045208
2.783636 8.563747 0.044974
2.616192 8.466635 0.045995
2.630023 8.291307 0.045961
3.350457 8.371313 0.046076
3.706242 8.428544 0.049442
3.537428 8.307497 0.046441
3.527785 4.667805 0.047592
3.429261 4.819136 0.039919
1.329013 8.341451 0.048912
1.347836 8.132871 0.048798
0.210137 8.008803 0.049191
0.226004 7.818155 0.056865
0.491443 7.512066 0.049162
0.670835 7.413670 0.045375
0.433528 7.708010 0.046231
0.572466 7.815256 0.051235
0.760947 7.723756 0.048559
0.801401 7.518113 0.049735
0.975531 7.414443 0.047642
1.116003 7.517715 0.050010
2.487136 8.001252 0.047535
2.468532 8.185577 0.045266
2.330097 7.893770 0.045528
2.152265 7.956915 0.042866
0.909834 9.080980 0.045661
5.095344 -4.693095 0.045573
5.121596 -4.132662 0.039766
5.106529 -6.526704 0.040462
4.840489 -6.273299 0.041435
4.834242 -6.065820 0.040883
5.122371 -6.249380 0.034240
5.017472 -6.353126 0.048812
4.708529 -5.982066 0.045788
4.534420 -6.089903 0.044466
5.122135 -4.975225 0.039524
5.096732 -5.257062 0.044596
5.007438 -5.126724 0.044027
4.213008 -6.656413 0.045784
4.704127 -6.545354 0.044781
4.707599 -6.368974 0.048285
4.529449 -6.634061 0.041536
4.378872 -6.552676 0.046789
4.527244 -6.269333 0.043005
4.373195 -6.364328 0.045855
4.186881 -6.111228 0.044282
4.370394 -5.852780 0.040025
4.371956 -6.008438 0.047379
1.043934 0.339607 0.048530
0.509853 -0.344029 0.050006
0.681542 -0.248218 0.051118
0.682385 -0.055756 0.051485
0.859817 0.041214 0.049710
0.536688 0.237452 0.052474
0.512034 0.040089 0.049832
0.717857 0.339129 0.047495
0.870635 0.238736 0.051615
5.121043 -1.917411 0.037700
5.006911 -2.040103 0.046109
5.034473 -7.263475 0.045757
3.916479 -7.405861 0.046557
3.902723 -7.216224 0.042162
4.125421 -8.193621 0.041343
3.845663 -8.070240 0.041339
3.887666 -8.390439 0.048461
3.930727 -8.229844 0.043878
1.942124 -7.414327 0.051845
3.534997 -8.132357 0.048024
3.686672 -8.025887 0.049122
3.786877 -7.706212 0.043003
3.650465 -7.822327 0.045085
3.485852 -7.751877 0.045172
3.766532 -7.522343 0.044787
1.958697 -8.196625 0.047092
1.946984 -8.392731 0.047562
3.163265 -7.748119 0.044980
3.352468 -8.029589 0.045296
3.339532 -7.852669 0.045946
0.096833 -8.782255 0.043747
0.086396 -9.094998 0.036935
0.183229 -8.977653 0.050083
0.109066 -8.470481 0.049696
0.194102 -8.328259 0.046580
0.205899 -8.649788 0.052284
0.377933 -8.303725 0.047194
1.164096 -8.446031 0.049701
0.548810 -8.017076 0.053990
2.109088 9.091803 0.046253
1.638350 8.981607 0.047649
1.797932 9.087527 0.046881
1.946688 8.989330 0.047224
0.100896 7.730553 0.047888
0.089731 7.418341 0.043747
0.190627 7.516738 0.045175
5.017445 6.353561 0.048812
2.796960 7.142307 0.035217
2.683683 7.255583 0.032572
2.659238 7.935226 0.044622
2.998233 7.816059 0.045365
4.125218 8.193828 0.041338
3.930513 8.230072 0.043871
3.352195 8.029909 0.045287
3.534744 8.132645 0.048017
2.984764 8.328715 0.045568
3.177471 8.099730 0.046283
3.173049 8.266283 0.045346
2.999797 7.990406 0.045005
2.812255 8.223965 0.045083
2.822866 8.052209 0.046388
3.684798 8.608449 0.045174
3.287570 8.869062 0.045910
3.473793 8.821298 0.044007
3.499661 8.652102 0.046699
3.334134 8.536013 0.045725
3.141938 8.595436 0.045343
3.121242 8.759289 0.044724
3.820956 4.549864 0.043464
3.712619 4.679412 0.042082
4.005477 4.625729 0.041909
3.442166 5.088640 0.042261
3.539999 4.960272 0.043923
1.199960 8.030678 0.050085
0.902939 7.826682 0.050265
1.227468 7.824705 0.049502
1.083864 7.724311 0.049453
0.877026 8.032772 0.051565
1.030443 8.136374 0.049020
1.199863 9.082094 0.046756
1.337112 8.976173 0.048272
1.039649 8.973074 0.049066
1.323584 8.762925 0.048055
5.109024 -4.420557 0.042624
4.992939 -4.558195 0.045699
5.019191 -4.275868 0.042177
4.788054 -4.513549 0.042611
4.720228 -4.326673 0.044489
4.835280 -4.226630 0.040910
4.331263 -5.308488 0.041708
4.353005 -5.148229 0.044537
4.162284 -5.059808 0.040053
4.509527 -5.076536 0.045461
4.685494 -5.177010 0.047874
4.821865 -5.082410 0.042100
4.820476 -4.888813 0.041776
3.429265 -4.818269 0.039928
3.824375 -4.846929 0.041820
4.005483 -4.624537 0.041914
4.160756 -4.901868 0.049367
4.009582 -4.815017 0.042205
3.527783 -4.666772 0.047606
3.429946 -4.530845 0.039424
3.712611 -4.678231 0.042092
3.820957 -4.548645 0.043472
5.100283 -5.805721 0.041902
5.122371 -6.077374 0.034693
5.011225 -5.973642 0.048964
4.678037 -5.371964 0.049561
4.692481 -5.777481 0.050880
4.516811 -5.729661 0.042964
4.419177 -5.579147 0.041393
4.480328 -5.431750 0.048167
5.116902 -5.531892 0.039502
5.002206 -5.405759 0.046303
5.005756 -5.691371 0.043626
4.812726 -5.662743 0.042934
4.809175 -5.469997 0.042536
4.546056 -6.822683 0.043381
4.729465 -6.847660 0.041852
4.806314 -6.983574 0.047204
4.039709 -6.393471 0.044380
4.051744 -6.573848 0.045255
3.857179 -6.316887 0.046365
3.713710 -6.423369 0.043916
3.884388 -6.862362 0.043302
3.884536 -6.682307 0.046165
3.729032 -6.608412 0.042322
5.096145 3.298207 0.045046
5.006708 3.159325 0.043563
5.121614 4.133249 0.039772
5.007549 3.988375 0.042568
4.407638 4.341726 0.046106
4.462171 4.523921 0.044101
4.323430 4.623637 0.047055
4.133820 4.534343 0.046100
4.363938 3.963126 0.046774
3.421969 3.832907 0.034452
3.421969 4.001846 0.034379
3.855903 -1.797118 0.048082
5.122172 -3.574889 0.039436
5.121912 -3.020315 0.039292
4.819928 -1.975031 0.041637
0.861056 -0.344189 0.050421
1.204927 0.239192 0.050987
3.855375 -3.127807 0.048321
3.536306 1.771168 0.045482
3.422056 3.293667 0.037953
3.535691 3.166416 0.045980
3.445064 3.018886 0.043404
4.815312 -7.488149 0.044969
4.522406 -7.409550 0.045472
4.643428 -7.542835 0.044320
4.860128 -7.304706 0.044879
4.562300 -7.210460 0.044412
4.728137 -7.160302 0.046379
3.473905 -8.821191 0.044016
3.265586 -9.032546 0.042393
3.287686 -8.868966 0.045918
3.088368 -9.100593 0.043923
4.058783 -6.935916 0.047249
4.064046 -7.109630 0.044498
4.220195 -6.838426 0.043012
4.235592 -7.187750 0.044134
4.412800 -7.098921 0.045748
4.402666 -6.923311 0.047934
4.589535 -7.729843 0.042094
4.163868 -8.015633 0.043708
4.340285 -7.956750 0.046062
4.396644 -7.783193 0.048962
3.978059 -7.773727 0.048858
4.000637 -7.934195 0.042197
3.684951 -8.608293 0.045183
3.706433 -8.428340 0.049452
3.499817 -8.651947 0.046708
3.537650 -8.307249 0.046451
1.817427 -8.066008 0.045302
1.860319 -7.849696 0.051823
1.939963 -8.789318 0.046974
1.638518 -8.981602 0.047656
1.784148 -8.475677 0.048077
1.472394 -8.662532 0.048355
1.781414 -8.679227 0.047766
1.628749 -8.773300 0.047677
0.355674 -9.072655 0.045438
0.909912 -9.080979 0.045666
3.018939 -7.446884 0.041261
2.854200 -7.501456 0.048188
2.689063 -7.391522 0.048962
3.446135 -5.617909 0.042055
2.616463 -8.466468 0.046003
2.630314 -8.291090 0.045971
3.350679 -8.371074 0.046086
3.334328 -8.535820 0.045734
2.998546 -7.815687 0.045371
2.659546 -7.934910 0.044629
2.831939 -7.690577 0.044438
2.669864 -7.747971 0.047087
0.975571 -7.414446 0.047645
1.116060 -7.517721 0.050015
0.711397 -8.131661 0.047941
1.013379 -8.343144 0.049115
1.472218 8.662527 0.048349
1.628560 8.773303 0.047673
1.476750 8.450570 0.049628
5.122143 4.975878 0.039519
5.006064 4.835515 0.045346
4.659582 4.608919 0.047012
5.120976 1.915600 0.038117
5.121548 2.466161 0.039053
4.505950 2.358052 0.044706
4.504891 2.547518 0.044470
4.683408 2.262982 0.047788
4.820153 2.357819 0.041295
5.006708 2.041495 0.045613
5.097161 2.189935 0.043842
5.007280 2.316594 0.042728
5.006693 2.601600 0.044236
4.819566 2.546270 0.041173
4.681761 2.640899 0.048027
5.121992 3.020459 0.039328
5.096574 2.743158 0.044655
5.007137 2.875225 0.042726
5.097393 1.644419 0.042290
5.006940 1.757297 0.041953
3.791186 0.856290 0.046734
5.115250 6.819226 0.040180
5.106514 6.527052 0.040459
5.010336 6.659063 0.051004
4.562170 7.210842 0.044405
4.522264 7.409889 0.045467
4.643296 7.543072 0.044310
4.729400 6.848104 0.041841
4.704054 6.545911 0.044779
4.829862 6.669995 0.041716
5.122360 6.249752 0.034244
5.122360 6.077779 0.034684
5.096737 5.257696 0.044588
5.007452 5.127447 0.044014
4.346265 4.801814 0.044192
2.688760 7.391809 0.048943
2.853780 7.501875 0.048179
2.491488 7.469534 0.044483
2.494443 7.636964 0.048741
2.669535 7.748341 0.047073
2.831599 7.690976 0.044430
4.163646 8.015889 0.043698
4.589378 7.730054 0.042085
4.340079 7.956985 0.046053
4.396454 7.783465 0.048954
3.162934 7.748489 0.044974
3.339222 7.853016 0.045940
3.977795 7.774075 0.048850
4.000387 7.934493 0.042190
3.845416 8.070515 0.041332
3.686409 8.026186 0.049116
3.856963 6.317835 0.046355
4.412658 7.099407 0.045740
4.235423 7.188281 0.044125
4.063881 7.110255 0.044484
3.427043 5.357603 0.038682
3.537780 5.233356 0.044631
1.163059 8.655539 0.050278
1.016374 8.759767 0.047446
1.163956 8.446023 0.049696
1.013262 8.343138 0.049110
0.355650 9.072654 0.045435
0.627344 9.083341 0.043247
0.746597 8.974321 0.048412
0.461632 8.965995 0.046819
0.096825 8.782251 0.043744
0.086392 9.094997 0.036934
0.183217 8.977651 0.050080
0.109054 8.470474 0.049691
0.194083 8.328250 0.046576
0.205880 8.649783 0.052278
0.398254 8.738524 0.047938
3.421967 -3.831960 0.034471
3.533779 -3.730764 0.049047
3.718506 -3.808225 0.042024
4.346252 -4.800749 0.044200
4.504301 -4.886997 0.044101
4.659569 -4.607938 0.047021
4.678880 -4.793873 0.049176
4.133839 -4.533164 0.046106
4.462171 -4.522838 0.044106
4.323433 -4.622526 0.047066
3.546764 -4.371985 0.045786
3.752947 -4.378326 0.045713
3.723512 -4.005044 0.041547
3.420955 -5.885527 0.035051
3.535661 -5.776484 0.048677
4.210438 -5.605498 0.041616
4.183396 -5.766336 0.044148
3.730434 -7.148761 0.048214
3.717363 -6.968613 0.044860
3.527886 -6.334716 0.050798
3.414781 -6.413523 0.030605
3.420955 -6.055077 0.033255
3.534060 -6.140410 0.048176
5.097364 3.854372 0.044996
5.006928 3.431385 0.042384
5.122212 3.575333 0.039451
5.008147 3.714791 0.043187
4.355830 3.773383 0.045939
4.176937 3.500473 0.046438
4.179695 3.688328 0.046165
4.818989 3.108012 0.041133
4.502865 2.925102 0.044671
4.819419 2.921630 0.041296
4.681170 2.829034 0.047495
4.686622 3.948463 0.047521
4.823655 4.037732 0.039621
4.515266 4.050545 0.043371
4.537234 4.239913 0.043764
4.197651 4.064049 0.045939
4.084307 4.346180 0.043915
4.219384 4.253280 0.046017
4.994633 -0.430222 0.049339
4.795925 -0.342472 0.042220
5.122288 -0.690413 0.034792
4.994387 -0.601855 0.049447
5.122288 -0.862898 0.034397
4.998434 -0.949186 0.049175
4.634293 -0.426566 0.047073
3.843627 -1.414269 0.047461
4.030579 -1.698664 0.044294
4.023568 -1.508384 0.044363
3.445202 -1.917294 0.043223
3.721043 -1.703968 0.040619
3.536080 -1.769114 0.045665
3.422306 -1.644948 0.037755
3.715778 -1.511399 0.040944
3.530815 -1.484224 0.041921
4.807489 -1.220815 0.041130
5.121758 -1.210916 0.034096
4.997904 -1.126955 0.049903
5.121758 -1.382359 0.035084
5.097359 -3.853825 0.044979
5.007526 -3.987626 0.042568
5.008102 -3.714031 0.043231
4.686601 -3.947371 0.047530
4.823615 -4.036757 0.039628
4.682702 -3.760347 0.047445
4.820293 -3.663761 0.041089
4.501854 -3.111189 0.044390
4.180556 -2.930053 0.046303
4.503017 -2.923336 0.044691
4.354630 -2.831767 0.046104
5.096152 -3.297867 0.045002
5.006895 -3.430632 0.042375
5.006635 -3.158534 0.043663
4.819086 -3.478546 0.041062
4.679581 -3.388275 0.047405
4.818925 -3.106603 0.041134
4.679680 -3.201678 0.047885
5.097296 -2.190977 0.043584
2.288701 -0.348104 0.052289
1.031782 -0.055693 0.051166
1.033864 -0.248634 0.050334
1.203594 0.041413 0.049448
1.212774 -0.344445 0.050681
1.372405 0.339585 0.048892
1.566331 -0.345114 0.050957
1.384988 -0.249559 0.049844
1.377890 -0.056641 0.051143
4.501346 -3.485672 0.044471
4.355860 -3.772036 0.045955
4.503260 -3.672529 0.044439
4.515249 -4.049373 0.043380
4.363950 -3.961855 0.046782
4.537211 -4.238802 0.043765
4.407639 -4.340578 0.046114
4.354437 2.833552 0.046076
4.355872 2.644103 0.046377
3.722857 2.654537 0.041054
3.722056 2.844476 0.041229
3.535423 2.889804 0.043215
3.536225 2.604314 0.044211
3.421788 2.743561 0.038853
4.178569 3.121424 0.046360
4.180403 2.931719 0.046292
4.033529 2.839920 0.044499
3.856644 2.937837 0.047593
3.445393 1.918465 0.043308
3.535852 2.045728 0.043150
3.445866 2.467702 0.043907
3.536324 2.329956 0.043948
3.421887 2.193089 0.038793
3.722981 2.086796 0.041088
3.723453 2.275723 0.041102
3.443213 3.565406 0.041425
3.533841 3.452642 0.042179
3.533754 3.731910 0.049029
2.757312 -9.098172 0.044917
2.926145 -9.008765 0.046194
4.110027 -7.653765 0.042134
4.292027 -7.655147 0.041112
4.068792 -7.469767 0.040920
4.226582 -7.358250 0.042538
4.363896 -7.468512 0.041483
1.657585 -8.144235 0.050301
1.636018 -8.357798 0.047014
1.329169 -8.341466 0.048917
1.476929 -8.450581 0.049633
1.437595 -7.515270 0.050318
1.732905 -7.721122 0.050790
1.612454 -7.411995 0.049895
1.765926 -7.516322 0.051421
1.495675 -9.084080 0.047133
2.109261 -9.091789 0.046259
1.798097 -9.087522 0.046885
1.946877 -8.989311 0.047232
2.429642 -9.095384 0.045626
2.595677 -8.820860 0.045063
2.592447 -9.003556 0.046902
2.264923 -8.997173 0.047043
0.845918 -8.654756 0.051808
0.514724 -8.428426 0.052449
0.841910 -8.447645 0.051232
0.693366 -8.339763 0.049746
0.627395 -9.083339 0.043252
0.746667 -8.974318 0.048417
0.461671 -8.965994 0.046826
0.705936 -8.761400 0.047179
0.398293 -8.738525 0.047944
0.523286 -8.642951 0.055844
1.039751 -8.973074 0.049072
1.199972 -9.082094 0.046760
1.337247 -8.976175 0.048277
1.323734 -8.762929 0.048060
1.163196 -8.655544 0.050283
1.016487 -8.759768 0.047451
2.797141 -7.142163 0.035248
2.683846 -7.255458 0.032570
2.132076 -8.131068 0.048460
2.291330 -8.252199 0.045635
2.487453 -8.001001 0.047546
2.468842 -8.185373 0.045273
2.022031 -7.806081 0.043358
2.152518 -7.956835 0.042864
2.330382 -7.893595 0.045538
3.177739 -8.099417 0.046291
3.173296 -8.266010 0.045357
2.985019 -8.328468 0.045578
3.000083 -7.990066 0.045014
2.812537 -8.223702 0.045092
2.823158 -8.051894 0.046398
2.970210 -8.492975 0.045218
2.937083 -8.830918 0.044510
3.121407 -8.759165 0.044732
3.142137 -8.595263 0.045352
2.783877 -8.563588 0.044982
2.771480 -8.737629 0.046455
0.670860 -7.413673 0.045378
0.801441 -7.518118 0.049739
0.491467 -7.512073 0.049166
0.761002 -7.723764 0.048563
0.433560 -7.708022 0.046234
0.572514 -7.815268 0.051239
1.083942 -7.724321 0.049457
0.903014 -7.826692 0.050270
1.030552 -8.136383 0.049025
0.877114 -8.032781 0.051569
1.635819 8.357791 0.047007
1.817225 8.066008 0.045295
1.657399 8.144221 0.050296
2.261398 8.806476 0.046081
2.429336 8.722018 0.047210
2.437692 8.541704 0.045346
5.095349 4.693768 0.045573
4.998574 1.124720 0.049926
5.007679 1.482500 0.047967
4.999108 0.946030 0.049088
4.803053 0.859471 0.042730
3.969568 0.950739 0.046055
4.820172 1.787657 0.041217
4.683767 2.073210 0.048164
4.819940 1.978210 0.041372
5.122512 0.341639 0.034369
5.122512 0.169413 0.034542
4.637711 0.596689 0.048215
4.798506 0.683854 0.041745
4.994824 0.426095 0.049318
4.994561 0.598027 0.049474
3.978973 -1.132818 0.046657
3.817183 -1.225528 0.046170
3.026860 0.393954 0.044867
2.894866 0.696162 0.045195
2.872472 0.524749 0.047079
4.815204 7.488308 0.044964
5.107800 7.101348 0.041435
5.011622 6.965971 0.045027
5.034426 7.263576 0.045755
4.860043 7.304896 0.044872
4.806245 6.983916 0.047190
4.728040 7.160613 0.046370
5.100284 5.806231 0.041890
4.692476 5.778247 0.050873
5.011215 5.974165 0.048948
4.707528 6.369587 0.048275
4.840445 6.273866 0.041431
4.834215 6.066443 0.040872
4.708513 5.982788 0.045779
4.821887 5.083248 0.042094
4.504322 4.887989 0.044092
4.820499 4.889676 0.041770
4.678897 4.794811 0.049169
4.109798 7.654163 0.042127
4.291842 7.655514 0.041097
4.068576 7.470249 0.040914
4.363733 7.468918 0.041475
4.226404 7.358745 0.042534
3.485530 7.752237 0.045169
3.650168 7.822672 0.045078
3.786583 7.706582 0.042998
3.458802 7.549990 0.044925
3.713485 6.424467 0.043929
3.527735 6.335567 0.050845
4.039523 6.394288 0.044374
3.446122 5.618505 0.042031
3.541736 5.507077 0.041111
0.845818 8.654757 0.051802
0.705857 8.761405 0.047174
0.523225 8.642953 0.055836
0.841809 8.447644 0.051227
3.721026 -3.226241 0.041103
3.719175 -3.419437 0.041167
3.421967 -4.000926 0.034370
3.538785 -4.096550 0.049230
3.448246 -4.262667 0.042683
3.855038 -6.131106 0.048775
3.717743 -6.043282 0.040848
4.029152 -6.031230 0.043091
4.027228 -5.841996 0.045075
3.719344 -5.848906 0.041477
3.854716 -5.747496 0.047544
4.125418 -5.337212 0.041368
4.065745 -5.486824 0.047824
4.021438 -5.186534 0.043594
3.866191 -5.553163 0.048701
3.581098 -7.252220 0.041997
3.603440 -7.436165 0.045468
3.310984 -7.470693 0.041793
3.459172 -7.549584 0.044931
2.971100 -7.120500 0.055273
3.082171 -7.260876 0.042830
3.263740 -7.273199 0.041675
3.389587 -7.168145 0.049133
2.685650 0.480350 0.047358
2.669150 0.312198 0.044743
4.682718 3.761499 0.047429
4.820349 3.664846 0.041085
4.503254 3.673837 0.044436
4.819129 3.479705 0.041057
3.752906 4.379566 0.045698
3.887914 4.267268 0.045799
3.538752 4.097648 0.049211
3.448212 4.263611 0.042661
3.546736 4.373067 0.045787
4.031269 3.791985 0.045502
4.041117 3.977962 0.044158
3.851610 3.705506 0.048496
3.718466 3.809538 0.042004
3.723464 4.006338 0.041541
3.866456 4.088281 0.049613
5.122534 -0.346195 0.034342
5.122534 -0.173952 0.034560
4.795411 -0.171959 0.042039
4.631942 -0.086487 0.047220
4.994096 0.083178 0.049307
4.994119 -0.087465 0.049302
4.281122 -0.595048 0.047483
4.503209 -1.787757 0.044740
4.351974 -1.694523 0.046463
4.180162 -1.791450 0.046512
4.183042 -1.981141 0.046392
4.493675 -1.411533 0.045334
4.345872 -1.505909 0.046162
4.148899 -1.225731 0.045674
4.167049 -1.412555 0.046575
5.006574 -1.483894 0.048140
5.096245 -1.647821 0.042715
5.005859 -1.756903 0.041410
4.818877 -1.784520 0.041180
4.680144 -1.691306 0.048517
4.676712 -1.503696 0.047690
4.816160 -1.406311 0.043119
4.683576 -2.260603 0.047873
4.683642 -2.071018 0.048138
4.505655 -1.976959 0.044785
4.357300 -2.073415 0.046396
4.505081 -2.545538 0.044512
4.356032 -2.642299 0.046391
4.506008 -2.356096 0.044698
4.357720 -2.262968 0.046298
4.820236 -2.355245 0.041303
5.007285 -2.315591 0.042637
5.121418 -2.466590 0.038942
2.500096 0.242614 0.046400
2.339408 0.340144 0.047885
1.544190 0.040137 0.048980
1.699640 0.339000 0.048922
1.537372 0.238585 0.050480
4.351629 -3.209364 0.046433
4.351219 -3.397249 0.045866
4.030443 -3.219545 0.044498
4.178718 -3.119796 0.046376
3.851686 -3.704104 0.048505
3.852248 -3.512293 0.048078
4.031332 -3.790576 0.045515
4.179759 -3.686901 0.046172
4.029167 -3.410836 0.044523
4.177032 -3.498972 0.046451
4.084345 -4.344946 0.043927
4.219407 -4.252048 0.046020
3.866523 -4.086957 0.049623
3.887979 -4.266000 0.045804
4.041163 -3.976610 0.044169
4.197680 -4.062754 0.045948
3.445091 -3.017740 0.043414
3.535736 -3.165139 0.045983
3.445855 -2.466559 0.043894
3.421928 -2.191958 0.038780
3.536355 -2.328527 0.044019
3.535702 -2.044154 0.043140
4.030322 3.221091 0.044483
4.029059 3.412346 0.044510
3.720951 3.227674 0.041094
3.855271 3.129303 0.048304
3.852158 3.513722 0.048067
3.719101 3.420838 0.041152
4.357841 2.264774 0.046268
3.858997 2.557618 0.047970
3.859494 2.367900 0.047696
4.183390 2.551990 0.046355
4.035081 2.649640 0.044443
4.184299 2.362127 0.046289
4.036486 2.270059 0.044446
3.082655 0.745641 0.046727
3.422342 1.646227 0.037865
3.531726 1.486763 0.041995
3.440813 1.374118 0.040825
2.437963 -8.541577 0.045354
2.429574 -8.721927 0.047217
2.261626 -8.806413 0.046087
2.099049 -8.701036 0.047353
2.103336 -8.507999 0.046891
2.274302 -8.433025 0.047280
2.114328 -7.492048 0.051967
2.132586 -7.653234 0.042656
2.306016 -7.387721 0.044075
2.327335 -7.716236 0.042827
2.491662 -7.469375 0.044462
2.494724 -7.636704 0.048759
1.347981 -8.132887 0.048804
1.200080 -8.030692 0.050089
1.517308 -8.028440 0.049305
1.227570 -7.824719 0.049508
1.407899 -7.720114 0.050071
1.549736 -7.821639 0.048760
2.131798 8.131165 0.048449
1.958451 8.196666 0.047088
2.291026 8.252345 0.045628
2.274017 8.433144 0.047272
5.109042 4.421208 0.042628
4.992963 4.558971 0.045684
5.019228 4.276623 0.042163
4.788082 4.514486 0.042610
4.720268 4.327675 0.044487
4.835334 4.227576 0.040909
5.121715 1.377558 0.035199
5.121715 1.206649 0.033799
5.122249 0.685987 0.034721
5.122249 0.858373 0.034459
4.651760 0.950625 0.047329
4.635135 0.423517 0.047073
4.796194 0.338749 0.042249
4.795466 0.168057 0.042022
4.632020 0.082886 0.047251
4.274798 -0.422188 0.045810
4.268621 -0.085077 0.046114
4.446630 -0.339496 0.044886
4.444793 -0.169931 0.044271
4.127446 0.860155 0.046405
4.112507 0.680302 0.045139
4.283828 0.594056 0.047595
4.457326 0.683674 0.044237
4.466828 0.861993 0.045638
4.308269 0.952228 0.046532
4.276593 0.420344 0.045823
4.447515 0.336790 0.044965
4.445127 0.166851 0.044252
4.268878 0.082332 0.046182
3.769446 0.673371 0.044959
3.932889 0.587967 0.047465
3.963801 -0.948545 0.046003
4.122708 -0.859069 0.046462
4.108536 -0.680116 0.045123
2.992274 0.202135 0.051513
2.821387 0.164778 0.044203
3.151601 0.085510 0.049233
3.150034 -0.087529 0.048749
3.196708 -0.441570 0.048284
2.886440 -0.688523 0.045031
4.809175 5.470775 0.042531
4.812722 5.663477 0.042926
5.005759 5.691985 0.043612
5.116903 5.532466 0.039492
5.002212 5.406440 0.046295
4.678041 5.372818 0.049550
4.685513 5.177892 0.047868
4.509550 5.077498 0.045458
4.353030 5.149224 0.044525
3.902488 7.216814 0.042149
3.916203 7.406343 0.046562
3.766211 7.522764 0.044782
3.603069 7.436607 0.045466
3.006675 6.951919 0.038120
2.970756 7.120824 0.055287
3.414713 6.414007 0.030566
3.728856 6.609472 0.042301
4.051573 6.574601 0.045250
4.058639 6.936582 0.047243
3.884260 6.863164 0.043279
3.884384 6.683152 0.046159
4.534369 6.090656 0.044458
4.195152 6.288471 0.047179
4.527154 6.270032 0.042999
4.373070 6.365030 0.045849
3.420992 5.885958 0.035024
3.535686 5.777193 0.048684
3.534014 6.141093 0.048153
3.420992 6.055417 0.033274
4.009593 4.816174 0.042192
4.160772 4.902963 0.049357
4.162309 5.060863 0.040045
3.824381 4.848078 0.041808
3.750285 4.977606 0.044043
0.377896 8.303717 0.047189
0.514665 8.428423 0.052443
0.693288 8.339761 0.049741
0.711324 8.131654 0.047936
0.393950 8.100465 0.044350
0.548755 8.017065 0.053986
3.443241 -3.564350 0.041444
3.533886 -3.451420 0.042209
3.422074 -3.292557 0.037969
3.750281 -4.976521 0.044057
3.847602 -5.154559 0.050219
3.540000 -4.959321 0.043945
3.442163 -5.087851 0.042275
3.006852 -6.951725 0.038113
4.679630 3.203127 0.047854
4.679550 3.389592 0.047392
4.351492 3.210968 0.046409
4.501754 3.112813 0.044384
4.351123 3.398761 0.045852
4.501305 3.487071 0.044455
4.455109 -0.684850 0.044254
4.801881 -0.861444 0.042703
4.797834 -0.686599 0.041811
4.636448 -0.599059 0.048101
3.723415 -2.273997 0.041090
4.035555 -2.078619 0.044561
3.858000 -1.987382 0.047803
3.722762 -2.084849 0.041104
5.006623 -2.600619 0.044474
5.096633 -2.743238 0.044545
5.007117 -2.874429 0.042700
4.819407 -2.920039 0.041303
4.681324 -2.827260 0.047520
4.681986 -2.638930 0.048077
4.819574 -2.544130 0.041178
2.210074 0.036325 0.047398
2.184645 0.237762 0.047577
2.022243 0.337618 0.048903
1.865226 0.236618 0.049775
3.421813 -2.742422 0.038858
3.536239 -2.602984 0.044210
3.535476 -2.888505 0.043246
3.858591 1.989378 0.047817
4.036056 2.080464 0.044545
3.654371 1.132710 0.046203
3.493655 1.210174 0.043684
3.638658 0.944700 0.044813
3.457971 0.863883 0.044007
3.106486 0.911895 0.043264
3.316541 1.126413 0.040794
3.296570 0.968133 0.046278
3.206803 0.447366 0.048989
3.240204 0.627641 0.044957
3.425435 0.689645 0.047102
3.584383 0.587543 0.046160
1.783923 8.475692 0.048074
1.946730 8.392780 0.047553
2.103067 8.508078 0.046884
1.781196 8.679247 0.047758
1.939741 8.789354 0.046968
2.098805 8.701097 0.047345
4.809049 1.220885 0.040965
4.658290 1.133349 0.049209
4.818155 1.407756 0.043163
3.439937 -1.372688 0.040514
3.784563 -0.853674 0.046841
3.361449 -0.337271 0.046993
3.343448 -0.168418 0.046262
3.524917 -0.082166 0.046449
2.982962 -0.194024 0.049877
3.011635 -0.379212 0.046431
2.676580 -0.469357 0.047070
2.857490 -0.508631 0.049231
3.081683 7.261311 0.042827
3.263290 7.273645 0.041670
3.018479 7.447287 0.041259
3.161000 7.568819 0.044247
3.310561 7.471099 0.041795
3.184190 6.758869 0.033148
3.189665 6.905707 0.050785
3.560990 6.721022 0.045197
3.293679 6.649380 0.034243
3.432597 6.614457 0.042892
4.220063 6.839050 0.043004
4.212874 6.657081 0.045776
4.545962 6.823206 0.043372
4.402541 6.923849 0.047926
4.529353 6.634654 0.041532
4.378743 6.553328 0.046782
3.854872 6.132110 0.048775
3.717674 6.044269 0.040850
3.719345 5.849828 0.041447
3.854659 5.748472 0.047551
4.371896 6.009254 0.047368
4.027159 5.842966 0.045070
4.186763 6.112071 0.044278
4.029044 6.032163 0.043078
3.736897 5.466814 0.041003
3.866161 5.554139 0.048690
4.021458 5.187586 0.043585
3.732941 5.282996 0.041523
3.847613 5.155614 0.050208
4.480319 5.432671 0.048158
4.331272 5.309471 0.041708
4.125425 5.338223 0.041364
4.065721 5.487829 0.047820
3.427046 -5.356907 0.038702
3.537781 -5.232484 0.044631
3.541753 -5.506286 0.041135
3.736910 -5.465848 0.041011
3.732938 -5.281992 0.041528
3.189970 -6.905340 0.050796
3.184321 -6.758693 0.033112
3.371276 -6.996275 0.045259
3.549715 -6.900201 0.043609
3.561237 -6.720056 0.045239
3.432810 -6.613820 0.042880
3.293797 -6.649217 0.034248
4.655350 -1.132802 0.049124
4.649212 -0.951200 0.047308
4.480983 -1.226135 0.044609
4.315030 -1.133686 0.047533
4.304011 -0.951297 0.046465
4.463826 -0.862146 0.045621
3.859408 -2.366222 0.047726
4.183457 -2.550274 0.046374
4.184217 -2.360385 0.046310
4.036311 -2.268311 0.044452
2.063152 -0.063741 0.051247
1.924067 -0.346589 0.051323
2.091471 -0.254692 0.048318
1.736981 -0.251703 0.049228
1.721939 -0.059370 0.051331
1.880706 0.036696 0.048028
3.984106 1.135498 0.046516
3.821436 1.229059 0.046341
4.682457 1.693458 0.048498
4.679701 1.505942 0.047821
3.648605 -1.128016 0.046448
3.490086 -1.206611 0.043867
3.631157 -0.940435 0.044675
3.313162 -1.123626 0.041025
3.900992 0.080125 0.045758
3.918764 0.413159 0.045276
4.085820 0.163708 0.044580
4.091147 0.331783 0.046207
3.525759 0.080871 0.046610
3.345857 0.167659 0.046192
3.366474 0.337696 0.047235
3.558822 0.415869 0.046107
3.729761 0.326889 0.046322
3.717315 0.161929 0.045116
3.900505 -0.082066 0.045662
4.089416 -0.333437 0.046082
4.085076 -0.165891 0.044597
3.715986 -0.163299 0.045131
3.577574 -0.585677 0.046178
3.553781 -0.415282 0.046092
3.726849 -0.327561 0.046164
3.763437 -0.671775 0.044940
3.928503 -0.587692 0.047410
3.915707 -0.413874 0.045266
2.637263 -0.296943 0.046118
2.445127 -0.244987 0.050047
2.732623 0.004834 0.046342
2.789500 -0.151029 0.050359
2.530078 0.052397 0.043305
2.394819 -0.051510 0.049237
3.389167 7.168646 0.049126
3.370853 6.996813 0.045256
3.549406 6.900906 0.043615
3.717147 6.969368 0.044829
3.730133 7.149345 0.048214
3.580705 7.252716 0.041993
4.370362 5.853664 0.040014
4.516798 5.730525 0.042958
4.419156 5.580074 0.041392
4.183344 5.767283 0.044140
4.210404 5.606480 0.041615
4.035149 -2.647994 0.044460
4.033651 -2.838304 0.044515
3.722898 -2.653005 0.041067
3.859007 -2.556016 0.047983
3.856745 -2.936309 0.047608
3.722135 -2.842987 0.041236
3.717197 1.514889 0.040979
3.846192 1.417588 0.047501
4.026041 1.510941 0.044434
4.032201 1.700936 0.044326
3.721778 1.706740 0.040688
3.856933 1.799434 0.048022
3.289239 -0.962004 0.046788
3.227724 -0.618452 0.045735
3.416258 -0.684548 0.046683
3.448715 -0.857407 0.044423
3.100659 -0.906678 0.043385
3.071602 -0.735985 0.047603
4.152979 1.227926 0.045751
4.170159 1.414839 0.046533
4.319265 1.135240 0.047459
4.484354 1.227730 0.044673
4.496659 1.413451 0.045214
4.348750 1.507876 0.046243
4.504705 1.789513 0.044660
4.354040 1.696423 0.046488
4.506247 1.978713 0.044761
4.357778 2.075207 0.046383
4.183806 1.982965 0.046383
4.181609 1.793381 0.046465
-1.622301 9.085091 0.046248
-0.098618 -7.405987 0.042597
-3.119792 9.091486 0.042738
-4.164491 8.149203 0.042332
-3.291380 9.016303 0.043607
-1.623838 -9.085133 0.046267
-0.417845 -0.342514 0.045491
-0.094849 -0.342850 0.041466
-0.219297 -0.245364 0.054549
-0.087249 0.243413 0.038428
-0.208707 0.341290 0.053952
-0.087249 0.047230 0.038597
-0.211697 -0.050741 0.054454
-4.262396 -4.556165 0.046611
-4.352283 -4.386902 0.045514
-1.478031 8.977083 0.045764
-3.096923 7.889570 0.046615
-2.926057 7.957971 0.046158
-2.219227 9.089818 0.044918
-2.522244 9.091407 0.044166
-2.376661 8.991225 0.046481
-2.822635 9.090706 0.043762
-2.682946 8.992113 0.045787
-2.986602 8.992192 0.045809
-2.702130 8.795949 0.044990
-2.870102 8.700041 0.046345
-3.014884 8.797691 0.044276
-3.334274 8.836915 0.046110
-3.190968 8.717597 0.045386
-3.222347 8.538811 0.046066
-3.513465 8.786616 0.045225
-5.013638 7.281334 0.046429
-4.578782 7.691045 0.050482
-3.435229 4.460240 0.040184
-3.988070 5.090896 0.047133
-3.805325 5.089232 0.046180
-3.429101 5.049643 0.039809
-0.774063 7.417327 0.048809
-0.634690 7.511152 0.041669
-0.354002 7.528646 0.043458
-0.472419 7.403825 0.045348
-1.996489 7.409161 0.046826
-0.913126 7.731186 0.045122
-0.926294 7.521830 0.046437
-1.074451 7.414503 0.047950
-3.120267 -9.091240 0.042765
-2.523646 -9.091166 0.044218
-1.920562 -9.087554 0.045634
-1.772843 -8.982686 0.046515
-0.472325 -7.403837 0.045346
-0.747653 -0.341039 0.047868
-0.566063 -0.243553 0.052529
-0.401042 0.244017 0.046457
-0.739700 0.051876 0.049103
-0.404031 0.048170 0.046175
-0.559850 -0.047492 0.052168
-3.431452 -3.187106 0.040414
-5.122790 -5.304438 0.042700
-5.035859 -5.100489 0.050057
-4.773109 -5.615073 0.046396
-4.861266 -5.436502 0.046110
-5.033853 -5.455868 0.048874
-5.122491 -5.646064 0.044947
-4.353765 -4.725653 0.046783
-3.439028 -3.739251 0.042671
-4.079626 -4.557653 0.046627
-3.863862 -7.034962 0.047567
-4.043742 -7.124514 0.047957
-3.989508 -4.728991 0.046862
-3.743831 -6.272770 0.046593
-5.016083 -3.302448 0.049935
-5.113594 -3.467598 0.047917
-5.008822 -3.631631 0.048598
-5.115865 3.498884 0.046820
-5.112896 3.828431 0.047227
-5.017333 3.668202 0.049810
-5.108424 2.528780 0.047782
-4.811956 3.349284 0.049727
-5.013391 3.337934 0.047830
-0.091960 8.460852 0.042991
-0.180387 9.086695 0.046796
-0.171683 8.668801 0.044197
-0.215098 8.361395 0.053981
-1.926568 8.484818 0.045220
-1.042449 9.082362 0.047132
-1.332039 9.081991 0.047054
-1.190260 8.974353 0.046320
-0.087628 7.735341 0.042795
-0.098641 7.405998 0.042612
-0.186269 7.530818 0.050648
-3.749495 7.724571 0.044062
-3.902184 7.608809 0.045396
-3.443331 7.752577 0.046346
-3.600647 7.650537 0.047132
-3.976910 8.175293 0.042798
-3.903789 7.998923 0.040419
-3.762099 7.942380 0.049503
-4.240904 7.608200 0.044289
-4.208100 7.969057 0.044541
-4.058425 7.869241 0.042347
-4.069424 7.696936 0.047976
-4.383500 7.916539 0.045010
-4.405304 7.727986 0.048077
-3.903214 7.419676 0.047403
-3.100502 7.710971 0.046402
-3.274890 7.643097 0.046512
-3.283576 7.465033 0.045139
-3.139726 7.341348 0.042603
-3.102699 6.997369 0.057518
-3.204186 7.156089 0.044036
-3.066831 8.428616 0.046156
-3.084640 8.249418 0.046453
-2.920809 8.139903 0.046267
-2.890670 8.509752 0.045465
-4.803704 7.508483 0.042551
-4.827656 7.342928 0.042938
-4.608957 7.536481 0.038618
-5.007925 7.122088 0.042667
-4.824019 6.999279 0.040639
-4.852427 6.824688 0.046771
-5.028958 5.817438 0.048800
-3.431541 4.190313 0.037008
-3.535341 4.288118 0.047268
-3.431541 4.024747 0.037581
-4.079570 4.925121 0.045498
-4.074453 4.593689 0.043981
-3.986010 4.753399 0.047241
-3.526347 4.910030 0.049738
-3.714452 4.918375 0.046273
-3.428675 4.752951 0.040556
-3.803637 4.748317 0.046289
-3.532475 4.589904 0.051177
-3.719333 4.576924 0.044303
-5.010504 3.993237 0.047075
-4.078864 5.260462 0.046074
-3.984976 5.429743 0.046780
-3.802056 5.429136 0.046676
-3.427408 5.507418 0.036856
-3.713200 5.258191 0.046390
-3.427408 5.337602 0.036490
-3.525081 5.226947 0.049424
-4.145122 6.809737 0.048604
-3.150161 6.813052 0.039116
-3.319146 6.785518 0.050240
-2.946707 6.996429 0.032950
-2.837177 7.105959 0.034503
-0.741084 7.831863 0.048829
-0.614879 7.716332 0.045568
-0.711269 8.032312 0.048882
-0.441595 7.733826 0.042721
-0.540469 8.142799 0.052279
-2.077320 8.786896 0.045516
-2.071386 8.987453 0.046422
-1.771293 8.777176 0.045650
-1.924989 8.681528 0.047463
-1.918805 9.087635 0.045595
-1.771041 8.982726 0.046442
-2.389952 8.795950 0.044856
-2.238451 8.693987 0.047195
-2.554719 8.699968 0.046052
-1.686478 7.414063 0.047972
-1.838854 7.513224 0.046899
-1.680486 7.825038 0.049230
-1.838577 7.718180 0.047753
-0.180516 -9.086737 0.046826
-1.479472 -8.977171 0.045817
-3.291846 -9.015888 0.043688
-1.995520 -7.409328 0.046872
-2.220926 -9.089647 0.044966
-2.073326 -8.987201 0.046479
-2.378427 -8.990813 0.046528
-2.079589 -8.786391 0.045573
-2.987512 -8.991673 0.045870
-2.823589 -9.090433 0.043810
-2.684317 -8.991599 0.045833
-2.703771 -8.794856 0.045067
-0.089655 -8.063465 0.044742
-0.186262 -7.530881 0.050685
-0.353962 -7.528731 0.043460
-0.087643 -7.735402 0.042805
-0.177298 -7.872940 0.043564
-0.441612 -7.733980 0.042732
-0.363567 -7.873669 0.047484
-2.164063 -7.490841 0.048706
-2.332819 -7.391513 0.041658
-0.711549 -8.032524 0.048901
-4.385034 -7.914883 0.045039
-0.907499 -0.241473 0.051529
-0.905760 -0.044620 0.050637
-0.554642 0.342728 0.052260
-0.737482 0.246248 0.048836
-1.079120 -0.340434 0.048681
-3.530679 -3.009948 0.051715
-3.430656 -2.899949 0.036727
-3.430656 -2.733740 0.037489
-5.092068 0.185512 0.051682
-3.787426 -0.672239 0.048305
-3.603140 -0.581318 0.046691
-5.002727 0.340194 0.048564
-5.124497 -4.974874 0.037731
-5.124497 -4.781753 0.037816
-4.866322 -5.066293 0.046377
-4.780667 -5.250875 0.045240
-3.433519 -4.019107 0.040462
-3.541119 -3.892560 0.049236
-3.440820 -3.465953 0.043078
-3.548419 -3.603118 0.047687
-3.540842 -3.316400 0.048322
-3.749139 -3.303114 0.047421
-3.766850 -3.602203 0.048299
-3.867546 -3.451752 0.046863
-5.133126 -7.012135 0.044171
-4.547860 -6.314415 0.050346
-5.115224 -6.667245 0.049395
-5.036921 -6.819045 0.040189
-4.853558 -6.819706 0.046864
-4.748090 -6.657041 0.049397
-4.064217 -7.320312 0.045336
-4.072008 -7.693836 0.048116
-4.475441 -6.474900 0.043824
-4.582634 -6.652846 0.044129
-3.491506 -6.536063 0.044724
-3.656851 -6.595271 0.046842
-3.804903 -6.456318 0.046813
-3.839428 -6.845138 0.048287
-3.669978 -6.779719 0.044389
-3.808155 -4.730392 0.046537
-3.430096 -4.755227 0.039940
-3.427844 -5.506408 0.036291
-3.827745 -6.117136 0.050305
-5.106844 -1.859124 0.044951
-5.011339 -1.672578 0.051137
-5.005193 -1.991182 0.052063
-4.067742 -2.211801 0.045902
-4.090389 -2.517652 0.047679
-4.183676 -2.334710 0.050265
-4.386792 -2.303497 0.049912
-4.498599 -2.460250 0.050090
-5.113918 -3.136023 0.047883
-4.802470 -3.955477 0.050363
-5.123717 -4.449206 0.042611
-5.024855 -4.292246 0.053268
-5.036786 -4.653389 0.050379
-5.112567 -4.108837 0.047667
-5.007795 -3.951694 0.049657
-5.106656 -3.788358 0.049595
-4.825707 -3.305906 0.047391
-4.567248 -3.126483 0.042264
-4.735244 -3.128770 0.050964
-5.108955 3.177031 0.048762
-0.079723 8.982825 0.037264
-0.079723 8.775459 0.037130
-0.345911 8.979261 0.040276
-0.337207 8.768733 0.041172
-0.089645 8.063369 0.044733
-0.212783 8.178688 0.047214
-0.399017 8.068455 0.041817
-0.177273 7.872776 0.043552
-0.363507 7.873432 0.047465
-1.479469 8.762082 0.046639
-1.623990 8.664541 0.045915
-2.939391 7.589921 0.045197
-2.649109 7.304596 0.037021
-2.822371 7.268189 0.052537
-2.969929 7.398362 0.049762
-3.611530 8.050114 0.047807
-3.441609 7.934345 0.046726
-3.269590 8.003464 0.046630
-3.262554 8.181380 0.046437
-3.934679 8.340406 0.049286
-3.737143 7.326932 0.046770
-3.587265 7.442031 0.046212
-3.438635 7.366007 0.042785
-3.389345 7.167839 0.042902
-4.176117 7.023670 0.047139
-4.040621 7.129750 0.047839
-4.061077 7.324817 0.045273
-4.231526 7.425215 0.048527
-5.117714 5.997158 0.047086
-5.132853 7.014385 0.043979
-5.114909 6.671874 0.049190
-5.036333 6.823120 0.040153
-5.122672 5.655293 0.044665
-5.122959 5.314678 0.042326
-5.034203 5.464758 0.048858
-4.852555 5.806028 0.045426
-5.109036 4.143032 0.047793
-4.827292 4.330760 0.047009
-4.759796 4.514153 0.048201
-5.117742 4.467276 0.044082
-5.015349 4.317284 0.051650
-5.030199 4.664930 0.052654
-4.860310 4.698332 0.045457
-5.035416 5.109828 0.050105
-4.261174 5.259742 0.045679
-4.595787 4.533282 0.045239
-4.313559 4.403728 0.042907
-4.475621 4.367740 0.047832
-4.256566 4.588176 0.044115
-4.405523 3.481462 0.051453
-3.740167 3.324607 0.046135
-3.538978 3.332518 0.049339
-4.800979 3.995287 0.051290
-4.387076 3.868239 0.051778
-4.380387 4.045960 0.046201
-4.711454 4.158557 0.050080
-4.523792 4.176408 0.048887
-3.537999 6.245869 0.047124
-3.985525 6.726853 0.046399
-3.654479 6.601485 0.046762
-3.742877 6.280559 0.046372
-3.803420 6.463817 0.046596
-3.964748 6.523296 0.046791
-4.144789 6.249278 0.043026
-4.136245 6.412055 0.053120
-3.995526 6.124048 0.043178
-3.827009 6.126165 0.050055
-5.026288 6.158042 0.045997
-5.120002 6.333417 0.046916
-5.023482 6.493817 0.047223
-4.746928 6.663179 0.049240
-4.839408 6.483554 0.045098
-3.489973 6.539888 0.044640
-3.329706 6.618026 0.036701
-3.434037 6.367529 0.040099
-2.570326 8.505926 0.045955
-2.738306 8.411618 0.046204
-2.750636 8.220967 0.046506
-1.525860 7.723841 0.046968
-1.226315 7.518262 0.047182
-1.379469 7.413759 0.047794
-1.531575 7.517822 0.047793
-0.079746 -8.982836 0.037286
-0.863925 -8.339400 0.050115
-0.864856 -8.137060 0.048518
-1.189736 -8.760751 0.045551
-1.036987 -8.653815 0.048230
-1.177706 -8.341391 0.049010
-1.026313 -8.444552 0.046406
-1.043392 -9.082382 0.047161
-1.333262 -9.082039 0.047075
-1.191351 -8.974421 0.046361
-0.900170 -8.760407 0.045237
-0.904961 -8.975304 0.045113
-3.936047 -8.338952 0.049347
-3.905214 -7.605393 0.045452
-3.906549 -7.415702 0.047489
-1.773249 -8.777184 0.045682
-1.927231 -8.681242 0.047554
-2.740171 -8.409214 0.046270
-2.255511 -8.501751 0.045161
-2.422500 -8.409024 0.045619
-2.572466 -8.503991 0.046055
-2.556716 -8.698695 0.046098
-2.392043 -8.795085 0.044924
-2.240805 -8.693109 0.047251
-3.016062 -8.796626 0.044350
-2.871593 -8.698643 0.046416
-2.892243 -8.507705 0.045570
-3.068254 -8.426457 0.046282
-3.514274 -8.785743 0.045318
-3.335094 -8.836081 0.046177
-3.192064 -8.716387 0.045485
-3.223608 -8.537156 0.046144
-2.183585 -7.655701 0.041042
-2.015222 -7.779350 0.050177
-2.054317 -7.930671 0.041491
-0.614833 -7.716458 0.045577
-0.741152 -7.832051 0.048862
-0.634571 -7.511208 0.041673
-1.350129 -8.031993 0.048639
-1.183813 -8.135594 0.048110
-1.033350 -8.036415 0.048207
-1.364503 -7.827220 0.049098
-3.434574 2.196092 0.041720
-3.428461 3.194660 0.039736
-3.548474 2.052454 0.052631
-3.711658 -2.976910 0.042155
-3.992947 -3.106840 0.041687
-3.820727 -3.140782 0.047378
-4.006423 -2.905475 0.042639
-3.833407 -2.824300 0.043755
-3.883138 -2.531600 0.048827
-3.765887 -2.672213 0.051506
-3.544114 -2.630867 0.048699
-5.115088 -0.121560 0.046176
-4.995728 0.038483 0.050498
-3.706967 0.151878 0.045892
-3.529323 0.265628 0.052389
-3.535791 0.447772 0.048621
-3.379856 0.177981 0.043932
-3.682613 -0.031093 0.047549
-3.608686 -0.401185 0.049202
-3.537874 -1.478095 0.044846
-5.107602 1.909224 0.044633
-5.122088 0.491238 0.043562
-4.814854 0.400823 0.045143
-3.994886 -4.387005 0.045142
-4.407139 -7.725671 0.048184
-4.243343 -7.604991 0.044359
-4.234218 -7.421158 0.048648
-4.379752 -7.299279 0.050979
-4.525187 -7.358694 0.040654
-4.747094 -6.312284 0.046042
-5.023902 -6.487829 0.047331
-4.840132 -6.476964 0.045265
-3.331174 -6.616253 0.036487
-3.435702 -6.087717 0.041557
-3.538589 -6.240652 0.047439
-3.434315 -6.364991 0.040334
-3.987994 -6.720119 0.046477
-3.966595 -6.515746 0.046955
-4.137361 -6.403994 0.053336
-4.297124 -6.511804 0.045515
-3.525326 -5.617619 0.050025
-3.712061 -5.588130 0.046197
-3.802446 -5.762533 0.047056
-3.719984 -5.933691 0.044026
-3.428911 -5.794721 0.039624
-3.533184 -5.936390 0.051972
-3.427844 -5.337950 0.036798
-4.145207 -6.239924 0.043372
-3.995897 -6.114088 0.043309
-4.262741 -4.897705 0.046708
-4.081254 -4.899556 0.046480
-3.802997 -5.416600 0.046961
-3.985025 -5.415055 0.046797
-4.078499 -5.242197 0.046637
-3.989651 -5.072042 0.046991
-5.115923 -1.380068 0.039137
-5.115923 -1.562207 0.039142
-4.494496 -2.136673 0.052121
-4.415408 -1.985701 0.045563
-4.704451 -2.134784 0.048614
-4.806939 -1.971526 0.048277
-4.217437 -1.370232 0.047273
-5.109777 -2.169407 0.046663
-3.426010 -1.641878 0.039088
-3.444887 -2.468706 0.042541
-3.435371 -2.195136 0.041966
-3.548829 -2.349262 0.048568
-3.856625 -2.233953 0.044565
-3.765308 -2.370810 0.048439
-4.410769 -2.625181 0.047678
-4.528429 -2.781716 0.049379
-4.157208 -2.844248 0.051787
-4.205675 -2.651371 0.050354
-4.296596 -2.987807 0.041906
-4.462722 -2.951465 0.047348
-5.114986 -2.803921 0.047105
-4.726888 -2.782523 0.047490
-4.829177 -2.954559 0.047059
-5.017475 -2.965270 0.049963
-4.869208 -4.689911 0.046214
-4.532832 -4.715969 0.045132
-4.787383 -4.880531 0.044947
-4.618728 -4.886638 0.047896
-4.528851 -4.367494 0.043047
-4.618032 -4.527074 0.048052
-4.785753 -4.507121 0.045099
-4.854469 -4.313640 0.043849
-4.578958 -4.167916 0.042753
-4.736856 -4.134014 0.051222
-4.447387 -3.284048 0.044479
-4.130477 -3.254905 0.052100
-4.283340 -3.197099 0.043322
-4.076664 -3.437485 0.047780
-4.189477 -3.586341 0.050406
-4.494440 -3.773923 0.049921
-4.391607 -3.593842 0.049862
-4.506788 -3.449237 0.052236
-4.695225 -3.789893 0.050516
-4.802716 -3.629383 0.050463
-4.717112 -3.468808 0.046760
-5.115353 2.848855 0.046681
-5.012880 3.010496 0.051235
-5.012348 2.679046 0.048604
-0.465705 9.082565 0.047791
-0.904163 8.975266 0.045073
-0.899387 8.760324 0.045199
-0.753741 9.082904 0.047271
-0.621662 8.975469 0.043990
-0.451575 8.659227 0.048136
-0.718015 8.443357 0.046777
-0.743539 8.655151 0.047569
-0.616237 8.762659 0.043241
-0.548326 8.351475 0.049526
-0.409190 8.459837 0.043936
-1.188635 8.760622 0.045509
-1.331852 8.653259 0.047813
-1.036048 8.653689 0.048196
-1.666868 8.027829 0.049152
-1.803190 8.149401 0.049486
-1.779529 8.365562 0.044626
-1.630647 8.449637 0.047960
-3.731948 8.562885 0.046148
-3.553679 8.604660 0.047034
-3.761092 8.372250 0.049303
-3.605221 8.235793 0.046846
-3.405866 8.476173 0.046603
-3.428265 8.297940 0.047180
-3.491531 6.891185 0.044972
-3.515633 7.059396 0.050316
-3.836316 6.851178 0.048109
-3.666598 6.785290 0.044344
-3.860417 7.040142 0.047510
-3.714802 7.142466 0.043672
-4.342261 7.096970 0.043569
-4.490091 6.971324 0.048071
-4.522969 7.362204 0.040592
-4.377215 7.303447 0.050876
-4.667726 7.060266 0.050193
-4.665649 7.244669 0.041118
-4.752099 5.982504 0.048143
-4.547478 6.322603 0.050132
-4.837075 6.154798 0.048115
-4.746715 6.319909 0.045878
-4.072723 5.598171 0.045909
-3.980564 5.772115 0.046786
-4.066515 5.939718 0.044264
-5.123886 4.795700 0.038109
-5.123886 4.987327 0.037381
-4.354043 5.086380 0.047539
-4.263234 4.921325 0.045450
-4.351787 4.744089 0.047375
-4.528946 4.725183 0.045116
-4.774394 5.624313 0.046171
-4.862327 5.445188 0.045890
-3.536975 3.911629 0.051086
-3.441945 3.476501 0.042727
-3.436863 3.745363 0.041180
-3.547379 3.619510 0.046926
-3.806005 3.159561 0.046083
-3.546713 2.351746 0.048633
-3.443568 2.471090 0.042119
-3.744657 4.242923 0.049323
-4.153903 4.290998 0.042914
-4.172560 4.124563 0.052047
-4.004149 4.413749 0.043104
-3.831402 4.402066 0.049994
-4.717474 3.835937 0.046382
-4.532640 3.780431 0.045278
-4.540729 3.574344 0.045132
-4.728531 3.515691 0.046000
-4.831435 3.673659 0.045615
-3.435391 6.090957 0.041425
-3.719538 5.943076 0.043880
-3.802104 5.773355 0.046779
-3.428835 5.797878 0.039865
-3.532798 5.942557 0.051553
-3.711344 5.598804 0.046152
-3.524815 5.623846 0.049849
-4.295854 6.519501 0.045393
-4.474510 6.482706 0.043686
-4.283954 6.713626 0.043317
-4.462779 6.801914 0.044499
-4.581268 6.659638 0.044004
-2.595557 8.119552 0.045530
-2.252914 8.503036 0.045086
-2.420022 8.410958 0.045586
-2.093361 8.399236 0.048967
-2.432923 8.215235 0.046786
-0.540755 -8.143022 0.052323
-0.399150 -8.068702 0.041836
-0.212882 -8.178871 0.047231
-0.215280 -8.361574 0.054033
-0.718615 -8.443514 0.046808
-0.548752 -8.351671 0.049546
-0.409545 -8.460053 0.043967
-0.744186 -8.655256 0.047600
-0.092053 -8.460933 0.043026
-0.079746 -8.775456 0.037134
-0.171799 -8.668918 0.044227
-0.754424 -9.082921 0.047302
-3.905793 -7.996567 0.040452
-3.978465 -8.173492 0.042877
-4.165884 -8.147650 0.042389
-4.060557 -7.866721 0.042391
-4.209788 -7.967088 0.044651
-3.086130 -8.246847 0.046514
-3.718535 -7.138060 0.043767
-3.740747 -7.323002 0.046845
-1.331778 -8.443399 0.046699
-1.333134 -8.653495 0.047851
-1.480959 -8.762298 0.046676
-1.625731 -8.664757 0.045982
-1.928789 -8.484614 0.045248
-2.102830 -8.223198 0.041780
-2.095853 -8.398405 0.049083
-1.958995 -8.093404 0.042897
-3.407119 -8.474532 0.046713
-3.762482 -8.370682 0.049412
-3.733039 -8.561701 0.046232
-3.554756 -8.603425 0.047119
-1.838117 -7.718666 0.047687
-1.531076 -7.518013 0.047780
-1.525689 -7.724197 0.046944
-1.680672 -7.825522 0.049298
-1.837937 -7.513505 0.046853
-1.685879 -7.414176 0.047995
-0.773907 -7.417372 0.048815
-1.216823 -7.725590 0.046623
-0.926113 -7.521925 0.046450
-0.913096 -7.731355 0.045129
-1.051986 -7.831183 0.049257
-1.081531 0.053705 0.050250
-2.139135 0.251261 0.051281
-0.904105 0.343520 0.051278
-1.082094 0.247472 0.049622
-1.254421 0.343952 0.050858
-2.469872 0.019998 0.048088
-2.614680 -0.131208 0.052053
-4.167905 -0.831398 0.048928
-4.204007 -1.189968 0.048224
-3.110773 0.904788 0.046392
-3.388928 0.591051 0.048729
-3.876819 1.398830 0.052070
-4.238595 1.242152 0.048358
-4.073435 0.094805 0.047723
-3.894104 0.213929 0.049612
-4.201996 -0.196094 0.050951
-4.039433 -0.067243 0.046559
-3.835749 -0.131090 0.048710
-3.801844 -0.309688 0.048441
-4.397911 -0.131621 0.052621
-4.786776 0.015852 0.049955
-3.448728 -0.316846 0.046717
-3.363637 -0.030028 0.042299
-3.488750 -0.125352 0.050740
-3.249725 -0.410263 0.049888
-2.833592 -0.481243 0.055108
-2.885068 -0.666473 0.049044
-3.841173 -1.208635 0.047146
-4.001765 -0.938340 0.047322
-4.020680 -1.109171 0.049797
-3.806396 -0.854486 0.047109
-5.015007 1.723007 0.050714
-5.117101 1.107078 0.043165
-4.851810 1.341331 0.045045
-5.024507 1.302120 0.053285
-4.565178 1.457177 0.045769
-4.742893 1.516045 0.044469
-4.811763 1.680897 0.052670
-4.798565 2.345083 0.050503
-5.005846 2.041290 0.051645
-5.109673 2.218193 0.046430
-5.006668 2.360837 0.048950
-4.477018 0.600703 0.047657
-4.295421 0.877671 0.048807
-4.304723 0.696352 0.048622
-3.813261 -4.387575 0.048167
-3.726887 -4.222009 0.046734
-3.716648 -4.559624 0.046295
-3.429516 -4.299521 0.036682
-3.531606 -4.193523 0.049771
-3.429516 -4.466852 0.037177
-3.528183 -4.584283 0.050615
-4.277737 -4.214929 0.043039
-4.103110 -4.213543 0.048663
-4.419366 -4.070763 0.043122
-4.370568 -3.912749 0.051576
-3.746647 -3.902124 0.046869
-3.834328 -4.057157 0.047239
-3.862987 -3.747900 0.046242
-4.028926 -4.049261 0.046093
-4.076497 -3.746305 0.048405
-4.154754 -3.892632 0.045181
-4.804787 -7.507023 0.042614
-4.580183 -7.689285 0.050497
-4.610601 -7.534101 0.038787
-5.014409 -7.280034 0.046500
-5.008809 -7.119678 0.042759
-4.829072 -7.340605 0.043061
-4.667757 -7.241100 0.041163
-4.825445 -6.994982 0.040689
-4.669730 -7.055833 0.050373
-4.464772 -6.795567 0.044657
-4.492416 -6.966049 0.048201
-4.147684 -6.803410 0.048723
-4.286048 -6.706848 0.043433
-4.178999 -7.017982 0.047252
-4.345008 -7.091901 0.043685
-5.028707 -5.808930 0.048902
-4.851912 -5.797306 0.045618
-4.751607 -5.973747 0.048360
-4.837080 -6.146881 0.048302
-5.120107 -6.326792 0.047125
-5.117645 -5.989013 0.047333
-5.026323 -6.150523 0.046142
-4.466276 -6.140620 0.049129
-4.301278 -6.120905 0.043300
-4.580037 -5.965355 0.044863
-4.529030 -5.069084 0.045595
-4.352110 -5.070468 0.047254
-4.612029 -5.247560 0.047298
-4.259473 -5.242474 0.046228
-3.808215 -5.073271 0.046495
-3.718466 -4.902186 0.046590
-3.526619 -5.220478 0.050478
-3.715037 -5.244971 0.046732
-3.528871 -4.902362 0.050614
-3.430204 -5.048954 0.039933
-4.398168 -1.665008 0.047686
-4.806104 -1.627010 0.052622
-4.407025 -1.477669 0.051424
-4.703356 -1.793899 0.052958
-4.521781 -1.806186 0.046642
-4.059388 -1.470415 0.047980
-3.729188 -1.496701 0.042868
-3.866451 -1.389615 0.051349
-5.108636 -2.482369 0.048045
-5.012193 -2.633142 0.048710
-5.006985 -2.313041 0.049321
-4.812393 -2.622455 0.049120
-4.701764 -2.456716 0.048896
-4.799912 -2.298075 0.050542
-1.497421 8.131358 0.047229
-1.330587 8.443086 0.046653
-1.484861 8.337005 0.048374
-4.301475 6.130736 0.043131
-4.466450 6.149701 0.048918
-4.580711 5.974714 0.044717
-4.241338 5.943895 0.044467
-4.784958 4.888688 0.045321
-4.617603 4.896411 0.047281
-4.866378 5.074525 0.045998
-4.531253 5.080372 0.045365
-4.782045 5.259804 0.045054
-4.614275 5.257929 0.047113
-4.603335 5.617136 0.046340
-4.510108 5.791061 0.045724
-4.335710 5.779208 0.046981
-4.253046 5.601088 0.045283
-4.347607 5.431940 0.047345
-4.523499 5.436135 0.045463
-3.865904 3.480453 0.048442
-3.770149 3.631373 0.049736
-4.192703 3.751539 0.050738
-4.203061 3.570849 0.047876
-4.060950 3.452087 0.047075
-4.382472 2.338865 0.049544
-4.719578 3.177938 0.052944
-4.824938 3.000053 0.045867
-4.105299 3.257849 0.049423
-3.976090 3.121169 0.042614
-3.994518 2.917301 0.042456
-3.527188 3.018332 0.051888
-3.703542 2.991144 0.041753
-3.542294 2.635389 0.048652
-3.826126 2.837435 0.044011
-3.761911 2.680769 0.051461
-2.015230 7.779068 0.050105
-0.466126 -9.082600 0.047819
-0.346159 -8.979337 0.040306
-0.622188 -8.975522 0.044022
-0.616740 -8.762754 0.043279
-0.337442 -8.768898 0.041198
-0.451961 -8.659393 0.048165
-2.384505 -7.692024 0.041533
-2.478553 -7.527164 0.042253
-2.948276 -6.995041 0.033158
-2.838640 -7.104678 0.034451
-3.143579 -7.338327 0.042664
-1.498375 -8.131841 0.047282
-1.486131 -8.337450 0.048412
-1.667732 -8.028394 0.049190
-1.804564 -8.149802 0.049516
-1.632259 -8.450006 0.047996
-1.781335 -8.365805 0.044703
-1.226034 -7.518390 0.047188
-1.074215 -7.414554 0.047957
-1.379101 -7.413836 0.047807
-1.960344 0.345660 0.050412
-2.057696 -0.337116 0.047417
-2.234587 -0.239307 0.049691
-2.122865 0.060811 0.052215
-2.276341 -0.040373 0.048869
-2.495935 0.215522 0.059232
-2.643489 0.277005 0.043307
-2.318674 0.345601 0.050477
-4.385030 -1.084151 0.052568
-4.367844 -0.896413 0.051098
-3.616581 0.805269 0.045835
-3.445593 0.792037 0.050274
-3.305045 0.944713 0.053606
-3.205037 0.222334 0.045019
-2.815717 0.199505 0.042576
-3.079936 0.725746 0.049958
-2.939411 0.363509 0.043832
-3.217543 0.564684 0.050308
-3.132349 0.379466 0.052197
-3.727499 1.687921 0.044216
-3.730331 1.486139 0.043193
-3.541130 1.464366 0.043614
-3.445329 1.913218 0.043685
-3.538297 1.756904 0.049602
-3.424397 1.634672 0.037968
-3.877144 1.221501 0.045878
-3.730975 0.950836 0.045612
-3.697680 1.111749 0.051456
-3.937481 0.884562 0.045069
-4.098808 0.970315 0.048594
-4.071765 1.146341 0.048010
-3.914448 0.375442 0.047020
-3.949269 0.709509 0.046510
-4.119898 0.613944 0.048284
-4.109201 0.436390 0.047330
-3.757903 0.652047 0.044382
-3.733778 0.495535 0.047690
-3.949279 -0.587456 0.045988
-3.958151 -0.405037 0.045140
-4.134390 -0.662762 0.044529
-4.264996 -0.518053 0.045438
-4.154619 -0.355291 0.044297
-4.537247 -0.230303 0.044390
-4.724039 -0.156299 0.045238
-4.470776 0.422266 0.047295
-4.434275 0.062714 0.046187
-4.657426 0.315663 0.054306
-4.636348 0.136183 0.050113
-4.287785 0.340361 0.049155
-4.272361 0.160289 0.051779
-3.179340 -0.097171 0.045319
-3.086078 0.050297 0.043387
-2.925986 -0.306549 0.047082
-3.105451 -0.285912 0.053902
-2.803493 -0.124681 0.046915
-2.889696 0.043425 0.054851
-2.652663 -0.462628 0.042347
-2.369683 -0.342190 0.044250
-2.556244 -0.294462 0.043461
-3.642435 -0.934394 0.046610
-3.658296 -1.117712 0.049437
-3.064881 -0.703615 0.054413
-3.092461 -0.893509 0.045588
-3.234404 -0.586128 0.049999
-3.282309 -0.946850 0.050707
-3.427860 -0.672844 0.048347
-3.448185 -0.843673 0.047340
-5.118834 1.610593 0.038497
-5.118834 1.426552 0.038188
-5.001316 0.963748 0.053578
-5.095643 0.799176 0.049845
-5.006302 0.653618 0.047716
-4.818429 0.605892 0.045819
-4.667242 0.699169 0.053664
-4.454517 0.963653 0.047064
-4.424735 1.152109 0.049421
-4.567350 1.251799 0.044490
-4.743333 1.184531 0.045397
-4.800244 1.001989 0.050140
-4.654044 0.880802 0.048924
-4.072263 -5.584340 0.046160
-3.980620 -5.760288 0.046848
-4.066310 -5.928398 0.044397
-4.240823 -5.932762 0.044642
-4.547556 -1.391935 0.046062
-4.729354 -1.456656 0.047198
-4.538990 -1.178681 0.045853
-3.733140 -1.693045 0.042772
-3.755963 -2.070407 0.046101
-3.541826 -1.766278 0.046994
-3.447245 -1.914697 0.044216
-3.551187 -2.053136 0.052387
-4.213526 -1.742609 0.045301
-4.064333 -1.655452 0.046735
-4.223784 -1.941879 0.047724
-4.088054 -2.030066 0.045585
-3.888810 -1.946340 0.045143
-3.875348 -1.770997 0.051413
-1.349490 8.031601 0.048618
-1.051840 7.830957 0.049214
-1.364311 7.826876 0.049046
-1.216872 7.725360 0.046626
-0.864369 8.136842 0.048484
-0.863258 8.339211 0.050093
-1.032898 8.036163 0.048190
-1.183110 8.135292 0.048066
-1.025443 8.444370 0.046370
-1.176766 8.341130 0.048985
-3.853501 3.778970 0.045163
-3.730844 3.933374 0.044677
-3.834725 4.083444 0.045624
-4.029817 4.030443 0.044647
-4.043271 3.835140 0.044700
-3.869370 1.780970 0.051451
-4.491117 2.179683 0.052074
-4.705986 1.848184 0.051746
-4.703198 2.183510 0.047894
-4.807475 2.022361 0.048196
-4.496923 2.499279 0.049983
-4.700935 2.501670 0.048597
-4.812963 2.667689 0.048857
-4.728026 2.827056 0.047606
-4.202444 2.672576 0.049874
-4.149912 2.857020 0.051068
-4.410108 2.656323 0.046734
-4.529183 2.818080 0.049362
-3.430155 2.736625 0.037114
-3.430155 2.902781 0.036704
-2.165780 7.490861 0.048938
-2.184798 7.655813 0.041152
-2.334067 7.391700 0.041649
-2.100571 8.223859 0.041803
-1.957440 8.093280 0.042821
-2.053230 7.930641 0.041471
-2.273025 8.131936 0.046724
-2.254125 7.961353 0.041056
-3.764436 -7.939901 0.049568
-3.752406 -7.721612 0.044128
-2.417596 -7.844990 0.049694
-2.435411 -8.212565 0.046897
-2.275399 -8.130084 0.046837
-2.255771 -7.959989 0.040979
-3.103204 -7.708053 0.046489
-3.098840 -7.886601 0.046746
-2.626937 -7.494696 0.053024
-2.650746 -7.303073 0.037161
-2.942747 -7.586510 0.045219
-2.770250 -7.648699 0.048796
-2.825293 -7.265561 0.052503
-2.973981 -7.394996 0.049709
-3.519531 -7.055335 0.050437
-3.393226 -7.164392 0.042970
-3.495408 -6.886817 0.045035
-3.151985 -6.811378 0.039110
-3.321949 -6.782560 0.050405
-3.105595 -6.994804 0.057536
-3.208077 -7.152789 0.044112
-1.781916 0.250158 0.050276
-1.430304 0.248450 0.049996
-1.605986 0.344498 0.050666
-5.104245 -0.767150 0.047660
-4.503130 -0.768779 0.046793
-4.690436 -0.795610 0.051296
-4.433798 -0.559056 0.051648
-4.546189 -0.427810 0.045656
-3.326005 1.115376 0.045435
-3.448161 1.361661 0.043616
-3.508154 1.184274 0.050505
-2.897173 0.692686 0.046313
-2.841842 0.515668 0.049438
-2.659712 0.481743 0.040883
-5.117969 -0.452600 0.045080
-5.021628 -0.289708 0.050148
-4.839530 -0.301815 0.046161
-5.010785 -0.622784 0.048466
-4.810776 -0.629221 0.048836
-4.735861 -0.471144 0.044484
-3.310522 -1.117734 0.042922
-3.443293 -1.367625 0.041384
-3.492260 -1.197875 0.046328
-4.508718 -5.780824 0.045939
-4.334503 -5.767946 0.046994
-4.601485 -5.606983 0.046472
-4.251633 -5.587635 0.045608
-4.521004 -5.425096 0.045691
-4.345368 -5.418627 0.047267
-4.789946 -0.956517 0.051803
-4.715795 -1.122122 0.048150
-5.110930 -1.069017 0.044640
-5.003746 -0.934493 0.049252
-5.015424 -1.258829 0.054170
-4.834090 -1.289910 0.045494
-3.750622 2.074232 0.046449
-3.882317 1.956962 0.044883
-4.081247 2.052779 0.045341
-4.219015 1.974925 0.047281
-4.412471 2.028612 0.044697
-4.523063 1.858262 0.046191
-4.462688 2.977646 0.045204
-4.291081 3.000332 0.042709
-4.556171 3.164507 0.041653
-4.423009 3.302144 0.044317
-4.264896 3.197293 0.043609
-2.625106 7.498087 0.052902
-2.479153 7.529387 0.042009
-2.767830 7.653239 0.048695
-2.758075 7.842690 0.046636
-2.597748 7.923207 0.047169
-2.416214 7.848307 0.049524
-2.384886 7.694338 0.041667
-3.603941 -7.647590 0.047163
-3.446282 -7.749916 0.046452
-3.590947 -7.438672 0.046259
-3.442429 -7.362787 0.042862
-3.278252 -7.640370 0.046554
-3.287393 -7.462158 0.045158
-3.443895 -7.931898 0.046826
-3.264111 -8.178987 0.046561
-3.271501 -8.000899 0.046684
-3.429747 -8.295973 0.047258
-3.606826 -8.233848 0.046949
-3.613584 -8.047860 0.047900
-2.752359 -8.217755 0.046638
-2.597565 -8.116073 0.045561
-2.922305 -8.136635 0.046423
-2.927626 -7.954477 0.046170
-2.599379 -7.918594 0.047368
-2.759493 -7.838118 0.046835
-1.425960 0.055227 0.050858
-1.249514 -0.043039 0.049932
-1.409869 -0.339890 0.048749
-1.245364 -0.240324 0.051164
-3.761342 2.378147 0.048474
-3.851351 2.244272 0.043915
-3.877814 2.542873 0.048132
-4.085325 2.536824 0.047667
-4.178538 2.360155 0.049801
-4.061036 2.232329 0.045932
-4.416367 1.536024 0.049977
-4.399927 1.715681 0.047400
-4.065245 1.502207 0.047118
-4.232400 1.420689 0.045782
-4.060629 1.682566 0.047036
-4.211344 1.780704 0.044308
-1.737363 -0.338947 0.048312
-1.580504 -0.238837 0.051140
-1.592446 -0.041005 0.049445
-1.911462 -0.236063 0.051144
-1.934877 -0.037070 0.048665
-1.772720 0.057878 0.051529
