0.087344 -8.420563 0.044501
0.097887 -8.838910 0.046855
0.479791 -9.056421 0.049476
5.208041 -7.168079 0.041410
2.675250 -9.066773 0.049355
4.000895 -8.468684 0.045423
1.371088 8.427084 0.050371
0.097385 -7.790789 0.043968
0.088120 -7.482444 0.038640
0.185504 -7.593015 0.047908
0.214622 -7.909665 0.054133
0.411151 -7.821450 0.047270
0.546955 -7.922574 0.054055
0.117237 -8.097451 0.053064
0.204582 -8.225304 0.046632
0.730782 -7.813509 0.048426
0.766452 -7.601813 0.050787
0.656346 -9.158704 0.045301
0.088433 -9.156281 0.043265
0.186320 -9.053998 0.045328
0.366056 -9.162717 0.042024
1.858678 -7.909010 0.050477
2.670642 -8.869418 0.048915
2.514430 -9.164130 0.048833
1.857737 -7.490573 0.048216
5.198060 -6.883392 0.043283
5.098244 -7.023310 0.049464
2.842523 -9.167643 0.048094
2.831004 -8.589081 0.049353
2.837694 -8.781366 0.049178
3.482313 -8.211289 0.045963
3.659650 -8.284518 0.046260
5.135365 -7.332946 0.045685
4.899056 -7.032666 0.044975
0.088429 9.156277 0.043264
0.087336 8.420557 0.044499
0.953638 9.158131 0.047185
1.547512 7.490841 0.048281
1.702505 7.596410 0.050999
3.537627 2.636081 0.048096
0.059699 -0.164877 0.048786
0.099054 0.328266 0.049805
0.470374 -7.605131 0.048971
0.361964 -7.495571 0.043956
0.641849 -7.494560 0.045554
1.045798 -8.427407 0.050185
0.880763 -8.531558 0.051696
0.936040 -7.492254 0.046941
1.239540 -7.491357 0.047878
1.074450 -7.598611 0.050996
1.257907 -9.158682 0.048256
3.525329 -6.071541 0.043877
3.628910 -6.217541 0.054662
2.337206 -7.599837 0.052589
2.167542 -7.490721 0.047616
2.019625 -7.596294 0.051448
2.348452 -7.810679 0.050910
2.023466 -7.805419 0.050397
2.182629 -7.910688 0.050455
4.567857 -5.624106 0.050060
4.148770 -5.659328 0.050556
5.206782 -6.327469 0.037850
4.776292 -5.945430 0.050666
4.882436 -6.098164 0.050287
4.801420 -6.258049 0.047279
4.469059 -6.231743 0.051531
4.614873 -6.319087 0.044691
3.178760 -9.171132 0.047052
3.010833 -9.073775 0.049526
3.187177 -8.807041 0.047798
3.010612 -8.884853 0.048299
3.333627 -8.521139 0.052033
3.179448 -8.625086 0.050181
3.314930 -8.317375 0.043987
2.996193 -8.510612 0.047767
3.483216 -8.029433 0.049656
3.645221 -7.938005 0.044061
4.915488 -7.551740 0.046338
4.961494 -7.366041 0.046420
4.834983 -7.210530 0.046946
4.027983 -8.294189 0.047395
3.853015 -8.194045 0.044675
3.837682 -8.029388 0.051108
4.778432 -6.881543 0.049433
4.584951 -6.919184 0.048342
4.609697 -6.523315 0.044892
3.551559 -8.889914 0.048988
3.357422 -9.103858 0.044418
3.366059 -8.928690 0.051308
3.494563 -8.575089 0.041445
3.584637 -8.735313 0.043614
3.653204 -8.444555 0.043178
3.784847 -8.701635 0.041671
3.819481 -8.528577 0.044851
0.097379 7.790780 0.043964
0.361946 7.495568 0.043952
0.088116 7.482442 0.038638
0.185495 7.593011 0.047904
2.842310 9.167685 0.048082
0.117216 8.097440 0.053053
0.204552 8.225303 0.046629
0.214595 7.909659 0.054125
0.391853 8.242995 0.047884
0.537670 8.129055 0.053485
0.719160 8.431432 0.049255
0.714787 8.226083 0.049703
0.186303 9.054000 0.045320
0.366029 9.162723 0.042019
0.097874 8.838908 0.046848
0.470338 7.605126 0.048963
0.411103 7.821447 0.047265
0.546878 7.922572 0.054049
1.540983 8.738764 0.050684
1.534312 8.530741 0.050315
2.024220 8.845754 0.049813
1.861599 8.739634 0.050348
1.705995 8.843537 0.049595
1.716339 9.053658 0.050172
1.566848 9.159185 0.048912
1.091074 9.051813 0.050419
1.387077 8.842568 0.049467
1.257783 9.158683 0.048250
1.402598 9.052867 0.050332
1.042426 8.221396 0.050141
0.873038 8.120200 0.051840
1.239436 7.491354 0.047873
1.387243 7.597195 0.050918
1.857589 7.490569 0.048215
1.694901 8.427114 0.050323
1.857175 8.531234 0.050167
5.201141 5.613735 0.042739
5.095008 2.379841 0.044263
0.184309 -0.346476 0.052443
0.370250 -0.250114 0.053959
0.558897 -0.343638 0.053656
0.185668 0.026701 0.052607
0.225023 0.226510 0.058890
0.371609 -0.058537 0.054857
2.891843 -0.454603 0.055444
5.214637 1.409565 0.039577
5.189506 2.242318 0.045463
4.117245 1.793771 0.046968
1.067451 -8.841312 0.049159
0.783324 -9.051833 0.050195
0.746443 -8.842208 0.048520
0.893105 -8.738005 0.051722
0.953725 -9.158130 0.047191
1.091190 -9.051811 0.050426
0.719259 -8.431432 0.049262
0.714886 -8.226086 0.049709
0.391907 -8.242988 0.047890
0.537751 -8.129056 0.053491
0.209628 -8.546317 0.052223
0.220170 -8.745073 0.056554
0.396953 -8.450780 0.045816
0.547170 -8.542194 0.053992
0.422338 -8.853866 0.046614
0.562012 -8.746523 0.052476
1.369103 -8.220401 0.050217
1.531136 -8.116824 0.050626
1.699777 -7.805730 0.049990
1.534342 -7.909839 0.050777
1.376982 -7.806883 0.049719
1.387381 -7.597201 0.050926
1.547641 -7.490844 0.048285
1.702677 -7.596417 0.051009
1.567009 -9.159184 0.048918
1.402753 -9.052865 0.050339
1.534525 -8.530740 0.050322
1.371278 -8.427085 0.050378
1.209355 -8.530423 0.050752
1.218666 -8.737882 0.051091
1.387251 -8.842565 0.049473
1.541187 -8.738762 0.050691
2.349741 -9.060121 0.049364
3.532200 -5.770574 0.043123
3.629672 -5.888430 0.048656
3.837443 -5.522893 0.051127
3.945208 -5.686205 0.050418
3.839554 -5.854996 0.053346
4.246548 -6.876469 0.046677
4.443534 -6.801206 0.049010
4.459190 -6.616407 0.051608
2.987143 -8.322634 0.048132
3.151701 -8.233344 0.050855
2.501912 -7.933591 0.051602
2.663076 -7.867536 0.048213
2.818069 -8.008187 0.047382
2.816269 -8.200425 0.048638
2.472025 -7.494116 0.046711
2.995358 -7.124984 0.044826
3.184558 -7.069773 0.051540
3.346035 -7.174011 0.047744
4.114194 -6.050014 0.048079
3.920910 -6.005728 0.044666
3.814608 -6.185162 0.046491
4.476212 -5.765845 0.044099
4.451018 -6.056574 0.044704
4.579709 -5.932124 0.047541
4.249498 -5.966815 0.045363
4.266647 -5.786557 0.046155
4.779874 -5.626771 0.048258
4.884812 -5.781816 0.046939
5.201113 -5.611158 0.042809
5.092032 -5.767002 0.050865
4.455515 -5.467580 0.047643
4.245993 -5.482090 0.047371
3.529974 -5.292333 0.043181
3.532200 -5.589353 0.041968
3.634317 -5.484445 0.052390
5.102577 -6.437408 0.051880
4.912480 -6.411751 0.043810
5.203652 -6.610579 0.041478
5.093855 -6.734058 0.046925
4.873414 -6.722852 0.049339
4.793115 -6.573716 0.046927
3.649806 -7.750732 0.047442
3.817712 -7.644256 0.046663
3.676616 -7.358087 0.050336
3.832981 -7.442952 0.043096
3.531438 -6.392978 0.047273
4.742666 -7.592612 0.046490
4.694664 -7.781390 0.045157
4.519302 -7.834866 0.046010
4.463600 -8.022519 0.043511
4.214455 -8.246142 0.047749
4.266455 -8.072256 0.051365
3.976147 -7.924209 0.042865
4.157969 -7.938916 0.042639
3.951593 -7.726350 0.042071
3.539754 4.366133 0.048677
2.193969 9.161000 0.049350
1.879054 9.159473 0.049367
2.031332 9.055473 0.049709
2.514188 9.164154 0.048824
2.674977 9.066840 0.049339
2.349471 9.060154 0.049351
2.670306 8.869545 0.048902
0.880640 8.531559 0.051691
0.892986 8.738008 0.051716
1.209188 8.530424 0.050746
1.045655 8.427405 0.050179
1.067318 8.841314 0.049153
1.218506 8.737884 0.051084
0.479745 9.056429 0.049470
0.656293 9.158706 0.045295
0.783246 9.051837 0.050188
0.746350 8.842212 0.048515
0.209600 8.546325 0.052214
0.220138 8.745082 0.056545
0.396901 8.450791 0.045810
0.547091 8.542201 0.053986
0.561935 8.746533 0.052469
0.422283 8.853879 0.046609
0.641802 7.494558 0.045550
1.368913 8.220397 0.050210
1.203785 8.117727 0.051039
1.208467 7.911193 0.051315
1.376814 7.806875 0.049713
3.178632 9.171193 0.047039
3.357299 9.103960 0.044398
3.365818 8.928908 0.051285
3.010603 9.073879 0.049507
5.091788 5.473774 0.049513
2.995010 7.125357 0.044818
3.676027 7.359050 0.050323
3.531200 4.991311 0.045704
3.837395 5.194281 0.050999
3.529886 5.294821 0.042968
3.633229 5.168559 0.051726
3.692287 7.169938 0.044771
3.874841 7.065500 0.045066
3.900550 6.874359 0.048064
3.531452 6.393811 0.047172
3.940485 6.323509 0.048153
3.919156 6.499156 0.047997
4.280957 6.340030 0.047041
4.127712 6.248081 0.044234
3.828866 2.827839 0.045723
3.527607 2.948000 0.044790
3.637377 2.799015 0.054474
5.213360 2.513601 0.040396
3.953759 2.692766 0.047800
3.944201 2.503364 0.050980
4.306807 4.472531 0.045007
4.317655 4.265933 0.045676
3.520153 4.057517 0.042712
3.632049 4.200711 0.051380
4.184124 4.169010 0.046200
3.881945 3.972218 0.043595
3.978802 4.264446 0.048419
3.833276 4.155504 0.051407
3.533876 -3.241028 0.044981
3.518221 3.546336 0.038342
3.771082 3.816799 0.041158
3.518221 3.731714 0.037041
3.610517 3.856891 0.054475
4.596665 -4.057311 0.050482
3.809289 -1.790352 0.042814
3.803171 -1.579979 0.043740
3.622049 -1.539666 0.045856
1.860632 -0.052802 0.053784
1.302225 -0.343516 0.053665
1.488324 -0.246807 0.053832
1.859815 -0.245935 0.054300
1.672952 -0.343291 0.053652
1.831670 0.339799 0.050694
5.096380 2.106892 0.046190
4.903775 2.059267 0.042995
4.209822 0.716667 0.047299
5.188576 1.136437 0.044421
5.095356 1.251731 0.044098
4.434332 1.584572 0.048482
3.033080 -0.320933 0.052482
4.187297 0.348419 0.048770
3.539779 -4.361432 0.048781
1.053934 -7.808771 0.049361
1.208624 -7.911200 0.051322
0.879853 -7.914110 0.052364
0.873162 -8.120206 0.051845
1.042569 -8.221400 0.050148
1.203951 -8.117733 0.051045
2.194200 -9.160991 0.049357
1.716534 -9.053656 0.050180
1.879252 -9.159472 0.049373
2.031569 -9.055463 0.049720
1.706214 -8.843534 0.049602
2.503804 -8.761491 0.049209
2.343723 -8.854838 0.049573
3.940422 -6.321392 0.048206
4.276250 -6.518101 0.046837
4.280943 -6.337665 0.047098
4.127597 -6.245696 0.044271
3.148293 -8.039251 0.045777
2.985534 -7.936303 0.048603
3.312426 -7.941426 0.045167
5.198776 -5.890671 0.041890
5.206782 -6.160544 0.038074
5.097701 -6.058219 0.048820
4.568901 -4.693489 0.050099
4.877723 -5.471655 0.048635
5.091742 -5.470856 0.049583
3.212060 -6.899639 0.041653
3.594211 -6.554509 0.043683
3.409580 -6.825003 0.049639
3.424966 -6.675628 0.036311
4.616826 -7.445308 0.046549
4.533730 -7.108702 0.046029
4.663137 -7.248925 0.047077
4.115453 -7.624574 0.042842
4.451551 -7.495028 0.044857
4.402029 -7.695809 0.046604
4.237840 -7.750122 0.043850
0.766382 7.601809 0.050780
1.053806 7.808764 0.049355
1.074345 7.598606 0.050989
0.935965 7.492251 0.046936
0.730692 7.813503 0.048420
0.879736 7.914103 0.052358
1.693686 8.219879 0.050183
1.530922 8.116818 0.050620
1.699563 7.805720 0.049983
1.534141 7.909831 0.050770
3.186847 8.807314 0.047776
3.010299 8.885052 0.048284
2.837335 8.781563 0.049159
2.830583 8.589338 0.049339
2.815738 8.200753 0.048619
2.019418 7.596288 0.051437
2.017146 8.428365 0.050078
5.198504 5.335039 0.043230
5.099049 4.518961 0.050474
5.206047 4.064041 0.041445
5.202612 4.349249 0.041276
5.100801 4.217251 0.049986
5.198004 6.884347 0.043226
4.469137 6.234193 0.051456
4.579839 5.934843 0.047474
4.451165 6.059194 0.044656
4.873280 6.724406 0.049280
5.102559 6.439104 0.051823
5.203641 6.611948 0.041427
5.093788 6.735369 0.046873
3.211647 6.900108 0.041682
3.184023 7.070390 0.051500
3.345385 7.174829 0.047714
3.537905 7.085861 0.046784
3.516675 7.456637 0.043907
3.200969 7.457180 0.042421
3.340415 7.356494 0.050363
5.207979 7.168531 0.041349
5.098127 7.024173 0.049427
3.940337 5.036452 0.047661
3.532326 5.772185 0.043200
3.532326 5.591062 0.041947
3.634354 5.487216 0.052238
4.101509 6.603917 0.046261
4.087337 6.777220 0.048954
4.276083 6.520219 0.046779
4.458991 6.618376 0.051555
4.024292 7.148538 0.047746
3.753977 6.800101 0.042631
3.593958 6.555580 0.043669
3.758411 6.598201 0.049635
3.573885 6.907164 0.045105
3.424628 6.676167 0.036409
3.408989 6.825851 0.049608
3.525379 6.072888 0.043869
3.628974 6.219189 0.054568
3.814756 6.187354 0.046432
3.629848 5.890611 0.048596
4.779983 5.629808 0.048190
4.877801 5.474810 0.048572
5.206735 3.334029 0.037878
5.206735 3.500189 0.037733
4.887053 3.254980 0.047148
5.095842 3.230496 0.050285
4.770179 3.083519 0.051936
5.101441 3.606606 0.050444
5.202564 3.777488 0.041215
5.100754 3.910090 0.050702
4.138046 2.768525 0.045046
4.768212 2.164272 0.049572
4.898375 4.223424 0.047926
4.504074 4.221995 0.047381
4.349937 3.857775 0.043708
4.202551 3.977294 0.053049
4.045898 3.889444 0.043650
4.797433 3.401249 0.047021
4.900930 3.566421 0.047212
0.744800 -0.247269 0.054019
1.117013 -0.247146 0.053748
0.930980 -0.343630 0.053677
0.562566 0.040790 0.053769
0.747109 -0.054418 0.054086
3.932668 3.005973 0.044978
4.126975 2.966962 0.046431
3.809120 -2.412377 0.043574
3.809760 -2.203347 0.043613
3.627732 -2.161248 0.047859
3.527769 -2.941643 0.044898
3.637695 -2.791723 0.054645
3.633788 -3.111851 0.048275
4.719835 -0.631185 0.050507
5.216578 -0.364613 0.036185
5.085881 -0.453245 0.051736
3.532305 -1.401918 0.044970
3.517601 -1.708853 0.042244
3.628167 -1.854642 0.047746
3.538423 -2.013308 0.047831
2.043049 -0.342644 0.053645
2.231952 -0.248475 0.054060
2.237287 -0.056257 0.054419
2.049201 0.042707 0.054463
2.175016 0.338885 0.047300
2.028750 0.238684 0.057424
3.942270 2.102169 0.049980
3.538571 2.019461 0.048063
3.942404 1.900590 0.050754
3.517274 1.714325 0.042511
3.810053 1.802086 0.043087
3.627988 1.863260 0.047175
2.985843 0.691058 0.045264
3.174399 0.741218 0.050212
3.331627 0.625260 0.047659
3.012285 -0.146052 0.049758
5.214732 1.964045 0.040334
5.096858 1.539481 0.047680
5.190078 1.686586 0.045208
5.096953 1.818070 0.045317
4.765462 1.772130 0.050102
4.904347 1.866693 0.043206
5.216033 -0.716274 0.036089
5.085336 -0.629474 0.051909
4.883492 -0.719714 0.043897
5.216033 -0.891543 0.036333
5.216402 0.339777 0.036302
5.215696 0.866583 0.036833
5.096415 0.974664 0.050404
5.215696 0.693313 0.035026
4.067876 1.000003 0.048088
4.224608 0.906070 0.048809
4.406386 1.002813 0.049099
4.414044 1.194476 0.050091
3.624600 1.549463 0.046003
3.806665 1.593938 0.043715
3.203902 0.912796 0.043448
4.180568 0.170482 0.046745
4.362252 0.084323 0.049100
4.358932 -0.093672 0.048547
4.031214 0.615691 0.050320
4.016700 0.430696 0.047213
3.654660 0.424704 0.047767
3.825750 0.336611 0.048545
2.494383 -8.147675 0.047770
2.653747 -8.273858 0.049417
2.659432 -8.474536 0.048268
2.499284 -8.558895 0.049996
2.024487 -8.845742 0.049820
2.181100 -8.745987 0.049565
1.861850 -8.739629 0.050357
2.725929 -7.676642 0.050212
2.648649 -7.531856 0.044354
2.747999 -7.348944 0.039595
2.933215 -7.306360 0.054842
3.330343 -7.746428 0.048746
3.340994 -7.355755 0.050385
3.517259 -7.455822 0.043929
3.505718 -7.647162 0.045456
5.101333 -3.601292 0.050534
5.202586 -3.773219 0.041143
5.202527 -4.345343 0.041343
4.796175 -4.382099 0.049803
4.491750 -4.536249 0.046981
4.306797 -4.467131 0.045092
4.609581 -4.380745 0.045179
4.504018 -4.216106 0.047458
4.317632 -4.260094 0.045765
3.526320 -4.675706 0.045656
3.638242 -4.515962 0.054171
4.168064 -4.536340 0.045878
4.135223 -4.715318 0.047566
3.927309 -4.718431 0.044510
3.973610 -4.425076 0.045672
3.834251 -4.539706 0.048152
4.247518 -4.853348 0.049505
4.454431 -4.843100 0.050411
4.142300 -5.341991 0.049866
3.937312 -5.355916 0.049027
4.247479 -5.169705 0.048546
4.145353 -5.025566 0.048845
4.769912 -5.317964 0.048958
4.559722 -5.316555 0.049121
4.560166 -5.004392 0.048565
4.455379 -5.158779 0.049055
5.198486 -5.332104 0.043291
3.919363 -6.497238 0.048057
3.758850 -6.596556 0.049658
4.087799 -6.775545 0.048988
4.101845 -6.601977 0.046308
3.875392 -7.064222 0.045081
3.574609 -6.905963 0.045126
3.901101 -6.872885 0.048105
3.754634 -6.798635 0.042632
3.692881 -7.168846 0.044802
3.538565 -7.084837 0.046794
3.998675 -7.336767 0.045460
4.147266 -7.436295 0.046931
4.024820 -7.147278 0.047783
4.319175 -7.361063 0.046041
4.209278 -7.056864 0.047430
4.355043 -7.171120 0.047800
1.855765 8.116173 0.050411
2.016951 8.220540 0.050252
2.178725 8.118656 0.050150
1.858425 7.909002 0.050469
2.023196 7.805411 0.050389
2.182311 7.910697 0.050448
2.817515 8.008549 0.047361
3.333145 8.521561 0.052013
3.179025 8.625435 0.050163
2.995725 8.510947 0.047745
2.986606 8.323021 0.048111
2.167386 7.490718 0.047621
2.658999 8.474746 0.048248
2.653273 8.274088 0.049401
2.493949 8.147817 0.047748
2.336978 8.232781 0.051059
4.491811 4.541468 0.046886
4.895207 4.550855 0.047885
4.796344 4.387315 0.049722
4.609680 4.386203 0.045098
4.785677 4.706549 0.047345
4.568944 4.698275 0.050002
5.204294 4.790129 0.038364
5.204294 4.625588 0.038318
5.206775 6.329136 0.037830
5.206775 6.162370 0.038027
5.198817 5.892881 0.041816
5.092100 5.769546 0.050787
5.097735 6.060361 0.048736
4.884929 5.784583 0.046875
4.776410 5.948061 0.050599
4.882499 6.100505 0.050204
4.801428 6.260263 0.047228
4.912447 6.413688 0.043761
4.614870 6.321376 0.044646
4.609598 6.525371 0.044835
4.793021 6.575568 0.046873
3.201846 7.656495 0.040409
3.021166 7.748452 0.045590
2.984947 7.936785 0.048585
4.000490 8.469079 0.045406
3.551333 8.890138 0.048968
3.817108 7.645177 0.046650
3.832406 7.443968 0.043074
3.998118 7.337895 0.045441
4.146703 7.437388 0.046901
4.915166 7.552194 0.046322
5.135230 7.333280 0.045667
4.961228 7.366638 0.046389
4.694242 7.781910 0.045139
4.518818 7.835517 0.045985
4.401495 7.696659 0.046585
4.742256 7.593253 0.046463
4.778204 6.882974 0.049381
4.898834 7.033764 0.044937
4.834684 7.211480 0.046920
4.168030 4.541538 0.045803
4.135179 4.720206 0.047504
3.973556 4.430375 0.045603
4.142311 5.345679 0.049769
3.937220 5.359724 0.048960
3.837523 5.526397 0.051033
5.196964 3.063421 0.042323
4.904070 2.449211 0.041307
4.769880 2.366630 0.050965
4.590123 2.074989 0.047123
4.265406 1.889145 0.048620
4.586800 1.875421 0.046200
4.438294 1.782628 0.048829
4.598201 2.478583 0.045147
4.283193 2.674155 0.047175
4.467221 2.783088 0.049969
4.608893 2.687166 0.048047
4.521117 3.902489 0.047070
4.596745 4.063469 0.050372
4.630054 3.730019 0.042491
4.802815 3.730875 0.051370
4.901516 3.903662 0.047019
4.804383 4.063785 0.045932
3.624266 -3.422617 0.051388
3.518247 -3.540999 0.038416
3.518247 -3.726478 0.037029
4.184191 -4.163012 0.046277
3.978900 -4.258785 0.048533
0.430457 0.338244 0.048711
0.582059 0.237762 0.056639
0.774684 0.339518 0.051168
1.480064 0.340081 0.051920
1.488718 -0.053393 0.053956
1.665650 0.239880 0.055691
1.674163 0.043255 0.053755
1.126375 0.340022 0.052028
1.118434 -0.053791 0.054028
1.304039 0.043253 0.053449
1.303898 0.240103 0.055130
0.942793 0.239540 0.055412
0.934710 0.042576 0.053489
3.847123 3.147730 0.052022
3.624164 3.428693 0.051255
3.533800 3.246949 0.044887
3.633550 3.118581 0.048092
4.256349 3.057030 0.045791
4.575267 3.094080 0.048212
4.451447 2.967526 0.046071
3.517166 -2.323061 0.042948
3.537783 -2.629479 0.048119
3.627092 -2.477143 0.046212
3.829380 -2.819508 0.045828
4.521055 -3.895888 0.047170
3.823878 -3.461130 0.051244
3.878558 -3.629983 0.043753
4.355419 -0.446819 0.048356
5.216578 -0.188658 0.036090
5.216402 0.164099 0.035998
5.086768 0.077131 0.051749
5.086943 -0.100296 0.051754
3.239626 -0.405159 0.048196
3.277376 -0.581960 0.049541
3.476157 -0.666879 0.047761
3.728446 -1.156663 0.049085
3.578359 -1.223040 0.045550
3.704453 -0.952243 0.044796
3.518824 -0.847221 0.046746
3.367103 -0.949282 0.050945
3.402646 -1.120681 0.041451
5.214106 -1.963259 0.039710
5.190405 -1.689462 0.043826
5.096653 -1.808796 0.044701
4.224172 -1.280329 0.047897
3.925753 -1.476754 0.049739
4.052242 -1.180360 0.049837
3.894717 -1.274387 0.048021
4.427283 -1.571535 0.048500
4.435329 -1.769385 0.049105
4.105283 -1.579234 0.046625
4.246178 -1.476834 0.049192
3.177300 -0.888735 0.044313
2.951252 -0.658623 0.044566
3.130240 -0.701755 0.052588
2.413602 -0.345831 0.052030
2.731787 -0.434466 0.041552
2.611608 -0.276445 0.049464
3.809571 2.212923 0.043508
3.627641 2.168990 0.047752
3.516927 2.329321 0.042945
3.626697 2.484628 0.046021
3.808628 2.421417 0.043578
2.946954 0.508525 0.051388
3.293007 0.446207 0.049044
3.456640 0.342830 0.048941
3.096890 0.379631 0.048983
3.054666 0.201632 0.048816
5.089031 0.432319 0.051429
5.088325 0.613189 0.052226
4.902622 1.284686 0.043051
4.756626 1.190166 0.051554
4.575506 1.288806 0.046458
4.582710 1.482055 0.047243
4.904124 1.478092 0.043561
4.765333 1.576820 0.050297
4.243574 1.293368 0.047895
3.934229 1.491570 0.050235
4.079184 1.195638 0.049214
3.914039 1.291157 0.048406
4.112458 1.592897 0.046630
4.256657 1.490216 0.049014
3.535183 1.407674 0.046302
3.524312 0.699114 0.048108
3.683713 0.601935 0.048125
3.869317 0.698837 0.046205
3.891193 0.893747 0.049298
3.994435 0.082281 0.048178
3.810214 0.166132 0.046828
2.179057 -8.118637 0.050162
2.337351 -8.232713 0.051066
2.336568 -8.443254 0.048740
2.178466 -8.536999 0.050557
3.025025 -7.441520 0.041430
3.201488 -7.456516 0.042437
3.202377 -7.655850 0.040436
3.021701 -7.747900 0.045608
2.917088 -7.628890 0.040966
5.206604 -3.496389 0.037566
5.206604 -3.330639 0.037957
4.511236 -3.565198 0.046117
4.900777 -3.559762 0.047265
4.802752 -3.724271 0.051499
4.629954 -3.723141 0.042555
5.196671 -3.059592 0.042329
5.095418 -3.224867 0.050601
5.098927 -4.514831 0.050626
4.785591 -4.702036 0.047451
4.895035 -4.546151 0.047993
5.205976 -4.059845 0.041474
5.100646 -4.212577 0.050135
5.100705 -3.904988 0.050802
4.901427 -3.897571 0.047112
4.804239 -4.057863 0.046031
4.898186 -4.218013 0.048005
3.531209 -4.987995 0.045858
3.629672 -4.844025 0.050023
3.834652 -4.863006 0.051620
3.633326 -5.165039 0.051796
3.837538 -5.190175 0.051053
3.940401 -5.032111 0.047748
2.916630 7.629396 0.040959
3.024561 7.442107 0.041422
2.932830 7.306796 0.054826
2.498900 8.559026 0.049985
2.180795 8.746021 0.049553
2.178145 8.537032 0.050551
2.336203 8.443332 0.048724
2.503454 8.761599 0.049194
2.343408 8.854894 0.049564
4.880068 4.859381 0.049839
5.094844 4.892634 0.049785
5.198407 5.059906 0.042008
5.089054 5.182083 0.050205
4.454411 4.847635 0.050301
4.247490 4.857972 0.049393
4.247434 5.173681 0.048461
4.145285 5.029896 0.048769
3.147691 8.039779 0.045757
3.314366 8.317864 0.043970
3.151128 8.233811 0.050839
3.659085 8.285071 0.046234
3.481719 8.211862 0.045944
3.494122 8.575501 0.041431
3.584315 8.735626 0.043595
3.652708 8.445013 0.043165
3.784543 8.701932 0.041656
3.819072 8.528967 0.044837
4.463127 8.023061 0.043490
4.027494 8.294718 0.047361
4.213989 8.246659 0.047721
4.265942 8.072889 0.051332
3.837077 8.030127 0.051085
3.852452 8.194665 0.044644
4.662730 7.249997 0.047043
4.318632 7.362193 0.046020
4.616363 7.446214 0.046528
4.451026 7.496013 0.044830
3.834633 4.867555 0.051548
3.927270 4.723233 0.044434
3.629663 4.848137 0.049946
3.526319 4.679764 0.045535
3.638216 4.520679 0.054094
3.834196 4.544730 0.048065
4.246109 5.485432 0.047293
4.455620 5.470897 0.047562
4.476372 5.768759 0.044050
4.567997 5.627203 0.049985
4.114445 6.052609 0.047999
4.249719 5.969560 0.045312
3.945479 5.689352 0.050311
4.266860 5.789454 0.046087
4.148973 5.662432 0.050473
3.921145 6.008268 0.044610
3.839832 5.857826 0.053230
5.198859 2.796286 0.042944
5.104362 2.665898 0.045377
5.087967 2.948357 0.046741
4.869971 2.943972 0.046263
4.913424 2.640272 0.042335
4.789925 2.766275 0.050213
4.121397 2.194151 0.048430
4.269692 2.087946 0.048496
4.445903 2.180998 0.048556
4.452313 2.382234 0.049468
4.124272 2.386853 0.045212
4.278978 2.481884 0.049648
3.610603 -3.851311 0.054549
3.771301 -3.810748 0.041244
3.520213 -4.052397 0.042771
3.632135 -4.195463 0.051497
3.833435 -4.149771 0.051506
3.882211 -3.966143 0.043659
3.878417 3.636502 0.043666
3.823795 3.467861 0.051157
3.947004 3.315267 0.047841
4.044302 3.685603 0.044181
4.580532 3.408259 0.052302
4.475239 3.272550 0.045104
4.511268 3.572575 0.046029
4.341362 3.648601 0.043742
4.192379 3.564278 0.051714
4.270935 3.248372 0.047248
4.149703 3.362583 0.050148
3.944606 -2.493790 0.051115
3.954263 -2.683617 0.047914
4.349992 -3.850968 0.043767
4.202694 -3.970788 0.053162
4.046180 -3.882933 0.043695
4.044493 -3.678745 0.044238
4.341450 -3.641241 0.043823
4.192466 -3.556874 0.051824
4.271216 -3.239879 0.047412
4.149867 -3.354788 0.050317
3.947215 -3.307807 0.047992
3.847514 -3.140117 0.052165
3.933181 -2.997694 0.045127
3.941018 -1.889018 0.051037
3.941925 -2.091541 0.050060
4.114431 -1.781124 0.046920
4.263372 -1.876574 0.048855
4.585687 -1.861283 0.046261
4.904323 -1.848411 0.043260
4.764838 -1.755363 0.050829
4.172508 -0.175706 0.046947
4.170653 -0.350963 0.048416
3.989695 -0.085912 0.047576
4.357644 -0.626077 0.050087
4.533367 -0.720006 0.046560
3.851606 -0.875073 0.050205
4.179667 -0.710547 0.047395
4.033124 -0.985466 0.047993
4.192539 -0.896253 0.049512
4.884690 -0.187984 0.044261
4.722146 -0.097794 0.049717
4.719426 -0.452678 0.049729
4.883628 -0.364978 0.044130
4.530732 -0.362241 0.046975
4.532390 -0.184352 0.046805
5.098015 -1.528996 0.050375
2.623639 -0.098929 0.056963
2.819227 -0.038354 0.055432
2.846337 0.144283 0.051912
2.430969 0.023903 0.053085
2.765470 0.469115 0.045523
2.707076 0.282873 0.051098
2.377116 0.338885 0.044659
2.487295 0.223067 0.066685
3.208932 -0.067174 0.048760
3.224203 0.097873 0.050177
3.430060 0.172495 0.047343
3.612544 0.083891 0.048460
4.892303 0.713269 0.042950
4.564560 0.908240 0.047483
4.900393 0.901474 0.045224
4.753338 1.001263 0.050420
3.754569 1.177629 0.048872
3.592693 1.237696 0.045278
3.743031 0.975853 0.045161
3.561753 0.878123 0.045915
3.398571 0.975847 0.049363
3.417973 1.133645 0.039917
1.856033 -8.116178 0.050419
2.017249 -8.220536 0.050259
1.693926 -8.219882 0.050190
1.695141 -8.427115 0.050331
1.857439 -8.531231 0.050174
2.017441 -8.428356 0.050087
5.087395 -2.941765 0.047178
5.198580 -2.792480 0.042856
5.103672 -2.658548 0.046035
4.912690 -2.628875 0.042432
5.204257 -4.622088 0.038370
5.204257 -4.786675 0.038360
5.094810 -4.888966 0.049872
5.198410 -5.056650 0.042042
5.089039 -5.178790 0.050279
4.874485 -5.163851 0.048324
4.769082 -5.008055 0.049277
4.880036 -4.855311 0.049913
2.725483 7.676958 0.050190
2.336954 7.599861 0.052577
2.348101 7.810717 0.050895
2.501487 7.933712 0.051592
2.662588 7.867779 0.048193
4.769982 5.321429 0.048877
4.874518 5.167437 0.048253
4.769095 5.012007 0.049185
4.559788 5.320120 0.049049
4.455399 5.162657 0.048954
4.560171 5.008536 0.048490
3.329742 7.747085 0.048736
3.311807 7.942036 0.045148
3.505125 7.647913 0.045438
3.649178 7.751535 0.047425
3.644586 7.938737 0.044042
3.482596 8.030066 0.049640
3.975538 7.925037 0.042838
4.157396 7.939712 0.042616
3.950976 7.727289 0.042054
4.114859 7.625574 0.042827
4.237257 7.751025 0.043832
4.354564 7.172404 0.047757
4.246143 6.878065 0.046623
4.208808 7.058243 0.047405
4.533324 7.110007 0.046002
4.443223 6.802919 0.048968
4.584649 6.920700 0.048286
4.124587 -2.376207 0.045313
4.121266 -2.182987 0.048571
4.269301 -2.075914 0.048686
4.138494 -2.758861 0.045129
4.256702 -3.047873 0.045919
4.127427 -2.957910 0.046528
4.903507 -2.043315 0.043189
5.095837 -2.097828 0.047777
4.903698 -2.436623 0.041376
5.212949 -2.510371 0.040254
5.189589 -2.240057 0.044981
5.094680 -2.372044 0.044088
3.639945 -0.579278 0.049113
3.829765 -0.682451 0.046255
3.991622 -0.426813 0.047143
3.998410 -0.607138 0.050610
5.215468 -1.245025 0.034861
5.215468 -1.417644 0.036906
5.088858 -0.983907 0.051410
5.088293 -1.165609 0.052565
4.887014 -0.898879 0.044830
3.604469 -0.078356 0.047238
3.618149 -0.407104 0.047179
3.416612 -0.317903 0.049337
3.406713 -0.154799 0.047392
3.797399 -0.164307 0.046923
3.801181 -0.329951 0.048227
4.554689 0.721449 0.046666
4.373717 0.443365 0.048489
4.381729 0.626619 0.050309
4.735377 0.626268 0.051541
2.471870 7.494143 0.046734
2.648390 7.532035 0.044342
2.747806 7.349162 0.039569
4.770087 -2.353455 0.051166
4.768739 -2.149846 0.049902
4.590404 -2.060862 0.047514
4.445975 -2.168303 0.048682
4.451618 -2.957728 0.046144
4.869370 -2.934399 0.046443
4.789574 -2.755441 0.050418
4.598509 -2.466171 0.045299
4.452731 -2.370004 0.049687
4.609004 -2.675906 0.048202
4.467477 -2.772566 0.050161
4.279379 -2.470835 0.049787
4.283629 -2.663662 0.047353
4.730781 -0.992952 0.049677
4.390456 -1.183568 0.050475
4.377941 -0.994386 0.048781
4.540791 -0.902609 0.048171
4.537199 0.172361 0.046504
4.541936 0.353466 0.047488
4.886004 0.168160 0.043900
4.723635 0.080923 0.050168
4.888267 0.347671 0.044419
4.730635 0.441539 0.049701
4.575284 -3.084852 0.048405
4.769804 -3.074585 0.052094
4.475312 -3.264060 0.045256
4.580463 -3.400481 0.052453
4.797206 -3.393914 0.047142
4.886576 -3.247226 0.047330
4.893266 -1.267172 0.042878
4.737598 -1.179543 0.051916
4.762141 -1.561773 0.050082
4.902988 -1.457939 0.045515
4.574944 -1.469843 0.047726
4.560123 -1.278381 0.046837
-5.203842 6.384873 0.053669
-2.590698 9.160106 0.048215
-2.751728 9.056167 0.049165
-4.757614 7.681340 0.044008
-5.112179 6.549684 0.048471
-4.786483 7.518976 0.050514
-4.692339 7.348448 0.043768
-4.528376 7.300113 0.052239
-4.571685 7.720514 0.055869
-5.206115 5.695656 0.052468
-4.185103 6.270101 0.045988
-3.968931 6.285020 0.045609
-3.854563 6.155638 0.054069
-3.532795 5.926557 0.041242
-3.640986 5.810318 0.054231
-0.117220 7.747820 0.044576
-1.664296 9.159349 0.049037
-2.282420 9.159050 0.048766
-2.441160 9.054155 0.049288
-2.899098 9.161061 0.047559
-2.453727 8.844397 0.048797
-2.305441 8.737132 0.049416
-2.592779 -9.159881 0.048262
-4.188290 -7.846811 0.049389
-4.317664 -8.001491 0.050370
-4.001862 -7.911975 0.047044
-3.958783 -8.092177 0.045659
-4.211441 -7.665058 0.048776
-0.106046 0.041398 0.047233
-0.263312 -0.058815 0.060599
-0.492308 0.034700 0.049608
-0.531492 0.230060 0.056942
-0.730498 0.339390 0.049168
-5.216194 6.732210 0.050292
-4.334610 7.005425 0.051182
-4.498461 7.081680 0.047256
-4.973062 7.501449 0.039522
-3.991729 7.040114 0.048146
-4.174218 7.121925 0.050721
-4.314963 8.004166 0.050375
-4.184775 7.850208 0.049375
-4.460509 8.000741 0.037822
-4.576202 7.885048 0.038581
-4.207857 7.669252 0.048586
-4.193478 7.307448 0.048150
-4.383785 7.409382 0.051289
-4.390800 7.601404 0.050218
-3.664784 8.638589 0.052452
-5.106005 5.865214 0.051518
-4.902913 6.200745 0.051154
-5.207747 6.039516 0.052166
-5.103732 6.209372 0.052830
-4.284672 6.135105 0.051714
-4.498613 6.160819 0.048224
-3.940613 6.469362 0.047143
-3.983615 6.855112 0.050064
-0.092522 8.325623 0.040986
-0.219370 7.868332 0.049464
-0.102150 8.027669 0.042773
-0.194672 8.170140 0.046468
-0.373293 8.219413 0.041242
-0.117059 8.903480 0.044529
-0.101965 8.623565 0.042722
-0.194487 8.481438 0.046380
-0.480533 8.540606 0.047647
-0.373108 8.432271 0.041228
-0.418972 8.749423 0.044963
-0.219025 8.783214 0.049355
-0.406736 9.160677 0.045581
-0.096291 9.178668 0.037408
-0.213350 9.074345 0.053273
-0.720752 9.162243 0.047308
-0.548680 8.853264 0.052332
-0.542118 9.057920 0.053268
-1.055779 7.902315 0.048468
-3.536048 5.634669 0.044934
-1.351904 9.160201 0.048838
-1.508452 9.054549 0.050046
-1.237335 8.428035 0.048034
-1.239789 8.216652 0.047825
-1.076764 8.110987 0.050247
-2.131651 9.052724 0.049380
-1.974208 9.158674 0.049068
-1.821504 9.053023 0.049701
-1.830352 8.841388 0.049525
-2.142104 8.840565 0.049333
-1.993510 8.734880 0.049466
-1.382386 8.531801 0.049602
-1.680822 8.737616 0.049341
-1.516130 8.844451 0.049850
-1.366272 8.741781 0.049056
-3.205343 -9.159121 0.047399
-2.284665 -9.158923 0.048811
-2.443657 -9.053804 0.049361
-3.489415 -8.519283 0.048143
-4.462528 -7.998612 0.037792
-4.578247 -7.882893 0.038685
-4.914694 -5.165848 0.051274
-5.110590 -5.163332 0.051999
-4.810075 -5.337784 0.050546
-4.974679 -7.499521 0.039502
-4.759561 -7.678852 0.044081
-4.788752 -7.515856 0.050644
-4.574223 -7.717326 0.056017
-4.393974 -7.596987 0.050363
-4.695051 -7.343999 0.043909
-5.159028 -7.287378 0.042031
-5.007053 -7.305548 0.048475
-4.847746 -7.199297 0.044279
-4.501536 -7.075323 0.047422
-4.338344 -6.998203 0.051186
-4.531254 -7.294780 0.052343
-4.386946 -7.404058 0.051391
-0.403520 7.489917 0.045235
-0.095245 7.471699 0.037159
-0.212465 7.576616 0.053541
-1.028510 7.489129 0.047255
-0.399667 0.330670 0.048845
-0.097169 0.344853 0.041604
-0.203215 0.235523 0.051607
-1.430175 0.342742 0.050998
-5.216105 7.106041 0.051506
-5.158027 7.288866 0.042107
-5.005179 7.308221 0.048480
-5.124442 6.909520 0.052481
-4.845244 7.203482 0.044164
-4.904357 6.544338 0.054807
-4.795202 6.370900 0.053353
-4.598584 6.345820 0.051790
-4.028220 7.563548 0.047683
-4.020855 7.393766 0.049043
-3.204381 9.159568 0.047354
-3.061775 9.055630 0.048833
-3.365144 9.098615 0.039565
-3.404026 8.912957 0.051569
-4.595559 6.011090 0.053108
-4.902319 5.860263 0.052444
-4.803241 6.025938 0.051486
-0.419846 7.901987 0.045102
-0.481247 8.110596 0.047850
-1.191540 7.593531 0.051751
-1.207350 7.800494 0.050970
-1.339004 7.489402 0.046666
-0.733491 8.751021 0.047009
-1.073072 8.536247 0.049706
-1.037139 9.161104 0.048375
-1.191465 9.056305 0.050602
-0.869649 9.058348 0.051474
-0.875825 8.851781 0.051311
-1.198155 8.847983 0.050369
-1.050006 8.746216 0.048361
-1.976342 -9.158639 0.049107
-2.134102 -9.052562 0.049460
-0.403770 -7.489943 0.045276
-0.541171 -7.593188 0.053911
-0.715667 -7.488245 0.046771
-0.869206 -7.592402 0.052284
-2.771987 -8.848795 0.048099
-3.063554 -9.054914 0.048904
-2.900765 -9.160793 0.047591
-2.753987 -9.055674 0.049232
-2.641105 -8.537553 0.049192
-2.456731 -8.843710 0.048861
-2.623854 -8.742907 0.049891
-2.812179 -8.443109 0.050124
-1.029246 -7.489156 0.047291
-1.038334 -9.161108 0.048431
-1.051339 -8.746250 0.048425
-0.771439 -8.540440 0.049369
-0.647922 -8.433865 0.044135
-3.666646 -8.636496 0.052644
-5.209286 -4.987558 0.051775
-5.209161 -5.337972 0.051758
-5.206409 -5.683584 0.052617
-5.107713 -5.510840 0.051262
-4.800066 -5.675683 0.051617
-4.904522 -5.508137 0.052842
-4.500150 -6.150267 0.048397
-4.597248 -6.000020 0.053279
-5.216827 -7.103550 0.051626
-5.216689 -6.726651 0.050409
-5.125659 -6.904985 0.052466
-4.828438 -7.034527 0.051123
-4.954376 -6.884414 0.046178
-4.646024 -6.959772 0.044857
-5.113081 -6.542571 0.048580
-0.886157 0.240377 0.055193
-1.246748 0.243730 0.054505
-1.076174 0.340987 0.050776
-4.939434 -3.090968 0.048181
-5.117704 -3.064920 0.054535
-3.647807 5.497134 0.053906
-3.539616 5.341024 0.046630
-4.488496 5.836632 0.050332
-2.765143 0.473079 0.044866
-3.169947 0.711652 0.051800
-2.986996 0.677623 0.047955
-2.948316 0.499589 0.049315
-3.195571 0.893938 0.046394
-3.535772 2.583117 0.046241
-4.825868 7.039495 0.050988
-4.952217 6.889635 0.046078
-4.643048 6.966027 0.044751
-4.836147 6.706978 0.047241
-4.653238 6.760671 0.049746
-4.475189 6.487567 0.052019
-4.501249 6.677091 0.050039
-4.275650 6.437561 0.046798
-4.133204 6.558584 0.045797
-4.327207 6.806192 0.045673
-4.158702 6.737691 0.051942
-4.265136 8.200747 0.039788
-4.092300 8.226856 0.053541
-3.675679 8.785549 0.036948
-3.561766 8.899462 0.038291
-2.769122 8.849793 0.048026
-2.620659 8.743973 0.049810
-3.486711 8.522246 0.048040
-0.879918 7.798580 0.051584
-0.736030 7.899309 0.047134
-0.868459 7.592357 0.052228
-0.715151 7.488228 0.046729
-0.540722 7.593145 0.053840
-0.550142 7.798004 0.052454
-3.808568 7.133492 0.048504
-3.818434 7.301620 0.049754
-2.007130 8.523528 0.049564
-1.389364 8.110364 0.050457
-1.377910 7.902878 0.049112
-0.647422 8.433772 0.044078
-0.770672 8.540346 0.049298
-0.936073 8.431137 0.046468
-0.937311 8.217259 0.046401
-0.647950 8.216620 0.044096
-0.772438 8.109316 0.049633
-1.867865 -8.208723 0.049291
-1.708908 -8.106268 0.050751
-0.407107 -9.160666 0.045634
-0.117201 -8.903529 0.044574
-0.096355 -9.178689 0.037424
-0.213556 -9.074355 0.053336
-0.117330 -7.747827 0.044615
-0.095283 -7.471692 0.037171
-0.212613 -7.576635 0.053598
-0.102227 -8.027675 0.042808
-0.219557 -7.868368 0.049505
-0.194764 -8.170157 0.046479
-0.373476 -8.219457 0.041271
-2.489319 -8.427580 0.049516
-2.144906 -8.840305 0.049381
-2.308543 -8.736572 0.049512
-2.173908 -8.418229 0.049703
-2.323879 -8.525797 0.049779
-3.148245 -8.462578 0.049431
-3.306835 -8.580718 0.050422
-3.270843 -8.767095 0.047856
-2.967463 -8.547955 0.048371
-3.089312 -8.849286 0.046774
-2.944522 -8.748286 0.050243
-2.826697 -8.243630 0.049150
-0.721544 -9.162260 0.047363
-0.870741 -9.058368 0.051536
-0.549359 -8.853310 0.052398
-0.542749 -9.057926 0.053349
-0.734387 -8.751102 0.047068
-0.876974 -8.851826 0.051369
-1.353456 -9.160194 0.048891
-1.192950 -9.056303 0.050661
-1.199722 -8.847986 0.050425
-1.368037 -8.741780 0.049124
-1.192521 -7.593591 0.051807
-1.208528 -7.800589 0.051013
-1.379317 -7.902982 0.049177
-0.880788 -7.798654 0.051631
-1.056836 -7.902406 0.048528
-3.516877 -8.326174 0.051466
-3.755602 -8.125040 0.045354
-3.704678 -8.285886 0.051113
-3.170048 -8.277012 0.049191
-3.356100 -8.202042 0.050422
-3.367396 -8.016095 0.049852
-3.192974 -7.903589 0.049339
-3.015414 -7.975434 0.049095
-3.003784 -8.162910 0.050008
-3.837147 -7.817372 0.045176
-3.675659 -7.950609 0.044723
-3.524988 -7.900314 0.050408
-3.365872 -9.098072 0.039576
-3.405615 -8.911674 0.051674
-4.267243 -8.198775 0.039792
-4.094791 -8.224297 0.053599
-4.078555 -4.706288 0.044679
-5.209261 -4.637250 0.051808
-5.110689 -4.812639 0.051823
-4.594299 -5.666597 0.052794
-4.490450 -5.824425 0.050468
-4.279440 -5.808188 0.051955
-4.175227 -5.639836 0.050909
-4.172711 -5.957077 0.049260
-4.286623 -6.123561 0.051853
-4.186311 -6.258424 0.046113
-4.277315 -6.426774 0.047179
-4.331176 -6.797687 0.045869
-5.204249 -6.376789 0.053824
-4.838426 -6.700196 0.047350
-4.906101 -6.536687 0.054985
-4.796851 -6.362042 0.053454
-4.600209 -6.336407 0.052095
-4.477688 -6.478051 0.051992
-4.656150 -6.753438 0.049940
-4.504494 -6.668473 0.050175
-4.937017 -0.810440 0.050302
-5.116994 -0.783887 0.056988
-0.443988 -0.342027 0.045031
-0.092291 -0.340792 0.041202
-0.249558 -0.242818 0.069697
-5.215507 -3.245892 0.050372
-4.550233 -1.928598 0.044456
-4.619783 -1.754532 0.054856
-4.345079 -1.954875 0.048522
-4.197544 -1.826321 0.052093
-3.634599 -1.476741 0.050489
-5.210055 -2.877833 0.052640
-3.526158 4.553981 0.039453
-3.526158 4.731684 0.039154
-4.241991 4.658836 0.048933
-3.956344 5.975461 0.049026
-3.852628 5.827470 0.052934
-4.170280 5.969847 0.049117
-4.277158 5.821102 0.051800
-5.107205 5.523950 0.051113
-3.532770 3.674496 0.045804
-3.536668 3.974893 0.046312
-3.641581 3.829201 0.052260
-3.327183 0.572472 0.048812
-4.937405 3.117706 0.047890
-4.629803 3.265172 0.050951
-4.826458 3.305332 0.045747
-3.627212 2.438163 0.049904
-4.489943 4.162242 0.050167
-4.298792 4.492130 0.052567
-4.056313 8.404964 0.040969
-3.859180 8.590970 0.041493
-3.869018 8.434405 0.048192
-3.086871 8.850650 0.046736
-2.941588 8.749707 0.050161
-2.964120 8.550026 0.048269
-3.145010 8.465190 0.049342
-3.268358 8.768930 0.047766
-3.303965 8.583152 0.050297
-3.701965 8.289726 0.050998
-3.514054 8.329947 0.051335
-3.537719 6.391352 0.045070
-3.532795 6.100054 0.040687
-3.642657 6.210046 0.055817
-3.620653 7.043418 0.046845
-1.943441 7.486075 0.041095
-2.123849 7.486075 0.040962
-2.234988 7.589989 0.052096
-2.637511 8.539043 0.049094
-2.808506 8.445181 0.050035
-2.026134 8.103030 0.050463
-2.029950 7.895116 0.049968
-2.196681 7.794507 0.051456
-1.865578 8.208617 0.049213
-1.706951 8.106141 0.050692
-1.550464 8.213505 0.048579
-1.857669 8.419125 0.049401
-1.545940 8.423560 0.049004
-1.694518 8.526704 0.049567
-1.534830 7.799676 0.050971
-1.644918 7.488760 0.044840
-1.511735 7.593162 0.051830
-1.830456 7.589836 0.052086
-1.702772 7.899797 0.049348
-1.865215 7.794359 0.051541
-1.384065 -8.531824 0.049669
-1.547797 -8.423607 0.049080
-1.390857 -8.110453 0.050513
-1.552219 -8.213588 0.048658
-0.550673 -7.798060 0.052509
-0.420216 -7.902047 0.045149
-0.736751 -7.899369 0.047187
-0.481598 -8.110654 0.047906
-0.648420 -8.216686 0.044151
-0.773116 -8.109388 0.049692
-0.092537 -8.325649 0.041007
-0.419406 -8.749444 0.045020
-0.219245 -8.783233 0.049404
-0.480917 -8.540661 0.047714
-0.373293 -8.432285 0.041260
-0.102044 -8.623625 0.042758
-0.194581 -8.481460 0.046399
-1.860082 -8.419170 0.049488
-2.009876 -8.523447 0.049618
-1.696703 -8.526734 0.049635
-1.996210 -8.734747 0.049556
-2.853227 -7.847969 0.048544
-2.028643 -8.103131 0.050544
-2.184893 -8.208361 0.049629
-1.518104 -8.844435 0.049905
-1.832751 -8.841343 0.049575
-1.683038 -8.737606 0.049417
-1.823688 -9.052978 0.049772
-1.666166 -9.159339 0.049083
-1.510295 -9.054533 0.050109
-3.844522 -7.646091 0.049452
-4.032389 -7.558941 0.047759
-3.676739 -8.784609 0.037019
-3.562744 -8.898604 0.038212
-4.058014 -8.403060 0.041111
-3.871083 -8.431784 0.048316
-3.860512 -8.589285 0.041695
-4.242786 -4.643025 0.049012
-3.640710 -5.178170 0.050785
-3.918046 -4.989596 0.048346
-4.080210 -4.923556 0.044837
-3.858303 -5.161253 0.053185
-3.972722 -5.314267 0.051900
-5.206815 -3.939467 0.052600
-5.102656 -3.768151 0.053052
-5.203698 -3.594354 0.053705
-5.111348 -3.426046 0.049680
-4.602761 -5.333041 0.053460
-4.491441 -5.494309 0.050975
-4.283379 -5.483784 0.051580
-4.181520 -5.312942 0.051789
-5.207957 -6.029399 0.052349
-5.104348 -6.200082 0.052946
-4.903930 -6.191219 0.051370
-5.106508 -5.854026 0.051683
-4.804387 -6.015337 0.051659
-4.903356 -5.848827 0.052599
-5.213810 -0.931926 0.043989
-5.213810 -1.133002 0.041109
-5.209818 -1.466983 0.045963
-5.115772 -1.249689 0.058176
-5.211040 -0.584645 0.048480
-5.190359 -0.252295 0.055096
-5.093543 -0.423674 0.057170
-3.717329 -1.077831 0.050331
-3.839212 -1.407540 0.049512
-3.942250 -1.545512 0.053235
-3.882557 -1.202345 0.049641
-4.823752 -0.641319 0.048997
-4.886231 -0.453795 0.054663
-2.419074 -0.339322 0.044430
-2.568914 -0.259586 0.050571
-2.926738 -0.102268 0.045421
-2.137254 0.341057 0.049766
-3.519552 -2.262689 0.043073
-1.595348 -0.338049 0.046523
-0.867272 0.045851 0.052442
-0.672428 -0.050497 0.054691
-0.950594 -0.341193 0.040827
-0.637863 -0.243220 0.056969
-0.766900 -0.341193 0.040849
-5.208507 -2.147506 0.051253
-4.923078 -1.932128 0.049019
-5.110700 -1.603571 0.052045
-5.208738 -1.797996 0.048971
-5.109389 -1.955476 0.055869
-4.816871 -1.742764 0.051107
-4.905143 -1.571688 0.056369
-4.648951 -2.097848 0.047935
-4.824708 -2.113146 0.053263
-4.477780 -1.463085 0.047012
-4.472954 -1.627130 0.047367
-4.255870 -1.672643 0.043359
-4.130024 -1.521903 0.048266
-4.261284 -1.388401 0.043904
-3.533611 -1.656725 0.044262
-3.982163 -1.878468 0.051263
-3.852715 -1.748398 0.048966
-3.818445 -2.162351 0.044965
-3.961953 -2.070622 0.054099
-3.648690 -1.790410 0.057156
-3.634630 -2.105594 0.050449
-3.542935 -1.956786 0.048360
-3.528852 -5.035197 0.044174
-4.808333 -2.959146 0.050177
-4.816311 -2.785940 0.047922
-4.617556 -3.046839 0.045251
-4.458836 -2.955088 0.047544
-5.220401 -2.503930 0.048444
-5.121051 -2.313883 0.049479
-5.122599 -2.686868 0.054958
-4.952307 -2.659316 0.046868
-4.923562 -2.302871 0.055410
-4.852620 -2.465366 0.045080
-3.627118 4.859112 0.058225
-3.857888 5.175403 0.053077
-3.528818 5.046168 0.043972
-3.640577 5.190432 0.050675
-4.173264 5.653557 0.050864
-3.971908 5.328485 0.051706
-3.862787 5.499624 0.051226
-3.962671 5.654310 0.050482
-4.180362 5.327227 0.051689
-4.281835 5.497613 0.051367
-5.208947 5.351929 0.051599
-5.215147 3.270823 0.050265
-5.209237 2.905568 0.052714
-5.116527 3.091736 0.054355
-5.110679 3.449966 0.049433
-4.901112 3.458504 0.055506
-3.524737 3.074406 0.039698
-3.524737 2.893842 0.039021
-3.632653 2.771702 0.059567
-4.280579 4.170990 0.050421
-4.177449 4.335899 0.052178
-3.290753 0.381525 0.053108
-3.093031 0.025956 0.051659
-3.014636 0.187270 0.047241
-3.094837 0.342671 0.051631
-5.120789 2.718666 0.054183
-5.219408 2.535502 0.048951
-5.119403 2.352995 0.048381
-5.219836 0.079321 0.046970
-5.102338 -0.093770 0.050312
-4.916869 -0.036317 0.048139
-3.383245 0.941353 0.050532
-3.407131 1.114162 0.043920
-3.544725 1.965547 0.048900
-3.636165 2.113621 0.050496
-3.519297 2.270751 0.043133
-5.209155 4.654566 0.051619
-3.752548 8.129004 0.045282
-3.998235 7.915508 0.046977
-3.955588 8.095575 0.045604
-3.166513 8.280392 0.049044
-3.352811 8.206056 0.050317
-3.233628 6.881566 0.040637
-3.365478 6.749716 0.040936
-3.638961 6.868456 0.050915
-3.511595 6.729148 0.047324
-3.818762 6.773527 0.045160
-3.801258 6.566885 0.051749
-3.617670 6.528116 0.046768
-2.485710 8.428795 0.049396
-2.320571 8.526460 0.049719
-2.170855 8.418541 0.049588
-2.181950 8.208551 0.049577
-1.238688 -8.428082 0.048107
-1.074278 -8.536301 0.049773
-0.936964 -8.431216 0.046536
-1.241058 -8.216729 0.047898
-1.077827 -8.111076 0.050303
-0.938143 -8.217343 0.046469
-2.529705 -7.805133 0.050662
-2.685402 -7.921425 0.051360
-2.360352 -7.901667 0.049998
-2.349744 -8.107465 0.050580
-2.504198 -8.219117 0.050112
-2.670503 -8.129611 0.049316
-3.202078 -7.718507 0.048110
-2.883952 -7.646363 0.052115
-3.055243 -7.588747 0.045170
-2.032141 -7.895271 0.050049
-2.198999 -7.794703 0.051542
-2.236427 -7.590162 0.052257
-1.339890 -7.489435 0.046686
-3.996543 -7.031156 0.048303
-4.178009 -7.114745 0.050853
-4.196894 -7.301143 0.048323
-4.024870 -7.387955 0.049312
-4.816094 -4.637372 0.052185
-4.623855 -4.633005 0.050216
-4.913558 -4.813490 0.051803
-4.816259 -4.990923 0.052186
-5.209284 -4.286399 0.051794
-5.110688 -4.461738 0.052046
-4.914652 -4.461009 0.051448
-5.108242 -4.113170 0.051428
-4.810469 -4.290696 0.050448
-4.905462 -4.118195 0.053096
-4.514171 -4.465655 0.048290
-4.602227 -4.299709 0.053853
-4.490839 -4.143543 0.050340
-4.299478 -4.475547 0.052837
-4.632109 -3.241088 0.051295
-4.485355 -3.326934 0.046831
-4.828338 -3.280637 0.045867
-4.902450 -3.434745 0.055776
-4.515425 -5.168187 0.048583
-4.624305 -4.998006 0.050117
-4.244750 -4.988559 0.048965
-4.302247 -5.158611 0.053126
-4.362988 -4.816333 0.042034
-4.529364 -4.816204 0.053997
-3.628998 -7.034088 0.046858
-3.813858 -7.125081 0.049101
-3.823301 -7.295482 0.049852
-3.234791 -6.881271 0.040660
-3.648724 -6.855200 0.051324
-4.631371 -1.355617 0.055308
-4.824713 -1.390858 0.050213
-4.576356 -1.169923 0.045211
-4.936223 -1.205447 0.049805
-4.854286 -1.011372 0.050259
-4.687760 -1.011089 0.047368
-4.038342 -1.119956 0.052245
-4.045558 -0.912693 0.048695
-4.386011 -1.111617 0.046561
-4.224529 -1.222627 0.055776
-3.528845 -1.367206 0.040681
-3.568230 -1.173490 0.047802
-3.394834 -1.098541 0.046785
-3.173175 -0.873595 0.047380
-3.356659 -0.913495 0.051768
-3.317397 -0.225994 0.051931
-3.277871 -0.021884 0.051851
-3.876742 -0.790815 0.055057
-3.704299 -0.873564 0.050017
-3.517025 -0.784178 0.051711
-3.456850 -0.606142 0.053858
-4.473505 -0.553212 0.049511
-4.265978 -0.625796 0.049278
-4.566988 -0.849704 0.044386
-4.620248 -0.680867 0.054503
-4.222805 -0.825425 0.054378
-4.377071 -0.921678 0.047314
-4.530475 -0.375704 0.050984
-4.367218 -0.260525 0.051702
-4.761539 -0.124059 0.056957
-4.739697 -0.315835 0.053726
-4.574582 -0.005293 0.050429
-4.389483 -0.081890 0.051993
-2.732637 -0.006381 0.050658
-2.554096 -0.070145 0.056589
-2.781753 0.168750 0.047696
-2.678781 0.297641 0.049732
-2.361336 0.044509 0.051749
-2.476545 0.336107 0.047382
-2.335557 0.237164 0.057059
-1.973554 0.243144 0.054902
-1.785842 0.342087 0.050925
-1.610352 0.244829 0.054256
-1.611794 0.053447 0.052156
-3.525298 -2.881726 0.039233
-1.077057 -0.239573 0.057454
-1.051043 -0.045252 0.053579
-1.240502 0.052017 0.052004
-1.425370 -0.040353 0.052703
-1.269372 -0.338380 0.045892
-1.428226 -0.236429 0.056899
-4.660401 -2.492016 0.050349
-4.467739 -2.762842 0.050734
-4.634438 -2.681388 0.044869
-3.812309 -2.380856 0.045651
-3.634240 -2.759001 0.059794
-3.628493 -2.428486 0.049343
-3.536799 -2.572111 0.046406
-3.533077 -3.660451 0.045943
-3.536836 -3.961218 0.046491
-3.642055 -3.814466 0.052458
-3.525298 -3.061760 0.039709
-4.146603 -3.350888 0.049294
-4.281069 -3.230198 0.046220
-4.269103 -3.052601 0.053645
-3.647477 -4.126384 0.053335
-3.798372 4.831906 0.041655
-3.913173 4.657812 0.048078
-4.077641 4.721437 0.044578
-4.079191 4.938374 0.044757
-3.917383 5.003934 0.048171
-4.592621 5.679367 0.052615
-4.489854 5.507894 0.050860
-4.798761 5.688150 0.051469
-4.903537 5.521395 0.052669
-4.243772 5.003631 0.048877
-4.301217 5.173283 0.052906
-4.362064 4.832068 0.041972
-5.209148 5.003235 0.051596
-5.110446 4.829155 0.051654
-5.110238 5.178214 0.051849
-5.203389 3.616978 0.053552
-4.789924 3.633523 0.052346
-4.585186 3.659609 0.052782
-4.593142 3.988827 0.052602
-4.486978 3.839670 0.048975
-3.632352 3.190047 0.052945
-3.535471 3.370215 0.045021
-3.640385 3.509091 0.054518
-3.844783 3.164550 0.055144
-4.278200 3.251641 0.046094
-4.482868 3.349589 0.046670
-4.463027 3.527591 0.048304
-3.861369 4.162553 0.050806
-3.636599 4.445544 0.051967
-3.852361 4.488067 0.053935
-3.968320 4.332300 0.052122
-3.538299 4.267782 0.044893
-3.647109 4.140557 0.053142
-4.205861 0.775401 0.051610
-5.110497 1.652347 0.050259
-4.909379 1.646726 0.052104
-5.212478 1.828438 0.050566
-5.207852 2.181930 0.052292
-5.112473 2.002928 0.052589
-4.948314 2.691033 0.046659
-4.923400 1.989826 0.049341
-4.822287 1.809715 0.049212
-3.819453 2.174044 0.044999
-3.810501 2.393761 0.046028
-4.368052 0.863479 0.049860
-4.547345 0.754093 0.049943
-5.218713 1.136574 0.048519
-5.205876 1.483262 0.052351
-5.116732 1.313320 0.048021
-5.130483 0.949960 0.052181
-3.680576 0.518227 0.052016
-3.514629 0.633699 0.051569
-3.545068 0.820294 0.048379
-3.866658 0.599510 0.047965
-3.582430 1.199845 0.047019
-3.533570 1.382671 0.043492
-5.209166 4.305363 0.051606
-5.110464 4.479859 0.051868
-3.364032 8.021192 0.049638
-2.822670 8.246346 0.049011
-2.999786 8.166393 0.049897
-3.123805 -7.393528 0.047982
-3.235745 -7.031194 0.054634
-3.432630 -7.116444 0.051643
-1.944211 -7.486145 0.041043
-2.124463 -7.486145 0.040999
-3.026763 -7.101823 0.045999
-2.993955 -7.265707 0.055323
-1.704551 -7.899923 0.049426
-1.867006 -7.794518 0.051579
-1.831725 -7.589933 0.052139
-1.536323 -7.799772 0.051015
-1.512903 -7.593223 0.051887
-1.645851 -7.488788 0.044828
-4.465206 -3.506111 0.048435
-4.251058 -3.524824 0.044692
-3.539715 -5.331131 0.047014
-3.964277 -5.640114 0.050707
-3.863631 -5.485388 0.051248
-3.648217 -5.485335 0.053859
-3.536359 -5.626387 0.045618
-4.163897 -6.727881 0.051936
-4.136843 -6.547390 0.045729
-3.989599 -6.844808 0.050100
-3.826640 -6.759846 0.045198
-3.367993 -6.748069 0.042269
-3.519295 -6.719740 0.047486
-3.235206 -0.536907 0.048493
-3.174282 -0.350017 0.049544
-2.936717 -0.646732 0.042783
-3.111898 -0.675042 0.058552
-2.968463 -0.274131 0.055788
-2.802433 -0.512447 0.040170
-2.789179 -0.367685 0.053648
-3.650002 -0.184612 0.049882
-3.493655 -0.293114 0.046627
-3.572184 -0.486372 0.046536
-3.658188 0.338516 0.049007
-3.455811 0.263041 0.052573
-3.446818 0.085922 0.051441
-3.642692 -0.009686 0.049262
-4.217836 0.580367 0.048734
-4.040650 0.495470 0.052965
-4.579881 0.181732 0.049873
-4.404913 0.285839 0.051584
-4.569266 0.560088 0.049287
-4.401948 0.474440 0.052180
-1.798243 -0.041952 0.052974
-1.917231 -0.339324 0.043212
-1.778941 -0.237373 0.057145
-1.984513 0.050487 0.052601
-2.173991 -0.044255 0.053385
-2.103513 -0.339324 0.041182
-2.216912 -0.238645 0.057353
-4.310697 -2.127087 0.046209
-4.142952 -2.190688 0.049465
-4.504672 -2.227789 0.043704
-4.500103 -2.388426 0.052449
-3.818349 -2.808811 0.046743
-4.115125 -2.955420 0.048187
-3.922890 -2.994293 0.045552
-3.633322 -3.175931 0.053036
-3.846805 -3.148129 0.055323
-3.952985 -3.323580 0.052506
-3.844722 -3.489202 0.049939
-3.641101 -3.494294 0.054645
-3.535882 -3.356474 0.045081
-3.913705 -4.643241 0.048243
-3.852746 -4.473446 0.054126
-3.798763 -4.817866 0.041815
-3.627162 -4.846549 0.058212
-3.526167 -4.720378 0.039167
-3.862035 -4.147036 0.050960
-3.968994 -4.316707 0.052309
-4.281509 -4.153244 0.050634
-4.178205 -4.319303 0.052365
-3.538498 -4.254854 0.045134
-3.526167 -4.542189 0.039663
-3.636808 -4.432245 0.052162
-4.601543 5.347214 0.053249
-4.514379 5.182989 0.048452
-4.809086 5.351933 0.050403
-4.914045 5.180774 0.051099
-4.913109 4.829959 0.051616
-4.528625 4.832264 0.053860
-4.623495 5.013533 0.049941
-4.815618 5.006598 0.052037
-5.206676 3.960167 0.052407
-5.102208 3.789810 0.052856
-5.107984 4.132978 0.051228
-4.898309 3.797816 0.052021
-4.799736 3.973060 0.051564
-4.904942 4.137865 0.052890
-3.854034 3.836345 0.051628
-3.963381 4.004033 0.051450
-4.276663 3.850966 0.049387
-4.173462 4.008872 0.051965
-3.950829 3.341369 0.052155
-4.143824 3.370603 0.049070
-3.843311 3.505742 0.049812
-3.948150 3.678291 0.049531
-4.248854 3.544758 0.044405
-4.160698 3.688073 0.052881
-3.986049 1.879005 0.053728
-3.957613 2.083479 0.052155
-4.802657 1.473298 0.050553
-4.914631 1.308977 0.053783
-4.595290 1.483210 0.054747
-5.219628 0.763503 0.048189
-5.107255 0.244023 0.050823
-5.195276 0.416369 0.054757
-5.107047 0.580163 0.052826
-4.913928 0.600702 0.051690
-4.764106 0.471930 0.050606
-4.921786 0.182891 0.048057
-4.771755 0.282175 0.056915
-4.964854 0.959195 0.045231
-4.850983 1.141466 0.046121
-4.680154 1.075952 0.047170
-4.689136 0.858511 0.045534
-4.860879 0.793278 0.047603
-4.040735 0.891799 0.046571
-3.878717 0.800805 0.054058
-3.723074 0.906116 0.047871
-3.736550 1.112858 0.049789
-4.167929 1.508688 0.054316
-4.047261 1.109084 0.051710
-3.898719 1.224832 0.049829
-3.863986 1.755757 0.049276
-3.641107 1.502513 0.049971
-3.958147 1.550074 0.053373
-3.852136 1.431660 0.049131
-3.652262 1.806826 0.054256
-3.535394 1.671997 0.045563
-4.809900 4.309417 0.050259
-4.513473 4.483006 0.048123
-4.601494 4.318027 0.053618
-4.914240 4.479026 0.051254
-4.623232 4.649908 0.050024
-4.815593 4.654538 0.052017
-3.646529 7.386269 0.046244
-2.357319 7.901984 0.049991
-2.346405 8.108114 0.050426
-2.500449 8.220439 0.050038
-2.666413 8.131853 0.049176
-3.189002 7.908944 0.049258
-3.011053 7.979808 0.048889
-3.311279 -7.402839 0.045800
-3.446064 -7.292518 0.051816
-3.507531 -7.681171 0.047077
-3.359042 -7.611870 0.046080
-3.665578 -7.560186 0.048571
-3.651875 -7.380563 0.046363
-2.782512 -7.326274 0.045671
-2.741071 -7.511711 0.051587
-2.554649 -7.597024 0.052836
-2.422723 -7.489017 0.044906
-4.594090 -3.968961 0.052851
-4.488141 -3.819574 0.049111
-4.800472 -3.952627 0.051755
-4.586667 -3.638141 0.053074
-4.899093 -3.776286 0.052270
-4.791237 -3.611187 0.052532
-3.969823 -6.271649 0.045709
-3.943046 -6.456436 0.047232
-3.807140 -6.551965 0.051123
-3.537787 -6.387101 0.044685
-3.621196 -6.516995 0.046754
-3.533811 -5.920795 0.042486
-3.642313 -5.799063 0.054248
-3.856463 -6.141057 0.054180
-3.959037 -5.961348 0.049121
-3.854817 -5.812737 0.052887
-3.533811 -6.096269 0.041179
-3.643740 -6.200543 0.056141
-3.911448 -0.601315 0.052882
-3.776778 -0.483446 0.048518
-4.123437 -0.523564 0.050614
-4.167706 -0.335800 0.048651
-4.003317 -0.224543 0.053789
-3.824377 -0.294437 0.046398
-4.205530 0.029391 0.050154
-4.215660 0.210094 0.050363
-4.018875 -0.037987 0.048528
-4.035509 0.313799 0.048694
-3.832625 0.067045 0.049501
-3.839129 0.238128 0.050443
-3.947744 -2.479316 0.053979
-3.948038 -2.671417 0.048205
-4.134879 -2.380877 0.047000
-4.128772 -2.758023 0.045804
-4.291654 -2.662959 0.053165
-4.298055 -2.477913 0.046642
-3.964166 -3.987615 0.051654
-3.949470 -3.661104 0.049831
-3.854828 -3.820211 0.051747
-4.162188 -3.669418 0.053081
-4.277810 -3.832138 0.049617
-4.174430 -3.991228 0.052123
-4.280913 1.665493 0.048694
-4.193194 1.830127 0.051416
-4.326756 1.970137 0.047562
-4.494737 1.652184 0.046891
-4.615012 1.805260 0.053456
-4.534749 1.958579 0.044466
-4.650557 2.522272 0.049540
-4.816988 2.160024 0.052290
-4.635613 2.133232 0.047593
-4.917613 2.344191 0.055031
-4.845143 2.499066 0.044725
-4.296406 2.142344 0.046380
-4.134408 2.206809 0.049839
-4.491682 2.251285 0.044891
-4.490028 2.415671 0.052190
-4.627722 2.708431 0.044853
-4.614745 3.071738 0.045095
-4.805489 2.985907 0.050060
-4.812137 2.813523 0.047861
-3.815321 2.823785 0.046592
-3.919837 3.011487 0.045286
-4.537175 1.157585 0.049391
-4.487800 1.344674 0.045997
-4.366864 1.049529 0.044229
-4.211199 1.178735 0.050530
-4.274263 1.356843 0.046009
-3.660962 7.565328 0.048444
-3.840232 7.650460 0.049350
-3.833330 7.821465 0.045106
-3.503461 7.686867 0.046975
-3.672204 7.955006 0.044648
-3.521604 7.905540 0.050229
-4.455301 2.979854 0.047424
-4.461630 2.788932 0.050511
-4.265692 3.075341 0.053189
-4.111058 2.976203 0.048057
-4.290759 2.500479 0.046974
-4.285197 2.687581 0.052450
-4.124233 2.779366 0.045686
-4.130415 2.400558 0.046584
-3.944668 2.496945 0.053564
-3.944048 2.688652 0.047940
-3.230662 7.036358 0.053867
-3.424154 7.125069 0.051222
-3.440165 7.299791 0.051629
-3.050572 7.595074 0.045111
-3.354772 7.618923 0.045940
-3.197885 7.725348 0.047821
-3.305909 7.410905 0.045677
-3.118529 7.401188 0.047833
-3.026249 7.103286 0.046989
-2.990517 7.270138 0.055010
-2.879418 7.650698 0.051974
-2.526208 7.806383 0.050466
-2.681258 7.923927 0.051237
-2.848782 7.851836 0.048379
-2.781267 7.327562 0.045879
-2.738126 7.514236 0.051141
-2.421858 7.488914 0.044875
-2.552440 7.597831 0.052890
