5.227722 7.422708 0.018690
5.007453 7.642978 0.018690
4.787183 7.863248 0.018690
4.566914 8.083517 0.018690
4.346644 8.303787 0.018690
4.126374 8.524056 0.018690
3.906105 8.744326 0.018690
3.685835 8.964596 0.018690
3.465566 9.184865 0.018690
3.202911 9.295000 0.018302
2.897872 9.295000 0.018302
2.592833 9.295000 0.018302
2.287794 9.295000 0.018302
1.982755 9.295000 0.018302
1.677715 9.295000 0.018302
1.372676 9.295000 0.018302
1.067637 9.295000 0.018302
0.762598 9.295000 0.018302
0.457559 9.295000 0.018302
0.152520 9.295000 0.018302
-0.152520 9.295000 0.018302
-0.457559 9.295000 0.018302
-0.762598 9.295000 0.018302
-1.067637 9.295000 0.018302
-1.372676 9.295000 0.018302
-1.677715 9.295000 0.018302
-1.982755 9.295000 0.018302
-2.287794 9.295000 0.018302
-2.592833 9.295000 0.018302
-2.897872 9.295000 0.018302
-3.202911 9.295000 0.018302
-3.465566 9.184865 0.018690
-3.685835 8.964596 0.018690
-3.906105 8.744326 0.018690
-4.126374 8.524056 0.018690
-4.346644 8.303787 0.018690
-4.566914 8.083517 0.018690
-4.787183 7.863248 0.018690
-5.007453 7.642978 0.018690
-5.227722 7.422708 0.018690
-5.337857 7.160228 0.018281
-5.337857 6.855538 0.018281
-5.337857 6.550847 0.018281
-5.337857 6.246157 0.018281
-5.337857 5.941466 0.018281
-5.337857 5.636775 0.018281
-5.337857 5.332085 0.018281
-5.337857 5.027394 0.018281
-5.337857 4.722704 0.018281
-5.337857 4.418013 0.018281
-5.337857 4.113323 0.018281
-5.337857 3.808632 0.018281
-5.337857 3.503942 0.018281
-5.337857 3.199251 0.018281
-5.337857 2.894560 0.018281
-5.337857 2.589870 0.018281
-5.337857 2.285179 0.018281
-5.337857 1.980489 0.018281
-5.337857 1.675798 0.018281
-5.337857 1.371108 0.018281
-5.337857 1.066417 0.018281
-5.337857 0.761726 0.018281
-5.337857 0.457036 0.018281
-5.337857 0.152345 0.018281
-5.337857 -0.152345 0.018281
-5.337857 -0.457036 0.018281
-5.337857 -0.761726 0.018281
-5.337857 -1.066417 0.018281
-5.337857 -1.371108 0.018281
-5.337857 -1.675798 0.018281
-5.337857 -1.980489 0.018281
-5.337857 -2.285179 0.018281
-5.337857 -2.589870 0.018281
-5.337857 -2.894560 0.018281
-5.337857 -3.199251 0.018281
-5.337857 -3.503942 0.018281
-5.337857 -3.808632 0.018281
-5.337857 -4.113323 0.018281
-5.337857 -4.418013 0.018281
-5.337857 -4.722704 0.018281
-5.337857 -5.027394 0.018281
-5.337857 -5.332085 0.018281
-5.337857 -5.636775 0.018281
-5.337857 -5.941466 0.018281
-5.337857 -6.246157 0.018281
-5.337857 -6.550847 0.018281
-5.337857 -6.855538 0.018281
-5.337857 -7.160228 0.018281
-5.227722 -7.422708 0.018690
-5.007453 -7.642978 0.018690
-4.787183 -7.863248 0.018690
-4.566914 -8.083517 0.018690
-4.346644 -8.303787 0.018690
-4.126374 -8.524056 0.018690
-3.906105 -8.744326 0.018690
-3.685835 -8.964596 0.018690
-3.465566 -9.184865 0.018690
-3.202911 -9.295000 0.018302
-2.897872 -9.295000 0.018302
-2.592833 -9.295000 0.018302
-2.287794 -9.295000 0.018302
-1.982755 -9.295000 0.018302
-1.677715 -9.295000 0.018302
-1.372676 -9.295000 0.018302
-1.067637 -9.295000 0.018302
-0.762598 -9.295000 0.018302
-0.457559 -9.295000 0.018302
-0.152520 -9.295000 0.018302
0.152520 -9.295000 0.018302
0.457559 -9.295000 0.018302
0.762598 -9.295000 0.018302
1.067637 -9.295000 0.018302
1.372676 -9.295000 0.018302
1.677715 -9.295000 0.018302
1.982755 -9.295000 0.018302
2.287794 -9.295000 0.018302
2.592833 -9.295000 0.018302
2.897872 -9.295000 0.018302
3.202911 -9.295000 0.018302
3.465566 -9.184865 0.018690
3.685835 -8.964596 0.018690
3.906105 -8.744326 0.018690
4.126374 -8.524056 0.018690
4.346644 -8.303787 0.018690
4.566914 -8.083517 0.018690
4.787183 -7.863248 0.018690
5.007453 -7.642978 0.018690
5.227722 -7.422708 0.018690
5.337857 -7.160228 0.018281
5.337857 -6.855538 0.018281
5.337857 -6.550847 0.018281
5.337857 -6.246157 0.018281
5.337857 -5.941466 0.018281
5.337857 -5.636775 0.018281
5.337857 -5.332085 0.018281
5.337857 -5.027394 0.018281
5.337857 -4.722704 0.018281
5.337857 -4.418013 0.018281
5.337857 -4.113323 0.018281
5.337857 -3.808632 0.018281
5.337857 -3.503942 0.018281
5.337857 -3.199251 0.018281
5.337857 -2.894560 0.018281
5.337857 -2.589870 0.018281
5.337857 -2.285179 0.018281
5.337857 -1.980489 0.018281
5.337857 -1.675798 0.018281
5.337857 -1.371108 0.018281
5.337857 -1.066417 0.018281
5.337857 -0.761726 0.018281
5.337857 -0.457036 0.018281
5.337857 -0.152345 0.018281
5.337857 0.152345 0.018281
5.337857 0.457036 0.018281
5.337857 0.761726 0.018281
5.337857 1.066417 0.018281
5.337857 1.371108 0.018281
5.337857 1.675798 0.018281
5.337857 1.980489 0.018281
5.337857 2.285179 0.018281
5.337857 2.589870 0.018281
5.337857 2.894560 0.018281
5.337857 3.199251 0.018281
5.337857 3.503942 0.018281
5.337857 3.808632 0.018281
5.337857 4.113323 0.018281
5.337857 4.418013 0.018281
5.337857 4.722704 0.018281
5.337857 5.027394 0.018281
5.337857 5.332085 0.018281
5.337857 5.636775 0.018281
5.337857 5.941466 0.018281
5.337857 6.246157 0.018281
5.337857 6.550847 0.018281
5.337857 6.855538 0.018281
5.337857 7.160228 0.018281
3.261595 6.673689 0.023124
2.989070 6.946213 0.023124
2.716546 7.218738 0.023124
2.428502 7.355000 0.018214
2.124939 7.355000 0.018214
1.821377 7.355000 0.018214
1.517814 7.355000 0.018214
1.214251 7.355000 0.018214
0.910688 7.355000 0.018214
0.607126 7.355000 0.018214
0.303563 7.355000 0.018214
-0.000000 7.355000 0.018214
-0.303563 7.355000 0.018214
-0.607126 7.355000 0.018214
-0.910688 7.355000 0.018214
-1.214251 7.355000 0.018214
-1.517814 7.355000 0.018214
-1.821377 7.355000 0.018214
-2.124939 7.355000 0.018214
-2.428502 7.355000 0.018214
-2.716546 7.218738 0.023124
-2.989070 6.946213 0.023124
-3.261595 6.673689 0.023124
-3.397857 6.383019 0.018529
-3.397857 6.074204 0.018529
-3.397857 5.765389 0.018529
-3.397857 5.456574 0.018529
-3.397857 5.147759 0.018529
-3.397857 4.838945 0.018529
-3.397857 4.530130 0.018529
-3.397857 4.221315 0.018529
-3.397857 3.912500 0.018529
-3.397857 3.603685 0.018529
-3.397857 3.294870 0.018529
-3.397857 2.986055 0.018529
-3.397857 2.677241 0.018529
-3.397857 2.368426 0.018529
-3.397857 2.059611 0.018529
-3.397857 1.750796 0.018529
-3.397857 1.441981 0.018529
-3.261595 1.151311 0.023124
-2.989070 0.878787 0.023124
-2.716546 0.606262 0.023124
-2.428502 0.470000 0.018214
-2.124939 0.470000 0.018214
-1.821377 0.470000 0.018214
-1.517814 0.470000 0.018214
-1.214251 0.470000 0.018214
-0.910688 0.470000 0.018214
-0.607126 0.470000 0.018214
-0.303563 0.470000 0.018214
0.000000 0.470000 0.018214
0.303563 0.470000 0.018214
0.607126 0.470000 0.018214
0.910688 0.470000 0.018214
1.214251 0.470000 0.018214
1.517814 0.470000 0.018214
1.821377 0.470000 0.018214
2.124939 0.470000 0.018214
2.428502 0.470000 0.018214
2.716546 0.606262 0.023124
2.989070 0.878787 0.023124
3.261595 1.151311 0.023124
3.397857 1.441981 0.018529
3.397857 1.750796 0.018529
3.397857 2.059611 0.018529
3.397857 2.368426 0.018529
3.397857 2.677241 0.018529
3.397857 2.986055 0.018529
3.397857 3.294870 0.018529
3.397857 3.603685 0.018529
3.397857 3.912500 0.018529
3.397857 4.221315 0.018529
3.397857 4.530130 0.018529
3.397857 4.838945 0.018529
3.397857 5.147759 0.018529
3.397857 5.456574 0.018529
3.397857 5.765389 0.018529
3.397857 6.074204 0.018529
3.397857 6.383019 0.018529
3.261595 -1.151311 0.023124
2.989070 -0.878787 0.023124
2.716546 -0.606262 0.023124
2.428502 -0.470000 0.018214
2.124939 -0.470000 0.018214
1.821377 -0.470000 0.018214
1.517814 -0.470000 0.018214
1.214251 -0.470000 0.018214
0.910688 -0.470000 0.018214
0.607126 -0.470000 0.018214
0.303563 -0.470000 0.018214
0.000000 -0.470000 0.018214
-0.303563 -0.470000 0.018214
-0.607126 -0.470000 0.018214
-0.910688 -0.470000 0.018214
-1.214251 -0.470000 0.018214
-1.517814 -0.470000 0.018214
-1.821377 -0.470000 0.018214
-2.124939 -0.470000 0.018214
-2.428502 -0.470000 0.018214
-2.716546 -0.606262 0.023124
-2.989070 -0.878787 0.023124
-3.261595 -1.151311 0.023124
-3.397857 -1.441981 0.018529
-3.397857 -1.750796 0.018529
-3.397857 -2.059611 0.018529
-3.397857 -2.368426 0.018529
-3.397857 -2.677241 0.018529
-3.397857 -2.986055 0.018529
-3.397857 -3.294870 0.018529
-3.397857 -3.603685 0.018529
-3.397857 -3.912500 0.018529
-3.397857 -4.221315 0.018529
-3.397857 -4.530130 0.018529
-3.397857 -4.838945 0.018529
-3.397857 -5.147759 0.018529
-3.397857 -5.456574 0.018529
-3.397857 -5.765389 0.018529
-3.397857 -6.074204 0.018529
-3.397857 -6.383019 0.018529
-3.261595 -6.673689 0.023124
-2.989070 -6.946213 0.023124
-2.716546 -7.218738 0.023124
-2.428502 -7.355000 0.018214
-2.124939 -7.355000 0.018214
-1.821377 -7.355000 0.018214
-1.517814 -7.355000 0.018214
-1.214251 -7.355000 0.018214
-0.910688 -7.355000 0.018214
-0.607126 -7.355000 0.018214
-0.303563 -7.355000 0.018214
0.000000 -7.355000 0.018214
0.303563 -7.355000 0.018214
0.607126 -7.355000 0.018214
0.910688 -7.355000 0.018214
1.214251 -7.355000 0.018214
1.517814 -7.355000 0.018214
1.821377 -7.355000 0.018214
2.124939 -7.355000 0.018214
2.428502 -7.355000 0.018214
2.716546 -7.218738 0.023124
2.989070 -6.946213 0.023124
3.261595 -6.673689 0.023124
3.397857 -6.383019 0.018529
3.397857 -6.074204 0.018529
3.397857 -5.765389 0.018529
3.397857 -5.456574 0.018529
3.397857 -5.147759 0.018529
3.397857 -4.838945 0.018529
3.397857 -4.530130 0.018529
3.397857 -4.221315 0.018529
3.397857 -3.912500 0.018529
3.397857 -3.603685 0.018529
3.397857 -3.294870 0.018529
3.397857 -2.986055 0.018529
3.397857 -2.677241 0.018529
3.397857 -2.368426 0.018529
3.397857 -2.059611 0.018529
3.397857 -1.750796 0.018529
3.397857 -1.441981 0.018529
