4.649151 6.972708 0.018690
4.428881 7.192978 0.018690
4.208612 7.413248 0.018690
3.988342 7.633517 0.018690
3.768073 7.853787 0.018690
3.547803 8.074056 0.018690
3.327533 8.294326 0.018690
3.107264 8.514596 0.018690
2.886994 8.734865 0.018690
2.622589 8.845000 0.018512
2.314049 8.845000 0.018512
2.005509 8.845000 0.018512
1.696970 8.845000 0.018512
1.388430 8.845000 0.018512
1.079890 8.845000 0.018512
0.771350 8.845000 0.018512
0.462810 8.845000 0.018512
0.154270 8.845000 0.018512
-0.154270 8.845000 0.018512
-0.462810 8.845000 0.018512
-0.771350 8.845000 0.018512
-1.079890 8.845000 0.018512
-1.388430 8.845000 0.018512
-1.696970 8.845000 0.018512
-2.005509 8.845000 0.018512
-2.314049 8.845000 0.018512
-2.622589 8.845000 0.018512
-2.886994 8.734865 0.018690
-3.107264 8.514596 0.018690
-3.327533 8.294326 0.018690
-3.547803 8.074056 0.018690
-3.768073 7.853787 0.018690
-3.988342 7.633517 0.018690
-4.208612 7.413248 0.018690
-4.428881 7.192978 0.018690
-4.649151 6.972708 0.018690
-4.759286 6.710072 0.018300
-4.759286 6.405069 0.018300
-4.759286 6.100065 0.018300
-4.759286 5.795062 0.018300
-4.759286 5.490059 0.018300
-4.759286 5.185056 0.018300
-4.759286 4.880052 0.018300
-4.759286 4.575049 0.018300
-4.759286 4.270046 0.018300
-4.759286 3.965043 0.018300
-4.759286 3.660039 0.018300
-4.759286 3.355036 0.018300
-4.759286 3.050033 0.018300
-4.759286 2.745029 0.018300
-4.759286 2.440026 0.018300
-4.759286 2.135023 0.018300
-4.759286 1.830020 0.018300
-4.759286 1.525016 0.018300
-4.759286 1.220013 0.018300
-4.759286 0.915010 0.018300
-4.759286 0.610007 0.018300
-4.759286 0.305003 0.018300
-4.759286 0.000000 0.018300
-4.759286 -0.305003 0.018300
-4.759286 -0.610007 0.018300
-4.759286 -0.915010 0.018300
-4.759286 -1.220013 0.018300
-4.759286 -1.525016 0.018300
-4.759286 -1.830020 0.018300
-4.759286 -2.135023 0.018300
-4.759286 -2.440026 0.018300
-4.759286 -2.745029 0.018300
-4.759286 -3.050033 0.018300
-4.759286 -3.355036 0.018300
-4.759286 -3.660039 0.018300
-4.759286 -3.965043 0.018300
-4.759286 -4.270046 0.018300
-4.759286 -4.575049 0.018300
-4.759286 -4.880052 0.018300
-4.759286 -5.185056 0.018300
-4.759286 -5.490059 0.018300
-4.759286 -5.795062 0.018300
-4.759286 -6.100065 0.018300
-4.759286 -6.405069 0.018300
-4.759286 -6.710072 0.018300
-4.649151 -6.972708 0.018690
-4.428881 -7.192978 0.018690
-4.208612 -7.413248 0.018690
-3.988342 -7.633517 0.018690
-3.768073 -7.853787 0.018690
-3.547803 -8.074056 0.018690
-3.327533 -8.294326 0.018690
-3.107264 -8.514596 0.018690
-2.886994 -8.734865 0.018690
-2.622589 -8.845000 0.018512
-2.314049 -8.845000 0.018512
-2.005509 -8.845000 0.018512
-1.696970 -8.845000 0.018512
-1.388430 -8.845000 0.018512
-1.079890 -8.845000 0.018512
-0.771350 -8.845000 0.018512
-0.462810 -8.845000 0.018512
-0.154270 -8.845000 0.018512
0.154270 -8.845000 0.018512
0.462810 -8.845000 0.018512
0.771350 -8.845000 0.018512
1.079890 -8.845000 0.018512
1.388430 -8.845000 0.018512
1.696970 -8.845000 0.018512
2.005509 -8.845000 0.018512
2.314049 -8.845000 0.018512
2.622589 -8.845000 0.018512
2.886994 -8.734865 0.018690
3.107264 -8.514596 0.018690
3.327533 -8.294326 0.018690
3.547803 -8.074056 0.018690
3.768073 -7.853787 0.018690
3.988342 -7.633517 0.018690
4.208612 -7.413248 0.018690
4.428881 -7.192978 0.018690
4.649151 -6.972708 0.018690
4.759286 -6.710072 0.018300
4.759286 -6.405069 0.018300
4.759286 -6.100065 0.018300
4.759286 -5.795062 0.018300
4.759286 -5.490059 0.018300
4.759286 -5.185056 0.018300
4.759286 -4.880052 0.018300
4.759286 -4.575049 0.018300
4.759286 -4.270046 0.018300
4.759286 -3.965043 0.018300
4.759286 -3.660039 0.018300
4.759286 -3.355036 0.018300
4.759286 -3.050033 0.018300
4.759286 -2.745029 0.018300
4.759286 -2.440026 0.018300
4.759286 -2.135023 0.018300
4.759286 -1.830020 0.018300
4.759286 -1.525016 0.018300
4.759286 -1.220013 0.018300
4.759286 -0.915010 0.018300
4.759286 -0.610007 0.018300
4.759286 -0.305003 0.018300
4.759286 0.000000 0.018300
4.759286 0.305003 0.018300
4.759286 0.610007 0.018300
4.759286 0.915010 0.018300
4.759286 1.220013 0.018300
4.759286 1.525016 0.018300
4.759286 1.830020 0.018300
4.759286 2.135023 0.018300
4.759286 2.440026 0.018300
4.759286 2.745029 0.018300
4.759286 3.050033 0.018300
4.759286 3.355036 0.018300
4.759286 3.660039 0.018300
4.759286 3.965043 0.018300
4.759286 4.270046 0.018300
4.759286 4.575049 0.018300
4.759286 4.880052 0.018300
4.759286 5.185056 0.018300
4.759286 5.490059 0.018300
4.759286 5.795062 0.018300
4.759286 6.100065 0.018300
4.759286 6.405069 0.018300
4.759286 6.710072 0.018300
2.683023 6.223689 0.023124
2.410499 6.496213 0.023124
2.137974 6.768738 0.023124
1.847734 6.905000 0.018477
1.539779 6.905000 0.018477
1.231823 6.905000 0.018477
0.923867 6.905000 0.018477
0.615911 6.905000 0.018477
0.307956 6.905000 0.018477
0.000000 6.905000 0.018477
-0.307956 6.905000 0.018477
-0.615911 6.905000 0.018477
-0.923867 6.905000 0.018477
-1.231823 6.905000 0.018477
-1.539779 6.905000 0.018477
-1.847734 6.905000 0.018477
-2.137974 6.768738 0.023124
-2.410499 6.496213 0.023124
-2.683023 6.223689 0.023124
-2.819286 5.927431 0.019199
-2.819286 5.607441 0.019199
-2.819286 5.287451 0.019199
-2.819286 4.967461 0.019199
-2.819286 4.647471 0.019199
-2.819286 4.327480 0.019199
-2.819286 4.007490 0.019199
-2.819286 3.687500 0.019199
-2.819286 3.367510 0.019199
-2.819286 3.047520 0.019199
-2.819286 2.727529 0.019199
-2.819286 2.407539 0.019199
-2.819286 2.087549 0.019199
-2.819286 1.767559 0.019199
-2.819286 1.447569 0.019199
-2.683023 1.151311 0.023124
-2.410499 0.878787 0.023124
-2.137974 0.606262 0.023124
-1.847734 0.470000 0.018477
-1.539779 0.470000 0.018477
-1.231823 0.470000 0.018477
-0.923867 0.470000 0.018477
-0.615911 0.470000 0.018477
-0.307956 0.470000 0.018477
0.000000 0.470000 0.018477
0.307956 0.470000 0.018477
0.615911 0.470000 0.018477
0.923867 0.470000 0.018477
1.231823 0.470000 0.018477
1.539779 0.470000 0.018477
1.847734 0.470000 0.018477
2.137974 0.606262 0.023124
2.410499 0.878787 0.023124
2.683023 1.151311 0.023124
2.819286 1.447569 0.019199
2.819286 1.767559 0.019199
2.819286 2.087549 0.019199
2.819286 2.407539 0.019199
2.819286 2.727529 0.019199
2.819286 3.047520 0.019199
2.819286 3.367510 0.019199
2.819286 3.687500 0.019199
2.819286 4.007490 0.019199
2.819286 4.327480 0.019199
2.819286 4.647471 0.019199
2.819286 4.967461 0.019199
2.819286 5.287451 0.019199
2.819286 5.607441 0.019199
2.819286 5.927431 0.019199
2.683023 -1.151311 0.023124
2.410499 -0.878787 0.023124
2.137974 -0.606262 0.023124
1.847734 -0.470000 0.018477
1.539779 -0.470000 0.018477
1.231823 -0.470000 0.018477
0.923867 -0.470000 0.018477
0.615911 -0.470000 0.018477
0.307956 -0.470000 0.018477
0.000000 -0.470000 0.018477
-0.307956 -0.470000 0.018477
-0.615911 -0.470000 0.018477
-0.923867 -0.470000 0.018477
-1.231823 -0.470000 0.018477
-1.539779 -0.470000 0.018477
-1.847734 -0.470000 0.018477
-2.137974 -0.606262 0.023124
-2.410499 -0.878787 0.023124
-2.683023 -1.151311 0.023124
-2.819286 -1.447569 0.019199
-2.819286 -1.767559 0.019199
-2.819286 -2.087549 0.019199
-2.819286 -2.407539 0.019199
-2.819286 -2.727529 0.019199
-2.819286 -3.047520 0.019199
-2.819286 -3.367510 0.019199
-2.819286 -3.687500 0.019199
-2.819286 -4.007490 0.019199
-2.819286 -4.327480 0.019199
-2.819286 -4.647471 0.019199
-2.819286 -4.967461 0.019199
-2.819286 -5.287451 0.019199
-2.819286 -5.607441 0.019199
-2.819286 -5.927431 0.019199
-2.683023 -6.223689 0.023124
-2.410499 -6.496213 0.023124
-2.137974 -6.768738 0.023124
-1.847734 -6.905000 0.018477
-1.539779 -6.905000 0.018477
-1.231823 -6.905000 0.018477
-0.923867 -6.905000 0.018477
-0.615911 -6.905000 0.018477
-0.307956 -6.905000 0.018477
0.000000 -6.905000 0.018477
0.307956 -6.905000 0.018477
0.615911 -6.905000 0.018477
0.923867 -6.905000 0.018477
1.231823 -6.905000 0.018477
1.539779 -6.905000 0.018477
1.847734 -6.905000 0.018477
2.137974 -6.768738 0.023124
2.410499 -6.496213 0.023124
2.683023 -6.223689 0.023124
2.819286 -5.927431 0.019199
2.819286 -5.607441 0.019199
2.819286 -5.287451 0.019199
2.819286 -4.967461 0.019199
2.819286 -4.647471 0.019199
2.819286 -4.327480 0.019199
2.819286 -4.007490 0.019199
2.819286 -3.687500 0.019199
2.819286 -3.367510 0.019199
2.819286 -3.047520 0.019199
2.819286 -2.727529 0.019199
2.819286 -2.407539 0.019199
2.819286 -2.087549 0.019199
2.819286 -1.767559 0.019199
2.819286 -1.447569 0.019199
