3.141720 -5.885642 0.039999
0.181379 -8.867387 0.037855
0.356646 -8.867387 0.039132
0.639622 -8.861461 0.042807
0.467678 -8.763848 0.046945
0.081804 -8.135663 0.042680
0.761983 -8.756423 0.047258
4.823279 -6.570207 0.042515
4.050615 -5.885796 0.047940
4.811543 -6.000070 0.044915
0.411257 -8.568962 0.044023
0.200650 -8.269679 0.046505
0.102969 -7.807330 0.047247
0.184772 -7.950721 0.044595
0.095199 -8.759007 0.046430
0.214045 -8.564121 0.042817
0.118846 -8.448774 0.055930
0.604512 7.188971 0.040600
0.344833 7.204015 0.044515
0.443659 7.307986 0.043071
2.336561 8.780328 0.045041
3.585273 -8.193972 0.041574
4.382437 -5.990076 0.048012
4.101919 -6.185981 0.045852
4.180100 -6.012493 0.046721
4.140979 -6.494349 0.045774
4.216857 -6.318261 0.045519
0.723640 -8.550265 0.046158
0.544858 -8.460417 0.049172
0.837604 -8.239915 0.049945
0.861561 -8.446076 0.048873
0.084229 -7.179772 0.035921
1.253420 -7.492741 0.044568
0.927195 8.859966 0.044876
0.639859 8.861458 0.042828
0.762326 8.756424 0.047284
0.862066 8.446109 0.048896
0.724035 8.550281 0.046177
0.081833 8.135637 0.042696
0.093265 7.494598 0.042400
0.084225 7.179779 0.035922
0.177490 7.298794 0.048964
3.241971 -5.752763 0.046823
3.432290 -5.747207 0.042301
3.142394 -5.601750 0.040847
3.250511 -6.045601 0.045775
3.957502 -6.542212 0.044464
3.896104 -6.727748 0.044326
4.824292 4.433903 0.039730
4.730430 4.610044 0.048515
4.549732 4.642228 0.042492
3.155016 4.260791 0.043292
2.491454 8.871879 0.044060
2.170966 8.873449 0.044028
3.141733 5.883832 0.040131
3.257304 5.464964 0.043779
3.142380 5.599330 0.040938
3.241970 5.750145 0.046871
3.432282 5.744066 0.042345
2.979203 -8.807249 0.040601
3.801437 -7.992393 0.035957
3.645616 -8.005168 0.051388
4.011946 -6.862645 0.044552
3.954666 -7.052110 0.044173
4.501505 -6.136840 0.044032
4.414106 -6.291538 0.046743
4.522964 -6.435524 0.043857
4.709227 -6.135695 0.046033
4.819827 -6.280758 0.043342
4.720963 -6.425889 0.045170
1.843857 -8.874799 0.043796
0.926811 -8.859962 0.044855
1.519747 -8.864722 0.045828
1.674622 -8.774522 0.048957
0.376175 -8.176942 0.042087
0.523171 -8.258260 0.051953
0.677995 -8.141947 0.045281
0.657472 -7.932638 0.047670
0.360297 -7.973926 0.044836
0.486770 -7.845935 0.049430
2.046196 -7.178765 0.043465
0.093255 -7.494607 0.042396
0.196224 -7.628600 0.049403
0.177484 -7.298808 0.048967
0.404500 -7.644000 0.052767
3.154991 -4.264776 0.043282
1.882989 -7.275242 0.045032
1.880150 -7.460263 0.042704
0.983486 -8.137123 0.046410
1.399349 -7.581092 0.046289
1.719691 -7.559343 0.046805
1.559577 -7.474165 0.043727
1.737422 -7.181477 0.043564
1.574470 -7.281320 0.045219
1.276553 -7.289336 0.044845
1.149350 -7.189493 0.043666
1.437374 -7.184843 0.043558
0.103027 7.807319 0.047269
0.184860 7.950689 0.044611
0.196293 7.628574 0.049431
0.360471 7.973919 0.044863
4.072805 -5.710315 0.045935
4.707669 -5.857814 0.044265
4.486286 -5.846674 0.047058
3.550691 -5.590007 0.041692
3.895456 -5.411890 0.042941
3.739900 -5.643181 0.042558
3.885501 -5.579857 0.047453
3.536524 -5.882961 0.044101
3.454996 -6.048476 0.045655
3.849817 -5.944209 0.046127
3.726406 -5.832051 0.042621
3.150934 -6.156447 0.040168
3.135804 -2.929038 0.034394
3.135804 -2.760478 0.036649
4.730480 -4.614888 0.048439
1.097450 -7.606759 0.045758
0.795680 -7.825529 0.048698
0.962084 -7.932046 0.046590
1.100642 -7.819982 0.048900
4.808469 1.666275 0.042268
4.711650 0.969902 0.048834
4.833274 1.227213 0.033283
4.710998 1.148703 0.049535
4.833274 1.398264 0.035122
4.719600 1.506045 0.047675
4.421280 3.881786 0.044919
4.132598 3.072861 0.041359
3.929941 3.094765 0.041284
4.718513 1.782056 0.042328
3.132375 -1.662757 0.038395
3.425032 -1.547317 0.040964
3.151706 -1.385334 0.041691
3.241938 -1.509263 0.043340
4.823379 6.568537 0.042594
4.374412 7.276319 0.045549
4.340347 7.446778 0.041108
4.157257 7.497577 0.046536
4.828281 4.889936 0.035979
4.828281 4.720050 0.035778
4.448884 4.801122 0.043979
4.142080 4.878098 0.045553
4.266626 4.763429 0.042247
4.102435 4.514816 0.047506
4.253361 4.568878 0.042251
4.431631 4.495360 0.042812
0.838105 8.239979 0.049965
0.678376 8.142016 0.045305
0.714465 7.298299 0.045808
3.804170 4.959180 0.048058
3.951226 4.825706 0.046025
3.764013 4.598910 0.045722
3.924846 4.656975 0.044019
3.456641 5.162438 0.042483
3.866463 5.113749 0.043737
4.819917 5.435933 0.041645
2.350650 8.596980 0.044358
1.844576 8.874775 0.043809
2.009597 8.783225 0.045644
1.675391 8.774480 0.048983
1.520403 8.864705 0.045849
1.031948 8.546350 0.046541
1.058786 8.754064 0.048010
1.220508 8.859098 0.046382
1.358137 8.758802 0.046593
2.679212 7.164666 0.041308
2.841576 7.115163 0.047111
4.019965 7.374159 0.044006
3.847030 7.428429 0.044297
3.516894 6.340761 0.048178
3.150941 6.155365 0.040307
3.250531 6.043547 0.045884
4.217181 6.315442 0.045574
3.653550 6.467494 0.043873
3.836783 6.412216 0.045859
3.182193 -8.598485 0.042155
3.005113 -8.639726 0.045927
1.855555 -8.518230 0.045771
1.676577 -8.597665 0.042381
1.724158 -8.261308 0.041896
1.876060 -8.343731 0.044806
4.072231 -7.189148 0.044640
4.339464 -7.447803 0.041089
4.018777 -7.375826 0.043981
4.156204 -7.498884 0.046501
4.184128 -6.814962 0.043991
4.436499 -6.600100 0.045654
4.251763 -6.632202 0.043950
4.130169 -7.659941 0.039245
3.924893 -7.868936 0.035410
3.936491 -7.725158 0.047251
1.031376 -8.546330 0.046520
1.058282 -8.754057 0.047984
1.219977 -8.859095 0.046362
1.357480 -8.758818 0.046563
2.048797 -7.551704 0.046328
1.152313 -8.240124 0.048821
1.176246 -8.443170 0.049329
1.340656 -8.550620 0.047571
1.531953 -8.317810 0.041072
1.504878 -8.479668 0.050396
1.253465 -7.899421 0.043135
1.396202 -7.774549 0.045133
1.435672 -8.161300 0.041542
1.283735 -8.114485 0.049106
0.181455 8.867369 0.037871
0.095255 8.758995 0.046454
0.356771 8.867369 0.039152
0.467880 8.763827 0.046966
0.484717 7.519235 0.045060
0.404694 7.644020 0.052806
0.668748 7.509548 0.044886
0.799582 7.619457 0.049195
0.487040 7.845994 0.049454
0.657833 7.932742 0.047689
0.796107 7.825633 0.048712
3.567568 -4.336148 0.047379
3.591116 -4.711359 0.048060
3.164351 -4.809657 0.045455
4.818269 -5.726333 0.043080
4.819913 -5.439774 0.041582
4.716039 -5.570313 0.048320
4.404632 -5.700490 0.045262
4.523786 -5.555610 0.041771
4.217759 -5.638757 0.043329
3.904841 -6.234828 0.046316
3.782224 -6.119753 0.044570
3.836301 -6.414972 0.045813
3.652946 -6.470082 0.043836
3.516546 -6.343295 0.048132
3.577285 -6.173110 0.045337
4.832594 -1.941699 0.038728
4.532114 -1.826964 0.040963
4.807854 -1.666152 0.043423
4.718305 -1.790369 0.042715
4.532412 -2.015743 0.041130
4.718603 -2.075254 0.043981
4.805724 -2.775323 0.045252
4.828864 -3.045501 0.040260
4.712445 -2.904609 0.041359
0.991208 -7.298809 0.044956
0.873838 -7.194315 0.043476
0.962441 -7.512670 0.045142
0.799228 -7.619376 0.049175
0.714337 -7.298233 0.045788
0.484529 -7.519153 0.045044
0.668494 -7.509432 0.044873
4.833926 0.704365 0.034277
4.833926 0.877949 0.034632
4.708864 0.618928 0.049296
4.536020 3.738641 0.041580
4.823277 3.594221 0.041911
4.723056 3.743143 0.047250
4.828723 3.040077 0.040222
4.189968 2.921769 0.048365
4.832187 1.939044 0.038178
4.718505 2.067029 0.044920
4.808461 2.213936 0.043864
4.534368 2.383773 0.041308
4.719715 2.343602 0.043265
4.531112 1.434849 0.043018
4.522510 1.248557 0.040742
0.095233 -0.341796 0.042085
0.912916 0.344254 0.051691
3.734757 -1.547736 0.044391
3.556460 -1.451551 0.048086
3.132234 -2.221653 0.038299
4.811583 5.997148 0.044995
4.819879 6.278406 0.043424
4.721115 6.423695 0.045214
4.709320 6.132946 0.046081
4.523249 6.433094 0.043911
4.414351 6.288792 0.046789
4.501658 6.133933 0.044092
4.827665 6.863991 0.041219
4.728901 6.722125 0.044761
4.549580 7.236315 0.041578
4.759811 7.028797 0.040819
4.590697 7.061517 0.044574
3.955796 7.050064 0.044202
4.244726 7.140291 0.043542
4.073369 7.187333 0.044674
4.131116 7.658882 0.039281
3.749816 4.409820 0.044672
3.567647 4.331281 0.047433
3.154363 3.714071 0.041617
4.239316 3.812496 0.042676
4.094907 3.885515 0.049344
4.081269 4.057329 0.043228
4.200751 4.197928 0.043679
4.082731 4.353767 0.042680
3.890945 4.306836 0.043376
3.891124 4.127159 0.043883
4.498994 4.342073 0.046712
4.710958 4.312800 0.046709
4.494982 4.035257 0.045868
4.383240 4.189655 0.052267
0.962579 7.932110 0.046613
1.101177 7.820043 0.048912
0.984035 8.137183 0.046427
1.097898 7.606831 0.045781
0.962775 7.512722 0.045159
3.604970 4.898423 0.051213
3.463942 4.987968 0.042201
3.591194 4.706884 0.048117
3.260452 4.932907 0.041791
3.164367 4.806044 0.045511
3.138228 5.065902 0.039978
3.157066 5.333263 0.044001
3.253151 5.199837 0.042934
3.895453 5.408143 0.042993
3.739886 5.639775 0.042605
3.885506 5.576295 0.047511
3.550663 5.586644 0.041739
3.475275 5.458357 0.044285
3.578527 5.289256 0.051322
3.763011 5.264462 0.046490
4.716041 5.566660 0.048377
4.818267 5.722917 0.043156
4.707707 5.854583 0.044324
4.089177 5.342984 0.045828
4.203228 5.062287 0.046405
4.074667 5.164464 0.044596
4.816483 5.164040 0.041163
4.714256 5.277208 0.044017
4.722621 4.993492 0.047689
4.523922 4.957200 0.045754
4.402812 5.103696 0.045374
4.499284 5.253156 0.047311
3.211782 8.421994 0.046764
2.019480 8.603453 0.044594
2.194938 8.510330 0.044856
2.216401 8.329119 0.045374
1.341396 8.550605 0.047593
1.176929 8.443187 0.049354
1.152977 8.240149 0.048847
1.677465 8.597601 0.042395
1.505736 8.479629 0.050423
1.532869 8.317799 0.041082
1.856533 8.518125 0.045789
3.068509 6.862464 0.045132
2.893510 6.922164 0.042060
3.193502 6.980610 0.044153
2.800742 6.622262 0.041690
2.763722 6.795343 0.045773
3.790764 7.616897 0.044345
3.925789 7.867993 0.035443
3.937558 7.723933 0.047309
3.383320 8.392013 0.042961
3.419375 8.212901 0.046669
3.561728 7.347557 0.043866
3.730277 7.293493 0.044813
3.443440 7.217056 0.043191
3.785639 7.101954 0.044092
4.102146 6.182976 0.045896
3.905095 6.231882 0.046373
2.807909 -8.873669 0.043102
2.170270 -8.873496 0.044018
2.008789 -8.783295 0.045625
2.018532 -8.603583 0.044582
2.193925 -8.510547 0.044838
3.382537 -8.392763 0.042932
3.210970 -8.422717 0.046736
3.418408 -8.213846 0.046633
2.853157 -8.522490 0.043323
1.740294 -8.085503 0.043426
1.572146 -8.016836 0.041250
1.562945 -7.845149 0.046402
1.726206 -7.736871 0.043218
4.373492 -7.277566 0.045520
4.243687 -7.141967 0.043520
4.298303 -6.957247 0.044560
4.539837 -6.743892 0.042673
4.827482 -6.864805 0.041151
4.728618 -6.723634 0.044728
4.469276 -6.918278 0.043128
2.585989 -6.842048 0.042935
3.845770 -7.430134 0.044268
3.789519 -7.618409 0.044313
3.784434 -7.103988 0.044059
3.728993 -7.295333 0.044786
3.560393 -7.349293 0.043833
3.543178 -7.857660 0.042416
3.613282 -7.676880 0.044814
3.500933 -7.542566 0.044698
2.061961 -7.730861 0.043222
1.899830 -7.816947 0.044627
1.904717 -7.993893 0.044632
2.192366 -7.279870 0.044503
2.197805 -7.467789 0.040682
2.378969 -7.538663 0.042121
0.118925 8.448760 0.055972
0.214179 8.564092 0.042839
0.200757 8.269642 0.046536
0.523479 8.258277 0.051975
0.376369 8.176927 0.042109
0.545177 8.460412 0.049196
0.411489 8.568924 0.044042
3.604919 -4.902676 0.051135
3.763020 -5.268310 0.046432
3.866459 -5.117818 0.043692
3.804127 -4.963455 0.047979
3.749717 -4.414786 0.044614
3.763905 -4.603684 0.045668
3.132571 -4.541294 0.038796
3.254780 -4.679083 0.043626
3.245420 -4.397429 0.043828
3.435101 -4.439446 0.042308
3.444461 -4.625760 0.041134
4.828294 -4.724669 0.035747
4.828294 -4.894457 0.035958
4.722629 -4.997940 0.047619
4.523913 -4.961724 0.045694
4.816477 -5.168264 0.041114
4.714247 -5.281260 0.043956
4.808152 -2.218000 0.044334
4.804705 -1.127241 0.043421
4.832196 -1.394341 0.037338
4.717907 -1.515796 0.045727
4.530258 -1.451436 0.041655
4.714759 -1.235728 0.040773
4.527110 -1.263616 0.040945
4.833620 -0.862107 0.035008
4.716183 -0.965787 0.048197
4.383055 -1.173010 0.048781
4.824328 -4.438805 0.039682
4.823335 -3.599791 0.041901
4.718618 -3.181098 0.042954
4.811897 -3.323204 0.044204
4.713089 -3.456140 0.043719
4.503571 -3.444274 0.043590
4.426837 -3.583808 0.045158
4.821980 -3.892553 0.041980
4.723173 -3.749014 0.047166
4.536193 -3.744895 0.041533
4.421411 -3.887857 0.044848
4.407836 -3.268821 0.050966
4.524074 -3.138581 0.041437
4.517902 -2.958003 0.041142
0.344830 -7.204035 0.044523
0.443599 -7.307953 0.043031
0.604463 -7.188918 0.040578
4.708951 0.444062 0.049115
4.821921 3.887110 0.042022
4.808809 4.161203 0.044201
4.708587 4.036078 0.044776
4.426680 3.577292 0.045213
4.235543 3.229804 0.044030
4.243360 3.613511 0.042708
3.781284 2.963090 0.048326
4.833396 2.493095 0.038906
4.532739 1.812449 0.041024
4.532731 2.003109 0.041186
4.207594 1.442449 0.045021
4.214071 1.813979 0.044790
4.390539 1.533729 0.047932
4.393253 1.717948 0.048055
3.246977 2.370085 0.043145
2.611974 0.701239 0.045282
0.221049 -0.244495 0.055213
0.419802 -0.342698 0.045327
1.268279 0.345069 0.051539
1.089374 0.249323 0.049224
3.874674 -1.267707 0.045572
3.883601 -1.453221 0.046491
4.045679 -1.175469 0.047073
4.205763 -1.267268 0.044415
4.392554 -1.731381 0.047627
4.391095 -1.545996 0.048156
4.059499 -1.546149 0.046116
4.210656 -1.452433 0.044809
3.737113 -1.735931 0.044343
4.213767 -1.825161 0.044818
4.061152 -1.733491 0.046368
3.887610 -1.828758 0.046357
3.886800 -2.016768 0.046345
4.395638 -2.104456 0.047370
4.216553 -2.009457 0.043850
4.063129 -2.105797 0.047187
3.243919 -2.083399 0.046620
3.153828 -1.940212 0.043094
3.244060 -1.799276 0.044776
3.427153 -1.742772 0.040724
3.560937 -1.835200 0.048255
4.436977 6.597859 0.045690
4.540366 6.742048 0.042723
4.470015 6.916633 0.043147
4.299213 6.955404 0.044596
3.244333 3.551135 0.048574
3.245332 3.830335 0.042834
3.133112 3.986507 0.038192
3.245985 4.116114 0.045057
3.908447 3.774252 0.045036
1.254094 7.899501 0.043158
1.573000 8.016891 0.041263
1.436506 8.161349 0.041566
1.284438 8.114534 0.049126
1.253843 7.492819 0.044583
1.437563 7.184868 0.043571
1.276816 7.289383 0.044868
3.435197 4.434802 0.042345
3.444547 4.621316 0.041184
3.245483 4.393153 0.043855
3.132610 4.537456 0.038829
3.254834 4.675047 0.043722
1.149503 7.189515 0.043680
0.873932 7.194328 0.043490
0.991408 7.298842 0.044980
4.523789 5.551893 0.041820
4.224185 5.439434 0.043535
4.412693 5.397115 0.045463
3.182774 8.597960 0.042192
2.808238 8.873550 0.043111
2.657062 8.780429 0.044440
2.979525 8.807021 0.040639
3.005716 8.639275 0.045954
2.062880 7.730675 0.043240
2.049527 7.551617 0.046329
1.900706 7.816882 0.044630
2.198520 7.467545 0.040697
2.074025 8.073663 0.043069
2.061515 8.247718 0.044603
1.905707 7.993769 0.044649
1.741263 8.085471 0.043430
1.725171 8.261246 0.041905
1.877105 8.343600 0.044818
3.122930 6.680445 0.042619
3.299500 6.607097 0.043224
3.017521 6.403484 0.040090
2.984950 6.567063 0.045726
3.339375 6.412498 0.044979
3.195376 6.322267 0.043838
2.553786 7.018019 0.044169
2.586363 6.841695 0.042956
3.586176 8.193058 0.041592
3.802338 7.991444 0.035946
3.646661 8.004065 0.051425
3.371439 6.909015 0.042916
3.493745 7.028131 0.045301
3.667395 6.967093 0.044358
3.423017 6.717522 0.045334
3.599548 6.649656 0.045207
3.721620 6.780111 0.044470
3.782343 6.116748 0.044611
3.536525 5.879899 0.044132
3.726395 5.828834 0.042662
3.849849 5.941027 0.046186
3.455012 6.045693 0.045729
3.577376 6.170348 0.045400
2.656458 -8.780624 0.044418
2.524132 -8.505061 0.044988
2.675797 -8.596967 0.044115
2.349717 -8.597214 0.044346
2.490882 -8.871954 0.044053
2.335805 -8.780451 0.045022
2.546790 -8.324318 0.044955
4.548888 -7.237192 0.041574
4.759481 -7.029409 0.040821
4.590056 -7.062625 0.044544
2.800328 -6.622681 0.041699
2.763112 -6.795939 0.045739
3.298570 -6.608755 0.043252
3.338810 -6.414469 0.044937
3.195063 -6.323460 0.043849
3.121967 -6.681614 0.042611
3.017157 -6.403930 0.040150
2.984301 -6.567799 0.045701
3.422026 -6.719510 0.045292
3.720622 -6.782437 0.044430
3.598665 -6.652012 0.045180
3.666233 -6.969212 0.044331
3.217717 -7.461726 0.042622
3.333945 -7.592633 0.041920
2.072935 -8.073907 0.043059
2.215303 -8.329402 0.045362
2.060415 -8.247939 0.044588
2.393753 -8.235327 0.044388
2.629706 -7.366068 0.046800
2.479352 -7.388656 0.040726
2.678382 -7.165420 0.041272
2.553273 -7.018498 0.044132
2.381222 -7.054507 0.044244
2.355977 -7.224017 0.040783
3.463918 -4.991989 0.042154
3.138226 -5.069191 0.039923
3.260434 -4.936650 0.041768
4.081323 -4.063069 0.043189
3.891141 -4.132666 0.043839
3.890885 -4.312106 0.043327
4.448904 -4.805887 0.043927
4.549805 -4.647179 0.042438
3.951197 -4.830194 0.045973
3.924777 -4.661740 0.043960
4.142065 -4.882600 0.045495
4.266640 -4.768177 0.042204
4.412680 -5.401049 0.045419
4.499268 -5.257238 0.047245
4.402782 -5.108026 0.045304
4.074662 -5.168569 0.044546
4.203198 -5.066612 0.046335
4.089165 -5.346914 0.045775
4.224163 -5.443323 0.043489
4.833675 -2.497866 0.039033
4.717257 -2.637311 0.043531
4.719684 -2.350841 0.043307
4.042228 -0.992008 0.046827
4.194567 -0.716901 0.044439
4.200266 -0.899613 0.044776
4.526487 -0.891645 0.042623
4.381008 -0.988817 0.047854
4.808822 -4.166384 0.044160
4.708659 -4.041634 0.044671
4.711007 -4.317998 0.046648
4.495070 -4.041056 0.045803
4.235747 -3.236845 0.043925
4.132582 -3.080170 0.041288
3.929887 -3.101847 0.041163
3.131918 -3.279782 0.033649
3.131918 -3.449178 0.034785
4.834013 0.356042 0.034547
4.834013 0.182050 0.034455
4.514221 0.357428 0.041993
4.523868 3.131448 0.041471
4.407727 3.261826 0.051068
4.503452 3.437616 0.043655
4.718458 3.174803 0.043101
4.811878 3.317607 0.044172
4.713013 3.450042 0.043775
4.048034 2.798297 0.040910
3.842008 2.817715 0.041365
3.244169 2.078555 0.046513
3.132358 2.217939 0.038359
4.805816 2.770115 0.045103
4.712396 2.898174 0.041364
4.717070 2.630454 0.043955
4.517806 2.950498 0.041193
4.386148 2.860214 0.048990
4.395391 2.664478 0.046890
4.531723 2.573205 0.041083
3.561210 1.828407 0.048295
4.056800 1.536115 0.046131
4.060564 1.723425 0.046472
3.887541 1.819806 0.046477
3.736784 1.727925 0.044226
3.427367 1.736702 0.040639
3.241363 1.505215 0.043215
3.424417 1.541166 0.040950
2.393937 0.487847 0.045463
2.583641 0.533811 0.046322
1.993035 0.347951 0.053043
2.142629 0.249538 0.046966
2.342842 0.316800 0.048219
3.151005 1.383080 0.041315
3.209314 -1.226181 0.043419
3.034337 -1.135142 0.038914
0.087760 0.048068 0.038831
0.213575 -0.051160 0.054217
0.087760 0.243197 0.038230
0.210556 0.340002 0.055257
0.568462 -0.243257 0.052404
1.440053 0.251494 0.048858
1.627462 0.346425 0.051898
1.792859 0.254376 0.047623
3.250077 -2.649991 0.047131
3.156416 -2.494957 0.042511
3.246508 -2.375260 0.043016
3.730710 -2.301312 0.043652
3.736005 -2.113356 0.044476
3.429303 -2.327957 0.041235
3.557932 -2.409962 0.045662
3.426714 -2.130565 0.041230
3.560638 -2.024616 0.047486
4.068311 -2.285644 0.044606
3.886688 -2.384571 0.048274
4.012933 6.860424 0.044589
4.184993 6.812806 0.044020
3.897000 6.725332 0.044359
3.958161 6.539599 0.044507
4.141508 6.491731 0.045812
4.252406 6.629846 0.043994
3.446393 2.716579 0.043821
3.431391 3.861842 0.041166
3.567024 3.769034 0.047277
3.563991 4.142609 0.046119
3.432044 4.054324 0.041205
3.746340 4.041471 0.045025
3.750025 3.860378 0.043884
3.430222 3.479128 0.042337
3.566854 3.583110 0.048418
1.399881 7.581184 0.046308
1.563691 7.845229 0.046417
1.396852 7.774653 0.045148
1.726954 7.736922 0.043225
1.574771 7.281369 0.045238
1.880695 7.460312 0.042706
1.560061 7.474248 0.043738
1.720295 7.559410 0.046821
4.180218 6.009292 0.046788
4.050673 5.882477 0.047989
4.382560 5.986898 0.048070
4.072840 5.706804 0.045999
4.217795 5.635102 0.043377
4.486345 5.843346 0.047128
4.404654 5.696914 0.045320
2.525100 8.504694 0.045009
2.676619 8.596593 0.044128
2.853986 8.521967 0.043348
2.752617 7.508821 0.045768
2.630636 7.365296 0.046850
2.480150 7.388059 0.040743
2.744972 7.697286 0.043255
2.379882 7.538150 0.042136
2.926274 7.813709 0.048326
3.062166 7.731069 0.041204
3.276580 8.064772 0.046764
2.922805 7.430202 0.045225
3.051052 7.536026 0.041257
2.963188 7.237173 0.043048
3.219066 7.460328 0.042637
3.267746 7.279650 0.044717
3.140114 7.162319 0.043219
3.614567 7.675410 0.044842
3.502285 7.541007 0.044718
3.335317 7.591184 0.041936
3.544393 7.856358 0.042437
3.341113 7.897222 0.048972
3.244320 7.766451 0.040856
2.356421 7.223673 0.040808
2.381481 7.054262 0.044279
2.192754 7.279740 0.044496
2.046376 7.178781 0.043462
1.737620 7.181501 0.043571
1.883309 7.275281 0.045049
2.410162 -7.698769 0.046117
2.414179 -8.053109 0.045524
2.242163 -7.807052 0.042872
2.248250 -7.973152 0.046377
2.590569 -7.777811 0.049721
2.588500 -7.966051 0.044777
2.892596 -6.923072 0.042039
2.962026 -7.238302 0.043030
2.840583 -7.116103 0.047085
3.067479 -6.863629 0.045122
3.253161 -5.203255 0.042867
3.157078 -5.336170 0.043920
3.257329 -5.468017 0.043756
3.475308 -5.461830 0.044232
3.578541 -5.292987 0.051248
3.456645 -5.166260 0.042432
4.082720 -4.359084 0.042616
4.102424 -4.519821 0.047447
4.253419 -4.573852 0.042200
4.200800 -4.203497 0.043618
4.383295 -4.195207 0.052179
4.431717 -4.500497 0.042772
4.499070 -4.347399 0.046647
4.834091 -0.166901 0.034296
4.370130 -0.622571 0.048436
4.521308 -0.708111 0.041056
4.366854 -0.440865 0.047344
4.518503 -0.348157 0.042138
4.359452 0.093803 0.047182
4.514812 0.182140 0.042092
4.361209 -0.083405 0.047732
4.516648 -0.170583 0.041716
4.709541 0.094781 0.049086
4.709620 -0.080734 0.049224
4.029837 -0.626523 0.047118
4.096115 -3.361155 0.040495
3.749939 -3.324773 0.045723
3.908394 -3.263080 0.044966
3.445243 -2.723815 0.043938
3.570302 -2.613759 0.050912
3.780721 -2.970209 0.048261
3.576199 -3.210809 0.047165
3.436546 -3.292108 0.041225
3.449721 -2.912929 0.042414
3.585488 -3.017477 0.049596
3.254555 -3.007665 0.050149
3.250669 -3.193513 0.049112
3.154376 -3.717899 0.041690
3.244151 -3.555611 0.048486
3.430027 -3.484810 0.042372
4.176524 0.181480 0.044772
4.012061 0.093078 0.045976
4.357719 0.445496 0.047269
4.008662 0.445203 0.046120
4.175382 0.357885 0.044668
3.553811 1.443951 0.047806
3.865965 1.257764 0.045688
3.879327 1.443575 0.046540
3.732334 1.539005 0.044503
4.372709 1.163114 0.048850
4.198366 1.258126 0.044663
4.034210 1.165980 0.047120
4.217713 1.998268 0.044060
4.397314 2.282732 0.048168
4.396886 2.092896 0.047601
3.571515 2.606618 0.051020
3.747039 2.661748 0.043042
3.132501 1.660100 0.038280
3.153954 1.936788 0.043043
3.244312 1.794896 0.044879
2.800246 0.751604 0.047290
2.822098 0.917196 0.042768
3.533371 1.255193 0.046262
3.698532 1.164436 0.046484
2.417790 0.028819 0.045390
2.475381 0.199349 0.044724
2.747862 0.411722 0.047387
2.690698 0.248306 0.049078
2.806257 0.129165 0.042209
2.630017 -0.708149 0.046658
3.020248 -0.982017 0.046437
2.829694 -0.923662 0.042254
2.815824 -0.754920 0.049259
2.565222 -0.095029 0.048527
2.738373 -0.043641 0.041563
0.559473 0.343310 0.052625
0.403490 0.243312 0.046806
0.742134 0.247563 0.048744
0.742285 0.053672 0.049435
0.406509 0.047280 0.046017
0.562642 -0.046613 0.052139
1.083879 0.056067 0.050542
0.907571 -0.042894 0.050317
3.889201 -2.548853 0.040580
3.840857 -2.825394 0.041208
3.745593 -2.669390 0.042948
4.222398 -2.378102 0.043350
4.396300 -2.293252 0.048050
4.534155 -2.393700 0.041257
4.531728 -2.582123 0.041081
3.585745 3.010580 0.049716
3.450395 2.905678 0.042513
3.576072 3.204085 0.047261
3.436623 3.285873 0.041324
3.156762 2.491094 0.042677
3.250831 2.644355 0.046991
3.747128 3.504023 0.043513
3.905720 3.603822 0.045316
3.908275 3.256424 0.045004
3.749946 3.318254 0.045763
4.095961 3.354471 0.040558
4.096223 3.516099 0.050080
2.883365 8.346824 0.046572
2.933443 7.992543 0.046821
3.064103 8.288166 0.044672
3.092845 8.110055 0.046972
2.394887 8.234902 0.044407
2.547874 8.323827 0.044969
2.750108 8.064412 0.046076
2.728772 8.240582 0.044603
3.275451 -8.065851 0.046728
3.339878 -7.898470 0.048933
3.242995 -7.767757 0.040835
2.743807 -7.698193 0.043219
2.751473 -7.509751 0.045740
3.060861 -7.732255 0.041166
2.925050 -7.814749 0.048300
2.921593 -7.431301 0.045199
3.049738 -7.537249 0.041237
3.266441 -7.281131 0.044691
3.138896 -7.163655 0.043203
3.442130 -7.218766 0.043177
3.192334 -6.982013 0.044138
3.370279 -6.910754 0.042915
3.492529 -7.030030 0.045261
4.833620 -0.690271 0.033444
4.711004 -0.610417 0.049430
4.834091 -0.340761 0.034594
4.711474 -0.432168 0.048915
3.192218 -0.888818 0.044406
4.016376 -0.085151 0.046822
4.182597 -0.173956 0.044284
3.844671 -0.174530 0.045205
3.849437 -0.354663 0.045660
4.186387 -0.353844 0.044869
4.024933 -0.445172 0.046514
4.243486 -3.619933 0.042650
4.096291 -3.522508 0.050021
4.094981 -3.891422 0.049286
4.239415 -3.818595 0.042625
3.747164 -3.510325 0.043453
3.566906 -3.589062 0.048307
3.908558 -3.780237 0.044974
3.905796 -3.609985 0.045264
3.245309 -3.834853 0.042837
3.133076 -3.990463 0.038216
3.245924 -4.120561 0.044973
4.027146 0.983495 0.046465
4.012377 0.622731 0.047190
3.430108 2.321281 0.041266
3.559084 2.402849 0.045671
3.427301 2.124240 0.041255
3.561287 2.017833 0.047510
3.890706 2.540424 0.040619
4.223558 2.368093 0.043444
4.224280 2.560408 0.044886
4.073103 2.632672 0.044719
3.030356 1.131618 0.039617
3.012880 0.976235 0.046371
3.178595 0.878543 0.044182
3.358686 0.965455 0.044135
3.206045 1.222041 0.043419
3.368659 1.153570 0.046560
3.514317 0.882724 0.046855
3.689451 0.980081 0.045886
3.841014 0.710316 0.045089
3.849820 0.890924 0.046121
3.666715 0.616922 0.047121
3.500387 0.700173 0.044652
2.964829 0.639909 0.045551
2.940778 0.467455 0.047274
3.111613 0.365901 0.046691
3.152396 0.707808 0.046299
3.318557 0.612170 0.045848
3.301824 0.442717 0.045808
2.843433 -0.367465 0.048130
2.874199 -0.173832 0.041992
2.590399 -0.556066 0.041994
2.680884 -0.406507 0.041502
2.538500 -0.264262 0.040201
1.765227 0.062813 0.050693
0.748548 -0.340558 0.047947
0.908015 -0.240481 0.051337
4.071739 -2.641461 0.044665
4.223312 -2.569636 0.044850
4.046949 -2.806487 0.040825
4.189508 -2.929624 0.048204
4.385772 -2.868172 0.048932
4.394786 -2.673210 0.046767
3.250734 3.188880 0.049138
3.254833 3.002190 0.050429
2.415322 8.052614 0.045537
2.249346 7.972776 0.046397
2.243201 7.806675 0.042877
2.411211 7.698221 0.046137
2.591678 7.777076 0.049738
2.589645 7.965368 0.044799
3.063105 -8.288985 0.044644
3.091715 -8.111035 0.046939
2.932266 -7.993517 0.046785
2.882372 -8.347516 0.046548
2.727670 -8.241251 0.044578
2.748953 -8.065201 0.046056
3.174751 -0.190784 0.047760
3.027477 -0.096815 0.042889
2.995967 0.101373 0.039316
3.126639 0.189712 0.050956
3.684531 -0.444344 0.046261
3.511048 -0.357002 0.044957
3.709830 -1.175371 0.046371
3.540460 -1.264701 0.045986
3.376408 -1.161947 0.046955
3.373401 -0.977709 0.043677
3.563914 -4.147696 0.046066
3.431951 -4.059357 0.041167
3.746318 -4.046895 0.044991
3.750077 -3.866112 0.043818
3.567057 -3.774597 0.047220
3.431336 -3.867041 0.041136
4.180430 0.712230 0.044192
4.186392 0.892386 0.045233
4.515466 0.709111 0.041656
4.359050 0.622313 0.047874
4.518252 0.886502 0.042330
4.367800 0.979859 0.047206
3.887644 2.008068 0.046383
3.736964 2.105613 0.044504
4.064309 2.095975 0.047262
4.069726 2.275965 0.044694
3.731954 2.293588 0.043707
3.888051 2.376033 0.048296
3.476218 0.354126 0.045811
3.659278 0.440328 0.045375
3.829862 0.356193 0.045841
3.832119 0.180473 0.045920
3.176436 -0.724030 0.045448
2.990597 -0.648487 0.045693
2.994670 -0.477540 0.047375
3.172709 -0.377876 0.043729
3.341403 -0.454918 0.047698
3.349202 -0.630124 0.044699
1.915914 -0.037288 0.048220
2.235761 -0.047406 0.046053
2.093140 0.055862 0.048094
1.572479 -0.237486 0.049949
1.248751 -0.040777 0.049418
1.426019 0.058904 0.050971
1.585797 -0.037728 0.048555
1.078327 -0.339923 0.048775
1.406705 -0.339256 0.048946
1.242755 -0.239179 0.050656
3.132113 3.445972 0.034667
3.132113 3.276972 0.033755
3.136212 2.756801 0.036981
3.136212 2.925536 0.034446
3.525181 -0.713986 0.044990
3.533598 -0.896782 0.046404
3.690865 -0.626123 0.046619
3.860675 -0.717793 0.045341
3.867368 -0.900565 0.045687
3.705975 -0.991691 0.046062
3.673806 -0.084099 0.046256
3.665569 0.092675 0.045011
3.505089 -0.176889 0.046491
3.337485 -0.087714 0.045551
3.320883 0.094595 0.043800
3.480251 0.182193 0.047830
2.369529 -0.335335 0.044976
2.214222 -0.242326 0.047263
2.391299 -0.511838 0.039721
1.731030 -0.338230 0.048870
1.895035 -0.238572 0.048170
2.050722 -0.340343 0.047888
-4.827517 6.864650 0.041162
-4.759547 7.029287 0.040819
-0.762067 8.756423 0.047264
-0.095233 0.341797 0.042085
-0.559469 -0.343310 0.052624
-0.523482 -8.258277 0.051975
-4.823297 6.569901 0.042528
-4.728671 6.723348 0.044733
-0.344830 7.204030 0.044521
-0.926904 8.859963 0.044860
-0.639680 8.861460 0.042812
-0.467728 8.763843 0.046950
-0.087759 -0.048068 0.038830
-0.403487 -0.243312 0.046805
-0.087759 -0.243198 0.038230
-0.210555 -0.340002 0.055257
-0.093265 -7.494598 0.042400
-0.084225 -7.179779 0.035922
-0.177490 -7.298794 0.048964
-2.019487 -8.603453 0.044594
-2.170972 -8.873449 0.044028
-2.009603 -8.783225 0.045644
-1.844582 -8.874775 0.043809
-1.520409 -8.864705 0.045849
-1.675398 -8.774480 0.048983
-1.358143 -8.758803 0.046593
-1.341402 -8.550606 0.047593
-0.103028 -7.807319 0.047269
-0.196293 -7.628574 0.049431
-0.991409 -7.298843 0.044980
-4.590185 7.062403 0.044548
-0.443614 7.307961 0.043041
-4.816477 5.167592 0.041120
-3.154990 4.264057 0.043288
-3.164349 4.809019 0.045466
-0.181398 8.867383 0.037859
-0.356677 8.867383 0.039137
-2.678558 7.165261 0.041279
-2.381277 7.054456 0.044251
-2.553380 7.018399 0.044139
-4.833925 -0.704819 0.034278
-4.833925 -0.878391 0.034627
-4.834012 -0.356528 0.034542
-4.834012 -0.182552 0.034454
-4.708859 -0.619361 0.049292
-4.708946 -0.444514 0.049111
-4.515454 -0.709501 0.041654
-4.359031 -0.622685 0.047870
-4.186362 -0.892698 0.045230
-4.180403 -0.712561 0.044189
-0.221046 0.244495 0.055213
-0.213573 0.051159 0.054216
-0.406505 -0.047281 0.046017
-0.419798 0.342698 0.045327
-1.268271 -0.345069 0.051539
-1.248738 0.040776 0.049418
-3.030370 -1.131655 0.039609
-3.358694 -0.965602 0.044129
-2.491458 -8.871878 0.044060
-2.336567 -8.780328 0.045041
-1.856540 -8.518125 0.045788
-1.677472 -8.597601 0.042395
-1.532876 -8.317800 0.041082
-1.505742 -8.479629 0.050423
-0.118926 -8.448760 0.055972
-1.436511 -8.161350 0.041567
-1.284443 -8.114535 0.049126
-0.962777 -7.512723 0.045159
-1.152982 -8.240150 0.048847
-1.176934 -8.443187 0.049354
-1.220514 -8.859098 0.046382
-0.184861 -7.950689 0.044611
-0.360473 -7.973919 0.044863
-0.376370 -8.176928 0.042109
-0.081833 -8.135637 0.042696
-0.200758 -8.269642 0.046536
-0.714466 -7.298299 0.045808
-0.873932 -7.194328 0.043490
-4.720990 6.425487 0.045176
-4.714249 5.280611 0.043961
-4.805727 2.774566 0.045249
-4.712450 2.903850 0.041357
-0.411314 8.568953 0.044028
-0.360340 7.973924 0.044843
-0.184794 7.950713 0.044599
-0.376222 8.176938 0.042092
-0.095213 8.759004 0.046436
-0.214078 8.564114 0.042823
-0.196241 7.628593 0.049410
-0.102983 7.807327 0.047252
-0.873860 7.194318 0.043479
-0.604475 7.188931 0.040583
-0.714368 7.298249 0.045793
-3.142388 5.601312 0.040864
-2.586065 6.841977 0.042939
-2.800408 6.622599 0.041697
-2.763233 6.795820 0.045744
-0.962522 7.512683 0.045146
-1.149387 7.189499 0.043669
-0.991256 7.298817 0.044962
-0.404547 7.644004 0.052777
-0.484575 7.519173 0.045048
-0.486836 7.845949 0.049436
-0.799315 7.619396 0.049180
-0.668556 7.509461 0.044876
-0.657561 7.932664 0.047675
-0.795784 7.825555 0.048701
-4.722630 4.997254 0.047624
-4.808823 4.165640 0.044161
-4.094993 3.890711 0.049286
-3.132567 4.540611 0.038802
-3.254773 4.678410 0.043629
-3.245414 4.396727 0.043829
-3.435091 4.438746 0.042310
-3.444451 4.625072 0.041138
-3.182326 8.598366 0.042163
-3.211156 8.422554 0.046741
-2.629909 7.365903 0.046810
-4.833272 -1.227629 0.033286
-4.711642 -0.970302 0.048832
-4.710989 -1.149081 0.049531
-4.518237 -0.886871 0.042327
-4.367773 -0.980192 0.047203
-4.834090 0.340206 0.034592
-4.834090 0.166362 0.034291
-4.709538 -0.095271 0.049082
-4.709616 0.080223 0.049219
-0.568456 0.243256 0.052403
-0.562637 0.046613 0.052138
-1.242742 0.239179 0.050655
-0.742129 -0.247564 0.048744
-0.912910 -0.344254 0.051691
-0.742278 -0.053672 0.049435
-0.907562 0.042894 0.050316
-1.089365 -0.249323 0.049224
-1.083869 -0.056067 0.050542
-3.012900 -0.976299 0.046368
-3.178612 -0.878651 0.044177
-4.514212 -0.357859 0.041989
-4.357702 -0.445889 0.047264
-4.359436 -0.094239 0.047179
-4.514804 -0.182592 0.042089
-4.176503 -0.181871 0.044767
-4.175361 -0.358254 0.044664
-4.027113 -0.983777 0.046461
-4.012348 -0.623039 0.047186
-4.008635 -0.445527 0.046116
-3.131911 3.278985 0.033642
-3.131911 3.448390 0.034790
-4.713012 -3.450213 0.043772
-4.407726 -3.261992 0.051065
-4.503451 -3.437776 0.043652
-4.823278 -3.594388 0.041908
-4.723055 -3.743296 0.047248
-4.096223 -3.516239 0.050078
-4.833394 -2.493354 0.038902
-4.805815 -2.770347 0.045099
-4.717066 -2.630679 0.043956
-3.132356 -2.218045 0.038357
-3.746337 -4.041578 0.045024
-3.749810 -4.409912 0.044670
-3.254829 -3.002315 0.050421
-3.450384 -2.905848 0.042510
-2.808240 -8.873550 0.043110
-2.657066 -8.780428 0.044440
-4.131116 -7.658883 0.039280
-0.095255 -8.758995 0.046454
-0.214181 -8.564093 0.042840
-0.962583 -7.932111 0.046613
-0.678379 -8.142017 0.045305
-0.838109 -8.239980 0.049965
-0.984039 -8.137183 0.046427
-0.404695 -7.644020 0.052806
-0.484718 -7.519236 0.045060
-0.487042 -7.845995 0.049454
-0.668750 -7.509549 0.044886
-0.799584 -7.619458 0.049195
-0.657836 -7.932743 0.047690
-0.796110 -7.825634 0.048712
-1.097901 -7.606832 0.045781
-1.253846 -7.492820 0.044583
-1.254098 -7.899502 0.043158
-1.101181 -7.820044 0.048912
-1.031953 -8.546350 0.046541
-0.927199 -8.859966 0.044876
-1.058791 -8.754064 0.048010
-0.862071 -8.446109 0.048897
-3.550662 -5.586689 0.041737
-3.432280 -5.744107 0.042344
-0.604512 -7.188971 0.040600
-0.344833 -7.204015 0.044515
-0.443659 -7.307986 0.043071
-3.955791 -7.050076 0.044202
-3.785634 -7.101966 0.044091
-2.480149 -7.388061 0.040743
-2.553784 -7.018021 0.044168
-3.937557 -7.723935 0.047308
-3.443435 -7.217064 0.043190
-4.549033 7.237011 0.041574
-4.072465 7.188776 0.044645
-4.243898 7.141627 0.043523
-4.339653 7.447586 0.041091
-4.373683 7.277309 0.045525
-3.501227 7.542230 0.044701
-3.266722 7.280815 0.044695
-2.892783 6.922886 0.042042
-3.139155 7.163372 0.043205
-3.067688 6.863390 0.045123
-3.192577 6.981720 0.044140
-2.840792 7.115906 0.047090
-2.962276 7.238063 0.043033
-4.819836 6.280339 0.043355
-4.811549 5.999566 0.044927
-4.709242 6.135209 0.046039
-4.523013 6.435070 0.043866
-4.819914 5.439146 0.041590
-4.184295 6.814534 0.043996
-4.251881 6.631743 0.043957
-4.469421 6.917953 0.043130
-4.298484 6.956879 0.044566
-4.539937 6.743535 0.042681
-4.436585 6.599670 0.045660
-4.517914 2.957257 0.041139
-4.828866 3.044734 0.040258
-4.407855 3.268086 0.050964
-4.524087 3.137832 0.041435
-4.811900 3.322437 0.044202
-4.718623 3.180335 0.042954
-4.495076 4.040328 0.045804
-4.708663 4.040892 0.044671
-0.081811 8.135656 0.042684
-0.200676 8.269669 0.046513
-0.118865 8.448771 0.055940
-0.093258 7.494605 0.042397
-0.084227 7.179774 0.035922
-0.177485 7.298804 0.048966
-3.454960 6.047909 0.045663
-3.241967 5.752264 0.046823
-3.195091 6.323205 0.043840
-3.122154 6.681380 0.042611
-2.984424 6.567655 0.045704
-3.017224 6.403844 0.040137
-3.954895 7.051691 0.044178
-4.012139 6.862197 0.044557
-3.896271 6.727260 0.044332
-0.678088 8.141964 0.045287
-0.523246 8.258264 0.051958
-0.544936 8.460415 0.049178
-0.723736 8.550269 0.046162
-1.097559 7.606777 0.045763
-4.828295 4.723950 0.035748
-4.828295 4.893751 0.035961
-4.730481 4.614171 0.048442
-4.824328 4.438073 0.039684
-4.711008 4.317266 0.046650
-4.523915 4.961041 0.045699
-3.157075 5.335652 0.043935
-3.257320 5.467467 0.043752
-3.591108 4.710674 0.048064
-3.763897 4.602988 0.045671
-3.536516 5.882372 0.044103
-3.432287 5.746603 0.042304
-3.382715 8.392593 0.042938
-3.585476 8.193767 0.041578
-3.418626 8.213635 0.046640
-2.170436 8.873486 0.044020
-2.335984 8.780423 0.045026
-3.340154 7.898197 0.048941
-3.275705 8.065613 0.046735
-4.833272 -1.398675 0.035119
-4.808452 -1.666642 0.042270
-4.719581 -1.506390 0.047675
-3.244161 -2.078695 0.046515
-2.822111 -0.917229 0.042761
-3.318547 -0.612322 0.045843
-3.152398 -0.707923 0.046295
-4.711470 0.431615 0.048910
-3.659254 -0.440571 0.045370
-3.829835 -0.356485 0.045838
-3.698507 -1.164662 0.046481
-3.666690 -0.617158 0.047118
-3.514305 -0.882914 0.046852
-3.500372 -0.700363 0.044646
-3.689429 -0.980310 0.045881
-3.849790 -0.891184 0.046118
-3.840984 -0.710584 0.045085
-3.908575 3.779533 0.044973
-3.750084 3.865407 0.043817
-4.811877 -3.317795 0.044168
-4.821921 -3.887257 0.042019
-4.808808 -4.161331 0.044198
-4.708586 -4.036213 0.044774
-4.235544 -3.229964 0.044027
-4.095962 -3.354620 0.040556
-3.750024 -3.860494 0.043882
-3.747129 -3.504158 0.043511
-3.905719 -3.603953 0.045314
-3.908447 -3.774376 0.045034
-4.536019 -3.738787 0.041578
-4.243359 -3.613651 0.042706
-4.426680 -3.577442 0.045211
-3.133111 -3.986580 0.038192
-4.253359 -4.568971 0.042249
-4.102431 -4.514909 0.047503
-3.132608 -4.537522 0.038828
-3.804166 -4.959251 0.048056
-3.951222 -4.825783 0.046023
-3.764007 -4.598996 0.045720
-3.924840 -4.657060 0.044017
-3.136203 -2.925616 0.034445
-3.136203 -2.756890 0.036973
-3.446371 -2.716755 0.043823
-3.250815 -2.644496 0.046994
-3.246967 -2.370224 0.043140
-3.156755 -2.491195 0.042672
-2.979527 -8.807021 0.040639
-2.744972 -7.697287 0.043255
-4.759809 -7.028802 0.040818
-0.181456 -8.867369 0.037871
-0.356773 -8.867369 0.039152
-0.545181 -8.460412 0.049196
-0.411491 -8.568924 0.044042
-0.724039 -8.550281 0.046177
-0.467883 -8.763827 0.046966
-0.639862 -8.861458 0.042828
-0.762329 -8.756424 0.047284
-2.379882 -7.538151 0.042136
-2.061521 -8.247719 0.044603
-1.725177 -8.261248 0.041905
-1.877111 -8.343601 0.044818
-1.396856 -7.774655 0.045148
-1.399884 -7.581185 0.046308
-3.475274 -5.458407 0.044283
-3.578526 -5.289313 0.051319
-3.456640 -5.162498 0.042482
-3.253151 -5.199891 0.042932
-3.257303 -5.465009 0.043778
-3.157066 -5.333308 0.043999
-4.819879 -6.278437 0.043423
-4.709319 -6.132982 0.046080
-3.138227 -5.065955 0.039977
-3.896995 -6.725350 0.044358
-3.958157 -6.539621 0.044506
-4.184988 -6.812822 0.044019
-4.012928 -6.860439 0.044588
-3.667390 -6.967106 0.044357
-3.493740 -7.028142 0.045301
-3.371432 -6.909026 0.042916
-3.423010 -6.717537 0.045333
-3.599542 -6.649674 0.045207
-3.721614 -6.780128 0.044469
-2.356420 -7.223674 0.040808
-2.381480 -7.054263 0.044279
-2.586360 -6.841697 0.042955
-2.763718 -6.795347 0.045772
-2.800739 -6.622264 0.041689
-2.679209 -7.164669 0.041308
-2.630634 -7.365297 0.046850
-2.752616 -7.508823 0.045768
-3.335315 -7.591188 0.041935
-3.790761 -7.616902 0.044345
-3.847026 -7.428436 0.044296
-3.614566 -7.675414 0.044842
-3.502282 -7.541012 0.044717
-3.730273 -7.293502 0.044813
-3.561724 -7.347565 0.043865
-3.543447 7.857377 0.042420
-3.645849 8.004925 0.051395
-3.613563 7.676563 0.044819
-3.334247 7.592320 0.041923
-3.218012 7.461425 0.042625
-3.243289 7.767473 0.040839
-3.957612 6.541697 0.044471
-4.141065 6.493843 0.045780
-4.818269 5.725760 0.043090
-4.707675 5.857262 0.044272
-4.716041 5.569709 0.048325
-4.486293 5.846103 0.047067
-4.717260 2.636561 0.043529
-4.531734 2.581387 0.041078
-4.534161 2.392972 0.041254
-4.821983 3.891800 0.041981
-4.243508 3.619215 0.042649
-4.239431 3.817879 0.042624
-4.421422 3.887130 0.044848
-3.141722 5.885311 0.040027
-3.150906 6.156232 0.040176
-3.250485 6.045187 0.045788
-3.720812 6.781955 0.044436
-3.370515 6.910386 0.042913
-3.338877 6.414045 0.044946
-3.598822 6.651513 0.045186
-3.298740 6.608408 0.043243
-3.422212 6.719084 0.045301
-0.962205 7.932062 0.046595
-1.100772 7.819997 0.048903
-4.499070 4.346680 0.046650
-4.383298 4.194489 0.052181
-3.431945 4.058647 0.041168
-3.133072 3.989717 0.038219
-3.245919 4.119839 0.044972
-3.567562 4.335444 0.047381
-3.563910 4.146988 0.046066
-3.749710 4.414083 0.044616
-3.746318 4.046187 0.044993
-4.499269 5.256589 0.047251
-4.402783 5.107357 0.045308
-3.138221 5.068607 0.039932
-3.253153 5.202660 0.042873
-3.260427 4.936013 0.041767
-4.074659 5.167910 0.044549
-4.203197 5.065940 0.046341
-3.475297 5.461210 0.044236
-3.550685 5.589394 0.041697
-3.726395 5.831464 0.042626
-3.739897 5.642573 0.042560
-2.491017 8.871937 0.044054
-2.979278 8.807197 0.040610
-3.005252 8.639624 0.045932
-2.807986 8.873642 0.043103
-2.656600 8.780579 0.044423
-4.832186 -1.939368 0.038170
-4.718495 -1.782353 0.042319
-4.531079 -1.435145 0.043014
-4.372676 -1.163425 0.048846
-4.522487 -1.248882 0.040742
-3.427286 -2.124417 0.041254
-3.430092 -2.321460 0.041264
-3.153949 -1.936893 0.043043
-4.096318 3.521798 0.050019
-3.905823 3.609283 0.045263
-2.964831 -0.639999 0.045547
-2.611979 -0.701266 0.045276
-2.800256 -0.751657 0.047287
-4.710999 0.609840 0.049424
-4.521298 0.707534 0.041053
-4.717912 1.515115 0.045726
-4.370109 0.622025 0.048430
-4.194538 0.716367 0.044435
-4.029793 0.626039 0.047114
-3.832088 -0.180782 0.045915
-4.012030 -0.093442 0.045973
-4.828723 -3.040287 0.040219
-4.718457 -3.174993 0.043100
-4.712395 -2.898382 0.041361
-4.517805 -2.950685 0.041191
-4.523867 -3.131627 0.041470
-4.082727 -4.353870 0.042678
-3.890940 -4.306937 0.043374
-3.891121 -4.127268 0.043882
-3.436623 -3.286008 0.041321
-3.250734 -3.188979 0.049137
-3.132108 -3.277027 0.033752
-3.132108 -3.446034 0.034670
-4.132597 -3.073026 0.041356
-4.828280 -4.890030 0.035977
-4.828280 -4.720149 0.035777
-4.549731 -4.642326 0.042491
-4.730430 -4.610146 0.048513
-4.431630 -4.495462 0.042810
-4.498993 -4.342185 0.046709
-4.824292 -4.434015 0.039728
-4.710957 -4.312918 0.046707
-4.074666 -5.164528 0.044595
-3.763010 -5.264520 0.046488
-3.866461 -5.113813 0.043736
-3.254831 -4.675117 0.043720
-3.164366 -4.806104 0.045509
-3.260450 -4.932968 0.041790
-3.463939 -4.988034 0.042200
-3.604967 -4.898494 0.051211
-3.444543 -4.621394 0.041183
-3.591190 -4.706962 0.048115
-3.155015 -4.260862 0.043291
-3.245480 -4.393230 0.043854
-3.245983 -4.116196 0.045055
-3.563987 -4.142706 0.046117
-3.432040 -4.054420 0.041204
-3.567642 -4.331371 0.047431
-3.435192 -4.434886 0.042344
-3.383322 -8.392011 0.042961
-2.216406 -8.329120 0.045374
-2.194944 -8.510330 0.044856
-2.350656 -8.596980 0.044358
-4.827664 -6.863999 0.041218
-4.590693 -7.061524 0.044573
-4.549577 -7.236319 0.041577
-4.299207 -6.955417 0.044595
-4.470010 -6.916646 0.043146
-4.501657 -6.133968 0.044091
-3.653545 -6.467517 0.043872
-3.836779 -6.412241 0.045858
-2.591679 -7.777077 0.049738
-2.411212 -7.698222 0.046137
-2.062882 -7.730676 0.043240
-2.074029 -8.073663 0.043069
-2.249350 -7.972776 0.046397
-2.243204 -7.806675 0.042877
-1.573005 -8.016892 0.041263
-1.563695 -7.845230 0.046417
-1.741268 -8.085472 0.043430
-1.726957 -7.736922 0.043225
-1.900710 -7.816883 0.044630
-1.905711 -7.993770 0.044649
-4.811583 -5.997190 0.044993
-1.437564 -7.184868 0.043571
-1.276817 -7.289383 0.044868
-1.149503 -7.189515 0.043680
-1.737620 -7.181501 0.043571
-1.574772 -7.281369 0.045238
-1.560063 -7.474249 0.043738
-1.720298 -7.559411 0.046821
-3.516891 -6.340785 0.048177
-3.299492 -6.607110 0.043224
-3.339370 -6.412516 0.044978
-3.195372 -6.322279 0.043838
-3.122922 -6.680453 0.042618
-2.984944 -6.567068 0.045725
-3.017517 -6.403488 0.040091
-3.250530 -6.043572 0.045882
-3.150940 -6.155378 0.040305
-3.925790 -7.867992 0.035443
-3.802340 -7.991443 0.035946
-3.586177 -8.193057 0.041592
-3.419377 -8.212900 0.046668
-3.646661 -8.004065 0.051424
-3.544393 -7.856360 0.042437
-3.267742 -7.279656 0.044716
-3.219063 -7.460333 0.042637
-3.051050 -7.536029 0.041256
-2.922803 -7.430205 0.045225
-3.801640 7.992180 0.035955
-3.925095 7.868726 0.035416
-3.789788 7.618086 0.044319
-3.936725 7.724893 0.047261
-3.846037 7.429775 0.044273
-4.019026 7.375480 0.043985
-4.130377 7.659711 0.039251
-4.156429 7.498608 0.046507
-3.836361 6.414429 0.045822
-3.653030 6.469550 0.043841
-3.577246 6.172555 0.045348
-3.516557 6.342758 0.048143
-4.216902 6.317733 0.045528
-4.382452 5.989516 0.048018
-4.501528 6.136320 0.044040
-4.414144 6.291032 0.046749
-4.833676 2.497119 0.039030
-4.719688 2.350105 0.043303
-4.808154 2.217272 0.044329
-4.807856 1.665466 0.043418
-4.823339 3.599030 0.041900
-4.713096 3.455381 0.043719
-4.723179 3.748263 0.047166
-4.536204 3.744158 0.041533
-4.503586 3.443533 0.043590
-4.426855 3.583076 0.045157
-3.784681 7.103563 0.044064
-3.666467 6.968764 0.044336
-3.492779 7.029624 0.045269
-3.442409 7.218400 0.043179
-3.729263 7.294943 0.044791
-3.560678 7.348920 0.043839
-1.220106 8.859096 0.046367
-1.357638 8.758814 0.046570
-1.058404 8.754059 0.047990
-1.519905 8.864718 0.045833
-2.046237 7.178768 0.043464
-1.253522 7.492760 0.044571
-1.437419 7.184849 0.043561
-1.276616 7.289348 0.044851
-4.448906 4.805191 0.043930
-4.549807 4.646472 0.042440
-4.431717 4.499787 0.042773
-3.567066 3.773891 0.047221
-3.431334 3.866329 0.041136
-3.244148 3.554871 0.048482
-3.154379 3.717134 0.041695
-3.245309 3.834118 0.042839
-3.890884 4.311398 0.043328
-3.891143 4.131957 0.043839
-4.082718 4.358376 0.042618
-4.081328 4.062357 0.043189
-4.200802 4.202785 0.043619
-3.866452 5.117158 0.043696
-3.804121 4.962784 0.047985
-3.763014 5.267666 0.046437
-3.604912 4.902004 0.051139
-3.463908 4.991329 0.042158
-3.456633 5.165616 0.042436
-3.578532 5.292351 0.051254
-3.849805 5.943632 0.046135
-3.782213 6.119186 0.044574
-3.904855 6.234268 0.046325
-4.101942 6.185426 0.045858
-4.050614 5.885210 0.047945
-4.180109 6.011922 0.046730
-3.895453 5.411256 0.042946
-3.885497 5.579243 0.047459
-4.089163 5.346270 0.045780
-4.072804 5.709712 0.045942
-2.853350 8.522372 0.043328
-2.675989 8.596882 0.044117
-3.061152 7.731997 0.041174
-2.925326 7.814521 0.048304
-2.744069 7.697994 0.043226
-2.751726 7.509550 0.045745
-2.921859 7.431065 0.045204
-3.050028 7.536985 0.041240
-4.532714 -1.812697 0.041021
-4.718504 -2.067293 0.044924
-4.808461 -2.214226 0.043857
-4.719712 -2.343849 0.043260
-4.532723 -2.003343 0.041187
-3.732302 -1.539227 0.044500
-3.571494 -2.606792 0.051017
-3.559063 -2.403032 0.045670
-3.888033 -2.376235 0.048293
-3.731933 -2.293783 0.043705
-3.132497 -1.660188 0.038283
-3.244303 -1.795028 0.044876
-3.427349 -1.736878 0.040637
-1.627453 -0.346425 0.051898
-1.426005 -0.058905 0.050970
-1.440042 -0.251495 0.048857
-4.235777 3.236124 0.043922
-4.096149 3.360445 0.040494
-4.385787 2.867442 0.048929
-4.394797 2.672486 0.046764
-3.747192 3.509638 0.043452
-3.430032 3.484117 0.042376
-3.566925 3.588372 0.048303
-2.940762 -0.467553 0.047270
-2.995902 -0.101507 0.039317
-4.833620 0.689679 0.033441
-4.833620 0.861501 0.035005
-4.832199 1.393676 0.037333
-4.200244 0.899051 0.044773
-4.024887 0.444719 0.046510
-4.016339 0.084761 0.046816
-3.849377 0.354271 0.045656
-3.844617 0.174170 0.045203
-4.059519 1.545544 0.046111
-4.392565 1.730710 0.047622
-3.860622 0.717335 0.045338
-3.673747 0.083796 0.046252
-3.665526 -0.092954 0.045008
-3.525096 0.713648 0.044989
-3.684454 0.443988 0.046259
-3.690792 0.625733 0.046614
-3.887621 -2.008291 0.046381
-3.736943 -2.105818 0.044502
-3.887513 -1.820037 0.046475
-3.736756 -1.728142 0.044224
-3.561267 -2.018023 0.047507
-3.561188 -1.828601 0.048294
-4.081267 -4.057446 0.043226
-4.094906 -3.885638 0.049342
-4.239315 -3.812627 0.042674
-4.494980 -4.035386 0.045866
-4.421279 -3.881921 0.044917
-4.383238 -4.189772 0.052264
-4.200748 -4.198040 0.043677
-3.566854 -3.583233 0.048415
-3.430218 -3.479247 0.042338
-3.431388 -3.861944 0.041164
-3.567023 -3.769146 0.047275
-3.244329 -3.551224 0.048571
-3.245331 -3.830422 0.042833
-3.154363 -3.714144 0.041618
-4.386144 -2.860401 0.048987
-4.189963 -2.921945 0.048362
-3.929942 -3.094921 0.041282
-3.749948 -3.318396 0.045761
-3.908278 -3.256571 0.045002
-3.781278 -2.963249 0.048323
-3.585745 -3.010736 0.049712
-3.576079 -3.204232 0.047258
-4.819917 -5.435999 0.041643
-4.716041 -5.566718 0.048375
-4.818267 -5.722971 0.043154
-4.707707 -5.854630 0.044322
-4.722620 -4.993578 0.047687
-4.816482 -5.164120 0.041161
-4.714256 -5.277278 0.044015
-4.499284 -5.253223 0.047309
-3.182777 -8.597958 0.042192
-3.211785 -8.421993 0.046764
-3.005719 -8.639273 0.045954
-3.064106 -8.288165 0.044672
-2.933445 -7.992543 0.046821
-3.062165 -7.731071 0.041203
-2.926275 -7.813710 0.048325
-3.092848 -8.110055 0.046971
-3.276582 -8.064773 0.046763
-3.244319 -7.766454 0.040855
-3.341113 -7.897224 0.048972
-2.676624 -8.596592 0.044127
-2.525105 -8.504694 0.045008
-2.853990 -8.521966 0.043348
-2.883368 -8.346823 0.046572
-4.823378 -6.568557 0.042593
-4.721114 -6.423720 0.045213
-4.728899 -6.722140 0.044760
-4.540362 -6.742064 0.042722
-4.073365 -7.187344 0.044673
-4.244721 -7.140302 0.043541
-4.157255 -7.497582 0.046535
-4.019961 -7.374168 0.044005
-4.340346 -7.446781 0.041107
-4.374408 -7.276325 0.045548
-3.739884 -5.639819 0.042604
-1.880696 -7.460312 0.042706
-1.883310 -7.275281 0.045049
-2.198520 -7.467545 0.040697
-2.049528 -7.551617 0.046329
-2.192754 -7.279740 0.044496
-2.046376 -7.178781 0.043462
-3.142380 -5.599365 0.040936
-3.241969 -5.750180 0.046869
-3.141732 -5.883856 0.040129
-3.140109 -7.162325 0.043219
-2.893504 -6.922168 0.042059
-2.841572 -7.115167 0.047110
-2.963184 -7.237177 0.043048
-3.193495 -6.980617 0.044153
-3.068503 -6.862471 0.045132
-3.135791 2.759804 0.036628
-3.135791 2.928320 0.034388
-1.078317 0.339923 0.048774
-0.748542 0.340558 0.047947
-0.908006 0.240481 0.051337
-1.031514 8.546335 0.046525
-0.861684 8.446084 0.048878
-0.837726 8.239931 0.049950
-0.983619 8.137138 0.046414
-2.048965 7.551685 0.046328
-1.399476 7.581114 0.046294
-1.880277 7.460274 0.042704
-1.719833 7.559359 0.046808
-1.559692 7.474184 0.043729
-1.574541 7.281331 0.045223
-1.737469 7.181482 0.043566
-1.883063 7.275251 0.045036
-1.674806 8.774513 0.048963
-1.676789 8.597651 0.042384
-1.844029 8.874794 0.043799
-2.008982 8.783280 0.045629
-1.340834 8.550617 0.047576
-1.505083 8.479660 0.050402
-1.176411 8.443174 0.049335
-1.152474 8.240131 0.048827
-4.142063 4.881916 0.045499
-4.266640 4.767482 0.042207
-3.924773 4.661045 0.043963
-3.951194 4.829511 0.045977
-4.102420 4.519119 0.047450
-4.253418 4.573151 0.042202
-4.217761 5.638141 0.043335
-4.523788 5.554996 0.041776
-4.404634 5.699887 0.045268
-4.412682 5.400411 0.045423
-4.224164 5.442686 0.043493
-2.882601 8.347361 0.046553
-2.932533 7.993302 0.046792
-3.063333 8.288802 0.044650
-3.091972 8.110818 0.046945
-2.018757 8.603554 0.044584
-1.855787 8.518207 0.045775
-1.726383 7.736883 0.043219
-4.390493 -1.533999 0.047928
-4.393214 -1.718210 0.048052
-4.214042 -1.814233 0.044789
-4.060530 -1.723674 0.046469
-4.534363 -2.383989 0.041306
-4.224270 -2.560610 0.044884
-4.531717 -2.573412 0.041081
-4.395385 -2.664677 0.046889
-3.865929 -1.258013 0.045685
-3.879290 -1.443819 0.046538
-4.034174 -1.166253 0.047117
-4.198326 -1.258408 0.044659
-4.207552 -1.442720 0.045019
-4.056761 -1.536371 0.046128
-3.841993 -2.817885 0.041363
-3.747018 -2.661925 0.043039
-3.890686 -2.540615 0.040617
-4.073088 -2.632865 0.044718
-4.048022 -2.798477 0.040908
-3.151000 -1.383146 0.041319
-3.241354 -1.505334 0.043216
-3.368662 -1.153722 0.046556
-3.206050 -1.222128 0.043415
-3.533351 -1.255387 0.046259
-3.553786 -1.444146 0.047803
-3.424400 -1.541338 0.040949
-1.585778 0.037728 0.048554
-1.895013 0.238573 0.048168
-1.406693 0.339256 0.048945
-1.572461 0.237486 0.049947
-1.731016 0.338230 0.048870
-2.050708 0.340343 0.047889
-2.093106 -0.055870 0.048093
-1.792844 -0.254376 0.047621
-1.993026 -0.347951 0.053044
-2.142607 -0.249546 0.046960
-1.915886 0.037289 0.048219
-1.765205 -0.062813 0.050692
-3.426741 2.130055 0.041225
-4.132613 3.079455 0.041286
-4.189529 2.928910 0.048201
-3.436568 3.291448 0.041221
-3.449733 2.912344 0.042409
-3.250683 3.192798 0.049114
-3.254563 3.007014 0.050132
-3.111588 -0.366037 0.046687
-3.126595 -0.189870 0.050953
-3.301805 -0.442882 0.045802
-3.320831 -0.094801 0.043797
-3.476194 -0.354336 0.045806
-3.480214 -0.182422 0.047825
-2.747848 -0.411794 0.047382
-2.583639 -0.533849 0.046319
-2.393935 -0.487862 0.045459
-2.342824 -0.316822 0.048216
-4.526479 0.891040 0.042618
-4.380995 0.988215 0.047849
-4.716180 0.965168 0.048192
-4.804703 1.126610 0.043418
-4.714759 1.235075 0.040764
-4.530265 1.450765 0.041652
-4.391106 1.545338 0.048151
-4.527111 1.262963 0.040940
-4.383049 1.172387 0.048777
-4.210667 1.451809 0.044805
-4.205763 1.266660 0.044410
-4.182568 0.173514 0.044281
-4.186355 0.353372 0.044864
-4.361191 0.082943 0.047727
-4.516638 0.170085 0.041713
-4.518492 0.347633 0.042134
-4.366832 0.440349 0.047340
-4.532417 2.015035 0.041127
-4.832594 1.940987 0.038724
-4.718606 2.074533 0.043979
-4.718308 1.789668 0.042710
-4.532120 1.826268 0.040960
-4.396310 2.292547 0.048046
-4.395648 2.103761 0.047367
-3.867326 0.900075 0.045683
-4.045668 1.174900 0.047069
-4.042203 0.991463 0.046822
-3.337411 0.087489 0.045549
-3.505014 0.176618 0.046488
-3.510961 0.356709 0.044955
-4.412693 -5.397175 0.045462
-4.523790 -5.551949 0.041819
-4.448882 -4.801212 0.043978
-4.523919 -4.957283 0.045752
-4.402809 -5.103770 0.045372
-4.203225 -5.062359 0.046403
-4.266623 -4.763515 0.042246
-4.142077 -4.878176 0.045551
-2.394892 -8.234902 0.044407
-2.547879 -8.323826 0.044969
-2.415326 -8.052614 0.045537
-2.589648 -7.965368 0.044799
-2.750111 -8.064411 0.046076
-2.728776 -8.240581 0.044602
-4.414350 -6.288821 0.046788
-4.523247 -6.433119 0.043909
-4.436973 -6.597879 0.045689
-4.217178 -6.315470 0.045573
-4.252402 -6.629866 0.043994
-4.141504 -6.491754 0.045811
-3.895453 -5.408197 0.042991
-3.885505 -5.576344 0.047510
-4.089176 -5.343043 0.045827
-4.224184 -5.439492 0.043533
-3.905092 -6.231912 0.046372
-4.102144 -6.183007 0.045895
-3.570306 2.613163 0.050907
-3.445235 2.723259 0.043944
-3.429325 2.327431 0.041229
-3.557939 2.409389 0.045657
-3.250066 2.649414 0.047138
-3.246522 2.374726 0.043010
-3.156417 2.494352 0.042493
-2.479529 7.388527 0.040729
-2.379175 7.538552 0.042124
-2.197968 7.467736 0.040685
-2.356075 7.223944 0.040788
-2.192454 7.279842 0.044501
-2.590821 7.777649 0.049724
-2.410400 7.698650 0.046121
-2.215561 8.329340 0.045364
-2.524359 8.504979 0.044992
-2.349937 8.597162 0.044348
-2.194164 8.510499 0.044842
-1.900036 7.816934 0.044628
-2.062174 7.730821 0.043226
-2.248504 7.973069 0.046381
-2.242402 7.806970 0.042873
-1.283904 8.114497 0.049111
-1.563123 7.845169 0.046405
-1.253617 7.899440 0.043140
-1.396358 7.774575 0.045136
-4.223547 -2.368308 0.043441
-4.069711 -2.276183 0.044693
-4.396876 -2.093133 0.047598
-4.397308 -2.282953 0.048166
-4.217694 -1.998509 0.044058
-4.064290 -2.096204 0.047260
-2.235716 0.047385 0.046049
-2.214191 0.242314 0.047262
-4.216565 2.008794 0.043847
-4.061174 1.732873 0.046363
-4.213780 1.824510 0.044814
-3.929928 3.101153 0.041162
-3.908438 3.262387 0.044964
-3.749976 3.324096 0.045724
-3.780751 2.969540 0.048258
-3.585530 3.016839 0.049591
-3.576245 3.210160 0.047162
-4.046964 2.805790 0.040824
-3.745597 2.668744 0.042945
-3.840871 2.824722 0.041207
-3.889204 2.548196 0.040576
-4.222409 2.377415 0.043347
-4.223323 2.568939 0.044847
-4.071749 2.640776 0.044663
-3.874672 1.267165 0.045567
-3.734787 1.547206 0.044386
-3.883620 1.452660 0.046487
-4.180217 -6.009329 0.046787
-4.050671 -5.882517 0.047988
-4.382558 -5.986937 0.048069
-4.072838 -5.706851 0.045997
-4.217794 -5.635153 0.043376
-4.486344 -5.843391 0.047126
-4.404653 -5.696964 0.045319
-3.782341 -6.116780 0.044610
-3.536524 -5.879936 0.044131
-3.726394 -5.828872 0.042661
-3.849848 -5.941064 0.046185
-3.455010 -6.045725 0.045727
-3.577374 -6.170377 0.045399
-2.588763 7.965899 0.044781
-2.749218 8.065025 0.046060
-2.727924 8.241101 0.044583
-2.414444 8.052999 0.045527
-2.547042 8.324208 0.044958
-2.394017 8.235232 0.044392
-1.904950 7.993867 0.044635
-1.876308 8.343703 0.044808
-2.060674 8.247891 0.044591
-2.073191 8.073854 0.043061
-1.532172 8.317809 0.041074
-1.435872 8.161313 0.041548
-1.572350 8.016850 0.041253
-1.724399 8.261296 0.041898
-1.740524 8.085497 0.043427
-2.475343 -0.199392 0.044720
-2.417735 -0.028862 0.045387
-2.806195 -0.129259 0.042207
-2.690662 -0.248377 0.049073
-3.737145 1.735384 0.044336
-3.887631 1.828167 0.046353
-3.560963 1.834687 0.048249
-3.560657 2.024079 0.047481
-4.063145 2.105154 0.047183
-4.068327 2.284989 0.044602
-3.736026 2.112773 0.044471
-3.886818 2.016164 0.046341
-3.730723 2.300707 0.043645
-3.886697 2.383934 0.048271
-3.533528 0.896408 0.046399
-3.705928 0.991233 0.046059
-3.709809 1.174886 0.046367
-3.132248 2.221141 0.038287
-3.243938 2.082924 0.046623
-3.153833 1.939786 0.043075
-2.369493 0.335305 0.044972
-3.349105 0.629863 0.044697
-3.341309 0.454669 0.047695
-3.427188 1.742302 0.040719
-3.244080 1.798860 0.044776
-3.373312 0.977402 0.043679
-2.391278 0.511816 0.039719
-2.629981 0.708099 0.046659
-2.590356 0.556009 0.041992
-2.680822 0.406428 0.041498
-2.738297 0.043554 0.041559
-2.565156 0.094967 0.048524
-2.538439 0.264205 0.040200
-3.132390 1.662446 0.038379
-3.020168 0.981883 0.046434
-2.990510 0.648336 0.045690
-3.176338 0.723822 0.045446
-3.192112 0.888601 0.044406
-2.829642 0.923594 0.042260
-2.815759 0.754825 0.049253
-2.874119 0.173715 0.041988
-3.172622 0.377679 0.043727
-2.994591 0.477387 0.047371
-2.843361 0.367350 0.048129
-3.027398 0.096664 0.042889
-3.174671 0.190591 0.047756
-3.241958 1.508934 0.043331
-3.376357 1.161602 0.046951
-3.540453 1.264261 0.045980
-3.556484 1.451086 0.048081
-3.425066 1.546879 0.040956
-3.209280 1.225976 0.043421
-3.151711 1.385149 0.041666
-3.034291 1.135059 0.038930
