4.536429 6.700147 0.001612
4.427270 6.809306 0.001612
4.318112 6.918464 0.001612
4.208953 7.027623 0.001612
4.099795 7.136781 0.001612
3.990636 7.245940 0.001612
3.881478 7.355098 0.001612
3.772319 7.464257 0.001612
3.663161 7.573415 0.001612
3.554002 7.682574 0.001612
3.444844 7.791732 0.001612
3.335685 7.900891 0.001612
3.226527 8.010049 0.001612
3.117368 8.119208 0.001612
3.008210 8.228366 0.001612
2.899051 8.337525 0.001612
2.789893 8.446683 0.001612
2.680734 8.555842 0.001612
2.571576 8.665000 0.001612
2.420307 8.665000 0.001612
2.269037 8.665000 0.001612
2.117768 8.665000 0.001612
1.966499 8.665000 0.001612
1.815230 8.665000 0.001612
1.663961 8.665000 0.001612
1.512692 8.665000 0.001612
1.361422 8.665000 0.001612
1.210153 8.665000 0.001612
1.058884 8.665000 0.001612
0.907615 8.665000 0.001612
0.756346 8.665000 0.001612
0.605077 8.665000 0.001612
0.453807 8.665000 0.001612
0.302538 8.665000 0.001612
0.151269 8.665000 0.001612
0.000000 8.665000 0.001612
-0.151269 8.665000 0.001612
-0.302538 8.665000 0.001612
-0.453807 8.665000 0.001612
-0.605077 8.665000 0.001612
-0.756346 8.665000 0.001612
-0.907615 8.665000 0.001612
-1.058884 8.665000 0.001612
-1.210153 8.665000 0.001612
-1.361422 8.665000 0.001612
-1.512692 8.665000 0.001612
-1.663961 8.665000 0.001612
-1.815230 8.665000 0.001612
-1.966499 8.665000 0.001612
-2.117768 8.665000 0.001612
-2.269037 8.665000 0.001612
-2.420307 8.665000 0.001612
-2.571576 8.665000 0.001612
-2.680734 8.555842 0.001612
-2.789893 8.446683 0.001612
-2.899051 8.337525 0.001612
-3.008210 8.228366 0.001612
-3.117368 8.119208 0.001612
-3.226527 8.010049 0.001612
-3.335685 7.900891 0.001612
-3.444844 7.791732 0.001612
-3.554002 7.682574 0.001612
-3.663161 7.573415 0.001612
-3.772319 7.464257 0.001612
-3.881478 7.355098 0.001612
-3.990636 7.245940 0.001612
-4.099795 7.136781 0.001612
-4.208953 7.027623 0.001612
-4.318112 6.918464 0.001612
-4.427270 6.809306 0.001612
-4.536429 6.700147 0.001612
-4.536429 6.549582 0.001612
-4.536429 6.399017 0.001612
-4.536429 6.248452 0.001612
-4.536429 6.097887 0.001612
-4.536429 5.947322 0.001612
-4.536429 5.796757 0.001612
-4.536429 5.646191 0.001612
-4.536429 5.495626 0.001612
-4.536429 5.345061 0.001612
-4.536429 5.194496 0.001612
-4.536429 5.043931 0.001612
-4.536429 4.893366 0.001612
-4.536429 4.742801 0.001612
-4.536429 4.592236 0.001612
-4.536429 4.441671 0.001612
-4.536429 4.291106 0.001612
-4.536429 4.140540 0.001612
-4.536429 3.989975 0.001612
-4.536429 3.839410 0.001612
-4.536429 3.688845 0.001612
-4.536429 3.538280 0.001612
-4.536429 3.387715 0.001612
-4.536429 3.237150 0.001612
-4.536429 3.086585 0.001612
-4.536429 2.936020 0.001612
-4.536429 2.785454 0.001612
-4.536429 2.634889 0.001612
-4.536429 2.484324 0.001612
-4.536429 2.333759 0.001612
-4.536429 2.183194 0.001612
-4.536429 2.032629 0.001612
-4.536429 1.882064 0.001612
-4.536429 1.731499 0.001612
-4.536429 1.580934 0.001612
-4.536429 1.430369 0.001612
-4.536429 1.279803 0.001612
-4.536429 1.129238 0.001612
-4.536429 0.978673 0.001612
-4.536429 0.828108 0.001612
-4.536429 0.677543 0.001612
-4.536429 0.526978 0.001612
-4.536429 0.376413 0.001612
-4.536429 0.225848 0.001612
-4.536429 0.075283 0.001612
-4.536429 -0.075283 0.001612
-4.536429 -0.225848 0.001612
-4.536429 -0.376413 0.001612
-4.536429 -0.526978 0.001612
-4.536429 -0.677543 0.001612
-4.536429 -0.828108 0.001612
-4.536429 -0.978673 0.001612
-4.536429 -1.129238 0.001612
-4.536429 -1.279803 0.001612
-4.536429 -1.430369 0.001612
-4.536429 -1.580934 0.001612
-4.536429 -1.731499 0.001612
-4.536429 -1.882064 0.001612
-4.536429 -2.032629 0.001612
-4.536429 -2.183194 0.001612
-4.536429 -2.333759 0.001612
-4.536429 -2.484324 0.001612
-4.536429 -2.634889 0.001612
-4.536429 -2.785454 0.001612
-4.536429 -2.936020 0.001612
-4.536429 -3.086585 0.001612
-4.536429 -3.237150 0.001612
-4.536429 -3.387715 0.001612
-4.536429 -3.538280 0.001612
-4.536429 -3.688845 0.001612
-4.536429 -3.839410 0.001612
-4.536429 -3.989975 0.001612
-4.536429 -4.140540 0.001612
-4.536429 -4.291106 0.001612
-4.536429 -4.441671 0.001612
-4.536429 -4.592236 0.001612
-4.536429 -4.742801 0.001612
-4.536429 -4.893366 0.001612
-4.536429 -5.043931 0.001612
-4.536429 -5.194496 0.001612
-4.536429 -5.345061 0.001612
-4.536429 -5.495626 0.001612
-4.536429 -5.646191 0.001612
-4.536429 -5.796757 0.001612
-4.536429 -5.947322 0.001612
-4.536429 -6.097887 0.001612
-4.536429 -6.248452 0.001612
-4.536429 -6.399017 0.001612
-4.536429 -6.549582 0.001612
-4.536429 -6.700147 0.001612
-4.427270 -6.809306 0.001612
-4.318112 -6.918464 0.001612
-4.208953 -7.027623 0.001612
-4.099795 -7.136781 0.001612
-3.990636 -7.245940 0.001612
-3.881478 -7.355098 0.001612
-3.772319 -7.464257 0.001612
-3.663161 -7.573415 0.001612
-3.554002 -7.682574 0.001612
-3.444844 -7.791732 0.001612
-3.335685 -7.900891 0.001612
-3.226527 -8.010049 0.001612
-3.117368 -8.119208 0.001612
-3.008210 -8.228366 0.001612
-2.899051 -8.337525 0.001612
-2.789893 -8.446683 0.001612
-2.680734 -8.555842 0.001612
-2.571576 -8.665000 0.001612
-2.420307 -8.665000 0.001612
-2.269037 -8.665000 0.001612
-2.117768 -8.665000 0.001612
-1.966499 -8.665000 0.001612
-1.815230 -8.665000 0.001612
-1.663961 -8.665000 0.001612
-1.512692 -8.665000 0.001612
-1.361422 -8.665000 0.001612
-1.210153 -8.665000 0.001612
-1.058884 -8.665000 0.001612
-0.907615 -8.665000 0.001612
-0.756346 -8.665000 0.001612
-0.605077 -8.665000 0.001612
-0.453807 -8.665000 0.001612
-0.302538 -8.665000 0.001612
-0.151269 -8.665000 0.001612
0.000000 -8.665000 0.001612
0.151269 -8.665000 0.001612
0.302538 -8.665000 0.001612
0.453807 -8.665000 0.001612
0.605077 -8.665000 0.001612
0.756346 -8.665000 0.001612
0.907615 -8.665000 0.001612
1.058884 -8.665000 0.001612
1.210153 -8.665000 0.001612
1.361422 -8.665000 0.001612
1.512692 -8.665000 0.001612
1.663961 -8.665000 0.001612
1.815230 -8.665000 0.001612
1.966499 -8.665000 0.001612
2.117768 -8.665000 0.001612
2.269037 -8.665000 0.001612
2.420307 -8.665000 0.001612
2.571576 -8.665000 0.001612
2.680734 -8.555842 0.001612
2.789893 -8.446683 0.001612
2.899051 -8.337525 0.001612
3.008210 -8.228366 0.001612
3.117368 -8.119208 0.001612
3.226527 -8.010049 0.001612
3.335685 -7.900891 0.001612
3.444844 -7.791732 0.001612
3.554002 -7.682574 0.001612
3.663161 -7.573415 0.001612
3.772319 -7.464257 0.001612
3.881478 -7.355098 0.001612
3.990636 -7.245940 0.001612
4.099795 -7.136781 0.001612
4.208953 -7.027623 0.001612
4.318112 -6.918464 0.001612
4.427270 -6.809306 0.001612
4.536429 -6.700147 0.001612
4.536429 -6.549582 0.001612
4.536429 -6.399017 0.001612
4.536429 -6.248452 0.001612
4.536429 -6.097887 0.001612
4.536429 -5.947322 0.001612
4.536429 -5.796757 0.001612
4.536429 -5.646191 0.001612
4.536429 -5.495626 0.001612
4.536429 -5.345061 0.001612
4.536429 -5.194496 0.001612
4.536429 -5.043931 0.001612
4.536429 -4.893366 0.001612
4.536429 -4.742801 0.001612
4.536429 -4.592236 0.001612
4.536429 -4.441671 0.001612
4.536429 -4.291106 0.001612
4.536429 -4.140540 0.001612
4.536429 -3.989975 0.001612
4.536429 -3.839410 0.001612
4.536429 -3.688845 0.001612
4.536429 -3.538280 0.001612
4.536429 -3.387715 0.001612
4.536429 -3.237150 0.001612
4.536429 -3.086585 0.001612
4.536429 -2.936020 0.001612
4.536429 -2.785454 0.001612
4.536429 -2.634889 0.001612
4.536429 -2.484324 0.001612
4.536429 -2.333759 0.001612
4.536429 -2.183194 0.001612
4.536429 -2.032629 0.001612
4.536429 -1.882064 0.001612
4.536429 -1.731499 0.001612
4.536429 -1.580934 0.001612
4.536429 -1.430369 0.001612
4.536429 -1.279803 0.001612
4.536429 -1.129238 0.001612
4.536429 -0.978673 0.001612
4.536429 -0.828108 0.001612
4.536429 -0.677543 0.001612
4.536429 -0.526978 0.001612
4.536429 -0.376413 0.001612
4.536429 -0.225848 0.001612
4.536429 -0.075283 0.001612
4.536429 0.075283 0.001612
4.536429 0.225848 0.001612
4.536429 0.376413 0.001612
4.536429 0.526978 0.001612
4.536429 0.677543 0.001612
4.536429 0.828108 0.001612
4.536429 0.978673 0.001612
4.536429 1.129238 0.001612
4.536429 1.279803 0.001612
4.536429 1.430369 0.001612
4.536429 1.580934 0.001612
4.536429 1.731499 0.001612
4.536429 1.882064 0.001612
4.536429 2.032629 0.001612
4.536429 2.183194 0.001612
4.536429 2.333759 0.001612
4.536429 2.484324 0.001612
4.536429 2.634889 0.001612
4.536429 2.785454 0.001612
4.536429 2.936020 0.001612
4.536429 3.086585 0.001612
4.536429 3.237150 0.001612
4.536429 3.387715 0.001612
4.536429 3.538280 0.001612
4.536429 3.688845 0.001612
4.536429 3.839410 0.001612
4.536429 3.989975 0.001612
4.536429 4.140540 0.001612
4.536429 4.291106 0.001612
4.536429 4.441671 0.001612
4.536429 4.592236 0.001612
4.536429 4.742801 0.001612
4.536429 4.893366 0.001612
4.536429 5.043931 0.001612
4.536429 5.194496 0.001612
4.536429 5.345061 0.001612
4.536429 5.495626 0.001612
4.536429 5.646191 0.001612
4.536429 5.796757 0.001612
4.536429 5.947322 0.001612
4.536429 6.097887 0.001612
4.536429 6.248452 0.001612
4.536429 6.399017 0.001612
4.536429 6.549582 0.001612
2.656429 5.949853 0.000804
2.537122 6.069160 0.000804
2.417815 6.188466 0.000804
2.298508 6.307773 0.000804
2.179202 6.427080 0.000804
2.059895 6.546387 0.000804
1.940588 6.665693 0.000804
1.821281 6.785000 0.000804
1.669508 6.785000 0.000804
1.517734 6.785000 0.000804
1.365961 6.785000 0.000804
1.214188 6.785000 0.000804
1.062414 6.785000 0.000804
0.910641 6.785000 0.000804
0.758867 6.785000 0.000804
0.607094 6.785000 0.000804
0.455320 6.785000 0.000804
0.303547 6.785000 0.000804
0.151773 6.785000 0.000804
0.000000 6.785000 0.000804
-0.151773 6.785000 0.000804
-0.303547 6.785000 0.000804
-0.455320 6.785000 0.000804
-0.607094 6.785000 0.000804
-0.758867 6.785000 0.000804
-0.910641 6.785000 0.000804
-1.062414 6.785000 0.000804
-1.214188 6.785000 0.000804
-1.365961 6.785000 0.000804
-1.517734 6.785000 0.000804
-1.669508 6.785000 0.000804
-1.821281 6.785000 0.000804
-1.940588 6.665693 0.000804
-2.059895 6.546387 0.000804
-2.179202 6.427080 0.000804
-2.298508 6.307773 0.000804
-2.417815 6.188466 0.000804
-2.537122 6.069160 0.000804
-2.656429 5.949853 0.000804
-2.656429 5.799056 0.000804
-2.656429 5.648259 0.000804
-2.656429 5.497462 0.000804
-2.656429 5.346665 0.000804
-2.656429 5.195868 0.000804
-2.656429 5.045071 0.000804
-2.656429 4.894274 0.000804
-2.656429 4.743477 0.000804
-2.656429 4.592680 0.000804
-2.656429 4.441883 0.000804
-2.656429 4.291086 0.000804
-2.656429 4.140289 0.000804
-2.656429 3.989492 0.000804
-2.656429 3.838695 0.000804
-2.656429 3.687898 0.000804
-2.656429 3.537102 0.000804
-2.656429 3.386305 0.000804
-2.656429 3.235508 0.000804
-2.656429 3.084711 0.000804
-2.656429 2.933914 0.000804
-2.656429 2.783117 0.000804
-2.656429 2.632320 0.000804
-2.656429 2.481523 0.000804
-2.656429 2.330726 0.000804
-2.656429 2.179929 0.000804
-2.656429 2.029132 0.000804
-2.656429 1.878335 0.000804
-2.656429 1.727538 0.000804
-2.656429 1.576741 0.000804
-2.656429 1.425944 0.000804
-2.656429 1.275147 0.000804
-2.537122 1.155840 0.000804
-2.417815 1.036534 0.000804
-2.298508 0.917227 0.000804
-2.179202 0.797920 0.000804
-2.059895 0.678613 0.000804
-1.940588 0.559307 0.000804
-1.821281 0.440000 0.000804
-1.669508 0.440000 0.000804
-1.517734 0.440000 0.000804
-1.365961 0.440000 0.000804
-1.214188 0.440000 0.000804
-1.062414 0.440000 0.000804
-0.910641 0.440000 0.000804
-0.758867 0.440000 0.000804
-0.607094 0.440000 0.000804
-0.455320 0.440000 0.000804
-0.303547 0.440000 0.000804
-0.151773 0.440000 0.000804
0.000000 0.440000 0.000804
0.151773 0.440000 0.000804
0.303547 0.440000 0.000804
0.455320 0.440000 0.000804
0.607094 0.440000 0.000804
0.758867 0.440000 0.000804
0.910641 0.440000 0.000804
1.062414 0.440000 0.000804
1.214188 0.440000 0.000804
1.365961 0.440000 0.000804
1.517734 0.440000 0.000804
1.669508 0.440000 0.000804
1.821281 0.440000 0.000804
1.940588 0.559307 0.000804
2.059895 0.678613 0.000804
2.179202 0.797920 0.000804
2.298508 0.917227 0.000804
2.417815 1.036534 0.000804
2.537122 1.155840 0.000804
2.656429 1.275147 0.000804
2.656429 1.425944 0.000804
2.656429 1.576741 0.000804
2.656429 1.727538 0.000804
2.656429 1.878335 0.000804
2.656429 2.029132 0.000804
2.656429 2.179929 0.000804
2.656429 2.330726 0.000804
2.656429 2.481523 0.000804
2.656429 2.632320 0.000804
2.656429 2.783117 0.000804
2.656429 2.933914 0.000804
2.656429 3.084711 0.000804
2.656429 3.235508 0.000804
2.656429 3.386305 0.000804
2.656429 3.537102 0.000804
2.656429 3.687898 0.000804
2.656429 3.838695 0.000804
2.656429 3.989492 0.000804
2.656429 4.140289 0.000804
2.656429 4.291086 0.000804
2.656429 4.441883 0.000804
2.656429 4.592680 0.000804
2.656429 4.743477 0.000804
2.656429 4.894274 0.000804
2.656429 5.045071 0.000804
2.656429 5.195868 0.000804
2.656429 5.346665 0.000804
2.656429 5.497462 0.000804
2.656429 5.648259 0.000804
2.656429 5.799056 0.000804
2.656429 -1.275147 0.000804
2.537122 -1.155840 0.000804
2.417815 -1.036534 0.000804
2.298508 -0.917227 0.000804
2.179202 -0.797920 0.000804
2.059895 -0.678613 0.000804
1.940588 -0.559307 0.000804
1.821281 -0.440000 0.000804
1.669508 -0.440000 0.000804
1.517734 -0.440000 0.000804
1.365961 -0.440000 0.000804
1.214188 -0.440000 0.000804
1.062414 -0.440000 0.000804
0.910641 -0.440000 0.000804
0.758867 -0.440000 0.000804
0.607094 -0.440000 0.000804
0.455320 -0.440000 0.000804
0.303547 -0.440000 0.000804
0.151773 -0.440000 0.000804
0.000000 -0.440000 0.000804
-0.151773 -0.440000 0.000804
-0.303547 -0.440000 0.000804
-0.455320 -0.440000 0.000804
-0.607094 -0.440000 0.000804
-0.758867 -0.440000 0.000804
-0.910641 -0.440000 0.000804
-1.062414 -0.440000 0.000804
-1.214188 -0.440000 0.000804
-1.365961 -0.440000 0.000804
-1.517734 -0.440000 0.000804
-1.669508 -0.440000 0.000804
-1.821281 -0.440000 0.000804
-1.940588 -0.559307 0.000804
-2.059895 -0.678613 0.000804
-2.179202 -0.797920 0.000804
-2.298508 -0.917227 0.000804
-2.417815 -1.036534 0.000804
-2.537122 -1.155840 0.000804
-2.656429 -1.275147 0.000804
-2.656429 -1.425944 0.000804
-2.656429 -1.576741 0.000804
-2.656429 -1.727538 0.000804
-2.656429 -1.878335 0.000804
-2.656429 -2.029132 0.000804
-2.656429 -2.179929 0.000804
-2.656429 -2.330726 0.000804
-2.656429 -2.481523 0.000804
-2.656429 -2.632320 0.000804
-2.656429 -2.783117 0.000804
-2.656429 -2.933914 0.000804
-2.656429 -3.084711 0.000804
-2.656429 -3.235508 0.000804
-2.656429 -3.386305 0.000804
-2.656429 -3.537102 0.000804
-2.656429 -3.687898 0.000804
-2.656429 -3.838695 0.000804
-2.656429 -3.989492 0.000804
-2.656429 -4.140289 0.000804
-2.656429 -4.291086 0.000804
-2.656429 -4.441883 0.000804
-2.656429 -4.592680 0.000804
-2.656429 -4.743477 0.000804
-2.656429 -4.894274 0.000804
-2.656429 -5.045071 0.000804
-2.656429 -5.195868 0.000804
-2.656429 -5.346665 0.000804
-2.656429 -5.497462 0.000804
-2.656429 -5.648259 0.000804
-2.656429 -5.799056 0.000804
-2.656429 -5.949853 0.000804
-2.537122 -6.069160 0.000804
-2.417815 -6.188466 0.000804
-2.298508 -6.307773 0.000804
-2.179202 -6.427080 0.000804
-2.059895 -6.546387 0.000804
-1.940588 -6.665693 0.000804
-1.821281 -6.785000 0.000804
-1.669508 -6.785000 0.000804
-1.517734 -6.785000 0.000804
-1.365961 -6.785000 0.000804
-1.214188 -6.785000 0.000804
-1.062414 -6.785000 0.000804
-0.910641 -6.785000 0.000804
-0.758867 -6.785000 0.000804
-0.607094 -6.785000 0.000804
-0.455320 -6.785000 0.000804
-0.303547 -6.785000 0.000804
-0.151773 -6.785000 0.000804
0.000000 -6.785000 0.000804
0.151773 -6.785000 0.000804
0.303547 -6.785000 0.000804
0.455320 -6.785000 0.000804
0.607094 -6.785000 0.000804
0.758867 -6.785000 0.000804
0.910641 -6.785000 0.000804
1.062414 -6.785000 0.000804
1.214188 -6.785000 0.000804
1.365961 -6.785000 0.000804
1.517734 -6.785000 0.000804
1.669508 -6.785000 0.000804
1.821281 -6.785000 0.000804
1.940588 -6.665693 0.000804
2.059895 -6.546387 0.000804
2.179202 -6.427080 0.000804
2.298508 -6.307773 0.000804
2.417815 -6.188466 0.000804
2.537122 -6.069160 0.000804
2.656429 -5.949853 0.000804
2.656429 -5.799056 0.000804
2.656429 -5.648259 0.000804
2.656429 -5.497462 0.000804
2.656429 -5.346665 0.000804
2.656429 -5.195868 0.000804
2.656429 -5.045071 0.000804
2.656429 -4.894274 0.000804
2.656429 -4.743477 0.000804
2.656429 -4.592680 0.000804
2.656429 -4.441883 0.000804
2.656429 -4.291086 0.000804
2.656429 -4.140289 0.000804
2.656429 -3.989492 0.000804
2.656429 -3.838695 0.000804
2.656429 -3.687898 0.000804
2.656429 -3.537102 0.000804
2.656429 -3.386305 0.000804
2.656429 -3.235508 0.000804
2.656429 -3.084711 0.000804
2.656429 -2.933914 0.000804
2.656429 -2.783117 0.000804
2.656429 -2.632320 0.000804
2.656429 -2.481523 0.000804
2.656429 -2.330726 0.000804
2.656429 -2.179929 0.000804
2.656429 -2.029132 0.000804
2.656429 -1.878335 0.000804
2.656429 -1.727538 0.000804
2.656429 -1.576741 0.000804
2.656429 -1.425944 0.000804
