2.131810 -8.794898 0.042251
2.149564 -8.418380 0.043670
3.718816 -7.899153 0.040441
3.755510 -7.713689 0.045011
2.893689 -8.727277 0.040271
0.086164 0.047920 0.038205
0.086164 0.242703 0.037320
0.093090 -0.341449 0.041283
1.553764 -0.042114 0.048918
1.389648 0.055123 0.049078
1.057254 0.247781 0.048134
0.636738 8.795901 0.039048
0.760633 8.701864 0.044218
0.394042 7.099315 0.039529
0.089815 7.098083 0.035600
0.205875 7.187398 0.046501
0.083368 7.635758 0.033933
0.199077 7.726228 0.046841
0.083368 7.455123 0.033833
0.199428 7.366171 0.046903
0.706973 7.100272 0.041466
0.532790 7.189587 0.045527
1.024936 7.634708 0.042776
0.083357 8.177196 0.033827
0.383177 7.993852 0.040445
0.083357 7.996543 0.033937
0.199066 7.906089 0.046811
0.529064 7.903045 0.045110
0.858098 7.723920 0.044249
0.727163 8.519116 0.041687
2.727914 -8.796172 0.040905
2.298441 -8.512324 0.042631
2.589319 -8.701461 0.043531
2.430466 -8.795289 0.041785
2.286862 -8.700186 0.043524
2.608779 -8.516328 0.041961
2.461505 -8.422294 0.043851
1.530788 -8.795486 0.042183
3.512332 -8.122700 0.037854
3.333142 -8.145035 0.040827
3.557716 -7.944423 0.041702
3.912981 -7.689110 0.041913
3.290583 -8.303424 0.044759
0.636686 -8.795903 0.039042
0.462378 -8.701687 0.042992
4.739030 -4.821680 0.037959
4.622081 -4.677234 0.041326
4.712746 -5.097713 0.043977
4.626062 -4.957482 0.042325
2.493267 -7.685413 0.046001
2.537990 -7.112450 0.042985
2.503273 -7.296305 0.044540
0.885237 -0.044121 0.049220
1.219599 -0.042977 0.048753
1.055518 0.054078 0.048872
0.723050 0.052664 0.047896
0.209070 -0.052327 0.052507
0.215996 -0.244613 0.053788
0.548894 -0.047554 0.050917
0.396986 0.045538 0.044387
1.540612 -0.239844 0.050129
2.398882 0.250871 0.040682
3.678845 2.897592 0.046981
4.434783 2.498733 0.039930
4.708189 2.687976 0.043605
4.620022 2.553512 0.042807
4.438398 2.315038 0.040358
3.345696 2.666967 0.042149
3.913352 7.688706 0.041920
3.975505 7.499960 0.052965
3.755907 7.713253 0.045028
4.730659 6.800927 0.040061
4.662908 6.962333 0.038299
1.838680 8.418958 0.043936
1.832218 8.794944 0.042398
2.971331 8.202315 0.043544
2.973637 8.023540 0.044863
2.647721 7.982934 0.044796
2.808710 7.910650 0.043249
2.347187 7.384165 0.046614
3.739248 2.753497 0.040407
0.087564 8.801387 0.034917
1.373943 8.701547 0.044290
1.530943 8.795481 0.042188
1.680517 8.700425 0.043923
1.365892 8.516649 0.042610
1.523137 8.423270 0.044308
1.680762 8.513112 0.042869
1.361316 8.157273 0.043705
1.523195 8.242686 0.043036
1.228924 8.796065 0.041600
1.066136 8.702028 0.044393
0.929480 8.795963 0.040647
0.381883 7.457403 0.039968
0.527077 7.368902 0.045277
0.381532 7.636826 0.040035
0.527409 7.725878 0.045413
0.699094 7.458767 0.042294
0.699776 7.636321 0.042098
1.022657 7.458114 0.043060
0.857303 7.190593 0.044672
0.855136 7.369773 0.043970
1.022649 7.100321 0.042134
1.191586 7.896278 0.043769
1.188398 7.720951 0.043641
1.353092 7.631375 0.043050
1.359189 7.980927 0.042902
1.522457 7.889114 0.043870
1.519547 7.714889 0.043199
0.202765 8.263656 0.047361
0.547643 8.432138 0.045318
0.386875 8.170767 0.039802
0.537297 8.256052 0.045389
0.860789 7.899989 0.044129
0.704123 7.989557 0.042301
0.708657 8.165650 0.042242
1.030815 7.986104 0.042836
1.373783 -8.701554 0.044283
0.760548 -8.701868 0.044211
1.047406 -8.518363 0.042358
2.159542 -8.232138 0.043636
2.006594 -8.140222 0.043722
2.014418 -7.956107 0.043868
2.176120 -7.861978 0.043475
1.688098 -7.970593 0.042736
1.522247 -7.889126 0.043864
1.853764 -7.872920 0.044563
1.853073 -7.699681 0.042393
0.857991 -7.723906 0.044245
1.359000 -7.980932 0.042897
1.191424 -7.896274 0.043765
1.844548 -8.234263 0.043385
1.686706 -8.147820 0.044184
1.680330 -8.700438 0.043916
1.832046 -8.794952 0.042394
1.984326 -8.699850 0.043605
1.680543 -8.513134 0.042864
1.990501 -8.511194 0.042919
1.838434 -8.418993 0.043929
3.099421 -8.513750 0.041881
3.123860 -8.332457 0.046183
2.926865 -8.556410 0.044157
2.971022 -8.202581 0.043530
2.800268 -8.267636 0.044348
2.780550 -8.440172 0.042786
0.089812 -7.098082 0.035599
0.205858 -7.187393 0.046494
0.083363 -7.635750 0.033931
0.083363 -7.455117 0.033831
0.199410 -7.366161 0.046896
0.092922 -8.529870 0.037083
0.355509 -8.795783 0.037083
0.087561 -8.801385 0.034916
0.180483 -8.707168 0.039262
0.083352 -7.996536 0.033936
0.083352 -8.177189 0.033825
0.212306 -8.437471 0.046187
0.202737 -8.263651 0.047354
0.406736 -8.520672 0.039662
4.708765 -4.549472 0.044298
2.641563 -8.161131 0.042934
2.647380 -7.983169 0.044788
2.474571 -8.239633 0.043375
2.321486 -8.143421 0.043317
2.489141 -7.875625 0.042351
2.330239 -7.957376 0.044726
2.973275 -8.023849 0.044852
2.808338 -7.910942 0.043234
2.346892 -7.384343 0.046606
2.182238 -7.311984 0.046116
2.341995 -7.580356 0.042911
2.183749 -7.675170 0.044803
2.021356 -7.596060 0.045110
2.014947 -7.428888 0.041166
2.155015 -7.153470 0.040561
2.737828 -7.050938 0.048259
4.621437 -4.153829 0.041094
4.732674 -4.288905 0.039030
4.615725 -4.419164 0.039786
0.886092 -0.241176 0.050125
0.205005 0.338952 0.054039
0.392921 0.242035 0.045661
1.572175 0.344397 0.050276
1.227773 0.344059 0.049969
1.396086 0.248456 0.048178
1.735574 0.248361 0.047805
1.723601 0.055183 0.048561
2.523783 0.698388 0.046377
2.480245 0.541514 0.042680
2.558307 0.385965 0.039579
2.287934 0.504031 0.039358
2.243649 0.329249 0.042067
2.070910 0.246353 0.046076
1.918944 0.343964 0.051462
2.918940 -0.105850 0.045505
3.233090 0.089103 0.044875
1.889384 -0.044803 0.050236
2.053323 0.050763 0.046841
2.774560 -0.198645 0.039414
3.079381 -0.192166 0.045400
3.238765 -0.091838 0.045542
4.089136 -0.698180 0.043352
3.458233 -2.361340 0.044379
4.263617 0.086791 0.046289
4.737548 2.420929 0.037304
4.711804 2.151493 0.042182
4.623638 2.275792 0.041812
4.250020 7.374248 0.034841
4.128934 7.495335 0.034138
3.719173 7.898791 0.040448
4.636061 6.665886 0.044559
3.606103 7.595506 0.042679
3.583492 7.428845 0.046511
3.393168 7.339846 0.040930
3.253134 7.434887 0.045797
4.127758 4.717620 0.043992
4.626769 5.510263 0.042028
4.713795 5.651699 0.044302
2.893793 8.727207 0.040283
2.927057 8.556268 0.044166
1.844808 8.234219 0.043390
1.854025 7.872871 0.044571
1.688337 7.970563 0.042741
1.686948 8.147789 0.044191
3.099613 8.513573 0.041894
3.290849 8.303165 0.044772
3.124125 8.332214 0.046196
3.034051 7.174785 0.040416
3.086541 7.356417 0.039897
2.803917 7.730233 0.043373
2.958174 7.643477 0.046166
2.946470 7.456711 0.041240
2.647058 7.612285 0.042477
2.256322 7.001422 0.040286
2.489479 7.875428 0.042361
2.184050 7.675053 0.044808
2.342313 7.580188 0.042920
2.493609 7.685197 0.046010
3.326272 5.669239 0.039857
3.145515 5.975518 0.046988
3.326374 5.480152 0.039853
3.325271 5.106258 0.040043
3.144575 5.416263 0.043521
3.188561 6.348527 0.042862
3.613593 6.782199 0.040739
3.791155 6.868474 0.046759
3.159411 7.076727 0.046362
3.464185 6.881267 0.044844
3.351935 7.163318 0.041098
3.490784 7.066584 0.046892
3.033837 5.542828 0.037317
3.144472 5.699455 0.041024
3.056349 5.814708 0.041150
2.856908 6.522089 0.044686
2.685098 6.570532 0.042919
3.062643 6.262827 0.039314
3.034880 6.081436 0.034422
2.900045 6.343889 0.040766
3.471382 2.556775 0.049868
3.644981 2.604386 0.041827
3.458337 2.357640 0.044415
4.726421 3.754230 0.040501
4.615197 3.888840 0.041426
4.403308 3.889885 0.041934
4.326703 3.751834 0.043376
4.141640 3.700858 0.041367
4.141261 3.510554 0.041296
1.348973 7.456060 0.043271
1.339235 7.100109 0.042170
1.182001 7.369043 0.043332
1.179826 7.190430 0.044218
1.655733 7.099515 0.041645
1.501863 7.189624 0.044111
1.509427 7.366962 0.042986
0.092933 8.529870 0.037087
0.212341 8.437468 0.046194
0.180496 8.707166 0.039268
0.406797 8.520664 0.039667
0.355530 8.795779 0.037087
0.462423 8.701679 0.043000
0.877426 8.429545 0.044558
0.869266 8.252164 0.044030
1.034758 8.162186 0.043161
1.197656 8.248706 0.043359
1.202290 8.427498 0.044321
1.047552 8.518358 0.042363
1.228799 -8.796068 0.041594
0.929391 -8.795965 0.040641
1.066012 -8.702033 0.044386
1.519353 -7.714893 0.043195
1.684513 -7.623120 0.043390
0.860672 -7.899979 0.044125
1.034610 -8.162186 0.043156
1.030674 -7.986099 0.042831
1.024818 -7.634694 0.042771
1.188250 -7.720942 0.043636
1.348834 -7.456048 0.043266
1.352932 -7.631367 0.043045
1.202116 -8.427506 0.044315
1.197480 -8.248712 0.043355
1.365707 -8.516661 0.042605
1.361120 -8.157284 0.043699
1.522975 -8.242706 0.043031
1.522925 -8.423289 0.044302
0.199043 -7.906077 0.046804
0.199054 -7.726216 0.046834
0.527341 -7.725863 0.045408
0.381492 -7.636809 0.040030
0.699698 -7.636305 0.042093
0.699024 -7.458752 0.042288
0.381848 -7.457388 0.039963
0.527023 -7.368888 0.045273
3.059970 -4.712479 0.044431
3.472453 -4.646566 0.049712
3.060852 -4.164582 0.044986
3.264997 -7.978125 0.037255
3.121379 -7.923404 0.047575
3.416946 -7.850138 0.039168
2.803521 -7.730542 0.043362
2.646689 -7.612557 0.042465
2.651798 -7.419462 0.045111
1.972362 -7.096724 0.039903
2.643421 -6.750839 0.045214
2.789357 -6.880382 0.046049
4.738685 -5.375171 0.038451
4.626757 -5.511886 0.042003
4.625717 -5.228971 0.041554
3.158949 -7.077262 0.046343
3.351442 -7.163934 0.041080
3.490308 -7.067300 0.046881
4.286264 -4.438112 0.047451
4.419742 -4.357860 0.040161
4.425454 -4.185747 0.039959
4.306601 -4.053919 0.049770
4.133113 -4.073694 0.042720
1.050962 -0.340370 0.047087
1.214189 -0.240369 0.049871
1.371086 -0.339999 0.046826
0.729838 -0.340807 0.046452
0.554827 -0.243970 0.050938
0.409845 -0.343163 0.043907
0.542778 0.343082 0.051106
0.884922 0.343722 0.050178
0.720998 0.246804 0.047463
2.704311 0.740445 0.049133
2.872749 0.629175 0.045568
3.918211 -0.087188 0.045519
3.052818 0.363090 0.044120
3.060707 0.183511 0.046747
2.905942 0.088886 0.045427
2.741114 0.157622 0.041363
2.716821 0.346831 0.049595
2.873760 0.457673 0.046913
1.687513 -0.339845 0.045541
1.866449 -0.242101 0.050753
2.727040 -0.918816 0.042087
2.579651 0.042540 0.043712
2.600098 -0.118991 0.044484
2.395933 0.096654 0.043970
2.470496 -0.234949 0.038756
2.223113 -0.020557 0.044218
2.277229 -0.190630 0.050543
2.563333 -0.404790 0.040624
2.704762 -0.750317 0.047560
2.748041 -0.384116 0.041581
3.993053 -3.944769 0.039028
3.993405 -3.786635 0.049336
3.331543 -3.227713 0.040771
4.738520 -0.684511 0.033173
4.084799 -0.173722 0.043523
4.085731 -0.347938 0.043636
4.264121 -0.086210 0.046404
3.745806 -0.175239 0.044262
3.407490 -0.179325 0.045103
3.575965 -0.087892 0.045290
4.711782 -2.154934 0.042273
4.708153 -2.691464 0.043620
4.737883 -1.364236 0.033958
4.423982 -0.865323 0.041252
4.427047 -1.218726 0.040029
3.471212 -2.560360 0.049827
4.029567 -2.995788 0.040612
4.118776 -1.952954 0.042998
4.298527 -2.041269 0.046666
3.789354 -2.485453 0.039202
3.644751 -2.608165 0.041780
3.739003 -2.757253 0.040366
4.284344 -2.782885 0.047611
4.087476 -2.847056 0.046721
3.944713 -2.731410 0.039917
3.970642 -2.570187 0.043430
3.787161 -2.326333 0.046971
3.629580 -2.250025 0.042550
3.963160 -2.050696 0.046102
3.968342 -2.225281 0.043531
3.327863 -2.286067 0.040442
4.420199 0.344756 0.041146
4.420343 0.172698 0.041167
4.738581 0.341965 0.033558
4.613645 0.428995 0.048209
4.738581 0.171182 0.033406
4.613789 0.086153 0.048253
4.087634 2.843092 0.046790
3.944963 2.727401 0.039954
4.295638 2.589104 0.046050
4.284471 2.778775 0.047664
4.326480 3.462691 0.043294
4.439455 3.608431 0.039414
4.726577 3.474379 0.040315
4.627283 3.611873 0.044130
4.614937 3.335422 0.041096
4.305399 3.163950 0.049795
4.402669 3.327175 0.041776
4.298996 2.219441 0.047009
4.622538 2.007004 0.044407
3.512641 8.122389 0.037863
3.333458 8.144724 0.040837
3.558074 7.944059 0.041713
4.731117 6.506818 0.040857
4.454090 6.701798 0.040919
4.359807 6.566391 0.045116
3.657994 7.140613 0.039226
3.808958 7.041571 0.043519
3.953487 7.156461 0.040439
3.889076 7.342316 0.040600
3.709469 7.326346 0.042625
4.739025 4.819556 0.037987
4.298250 4.625226 0.045792
4.438063 4.718933 0.039811
4.708776 4.547144 0.044328
4.622087 4.675008 0.041359
3.993446 3.783737 0.049373
3.631779 4.954597 0.042464
3.789952 4.880798 0.046696
3.992769 3.426190 0.049395
3.033093 3.317790 0.038947
4.738688 5.373457 0.038479
4.626063 4.955459 0.042352
4.712752 5.095787 0.044010
4.625726 5.227149 0.041583
4.442040 4.902008 0.040382
2.430618 8.795267 0.041788
2.728009 8.796140 0.040907
2.589492 8.701407 0.043538
2.131984 8.794884 0.042255
1.984529 8.699828 0.043612
2.287065 8.700150 0.043532
1.990746 8.511155 0.042924
2.149834 8.418316 0.043678
2.298698 8.512256 0.042637
2.800565 8.267422 0.044357
2.780802 8.440016 0.042797
2.641881 8.160930 0.042946
2.474877 8.239489 0.043382
2.461781 8.422187 0.043860
2.609022 8.516221 0.041968
2.159833 8.232056 0.043642
2.006874 8.140157 0.043729
2.014703 7.956033 0.043874
2.321794 8.143299 0.043326
2.330556 7.957234 0.044732
2.176423 7.861868 0.043483
2.473678 6.785546 0.043098
2.643661 6.750626 0.045230
2.419834 6.976565 0.051147
2.789709 6.880058 0.046057
3.033470 4.986436 0.038432
3.056452 5.268677 0.042896
3.144207 5.137378 0.043708
3.462047 5.762811 0.046770
3.640301 5.675624 0.042891
3.794256 5.947103 0.043916
3.795908 5.772382 0.045371
3.462354 5.213936 0.046308
3.463090 5.395026 0.046645
3.638099 5.135462 0.043158
3.792781 5.235141 0.045268
3.641242 5.496926 0.043247
3.795187 5.415515 0.044687
4.431336 6.385159 0.042105
4.715272 6.217381 0.044493
4.620674 6.361498 0.048136
4.129234 5.795919 0.043847
3.972573 5.694068 0.044235
3.970911 5.515899 0.045245
4.306573 5.719811 0.046998
3.344451 6.237448 0.040981
3.640501 6.033525 0.042354
3.329168 6.045830 0.041033
3.463900 5.945991 0.046607
3.772990 6.494162 0.044384
3.482843 6.322977 0.044249
3.467118 6.513206 0.042206
3.611549 6.598949 0.043751
3.789877 6.304336 0.041981
3.644161 6.218893 0.044099
3.133000 6.905815 0.045468
2.994683 6.635630 0.042747
2.968922 6.813505 0.044301
3.298926 6.807090 0.042051
3.163738 6.543130 0.041988
3.303903 6.622279 0.043820
4.714490 4.018231 0.042980
4.306622 4.051199 0.049814
4.089324 4.367389 0.046551
4.286294 4.435709 0.047490
2.182487 7.311880 0.046124
2.155167 7.153405 0.040567
1.972443 7.096720 0.039895
1.825457 7.186235 0.044188
0.386825 -8.170761 0.039797
0.704029 -7.989548 0.042295
0.528992 -7.903032 0.045106
0.383131 -7.993840 0.040439
1.339155 -7.100104 0.042167
0.706925 -7.100268 0.041462
0.394016 -7.099311 0.039525
0.532743 -7.189579 0.045521
4.127719 -4.719796 0.043963
4.438046 -4.721127 0.039785
4.298212 -4.627484 0.045765
4.442027 -4.904064 0.040360
3.973151 -4.643641 0.043155
3.791492 -4.725395 0.038970
3.646261 -4.601493 0.041622
3.153243 -4.301750 0.043131
3.038105 -4.438445 0.039785
3.152361 -4.580714 0.042681
3.347237 -4.352482 0.041804
3.346356 -4.535754 0.041992
2.796924 -7.350691 0.040379
3.033612 -7.175228 0.040405
2.848236 -7.166023 0.039173
3.110669 -7.723799 0.039775
2.957748 -7.643843 0.046154
3.086090 -7.356867 0.039883
2.946043 -7.457087 0.041232
2.473531 -6.785677 0.043089
2.419629 -6.976731 0.051129
2.256215 -7.001504 0.040266
1.655647 -7.099511 0.041646
1.501752 -7.189616 0.044104
1.509279 -7.366951 0.042983
1.678537 -7.450496 0.043110
1.840688 -7.359885 0.042811
1.825325 -7.186235 0.044180
3.188347 -6.349380 0.042844
3.062500 -6.263333 0.039317
3.033482 -4.988106 0.038400
3.147738 -4.851040 0.042545
4.714477 -4.020933 0.042953
4.726592 -3.477458 0.040290
4.614932 -3.338710 0.041053
4.714054 -3.215019 0.042696
3.033072 -3.320546 0.038928
3.148026 -3.176409 0.042680
3.151967 -2.623608 0.042831
3.346534 -2.854611 0.041850
3.345530 -2.670328 0.042118
3.038065 2.763035 0.039920
3.152055 2.620541 0.042857
3.059704 2.487722 0.044570
3.103813 1.211837 0.042759
4.083068 0.173760 0.043644
3.916983 0.087294 0.045303
3.399192 0.176732 0.045635
3.573343 0.087225 0.044881
3.741956 0.174359 0.044498
3.741717 0.348772 0.044617
3.264207 1.138601 0.046261
2.179981 -0.316607 0.040297
1.997503 -0.342256 0.041996
2.273776 -0.490559 0.038631
2.463860 -0.534422 0.050625
2.521280 -0.704492 0.044884
3.081424 -0.877919 0.043872
2.913956 -0.974092 0.045664
3.063923 -0.716234 0.043999
3.073155 -0.376398 0.041676
2.886196 -0.475554 0.048074
2.874177 -0.643909 0.045364
4.614080 -0.601432 0.048228
4.265406 -0.432979 0.046338
4.422084 -0.691262 0.040859
4.266353 -0.607271 0.046599
3.630748 -1.514996 0.043569
3.758632 -0.881029 0.044825
3.414426 -0.703929 0.043913
3.408580 -0.355838 0.043672
3.236417 -0.624063 0.044055
3.233631 -0.452583 0.047372
3.747109 -0.350987 0.044436
3.752626 -0.703547 0.044297
3.581418 -0.616763 0.045631
3.578358 -0.440152 0.045489
3.920446 -0.437151 0.045442
3.922904 -0.613101 0.045869
4.436785 -1.950870 0.040405
4.622540 -2.011646 0.044126
4.737631 -2.424482 0.037319
4.620069 -2.557562 0.042648
4.623699 -2.280091 0.041808
4.738520 -0.854797 0.033643
4.615978 -0.945779 0.047900
4.737883 -1.196634 0.032285
4.615341 -1.120190 0.048262
3.471326 -3.141784 0.046389
3.481371 -2.953999 0.048748
3.678655 -2.901139 0.046932
3.826456 -3.024027 0.040210
3.646677 -3.247879 0.044672
3.804524 -3.182982 0.043873
3.059664 -2.490564 0.044578
3.147279 -2.351433 0.042828
3.033329 -2.212896 0.038557
3.147392 2.348320 0.042900
3.033402 2.210188 0.038543
3.327988 2.282501 0.040443
4.738421 0.683679 0.033203
4.613484 0.600599 0.048269
4.714074 3.211757 0.042707
3.629606 2.245956 0.042568
3.962790 2.045923 0.046164
4.736449 1.885348 0.036344
4.709587 1.622677 0.041962
4.620321 1.731255 0.040332
4.298266 2.036211 0.046698
4.436568 1.945310 0.040579
4.118228 1.948007 0.043051
4.434352 1.760038 0.040051
3.121777 7.923045 0.047587
3.265372 7.977763 0.037262
3.111107 7.723400 0.039786
3.265997 7.615104 0.041999
3.428642 7.686724 0.043522
3.417347 7.849738 0.039174
4.366921 6.881491 0.040024
4.445197 7.168550 0.039025
4.481142 7.006986 0.047605
4.180799 6.922986 0.045776
4.260414 7.226741 0.046069
4.110236 7.106672 0.047104
4.073991 6.489658 0.042034
4.189318 6.612047 0.039431
3.907012 6.576975 0.038810
3.923132 6.768037 0.040407
4.097479 6.788949 0.039811
3.993078 3.942019 0.039064
4.133121 4.071020 0.042758
4.031102 4.217870 0.040681
3.791565 4.723230 0.038998
3.973211 4.641414 0.043182
3.946733 4.480700 0.039989
3.646335 4.599261 0.041653
3.740575 4.452034 0.040389
3.991834 3.267549 0.039210
4.131748 3.140417 0.042783
4.029654 2.992077 0.040645
3.826579 3.020481 0.040257
3.804621 3.179630 0.043898
3.033081 3.883041 0.038905
3.346697 2.851331 0.041883
3.481532 2.950672 0.048796
3.153056 2.900963 0.043340
3.060705 3.038216 0.045083
3.148084 3.173485 0.042707
3.646795 3.244682 0.044710
3.471440 3.138613 0.046424
3.331633 3.224670 0.040797
4.302493 4.993339 0.046582
4.128024 4.902659 0.042114
3.968373 5.157498 0.045755
3.971864 4.984021 0.043350
2.848642 7.165663 0.039184
2.738192 7.050621 0.048272
2.538299 7.112208 0.042997
2.503595 7.296070 0.044557
2.652170 7.419181 0.045122
2.797325 7.350362 0.040388
4.299909 6.261254 0.045061
4.308130 6.085875 0.046897
4.113053 6.320098 0.042831
3.962960 6.217589 0.043280
3.970999 6.045724 0.044773
4.129313 5.972854 0.042253
4.738843 5.935425 0.038909
4.628401 6.075140 0.041908
4.447284 6.012947 0.040404
4.626924 5.786479 0.042895
4.445807 5.823818 0.039743
4.425456 4.183128 0.039984
4.419741 4.355377 0.040185
4.621436 4.151206 0.041123
4.732660 4.286389 0.039059
4.615721 4.416731 0.039819
2.021623 7.595987 0.045119
2.015186 7.428837 0.041166
1.840880 7.359877 0.042814
1.853320 7.699640 0.042396
1.684722 7.623107 0.043395
1.678719 7.450495 0.043114
0.547554 -8.432143 0.045313
0.537212 -8.256051 0.045384
0.708556 -8.165646 0.042236
0.869134 -8.252165 0.044026
0.727057 -8.519121 0.041682
0.877294 -8.429549 0.044553
1.022583 -7.100317 0.042130
1.022553 -7.458100 0.043054
1.181886 -7.369030 0.043329
1.179735 -7.190421 0.044213
0.855052 -7.369759 0.043966
0.857233 -7.190585 0.044666
3.392686 -7.340425 0.040913
3.252672 -7.435392 0.045784
3.605667 -7.596007 0.042662
3.583022 -7.429423 0.046494
3.428204 -7.687185 0.043506
3.265545 -7.615568 0.041988
2.899897 -6.344057 0.040785
2.684936 -6.570683 0.042919
2.856647 -6.522360 0.044666
3.163398 -6.543818 0.041998
3.132554 -6.906365 0.045451
2.968527 -6.813939 0.044288
2.994301 -6.636073 0.042744
4.713786 -5.653202 0.044266
3.056328 -5.815566 0.041089
3.034864 -6.081950 0.034353
3.145478 -5.976474 0.046966
4.443414 -5.456019 0.040131
4.442374 -5.271287 0.039923
3.789907 -4.882834 0.046665
4.444953 -7.168887 0.039011
4.180484 -6.923764 0.045747
4.731091 -6.507523 0.040816
4.453920 -6.702568 0.040887
4.662785 -6.962575 0.038295
4.730593 -6.801259 0.040026
4.635969 -6.666509 0.044534
4.366665 -6.882174 0.039999
4.480907 -7.007432 0.047580
4.715252 -6.218399 0.044453
4.620629 -6.362443 0.048108
3.708995 -7.326991 0.042604
3.657525 -7.141359 0.039208
3.808535 -7.042379 0.043508
4.726440 -3.757137 0.040471
4.615203 -3.891684 0.041381
4.627317 -3.614936 0.044087
4.403309 -3.892753 0.041895
4.141634 -3.703872 0.041340
4.326732 -3.754835 0.043337
4.439504 -3.611566 0.039383
4.732607 -2.949440 0.038554
4.620947 -3.078008 0.041462
4.615046 -2.813897 0.039386
4.418631 -2.866572 0.040217
4.424532 -3.038665 0.040124
3.038018 -2.765885 0.039910
3.060668 -3.041066 0.045065
3.152971 -2.903974 0.043299
3.033968 1.651214 0.037345
3.052657 1.376000 0.040220
3.140911 1.490880 0.041395
2.909647 0.968866 0.046153
2.930330 1.128020 0.039448
2.723844 0.914805 0.042440
3.634296 2.062744 0.043607
3.786417 1.964086 0.045323
3.398357 0.350842 0.044297
3.572268 0.435747 0.045080
3.224365 0.442791 0.046252
3.431330 1.235736 0.045172
2.932648 -1.130442 0.039109
3.740524 -4.454373 0.040365
3.946678 -4.483043 0.039967
4.089298 -4.369826 0.046510
4.031092 -4.220408 0.040658
3.805837 -4.030185 0.043823
3.647502 -3.963644 0.044661
3.827965 -4.189166 0.040275
3.680018 -4.309915 0.046827
3.482403 -4.254877 0.048629
3.472016 -4.067588 0.046411
3.644279 -3.429804 0.042855
3.644688 -3.782090 0.042877
3.803055 -3.523389 0.044228
3.803375 -3.690497 0.044168
3.148207 -4.030246 0.042629
3.331815 -3.980514 0.040703
3.033069 -3.885520 0.038879
4.738676 -0.342159 0.033516
4.614236 -0.429197 0.048219
4.738676 -0.171241 0.033427
4.613883 -0.085726 0.048269
4.420941 -0.172182 0.041093
4.421294 -0.344735 0.041142
3.056087 -1.929043 0.043008
3.143702 -2.061234 0.043886
3.324286 -2.093663 0.040264
4.115046 -1.774215 0.043890
3.959375 -1.688803 0.045313
3.933262 -0.967576 0.045482
4.093487 -0.875173 0.044039
4.276305 -1.137318 0.047345
4.272602 -0.958325 0.046192
3.780334 -1.419355 0.045528
3.769539 -1.238624 0.044631
3.938313 -1.146027 0.045827
4.102240 -1.232616 0.043671
4.109584 -1.412438 0.044042
3.956452 -1.506580 0.045087
4.736472 -1.888500 0.036518
4.622488 -1.468422 0.046855
4.710320 -1.625078 0.041714
4.621078 -1.735506 0.040552
4.434194 -1.399357 0.041864
4.290796 -1.497771 0.046777
4.435323 -1.765664 0.040032
4.293334 -1.677324 0.046861
4.295491 -2.593520 0.045990
4.434801 -2.503327 0.039894
4.124551 -2.496469 0.043931
4.124445 -2.310682 0.042374
4.299014 -2.224413 0.046925
4.438430 -2.320006 0.040323
3.747217 0.698909 0.044353
3.575629 0.611060 0.045655
4.422403 0.862952 0.041300
4.420725 0.689736 0.040925
4.732561 2.946053 0.038567
4.620921 3.074477 0.041527
4.615035 2.810158 0.039412
4.418629 2.862602 0.040249
4.424515 3.034917 0.040152
3.789524 2.481392 0.039231
3.787194 2.322097 0.047023
4.124682 2.492003 0.043982
3.970844 2.565983 0.043462
4.124425 2.306036 0.042412
3.968256 2.220722 0.043568
4.738421 0.853794 0.033621
4.615163 0.943930 0.047962
4.432636 1.394537 0.041907
4.425504 1.214713 0.040141
4.737801 1.362713 0.033904
4.621674 1.465096 0.046985
4.737801 1.195026 0.032434
4.614543 1.117586 0.048346
4.288623 1.492379 0.046734
4.291692 1.672021 0.046930
4.107118 1.406988 0.044171
4.113871 1.769088 0.043978
3.145179 3.740272 0.043132
3.328740 3.413488 0.040957
3.145191 3.461356 0.043182
3.057813 3.600588 0.044555
3.328799 3.789371 0.040971
3.644381 3.426736 0.042887
3.644751 3.779272 0.042910
3.466206 3.694777 0.046923
3.466134 3.509485 0.047026
3.803440 3.687568 0.044199
3.803143 3.520324 0.044259
4.442395 5.269483 0.039947
4.303185 5.175703 0.046372
4.443437 5.454341 0.040154
4.304359 5.538587 0.046043
4.125357 5.436526 0.043434
4.125226 5.258500 0.042753
3.144457 -5.700673 0.040968
3.033843 -5.543990 0.037271
3.631747 -4.956588 0.042432
3.459524 -4.844221 0.044097
3.328802 -4.917319 0.040303
4.249737 -7.374587 0.034826
4.260096 -7.227207 0.046043
3.888643 -7.342928 0.040583
4.109870 -7.107341 0.047079
3.953075 -7.157174 0.040426
4.128617 -7.495707 0.034141
3.975120 -7.500434 0.052949
4.738833 -5.936688 0.038879
4.628370 -6.076334 0.041883
4.626904 -5.787893 0.042870
3.463774 -6.882080 0.044817
3.303582 -6.623135 0.043795
3.298513 -6.807816 0.042044
3.790794 -6.869369 0.046737
3.613250 -6.783129 0.040721
4.359664 -6.567345 0.045098
4.431251 -6.386206 0.042078
3.344341 -6.238573 0.040961
3.329108 -6.047050 0.041001
4.402646 -3.330585 0.041732
4.326493 -3.465962 0.043260
4.305354 -3.167551 0.049735
4.131712 -3.144006 0.042737
4.141243 -3.513760 0.041266
3.992693 -3.429415 0.049360
3.991764 -3.270933 0.039173
3.324303 2.089930 0.040289
3.459342 1.981858 0.046336
3.144273 1.777265 0.043853
3.056019 1.926451 0.042914
3.143707 2.058072 0.043900
3.255760 0.956144 0.043150
3.229876 0.613094 0.044369
3.415746 0.874176 0.045876
3.407228 0.696457 0.044110
3.057317 0.704894 0.045054
3.074683 0.870225 0.044084
3.785813 1.780590 0.045511
3.777681 1.413521 0.045610
3.954144 1.501050 0.045092
3.957828 1.683508 0.045344
3.596065 -0.972012 0.044977
3.601921 -1.151157 0.045344
3.423067 -0.881696 0.045628
3.262559 -0.963515 0.042875
3.452993 -1.425160 0.047095
3.434962 -1.242051 0.045084
3.053201 -1.377977 0.040540
3.106155 -1.215479 0.042591
3.268598 -1.144725 0.046191
3.145152 -3.742907 0.043103
3.057797 -3.603230 0.044528
3.145155 -3.464146 0.043145
3.328673 -3.416424 0.040928
3.466057 -3.512420 0.046991
3.466147 -3.697598 0.046888
3.328759 -3.792079 0.040945
3.033933 -1.653473 0.037467
3.144306 -1.780577 0.043723
3.324780 -1.714739 0.039668
3.141420 -1.494297 0.041446
3.321894 -1.522838 0.040051
3.459590 -1.985936 0.046315
3.459480 -1.801076 0.047312
3.786912 -1.968749 0.045299
3.634513 -2.067025 0.043564
3.786858 -1.785594 0.045417
3.634348 -1.699011 0.043242
3.752993 0.875614 0.044977
3.765701 1.232630 0.044640
3.597061 1.144586 0.045530
3.589924 0.965484 0.044983
4.273524 1.132956 0.047377
4.269803 0.954851 0.046170
4.099151 1.227389 0.043661
4.089859 0.871370 0.044110
3.934196 1.140560 0.045952
3.928625 0.962645 0.045440
4.263400 0.432255 0.046287
4.264086 0.605631 0.046556
4.082994 0.347165 0.043671
4.085820 0.695366 0.043400
3.916671 0.435112 0.045302
3.918810 0.609936 0.045838
3.147733 4.849167 0.042566
3.328796 4.915368 0.040332
3.459559 4.842181 0.044130
3.472502 4.644413 0.049752
3.346382 4.533562 0.042024
3.680043 4.307478 0.046869
3.827980 4.186625 0.040301
3.647543 3.960947 0.044691
3.805865 4.027524 0.043854
3.326258 -5.670709 0.039824
3.971844 -4.986002 0.043320
3.968350 -5.159368 0.045727
4.127997 -4.904717 0.042088
4.125195 -5.260325 0.042724
4.302470 -4.995341 0.046549
4.303162 -5.177583 0.046342
4.445765 -5.825248 0.039721
4.447231 -6.014247 0.040382
4.097194 -6.789866 0.039791
3.922830 -6.768996 0.040386
3.906787 -6.578036 0.038797
4.189119 -6.613053 0.039411
4.073823 -6.490754 0.042022
3.482693 -6.324124 0.044230
3.772790 -6.495260 0.044365
3.466883 -6.514249 0.042189
3.611289 -6.599979 0.043730
3.633319 1.694038 0.043210
3.628871 1.509427 0.043619
3.324497 1.710369 0.039626
3.458970 1.796648 0.047375
3.321135 1.518018 0.040044
3.451160 1.419686 0.047054
3.038113 4.436334 0.039817
3.059977 4.710574 0.044472
3.152376 4.578638 0.042719
3.153260 4.299475 0.043160
3.148227 4.027786 0.042666
3.060861 4.162272 0.045021
3.331848 3.977928 0.040733
3.472046 4.065009 0.046442
3.347266 4.350160 0.041836
3.482432 4.252439 0.048669
3.326369 -5.481747 0.039829
3.325272 -5.108092 0.040015
3.144569 -5.417730 0.043511
3.144208 -5.139040 0.043675
3.056440 -5.270110 0.042844
3.640268 -5.677150 0.042865
3.463828 -5.947325 0.046582
3.461998 -5.764238 0.046740
3.792759 -5.236945 0.045240
3.638092 -5.137332 0.043128
3.795164 -5.417226 0.044661
3.641233 -5.498564 0.043215
3.462339 -5.215739 0.046273
3.463075 -5.396690 0.046614
4.304328 -5.540226 0.046013
4.306532 -5.721333 0.046970
3.970881 -5.517560 0.045218
4.125321 -5.438236 0.043410
3.640419 -6.034846 0.042327
3.789742 -6.305528 0.041963
3.644051 -6.220122 0.044075
3.962854 -6.218831 0.043257
4.112938 -6.321281 0.042807
4.299821 -6.262440 0.045040
4.308060 -6.087163 0.046870
4.129177 -5.797411 0.043821
4.129239 -5.974243 0.042231
3.970917 -6.047070 0.044745
3.972533 -5.695629 0.044208
3.795851 -5.773881 0.045343
3.794172 -5.948491 0.043892
4.434593 -7.316268 0.000000
-0.206232 0.049962 0.052933
-0.092436 0.342456 0.040574
-0.213441 0.244797 0.053163
-0.406267 0.342341 0.044118
-0.085227 -0.048033 0.037627
-0.085227 -0.243823 0.037462
-0.203993 -0.341502 0.052642
-3.717276 7.900600 0.040374
-2.727580 8.795416 0.041260
-3.034003 3.881993 0.039150
-3.038638 4.434267 0.039941
-2.684671 6.570265 0.042700
-0.706682 7.100339 0.041307
-3.717641 -7.900233 0.040380
-3.644162 -3.776784 0.042672
-3.647720 -3.959251 0.044492
-3.472075 -4.063771 0.046176
-4.621908 1.737760 0.040538
-3.059256 2.488887 0.044420
-3.345525 2.667093 0.041839
-3.038555 2.764029 0.040072
-3.152096 2.621114 0.042776
-4.737703 -0.171435 0.033776
-2.596624 0.119529 0.044986
-2.575785 -0.040046 0.043408
-2.737941 -0.155711 0.041212
-3.509719 8.123036 0.038305
-3.556201 7.943569 0.042418
-2.893248 8.726687 0.040493
-2.588737 8.700396 0.043746
-3.458137 4.843017 0.043652
-3.059598 4.708035 0.044281
-3.152522 4.577158 0.042601
-4.089093 4.366608 0.046149
-0.198908 7.725937 0.046255
-3.055910 5.265563 0.042716
-3.144954 5.415956 0.044065
-3.034758 5.540213 0.037586
-2.856599 6.522631 0.044925
-3.647673 6.217615 0.044084
-0.198818 7.905938 0.046243
-0.698023 7.459262 0.042116
-0.698745 7.637132 0.041941
-0.524937 7.726478 0.045490
-0.381893 7.636976 0.039758
-0.855449 7.725011 0.044449
-1.186385 7.721982 0.043817
-1.023467 7.635765 0.042719
-1.521783 7.889218 0.043967
-2.331098 7.954648 0.044702
-1.654441 7.099784 0.041755
-2.344823 7.577675 0.042869
-4.711977 1.627700 0.041163
-4.613733 -0.086401 0.047913
-3.396168 -0.349304 0.044186
-3.571554 -0.433717 0.045014
-3.923783 0.611310 0.046019
-3.921019 0.435565 0.045491
-3.756235 -7.713636 0.044667
-3.888809 -7.342210 0.040499
-1.338132 -7.100382 0.042187
-1.177860 -7.190933 0.044471
-0.855066 -7.190895 0.044899
-1.021905 -7.100551 0.042075
-4.619609 -3.074661 0.042170
-4.422639 -3.033234 0.040295
-4.726386 -3.755792 0.040526
-4.614587 -3.888540 0.041574
-4.713370 3.217296 0.042817
-4.619641 3.078515 0.042070
-4.435151 1.766186 0.040000
-3.034671 2.211625 0.038949
-3.148212 2.348862 0.043112
-3.468698 2.556977 0.049283
-3.641982 2.604538 0.041954
-3.034023 3.318247 0.039208
-4.737703 -0.342376 0.033925
-4.613603 -0.429213 0.047867
-4.736636 -1.365547 0.034475
-4.737499 -0.684374 0.033659
-4.613399 -0.600763 0.047934
-4.420188 -0.689460 0.040721
-4.422124 -0.862706 0.041152
-4.737499 -0.854849 0.034014
-4.615335 -0.944482 0.047638
-4.736636 -1.197029 0.033076
-4.614472 -1.118464 0.047992
-2.773363 0.199938 0.039518
-2.390341 -0.094540 0.043804
-2.467022 0.234544 0.038827
-2.926569 8.555615 0.044271
-2.430195 8.794980 0.041881
-2.607988 8.514535 0.042020
-2.780152 8.438483 0.042845
-4.715630 6.219815 0.044264
-4.714079 5.654725 0.044180
-4.737585 5.938546 0.039267
-4.627501 6.077948 0.042030
-4.625950 5.789173 0.043332
-3.146038 3.739931 0.043255
-3.146058 3.461486 0.043302
-3.057749 3.600335 0.044414
-4.248939 7.374997 0.035349
-4.126513 7.497423 0.034577
-3.911565 7.691329 0.041746
-3.755813 7.714096 0.044650
-3.607878 7.594848 0.042425
-3.974352 7.501617 0.052394
-3.888325 7.342879 0.040481
-3.584279 7.429308 0.046202
-3.708881 7.327123 0.042600
-3.791781 6.302377 0.041978
-3.966158 6.216005 0.043270
-4.304234 5.538874 0.045713
-4.126075 4.716241 0.043947
-4.126440 4.902084 0.042022
-4.441479 5.454930 0.040289
-4.737598 5.376519 0.038832
-4.625963 5.512037 0.042404
-3.330732 4.915658 0.040161
-3.145016 5.135576 0.044070
-3.327044 5.107127 0.040157
-3.034820 4.983136 0.038796
-3.148704 4.847351 0.042765
-3.153514 4.298508 0.043215
-3.060590 4.160753 0.044824
-3.148878 4.027002 0.042778
-3.801027 3.687705 0.044164
-3.470054 4.644287 0.049160
-3.346468 4.533140 0.041711
-3.347459 4.350005 0.041544
-1.021097 7.458993 0.043017
-0.854983 7.190885 0.044892
-0.852357 7.370369 0.044184
-1.021830 7.100546 0.042071
-0.084713 7.635104 0.034462
-0.394441 7.099158 0.039345
-0.530524 7.189497 0.045558
-0.524491 7.368936 0.045367
-0.382169 7.457304 0.039699
-3.462294 5.215308 0.046017
-2.993215 6.636917 0.042683
-2.900607 6.344255 0.040948
-3.642899 6.031939 0.042316
-3.035843 6.079710 0.035324
-3.063945 6.262999 0.040032
-0.084623 7.995706 0.034348
-0.084623 8.176162 0.034370
-0.526244 7.904009 0.045238
-0.383110 7.994507 0.040079
-0.092182 8.530052 0.036702
-0.201857 8.264006 0.046639
-0.209416 8.439161 0.045846
-0.386149 8.172119 0.039605
-1.232235 8.795828 0.041375
-1.044205 8.518300 0.042407
-0.933952 8.795970 0.040302
-1.066592 8.701798 0.044643
-1.358310 7.981286 0.042907
-1.189607 7.897175 0.043897
-2.177931 7.858685 0.043509
-2.186271 7.671598 0.044782
-2.007265 8.137559 0.043731
-1.688721 7.969425 0.042666
-1.855145 7.870645 0.044729
-2.016057 7.952913 0.043888
-1.823863 7.186941 0.044375
-1.351882 7.632311 0.043032
-1.518577 7.715437 0.043318
-1.833157 8.794474 0.042357
-3.084258 7.353898 0.040199
-3.349907 7.163811 0.040992
-3.392572 7.339816 0.040774
-3.253131 7.433289 0.045829
-2.642659 6.750900 0.044970
-2.473902 6.785288 0.043004
-4.736652 1.366355 0.034569
-4.622914 1.470440 0.046472
-3.781801 1.416110 0.045456
-4.736652 1.198102 0.032864
-4.615422 1.120999 0.047910
-4.737527 0.855291 0.034044
-4.616297 0.945973 0.047554
-4.737527 0.684746 0.033636
-4.613959 0.601119 0.047893
-4.737784 0.171103 0.033816
-4.613813 0.085393 0.047925
-4.737784 0.342150 0.033865
-4.614216 0.428867 0.047888
-4.419662 -0.344731 0.040958
-4.419792 -0.172860 0.040970
-3.590160 -0.961834 0.044979
-3.575379 -0.608395 0.045648
-3.746969 -0.696687 0.044249
-3.752975 -0.872951 0.044853
-4.271350 -0.954132 0.046242
-4.090122 -0.870123 0.043973
-3.929711 -0.960591 0.045541
-0.092197 -8.530048 0.036708
-0.084627 -7.995714 0.034349
-0.084627 -8.176171 0.034372
-0.209461 -8.439151 0.045854
-0.201891 -8.264009 0.046649
-1.232366 -8.795824 0.041382
-0.934042 -8.795967 0.040309
-1.066734 -8.701791 0.044651
-1.374605 -8.700839 0.044636
-0.084717 -7.635113 0.034464
-0.198844 -7.905950 0.046251
-0.198934 -7.725952 0.046264
-3.911938 -7.690921 0.041749
-3.974756 -7.501122 0.052411
-3.608381 -6.780502 0.040778
-3.460285 -6.879949 0.044982
-3.295650 -6.806485 0.041871
-3.301269 -6.620533 0.043571
-3.035860 -6.079155 0.035391
-1.347677 -7.457000 0.043321
-1.179782 -7.369901 0.043509
-0.706736 -7.100344 0.041312
-0.530579 -7.189507 0.045565
-0.394470 -7.099163 0.039350
-4.731906 -2.948178 0.038779
-4.417238 -2.860603 0.040164
-4.708017 -2.690396 0.043661
-4.614208 -2.810166 0.039255
-4.122573 -2.304053 0.042382
-4.297871 -2.217832 0.046891
-4.297650 -2.034148 0.046460
-4.116872 -1.945631 0.042990
-4.122573 -2.490891 0.043927
-4.294260 -2.587991 0.045908
-4.284020 -2.777592 0.047350
-3.801135 -3.684509 0.044200
-3.800774 -3.518177 0.044268
-4.029879 -4.214644 0.040893
-3.804510 -4.024708 0.044090
-3.826630 -4.184426 0.040567
-3.802888 -3.177065 0.044148
-4.712631 -5.097167 0.044061
-3.972182 -4.980718 0.043366
-3.968445 -5.154234 0.045797
-4.444017 -5.823541 0.039807
-4.625973 -5.787687 0.043357
-3.327758 -5.479497 0.040069
-3.144982 -5.414348 0.044068
-3.055937 -5.264073 0.042774
-3.153540 -4.296109 0.043242
-3.330736 -4.913519 0.040195
-3.327057 -5.105096 0.040187
-3.145025 -5.133791 0.044108
-3.034802 -4.981406 0.038830
-3.148703 -4.845356 0.042781
-3.458210 -4.840784 0.043688
-3.787782 -4.877548 0.046791
-3.631306 -4.952757 0.042324
-4.713418 -3.213907 0.042811
-4.286064 -4.432560 0.047145
-4.089139 -4.363972 0.046198
-4.713916 -4.019519 0.043129
-4.731986 2.951662 0.038778
-4.707928 2.693934 0.043708
-4.614199 2.814248 0.039243
-4.422647 3.037483 0.040265
-4.283753 2.782280 0.047285
-4.417205 2.865155 0.040135
-4.117399 1.951103 0.042927
-4.735646 1.891671 0.037011
-4.736742 2.427198 0.037650
-4.618956 2.558222 0.043034
-3.633785 1.511104 0.043546
-3.330513 3.413164 0.040985
-3.465502 3.509214 0.046747
-3.153186 2.901358 0.043417
-3.333109 3.224305 0.040754
-3.471113 3.137556 0.046097
-3.346615 2.851422 0.041594
-3.480087 2.950244 0.048315
-3.148654 3.173963 0.042843
-3.060345 3.039019 0.044896
-3.785779 2.482296 0.039310
-3.969252 2.568449 0.043657
-4.711109 -1.625768 0.041450
-4.622031 -1.467057 0.046617
-3.459361 -1.975894 0.046113
-3.459384 -1.791259 0.047178
-3.326631 -1.703911 0.039915
-3.144990 -1.772671 0.044462
-1.226003 -0.344113 0.049995
-3.077465 0.192167 0.045442
-2.917057 0.106860 0.045554
-3.056484 -0.184258 0.046823
-2.902473 -0.089215 0.045503
-2.746901 0.385005 0.041799
-2.520129 0.703985 0.044509
-2.561682 0.404483 0.040666
-2.462582 0.533947 0.050662
-2.713568 -0.345162 0.049539
-3.099097 8.514014 0.041814
-3.331525 8.144732 0.041234
-3.289806 8.304558 0.044547
-3.123687 8.332926 0.045869
-2.460746 8.420745 0.043981
-2.159441 8.229943 0.043757
-2.321402 8.141261 0.043323
-2.473952 8.237709 0.043392
-4.729240 6.802047 0.040455
-4.661461 6.963012 0.038549
-4.258203 7.227821 0.045863
-4.362340 6.883756 0.040152
-4.443609 7.169341 0.039142
-4.477985 7.008576 0.047994
-4.309284 6.086900 0.046504
-4.445519 6.014812 0.040285
-4.443968 5.825052 0.039785
-4.306735 5.719806 0.046788
-4.731910 4.290655 0.039373
-4.614807 4.419535 0.040043
-4.297149 4.624703 0.045654
-4.435716 4.719316 0.039880
-4.286010 4.435143 0.047101
-4.418284 4.356132 0.040069
-4.114846 6.320391 0.043012
-4.301960 6.263384 0.044940
-3.771386 6.493172 0.044419
-3.974021 5.693476 0.044068
-3.795868 5.771504 0.045397
-3.794609 5.945361 0.043761
-4.128774 5.795234 0.043712
-3.973760 6.044666 0.044705
-4.129772 5.972567 0.042115
-3.631241 4.954926 0.042291
-3.787702 4.879737 0.046759
-3.639086 5.135747 0.042953
-3.972144 4.982830 0.043334
-4.738202 4.823279 0.038298
-4.708611 4.551239 0.044391
-4.621099 4.677396 0.041241
-4.712623 5.099191 0.044026
-4.624507 5.228892 0.041685
-4.625111 4.957348 0.042658
-4.439728 4.902016 0.040584
-4.301526 4.993247 0.046402
-4.302425 5.175914 0.046171
-4.440023 5.269717 0.040014
-4.029855 4.217393 0.040870
-3.643588 4.599949 0.041782
-3.739725 4.452725 0.040501
-3.788132 4.723491 0.039030
-3.946367 4.480668 0.040398
-3.972209 4.640741 0.043344
-3.481424 4.253248 0.048189
-3.679195 4.308458 0.046510
-3.826598 4.187187 0.040540
-3.804456 4.027600 0.044056
-0.090953 7.097975 0.036007
-0.205423 7.187133 0.045801
-0.084713 7.454679 0.034317
-0.199184 7.365839 0.046286
-3.130484 6.906132 0.045104
-3.157136 7.076178 0.046083
-3.030928 7.172793 0.040552
-2.966380 6.813692 0.043865
-2.787752 6.880042 0.045688
-2.845032 7.163945 0.038762
-2.735924 7.050358 0.048051
-3.607884 6.598167 0.043669
-3.295184 6.807293 0.041864
-3.327724 5.481283 0.040048
-3.463036 5.395226 0.046381
-3.642772 5.496759 0.043094
-3.641568 5.674806 0.042796
-3.327997 5.670574 0.039788
-3.462105 5.762563 0.046571
-3.146312 5.974313 0.046719
-3.464696 5.945839 0.046394
-3.331672 6.045782 0.041025
-3.056183 5.811930 0.041426
-3.145227 5.699047 0.040748
-3.484839 6.321925 0.044271
-3.347042 6.236192 0.041098
-3.465445 6.511681 0.042263
-3.189783 6.348012 0.042725
-3.163061 6.543553 0.041932
-3.300926 6.621489 0.043543
-1.032818 8.162986 0.043093
-1.029159 7.987136 0.042810
-0.857919 7.901189 0.044301
-0.702522 7.990840 0.042155
-0.360905 8.797195 0.037006
-0.090056 8.800667 0.036202
-0.182238 8.707863 0.038464
-0.642293 8.796434 0.038662
-0.761353 8.702404 0.044199
-0.463986 8.703629 0.042457
-0.402552 8.523405 0.039628
-2.023238 7.593769 0.045122
-2.015453 7.428278 0.041118
-1.839608 7.360792 0.042768
-1.853985 7.698587 0.042305
-1.684355 7.623587 0.043352
-1.677764 7.451283 0.043224
-2.536449 7.112175 0.042482
-2.419521 6.976247 0.050870
-2.182450 7.310830 0.045762
-2.503132 7.295439 0.044028
-2.348787 7.382398 0.046477
-1.347513 7.456987 0.043315
-1.338041 7.100376 0.042185
-1.500038 7.190160 0.044327
-1.507617 7.367808 0.043092
-1.177752 7.190923 0.044464
-1.179646 7.369885 0.043505
-2.131941 8.794519 0.042263
-1.984152 8.698993 0.043788
-2.286346 8.699499 0.043707
-1.989803 8.509620 0.043039
-2.148892 8.416772 0.043736
-2.297646 8.511125 0.042733
-1.837929 8.417136 0.044021
-1.844841 8.231904 0.043511
-1.687209 8.146039 0.044297
-3.770188 1.235538 0.044521
-3.935274 0.965642 0.045626
-3.940181 1.143768 0.045878
-4.434224 1.400484 0.041677
-4.102955 1.231409 0.043551
-4.426731 1.219296 0.039786
-4.278444 1.137029 0.047515
-4.267464 0.606284 0.046733
-4.421584 0.690584 0.040632
-4.089406 0.696846 0.043188
-4.094363 0.873905 0.043909
-4.423922 0.864893 0.041118
-4.274759 0.957651 0.046288
-4.266430 0.432002 0.046398
-4.420806 0.344050 0.040952
-4.420404 0.171623 0.040892
-4.085608 0.346819 0.043507
-3.571811 -0.087284 0.044839
-3.396369 -0.176485 0.045605
-3.229692 -0.089581 0.044841
-3.236089 0.090769 0.045617
-3.740793 -0.347601 0.044556
-3.740849 -0.173986 0.044357
-3.935158 -1.138006 0.046005
-3.635212 -2.058184 0.043440
-3.785396 -1.961137 0.045429
-3.784814 -2.319417 0.047132
-3.629150 -2.241726 0.042440
-3.968359 -2.218500 0.043572
-3.962880 -2.043761 0.046196
-2.932070 1.128512 0.039764
-3.072134 0.377011 0.041477
-2.885264 0.476771 0.047839
-0.360920 -8.797186 0.037011
-0.090054 -8.800670 0.036201
-0.182251 -8.707856 0.038473
-0.872984 -8.430217 0.044681
-1.044384 -8.518289 0.042412
-0.642341 -8.796427 0.038669
-0.761449 -8.702394 0.044208
-0.722741 -8.520146 0.041663
-0.464035 -8.703614 0.042468
-0.542228 -8.433952 0.045351
-0.402630 -8.523386 0.039633
-1.364234 -8.515798 0.042674
-1.199644 -8.427281 0.044480
-1.984380 -8.698969 0.043796
-0.381938 -7.636995 0.039764
-0.524555 -7.368952 0.045372
-0.382208 -7.457321 0.039705
-2.132129 -8.794504 0.042267
-4.249208 -7.374672 0.035368
-4.126818 -7.497062 0.034568
-4.358479 -6.567884 0.045186
-3.951018 -7.156264 0.040431
-3.786434 -6.867619 0.046781
-3.805596 -7.040853 0.043583
-4.185893 -6.612581 0.039924
-3.917676 -6.767182 0.040471
-4.092630 -6.788789 0.040204
-3.608155 -6.597018 0.043692
-3.465679 -6.510512 0.042280
-4.129849 -5.971079 0.042136
-3.973841 -6.043216 0.044734
-4.737600 -5.937227 0.039299
-3.488440 -7.066531 0.046871
-3.655697 -7.140319 0.039380
-3.709421 -7.326408 0.042624
-3.641622 -5.673145 0.042823
-3.795944 -5.769878 0.045424
-3.794708 -5.943861 0.043786
-2.900771 -6.344072 0.040930
-3.163433 -6.542788 0.041917
-3.190012 -6.347050 0.042740
-3.064106 -6.262429 0.040030
-3.146360 -5.973256 0.046746
-3.328036 -5.668918 0.039825
-3.462183 -5.760987 0.046601
-3.034760 -5.538993 0.037640
-3.145260 -5.697705 0.040823
-3.056214 -5.811034 0.041486
-1.352068 -7.632320 0.043037
-0.090955 -7.097976 0.036008
-0.205443 -7.187139 0.045811
-0.084717 -7.454687 0.034318
-0.199205 -7.365852 0.046295
-4.711628 -2.154667 0.042278
-4.736632 -2.423596 0.037606
-4.618935 -2.553694 0.043288
-4.622546 -2.276563 0.041637
-4.435816 -2.313645 0.040487
-4.432204 -2.496966 0.040108
-4.028116 -2.990249 0.040849
-4.087142 -2.841614 0.046461
-3.824804 -3.017330 0.040471
-4.139622 -3.507867 0.041312
-3.990704 -3.265886 0.039105
-3.991629 -3.424058 0.049219
-4.130224 -3.138714 0.042798
-4.303980 -3.162238 0.049465
-4.325906 -3.749365 0.043589
-4.402606 -3.887603 0.041785
-4.140108 -3.698169 0.041435
-4.305419 -4.048420 0.049528
-4.131907 -4.067625 0.042774
-3.992477 -3.780692 0.049178
-3.992294 -3.938424 0.038952
-3.480319 -2.946641 0.048371
-3.677726 -2.893690 0.046690
-4.708629 -4.548787 0.044419
-3.639107 -5.133713 0.042986
-3.462333 -5.213317 0.046054
-3.463077 -5.393397 0.046413
-3.791847 -5.232019 0.045378
-3.794790 -5.413202 0.044568
-3.642794 -5.494976 0.043127
-4.306783 -5.718196 0.046816
-4.128841 -5.793642 0.043740
-3.971744 -5.513289 0.045297
-3.974070 -5.691796 0.044097
-4.714088 -5.653152 0.044219
-3.152549 -4.574963 0.042646
-3.059616 -4.706063 0.044326
-3.038648 -4.432086 0.039975
-3.788262 -4.721150 0.039061
-3.972317 -4.638344 0.043373
-3.946465 -4.478131 0.040420
-3.346517 -4.530772 0.041746
-3.470146 -4.641949 0.049204
-3.643721 -4.597524 0.041817
-3.481476 -4.250612 0.048234
-3.347508 -4.347507 0.041578
-3.679241 -4.305810 0.046558
-3.739816 -4.450188 0.040528
-4.614391 -3.335445 0.040931
-4.438861 -3.606125 0.039764
-4.726687 -3.475871 0.040252
-4.627359 -3.611616 0.044156
-4.401923 -3.325202 0.041560
-4.325721 -3.460138 0.043460
-4.126486 -4.899888 0.042048
-4.126140 -4.713912 0.043979
-4.297213 -4.622288 0.045683
-4.301560 -4.991120 0.046438
-4.731886 -4.288011 0.039404
-4.614800 -4.416954 0.040082
-4.620087 -4.151041 0.041468
-4.418284 -4.353469 0.040092
-4.423571 -4.180879 0.040040
-1.366801 0.339947 0.046791
-0.393747 -0.048732 0.044956
-0.391508 -0.244406 0.045127
-4.726415 3.758847 0.040497
-4.614366 3.338989 0.040882
-4.726710 3.479077 0.040234
-4.627411 3.614908 0.044102
-3.786989 1.782392 0.045311
-3.636838 1.694725 0.043160
-4.297803 2.039961 0.046439
-4.434710 1.950897 0.040369
-4.621467 2.013786 0.044175
-4.711535 2.158036 0.042424
-4.622563 2.281391 0.041683
-4.122484 2.309274 0.042348
-4.297746 2.223618 0.046783
-4.435749 2.319590 0.040458
-4.122278 2.495937 0.043860
-4.293932 2.593074 0.045836
-4.432141 2.502384 0.040067
-4.621116 -1.733035 0.040138
-4.735722 -1.888628 0.036741
-4.621636 -2.008483 0.044567
-4.434684 -1.944232 0.040606
-4.434165 -1.759511 0.039990
-3.060398 -3.036089 0.044916
-3.326241 -2.084363 0.040465
-3.060607 -4.158368 0.044863
-3.148732 -3.170886 0.042869
-3.034048 -3.315406 0.039227
-2.273019 0.489962 0.038486
-2.396300 -0.247410 0.040829
-2.557371 -0.382367 0.039320
-3.415349 -0.870271 0.045707
-3.406574 -0.693095 0.044041
-3.323817 -1.511360 0.040046
-3.263700 7.975976 0.037098
-3.266403 7.612600 0.041882
-3.429444 7.684668 0.043446
-3.416303 7.846885 0.039362
-2.490419 7.873874 0.042330
-2.495803 7.683988 0.045946
-3.950554 7.157045 0.040419
-4.106381 7.108071 0.046832
-4.176142 6.924771 0.045809
-4.634578 6.667879 0.044744
-4.431662 6.387998 0.042069
-4.451154 6.704024 0.041013
-4.358323 6.568929 0.045167
-4.731052 6.508789 0.040817
-4.620968 6.364004 0.048023
-3.487889 7.067333 0.046859
-3.655157 7.141154 0.039360
-3.459818 6.880862 0.044953
-3.608000 6.781543 0.040759
-3.805113 7.041751 0.043571
-3.786027 6.868613 0.046758
-3.794752 5.415053 0.044540
-3.791808 5.233959 0.045351
-3.968405 5.156230 0.045769
-4.123600 5.258151 0.042669
-3.971701 5.515071 0.045270
-4.123952 5.435898 0.043249
-4.423567 4.183701 0.040013
-4.614594 3.891587 0.041515
-4.713893 4.022357 0.043106
-4.620089 4.153829 0.041435
-3.992403 3.783853 0.049134
-3.992240 3.941410 0.038911
-4.402600 3.890725 0.041737
-4.131881 4.070523 0.042732
-4.305378 4.051367 0.049477
-3.333426 3.978526 0.040676
-3.472026 4.066564 0.046142
-3.330585 3.789997 0.041007
-3.465595 3.695697 0.046621
-3.644064 3.779849 0.042634
-3.647655 3.962188 0.044459
-0.533270 8.257833 0.045496
-0.542115 8.433964 0.045345
-0.706509 8.167052 0.042065
-0.865566 8.253251 0.044245
-0.872820 8.430227 0.044675
-0.722608 8.520159 0.041657
-2.256359 7.000786 0.040329
-2.154249 7.153560 0.040707
-1.971506 7.097157 0.040228
-1.679831 8.511529 0.042977
-1.374425 8.700848 0.044629
-1.533134 8.795021 0.042086
-1.680711 8.699494 0.044164
-3.753060 0.701154 0.044197
-3.759594 0.878426 0.044695
-3.959272 1.504078 0.045054
-4.110433 1.411147 0.043857
-3.961408 1.686738 0.045368
-4.114502 1.772614 0.043742
-4.295347 1.676761 0.046647
-4.293414 1.497954 0.046823
-4.084522 0.172898 0.043356
-4.082636 -0.173733 0.043487
-4.264409 -0.087035 0.046333
-4.264941 0.085653 0.046470
-3.918360 0.086441 0.045603
-3.917006 -0.087502 0.045334
-3.405700 0.177813 0.045052
-3.574745 0.086664 0.045344
-3.746710 0.349108 0.044376
-3.745137 0.173905 0.044106
-3.919305 -0.608494 0.045936
-3.916953 -0.434085 0.045298
-4.085721 -0.694291 0.043242
-4.082639 -0.346702 0.043536
-4.265013 -0.605055 0.046642
-4.264283 -0.431875 0.046325
-3.765533 -1.229155 0.044511
-3.597271 -1.140622 0.045606
-3.431283 -1.230588 0.044898
-3.452466 -1.414405 0.046904
-3.785784 -1.777000 0.045420
-3.635623 -1.689412 0.043113
-3.631519 -1.505108 0.043591
-3.778599 -1.409824 0.045547
-4.099211 -1.225781 0.043526
-4.424903 -1.214930 0.039930
-4.274992 -1.132375 0.047522
-4.432462 -1.395005 0.041716
-2.912863 0.971651 0.045595
-2.872797 0.643836 0.045012
-3.081082 0.874848 0.043810
-3.063392 0.714986 0.043731
-2.725653 0.917431 0.042102
-2.703277 0.749478 0.047229
-1.833342 -8.794465 0.042362
-1.533298 -8.795015 0.042092
-1.680921 -8.699480 0.044172
-0.852458 -7.370385 0.044188
-0.698104 -7.459279 0.042123
-1.021219 -7.459009 0.043024
-2.286572 -8.699460 0.043715
-2.800556 -8.266394 0.044344
-3.556577 -7.943186 0.042432
-3.416745 -7.846447 0.039369
-1.677977 -7.451281 0.043229
-1.654539 -7.099789 0.041754
-1.507792 -7.367820 0.043095
-1.500170 -7.190170 0.044334
-1.684597 -7.623573 0.043357
-1.522028 -7.889203 0.043973
-1.518803 -7.715432 0.043323
-4.443848 -7.168997 0.039163
-4.176499 -6.923914 0.045839
-4.258534 -7.227330 0.045892
-4.106787 -7.107339 0.046860
-4.731078 -6.508046 0.040858
-4.451351 -6.703187 0.041047
-4.661590 -6.962764 0.038557
-4.729317 -6.801699 0.040488
-4.634681 -6.667214 0.044775
-4.362634 -6.883010 0.040180
-4.478236 -7.008102 0.048019
-4.431745 -6.386865 0.042097
-4.302040 -6.262102 0.044960
-4.621013 -6.363000 0.048051
-4.445579 -6.013432 0.040307
-4.309353 -6.085524 0.046531
-4.715650 -6.218749 0.044306
-4.627536 -6.076690 0.042055
-4.072070 -6.488572 0.042314
-4.114952 -6.319112 0.043035
-3.966257 -6.214671 0.043294
-3.791908 -6.301084 0.041998
-3.903054 -6.575016 0.038987
-3.771587 -6.491969 0.044440
-3.642989 -6.030496 0.042343
-3.647773 -6.216263 0.044110
-3.331740 -6.044405 0.041060
-3.464786 -5.944355 0.046419
-3.347145 -6.234924 0.041117
-3.484976 -6.320642 0.044292
-3.642320 -2.600434 0.042009
-3.738317 -2.749905 0.040531
-3.786066 -2.477868 0.039344
-3.969612 -2.563788 0.043690
-3.944421 -2.724910 0.040332
-4.621110 -4.675048 0.041280
-4.439745 -4.899843 0.040605
-4.435743 -4.716986 0.039908
-4.738195 -4.821050 0.038327
-4.625111 -4.955222 0.042686
-4.123648 -5.256206 0.042699
-4.124004 -5.434078 0.043275
-4.302459 -5.173922 0.046201
-4.304271 -5.537139 0.045744
-4.737604 -5.374724 0.038862
-4.625977 -5.510338 0.042428
-4.624521 -5.226981 0.041716
-4.440053 -5.267819 0.040039
-4.441509 -5.453163 0.040312
-1.386154 -0.055357 0.048966
-1.393600 -0.248637 0.048003
-1.732542 -0.248741 0.047512
-1.570435 -0.344525 0.050295
-1.683172 0.339787 0.045660
-1.536211 0.239734 0.050098
-1.549678 0.041876 0.048897
-1.719230 -0.055621 0.048426
-1.046940 0.340332 0.047005
-1.209957 0.240279 0.049936
-1.215843 0.042833 0.048797
-0.541846 -0.342904 0.051032
-4.401860 3.329004 0.041502
-4.303870 3.166279 0.049390
-4.130136 3.142713 0.042742
-3.646593 3.244389 0.044449
-3.802727 3.180734 0.044122
-3.643578 3.427187 0.042611
-3.800634 3.521526 0.044235
-3.991498 3.427613 0.049176
-3.990576 3.269620 0.039066
-3.824596 3.021231 0.040413
-3.737949 2.754024 0.040486
-3.677436 2.897574 0.046628
-3.944006 2.729371 0.040285
-4.086852 2.846066 0.046378
-4.027955 2.994376 0.040809
-3.329824 2.281625 0.040352
-3.456881 2.356823 0.043960
-3.055685 1.927487 0.042884
-3.144641 2.058356 0.044284
-3.459993 1.796001 0.047112
-3.326253 2.088417 0.040433
-3.459673 1.980271 0.046085
-3.346839 -2.847891 0.041634
-3.153302 -2.898198 0.043470
-3.055586 -1.924862 0.042776
-3.144622 -2.055006 0.044292
-3.034750 -2.208883 0.038931
-3.333475 -3.975745 0.040709
-3.148908 -4.024417 0.042823
-3.034016 -3.879437 0.039178
-3.643731 -3.423849 0.042649
-3.646770 -3.240910 0.044497
-3.471278 -3.134125 0.046141
-3.333229 -3.221029 0.040785
-2.521651 -0.696630 0.046174
-2.479581 -0.539189 0.042851
-2.870856 -0.457753 0.046533
-3.049240 -0.363345 0.044045
-3.222247 -0.441487 0.046173
-3.228827 -0.610601 0.044172
-3.255025 -0.951648 0.043235
-3.263848 -1.133177 0.046196
-3.103389 -1.207958 0.043049
-2.929206 -1.125780 0.040132
-3.035118 -1.649254 0.037661
-3.142175 -1.486510 0.041273
-3.052772 -1.374386 0.040557
-2.945783 7.455242 0.041478
-2.649560 7.612810 0.042409
-2.652926 7.419538 0.045000
-2.795350 7.349861 0.040492
-3.122303 7.923112 0.047335
-2.806320 7.731878 0.043410
-3.111865 7.721954 0.039666
-2.960118 7.643986 0.046326
-4.092301 6.789787 0.040187
-3.917335 6.768227 0.040448
-3.902809 6.576163 0.038971
-4.185668 6.613676 0.039904
-4.071893 6.489753 0.042300
-1.522309 8.241762 0.043108
-1.521842 8.422021 0.044492
-1.360347 8.157216 0.043724
-1.364014 8.515813 0.042668
-1.199436 8.427294 0.044473
-1.195303 8.248956 0.043520
-3.106231 1.211906 0.042898
-3.454688 1.420312 0.046963
-3.053432 1.376445 0.040886
-3.263248 0.959655 0.042965
-3.424086 0.878294 0.045437
-3.269190 1.139852 0.046144
-3.435714 1.237476 0.044820
-3.603198 1.147695 0.045397
-3.597512 0.968710 0.045028
-3.407523 0.353560 0.043555
-3.232581 0.451360 0.047525
-3.236305 0.622271 0.043848
-3.414834 0.700772 0.043852
-3.581726 0.613916 0.045679
-3.578140 0.437614 0.045535
-4.293461 -1.670771 0.046735
-4.290844 -1.491870 0.046760
-4.113203 -1.766974 0.043847
-3.959598 -1.680967 0.045399
-3.956516 -1.498095 0.045040
-4.107503 -1.405201 0.044010
-1.195513 -8.248945 0.043524
-1.360576 -8.157201 0.043731
-1.358530 -7.981278 0.042912
-0.383161 -7.994519 0.040086
-0.533375 -8.257829 0.045501
-0.386208 -8.172121 0.039611
-2.430359 -8.794956 0.041885
-3.099299 -8.513827 0.041827
-3.510032 -8.122719 0.038315
-3.112365 -7.721504 0.039676
-2.993649 -6.636429 0.042687
-2.684847 -6.570104 0.042701
-2.856893 -6.522333 0.044948
-2.641625 -8.159424 0.042876
-2.297941 -8.511050 0.042740
-2.461062 -8.420625 0.043991
-2.474302 -8.237546 0.043400
-2.321754 -8.141123 0.043333
-1.688998 -7.969391 0.042671
-3.350478 -7.163120 0.041012
-3.429937 -7.684152 0.043464
-3.266917 -7.612075 0.041894
-3.608363 -7.594294 0.042446
-3.584811 -7.428663 0.046220
-3.393126 -7.339163 0.040793
-3.253658 -7.432718 0.045843
-1.994053 0.342316 0.042548
-1.861494 0.242102 0.050478
-1.884085 0.044553 0.050088
-2.047225 -0.050809 0.046605
-2.216330 0.020787 0.044094
-2.272173 0.190296 0.050444
-2.177270 0.316249 0.040303
-1.052462 -0.054133 0.048751
-1.055176 -0.247798 0.048027
-0.883300 -0.343686 0.050183
-0.719466 -0.246589 0.047401
-0.725949 0.340896 0.046347
-0.881758 0.241228 0.050219
-0.550204 0.243237 0.051167
-0.544893 0.047000 0.050745
-0.720274 -0.052360 0.047760
-0.881394 0.044209 0.049312
-4.140090 3.701471 0.041409
-4.139578 3.511410 0.041279
-4.325730 3.463761 0.043422
-4.438936 3.609576 0.039728
-4.325946 3.752653 0.043544
-3.784698 2.324022 0.047076
-3.629084 2.246111 0.042416
-3.963234 2.048999 0.046130
-3.968376 2.223513 0.043530
-3.785918 1.966164 0.045401
-3.635447 2.062766 0.043397
-3.035103 1.651568 0.037805
-3.145074 1.776239 0.044307
-3.327006 1.708688 0.039952
-3.142821 1.490186 0.041359
-3.324753 1.516620 0.040064
-3.038618 -2.761126 0.040082
-3.148339 -2.345586 0.043208
-3.059303 -2.486008 0.044410
-3.152206 -2.617907 0.042803
-3.457016 -2.352850 0.044005
-3.329958 -2.277777 0.040355
-3.468934 -2.553108 0.049335
-3.345743 -2.663474 0.041877
-3.146074 -3.737160 0.043285
-3.057772 -3.597605 0.044444
-3.146106 -3.458547 0.043349
-3.465613 -3.506041 0.046786
-3.330603 -3.410006 0.041019
-3.465683 -3.692643 0.046662
-3.330641 -3.787084 0.041036
-2.242010 -0.327732 0.042374
-2.287929 -0.501990 0.039716
-1.917118 -0.344216 0.051399
-2.066946 -0.246458 0.045824
-2.907574 -0.965826 0.046090
-2.870547 -0.627897 0.045281
-3.055512 -0.702604 0.044865
-3.072934 -0.866475 0.044038
-2.701902 -0.738560 0.048783
-2.721506 -0.912618 0.042528
-2.800224 8.266639 0.044333
-2.971230 8.202683 0.043318
-2.974416 8.024881 0.044604
-2.641266 8.159655 0.042864
-2.648036 7.982433 0.044709
-2.810179 7.911615 0.043230
-1.032993 -8.162982 0.043099
-0.865725 -8.253246 0.044249
-0.706629 -8.167052 0.042071
-2.893360 -8.726612 0.040504
-2.926777 -8.555459 0.044282
-2.780434 -8.438306 0.042857
-2.608263 -8.514414 0.042027
-2.727682 -8.795380 0.041263
-2.588929 -8.700336 0.043752
-3.290081 -8.304287 0.044560
-3.123971 -8.332662 0.045883
-3.331856 -8.144402 0.041244
-2.971571 -8.202383 0.043333
-2.974821 -8.024531 0.044616
-3.264112 -7.975575 0.037104
-3.122752 -7.922708 0.047349
-2.960603 -7.643575 0.046340
-2.642930 -6.750665 0.044989
-2.023546 -7.593686 0.045132
-2.016385 -7.952831 0.043894
-1.854271 -7.698541 0.042308
-1.855447 -7.870589 0.044737
-2.015729 -7.428221 0.041118
-1.839835 -7.360785 0.042771
-1.824019 -7.186942 0.044384
-1.971601 -7.097154 0.040220
-2.536809 -7.111902 0.042495
-2.154428 -7.153486 0.040713
-2.182741 -7.310711 0.045771
-1.687491 -8.146002 0.044304
-1.680087 -8.511504 0.042983
-1.522567 -8.241737 0.043113
-1.522093 -8.421997 0.044500
-2.149204 -8.416702 0.043745
-1.845144 -8.231855 0.043517
-2.159777 -8.229854 0.043764
-2.007588 -8.137487 0.043740
-1.990086 -8.509577 0.043045
-1.838215 -8.417097 0.044029
-3.130996 -6.905528 0.045121
-3.157669 -7.075581 0.046104
-2.966832 -6.813216 0.043879
-2.736344 -7.050004 0.048065
-2.788159 -6.879681 0.045698
-0.702632 -7.990847 0.042162
-0.698837 -7.637149 0.041947
-0.525018 -7.726496 0.045496
-0.526332 -7.904021 0.045243
-1.023606 -7.635779 0.042724
-1.029324 -7.987139 0.042816
-0.855578 -7.725025 0.044454
-0.858059 -7.901197 0.044305
-1.186560 -7.721991 0.043822
-1.189797 -7.897178 0.043902
-3.084773 -7.353395 0.040214
-2.946270 -7.454824 0.041486
-2.795809 -7.349496 0.040502
-2.845499 -7.163549 0.038774
-3.031432 -7.172301 0.040564
-2.806770 -7.731529 0.043421
-2.810601 -7.911280 0.043246
-2.648420 -7.982162 0.044718
-2.653349 -7.419221 0.045013
-2.503503 -7.295170 0.044047
-2.349126 -7.382193 0.046485
-2.649977 -7.612502 0.042422
-2.474063 -6.785148 0.043013
-2.256479 -7.000695 0.040350
-2.419756 -6.976062 0.050890
-2.178278 -7.858562 0.043519
-2.331459 -7.954488 0.044709
-2.490802 -7.873649 0.042342
-2.186616 -7.671465 0.044788
-2.345184 -7.577482 0.042878
-2.496190 -7.683740 0.045956
-4.302564 -7.448298 -0.000000
-3.129157 -8.621704 0.000000
