4.922143 7.000147 0.001612
4.812984 7.109306 0.001612
4.703826 7.218464 0.001612
4.594667 7.327623 0.001612
4.485509 7.436781 0.001612
4.376350 7.545940 0.001612
4.267192 7.655098 0.001612
4.158033 7.764257 0.001612
4.048875 7.873415 0.001612
3.939716 7.982574 0.001612
3.830558 8.091732 0.001612
3.721399 8.200891 0.001612
3.612241 8.310049 0.001612
3.503082 8.419208 0.001612
3.393924 8.528366 0.001612
3.284766 8.637525 0.001612
3.175607 8.746683 0.001612
3.066449 8.855842 0.001612
2.957290 8.965000 0.001612
2.805634 8.965000 0.001612
2.653978 8.965000 0.001612
2.502322 8.965000 0.001612
2.350666 8.965000 0.001612
2.199011 8.965000 0.001612
2.047355 8.965000 0.001612
1.895699 8.965000 0.001612
1.744043 8.965000 0.001612
1.592387 8.965000 0.001612
1.440731 8.965000 0.001612
1.289075 8.965000 0.001612
1.137419 8.965000 0.001612
0.985763 8.965000 0.001612
0.834107 8.965000 0.001612
0.682452 8.965000 0.001612
0.530796 8.965000 0.001612
0.379140 8.965000 0.001612
0.227484 8.965000 0.001612
0.075828 8.965000 0.001612
-0.075828 8.965000 0.001612
-0.227484 8.965000 0.001612
-0.379140 8.965000 0.001612
-0.530796 8.965000 0.001612
-0.682452 8.965000 0.001612
-0.834107 8.965000 0.001612
-0.985763 8.965000 0.001612
-1.137419 8.965000 0.001612
-1.289075 8.965000 0.001612
-1.440731 8.965000 0.001612
-1.592387 8.965000 0.001612
-1.744043 8.965000 0.001612
-1.895699 8.965000 0.001612
-2.047355 8.965000 0.001612
-2.199011 8.965000 0.001612
-2.350666 8.965000 0.001612
-2.502322 8.965000 0.001612
-2.653978 8.965000 0.001612
-2.805634 8.965000 0.001612
-2.957290 8.965000 0.001612
-3.066449 8.855842 0.001612
-3.175607 8.746683 0.001612
-3.284766 8.637525 0.001612
-3.393924 8.528366 0.001612
-3.503082 8.419208 0.001612
-3.612241 8.310049 0.001612
-3.721399 8.200891 0.001612
-3.830558 8.091732 0.001612
-3.939716 7.982574 0.001612
-4.048875 7.873415 0.001612
-4.158033 7.764257 0.001612
-4.267192 7.655098 0.001612
-4.376350 7.545940 0.001612
-4.485509 7.436781 0.001612
-4.594667 7.327623 0.001612
-4.703826 7.218464 0.001612
-4.812984 7.109306 0.001612
-4.922143 7.000147 0.001612
-4.922143 6.849606 0.001612
-4.922143 6.699066 0.001612
-4.922143 6.548525 0.001612
-4.922143 6.397984 0.001612
-4.922143 6.247443 0.001612
-4.922143 6.096902 0.001612
-4.922143 5.946362 0.001612
-4.922143 5.795821 0.001612
-4.922143 5.645280 0.001612
-4.922143 5.494739 0.001612
-4.922143 5.344198 0.001612
-4.922143 5.193658 0.001612
-4.922143 5.043117 0.001612
-4.922143 4.892576 0.001612
-4.922143 4.742035 0.001612
-4.922143 4.591494 0.001612
-4.922143 4.440954 0.001612
-4.922143 4.290413 0.001612
-4.922143 4.139872 0.001612
-4.922143 3.989331 0.001612
-4.922143 3.838790 0.001612
-4.922143 3.688250 0.001612
-4.922143 3.537709 0.001612
-4.922143 3.387168 0.001612
-4.922143 3.236627 0.001612
-4.922143 3.086086 0.001612
-4.922143 2.935546 0.001612
-4.922143 2.785005 0.001612
-4.922143 2.634464 0.001612
-4.922143 2.483923 0.001612
-4.922143 2.333382 0.001612
-4.922143 2.182842 0.001612
-4.922143 2.032301 0.001612
-4.922143 1.881760 0.001612
-4.922143 1.731219 0.001612
-4.922143 1.580678 0.001612
-4.922143 1.430138 0.001612
-4.922143 1.279597 0.001612
-4.922143 1.129056 0.001612
-4.922143 0.978515 0.001612
-4.922143 0.827974 0.001612
-4.922143 0.677434 0.001612
-4.922143 0.526893 0.001612
-4.922143 0.376352 0.001612
-4.922143 0.225811 0.001612
-4.922143 0.075270 0.001612
-4.922143 -0.075270 0.001612
-4.922143 -0.225811 0.001612
-4.922143 -0.376352 0.001612
-4.922143 -0.526893 0.001612
-4.922143 -0.677434 0.001612
-4.922143 -0.827974 0.001612
-4.922143 -0.978515 0.001612
-4.922143 -1.129056 0.001612
-4.922143 -1.279597 0.001612
-4.922143 -1.430138 0.001612
-4.922143 -1.580678 0.001612
-4.922143 -1.731219 0.001612
-4.922143 -1.881760 0.001612
-4.922143 -2.032301 0.001612
-4.922143 -2.182842 0.001612
-4.922143 -2.333382 0.001612
-4.922143 -2.483923 0.001612
-4.922143 -2.634464 0.001612
-4.922143 -2.785005 0.001612
-4.922143 -2.935546 0.001612
-4.922143 -3.086086 0.001612
-4.922143 -3.236627 0.001612
-4.922143 -3.387168 0.001612
-4.922143 -3.537709 0.001612
-4.922143 -3.688250 0.001612
-4.922143 -3.838790 0.001612
-4.922143 -3.989331 0.001612
-4.922143 -4.139872 0.001612
-4.922143 -4.290413 0.001612
-4.922143 -4.440954 0.001612
-4.922143 -4.591494 0.001612
-4.922143 -4.742035 0.001612
-4.922143 -4.892576 0.001612
-4.922143 -5.043117 0.001612
-4.922143 -5.193658 0.001612
-4.922143 -5.344198 0.001612
-4.922143 -5.494739 0.001612
-4.922143 -5.645280 0.001612
-4.922143 -5.795821 0.001612
-4.922143 -5.946362 0.001612
-4.922143 -6.096902 0.001612
-4.922143 -6.247443 0.001612
-4.922143 -6.397984 0.001612
-4.922143 -6.548525 0.001612
-4.922143 -6.699066 0.001612
-4.922143 -6.849606 0.001612
-4.922143 -7.000147 0.001612
-4.812984 -7.109306 0.001612
-4.703826 -7.218464 0.001612
-4.594667 -7.327623 0.001612
-4.485509 -7.436781 0.001612
-4.376350 -7.545940 0.001612
-4.267192 -7.655098 0.001612
-4.158033 -7.764257 0.001612
-4.048875 -7.873415 0.001612
-3.939716 -7.982574 0.001612
-3.830558 -8.091732 0.001612
-3.721399 -8.200891 0.001612
-3.612241 -8.310049 0.001612
-3.503082 -8.419208 0.001612
-3.393924 -8.528366 0.001612
-3.284766 -8.637525 0.001612
-3.175607 -8.746683 0.001612
-3.066449 -8.855842 0.001612
-2.957290 -8.965000 0.001612
-2.805634 -8.965000 0.001612
-2.653978 -8.965000 0.001612
-2.502322 -8.965000 0.001612
-2.350666 -8.965000 0.001612
-2.199011 -8.965000 0.001612
-2.047355 -8.965000 0.001612
-1.895699 -8.965000 0.001612
-1.744043 -8.965000 0.001612
-1.592387 -8.965000 0.001612
-1.440731 -8.965000 0.001612
-1.289075 -8.965000 0.001612
-1.137419 -8.965000 0.001612
-0.985763 -8.965000 0.001612
-0.834107 -8.965000 0.001612
-0.682452 -8.965000 0.001612
-0.530796 -8.965000 0.001612
-0.379140 -8.965000 0.001612
-0.227484 -8.965000 0.001612
-0.075828 -8.965000 0.001612
0.075828 -8.965000 0.001612
0.227484 -8.965000 0.001612
0.379140 -8.965000 0.001612
0.530796 -8.965000 0.001612
0.682452 -8.965000 0.001612
0.834107 -8.965000 0.001612
0.985763 -8.965000 0.001612
1.137419 -8.965000 0.001612
1.289075 -8.965000 0.001612
1.440731 -8.965000 0.001612
1.592387 -8.965000 0.001612
1.744043 -8.965000 0.001612
1.895699 -8.965000 0.001612
2.047355 -8.965000 0.001612
2.199011 -8.965000 0.001612
2.350666 -8.965000 0.001612
2.502322 -8.965000 0.001612
2.653978 -8.965000 0.001612
2.805634 -8.965000 0.001612
2.957290 -8.965000 0.001612
3.066449 -8.855842 0.001612
3.175607 -8.746683 0.001612
3.284766 -8.637525 0.001612
3.393924 -8.528366 0.001612
3.503082 -8.419208 0.001612
3.612241 -8.310049 0.001612
3.721399 -8.200891 0.001612
3.830558 -8.091732 0.001612
3.939716 -7.982574 0.001612
4.048875 -7.873415 0.001612
4.158033 -7.764257 0.001612
4.267192 -7.655098 0.001612
4.376350 -7.545940 0.001612
4.485509 -7.436781 0.001612
4.594667 -7.327623 0.001612
4.703826 -7.218464 0.001612
4.812984 -7.109306 0.001612
4.922143 -7.000147 0.001612
4.922143 -6.849606 0.001612
4.922143 -6.699066 0.001612
4.922143 -6.548525 0.001612
4.922143 -6.397984 0.001612
4.922143 -6.247443 0.001612
4.922143 -6.096902 0.001612
4.922143 -5.946362 0.001612
4.922143 -5.795821 0.001612
4.922143 -5.645280 0.001612
4.922143 -5.494739 0.001612
4.922143 -5.344198 0.001612
4.922143 -5.193658 0.001612
4.922143 -5.043117 0.001612
4.922143 -4.892576 0.001612
4.922143 -4.742035 0.001612
4.922143 -4.591494 0.001612
4.922143 -4.440954 0.001612
4.922143 -4.290413 0.001612
4.922143 -4.139872 0.001612
4.922143 -3.989331 0.001612
4.922143 -3.838790 0.001612
4.922143 -3.688250 0.001612
4.922143 -3.537709 0.001612
4.922143 -3.387168 0.001612
4.922143 -3.236627 0.001612
4.922143 -3.086086 0.001612
4.922143 -2.935546 0.001612
4.922143 -2.785005 0.001612
4.922143 -2.634464 0.001612
4.922143 -2.483923 0.001612
4.922143 -2.333382 0.001612
4.922143 -2.182842 0.001612
4.922143 -2.032301 0.001612
4.922143 -1.881760 0.001612
4.922143 -1.731219 0.001612
4.922143 -1.580678 0.001612
4.922143 -1.430138 0.001612
4.922143 -1.279597 0.001612
4.922143 -1.129056 0.001612
4.922143 -0.978515 0.001612
4.922143 -0.827974 0.001612
4.922143 -0.677434 0.001612
4.922143 -0.526893 0.001612
4.922143 -0.376352 0.001612
4.922143 -0.225811 0.001612
4.922143 -0.075270 0.001612
4.922143 0.075270 0.001612
4.922143 0.225811 0.001612
4.922143 0.376352 0.001612
4.922143 0.526893 0.001612
4.922143 0.677434 0.001612
4.922143 0.827974 0.001612
4.922143 0.978515 0.001612
4.922143 1.129056 0.001612
4.922143 1.279597 0.001612
4.922143 1.430138 0.001612
4.922143 1.580678 0.001612
4.922143 1.731219 0.001612
4.922143 1.881760 0.001612
4.922143 2.032301 0.001612
4.922143 2.182842 0.001612
4.922143 2.333382 0.001612
4.922143 2.483923 0.001612
4.922143 2.634464 0.001612
4.922143 2.785005 0.001612
4.922143 2.935546 0.001612
4.922143 3.086086 0.001612
4.922143 3.236627 0.001612
4.922143 3.387168 0.001612
4.922143 3.537709 0.001612
4.922143 3.688250 0.001612
4.922143 3.838790 0.001612
4.922143 3.989331 0.001612
4.922143 4.139872 0.001612
4.922143 4.290413 0.001612
4.922143 4.440954 0.001612
4.922143 4.591494 0.001612
4.922143 4.742035 0.001612
4.922143 4.892576 0.001612
4.922143 5.043117 0.001612
4.922143 5.193658 0.001612
4.922143 5.344198 0.001612
4.922143 5.494739 0.001612
4.922143 5.645280 0.001612
4.922143 5.795821 0.001612
4.922143 5.946362 0.001612
4.922143 6.096902 0.001612
4.922143 6.247443 0.001612
4.922143 6.397984 0.001612
4.922143 6.548525 0.001612
4.922143 6.699066 0.001612
4.922143 6.849606 0.001612
3.042143 6.249853 0.000804
2.922836 6.369160 0.000804
2.803529 6.488466 0.000804
2.684223 6.607773 0.000804
2.564916 6.727080 0.000804
2.445609 6.846387 0.000804
2.326302 6.965693 0.000804
2.206996 7.085000 0.000804
2.054789 7.085000 0.000804
1.902582 7.085000 0.000804
1.750376 7.085000 0.000804
1.598169 7.085000 0.000804
1.445963 7.085000 0.000804
1.293756 7.085000 0.000804
1.141549 7.085000 0.000804
0.989343 7.085000 0.000804
0.837136 7.085000 0.000804
0.684930 7.085000 0.000804
0.532723 7.085000 0.000804
0.380516 7.085000 0.000804
0.228310 7.085000 0.000804
0.076103 7.085000 0.000804
-0.076103 7.085000 0.000804
-0.228310 7.085000 0.000804
-0.380516 7.085000 0.000804
-0.532723 7.085000 0.000804
-0.684930 7.085000 0.000804
-0.837136 7.085000 0.000804
-0.989343 7.085000 0.000804
-1.141549 7.085000 0.000804
-1.293756 7.085000 0.000804
-1.445963 7.085000 0.000804
-1.598169 7.085000 0.000804
-1.750376 7.085000 0.000804
-1.902582 7.085000 0.000804
-2.054789 7.085000 0.000804
-2.206996 7.085000 0.000804
-2.326302 6.965693 0.000804
-2.445609 6.846387 0.000804
-2.564916 6.727080 0.000804
-2.684223 6.607773 0.000804
-2.803529 6.488466 0.000804
-2.922836 6.369160 0.000804
-3.042143 6.249853 0.000804
-3.042143 6.099104 0.000804
-3.042143 5.948356 0.000804
-3.042143 5.797607 0.000804
-3.042143 5.646858 0.000804
-3.042143 5.496110 0.000804
-3.042143 5.345361 0.000804
-3.042143 5.194612 0.000804
-3.042143 5.043864 0.000804
-3.042143 4.893115 0.000804
-3.042143 4.742366 0.000804
-3.042143 4.591618 0.000804
-3.042143 4.440869 0.000804
-3.042143 4.290120 0.000804
-3.042143 4.139372 0.000804
-3.042143 3.988623 0.000804
-3.042143 3.837874 0.000804
-3.042143 3.687126 0.000804
-3.042143 3.536377 0.000804
-3.042143 3.385628 0.000804
-3.042143 3.234880 0.000804
-3.042143 3.084131 0.000804
-3.042143 2.933382 0.000804
-3.042143 2.782634 0.000804
-3.042143 2.631885 0.000804
-3.042143 2.481136 0.000804
-3.042143 2.330388 0.000804
-3.042143 2.179639 0.000804
-3.042143 2.028890 0.000804
-3.042143 1.878142 0.000804
-3.042143 1.727393 0.000804
-3.042143 1.576644 0.000804
-3.042143 1.425896 0.000804
-3.042143 1.275147 0.000804
-2.922836 1.155840 0.000804
-2.803529 1.036534 0.000804
-2.684223 0.917227 0.000804
-2.564916 0.797920 0.000804
-2.445609 0.678613 0.000804
-2.326302 0.559307 0.000804
-2.206996 0.440000 0.000804
-2.054789 0.440000 0.000804
-1.902582 0.440000 0.000804
-1.750376 0.440000 0.000804
-1.598169 0.440000 0.000804
-1.445963 0.440000 0.000804
-1.293756 0.440000 0.000804
-1.141549 0.440000 0.000804
-0.989343 0.440000 0.000804
-0.837136 0.440000 0.000804
-0.684930 0.440000 0.000804
-0.532723 0.440000 0.000804
-0.380516 0.440000 0.000804
-0.228310 0.440000 0.000804
-0.076103 0.440000 0.000804
0.076103 0.440000 0.000804
0.228310 0.440000 0.000804
0.380516 0.440000 0.000804
0.532723 0.440000 0.000804
0.684930 0.440000 0.000804
0.837136 0.440000 0.000804
0.989343 0.440000 0.000804
1.141549 0.440000 0.000804
1.293756 0.440000 0.000804
1.445963 0.440000 0.000804
1.598169 0.440000 0.000804
1.750376 0.440000 0.000804
1.902582 0.440000 0.000804
2.054789 0.440000 0.000804
2.206996 0.440000 0.000804
2.326302 0.559307 0.000804
2.445609 0.678613 0.000804
2.564916 0.797920 0.000804
2.684223 0.917227 0.000804
2.803529 1.036534 0.000804
2.922836 1.155840 0.000804
3.042143 1.275147 0.000804
3.042143 1.425896 0.000804
3.042143 1.576644 0.000804
3.042143 1.727393 0.000804
3.042143 1.878142 0.000804
3.042143 2.028890 0.000804
3.042143 2.179639 0.000804
3.042143 2.330388 0.000804
3.042143 2.481136 0.000804
3.042143 2.631885 0.000804
3.042143 2.782634 0.000804
3.042143 2.933382 0.000804
3.042143 3.084131 0.000804
3.042143 3.234880 0.000804
3.042143 3.385628 0.000804
3.042143 3.536377 0.000804
3.042143 3.687126 0.000804
3.042143 3.837874 0.000804
3.042143 3.988623 0.000804
3.042143 4.139372 0.000804
3.042143 4.290120 0.000804
3.042143 4.440869 0.000804
3.042143 4.591618 0.000804
3.042143 4.742366 0.000804
3.042143 4.893115 0.000804
3.042143 5.043864 0.000804
3.042143 5.194612 0.000804
3.042143 5.345361 0.000804
3.042143 5.496110 0.000804
3.042143 5.646858 0.000804
3.042143 5.797607 0.000804
3.042143 5.948356 0.000804
3.042143 6.099104 0.000804
3.042143 -1.275147 0.000804
2.922836 -1.155840 0.000804
2.803529 -1.036534 0.000804
2.684223 -0.917227 0.000804
2.564916 -0.797920 0.000804
2.445609 -0.678613 0.000804
2.326302 -0.559307 0.000804
2.206996 -0.440000 0.000804
2.054789 -0.440000 0.000804
1.902582 -0.440000 0.000804
1.750376 -0.440000 0.000804
1.598169 -0.440000 0.000804
1.445963 -0.440000 0.000804
1.293756 -0.440000 0.000804
1.141549 -0.440000 0.000804
0.989343 -0.440000 0.000804
0.837136 -0.440000 0.000804
0.684930 -0.440000 0.000804
0.532723 -0.440000 0.000804
0.380516 -0.440000 0.000804
0.228310 -0.440000 0.000804
0.076103 -0.440000 0.000804
-0.076103 -0.440000 0.000804
-0.228310 -0.440000 0.000804
-0.380516 -0.440000 0.000804
-0.532723 -0.440000 0.000804
-0.684930 -0.440000 0.000804
-0.837136 -0.440000 0.000804
-0.989343 -0.440000 0.000804
-1.141549 -0.440000 0.000804
-1.293756 -0.440000 0.000804
-1.445963 -0.440000 0.000804
-1.598169 -0.440000 0.000804
-1.750376 -0.440000 0.000804
-1.902582 -0.440000 0.000804
-2.054789 -0.440000 0.000804
-2.206996 -0.440000 0.000804
-2.326302 -0.559307 0.000804
-2.445609 -0.678613 0.000804
-2.564916 -0.797920 0.000804
-2.684223 -0.917227 0.000804
-2.803529 -1.036534 0.000804
-2.922836 -1.155840 0.000804
-3.042143 -1.275147 0.000804
-3.042143 -1.425896 0.000804
-3.042143 -1.576644 0.000804
-3.042143 -1.727393 0.000804
-3.042143 -1.878142 0.000804
-3.042143 -2.028890 0.000804
-3.042143 -2.179639 0.000804
-3.042143 -2.330388 0.000804
-3.042143 -2.481136 0.000804
-3.042143 -2.631885 0.000804
-3.042143 -2.782634 0.000804
-3.042143 -2.933382 0.000804
-3.042143 -3.084131 0.000804
-3.042143 -3.234880 0.000804
-3.042143 -3.385628 0.000804
-3.042143 -3.536377 0.000804
-3.042143 -3.687126 0.000804
-3.042143 -3.837874 0.000804
-3.042143 -3.988623 0.000804
-3.042143 -4.139372 0.000804
-3.042143 -4.290120 0.000804
-3.042143 -4.440869 0.000804
-3.042143 -4.591618 0.000804
-3.042143 -4.742366 0.000804
-3.042143 -4.893115 0.000804
-3.042143 -5.043864 0.000804
-3.042143 -5.194612 0.000804
-3.042143 -5.345361 0.000804
-3.042143 -5.496110 0.000804
-3.042143 -5.646858 0.000804
-3.042143 -5.797607 0.000804
-3.042143 -5.948356 0.000804
-3.042143 -6.099104 0.000804
-3.042143 -6.249853 0.000804
-2.922836 -6.369160 0.000804
-2.803529 -6.488466 0.000804
-2.684223 -6.607773 0.000804
-2.564916 -6.727080 0.000804
-2.445609 -6.846387 0.000804
-2.326302 -6.965693 0.000804
-2.206996 -7.085000 0.000804
-2.054789 -7.085000 0.000804
-1.902582 -7.085000 0.000804
-1.750376 -7.085000 0.000804
-1.598169 -7.085000 0.000804
-1.445963 -7.085000 0.000804
-1.293756 -7.085000 0.000804
-1.141549 -7.085000 0.000804
-0.989343 -7.085000 0.000804
-0.837136 -7.085000 0.000804
-0.684930 -7.085000 0.000804
-0.532723 -7.085000 0.000804
-0.380516 -7.085000 0.000804
-0.228310 -7.085000 0.000804
-0.076103 -7.085000 0.000804
0.076103 -7.085000 0.000804
0.228310 -7.085000 0.000804
0.380516 -7.085000 0.000804
0.532723 -7.085000 0.000804
0.684930 -7.085000 0.000804
0.837136 -7.085000 0.000804
0.989343 -7.085000 0.000804
1.141549 -7.085000 0.000804
1.293756 -7.085000 0.000804
1.445963 -7.085000 0.000804
1.598169 -7.085000 0.000804
1.750376 -7.085000 0.000804
1.902582 -7.085000 0.000804
2.054789 -7.085000 0.000804
2.206996 -7.085000 0.000804
2.326302 -6.965693 0.000804
2.445609 -6.846387 0.000804
2.564916 -6.727080 0.000804
2.684223 -6.607773 0.000804
2.803529 -6.488466 0.000804
2.922836 -6.369160 0.000804
3.042143 -6.249853 0.000804
3.042143 -6.099104 0.000804
3.042143 -5.948356 0.000804
3.042143 -5.797607 0.000804
3.042143 -5.646858 0.000804
3.042143 -5.496110 0.000804
3.042143 -5.345361 0.000804
3.042143 -5.194612 0.000804
3.042143 -5.043864 0.000804
3.042143 -4.893115 0.000804
3.042143 -4.742366 0.000804
3.042143 -4.591618 0.000804
3.042143 -4.440869 0.000804
3.042143 -4.290120 0.000804
3.042143 -4.139372 0.000804
3.042143 -3.988623 0.000804
3.042143 -3.837874 0.000804
3.042143 -3.687126 0.000804
3.042143 -3.536377 0.000804
3.042143 -3.385628 0.000804
3.042143 -3.234880 0.000804
3.042143 -3.084131 0.000804
3.042143 -2.933382 0.000804
3.042143 -2.782634 0.000804
3.042143 -2.631885 0.000804
3.042143 -2.481136 0.000804
3.042143 -2.330388 0.000804
3.042143 -2.179639 0.000804
3.042143 -2.028890 0.000804
3.042143 -1.878142 0.000804
3.042143 -1.727393 0.000804
3.042143 -1.576644 0.000804
3.042143 -1.425896 0.000804
