0.091923 0.332564 0.044441
0.089829 6.892095 0.043291
0.206954 0.230335 0.053459
4.417757 2.706527 0.043832
1.798536 -8.572384 0.043545
3.333895 -7.791617 0.043178
3.129353 -7.856177 0.050746
3.065578 -8.031017 0.048477
2.612829 -8.494837 0.044215
4.106291 -7.016944 0.043244
4.354181 -6.763470 0.044282
4.174320 -6.829990 0.043425
0.100685 7.200926 0.047281
0.190514 6.989478 0.044597
3.054676 2.909649 0.042812
3.179683 3.009350 0.048421
2.861986 2.944807 0.043842
2.767425 3.064427 0.042233
3.636540 -0.970403 0.046063
0.094201 -8.253488 0.043090
0.085286 -8.570084 0.036428
0.179487 -8.450053 0.049874
1.481239 -8.569108 0.043812
1.633211 -8.476493 0.047123
0.724831 -8.452854 0.045497
1.791204 -7.508540 0.044331
2.612709 8.494915 0.044201
2.118987 8.572367 0.043342
2.435640 8.571085 0.042641
2.288823 8.478452 0.046861
1.481108 8.569122 0.043803
0.613510 8.559076 0.041919
0.449909 8.439041 0.044712
1.314046 8.468938 0.046603
3.333268 7.792173 0.043175
3.065152 8.031381 0.048462
3.128775 7.856623 0.050726
3.023460 7.739841 0.040399
4.446756 2.439809 0.037914
4.328084 2.575326 0.043003
3.379381 2.957164 0.047569
3.521063 3.093331 0.043306
3.057082 2.716601 0.042434
3.651555 2.782670 0.042097
3.447180 2.814649 0.041790
3.474820 3.249350 0.044866
3.483120 3.567245 0.044349
3.596515 3.405318 0.039634
3.986556 2.807971 0.047495
3.789256 2.887798 0.046364
3.726563 3.055945 0.045132
4.440561 3.497374 0.039110
3.855696 3.681598 0.040510
4.319501 -2.826592 0.040895
2.692807 -7.819294 0.048249
2.329279 -7.800733 0.046664
2.494811 -7.726205 0.042910
2.477526 -7.552694 0.044446
2.144330 -7.703663 0.043818
2.435734 -8.571057 0.042644
2.651711 -8.321680 0.045523
2.705618 -7.984398 0.046558
2.839423 -8.262877 0.046239
2.874756 -8.087564 0.046835
2.147975 -8.041275 0.044226
2.332332 -7.965522 0.044490
2.510675 -8.056097 0.043873
2.492100 -8.218067 0.045804
4.436926 -6.595347 0.038229
2.931075 -6.691206 0.043741
2.925949 -6.876952 0.045597
2.750989 2.789633 0.039704
2.864392 2.658453 0.045836
2.769832 2.513472 0.044265
2.331968 7.965702 0.044475
2.306224 8.298665 0.043474
2.140413 8.212461 0.046119
2.147648 8.041420 0.044216
4.331704 4.553934 0.048241
3.341171 -1.525782 0.044173
0.048151 -0.160191 0.040280
0.164281 -0.346088 0.049077
0.333830 -0.251082 0.051638
0.163182 0.030913 0.048744
0.332731 -0.059978 0.052766
0.520015 -0.344994 0.050536
3.111187 0.173128 0.046063
3.280241 0.080874 0.045824
3.272608 -0.093730 0.044539
4.447884 -0.688206 0.033765
3.796570 -0.878729 0.044833
3.978770 -0.963173 0.046774
4.130350 -0.869943 0.041892
4.322100 -0.605360 0.048775
4.127665 -0.695542 0.041242
3.458700 -0.880940 0.045760
3.643529 -1.150666 0.046723
3.488127 -1.427987 0.046187
3.475020 -1.243953 0.045291
2.402562 -6.479264 0.039920
2.769314 -6.585643 0.047087
2.741262 -5.777535 0.040070
2.857051 -5.903689 0.043183
2.617916 -6.695673 0.047210
2.478165 -6.643191 0.038156
1.632710 -6.872752 0.046371
0.449945 -8.439036 0.044724
0.349344 -8.544970 0.045680
0.613549 -8.559066 0.041925
1.795773 -8.209968 0.046019
1.626359 -8.294234 0.044046
1.453493 -8.194870 0.047279
0.888259 -8.558787 0.043738
0.679892 -8.239070 0.046194
1.442921 -6.971416 0.049125
0.094194 8.253484 0.043087
0.349330 8.544965 0.045680
0.085284 8.570085 0.036426
0.179478 8.450050 0.049872
1.176378 8.564816 0.043737
0.724759 8.452867 0.045488
0.888190 8.558791 0.043731
1.011169 8.458607 0.045789
0.083290 7.609075 0.043599
0.701746 7.600618 0.046306
1.293104 8.276977 0.044720
2.839165 8.263099 0.046222
2.874379 8.087842 0.046823
2.705206 7.984651 0.046535
2.651482 8.321830 0.045513
2.510324 8.056291 0.043864
2.491815 8.218213 0.045786
3.393956 7.602093 0.045174
4.354039 6.763893 0.044240
4.121026 6.527646 0.043081
3.102040 6.612871 0.046542
3.256590 6.713842 0.042741
3.537421 6.927232 0.044432
3.161484 6.100520 0.042880
3.121398 6.439232 0.043156
3.987127 6.417211 0.047531
3.497163 6.109689 0.043677
3.323634 6.191127 0.045935
3.305104 6.364692 0.044440
3.663805 6.208707 0.046875
2.213829 6.510822 0.039546
4.421065 2.170842 0.042915
4.331392 2.298342 0.042447
3.158542 3.208108 0.048948
3.311997 3.311940 0.041828
3.313407 3.510242 0.041062
3.161372 3.612998 0.049756
4.319506 2.831619 0.040884
4.117906 2.888494 0.040121
4.341355 3.650191 0.044746
4.155275 3.640375 0.041082
4.041894 3.759885 0.042361
3.839646 3.179756 0.042934
3.755841 3.373110 0.047109
3.862057 3.499015 0.041278
4.051594 3.474979 0.040220
3.181204 3.813597 0.048733
3.723458 3.768721 0.046160
3.527017 3.715580 0.044304
3.377136 3.859175 0.046619
3.442234 3.999580 0.041978
4.438166 -2.957269 0.039695
4.420986 -2.165822 0.042908
4.429268 -3.223232 0.041525
4.331006 -3.090059 0.041716
4.117923 -2.883297 0.040160
4.129428 -3.056995 0.041319
4.024834 -3.177400 0.045649
2.767503 -3.061653 0.042292
3.986672 -2.802737 0.047550
2.769931 -2.510519 0.044285
2.768978 -3.786205 0.042528
4.445940 -5.516053 0.037579
4.447340 -4.982826 0.034892
3.024133 -7.739465 0.040392
2.833683 -7.728790 0.041545
2.119117 -8.572343 0.043348
1.961112 -8.479728 0.046745
1.965201 -8.299569 0.044164
2.140691 -8.212351 0.046132
2.288989 -8.478401 0.046872
2.306474 -8.298567 0.043484
3.102408 -6.612122 0.046555
4.420514 -6.329507 0.042869
4.321011 -6.477648 0.048876
4.002352 -6.235462 0.048604
4.330790 -6.203497 0.042993
4.146024 -6.154163 0.040719
3.168150 2.400197 0.045136
3.179409 2.603989 0.050602
3.353372 2.657288 0.043286
4.448277 0.170482 0.034146
4.323069 0.083390 0.048694
3.339018 2.285184 0.043394
1.798395 8.572403 0.043537
1.960934 8.479770 0.046733
1.964959 8.299651 0.044154
1.633039 8.476525 0.047112
4.447554 4.298192 0.034546
4.447554 4.467750 0.033266
3.666282 4.216816 0.043281
3.775017 3.950534 0.042602
3.643673 4.037799 0.042805
3.183655 5.921772 0.046267
2.745855 -1.663745 0.038517
3.037790 -1.731398 0.040385
2.766963 -1.943596 0.043581
2.856390 -1.795986 0.044540
3.087307 -0.182417 0.047345
3.983475 -1.143608 0.048340
3.808264 -1.239426 0.044256
4.447884 -0.858970 0.034277
4.324785 -0.950525 0.048325
4.448081 -0.345308 0.034259
4.322297 -0.433374 0.048572
4.448081 -0.173755 0.033944
4.322873 -0.089390 0.048655
3.449813 -0.702497 0.044685
3.307395 -1.154099 0.046134
3.298064 -0.971349 0.045554
2.437893 -6.325547 0.046013
3.354413 -5.279628 0.043909
2.771208 -6.977776 0.046767
2.624936 -6.902060 0.040699
2.463244 -7.194876 0.044588
2.468141 -7.015843 0.042888
1.453986 -8.018798 0.044313
1.468317 -7.668346 0.043841
1.798579 -8.034941 0.044917
1.974699 -7.780643 0.045746
1.975291 -7.953467 0.044935
1.801152 -7.685509 0.044332
1.632822 -7.766528 0.045525
1.629657 -7.943135 0.044816
1.176483 -8.564806 0.043746
1.314196 -8.468914 0.046615
1.293302 -8.276935 0.044728
1.011281 -8.458593 0.045801
0.811022 -8.140289 0.047629
1.123291 -8.168112 0.047342
0.978983 -8.253879 0.045160
1.289084 -6.883663 0.047751
0.975562 -6.889846 0.047819
1.112106 -6.988509 0.047428
1.429427 -7.146858 0.043884
1.603292 -7.230250 0.047158
1.611525 -7.410298 0.045771
1.456968 -7.489086 0.042578
0.105154 7.938405 0.048421
0.188444 7.793159 0.045705
0.199348 8.117265 0.050867
0.368759 7.768367 0.046540
0.385211 8.207907 0.046526
0.226391 7.287477 0.056458
0.208996 7.474949 0.048197
0.389310 7.566480 0.043282
0.546585 7.485647 0.053961
0.873511 7.504687 0.051938
0.373688 6.882383 0.040905
1.468027 7.668423 0.043833
1.007856 7.633364 0.050699
1.163515 7.585604 0.042221
1.298864 7.733286 0.042486
1.287705 7.907136 0.046646
2.462697 7.195104 0.044574
3.575310 7.531874 0.047597
3.096426 7.557657 0.041270
3.262429 7.484360 0.048596
4.105865 7.017583 0.043202
3.881531 6.782456 0.042662
4.056987 6.711738 0.045006
4.174062 6.830742 0.043365
4.420491 6.330466 0.042803
4.436901 6.595833 0.038158
4.320963 6.478589 0.048829
4.422888 5.787368 0.042551
4.011685 5.675114 0.047223
2.402395 6.479410 0.039909
4.002271 6.237034 0.048567
4.012680 5.863521 0.047605
3.827768 6.130282 0.042930
3.835780 5.947035 0.044464
3.432854 6.636073 0.044966
3.462010 6.460562 0.044217
3.576470 6.742680 0.043506
3.754445 6.668920 0.045859
3.796002 6.487768 0.043441
3.647182 6.386016 0.045770
1.774499 7.154991 0.044344
1.790820 7.508665 0.044324
1.790556 6.972902 0.048085
1.632626 6.872746 0.046372
1.974962 7.953610 0.044923
1.974329 7.780802 0.045738
1.800793 7.685645 0.044321
1.632510 7.766638 0.045520
4.445901 1.903036 0.037470
4.330537 2.030172 0.044434
4.142938 1.972167 0.040695
4.142861 2.342305 0.040980
3.999625 2.619023 0.046648
4.139553 2.525332 0.040455
3.024274 3.310470 0.040410
2.741728 3.343067 0.034147
2.852725 3.231424 0.049887
3.025694 3.517060 0.039794
2.741728 3.517613 0.032852
2.854145 3.612559 0.050185
4.438177 2.961834 0.039658
4.333373 3.364001 0.042784
4.130485 3.351422 0.041676
4.429240 3.227503 0.041483
4.330989 3.094817 0.041656
4.129389 3.061996 0.041285
4.024753 3.182103 0.045580
4.437222 3.777772 0.039026
4.330137 4.197891 0.047484
4.419011 4.037883 0.042629
4.319804 3.931947 0.043148
4.110556 3.923876 0.044157
3.975916 4.027403 0.043962
3.053574 3.916289 0.042744
4.419084 -4.034766 0.042641
4.447551 -4.295409 0.034578
4.330206 -4.194750 0.047520
4.437200 -3.774243 0.039099
4.319855 -3.928353 0.043266
3.643832 -4.034478 0.042845
3.442355 -3.996329 0.042019
3.350242 -4.158442 0.043303
4.143710 -4.277186 0.041455
3.998813 -4.195331 0.047029
4.421596 -1.633004 0.041571
4.445839 -1.898246 0.037415
4.330396 -2.024482 0.044562
4.331006 -1.746489 0.041522
4.142567 -1.965561 0.040801
4.143177 -1.779348 0.040681
4.417763 -2.701746 0.043860
3.377300 -3.855748 0.046685
3.181464 -3.810167 0.048782
3.527178 -3.711905 0.044362
3.483291 -3.563358 0.044378
4.440555 -3.493455 0.039166
4.333395 -3.359581 0.042816
4.341327 -3.646137 0.044810
4.130538 -3.346814 0.041731
3.839748 -3.175256 0.042990
3.755951 -3.368914 0.047152
3.596640 -3.401225 0.039671
3.474998 -3.245190 0.044884
2.852777 -3.228413 0.049939
2.854253 -3.609727 0.050255
3.179749 -2.599651 0.050660
3.179961 -3.005329 0.048472
2.751047 -2.786752 0.039743
2.864549 -2.655090 0.045873
2.862121 -2.941567 0.043905
3.054929 -2.905787 0.042860
3.057357 -2.712650 0.042476
2.862314 -3.892302 0.042752
3.053728 -3.913012 0.042791
4.447551 -4.465040 0.033266
4.447340 -4.814026 0.032779
2.781477 -7.172588 0.041732
2.630308 -7.275905 0.044436
2.639337 -7.460884 0.046618
2.797498 -7.543890 0.041668
4.057179 -6.710644 0.045034
4.121124 -6.526426 0.043125
3.987230 -6.415759 0.047556
3.161596 -6.099156 0.042910
3.121680 -6.438279 0.043188
3.323753 -6.189648 0.045965
3.305292 -6.363396 0.044463
3.852174 -7.284276 0.040352
3.929404 -7.093705 0.041420
3.078195 -6.984102 0.043147
4.446705 -6.059742 0.037909
4.332403 -5.645052 0.044212
4.422892 -5.785718 0.042605
4.333168 -5.919173 0.044426
4.146625 -5.584458 0.040647
4.011688 -5.673122 0.047263
4.012702 -5.861663 0.047643
4.148403 -5.963729 0.040785
4.447410 1.204490 0.032670
4.325871 1.129425 0.048686
3.646970 0.976611 0.046251
3.822917 1.794990 0.044304
3.669810 1.709080 0.045873
3.820337 4.300885 0.042956
4.145166 4.466960 0.040580
4.143599 4.280475 0.041400
3.998627 4.198736 0.046981
4.423300 5.249614 0.041323
4.447342 4.816500 0.032751
4.331491 4.737811 0.047616
4.145336 4.835230 0.040047
4.148059 5.022124 0.041636
4.447342 4.985192 0.034876
4.334214 5.093396 0.046705
3.354516 5.281774 0.043877
2.857092 5.904475 0.043141
3.041961 5.833268 0.040432
3.510522 5.929490 0.045496
3.359165 5.832180 0.043799
3.685177 5.845262 0.045499
3.358913 5.648856 0.043974
2.741332 5.778120 0.040024
2.856123 -2.081734 0.045627
2.745589 -2.230533 0.039203
2.859091 -2.376625 0.043514
0.514078 0.037673 0.049613
3.624161 0.082185 0.046241
3.451312 0.169934 0.044730
3.794127 0.346259 0.044308
3.791536 0.170136 0.043939
4.128869 0.169500 0.041453
3.971866 0.082455 0.047126
3.083855 -0.352406 0.045360
3.267379 -0.436843 0.044849
3.275052 -0.611476 0.046777
2.909826 -0.440830 0.045329
4.142534 -1.408889 0.042534
4.134268 -1.226005 0.040370
4.447097 -1.370158 0.034713
4.332264 -1.476981 0.047283
4.447097 -1.202214 0.032800
4.323998 -1.126152 0.048944
3.668194 -1.701677 0.045954
3.821722 -1.787801 0.044414
3.665495 -1.516524 0.045813
3.817122 -1.421250 0.044645
4.002501 -1.689714 0.047531
4.000600 -1.508316 0.047542
3.970428 -0.091422 0.046725
4.127235 -0.177157 0.041664
4.126659 -0.349589 0.041585
3.142743 -1.247335 0.045898
3.163412 -1.434984 0.047495
3.034806 -1.535465 0.040770
2.763979 -1.382899 0.041487
2.853406 -1.504341 0.042918
2.817691 -1.219216 0.043057
2.978422 -1.148413 0.046420
2.633203 -6.112483 0.042410
2.614940 -6.287905 0.048244
2.816597 -6.066067 0.045282
2.776879 -6.406865 0.043877
2.957913 -6.338585 0.046044
2.979367 -6.173210 0.043231
1.774830 -7.154926 0.044353
1.790754 -6.972870 0.048090
0.100696 -7.200936 0.047287
0.083300 -7.609087 0.043604
0.199374 -8.117272 0.050875
0.105173 -7.938412 0.048429
0.188473 -7.793171 0.045711
0.385261 -8.207905 0.046535
0.503926 -8.114151 0.054373
0.498382 -7.896398 0.050723
0.368816 -7.768375 0.046547
0.546678 -7.485659 0.053967
0.389371 -7.566494 0.043288
0.226425 -7.287496 0.056469
0.209029 -7.474966 0.048204
1.117443 -7.974328 0.046876
1.287947 -7.907078 0.046656
1.299113 -7.733234 0.042491
0.503842 8.114164 0.054362
0.498293 7.896402 0.050714
0.674006 7.809485 0.048908
0.679789 8.239090 0.046188
1.264685 7.428353 0.042033
1.602994 7.230283 0.047156
1.456678 7.489139 0.042576
1.611189 7.410373 0.045761
0.491122 6.984884 0.048605
0.433654 7.178530 0.045592
0.573534 7.285170 0.050917
1.453258 8.194932 0.047268
1.453724 8.018875 0.044306
1.629366 7.943240 0.044806
1.626132 8.294297 0.044037
1.795513 8.210056 0.046008
1.798281 8.035056 0.044908
2.780871 7.172867 0.041716
2.629712 7.276136 0.044423
2.955311 7.448703 0.043633
2.948374 7.262414 0.047821
2.467649 7.016075 0.042876
2.477875 6.643404 0.038136
2.127804 7.019331 0.042639
1.969567 6.910053 0.044047
2.000538 6.738436 0.042671
2.175919 6.681424 0.042699
2.325642 6.771176 0.039784
2.308498 6.937465 0.044555
2.692304 7.819554 0.048239
2.833062 7.729063 0.041534
2.796831 7.544133 0.041647
2.638735 7.461113 0.046610
2.296107 7.282190 0.044153
2.120365 7.185027 0.045462
1.946071 7.257839 0.045086
1.954198 7.431423 0.045537
3.851561 7.285055 0.040305
3.655519 7.049469 0.040538
3.565785 7.233193 0.039689
3.654569 7.352656 0.046858
3.928912 7.094576 0.041369
3.821654 6.978452 0.045241
3.387776 7.204407 0.040791
3.263288 7.287881 0.045074
3.090347 7.174889 0.041843
3.077620 6.984632 0.043131
3.237366 6.899917 0.046092
3.374581 7.006699 0.040399
4.445930 5.517971 0.037543
4.332390 5.646927 0.044177
4.146602 5.586477 0.040617
4.147014 5.397556 0.040399
4.332802 5.365817 0.042253
2.437778 6.325658 0.046010
2.776538 6.407268 0.043863
2.979146 6.174153 0.043191
2.957590 6.339300 0.046029
2.816448 6.066612 0.045270
2.633069 6.112633 0.042423
2.614715 6.288141 0.048211
4.330751 6.204815 0.042941
4.145957 6.155737 0.040683
4.148355 5.965471 0.040760
4.446689 6.061065 0.037861
4.333148 5.920795 0.044405
4.331404 1.751967 0.041576
4.143805 1.785943 0.040652
4.003776 1.696672 0.047357
3.674719 2.610157 0.044183
3.825488 2.526338 0.044582
3.494540 2.529617 0.041545
3.491445 2.361304 0.047261
4.004235 2.064214 0.047373
4.003303 2.248846 0.047237
3.824243 1.976307 0.043649
3.669447 2.076447 0.046607
3.671995 2.254695 0.044258
3.825859 2.339189 0.043239
3.350124 4.161540 0.043261
3.489701 4.290396 0.042868
3.486560 4.462519 0.046229
3.335987 4.537754 0.043747
3.489841 -4.287340 0.042899
3.825002 -4.475304 0.044383
3.666459 -4.213609 0.043320
3.820505 -4.297662 0.042992
3.037659 -2.119819 0.041042
3.168476 -2.395761 0.045161
3.040626 -2.317001 0.041090
4.446698 -2.434821 0.037932
4.328033 -2.569990 0.043144
4.331255 -2.292739 0.042463
3.862105 -3.494908 0.041311
4.051607 -3.470665 0.040273
4.155236 -3.636114 0.041130
3.789461 -2.882832 0.046432
3.726729 -3.051328 0.045179
3.521290 -3.088951 0.043374
3.379677 -2.952783 0.047612
2.741703 -3.340687 0.034205
2.741703 -3.515343 0.032817
3.161636 -3.609359 0.049782
3.025840 -3.513598 0.039818
3.313586 -3.506394 0.041100
3.312165 -3.307942 0.041861
3.158740 -3.204249 0.048966
3.024364 -3.306940 0.040473
4.147030 -5.395394 0.040431
4.334209 -5.091043 0.046751
4.423297 -5.247443 0.041362
4.332809 -5.363701 0.042282
3.827540 -4.834724 0.043639
4.148056 -5.019654 0.041671
3.350287 -5.096054 0.044096
3.500950 -5.006995 0.045772
2.743357 -5.198120 0.039968
2.855558 -5.336288 0.043794
3.177497 -5.371766 0.047678
3.038103 -5.278480 0.040690
2.853463 -5.616626 0.040347
2.768629 -5.487076 0.046420
3.176498 -4.217657 0.050795
3.053559 -4.107196 0.042911
4.331470 -4.735176 0.047661
4.331680 -4.551131 0.048301
4.005128 -4.744329 0.047442
4.145317 -4.832587 0.040085
4.004785 -4.559722 0.046772
4.145185 -4.463935 0.040601
3.256950 -6.712904 0.042758
3.237863 -6.899138 0.046101
3.375131 -7.005721 0.040410
3.796134 -6.486287 0.043473
3.647300 -6.384470 0.045790
3.462177 -6.459181 0.044246
3.433108 -6.634846 0.044975
3.388459 -7.203519 0.040820
3.394679 -7.601415 0.045192
3.576020 -7.531139 0.047618
3.655244 -7.351789 0.046898
3.566434 -7.232171 0.039720
4.448277 0.342464 0.034077
4.448121 0.859196 0.034347
4.326582 0.952121 0.048266
4.448121 0.687689 0.033807
3.472454 0.888395 0.045301
2.764528 1.384707 0.041793
2.766947 1.946208 0.043655
3.988855 1.148943 0.048099
4.137215 1.231137 0.040296
4.144257 1.414863 0.042333
4.002719 1.515101 0.047490
3.311511 0.981155 0.045646
3.343578 1.533051 0.044036
3.316437 1.163608 0.045888
3.165717 1.441319 0.047682
3.148655 1.255532 0.045606
4.004762 4.562679 0.046718
4.005144 4.747072 0.047405
3.827535 4.837384 0.043594
3.824904 4.478342 0.044339
3.667709 4.566396 0.043399
3.669957 4.741045 0.046509
4.010112 5.300081 0.047967
4.009745 5.115896 0.046741
3.678053 5.105853 0.045600
3.829413 5.019314 0.044220
3.035121 4.705399 0.040982
2.744227 4.620570 0.039253
2.854736 4.758437 0.046079
3.036481 5.089908 0.041271
3.341949 4.727159 0.043465
3.171729 4.999854 0.046833
3.169524 4.811536 0.047765
3.494770 4.826573 0.045555
3.350372 5.098356 0.044044
3.500988 5.009451 0.045733
3.179885 5.556458 0.046252
3.038442 5.651278 0.041502
3.177606 5.373656 0.047625
3.038214 5.280291 0.040654
2.855624 5.337769 0.043754
2.768670 5.488173 0.046354
2.853573 5.617728 0.040339
3.834634 5.574316 0.043993
3.685025 5.660950 0.045716
3.832649 5.388204 0.043748
3.680922 5.290558 0.045879
3.508002 5.377575 0.045690
3.510120 5.561854 0.045270
0.396291 0.337771 0.044813
0.533866 0.236001 0.052505
0.859257 0.037338 0.049120
0.691956 -0.250745 0.050451
0.687118 -0.059182 0.051703
1.349821 0.337523 0.048267
1.189792 0.235715 0.050271
2.927137 -0.608947 0.045487
2.761800 -0.705100 0.045877
2.788512 -0.875137 0.043942
3.108839 -0.695155 0.044253
3.122964 -0.876585 0.046596
2.967973 -0.960414 0.043781
2.781379 0.188154 0.047306
2.943851 0.085274 0.045179
2.927605 -0.095668 0.043426
2.202021 0.554140 0.041759
2.241931 0.706358 0.046359
3.786561 -0.178915 0.044285
3.620624 -0.092988 0.045523
3.440141 -0.179844 0.045385
3.438365 -0.352969 0.045428
2.434557 -0.915926 0.042629
2.643055 -1.130100 0.039750
2.624325 -0.974020 0.046009
3.359102 -5.830403 0.043828
3.358816 -5.646964 0.044016
3.183648 -5.920235 0.046294
3.041873 -5.831911 0.040455
3.038284 -5.649813 0.041551
3.179773 -5.554698 0.046282
3.834629 -5.572228 0.044026
3.684984 -5.658925 0.045756
3.507937 -5.375411 0.045734
3.510065 -5.559814 0.045303
3.827845 -6.128563 0.042959
3.663889 -6.207043 0.046909
3.835817 -5.945197 0.044500
3.685159 -5.843352 0.045530
3.497227 -6.108006 0.043706
3.510525 -5.927681 0.045530
1.954636 -7.431272 0.045547
1.946495 -7.257706 0.045093
2.120821 -7.184854 0.045474
2.134215 -7.531260 0.044940
2.301880 -7.454821 0.045820
2.296627 -7.281981 0.044165
1.969775 -6.909966 0.044061
2.128177 -7.019170 0.042646
2.325925 -6.770999 0.039795
2.308880 -6.937264 0.044571
0.373701 -6.882390 0.040910
0.089829 -6.892095 0.043291
0.190526 -6.989485 0.044605
0.800732 -6.992353 0.049394
0.671221 -6.887507 0.045014
0.760578 -7.196377 0.047800
0.491156 -6.984897 0.048612
0.573620 -7.285186 0.050925
0.433709 -7.178551 0.045596
1.163735 -7.585581 0.042228
0.905437 -7.300921 0.050760
1.082134 -7.195560 0.049214
1.245619 -7.266156 0.051225
1.264927 -7.428336 0.042037
0.810882 8.140306 0.047619
1.117233 7.974363 0.046870
0.972734 7.848274 0.044054
0.810648 7.928464 0.051639
0.978831 8.253899 0.045152
1.123097 8.168146 0.047331
0.905295 7.300915 0.050751
0.760480 7.196367 0.047795
2.768939 6.586020 0.047062
2.617536 6.695947 0.047197
2.930633 6.691693 0.043728
2.925438 6.877380 0.045582
2.770662 6.978089 0.046758
2.624455 6.902329 0.040680
2.143904 7.703843 0.043806
2.133745 7.531444 0.044930
2.301360 7.455023 0.045810
2.328857 7.800933 0.046657
2.494311 7.726425 0.042895
2.476973 7.552914 0.044431
4.421931 1.637220 0.041617
4.447410 1.373024 0.034841
4.332913 1.481685 0.047206
2.749776 4.061496 0.038576
2.768846 3.788576 0.042451
2.862193 3.895106 0.042758
3.169796 -1.818966 0.047607
3.169932 -2.009257 0.047362
3.344571 -1.713832 0.043819
3.494227 -1.801190 0.046065
3.339302 -2.280098 0.043406
3.491669 -2.355876 0.047328
3.493245 -1.987842 0.045989
3.343725 -2.090775 0.044015
3.999692 -2.613404 0.046714
4.139475 -2.519499 0.040516
3.825593 -2.520680 0.044629
4.142697 -2.336188 0.041019
4.041884 -3.755904 0.042381
3.976085 -4.023828 0.044012
4.110631 -3.920037 0.044228
3.775149 -3.947028 0.042637
3.723550 -3.765035 0.046226
3.855738 -3.677703 0.040537
3.494853 -2.524473 0.041578
3.353758 -2.652584 0.043348
3.447539 -2.809985 0.041856
3.674995 -2.604837 0.044234
3.651883 -2.777656 0.042136
4.010099 -5.297819 0.048008
4.009725 -5.113490 0.046788
3.832634 -5.385989 0.043787
3.680863 -5.288282 0.045915
3.678001 -5.103440 0.045646
3.829398 -5.016818 0.044255
3.036398 -5.087888 0.041309
3.171666 -4.997600 0.046882
2.853852 -5.043521 0.042049
3.494766 -4.823960 0.045601
3.669959 -4.738311 0.046552
3.667763 -4.563497 0.043443
3.486648 -4.459585 0.046280
2.749764 -4.059162 0.038538
2.862145 -4.178242 0.046688
3.881827 -6.781219 0.042697
3.754676 -6.667529 0.045868
3.576772 -6.741378 0.043532
3.822081 -6.977326 0.045266
3.656041 -7.048278 0.040554
3.537883 -6.926019 0.044429
3.097154 -7.557229 0.041271
3.263159 -7.483740 0.048616
3.263984 -7.287228 0.045095
2.956002 -7.448380 0.043649
2.949011 -7.262057 0.047832
3.090987 -7.174394 0.041861
3.805310 0.882460 0.044547
3.800124 0.702181 0.043820
3.985066 0.966798 0.046935
4.134137 0.871687 0.041724
3.975572 0.432719 0.046915
4.129984 0.343641 0.041652
3.977327 0.609664 0.047432
4.131584 0.694833 0.041189
4.324184 0.429513 0.048630
4.324029 0.603760 0.048671
3.116980 0.351795 0.044592
3.455389 0.347824 0.045297
3.290112 0.437432 0.045768
3.296222 0.617869 0.046246
3.465740 0.707239 0.044895
3.635070 0.615176 0.046658
3.630829 0.436199 0.045934
3.037433 2.123975 0.041018
2.856002 2.085061 0.045609
2.745484 2.233303 0.039200
3.040319 2.321085 0.041077
2.858887 2.379988 0.043437
3.169908 2.013992 0.047337
3.169966 1.824030 0.047557
3.343661 2.096089 0.043963
3.493540 1.993961 0.045964
3.495230 1.807912 0.045915
3.345409 1.720078 0.043916
3.037748 1.735949 0.040442
2.853839 1.507472 0.042952
3.035329 1.540265 0.040772
2.745740 1.665803 0.038607
2.856258 1.799218 0.044460
2.820261 1.222416 0.043083
2.984689 1.155336 0.046733
2.646326 1.132935 0.039139
3.492158 1.436084 0.046094
3.482078 1.252428 0.045216
3.668569 1.524279 0.045746
3.820619 1.428618 0.044451
3.651668 1.158191 0.046461
3.813797 1.246186 0.044225
3.053538 4.110283 0.042836
3.176430 4.220651 0.050736
2.862157 4.180933 0.046601
3.165435 4.424742 0.045319
3.036994 4.508011 0.041335
2.768810 4.337278 0.044061
2.856609 4.461696 0.042376
2.743382 5.199587 0.039929
2.766937 4.911212 0.045112
2.853891 5.045343 0.042015
1.030983 0.338192 0.048014
0.863431 0.236422 0.051390
0.711080 0.338230 0.047129
1.509401 0.237543 0.048116
1.034751 -0.061263 0.051492
1.197734 0.035344 0.048317
2.574791 -0.638369 0.045209
2.411734 -0.750312 0.046866
2.224476 -0.700402 0.044936
3.621767 -0.614444 0.046749
3.617992 -0.439549 0.045606
3.785706 -0.352350 0.044244
3.790684 -0.701212 0.043773
3.970200 -0.611255 0.047356
3.968996 -0.437289 0.046770
2.213912 -6.510755 0.039553
2.176076 -6.681317 0.042706
2.000629 -6.738378 0.042686
0.873666 -7.504690 0.051946
1.008039 -7.633354 0.050707
0.701866 -7.600619 0.046313
0.972913 -7.848256 0.044063
0.810800 -7.928451 0.051645
0.674126 -7.809478 0.048915
1.442784 6.971401 0.049109
1.429210 7.146849 0.043881
1.245410 7.266152 0.051216
1.081983 7.195548 0.049207
0.671190 6.887502 0.045010
0.800669 6.992345 0.049386
4.003850 -2.057582 0.047462
4.003122 -2.242549 0.047317
3.823682 -1.969457 0.043739
3.669172 -2.069984 0.046711
3.672019 -2.248696 0.044297
3.825801 -2.333135 0.043317
3.335998 -4.534952 0.043795
3.341920 -4.724513 0.043510
3.169483 -4.809093 0.047818
3.165446 -4.421922 0.045375
2.768810 -4.335008 0.044068
2.630450 0.978528 0.046084
2.441221 0.921410 0.042178
2.426320 0.752217 0.048776
1.665440 0.340021 0.047410
2.004376 0.510786 0.039479
1.238133 -0.347038 0.051715
0.877167 -0.345751 0.051074
1.047823 -0.252789 0.049202
1.527515 0.035710 0.047976
1.375877 -0.064681 0.050893
1.403204 -0.255537 0.047558
2.550055 -0.466758 0.046776
2.719753 -0.365373 0.046229
2.734079 -0.190199 0.050520
1.112007 6.988498 0.047416
0.975509 6.889843 0.047816
1.289009 6.883655 0.047747
3.036967 -4.505358 0.041374
2.856605 -4.459279 0.042409
3.035082 -4.702969 0.041018
2.800334 0.883602 0.044158
3.131103 0.706542 0.044567
3.139678 0.888672 0.046099
2.980638 0.970929 0.043296
2.634482 0.094548 0.042708
2.603428 -0.102863 0.038942
2.195408 -0.533018 0.045993
2.357931 -0.411317 0.046935
2.744223 -4.618499 0.039272
2.766924 -4.909382 0.045156
2.854719 -4.756294 0.046131
2.784113 0.719151 0.045054
2.602792 0.474294 0.046901
2.599327 0.644884 0.045319
2.779565 0.374252 0.043430
2.947830 0.450038 0.047207
2.955842 0.624348 0.044352
2.481955 0.171171 0.041712
2.291085 0.404102 0.041122
2.452079 0.364819 0.047776
2.414041 -0.130412 0.041856
2.299779 -0.248393 0.048605
2.346306 0.041694 0.041285
2.006934 -0.487335 0.045060
1.605307 -0.348500 0.052997
1.981343 0.334310 0.044647
1.825901 0.241662 0.047119
2.148525 0.262390 0.039982
2.173870 0.093630 0.048163
2.026436 -0.029631 0.045142
2.084610 -0.199547 0.044403
1.954288 -0.316789 0.047798
1.753767 -0.250347 0.046674
1.703302 -0.056993 0.047946
1.845650 0.046481 0.045730
-2.075753 0.045570 0.049520
-3.660533 7.439755 0.048882
-0.700571 6.886383 0.045782
-2.428781 7.911999 0.045881
-3.422968 -7.710117 0.042183
-4.428493 -4.409701 0.046937
-4.023207 -5.118532 0.049280
-2.369175 -6.354064 0.035981
-4.329819 -4.247311 0.053077
-0.409937 0.341659 0.044812
-0.092946 0.342564 0.040753
-0.215729 0.244223 0.054214
-0.086668 -0.244153 0.038211
-0.208897 -0.342129 0.053832
-0.086668 -0.048255 0.038190
-0.209451 0.048761 0.053809
-2.757593 3.638041 0.041171
-4.329843 -0.771336 0.045613
-4.140516 -0.706352 0.043814
-3.798380 -0.127602 0.046892
-4.445404 0.528531 0.041546
-4.325569 0.678228 0.045230
-3.796174 0.056392 0.047221
-3.191421 1.189609 0.045761
-4.345902 1.288799 0.051945
-4.132844 0.627261 0.044183
-3.974422 0.706066 0.052411
-3.784040 0.597883 0.045936
-3.791406 0.420913 0.047928
-3.379872 1.114128 0.047693
-1.970880 0.445182 0.043189
-1.905049 0.105160 0.052356
-1.871395 0.281784 0.045375
-4.449645 5.924907 0.042107
-4.373119 6.724546 0.045011
-4.209783 6.759285 0.045922
-3.698925 5.661914 0.047192
-3.043215 7.195575 0.046920
-2.880718 7.107609 0.043741
-4.152341 6.955639 0.044409
-2.567513 6.934021 0.044223
-2.766890 4.672874 0.045183
-2.856765 4.812841 0.044145
-3.182453 4.784923 0.050190
-3.041829 4.866848 0.042398
-3.045674 5.063443 0.041727
-2.677231 6.225265 0.051080
-2.871724 6.309799 0.042541
-3.018024 6.024986 0.046090
-3.030967 6.215760 0.046509
-3.046723 5.642966 0.042243
-2.859769 5.687576 0.044230
-3.047723 5.449634 0.042083
-2.746463 5.536601 0.040482
-2.860769 5.394327 0.044805
-2.840276 5.973266 0.043371
-2.769734 5.822805 0.045406
-2.658725 6.079506 0.040522
-0.112552 7.713592 0.044381
-0.093486 6.869862 0.035700
-1.493880 6.967459 0.049527
-0.517080 7.603226 0.050071
-0.692374 7.292203 0.046486
-0.689407 7.494991 0.046168
-0.522588 7.807436 0.049929
-1.008483 8.559444 0.045244
-0.877454 8.447922 0.043019
-1.763912 7.716072 0.045800
-1.122315 7.837699 0.043413
-0.832497 7.594256 0.048091
-1.136342 7.619828 0.049129
-1.002063 7.493183 0.048002
-0.732067 8.553478 0.046938
-3.064816 7.401765 0.047462
-2.735457 7.209979 0.045985
-2.564297 7.115088 0.045218
-2.400324 7.197085 0.045059
-0.093422 -6.869835 0.035665
-3.495047 -4.268550 0.049378
-3.684288 -4.359543 0.046453
-4.024407 -4.531627 0.050164
-4.025081 -4.922256 0.049094
-4.426157 -5.019651 0.047622
-3.247434 -7.702869 0.043717
-3.491136 -7.505863 0.041941
-3.465209 -7.094212 0.042395
-4.425812 -6.238126 0.048152
-3.847593 -5.215600 0.045875
-4.426085 -5.626412 0.047793
-4.023324 -5.513506 0.049149
-3.847782 -5.409911 0.045577
-3.695921 -5.500076 0.047425
-3.331222 -6.223702 0.046623
-4.430598 -2.459752 0.046614
-4.331945 -3.625718 0.052174
-4.437754 -4.101384 0.043657
-4.430793 -3.807646 0.043756
-4.332118 -3.932259 0.046920
-4.119074 -3.907566 0.051407
-4.014995 -4.351393 0.045241
-4.140985 -4.220761 0.044359
-4.035877 -4.050141 0.043407
-3.829288 -4.271785 0.044000
-3.840908 -4.083895 0.044901
-4.434344 -2.160131 0.046207
-4.328514 -2.317794 0.047212
-2.869559 -2.678741 0.047546
-2.756906 2.203658 0.043308
-3.706246 2.911173 0.047254
-3.810891 3.065294 0.048589
-4.021450 2.134268 0.047060
-4.115767 2.289997 0.049018
-4.431704 2.757580 0.046112
-4.325292 2.604726 0.048970
-2.867438 3.518958 0.047821
-2.766274 3.358305 0.044630
-4.446202 -0.047125 0.041675
-4.325812 0.384813 0.046501
-4.416837 0.240675 0.048391
-4.326611 0.103148 0.044959
-4.133088 0.435273 0.043684
-3.982031 0.337108 0.051670
-4.134357 0.056838 0.043554
-3.982501 0.150418 0.051237
-4.418806 -0.923211 0.049484
-3.380528 -1.184287 0.046343
-4.447466 -0.629833 0.041940
-4.327742 -0.189655 0.045532
-4.417968 -0.335987 0.048668
-4.329005 -0.473660 0.045303
-4.139678 -0.513439 0.043289
-3.988766 -0.411145 0.051260
-4.135488 -0.133320 0.043746
-3.985839 -0.223735 0.051075
-2.187765 0.677148 0.043232
-2.130166 0.475133 0.050618
-2.429503 0.901395 0.046639
-2.377463 0.720020 0.054919
-3.802951 -0.492534 0.047271
-3.193091 1.369310 0.050698
-3.379033 1.469839 0.046947
-3.376226 1.647421 0.045748
-4.440300 1.104223 0.041635
-4.416593 0.814402 0.047975
-4.320465 0.967279 0.052069
-3.758891 0.946045 0.045808
-3.961493 0.876158 0.047766
-4.114812 0.997439 0.047956
-1.373103 0.337516 0.047161
-1.686516 0.343061 0.044381
-1.544077 0.240577 0.049443
-1.571422 0.040016 0.049987
-1.747515 -0.034125 0.045927
-0.556758 0.241672 0.052298
-0.732575 0.340013 0.046970
-0.400397 -0.245746 0.045932
-0.734520 -0.054998 0.049003
-0.400951 -0.050754 0.046058
-0.554049 0.044722 0.051402
-4.445124 6.546589 0.043532
-3.848281 5.188669 0.046115
-3.698391 5.472918 0.047603
-3.849203 5.384074 0.045518
-3.604491 6.785298 0.043238
-3.633886 6.597632 0.045503
-3.489672 6.488658 0.045075
-3.188746 6.299957 0.044756
-3.510252 6.302006 0.045446
-3.352582 6.202009 0.046751
-3.692231 6.038154 0.048185
-3.685897 6.223499 0.047149
-3.448913 6.881047 0.041037
-3.176500 7.093584 0.043048
-3.351738 7.193360 0.047084
-3.473000 7.086449 0.042475
-3.182897 6.497984 0.046014
-3.326153 6.586689 0.043644
-3.314788 6.791412 0.045852
-3.163638 6.897037 0.043976
-3.986693 7.006452 0.043910
-3.881308 6.862184 0.046108
-3.724001 6.916730 0.041707
-3.918470 7.203271 0.042793
-3.734142 7.251311 0.048722
-3.645057 7.109038 0.042023
-4.041946 4.012187 0.043999
-1.925765 7.625280 0.045000
-2.093364 7.720214 0.045817
-2.071832 7.354859 0.045556
-1.914908 7.441156 0.045132
-1.286365 7.571442 0.041777
-1.429507 7.709852 0.041466
-1.597193 7.629495 0.044791
-2.411096 6.841401 0.045023
-2.746304 4.962184 0.040646
-2.770734 5.250975 0.046093
-2.860610 5.109934 0.045565
-3.184520 5.166026 0.049508
-3.186410 5.357434 0.049010
-3.366735 5.458088 0.045995
-3.521001 5.369127 0.047556
-2.381124 6.345337 0.040677
-2.543090 6.347636 0.043481
-2.587644 6.547803 0.038097
-2.315218 6.542801 0.042245
-2.434986 6.667753 0.041583
-3.185857 5.739031 0.049493
-3.176652 5.924415 0.047115
-3.367183 5.646352 0.045222
-3.521983 5.746387 0.047992
-3.517435 5.931892 0.046103
-3.353430 6.017241 0.046662
-0.091160 7.426955 0.039543
-0.203712 7.568148 0.047661
-0.387030 7.506626 0.042913
-1.325288 6.883067 0.046358
-1.008580 7.292219 0.047799
-1.162763 7.188333 0.049274
-0.841980 7.190504 0.049001
-0.845473 6.988551 0.049840
-1.011885 6.887168 0.046995
-1.162575 6.985235 0.047733
-0.085349 8.295308 0.036182
-0.097922 8.578496 0.038118
-0.183271 8.476018 0.040263
-0.181297 8.170671 0.045465
-0.397325 7.918791 0.043469
-0.095948 7.999497 0.040129
-0.208500 7.863729 0.050152
-0.987541 7.915717 0.045727
-0.724555 8.114838 0.046452
-0.694419 7.903864 0.044468
-0.832002 7.798920 0.048792
-0.874712 8.227872 0.043686
-1.000115 8.133696 0.044063
-0.458205 8.556855 0.046560
-0.349959 8.454377 0.037830
-0.611630 8.445333 0.041608
-0.606860 8.226743 0.041739
-0.347985 8.243236 0.039503
-0.451461 8.127124 0.045418
-2.914457 7.499380 0.045586
-2.747595 7.395560 0.046206
-2.642177 8.480672 0.044076
-2.886519 8.224378 0.047288
-2.590609 8.010733 0.044870
-2.562386 8.189632 0.046123
-2.701255 8.295915 0.043646
-1.764552 7.901816 0.045501
-2.431433 7.734173 0.046579
-2.257314 7.635323 0.044811
-2.596869 7.656525 0.044696
-2.585547 7.478056 0.045415
-2.409436 7.374472 0.046204
-2.246639 7.454090 0.045707
-0.085182 -8.295448 0.036058
-0.097542 -8.578372 0.038024
-0.182723 -8.476144 0.040053
-1.752080 -7.912843 0.045209
-2.230292 -6.492948 0.037115
-0.112411 -7.141924 0.042562
-0.205833 -6.972949 0.050598
-0.111759 -7.713611 0.044107
-0.095504 -7.999773 0.039936
-0.207262 -7.864023 0.049942
-0.394974 -7.919040 0.043227
-0.180685 -8.171165 0.045305
-3.490215 -4.091864 0.046369
-3.345881 -3.996254 0.044044
-3.691077 -3.994968 0.048716
-3.686870 -3.831611 0.043772
-3.350440 -3.799067 0.044328
-3.490567 -3.731319 0.045212
-3.521571 -3.558224 0.045536
-3.159598 -4.042886 0.046087
-4.449622 -4.714332 0.041738
-4.339351 -4.868953 0.045819
-4.159929 -4.819152 0.042199
-4.341687 -4.558456 0.044466
-4.162265 -4.615504 0.042623
-4.449443 -5.323406 0.041860
-4.339099 -5.475873 0.044778
-4.157804 -5.419440 0.042587
-4.157876 -5.218777 0.042575
-4.339172 -5.168271 0.044992
-2.909588 -7.507930 0.045345
-2.578984 -7.491385 0.045154
-2.741363 -7.407340 0.045953
-3.206785 -7.498269 0.041109
-3.059733 -7.409355 0.047274
-3.359908 -7.391842 0.046967
-3.344796 -7.200052 0.046924
-4.443996 -6.549975 0.043475
-4.333380 -6.393733 0.050817
-2.857075 -4.836864 0.044105
-3.042220 -4.894189 0.042061
-4.449778 -5.934025 0.041981
-4.339162 -6.086703 0.044775
-4.339434 -5.775638 0.046084
-3.306675 -6.600222 0.043776
-3.593699 -6.795828 0.043573
-3.299676 -6.801605 0.046296
-3.438076 -6.890827 0.041052
-3.337098 -6.042305 0.047065
-2.647782 -6.089922 0.040476
-3.035575 -7.204910 0.046750
-3.167515 -7.102034 0.042937
-3.149528 -6.906971 0.043850
-2.995694 -6.806524 0.046384
-4.334220 -3.231264 0.049681
-4.433068 -3.052432 0.043329
-4.437580 -3.341550 0.039225
-4.437580 -3.517105 0.038864
-4.133898 -3.584505 0.048117
-4.019703 -3.741740 0.049363
-3.827489 -3.715508 0.046316
-3.732872 -3.549946 0.043464
-4.441890 -1.549372 0.044727
-4.056197 -1.550423 0.043033
-4.328586 -2.011135 0.049131
-4.430671 -1.854898 0.047462
-4.336132 -1.705827 0.045315
-4.127548 -2.020205 0.045935
-4.021368 -1.860141 0.050160
-4.127868 -1.701999 0.049217
-4.117807 -2.325820 0.048566
-4.022599 -2.177227 0.046389
-3.710905 -2.953593 0.046837
-3.807677 -2.181733 0.049687
-3.697711 -2.337561 0.048409
-3.371397 -1.703944 0.045339
-3.373929 -1.529485 0.045676
-3.185827 -1.254731 0.045036
-3.184969 -1.428253 0.050383
-3.041975 -1.516298 0.042333
-2.857802 -1.489601 0.043443
-2.767544 -1.375270 0.043134
-3.013246 -1.138667 0.051363
-2.828216 -1.199228 0.048674
-2.638064 -0.951724 0.052819
-2.651929 -1.120199 0.044122
-2.444684 -0.908794 0.046987
-3.839428 1.818918 0.045014
-3.715211 1.679007 0.046653
-3.527520 1.742257 0.043552
-2.763072 2.495071 0.045257
-2.863549 2.342275 0.047435
-4.122203 3.863672 0.052772
-4.334120 3.830986 0.049647
-4.430764 3.652501 0.043348
-4.328736 3.524989 0.050559
-4.434401 3.355451 0.044563
-3.825450 3.679256 0.046459
-4.018442 3.699519 0.049703
-4.027421 3.377793 0.047175
-4.128331 3.539321 0.047347
-4.010622 2.443150 0.048762
-4.116979 2.600484 0.047679
-4.015673 2.755123 0.048281
-3.809177 2.756239 0.048246
-4.430016 2.460158 0.046179
-4.433261 2.165252 0.044605
-4.326848 2.302762 0.048425
-4.442657 -1.223688 0.044307
-4.170689 -1.389359 0.043277
-4.348118 -1.384480 0.048965
-4.325035 -1.061941 0.047893
-4.060871 -1.240129 0.044844
-4.120678 -1.073504 0.047139
-3.540403 -1.451655 0.044253
-3.546145 -1.279978 0.046668
-3.874715 -1.491996 0.043824
-3.725552 -1.564441 0.048034
-3.878622 -1.297251 0.042708
-3.735202 -1.198020 0.047896
-3.619151 0.321059 0.048934
-3.623448 0.143228 0.049520
-3.400343 0.938025 0.047875
-3.605729 0.677014 0.049130
-3.593508 0.855084 0.048489
-3.448532 -0.479248 0.046718
-3.627841 -0.216036 0.049706
-3.629485 -0.393557 0.048462
-2.746286 -0.600154 0.047303
-2.786315 -0.803331 0.049456
-2.239873 0.147931 0.045949
-2.261482 0.334412 0.051510
-2.416461 0.045297 0.047179
-2.595963 0.126903 0.047987
-2.496149 0.589786 0.044246
-2.595659 0.301320 0.045732
-2.437766 0.406194 0.043593
-2.828070 1.170625 0.050062
-3.012123 1.085834 0.049945
-2.623010 0.940206 0.050007
-2.645236 1.109258 0.046679
-3.047888 1.457119 0.042673
-2.862165 1.362208 0.050626
-4.442030 1.409281 0.037443
-4.442030 1.585644 0.037474
-4.431099 1.870382 0.042999
-4.327931 1.996221 0.050515
-4.336701 1.691627 0.049274
-4.127202 1.978002 0.046928
-4.023748 1.809187 0.051025
-4.130080 1.648651 0.051214
-3.733455 1.126480 0.049127
-3.547603 1.211624 0.047604
-3.545094 1.387633 0.044854
-3.729978 1.501965 0.049238
-2.093155 -0.156560 0.046672
-1.623109 -0.347228 0.051674
-1.996491 -0.484741 0.043838
-1.780541 -0.230519 0.053121
-1.955477 -0.293364 0.048271
-0.891638 0.239066 0.051324
-0.896290 0.041005 0.049819
-1.054964 0.339053 0.047467
-1.221018 0.236569 0.050942
-0.737316 -0.248344 0.048215
-0.908168 -0.344727 0.051357
-0.556291 -0.343617 0.052192
-1.083098 -0.250719 0.048641
-1.235418 0.037244 0.048866
-1.074016 -0.058333 0.050209
-1.263160 -0.345992 0.051172
-1.414847 -0.062370 0.050468
-1.433508 -0.253220 0.048371
-4.448910 5.313746 0.041730
-4.024642 5.491465 0.049185
-4.157679 5.400021 0.042553
-4.338903 5.462005 0.045148
-4.426421 5.615726 0.047609
-4.339637 5.763214 0.046441
-4.427047 6.230441 0.048083
-4.340263 6.076248 0.044810
-4.335742 6.386472 0.050974
-3.848092 4.799998 0.046878
-3.845328 4.611527 0.044434
-3.804767 6.525310 0.045672
-3.836198 6.337830 0.045351
-4.095507 6.606344 0.045997
-3.932680 6.658430 0.044139
-4.149461 6.411488 0.045375
-4.018064 6.276094 0.048296
-3.849786 5.962053 0.044534
-3.851932 5.771318 0.046467
-4.161234 6.008518 0.042663
-4.025317 6.085662 0.049559
-4.160609 5.803304 0.042490
-4.026838 5.689713 0.049354
-3.023222 6.598499 0.044310
-2.869829 6.494510 0.047075
-2.719889 6.610143 0.046732
-3.015327 6.792829 0.046112
-2.723649 6.822713 0.041972
-2.865693 6.901410 0.046177
-4.439785 4.112765 0.038095
-4.439785 3.937421 0.038161
-4.018780 4.319264 0.045447
-4.025074 4.501185 0.050592
-4.161165 4.588322 0.042805
-4.332299 4.230448 0.055660
-4.146377 4.184932 0.045377
-1.509609 7.135700 0.042381
-1.574640 7.456229 0.041959
-1.341205 7.254406 0.049421
-1.378573 7.411085 0.041463
-1.702840 7.194833 0.043253
-1.730503 7.358682 0.047284
-2.165355 6.572483 0.041441
-2.058930 7.169938 0.046932
-2.224624 7.091783 0.046177
-2.232180 6.917166 0.044731
-1.874342 7.092386 0.046643
-2.106208 6.773200 0.044099
-3.364812 5.079919 0.046628
-3.520968 5.182366 0.046989
-3.366590 4.895412 0.044377
-3.520960 4.807090 0.046745
-3.695650 4.899983 0.047431
-3.697436 5.090752 0.047521
-0.112963 7.142184 0.042768
-0.204123 7.264894 0.046548
-0.206449 6.973189 0.050906
-0.394472 6.888328 0.043957
-0.525162 6.989711 0.051055
-0.520457 7.193577 0.050932
-0.387440 7.299765 0.042867
-3.426647 7.705944 0.042401
-3.251197 7.697882 0.044017
-3.211167 7.492204 0.041244
-3.364803 7.385791 0.047121
-3.495446 7.500856 0.042157
-3.126224 7.977680 0.049754
-3.124723 7.795670 0.049474
-2.932226 8.046000 0.044629
-2.775184 7.938638 0.046877
-2.778793 7.762256 0.047887
-2.934333 7.687607 0.042979
-1.600374 7.988548 0.043728
-1.274879 7.962622 0.043843
-1.432048 7.883161 0.047888
-2.641107 -8.481733 0.043832
-2.382906 -8.278979 0.042938
-2.176242 -8.567432 0.041423
-2.464205 -8.567374 0.040093
-2.345739 -8.469806 0.044947
-0.728838 -8.553162 0.046803
-1.003618 -8.559703 0.045010
-0.873175 -8.447865 0.042637
-0.720574 -8.114035 0.046106
-0.979918 -7.915858 0.045273
-0.993258 -8.134436 0.043339
-0.869964 -8.227341 0.043398
-0.604241 -8.226499 0.041465
-0.449435 -8.127426 0.045125
-0.346905 -8.243802 0.039363
-0.609295 -8.445103 0.041342
-0.456526 -8.556941 0.046304
-0.348943 -8.454713 0.037604
-2.045493 -8.470483 0.045275
-1.751013 -8.279177 0.043185
-1.916851 -8.003089 0.044322
-1.912747 -8.187092 0.045815
-2.067123 -8.279817 0.043506
-2.084322 -7.913288 0.045513
-2.235040 -8.185939 0.046067
-2.248134 -8.003414 0.044177
-2.019790 -6.716902 0.041700
-2.216164 -6.637485 0.043862
-2.400506 -7.393165 0.045752
-2.388127 -7.219350 0.044727
-0.090812 -7.426828 0.039381
-0.202571 -7.568073 0.047426
-0.384822 -7.506302 0.042635
-0.203223 -7.264598 0.046407
-0.385474 -7.299194 0.042573
-0.518811 -7.807184 0.049528
-0.689603 -7.903105 0.044182
-0.825654 -7.797835 0.048359
-0.513350 -7.602692 0.049625
-1.112119 -7.839965 0.042621
-2.758147 -4.120665 0.040305
-2.758147 -3.948257 0.038612
-2.591402 -7.667220 0.044311
-2.424902 -7.745072 0.046027
-2.423268 -7.919576 0.045521
-3.656351 -7.444138 0.048798
-4.371362 -6.727131 0.045133
-3.671718 -6.242177 0.047034
-3.620713 -6.609926 0.045365
-3.491877 -6.320409 0.045566
-3.472089 -6.503542 0.045434
-3.680963 -6.060144 0.048400
-3.694800 -5.687969 0.047042
-3.506997 -5.956979 0.045805
-3.516047 -5.773283 0.047972
-3.045778 -5.089789 0.041486
-3.696664 -5.119672 0.047370
-2.857800 -4.234637 0.045451
-3.070561 -4.202467 0.050775
-2.766955 -4.695124 0.044901
-2.756082 -4.401734 0.041345
-2.866609 -4.538566 0.052982
-3.056055 -4.510902 0.042928
-3.351469 -4.371136 0.044006
-3.158289 -4.341899 0.043125
-4.019698 -6.102267 0.050008
-4.159300 -6.023237 0.042767
-3.843307 -5.983163 0.044555
-3.848094 -5.794684 0.046550
-4.024757 -5.710386 0.049263
-4.159572 -5.819835 0.042561
-3.362735 -5.673970 0.045028
-3.047470 -5.475255 0.041589
-3.163847 -5.950892 0.046467
-2.997192 -6.052502 0.047152
-3.044594 -5.669175 0.041991
-3.180435 -5.766253 0.049213
-2.827432 -5.992423 0.043665
-2.767639 -5.833416 0.043728
-2.858246 -5.706356 0.043637
-2.508731 -6.373605 0.047182
-2.650533 -6.246268 0.049705
-3.161735 -6.320616 0.045199
-3.000956 -6.240829 0.046237
-3.156977 -6.514003 0.046530
-2.996143 -6.614938 0.044368
-2.833893 -6.517819 0.047733
-2.833947 -6.337096 0.043533
-2.551770 -7.134148 0.045046
-2.848700 -6.916741 0.045945
-2.726526 -7.223918 0.045747
-2.870594 -7.120064 0.043627
-4.122972 -2.946205 0.048438
-4.329075 -2.925254 0.049075
-4.432436 -2.757605 0.045204
-4.326605 -2.620207 0.048895
-3.827056 -3.411018 0.049220
-3.817375 -3.106400 0.048780
-3.715818 -3.255954 0.046229
-4.023299 -3.105019 0.047460
-4.130554 -3.262899 0.049740
-4.035869 -3.419344 0.047077
-3.835832 -1.875052 0.044359
-3.710279 -1.738442 0.046265
-3.727090 -2.039623 0.043311
-3.522598 -1.800115 0.042955
-3.532183 -1.988668 0.045479
-3.081712 -2.683943 0.047110
-3.500775 -2.663624 0.047829
-3.396412 -2.063193 0.043862
-2.762968 -2.531844 0.045367
-2.863229 -2.384985 0.046583
-2.746687 -1.659228 0.039487
-2.763020 -2.819795 0.045171
-3.505811 -3.263888 0.046509
-3.405748 -3.427230 0.048425
-3.705442 2.602514 0.047910
-3.805581 2.444065 0.048094
-2.762808 2.784325 0.045309
-2.869451 2.638205 0.048073
-4.431788 3.056342 0.045916
-4.327063 2.909115 0.048711
-4.329760 3.214566 0.048710
-4.123185 3.222575 0.048561
-4.119345 2.910900 0.047944
-4.017494 3.066137 0.047850
-3.687673 3.797550 0.044129
-3.186626 4.609007 0.045135
-3.500781 3.224157 0.046784
-3.709004 3.215781 0.046443
-3.819844 3.371841 0.049230
-3.727762 3.513106 0.043653
-3.084418 3.546813 0.049940
-3.195121 3.399648 0.049156
-3.489904 3.697683 0.045199
-3.518480 3.522756 0.045831
-3.402337 3.389867 0.048659
-3.985248 -0.782545 0.051847
-3.970218 -0.952579 0.046309
-3.798595 -0.671020 0.045246
-3.766991 -1.019973 0.045571
-3.258139 0.315588 0.047887
-3.431964 0.405519 0.048455
-3.425908 0.584504 0.047460
-2.744586 -0.178325 0.052099
-2.924020 0.118637 0.047945
-2.762741 0.025514 0.045011
-3.260540 0.134174 0.049300
-3.085021 0.030287 0.050475
-3.438661 0.046274 0.048528
-3.440848 -0.128995 0.046911
-3.096728 -0.678489 0.043367
-3.053512 -0.977427 0.044163
-2.951562 -0.824423 0.044720
-2.694631 0.592917 0.044067
-2.769452 0.761961 0.058902
-3.075839 0.420435 0.050909
-2.917239 0.327371 0.049707
-2.755655 0.408664 0.043674
-2.856939 1.740515 0.049293
-2.766981 1.912909 0.043601
-2.867458 2.037846 0.050217
-3.066468 2.037778 0.045893
-3.198345 1.917862 0.043358
-3.185058 1.747697 0.050664
-3.042662 1.657924 0.043913
-2.746386 1.632962 0.036409
-2.746386 1.455460 0.035446
-4.058766 1.489205 0.043767
-3.878282 1.427696 0.044696
-4.169259 1.323482 0.044240
-4.058004 1.169066 0.045260
-3.879250 1.228220 0.043523
-2.582057 -0.243794 0.043478
-2.420709 -0.121562 0.044323
-2.261523 -0.221057 0.045083
-4.448279 4.710080 0.040980
-4.428942 4.410941 0.044727
-4.340792 4.544387 0.044565
-4.426091 5.011011 0.046946
-4.338573 5.153973 0.045230
-4.337942 4.854126 0.047109
-4.023391 5.093987 0.049461
-4.157349 5.197947 0.042650
-4.024987 4.896086 0.049528
-4.158314 4.794751 0.042133
-1.661912 6.869392 0.042327
-1.849143 6.935186 0.042962
-1.961978 6.785873 0.041359
-2.465146 8.566798 0.040172
-1.884830 8.567093 0.042478
-1.149662 8.252157 0.043462
-1.289651 8.159102 0.046067
-1.155288 8.457856 0.044326
-3.123165 -7.981355 0.049337
-3.121234 -7.800504 0.049166
-2.930440 -7.694480 0.042735
-2.774632 -7.769725 0.047539
-1.142320 -8.254497 0.043089
-1.440660 -8.465957 0.044760
-1.289930 -8.564537 0.043766
-1.149469 -8.459241 0.043833
-1.583850 -8.566419 0.043137
-1.881570 -8.568051 0.042223
-1.741467 -8.469470 0.045684
-2.056034 -7.379961 0.045370
-2.082550 -7.734163 0.045190
-2.247996 -7.649785 0.044515
-2.236017 -7.473714 0.045004
-2.038666 -7.204519 0.045266
-2.015714 -6.869394 0.045813
-2.200973 -6.956915 0.043424
-2.206270 -7.124457 0.045604
-1.414530 -7.718148 0.041350
-0.517699 -7.192716 0.050665
-3.639102 -7.116332 0.041851
-3.729602 -7.256508 0.048610
-3.914771 -7.207425 0.042758
-3.716494 -6.925258 0.041656
-4.148954 -6.959072 0.044576
-3.874611 -6.869268 0.046281
-3.982388 -7.011259 0.043822
-4.206213 -6.763730 0.046033
-3.824868 -6.352549 0.045349
-4.144323 -6.420884 0.045491
-4.010503 -6.289620 0.048339
-3.793651 -6.537165 0.045945
-3.924753 -6.667077 0.044239
-4.089791 -6.613725 0.046142
-2.746548 -4.981974 0.040338
-2.860634 -5.131932 0.045121
-3.366328 -4.925001 0.044056
-3.182413 -4.813856 0.049871
-3.186714 -4.638589 0.044929
-3.369021 -4.556910 0.043165
-3.183890 -5.193266 0.049174
-3.185094 -5.384317 0.048933
-3.364247 -5.108809 0.046424
-3.519883 -5.211280 0.046744
-3.518951 -5.397373 0.047527
-3.364518 -5.485953 0.045665
-2.546554 -6.956704 0.043743
-2.388730 -6.707426 0.041800
-2.377614 -6.874364 0.045267
-2.699416 -6.843152 0.042664
-2.542413 -6.582430 0.038926
-2.684160 -6.635815 0.047215
-4.018950 -2.792608 0.047872
-3.807336 -2.489066 0.047739
-4.012510 -2.481830 0.048304
-4.119223 -2.634258 0.047695
-3.812808 -2.798615 0.048169
-3.707907 -2.647501 0.047445
-3.185697 -2.540368 0.045497
-3.073805 -2.388308 0.048062
-3.166868 -2.252777 0.042483
-3.394820 -2.528709 0.045405
-3.492327 -2.361082 0.048241
-3.376267 -2.237210 0.044133
-2.857463 -1.787093 0.046919
-3.067068 -2.092145 0.045292
-3.197528 -1.973680 0.042878
-3.182098 -1.802984 0.050185
-3.041635 -1.716570 0.042303
-2.756689 -2.240127 0.043814
-2.867465 -2.082816 0.049533
-2.767204 -1.947090 0.045285
-2.757099 -3.663502 0.040113
-3.163109 -3.733844 0.044743
-3.047507 -3.888301 0.044054
-2.858817 -3.849556 0.050740
-2.869777 -2.971543 0.047747
-2.763186 -3.106251 0.044584
-3.498794 2.616442 0.048200
-3.081157 2.638140 0.047481
-3.697144 2.288744 0.048953
-3.807868 2.132100 0.050625
-3.729300 1.985565 0.043972
-3.535716 1.933338 0.046177
-3.397710 2.008667 0.044328
-3.084525 3.242430 0.046989
-2.872657 3.228943 0.048824
-2.762812 3.073439 0.044933
-2.869192 2.933760 0.048162
-3.846706 4.049409 0.045702
-3.694446 3.961045 0.049034
-3.834382 4.238377 0.044696
-3.492789 4.059302 0.046829
-3.346958 3.964158 0.044171
-3.163525 3.699895 0.044974
-3.350845 3.766032 0.044780
-3.055773 4.481093 0.043233
-2.756074 4.378275 0.041152
-2.866536 4.512103 0.053589
-3.158404 4.310792 0.043374
-3.609515 -0.929788 0.046700
-3.626089 -0.750869 0.048205
-3.449492 -0.658073 0.047073
-3.278482 -0.746197 0.045469
-3.412109 -1.012143 0.047789
-3.257673 -0.921347 0.044095
-2.900166 -0.457636 0.047714
-2.903255 -0.275137 0.050069
-3.085362 -0.514879 0.048147
-3.082410 -0.159648 0.046499
-3.266155 -0.403761 0.046014
-3.260115 -0.231029 0.050633
-3.032112 0.922981 0.045262
-2.927445 0.762471 0.045286
-3.068980 0.601063 0.044553
-3.231880 0.850652 0.045744
-3.245225 0.675201 0.048734
-2.185184 -0.530490 0.050302
-2.312539 -0.403610 0.043399
-2.230318 -0.706092 0.045675
-2.420166 -0.741332 0.046515
-2.573517 -0.581086 0.052436
-2.511022 -0.418965 0.045019
-2.178182 8.566572 0.041624
-2.048519 8.468665 0.045447
-2.347539 8.468369 0.045188
-2.385702 8.275960 0.043238
-1.295276 8.563411 0.044158
-1.746005 8.467445 0.045916
-1.588353 8.565351 0.043464
-1.446386 8.463763 0.045119
-1.757592 8.274764 0.043601
-1.599942 8.174059 0.046869
-1.446388 8.265152 0.043859
-2.884339 -8.226892 0.046961
-2.929468 -8.049708 0.044262
-2.771728 -7.944102 0.046472
-2.586864 -8.016101 0.044425
-2.559596 -8.192979 0.045866
-2.699331 -8.298164 0.043360
-1.280215 -8.163621 0.045343
-1.418196 -7.891499 0.047083
-1.263354 -7.967667 0.043415
-1.587792 -7.997623 0.043113
-1.590830 -8.179954 0.046529
-1.438094 -8.269785 0.043380
-1.580362 -7.643392 0.043989
-1.748316 -7.731963 0.045011
-1.911316 -7.643084 0.044643
-1.896778 -7.464953 0.044130
-1.657804 -6.870853 0.043140
-1.836451 -6.952287 0.044865
-1.854106 -7.119871 0.045073
-0.393627 -6.888114 0.043789
-0.523242 -6.989144 0.050625
-2.747036 -5.550332 0.039837
-2.861121 -5.414733 0.045239
-2.770514 -5.268324 0.045376
-3.518833 -4.644876 0.047955
-3.520442 -4.837699 0.046586
-3.690523 -4.550096 0.047055
-3.844934 -4.642571 0.044145
-3.847944 -4.829552 0.046782
-3.695141 -4.929899 0.047069
-3.196758 -3.436565 0.048671
-3.084434 -3.582216 0.049933
-3.086195 -3.280914 0.046900
-2.867114 -3.550618 0.047759
-2.766444 -3.387595 0.043974
-2.873201 -3.263542 0.048421
-3.188148 -3.133399 0.047755
-3.398773 -3.125708 0.047441
-3.187141 -2.834773 0.046868
-3.081746 -2.981319 0.047134
-3.502310 -2.964967 0.047496
-3.397081 -2.826112 0.046414
-3.185466 2.491332 0.046058
-3.166605 2.199916 0.042835
-3.074238 2.338601 0.048730
-3.394036 2.478965 0.045900
-3.376045 2.183397 0.044908
-3.492248 2.309715 0.048796
-3.185503 2.789667 0.047295
-3.080181 2.939166 0.047359
-3.185669 3.092333 0.048181
-3.394708 3.083840 0.047745
-3.498287 2.921343 0.047679
-3.394570 2.780337 0.046866
-3.351679 4.339467 0.044274
-3.497225 4.235831 0.049967
-3.519283 4.613349 0.048238
-3.369086 4.525755 0.043442
-3.691209 4.517770 0.047418
-3.686558 4.326541 0.046738
-2.757627 4.097839 0.039663
-2.857273 4.206837 0.045696
-3.047744 3.854829 0.044405
-3.159672 4.010446 0.046438
-3.070366 4.170365 0.051442
-2.757627 3.925824 0.038672
-2.858792 3.820830 0.051184
-1.919383 8.181506 0.046022
-2.071485 8.275759 0.043879
-1.925911 7.994070 0.044891
-2.092869 7.903260 0.045859
-2.254168 7.996194 0.044634
-2.239311 8.181257 0.046315
-1.158424 -6.984969 0.047350
-1.322510 -6.883066 0.046411
-1.487531 -6.968920 0.049055
-0.826005 -7.593231 0.047782
-0.684493 -7.494010 0.045781
-0.688191 -7.291142 0.046071
-0.837284 -7.189473 0.048751
-1.009636 -6.886903 0.046878
-0.842414 -6.987933 0.049495
-0.698863 -6.886030 0.045572
-1.499207 -7.139652 0.042599
-1.559022 -7.468369 0.042218
-1.712439 -7.378809 0.045913
-1.687135 -7.209169 0.044252
-1.155919 -7.188214 0.049075
-1.002001 -7.291687 0.047383
-1.366191 -7.416120 0.041176
-1.331680 -7.257043 0.049310
-0.994419 -7.492577 0.047461
-1.126269 -7.621287 0.048667
-1.273839 -7.575638 0.041218
