4.552722 6.897708 0.018690
4.332453 7.117978 0.018690
4.112183 7.338248 0.018690
3.891914 7.558517 0.018690
3.671644 7.778787 0.018690
3.451374 7.999056 0.018690
3.231105 8.219326 0.018690
3.010835 8.439596 0.018690
2.790566 8.659865 0.018690
2.522758 8.770000 0.018921
2.207414 8.770000 0.018921
1.892069 8.770000 0.018921
1.576724 8.770000 0.018921
1.261379 8.770000 0.018921
0.946034 8.770000 0.018921
0.630690 8.770000 0.018921
0.315345 8.770000 0.018921
0.000000 8.770000 0.018921
-0.315345 8.770000 0.018921
-0.630690 8.770000 0.018921
-0.946034 8.770000 0.018921
-1.261379 8.770000 0.018921
-1.576724 8.770000 0.018921
-1.892069 8.770000 0.018921
-2.207414 8.770000 0.018921
-2.522758 8.770000 0.018921
-2.790566 8.659865 0.018690
-3.010835 8.439596 0.018690
-3.231105 8.219326 0.018690
-3.451374 7.999056 0.018690
-3.671644 7.778787 0.018690
-3.891914 7.558517 0.018690
-4.112183 7.338248 0.018690
-4.332453 7.117978 0.018690
-4.552722 6.897708 0.018690
-4.662857 6.636739 0.018100
-4.662857 6.335069 0.018100
-4.662857 6.033399 0.018100
-4.662857 5.731729 0.018100
-4.662857 5.430059 0.018100
-4.662857 5.128389 0.018100
-4.662857 4.826719 0.018100
-4.662857 4.525049 0.018100
-4.662857 4.223379 0.018100
-4.662857 3.921709 0.018100
-4.662857 3.620039 0.018100
-4.662857 3.318369 0.018100
-4.662857 3.016699 0.018100
-4.662857 2.715029 0.018100
-4.662857 2.413359 0.018100
-4.662857 2.111690 0.018100
-4.662857 1.810020 0.018100
-4.662857 1.508350 0.018100
-4.662857 1.206680 0.018100
-4.662857 0.905010 0.018100
-4.662857 0.603340 0.018100
-4.662857 0.301670 0.018100
-4.662857 0.000000 0.018100
-4.662857 -0.301670 0.018100
-4.662857 -0.603340 0.018100
-4.662857 -0.905010 0.018100
-4.662857 -1.206680 0.018100
-4.662857 -1.508350 0.018100
-4.662857 -1.810020 0.018100
-4.662857 -2.111690 0.018100
-4.662857 -2.413359 0.018100
-4.662857 -2.715029 0.018100
-4.662857 -3.016699 0.018100
-4.662857 -3.318369 0.018100
-4.662857 -3.620039 0.018100
-4.662857 -3.921709 0.018100
-4.662857 -4.223379 0.018100
-4.662857 -4.525049 0.018100
-4.662857 -4.826719 0.018100
-4.662857 -5.128389 0.018100
-4.662857 -5.430059 0.018100
-4.662857 -5.731729 0.018100
-4.662857 -6.033399 0.018100
-4.662857 -6.335069 0.018100
-4.662857 -6.636739 0.018100
-4.552722 -6.897708 0.018690
-4.332453 -7.117978 0.018690
-4.112183 -7.338248 0.018690
-3.891914 -7.558517 0.018690
-3.671644 -7.778787 0.018690
-3.451374 -7.999056 0.018690
-3.231105 -8.219326 0.018690
-3.010835 -8.439596 0.018690
-2.790566 -8.659865 0.018690
-2.522758 -8.770000 0.018921
-2.207414 -8.770000 0.018921
-1.892069 -8.770000 0.018921
-1.576724 -8.770000 0.018921
-1.261379 -8.770000 0.018921
-0.946034 -8.770000 0.018921
-0.630690 -8.770000 0.018921
-0.315345 -8.770000 0.018921
0.000000 -8.770000 0.018921
0.315345 -8.770000 0.018921
0.630690 -8.770000 0.018921
0.946034 -8.770000 0.018921
1.261379 -8.770000 0.018921
1.576724 -8.770000 0.018921
1.892069 -8.770000 0.018921
2.207414 -8.770000 0.018921
2.522758 -8.770000 0.018921
2.790566 -8.659865 0.018690
3.010835 -8.439596 0.018690
3.231105 -8.219326 0.018690
3.451374 -7.999056 0.018690
3.671644 -7.778787 0.018690
3.891914 -7.558517 0.018690
4.112183 -7.338248 0.018690
4.332453 -7.117978 0.018690
4.552722 -6.897708 0.018690
4.662857 -6.636739 0.018100
4.662857 -6.335069 0.018100
4.662857 -6.033399 0.018100
4.662857 -5.731729 0.018100
4.662857 -5.430059 0.018100
4.662857 -5.128389 0.018100
4.662857 -4.826719 0.018100
4.662857 -4.525049 0.018100
4.662857 -4.223379 0.018100
4.662857 -3.921709 0.018100
4.662857 -3.620039 0.018100
4.662857 -3.318369 0.018100
4.662857 -3.016699 0.018100
4.662857 -2.715029 0.018100
4.662857 -2.413359 0.018100
4.662857 -2.111690 0.018100
4.662857 -1.810020 0.018100
4.662857 -1.508350 0.018100
4.662857 -1.206680 0.018100
4.662857 -0.905010 0.018100
4.662857 -0.603340 0.018100
4.662857 -0.301670 0.018100
4.662857 0.000000 0.018100
4.662857 0.301670 0.018100
4.662857 0.603340 0.018100
4.662857 0.905010 0.018100
4.662857 1.206680 0.018100
4.662857 1.508350 0.018100
4.662857 1.810020 0.018100
4.662857 2.111690 0.018100
4.662857 2.413359 0.018100
4.662857 2.715029 0.018100
4.662857 3.016699 0.018100
4.662857 3.318369 0.018100
4.662857 3.620039 0.018100
4.662857 3.921709 0.018100
4.662857 4.223379 0.018100
4.662857 4.525049 0.018100
4.662857 4.826719 0.018100
4.662857 5.128389 0.018100
4.662857 5.430059 0.018100
4.662857 5.731729 0.018100
4.662857 6.033399 0.018100
4.662857 6.335069 0.018100
4.662857 6.636739 0.018100
2.586595 6.148689 0.023124
2.314070 6.421213 0.023124
2.041546 6.693738 0.023124
1.746510 6.830000 0.019053
1.428963 6.830000 0.019053
1.111415 6.830000 0.019053
0.793868 6.830000 0.019053
0.476321 6.830000 0.019053
0.158774 6.830000 0.019053
-0.158774 6.830000 0.019053
-0.476321 6.830000 0.019053
-0.793868 6.830000 0.019053
-1.111415 6.830000 0.019053
-1.428963 6.830000 0.019053
-1.746510 6.830000 0.019053
-2.041546 6.693738 0.023124
-2.314070 6.421213 0.023124
-2.586595 6.148689 0.023124
-2.722857 5.854931 0.018899
-2.722857 5.539941 0.018899
-2.722857 5.224951 0.018899
-2.722857 4.909961 0.018899
-2.722857 4.594971 0.018899
-2.722857 4.279980 0.018899
-2.722857 3.964990 0.018899
-2.722857 3.650000 0.018899
-2.722857 3.335010 0.018899
-2.722857 3.020020 0.018899
-2.722857 2.705029 0.018899
-2.722857 2.390039 0.018899
-2.722857 2.075049 0.018899
-2.722857 1.760059 0.018899
-2.722857 1.445069 0.018899
-2.586595 1.151311 0.023124
-2.314070 0.878787 0.023124
-2.041546 0.606262 0.023124
-1.746510 0.470000 0.019053
-1.428963 0.470000 0.019053
-1.111415 0.470000 0.019053
-0.793868 0.470000 0.019053
-0.476321 0.470000 0.019053
-0.158774 0.470000 0.019053
0.158774 0.470000 0.019053
0.476321 0.470000 0.019053
0.793868 0.470000 0.019053
1.111415 0.470000 0.019053
1.428963 0.470000 0.019053
1.746510 0.470000 0.019053
2.041546 0.606262 0.023124
2.314070 0.878787 0.023124
2.586595 1.151311 0.023124
2.722857 1.445069 0.018899
2.722857 1.760059 0.018899
2.722857 2.075049 0.018899
2.722857 2.390039 0.018899
2.722857 2.705029 0.018899
2.722857 3.020020 0.018899
2.722857 3.335010 0.018899
2.722857 3.650000 0.018899
2.722857 3.964990 0.018899
2.722857 4.279980 0.018899
2.722857 4.594971 0.018899
2.722857 4.909961 0.018899
2.722857 5.224951 0.018899
2.722857 5.539941 0.018899
2.722857 5.854931 0.018899
2.586595 -1.151311 0.023124
2.314070 -0.878787 0.023124
2.041546 -0.606262 0.023124
1.746510 -0.470000 0.019053
1.428963 -0.470000 0.019053
1.111415 -0.470000 0.019053
0.793868 -0.470000 0.019053
0.476321 -0.470000 0.019053
0.158774 -0.470000 0.019053
-0.158774 -0.470000 0.019053
-0.476321 -0.470000 0.019053
-0.793868 -0.470000 0.019053
-1.111415 -0.470000 0.019053
-1.428963 -0.470000 0.019053
-1.746510 -0.470000 0.019053
-2.041546 -0.606262 0.023124
-2.314070 -0.878787 0.023124
-2.586595 -1.151311 0.023124
-2.722857 -1.445069 0.018899
-2.722857 -1.760059 0.018899
-2.722857 -2.075049 0.018899
-2.722857 -2.390039 0.018899
-2.722857 -2.705029 0.018899
-2.722857 -3.020020 0.018899
-2.722857 -3.335010 0.018899
-2.722857 -3.650000 0.018899
-2.722857 -3.964990 0.018899
-2.722857 -4.279980 0.018899
-2.722857 -4.594971 0.018899
-2.722857 -4.909961 0.018899
-2.722857 -5.224951 0.018899
-2.722857 -5.539941 0.018899
-2.722857 -5.854931 0.018899
-2.586595 -6.148689 0.023124
-2.314070 -6.421213 0.023124
-2.041546 -6.693738 0.023124
-1.746510 -6.830000 0.019053
-1.428963 -6.830000 0.019053
-1.111415 -6.830000 0.019053
-0.793868 -6.830000 0.019053
-0.476321 -6.830000 0.019053
-0.158774 -6.830000 0.019053
0.158774 -6.830000 0.019053
0.476321 -6.830000 0.019053
0.793868 -6.830000 0.019053
1.111415 -6.830000 0.019053
1.428963 -6.830000 0.019053
1.746510 -6.830000 0.019053
2.041546 -6.693738 0.023124
2.314070 -6.421213 0.023124
2.586595 -6.148689 0.023124
2.722857 -5.854931 0.018899
2.722857 -5.539941 0.018899
2.722857 -5.224951 0.018899
2.722857 -4.909961 0.018899
2.722857 -4.594971 0.018899
2.722857 -4.279980 0.018899
2.722857 -3.964990 0.018899
2.722857 -3.650000 0.018899
2.722857 -3.335010 0.018899
2.722857 -3.020020 0.018899
2.722857 -2.705029 0.018899
2.722857 -2.390039 0.018899
2.722857 -2.075049 0.018899
2.722857 -1.760059 0.018899
2.722857 -1.445069 0.018899
