0.667145 -8.708911 0.046104
4.300140 -5.754948 0.046671
4.196726 -5.605036 0.048655
4.621792 -5.626157 0.043565
4.511948 -5.759087 0.049288
4.619442 -5.907075 0.044598
0.089673 -8.706688 0.043707
3.987043 -5.609187 0.048470
1.864544 -7.042256 0.048935
1.709816 -7.149025 0.051296
0.097528 7.341034 0.044026
0.088397 7.032364 0.038730
0.185925 7.143355 0.048151
0.398516 8.005202 0.045910
0.087472 7.972247 0.044764
0.210893 8.099673 0.052400
4.526515 4.498743 0.050669
0.362783 7.045991 0.044183
2.599463 8.713495 0.050576
1.601368 8.711351 0.049651
4.621461 -6.458673 0.043761
4.308790 -6.643679 0.043936
4.622177 -6.736853 0.042695
4.514353 -6.612733 0.048120
4.510616 -6.327594 0.047100
4.618440 -6.183219 0.044755
4.508597 -6.046136 0.047762
4.514150 -5.467501 0.048826
4.300892 -5.450518 0.047986
0.088225 -7.972300 0.044897
0.212933 -8.097686 0.053099
0.099718 -8.389811 0.047679
0.224426 -8.295857 0.057475
0.189391 -8.604375 0.046182
0.430172 -8.404333 0.047265
0.371805 -8.712687 0.042698
0.487877 -8.606599 0.050221
2.953251 -3.968872 0.045167
2.956167 -5.960234 0.046979
1.555042 -7.041769 0.048811
2.250579 -8.715682 0.049412
1.709061 -7.360775 0.050207
1.712532 -7.780446 0.051294
0.970609 -8.708571 0.048058
0.797024 -8.602483 0.050977
0.572331 -8.297738 0.053133
0.759916 -8.393575 0.049243
0.909059 -8.290106 0.052322
1.545880 -7.464599 0.051450
1.546603 -7.672781 0.050890
1.719016 -7.988526 0.050232
0.099458 8.390132 0.047509
0.222879 8.297686 0.056836
0.971195 8.709116 0.047866
1.110785 8.604127 0.050888
1.282771 8.710011 0.049012
1.430309 8.606362 0.050827
1.407323 8.398465 0.050452
1.082236 8.395401 0.049854
1.231236 8.293387 0.050772
0.116852 7.648264 0.052829
0.204325 7.777817 0.047063
0.214381 7.461109 0.054256
0.391948 7.797069 0.048182
4.622092 2.195635 0.043460
4.336813 1.415942 0.043870
3.359277 2.427996 0.049773
3.260776 2.257534 0.050336
4.199964 2.170771 0.049078
4.620081 2.475310 0.043731
4.512887 2.337613 0.048963
4.298955 2.332390 0.047922
4.192602 2.480228 0.049080
4.626503 4.323503 0.041877
3.935141 4.202048 0.044253
4.623484 5.060217 0.042227
4.523495 4.885072 0.049475
4.317260 4.851712 0.048779
4.204770 5.007512 0.047875
4.330003 4.532423 0.047244
4.232001 4.362883 0.050383
4.057359 4.359453 0.042737
4.226551 4.695761 0.047454
3.951062 4.528579 0.048813
4.022252 4.695347 0.048280
1.385706 7.147789 0.050767
3.781682 4.494821 0.041596
3.767240 4.286809 0.043091
3.645447 4.647556 0.052465
2.946192 4.288227 0.042665
3.368079 5.309738 0.049122
3.571822 5.620750 0.048162
2.953906 5.357454 0.045405
3.696559 4.834532 0.048639
3.582213 4.983727 0.050235
3.903985 4.848564 0.047802
3.995794 5.004778 0.048787
2.428532 8.614645 0.052625
3.057701 5.500263 0.050992
3.365798 5.628724 0.047782
3.263841 5.481539 0.049868
3.381299 5.940034 0.047108
3.267335 5.803915 0.050254
3.680330 5.783587 0.050123
3.588269 5.927680 0.044545
1.372903 7.358480 0.049770
1.205083 7.463373 0.051316
4.197788 -6.508349 0.048795
4.292505 -6.346324 0.046927
3.995866 -6.543980 0.046269
3.871152 -6.408766 0.049645
3.058892 -3.816547 0.050384
2.954927 -3.670134 0.045315
4.196872 -5.298143 0.048592
4.306239 -5.144186 0.048707
4.621643 -5.347938 0.042270
4.517752 -5.176998 0.049260
4.624909 -4.342890 0.042637
4.522487 -4.803135 0.048472
4.626379 -4.630984 0.041113
4.522001 -4.501346 0.050709
3.882032 -5.454291 0.049213
3.987695 -5.297765 0.048453
3.885702 -5.141152 0.049218
3.674656 -5.451104 0.049171
3.266493 -3.820652 0.049487
4.520359 -4.194325 0.050629
0.941320 -7.042803 0.047428
0.088495 -7.032626 0.038878
0.118768 -7.649223 0.053852
0.206992 -7.777152 0.047099
3.367435 -5.293691 0.049146
3.572827 -5.287654 0.049550
3.678210 -5.134229 0.048519
3.570701 -5.603545 0.048285
3.059700 -5.807705 0.052349
3.265593 -5.790163 0.050375
3.263306 -5.466847 0.050043
3.364744 -5.613252 0.047761
2.199894 -6.895845 0.047326
2.952819 -5.652639 0.046279
2.953740 -5.347392 0.045511
3.057274 -5.488694 0.051010
1.868495 -7.472127 0.051790
2.036409 -7.799035 0.051023
1.871242 -7.683616 0.049821
3.163906 -8.286031 0.040250
3.184767 -8.117782 0.047145
3.364466 -8.067580 0.043945
1.111223 -8.602854 0.051178
1.086782 -8.393297 0.049935
1.385280 -7.775240 0.050974
1.598535 -8.710401 0.049760
1.281622 -8.709283 0.049172
1.429729 -8.604683 0.050984
1.921023 -8.712378 0.049859
2.079890 -8.613060 0.050380
1.752087 -8.607779 0.050672
1.739400 -8.400942 0.050488
0.089936 8.706352 0.043971
0.189394 8.604931 0.045702
0.372288 8.713579 0.042426
0.902719 8.292218 0.051658
0.550625 8.096464 0.054500
0.885646 8.086159 0.052086
0.721851 7.985617 0.049314
0.487723 8.608038 0.049885
0.667772 8.709459 0.045885
0.796598 8.603576 0.050623
0.756672 8.395403 0.049064
0.428249 8.406943 0.047061
0.568372 8.300192 0.052558
0.410723 7.373421 0.047420
0.470728 7.155983 0.048997
0.642442 7.044992 0.045727
4.512023 2.045000 0.049702
4.303827 2.025359 0.045537
4.528561 1.480430 0.047982
4.637195 1.373902 0.036706
4.638096 0.846710 0.036338
4.637195 1.199313 0.035645
4.204583 3.103683 0.049514
2.955457 2.032444 0.044310
2.950728 2.324332 0.040036
3.056899 2.215650 0.052797
4.210362 1.539846 0.049383
4.192478 1.852029 0.051493
4.292041 1.716708 0.046551
0.055409 0.161802 0.045754
0.175299 0.345301 0.051091
0.179561 -0.030499 0.051806
3.982803 2.474393 0.049430
3.565497 2.446339 0.050014
4.621212 6.463943 0.043923
4.619333 3.749313 0.044090
4.517986 3.297476 0.050063
4.622408 3.469403 0.042109
4.512456 3.592833 0.050589
4.308314 3.262721 0.048971
3.993503 3.414065 0.048729
4.200556 3.417443 0.049239
4.300275 3.575628 0.048231
4.625284 4.031492 0.043105
4.515332 3.886156 0.048531
4.522502 4.188592 0.050940
4.324511 4.194293 0.046531
3.677673 3.890373 0.050169
3.887597 3.573451 0.049768
3.581233 3.399009 0.048931
3.682833 3.566096 0.049642
3.579458 3.717786 0.048224
3.050263 4.152176 0.049096
2.953356 3.985821 0.045474
4.629297 4.610045 0.038586
4.629297 4.781199 0.038424
1.548133 7.041147 0.048691
1.239838 7.041642 0.048127
3.567771 4.038337 0.048646
3.619186 4.229071 0.051541
3.251450 4.171615 0.048824
3.363905 4.017698 0.047615
3.496485 4.591487 0.042600
3.320797 4.344196 0.047707
3.484666 4.381015 0.041644
3.270084 5.158692 0.048948
3.378470 4.985976 0.050311
3.062051 5.187684 0.051070
3.987296 5.941590 0.046104
3.888943 5.786491 0.049059
4.619842 5.909308 0.045141
4.512525 5.766376 0.048977
4.189871 5.930665 0.050034
4.301048 5.769963 0.046534
4.621969 5.624848 0.044624
4.515345 5.180363 0.049144
4.302866 5.161018 0.048270
4.621147 5.341308 0.044152
4.513830 5.473168 0.048640
3.884957 5.158892 0.048894
3.674840 5.468995 0.049118
3.573054 5.305168 0.049268
3.678802 5.151873 0.048596
3.751032 7.673136 0.045386
3.811273 7.484822 0.058779
3.719120 7.329873 0.044466
4.196295 6.525569 0.049104
3.678511 6.101132 0.046663
3.962878 6.258908 0.048927
3.868924 6.112137 0.051976
2.774187 8.649498 0.044854
2.260492 8.716150 0.049624
1.755227 8.609794 0.050745
1.926916 8.713442 0.049831
2.087305 8.614592 0.050883
2.393344 8.416533 0.051823
2.953081 5.661183 0.045998
2.956962 5.965790 0.046528
3.060757 5.817650 0.052336
1.528251 7.462591 0.050666
1.686350 7.778248 0.050096
1.525339 7.671480 0.050538
1.366039 7.775254 0.050166
1.048495 7.982190 0.050113
1.041709 7.775290 0.050245
1.201130 7.671257 0.051054
1.214568 8.086236 0.051056
1.372690 7.983332 0.050111
4.226626 -6.821815 0.047159
3.961877 -6.240054 0.048907
4.181309 -6.213243 0.047143
4.188612 -5.914231 0.050006
4.289575 -6.057431 0.046995
2.956799 -3.375023 0.044182
3.062440 -3.505886 0.051896
4.636001 -1.263061 0.035180
4.517822 -1.821387 0.044297
4.506905 -1.183284 0.052498
3.338507 -1.603897 0.044656
4.516392 -2.384077 0.043976
4.625394 -4.907783 0.039059
4.625394 -5.074829 0.039037
4.322574 -4.517624 0.046802
3.370357 -3.665829 0.049540
3.270268 -3.497476 0.049473
3.677814 -3.549318 0.047699
3.574247 -3.689056 0.049426
4.624736 -4.054482 0.042306
1.081015 -7.149790 0.051511
1.246216 -7.041986 0.048363
1.394924 -7.148755 0.051350
1.386517 -7.359835 0.050067
3.050047 -4.129495 0.049778
2.946082 -4.273186 0.042791
3.874664 -3.882332 0.050024
3.672290 -3.869088 0.049326
0.396747 -7.794988 0.048622
0.402687 -8.002435 0.046407
0.556341 -8.094011 0.054763
0.097932 -7.341932 0.044346
0.216700 -7.461259 0.054847
0.186427 -7.143678 0.048370
0.363712 -7.046051 0.044371
3.580229 -4.966034 0.050554
3.268947 -5.143130 0.049172
2.956830 -5.051708 0.044072
3.061285 -5.174985 0.051116
3.376358 -4.968899 0.050460
3.678734 -5.765730 0.050182
3.867386 -6.093328 0.051915
3.887700 -5.768185 0.049036
3.985855 -5.923317 0.046103
3.674547 -6.469021 0.048252
3.525782 -6.370256 0.051576
3.331961 -6.477446 0.045838
3.183461 -6.396535 0.045933
2.846577 -6.235414 0.039553
3.019619 -6.127310 0.045355
3.187774 -6.190154 0.051180
2.591074 -8.722329 0.047768
2.416870 -8.623010 0.049787
2.408195 -8.429372 0.050501
2.350085 -7.223320 0.048092
2.025826 -7.378819 0.048919
2.021119 -7.160697 0.052329
2.183342 -7.086025 0.052677
2.512749 -7.540580 0.047567
2.193258 -7.710985 0.049051
2.347458 -7.421430 0.051583
2.185422 -7.502258 0.050710
2.375932 -8.035521 0.048082
2.360444 -7.833188 0.050127
2.517899 -7.743610 0.051939
3.568361 -7.860983 0.044789
3.387580 -7.894377 0.048696
3.217034 -7.773915 0.046778
1.240303 -8.290775 0.051656
1.558909 -8.087497 0.051315
1.568971 -8.294614 0.051023
1.412851 -8.395733 0.050328
1.391102 -7.981877 0.050793
1.228616 -8.084035 0.051509
1.061097 -7.980703 0.050716
0.895063 -8.084252 0.052406
0.729928 -7.983994 0.049865
2.231497 -8.319954 0.049600
2.069483 -8.410971 0.050437
2.218626 -8.119774 0.051064
1.897929 -8.303452 0.050409
2.046290 -8.005491 0.049388
1.887606 -8.098152 0.051222
0.537080 7.682442 0.053607
0.545799 7.475036 0.054238
0.714875 7.779727 0.049928
0.871883 7.673369 0.051918
0.766152 7.152564 0.050794
0.936394 7.042571 0.047120
1.073535 7.149213 0.050945
1.051583 7.360253 0.049452
0.877805 7.466216 0.052471
0.729515 7.365169 0.048522
4.638137 0.140370 0.036238
4.311111 0.676335 0.043530
4.619216 1.916328 0.043233
4.510582 1.761367 0.046596
4.620652 1.648992 0.041860
4.624863 3.194443 0.038932
4.624863 3.028292 0.039143
4.621539 2.753510 0.042313
4.512335 2.629135 0.049853
4.517117 2.922558 0.050192
4.306508 2.949853 0.048981
4.298788 2.639277 0.048176
4.197384 2.790947 0.048993
0.098832 -0.330166 0.048848
0.222984 -0.229133 0.057448
0.427950 -0.338967 0.048254
0.577086 -0.239383 0.055766
4.313630 0.856908 0.044055
4.512567 0.940600 0.050983
4.511666 1.118635 0.049563
4.319918 1.228737 0.041486
3.996294 1.853137 0.047702
3.571881 2.764211 0.049895
3.671602 2.616310 0.048184
3.988446 2.786219 0.049125
3.880051 2.628714 0.048349
3.259868 2.586719 0.050362
3.366367 2.752963 0.049100
3.996778 4.047496 0.050506
3.879192 3.897659 0.050549
3.985741 3.732427 0.048174
4.191365 3.731226 0.049362
4.299545 3.885273 0.049488
4.211507 4.036311 0.045750
3.374465 3.389423 0.049175
2.955254 3.389051 0.046457
3.374556 3.704347 0.049074
3.268905 3.856296 0.048715
3.271164 3.543072 0.048490
3.059544 3.843857 0.049149
2.955473 3.687709 0.046475
3.061441 3.538872 0.049632
2.634429 6.454786 0.043658
2.417645 6.674797 0.045893
2.611385 6.621134 0.049912
2.957431 5.062733 0.044259
3.214749 4.516208 0.042590
2.944426 4.777070 0.038905
3.052571 4.885561 0.049506
3.330849 4.676866 0.043824
3.265578 4.837794 0.052829
2.944426 4.597230 0.038090
3.041332 4.479678 0.053061
4.197158 5.621474 0.048714
4.195333 5.315002 0.048611
4.300495 5.466207 0.047723
3.986401 5.315610 0.048335
3.987628 5.627078 0.048404
3.882033 5.472419 0.049151
4.290793 6.072363 0.046887
4.182171 6.230058 0.047237
4.292591 6.361368 0.046867
4.510657 6.336731 0.047075
4.618731 6.187651 0.045036
4.509287 6.054593 0.047571
4.113607 7.337754 0.036187
3.984900 7.466461 0.037991
3.019843 6.133174 0.045340
3.001173 6.491237 0.047021
2.832874 6.390582 0.049225
2.845864 6.237515 0.040052
2.963402 6.671976 0.048861
2.772058 6.737669 0.047673
2.738625 6.919069 0.048684
3.807019 7.136596 0.044077
3.690230 6.999810 0.045590
4.306354 6.657979 0.043800
4.621279 6.740793 0.042792
4.513205 6.620990 0.047890
3.005099 8.440597 0.041031
2.818679 8.471267 0.057489
3.066040 8.240371 0.050603
1.733098 8.403950 0.050996
1.556254 8.297611 0.049723
1.538288 8.089629 0.050543
1.692648 7.988319 0.049603
2.319942 8.007020 0.050434
2.318417 7.799116 0.047721
2.950984 8.082128 0.051205
2.700115 7.284155 0.049376
2.335466 7.405773 0.050208
1.699849 7.147278 0.050693
1.692771 7.358030 0.049965
1.858777 7.041131 0.048987
2.013085 7.155236 0.051816
1.844211 7.677867 0.049804
2.161172 7.692139 0.050020
2.002212 7.788948 0.049444
2.164556 7.484411 0.049754
2.009106 7.369892 0.049296
1.847720 7.466539 0.050748
4.551893 -6.895719 0.041692
4.361904 -6.949735 0.048476
2.939372 -2.305121 0.041907
2.946680 -2.908879 0.038576
2.946680 -3.085899 0.039007
3.054192 -3.197298 0.051619
4.611698 -1.704423 0.043677
4.518414 -1.543457 0.050228
4.636001 -1.434763 0.036897
4.635409 -1.976810 0.039574
4.611372 -2.253286 0.044809
4.517496 -2.109580 0.047956
4.309195 -1.283401 0.043042
4.180965 -1.575630 0.049625
4.320704 -1.471872 0.045878
3.526404 -1.615744 0.045957
3.859065 -1.787127 0.048575
4.634305 -2.523569 0.040234
4.619711 -2.805471 0.042924
4.524730 -2.670627 0.046186
4.515554 -3.609559 0.050062
4.619389 -3.779435 0.042193
4.514840 -3.896888 0.047729
4.298148 -3.877175 0.049118
3.885024 -3.564885 0.048529
3.983830 -3.717867 0.048830
4.191069 -3.719813 0.049616
4.303925 -3.569650 0.048359
4.315400 -4.835495 0.048740
4.219864 -4.679621 0.047318
4.206794 -4.990830 0.048324
3.995435 -4.988174 0.048623
3.376082 -3.340103 0.050383
3.693407 -3.240686 0.046738
3.579738 -3.368718 0.050364
3.345084 -3.020740 0.045307
3.265648 -3.170787 0.053118
2.944238 -4.586032 0.038336
3.041035 -4.462156 0.054116
3.212250 -4.494009 0.042371
2.944238 -4.765891 0.038515
3.051783 -4.871513 0.049749
3.327320 -4.657071 0.044077
3.263649 -4.820559 0.052873
3.991924 -4.030820 0.050644
4.225606 -4.348115 0.050632
4.320483 -4.183273 0.046240
4.208169 -4.023717 0.045826
3.490538 -4.571293 0.042897
0.544364 -7.681390 0.054024
0.723892 -7.778821 0.050416
0.473173 -7.156095 0.049625
0.645419 -7.045044 0.046000
0.771332 -7.152848 0.051388
0.736995 -7.365433 0.048944
0.414656 -7.373049 0.047762
0.552565 -7.474583 0.054767
3.530887 -6.202293 0.045219
3.676797 -6.082779 0.046626
3.586300 -5.910314 0.044551
3.379116 -5.925040 0.047151
3.341379 -6.103101 0.045254
2.525777 -7.159186 0.049911
2.834130 -6.387438 0.049297
3.002860 -6.485716 0.047003
2.964732 -6.666765 0.048832
2.769582 -8.658366 0.043602
2.554035 -8.158596 0.051148
2.573427 -8.352267 0.046920
2.760610 -8.481943 0.052711
2.944348 -8.449690 0.050859
2.960940 -8.303602 0.041009
3.015187 -8.018010 0.045573
3.024339 -7.847345 0.047663
2.860430 -8.134760 0.042222
2.701670 -8.058468 0.053073
2.848934 -7.751442 0.049145
2.681022 -7.845816 0.045818
3.768985 -7.652551 0.045549
3.595422 -7.676025 0.051263
4.638096 0.670626 0.035919
4.510049 0.583943 0.051342
4.638137 0.316650 0.036067
4.510090 0.405431 0.051519
4.309254 0.318158 0.043998
4.637885 -0.388015 0.036353
4.637885 -0.212373 0.035889
4.508580 0.050985 0.051424
4.508329 -0.126155 0.051848
4.307744 0.139991 0.043954
0.553277 -0.043573 0.053179
0.539902 0.342477 0.052208
0.356456 0.247778 0.054406
0.360718 0.055478 0.054356
1.666061 -0.052285 0.053522
1.299045 -0.242322 0.054594
2.047796 -0.097023 0.056129
1.856997 0.026883 0.052485
1.911525 0.224841 0.065761
3.669017 2.305078 0.047135
3.877875 2.320729 0.047436
3.988683 2.164944 0.050440
3.896361 2.020641 0.044105
3.369504 2.099005 0.050123
3.571525 2.128206 0.050659
3.688061 1.999554 0.046096
1.254205 0.341130 0.050283
1.293096 -0.047859 0.052818
1.453965 0.241245 0.056581
1.478272 0.046803 0.054222
0.899929 0.341906 0.051738
0.725023 0.244383 0.054502
0.734137 0.050634 0.053460
0.923627 -0.046391 0.053012
1.104721 0.048489 0.053613
1.090137 0.243036 0.054937
3.887847 2.940662 0.049248
3.891538 3.254880 0.049613
3.994860 3.099219 0.048714
3.684031 3.247179 0.049024
3.579236 3.081914 0.049472
3.679730 2.931058 0.048486
2.950728 2.500625 0.040440
3.055196 2.613527 0.051448
2.953754 2.793202 0.044117
3.267354 2.910993 0.049479
3.372375 3.073098 0.049144
3.270402 3.228777 0.048922
3.059414 2.924424 0.050631
2.954945 3.090357 0.045836
3.060913 3.232604 0.049944
2.389960 6.849751 0.049751
2.200925 6.895483 0.047485
2.181009 7.081241 0.051637
2.347940 7.217258 0.048742
2.550266 6.977488 0.048900
2.528162 7.159237 0.049030
3.055809 7.343587 0.050546
2.879841 7.222268 0.047637
2.896247 7.038931 0.048323
4.549321 6.900794 0.041875
4.221701 6.837163 0.047232
4.041370 6.886170 0.045501
4.324778 7.121309 0.040722
4.356594 6.960176 0.048648
4.123489 7.194525 0.049571
3.974974 7.082399 0.048393
3.532435 6.219423 0.045191
3.527029 6.387939 0.051960
3.343292 6.117692 0.045348
3.188415 6.201072 0.051332
3.182735 6.406068 0.046077
3.332207 6.491204 0.046059
3.923990 6.745573 0.047651
3.675018 6.488924 0.048226
3.740805 6.805015 0.047951
3.614829 6.683716 0.046473
3.994262 6.564157 0.046182
3.871266 6.428805 0.050009
3.215430 8.224718 0.038677
3.339096 8.101052 0.038835
3.544652 7.888681 0.043143
3.567525 7.710544 0.054723
3.403891 7.582742 0.051433
3.348128 7.945920 0.052888
2.168641 8.109961 0.048090
1.878938 8.305505 0.048250
1.856453 8.097855 0.049780
2.008157 7.998866 0.049297
2.061456 8.412499 0.051550
2.199455 8.315944 0.046108
2.653270 7.828905 0.048199
2.686804 7.464094 0.049178
2.488712 7.713306 0.049206
2.502376 7.527691 0.048620
2.993704 7.889839 0.047126
3.212389 7.646202 0.047834
3.179499 7.831243 0.051693
3.046463 7.525603 0.049287
2.857183 7.584224 0.048366
2.837314 7.763420 0.049120
2.471095 8.105958 0.044145
2.634128 8.013653 0.047796
2.775453 8.140457 0.044596
2.513683 8.309488 0.044650
2.704089 8.329370 0.045121
4.331936 -7.111524 0.040869
3.047950 -2.154300 0.048881
3.243342 -1.797996 0.044335
3.228245 -2.209596 0.043444
2.957587 -2.607497 0.045332
3.047674 -2.471782 0.046465
3.241930 -2.840500 0.046475
3.054981 -2.791130 0.057192
3.227968 -2.423704 0.043464
4.007481 -1.876689 0.046231
4.186205 -1.768392 0.050614
4.325352 -1.860021 0.043115
4.325026 -2.054535 0.043178
3.367383 -2.699690 0.048016
3.360729 -2.509225 0.050773
3.868953 -2.963737 0.045070
3.884411 -2.786869 0.050764
3.537104 -2.974825 0.047149
3.671652 -3.057355 0.045867
3.548495 -2.774121 0.045154
3.698502 -2.679782 0.047162
3.543711 -2.395713 0.045811
3.700372 -2.491839 0.049388
4.030755 -2.689639 0.047731
4.210892 -2.765947 0.050239
4.333822 -2.639681 0.042370
4.325483 -2.447265 0.041324
4.637182 -0.912441 0.036344
4.508086 -1.004159 0.051541
4.637182 -0.737909 0.035993
4.150953 -1.198125 0.051711
3.251838 -1.475591 0.048179
3.303416 -1.282259 0.046414
3.143406 -1.148465 0.047509
2.936252 -0.842105 0.045799
3.122887 -0.950126 0.044846
4.291986 -2.945048 0.046398
4.515636 -3.238560 0.050877
4.619471 -3.073178 0.042214
4.509896 -2.953625 0.046994
4.625450 -3.510045 0.038253
4.625450 -3.345530 0.038618
4.049858 -4.342074 0.042761
3.928491 -4.184335 0.044203
3.759871 -4.268136 0.042889
3.693268 -4.816671 0.048694
3.640023 -4.629147 0.052538
3.900981 -4.831887 0.048001
4.016805 -4.678668 0.048535
3.943767 -4.510630 0.048608
3.774699 -4.476325 0.041828
3.562849 -4.012104 0.049473
3.613419 -4.207733 0.051425
3.360942 -3.986895 0.048012
3.250137 -4.143413 0.049295
3.317387 -4.318958 0.047482
3.478762 -4.358068 0.041964
0.888178 -7.466588 0.053002
1.219003 -7.464265 0.051953
1.062209 -7.360989 0.049803
0.883276 -7.673169 0.052291
1.217043 -7.671489 0.051417
1.055347 -7.774793 0.050858
2.896363 -7.032279 0.048650
2.635346 -6.453370 0.043447
2.737510 -6.914936 0.048594
2.772568 -6.734270 0.047754
2.611911 -6.619153 0.049989
2.547821 -6.975452 0.048866
2.388681 -6.849406 0.050135
2.417714 -6.673772 0.045679
3.996855 -7.452468 0.037667
3.829164 -7.462261 0.057727
4.124058 -7.325265 0.036810
4.134016 -7.179334 0.049255
4.305498 -0.214697 0.044248
1.597918 0.340115 0.046717
1.800217 0.340115 0.044213
1.123946 -0.341214 0.051887
0.936904 -0.241630 0.054723
0.771223 -0.340416 0.050783
2.837725 1.133223 0.039781
3.979890 0.871706 0.047835
4.171479 1.150625 0.051770
4.164290 0.956831 0.048784
3.221448 7.274811 0.045392
3.403603 7.393367 0.051563
3.540043 7.301261 0.044079
3.526244 7.088676 0.043774
3.369030 -1.918159 0.048137
3.361730 -2.108854 0.050785
3.546234 -1.817225 0.044224
3.688993 -1.901723 0.049014
3.544436 -2.209450 0.047211
3.694495 -2.103253 0.048093
4.012513 -2.076414 0.047278
3.869600 -2.188383 0.048862
4.190912 -2.162630 0.049900
4.192473 -2.365312 0.050566
3.876201 -2.390707 0.049155
4.020676 -2.481420 0.045189
4.506135 -0.477970 0.051619
4.505432 -0.652634 0.051930
4.303303 -0.390870 0.044103
4.137665 -0.477922 0.049833
3.788288 -1.020393 0.049401
3.459627 -1.204445 0.051333
4.136884 -0.655604 0.050346
4.301820 -0.743217 0.044053
3.948694 -0.744801 0.046900
3.954206 -0.926262 0.048096
4.304474 -0.920210 0.044783
4.145051 -1.014059 0.049803
3.970350 -1.297466 0.047209
3.988854 -1.486500 0.048326
3.845678 -1.589700 0.047631
3.798530 -1.207530 0.050072
3.655776 -1.502815 0.049972
3.627132 -1.309678 0.049307
2.623729 0.911029 0.043485
2.978858 0.874491 0.046417
2.817534 0.974470 0.049421
2.129524 0.283294 0.050727
3.271700 -0.880289 0.049502
3.250636 -0.688351 0.045756
3.605694 -0.918910 0.050439
3.448430 -1.000815 0.046726
2.827578 -0.159392 0.047114
3.025100 -0.086188 0.046759
2.837364 -0.321031 0.048726
2.895547 -0.665670 0.047638
3.061118 -0.581753 0.048438
3.039247 -0.411795 0.046829
4.207657 -3.407078 0.049842
4.309471 -3.258150 0.046395
3.902454 -3.260661 0.044622
3.995995 -3.404259 0.050252
4.000041 -3.089520 0.048569
4.195397 -3.084191 0.051572
2.860341 -7.571386 0.047969
2.878577 -7.213056 0.047662
2.687279 -7.462729 0.050029
2.697680 -7.279446 0.048993
3.231485 -7.610462 0.047810
3.050198 -7.503836 0.047958
3.058033 -7.328790 0.050652
3.429092 -7.545967 0.048218
3.985677 -7.061640 0.048295
3.928562 -6.723405 0.047195
4.048319 -6.865910 0.045518
3.969127 0.684850 0.045681
4.151008 0.589402 0.050157
4.149110 0.409736 0.049503
3.624440 0.696063 0.047356
3.796514 0.598293 0.049804
3.229150 0.154359 0.046538
3.032585 0.075285 0.048415
2.850029 0.166130 0.047107
4.144835 0.054187 0.049579
4.142840 -0.123361 0.049918
2.957863 -1.998255 0.046598
3.055747 -1.838026 0.052799
2.784203 -0.943865 0.050257
2.596386 -0.886480 0.044259
2.453337 -0.320671 0.051809
2.548703 -0.699192 0.052037
2.695816 -0.580142 0.048899
2.659504 -0.405461 0.047965
2.034853 -0.275082 0.049357
3.397555 6.986866 0.047407
3.229198 7.080894 0.047660
3.435565 6.776701 0.045960
3.300931 6.685174 0.048794
3.113687 6.780776 0.046362
3.079965 6.966332 0.048796
2.594224 0.739143 0.050108
2.517510 0.377206 0.048919
2.241504 -0.038249 0.054941
2.268703 0.144110 0.051576
2.433458 -0.147070 0.049451
2.475624 0.199338 0.048575
2.629839 -0.070222 0.048312
2.644806 0.093828 0.049984
3.615410 -6.662107 0.045961
3.744710 -6.781277 0.048388
3.243517 0.325233 0.048709
3.432613 0.415746 0.046984
3.284502 0.688913 0.046329
3.446106 0.601954 0.050591
2.875629 0.336007 0.048883
2.712292 0.441572 0.048857
2.750618 0.621247 0.047778
2.941447 0.693154 0.047888
3.100044 0.593508 0.048154
3.072552 0.416036 0.047698
3.603307 0.329036 0.048784
3.788875 0.417474 0.048154
3.959590 0.324365 0.046676
3.956825 0.146983 0.046535
3.218379 -0.174448 0.046633
3.222739 -0.338416 0.047667
3.048096 -1.523399 0.046038
2.947170 -1.691735 0.043330
2.371210 -0.657466 0.044341
2.312155 -0.453626 0.054877
2.153098 -0.434174 0.041513
1.840912 -0.344625 0.050944
1.662920 -0.245733 0.054005
1.481080 -0.341108 0.052365
3.263624 1.928105 0.052294
3.053453 1.903428 0.048977
2.947282 1.731994 0.043952
3.303503 0.884253 0.049515
3.156456 0.970185 0.044496
3.642772 0.882566 0.048199
3.825610 0.971652 0.048174
3.483440 0.983797 0.049573
3.498786 1.166804 0.046350
3.667602 1.818668 0.045362
3.865556 1.727453 0.044566
2.186807 0.468794 0.045467
2.367872 0.507478 0.051120
2.406259 0.689740 0.045236
3.301960 -6.673139 0.048579
3.436644 -6.759035 0.045538
3.115332 -6.773277 0.046482
3.082021 -6.958126 0.048585
3.418506 -7.369353 0.052234
3.402930 -6.969962 0.047278
3.228734 -7.258802 0.045246
3.234935 -7.068914 0.048211
3.819339 -7.109897 0.044301
3.698129 -6.972039 0.044902
3.535116 -7.063796 0.043610
3.737117 -7.300254 0.044440
3.556893 -7.273300 0.044089
3.781450 0.062750 0.048633
3.598647 0.151693 0.046394
3.413586 0.067529 0.048064
3.410300 -0.099804 0.047171
2.821376 -1.116806 0.042050
2.993944 -1.213385 0.044283
2.950212 -1.394987 0.043102
2.952739 1.413955 0.045589
3.050735 1.575278 0.054670
3.328790 1.275933 0.049528
3.008991 1.241916 0.044850
3.166397 1.178858 0.049996
3.540865 1.536087 0.044515
3.356585 1.459291 0.047759
3.235936 1.597651 0.046257
3.342654 1.779043 0.044626
3.532390 1.735396 0.047345
4.025102 1.461234 0.048013
3.877916 1.553310 0.050522
4.003114 1.259218 0.045223
3.841644 1.165369 0.050255
3.674153 1.259290 0.048439
3.688437 1.445216 0.046632
3.779441 -0.113853 0.048471
3.949840 -0.385556 0.047224
3.952820 -0.207169 0.046542
3.593352 -0.192243 0.046553
3.591738 -0.367075 0.048364
3.419071 -0.618580 0.050424
3.413046 -0.438604 0.046752
3.597399 -0.728614 0.046975
3.774482 -0.648635 0.050635
3.774846 -0.467073 0.048062
-0.107893 0.047193 0.047527
-1.330846 8.710210 0.048737
-2.776550 8.656253 0.043603
-1.956312 8.711975 0.048555
-2.954042 5.134542 0.042221
-3.060137 5.265482 0.053961
-3.265415 5.246802 0.051040
-2.955381 5.430317 0.044240
-1.331511 -8.710204 0.048760
-3.991168 -5.398836 0.045805
-2.952672 3.047966 0.043894
-2.958923 3.339429 0.043374
-3.062310 3.215259 0.051825
-0.401993 0.338093 0.046051
-0.096840 0.343495 0.042055
-0.204733 0.241588 0.049209
-3.703568 0.740353 0.050781
-3.275563 1.836473 0.053278
-3.590878 1.667676 0.050033
-3.384122 1.676230 0.051095
-3.693592 1.820810 0.052581
-2.957975 1.672452 0.045511
-2.954224 1.970739 0.044164
-3.062914 1.826745 0.053787
-3.105241 0.356931 0.049030
-2.909352 0.306644 0.050742
-0.729435 0.339863 0.049112
-0.531077 0.237956 0.053415
-1.020214 8.706823 0.049157
-1.169535 8.602034 0.050861
-1.892703 7.366937 0.050469
-2.047360 7.485959 0.050610
-2.308719 8.126930 0.048675
-2.488477 8.060533 0.047824
-2.600463 8.722335 0.045871
-2.791972 8.490538 0.047763
-2.978497 8.450643 0.044960
-2.648343 8.189309 0.048619
-2.624979 8.365344 0.046223
-0.389192 8.708499 0.045417
-4.621117 5.233847 0.054364
-4.351131 6.111426 0.051343
-3.794714 7.632215 0.045855
-3.996765 7.428853 0.045522
-3.826295 7.446820 0.048290
-3.619389 7.655521 0.048548
-3.619119 6.746072 0.049346
-3.797354 6.715810 0.048760
-4.521633 5.403556 0.054152
-0.098399 7.770575 0.048042
-0.187240 7.623572 0.044048
-4.005637 4.469960 0.049854
-3.900703 4.614454 0.050906
-3.365569 5.075654 0.050486
-0.667555 7.042014 0.040827
-0.537836 7.141002 0.051237
-0.380598 7.033988 0.040445
-2.835775 6.257924 0.044219
-2.968496 6.012083 0.045273
-3.022960 6.186574 0.049159
-3.155853 6.498050 0.048234
-3.298585 6.634734 0.050890
-3.477954 6.589180 0.049688
-3.184796 6.297728 0.051299
-3.075863 5.898591 0.054754
-2.956653 5.726772 0.043870
-3.062748 5.584684 0.054239
-1.396154 7.042481 0.041612
-1.552379 7.148451 0.054143
-1.678115 7.040969 0.039764
-1.938501 7.155642 0.056281
-1.841316 7.040969 0.038060
-2.134490 7.092018 0.049829
-2.187498 6.906964 0.046026
-1.488212 8.396144 0.049509
-1.484297 8.605538 0.049537
-1.643088 8.710328 0.048881
-1.797900 8.607302 0.048926
-1.967529 8.301883 0.048800
-1.670564 8.084309 0.049603
-1.802913 8.399514 0.049025
-1.652015 8.293145 0.049088
-4.618446 2.236167 0.052506
-3.899414 1.785910 0.052345
-4.623888 0.923575 0.051743
-4.523949 0.763009 0.050225
-1.170205 -8.602019 0.050896
-2.274589 -8.715435 0.047713
-0.557328 -7.351989 0.053947
-0.538271 -7.140973 0.051294
-4.629660 -5.187683 0.052504
-4.529211 -5.008661 0.052381
-3.592630 -4.440784 0.051413
-3.693321 -3.291668 0.051998
-4.398578 -7.029382 0.042832
-3.898348 -5.247012 0.051800
-3.878909 -5.552221 0.048451
-4.629693 -2.122969 0.051177
-4.244738 -2.123076 0.054145
-4.339433 -2.305096 0.049420
-4.531787 -2.297368 0.052099
-4.532080 -1.948937 0.051937
-4.339480 -1.941318 0.049556
-4.226530 -1.101631 0.051851
-3.423468 -1.130997 0.051802
-0.090810 -0.341062 0.040431
-1.244264 -0.338030 0.044258
-4.634330 3.227580 0.048557
-4.625897 3.560639 0.051027
-4.530941 3.394164 0.049050
-4.325530 3.392178 0.052469
-4.209894 3.548487 0.047878
-4.525644 3.054298 0.053286
-4.630320 0.251101 0.050498
-4.629347 0.593347 0.050488
-4.530381 0.425287 0.052167
-3.400486 1.351948 0.049182
-3.285295 1.503457 0.051973
-3.071798 1.509407 0.056044
-2.963108 1.379603 0.044677
-3.327305 0.600022 0.050906
-3.134285 0.535573 0.049414
-3.092250 -0.323725 0.052298
-3.305867 -0.282157 0.048458
-2.504346 0.220188 0.048821
-2.428489 -0.132506 0.046963
-2.874034 0.136224 0.048631
-3.022895 -0.000687 0.048239
-2.625115 -0.065304 0.045560
-2.665099 0.093643 0.050041
-2.764914 -0.206577 0.045894
-2.953759 -0.184540 0.052802
-2.745765 0.437381 0.049222
-2.549693 0.393506 0.049975
-2.391531 0.526739 0.049718
-2.422916 0.700582 0.047191
-0.878878 0.242082 0.053574
-1.212773 0.056420 0.051975
-0.477180 0.044256 0.049038
-0.425597 -0.340367 0.045110
-0.251256 -0.050003 0.059330
-0.234173 -0.241429 0.064112
-1.075029 0.342219 0.050964
-1.237076 0.247784 0.052368
-2.306330 0.168457 0.048076
-2.270457 -0.025290 0.053379
-1.386149 -0.233691 0.055451
-1.382974 -0.034793 0.051211
-1.559249 -0.335661 0.046671
-0.709121 8.717278 0.045932
-0.856598 8.609101 0.049411
-0.525773 8.610777 0.054736
-0.852316 8.394927 0.052624
-1.229183 7.353344 0.051647
-1.241412 7.145812 0.053544
-1.112668 7.038331 0.039551
-0.947415 7.038331 0.037290
-0.848881 7.145344 0.055020
-2.179416 7.811047 0.049305
-1.859986 7.778335 0.049371
-2.027962 7.690168 0.049321
-2.157508 8.010421 0.048614
-1.985667 8.097124 0.049248
-1.839599 7.985919 0.048588
-1.394228 7.457905 0.048971
-1.562682 7.356342 0.051208
-1.722432 7.460156 0.050038
-1.709114 7.667344 0.050019
-2.273731 8.715538 0.047693
-2.113475 8.612513 0.048341
-2.436330 8.622874 0.047653
-2.445423 8.431598 0.047451
-2.119680 8.410210 0.048373
-2.289029 8.321960 0.048357
-0.108720 8.424116 0.046575
-0.092853 8.720408 0.039524
-0.201573 8.613907 0.051254
-4.628030 4.892568 0.051921
-4.519861 5.060332 0.054616
-4.393321 7.033175 0.043394
-4.541914 6.100405 0.049191
-4.196008 7.229024 0.044784
-4.030548 7.240670 0.048039
-4.233827 7.038268 0.047865
-3.895466 7.070034 0.047269
-3.933817 6.880683 0.048900
-4.106718 6.860563 0.047046
-3.589995 7.837420 0.046025
-3.473434 7.501480 0.047109
-3.261109 6.830297 0.048242
-3.181800 7.206657 0.049724
-4.151588 6.670361 0.049329
-4.271968 6.296198 0.048090
-4.333921 5.771662 0.052913
-4.242622 5.958005 0.048357
-4.040819 5.988563 0.050510
-3.922784 5.843822 0.049663
-0.088841 7.441345 0.045854
-0.216013 7.320484 0.046066
-0.081314 7.040152 0.038477
-0.208487 7.139141 0.057921
-0.090933 8.103963 0.044410
-0.189333 7.954467 0.050148
-0.373673 7.962400 0.046644
-0.199654 8.295783 0.050293
-3.960302 6.164414 0.049228
-4.082941 6.318629 0.050272
-3.841154 6.528259 0.049423
-4.022487 6.502931 0.048516
-4.007206 4.783104 0.048892
-4.217834 4.824122 0.047535
-4.197716 5.135116 0.046442
-4.314822 5.020013 0.053339
-3.897835 4.295247 0.050992
-3.689071 4.270408 0.050140
-2.957318 4.384875 0.044392
-3.265252 4.909479 0.051413
-3.059002 4.949687 0.053136
-2.954246 4.847553 0.040025
-2.954246 4.675032 0.041460
-3.062278 4.553419 0.053525
-3.292330 5.914547 0.051660
-3.711930 5.870741 0.050639
-2.226509 7.422103 0.051046
-2.267841 7.239458 0.050370
-2.405711 6.689806 0.046384
-2.367891 6.872950 0.050471
-3.384919 8.042001 0.046067
-3.410814 7.864088 0.048255
-4.630364 1.906928 0.049537
-4.519524 2.076016 0.053106
-4.010083 1.917532 0.047718
-4.318971 2.062907 0.049296
-4.221616 1.894224 0.046150
-4.315247 0.769882 0.051850
-4.201558 0.933387 0.050007
-3.898281 0.774511 0.052700
-3.983949 0.938238 0.052864
-1.020723 -8.706815 0.049186
-2.601033 -8.722121 0.045905
-2.437347 -8.622556 0.047718
-0.380581 -7.034024 0.040416
-0.081246 -7.040164 0.038448
-0.208636 -7.139188 0.058041
-1.643895 -8.710324 0.048897
-1.485141 -8.605528 0.049572
-0.108813 -8.424081 0.046620
-0.388127 -8.299519 0.048038
-0.199806 -8.295708 0.050343
-0.389382 -8.708482 0.045448
-0.092877 -8.720404 0.039536
-0.201690 -8.613886 0.051302
-0.098481 -7.770534 0.048072
-0.090993 -8.103901 0.044435
-0.189474 -7.954362 0.050190
-0.473946 -7.769573 0.049888
-0.463779 -8.115604 0.045101
-0.373938 -7.962253 0.046676
-0.187336 -7.623489 0.044065
-0.088856 -7.441329 0.045865
-0.216246 -7.320485 0.046099
-0.407248 -7.426338 0.042971
-0.378338 -7.614637 0.047448
-0.667445 -7.041948 0.040725
-1.242214 -7.145925 0.053554
-1.112646 -7.038436 0.039675
-0.947230 -7.038436 0.037320
-0.849423 -7.145384 0.055061
-4.623182 -5.537846 0.054873
-4.528763 -5.712047 0.053555
-4.523556 -5.360288 0.054783
-4.203138 -5.444781 0.046743
-4.320448 -5.324206 0.054233
-4.628837 -4.838412 0.052329
-3.383336 -4.436750 0.051063
-2.958266 -3.809689 0.044871
-4.627346 -4.152088 0.052112
-4.526017 -4.319571 0.051845
-4.627956 -4.493599 0.052226
-4.527508 -4.661992 0.051975
-4.217787 -4.135867 0.051249
-4.321528 -4.310046 0.052457
-4.641768 -6.259538 0.049309
-4.634866 -5.892407 0.051380
-4.547349 -6.072682 0.049496
-4.652666 -6.643443 0.045920
-4.592245 -6.837046 0.040823
-4.445217 -6.832602 0.047474
-4.565149 -6.444404 0.046202
-2.368090 -6.873116 0.050442
-2.972649 -6.556724 0.048945
-2.813757 -6.427470 0.050349
-3.369090 -7.163328 0.048016
-3.185070 -7.204973 0.049725
-4.360850 -6.091640 0.052641
-3.157242 -6.500310 0.048460
-3.369499 -6.250468 0.052455
-3.185499 -6.302399 0.051053
-3.727193 -7.091698 0.049199
-4.013664 -5.097902 0.049753
-4.223794 -5.129151 0.048146
-4.326453 -4.986212 0.053731
-3.420704 -6.073932 0.051273
-3.675793 -5.564683 0.050190
-3.581318 -5.734737 0.049856
-3.074945 -5.902906 0.054508
-3.268679 -5.590546 0.050978
-3.289064 -5.923368 0.050904
-3.376520 -5.750299 0.051302
-4.631380 -2.469050 0.050524
-4.625288 -2.805633 0.052195
-4.527382 -2.639635 0.050123
-4.626428 -3.475885 0.051989
-4.005192 -3.131547 0.051597
-3.901911 -3.294661 0.051584
-4.319853 -3.973283 0.052131
-4.524005 -3.642578 0.051685
-4.626862 -3.812993 0.052026
-4.524923 -3.979979 0.051778
-3.580429 -2.465454 0.052782
-3.368377 -2.472505 0.048605
-4.080386 -2.123170 0.041660
-3.963272 -2.297064 0.048426
-3.901882 -2.962009 0.051885
-3.697527 -2.624427 0.052359
-4.631673 -1.776875 0.050461
-4.233551 -1.770253 0.048456
-4.016040 -1.446501 0.051375
-4.628623 -1.099631 0.051281
-4.324751 -1.271157 0.051081
-4.219893 -1.441274 0.051007
-4.324027 -1.607018 0.052811
-4.526499 -1.269361 0.051623
-4.627161 -1.438479 0.051701
-4.529549 -1.606019 0.049882
-3.345940 -0.971076 0.049234
-4.028085 -1.106936 0.050631
-3.922453 -1.281689 0.051177
-3.630138 -1.122422 0.049501
-3.718541 -1.286730 0.052414
-4.521673 3.721462 0.050402
-4.311082 3.711296 0.051865
-4.238463 3.238446 0.045418
-4.335189 3.067150 0.047342
-4.195633 2.937373 0.045941
-4.004480 3.029260 0.046071
-4.033581 3.213847 0.047326
-3.383496 3.399498 0.054151
-3.277961 3.230670 0.053714
-3.909341 3.338570 0.050069
-3.703736 3.282820 0.051118
-3.585829 3.423641 0.053256
-3.998587 3.519478 0.049310
-3.353587 3.060955 0.049607
-4.620600 2.891036 0.052050
-4.202139 2.761979 0.053760
-4.006024 2.663789 0.047660
-2.955637 3.798166 0.042226
-3.274196 3.570602 0.051622
-3.065275 3.525944 0.055810
-2.955637 3.625423 0.040445
-4.628900 -0.089573 0.050934
-4.529934 0.080775 0.051373
-4.337665 0.432440 0.048911
-4.227928 0.607373 0.050612
-3.957507 0.435913 0.049344
-4.028571 0.607151 0.049866
-3.758395 0.181841 0.046523
-3.473275 0.469221 0.050826
-3.651813 0.533003 0.052053
-3.775461 0.395924 0.046472
-3.698728 1.486596 0.052441
-3.607162 1.343641 0.046204
-3.697324 1.151927 0.049576
-3.886483 1.112977 0.054978
-3.027640 1.209225 0.047594
-2.848097 1.126274 0.043676
-3.457341 -0.791075 0.048030
-3.436352 -0.432257 0.049779
-3.358460 -0.619458 0.051551
-2.638178 0.915397 0.045975
-2.617201 0.746225 0.050430
-2.837164 0.966699 0.050714
-2.781888 0.616256 0.049699
-2.974520 0.664160 0.050062
-3.008819 0.845431 0.049500
-1.017486 -0.042536 0.053006
-1.045802 -0.238088 0.057041
-0.933401 -0.340058 0.040319
-0.845637 0.048691 0.051184
-0.642296 -0.047228 0.054471
-0.749804 -0.340058 0.042252
-0.607796 -0.240425 0.058194
-2.199846 0.483249 0.046903
-2.159992 0.298286 0.052136
-2.083289 -0.088044 0.053084
-1.718327 -0.234910 0.052488
-0.660350 8.124485 0.047284
-0.705443 8.317151 0.044766
-0.463495 8.115734 0.045075
-0.526376 8.424824 0.046300
-0.387875 8.299621 0.048011
-1.043962 8.076363 0.050073
-1.336855 8.291120 0.049588
-1.171630 8.392338 0.049475
-1.018027 8.282954 0.050255
-1.527488 7.977470 0.048551
-1.233062 7.766471 0.047507
-1.357582 8.081282 0.049754
-1.218292 7.975910 0.047775
-1.545651 7.768088 0.048525
-1.390515 7.662463 0.050973
-0.738631 7.982230 0.045785
-0.915320 7.957850 0.047219
-4.626017 4.217922 0.051564
-4.625062 3.887951 0.051478
-4.521794 4.048348 0.050987
-4.627085 4.552534 0.051707
-4.525829 4.717085 0.052008
-4.320672 4.688959 0.052798
-4.523816 4.379780 0.051396
-4.316867 4.358819 0.052081
-4.214978 4.503446 0.049039
-4.638448 6.281259 0.049441
-4.632751 5.926078 0.051025
-4.629802 5.577315 0.051880
-4.533267 5.750756 0.050902
-3.581340 6.936577 0.048374
-3.402699 6.975250 0.050198
-3.365046 7.165693 0.047886
-3.721224 7.095667 0.049047
-3.685835 7.284269 0.047259
-3.508299 7.315623 0.049461
-4.226335 5.633359 0.047373
-4.317513 5.438695 0.053676
-4.198635 5.322260 0.046354
-4.017002 5.674962 0.049278
-3.897409 5.535222 0.051264
-3.987865 5.377185 0.045896
-3.872563 5.230862 0.049108
-3.892943 4.925682 0.051811
-3.986464 5.081804 0.045727
-3.677565 4.912206 0.048812
-3.568059 5.072349 0.050727
-3.669536 5.234884 0.049788
-3.760297 6.189754 0.050661
-3.629961 6.040820 0.049836
-3.516637 6.399956 0.049109
-3.701603 6.369296 0.050299
-3.366212 6.245188 0.052278
-3.420842 6.065595 0.052073
-3.378526 4.414185 0.050846
-3.585618 4.425157 0.051829
-3.370750 4.743632 0.050331
-3.272533 4.577486 0.051889
-3.689448 4.594490 0.050008
-3.580573 4.749663 0.051983
-3.270527 5.584592 0.051409
-3.380899 5.742636 0.050695
-3.368437 5.411545 0.050330
-3.570069 5.402931 0.050711
-3.682640 5.556946 0.048858
-3.591380 5.723605 0.051252
-3.077710 6.878613 0.049764
-3.036054 7.064529 0.048663
-2.814230 6.425884 0.050467
-2.622182 6.473370 0.045863
-2.592166 6.649765 0.050348
-2.743547 6.787278 0.049008
-2.972471 6.554855 0.049092
-2.931804 6.739855 0.049297
-3.044265 7.928443 0.047200
-2.834040 8.143684 0.046889
-2.859062 7.966858 0.048508
-2.997201 8.279825 0.047873
-3.181160 8.246159 0.045740
-3.203202 8.071603 0.047995
-3.291009 7.535030 0.049280
-3.257783 7.715739 0.047253
-3.072951 7.750492 0.048789
-3.142627 7.390137 0.047925
-2.954019 7.429733 0.049692
-2.917568 7.609380 0.048146
-4.626328 1.576760 0.050776
-4.527407 1.742756 0.049674
-4.319212 1.743161 0.052724
-3.985383 2.104802 0.046951
-4.007640 2.485114 0.049476
-4.184997 2.194180 0.046453
-4.201601 2.372752 0.053016
-1.172395 -8.392319 0.049503
-1.230529 -7.353511 0.051646
-0.709471 -8.717251 0.045965
-0.857091 -8.609066 0.049444
-0.526723 -8.424741 0.046332
-0.526095 -8.610734 0.054779
-1.396383 -7.042489 0.041652
-1.553269 -7.148393 0.054145
-1.678408 -7.040904 0.039726
-1.798909 -8.607266 0.048966
-1.957209 -8.711941 0.048569
-2.114576 -8.612376 0.048391
-1.804123 -8.399474 0.049048
-2.269088 -7.239436 0.050335
-2.228159 -7.422031 0.051072
-1.894125 -7.366982 0.050477
-2.048854 -7.486025 0.050618
-2.121071 -8.409987 0.048395
-1.968917 -8.301761 0.048844
-0.642145 -7.780696 0.045215
-3.384607 -3.783461 0.051376
-3.589652 -3.455838 0.051357
-3.695502 -3.621535 0.051732
-3.593015 -3.784929 0.051381
-3.067596 -3.950679 0.053202
-3.281461 -3.946606 0.051028
-3.280834 -4.272409 0.051125
-3.386214 -4.110474 0.051308
-3.381322 -3.125374 0.051696
-3.589940 -3.126425 0.051275
-3.695221 -2.959880 0.052052
-3.593546 -2.794909 0.051059
-2.956812 -3.065071 0.042837
-4.164395 -6.664510 0.049725
-4.335250 -6.645974 0.045840
-4.394762 -6.451379 0.050378
-4.284882 -6.285472 0.047503
-4.035706 -6.499525 0.048751
-4.096681 -6.315082 0.050533
-2.932810 -6.740599 0.049378
-3.079944 -6.878515 0.049703
-3.038542 -7.063716 0.048749
-2.743955 -6.787880 0.048943
-2.405731 -6.689979 0.046438
-2.592054 -6.650384 0.050280
-2.622017 -6.473850 0.045960
-2.187662 -6.906973 0.046079
-2.135129 -7.092104 0.049860
-1.841696 -7.040904 0.038092
-1.939472 -7.155656 0.056278
-2.968444 -6.014183 0.045580
-3.022586 -6.190404 0.049074
-2.835437 -6.259061 0.044474
-3.264365 -6.829837 0.048391
-3.301825 -6.635507 0.050816
-3.586931 -6.933837 0.048592
-3.406983 -6.973392 0.050227
-3.145874 -7.388140 0.048022
-2.920352 -7.607762 0.048217
-2.956805 -7.428252 0.049690
-3.075861 -7.748444 0.048840
-3.260998 -7.713224 0.047347
-3.294559 -7.532430 0.049337
-2.386523 -7.559850 0.048733
-2.574453 -7.512982 0.049177
-2.731923 -7.649223 0.048937
-2.701989 -7.828694 0.048291
-3.970676 -6.165131 0.049363
-3.768650 -6.193749 0.050329
-3.631820 -6.048538 0.050111
-3.704978 -5.882412 0.049392
-4.250553 -5.947053 0.047279
-4.208432 -5.631478 0.046430
-4.330949 -5.747735 0.053992
-4.048580 -5.990933 0.049657
-3.999168 -5.693287 0.046155
-3.919712 -5.853425 0.050467
-4.000566 -7.425365 0.045433
-4.241065 -7.033234 0.048097
-3.902407 -7.065268 0.047445
-4.200459 -7.225313 0.044515
-4.036038 -7.236231 0.048249
-4.116849 -6.854989 0.047187
-3.942612 -6.876104 0.049127
-3.830624 -7.442978 0.048463
-3.798003 -7.629102 0.045855
-3.622926 -7.652334 0.048686
-3.477392 -7.498284 0.047222
-3.512728 -7.312349 0.049560
-3.690883 -7.280274 0.047405
-3.907678 -4.934219 0.050847
-3.694957 -4.925751 0.050537
-3.696469 -4.605100 0.051196
-3.589877 -4.764318 0.051209
-4.219652 -4.469711 0.050731
-4.323693 -4.647629 0.052995
-4.222264 -4.801600 0.049763
-4.013619 -4.780856 0.051240
-4.012094 -4.455995 0.051685
-3.907489 -4.613169 0.050877
-3.370391 -5.417358 0.050360
-3.572707 -5.407059 0.050376
-3.683003 -5.242772 0.048586
-3.585598 -5.085194 0.051967
-3.274895 -4.599274 0.051833
-3.377598 -4.762527 0.051278
-2.954579 -4.677950 0.040332
-3.063064 -4.568066 0.053211
-4.211037 -2.803227 0.051469
-4.005187 -2.798339 0.051265
-4.231807 -2.475885 0.048586
-4.320164 -2.638742 0.052826
-4.019999 -2.467759 0.053044
-3.902506 -2.625728 0.052440
-4.316783 -3.303956 0.051920
-4.522180 -2.972524 0.051716
-4.315146 -2.971011 0.051675
-4.212606 -3.135660 0.051570
-4.626178 -3.140143 0.051965
-4.523320 -3.306926 0.051634
-3.352402 -2.123292 0.054385
-3.255949 -1.944326 0.049403
-3.057319 -1.992267 0.054536
-3.258672 -2.303702 0.049295
-3.519655 -2.121577 0.041961
-3.637976 -2.294936 0.048920
-3.800977 -2.231301 0.044719
-3.908326 -1.619454 0.051892
-3.801231 -2.012397 0.044632
-3.963279 -1.948621 0.048579
-4.021703 -1.777462 0.053262
-3.637139 -1.948032 0.048786
-2.954186 -2.481616 0.044512
-2.954051 -2.181522 0.042593
-3.058951 -2.313991 0.054475
-4.205589 3.862077 0.049413
-4.000496 4.151167 0.049823
-4.210186 4.181252 0.049661
-4.312912 4.032639 0.051637
-3.681652 3.613340 0.050013
-3.888806 3.653427 0.050774
-3.994620 3.833216 0.049305
-3.892252 3.973693 0.050959
-3.846159 2.955736 0.050475
-3.841196 2.765659 0.047535
-3.669655 3.084573 0.051693
-3.528091 2.996052 0.047359
-3.655873 2.667427 0.052936
-3.519271 2.768983 0.047462
-4.641664 2.562173 0.045862
-4.530824 2.398396 0.047126
-4.346874 2.458589 0.045603
-4.532978 2.725261 0.047472
-4.349029 2.669141 0.045697
-3.276197 4.245431 0.051366
-3.063563 3.924872 0.054422
-2.957212 4.090861 0.044607
-3.065244 4.240188 0.053863
-4.332506 0.079929 0.050373
-4.240175 0.257408 0.052547
-4.059374 0.261103 0.046295
-3.935728 0.100440 0.047807
-4.224563 -0.756899 0.052396
-4.327044 -0.929135 0.051030
-4.628052 -0.759535 0.051389
-4.527390 -0.928931 0.051823
-3.571734 -0.074562 0.051417
-3.602268 0.115564 0.055676
-3.363235 -0.111460 0.051789
-3.218755 0.030825 0.052008
-3.265782 0.218024 0.051905
-3.440797 0.265865 0.047826
-3.362133 1.170078 0.047610
-3.202785 1.108630 0.053836
-3.194897 0.904411 0.048436
-3.353617 0.787590 0.049654
-3.551343 0.864138 0.055341
-3.551971 1.042408 0.047783
-2.651651 -0.359759 0.045998
-2.442184 -0.312320 0.046111
-2.315082 -0.450879 0.055044
-2.372726 -0.654864 0.045321
-1.575008 0.065096 0.052352
-1.737260 -0.033051 0.051049
-1.965876 0.236726 0.054751
-1.925046 0.044144 0.048544
-1.066881 7.446081 0.048026
-1.074473 7.654650 0.051573
-0.931061 7.745576 0.044028
-0.895519 7.345563 0.049262
-4.381899 6.463654 0.049495
-4.557597 6.459736 0.046830
-4.321973 6.653515 0.045996
-4.648434 6.651770 0.046553
-4.587360 6.840797 0.041576
-4.436596 6.838624 0.047445
-2.572293 7.513730 0.049132
-2.356927 7.745017 0.049391
-2.384622 7.560281 0.048718
-2.514777 7.877993 0.048741
-2.699664 7.829944 0.048229
-2.729484 7.650416 0.048918
-2.805029 7.291172 0.048328
-2.847891 7.109448 0.049622
-2.611387 7.334132 0.050045
-2.701290 6.970955 0.049232
-2.465048 7.198038 0.048555
-2.512089 7.016585 0.049115
-4.212030 1.582234 0.049190
-4.003387 1.273589 0.048508
-4.003766 1.601675 0.048967
-3.905794 1.455494 0.051519
-1.671773 -8.084348 0.049634
-1.653167 -8.293154 0.049124
-1.489199 -8.396149 0.049533
-1.337760 -8.291125 0.049625
-1.018688 -8.282926 0.050298
-0.705874 -8.317069 0.044804
-0.852865 -8.394877 0.052655
-0.660749 -8.124385 0.047319
-0.739107 -7.982157 0.045807
-1.044651 -8.076348 0.050110
-0.915918 -7.957827 0.047252
-1.234031 -7.766554 0.047535
-1.528596 -7.977536 0.048577
-1.219148 -7.975934 0.047814
-1.358550 -8.081319 0.049788
-3.592785 -7.834801 0.046065
-3.413691 -7.861546 0.048362
-3.387173 -8.039910 0.046129
-1.395526 -7.457968 0.049005
-1.564096 -7.356285 0.051229
-1.723817 -7.460122 0.050086
-1.710410 -7.667403 0.050033
-1.546838 -7.768140 0.048567
-1.391676 -7.662542 0.050997
-1.840951 -7.985922 0.048625
-1.987139 -8.097015 0.049271
-1.861345 -7.778373 0.049399
-2.029482 -7.690135 0.049365
-2.446848 -8.431025 0.047478
-2.290584 -8.321515 0.048412
-2.626515 -8.364454 0.046291
-2.650195 -8.188216 0.048659
-1.068003 -7.446254 0.048053
-0.896643 -7.345616 0.049293
-1.075356 -7.654722 0.051622
-0.931739 -7.745581 0.044055
-0.733722 -7.453197 0.050491
-0.761466 -7.644694 0.048045
-4.006484 -3.463066 0.051800
-3.903744 -3.625771 0.051452
-4.008989 -3.794672 0.051749
-4.213941 -3.468248 0.051460
-4.215843 -3.801629 0.051407
-4.318056 -3.637910 0.052019
-3.906481 -3.956748 0.051364
-3.907451 -4.286753 0.051222
-4.011269 -4.126290 0.051670
-3.699008 -4.279612 0.051255
-3.595094 -4.113641 0.051279
-3.698749 -3.951241 0.051439
-2.957771 -4.392806 0.044081
-3.067100 -4.259674 0.053153
-2.958615 -4.101811 0.045424
-3.279651 -2.960224 0.051301
-3.066679 -2.940646 0.053665
-3.278524 -2.632874 0.052038
-3.386595 -2.796305 0.051448
-2.959153 -2.775549 0.045327
-3.064054 -2.631697 0.052128
-3.063792 -3.248983 0.053428
-3.065247 -3.641313 0.053442
-3.275331 -3.289709 0.051856
-3.277722 -3.619158 0.051524
-3.380280 -3.454930 0.051695
-2.613318 -7.333543 0.050019
-2.702329 -6.970984 0.049280
-2.807240 -7.290273 0.048393
-2.849782 -7.108904 0.049596
-2.512787 -7.016626 0.049090
-2.466317 -7.197815 0.048610
-2.955563 -5.429696 0.044661
-2.955787 -5.727333 0.043725
-3.062065 -5.588042 0.054099
-3.483161 -6.589542 0.049958
-3.710612 -6.371089 0.050502
-3.522577 -6.402414 0.049068
-3.851663 -6.526914 0.049510
-3.806116 -6.713013 0.049043
-3.625649 -6.744316 0.049418
-2.954579 -4.848149 0.040311
-3.375410 -5.087551 0.049876
-3.272490 -4.926317 0.052090
-3.270500 -5.255429 0.050966
-3.061302 -4.958025 0.052685
-3.062286 -5.270270 0.053354
-2.956009 -5.134100 0.043627
-3.579771 -1.779859 0.052707
-3.701830 -1.621315 0.053080
-3.605632 -1.453404 0.050252
-3.365833 -1.774437 0.048703
-3.666229 2.471043 0.049343
-3.847515 2.188860 0.049369
-3.853169 2.390601 0.046291
-2.953492 2.268954 0.040420
-3.058431 2.150477 0.055850
-2.953492 2.441345 0.040420
-3.377283 4.081515 0.051292
-3.583064 4.095520 0.052007
-3.683585 3.942885 0.050169
-3.578799 3.762321 0.052313
-3.373676 3.743725 0.052433
-3.272681 3.910284 0.051657
-4.027121 -0.758481 0.050555
-3.931158 -0.936021 0.052236
-3.737123 -0.946467 0.050606
-3.641855 -0.775040 0.051759
-3.704085 -0.229774 0.052062
-3.626072 -0.416772 0.051335
-3.732693 -0.587939 0.050737
-3.923925 -0.581826 0.053127
-4.222193 -0.083827 0.048980
-4.013321 -0.407248 0.050207
-4.006216 -0.067011 0.054270
-3.900102 -0.226363 0.054054
-4.625050 -0.422853 0.052108
-4.523816 -0.589256 0.052127
-4.524664 -0.255944 0.050404
-4.320672 -0.586417 0.050937
-4.315386 -0.249351 0.052773
-4.212627 -0.413421 0.052623
-2.155049 -0.434570 0.042304
-2.049979 -0.269578 0.047562
-1.872802 -0.339249 0.045568
-3.046574 -0.488458 0.045891
-3.182299 -0.634092 0.045103
-2.952554 -1.889632 0.039788
-1.434229 0.345566 0.051752
-1.601961 0.254091 0.050630
-1.805043 0.348525 0.052493
-0.760868 7.644750 0.048010
-0.378076 7.614797 0.047390
-0.732918 7.453306 0.050439
-0.473576 7.769732 0.049851
-0.641680 7.780810 0.045187
-0.406849 7.426405 0.042928
-0.556562 7.352076 0.053879
-4.304698 1.090920 0.052077
-4.203993 1.256384 0.052121
-4.314664 1.418848 0.050495
-4.520767 1.413779 0.051671
-4.623724 1.248377 0.051634
-4.518327 1.087982 0.050791
-2.979649 -8.449629 0.045045
-2.777151 -8.655835 0.043683
-2.793132 -8.489699 0.047833
-2.998896 -8.278418 0.047947
-3.046851 -7.926506 0.047279
-3.182864 -8.244605 0.045817
-3.205470 -8.069650 0.048083
-2.861409 -7.965294 0.048556
-2.836059 -8.142251 0.046960
-2.358833 -7.744514 0.049438
-2.181097 -7.810805 0.049323
-2.516829 -7.877117 0.048768
-2.490385 -8.059682 0.047882
-2.159149 -8.010135 0.048664
-2.310441 -8.126409 0.048696
-2.956266 -3.521100 0.042133
-2.956266 -3.348839 0.040795
-3.577074 1.998843 0.053671
-3.652671 2.145771 0.045945
-3.365800 2.005953 0.049788
-3.257358 2.175963 0.050308
-3.543291 2.334179 0.048313
-3.359251 2.357261 0.054814
-3.054961 2.555346 0.052387
-2.950754 2.735459 0.042892
-3.342850 2.709663 0.049506
-3.261793 2.531972 0.053412
-3.054141 2.887487 0.057292
-3.239404 2.885065 0.046292
-3.080753 -1.289835 0.054482
-3.277782 -1.615364 0.052410
-3.301760 -1.294774 0.049136
-3.395521 -1.452873 0.052373
-2.693838 -0.522808 0.053844
-2.868317 -0.574877 0.045606
-2.542015 -0.679354 0.047410
-2.587178 -0.868240 0.046186
-3.147670 -0.970888 0.049237
-3.082910 -0.805520 0.046890
-3.004191 -1.125870 0.050093
-2.810115 -1.097318 0.045666
-2.765262 -0.907666 0.052174
-2.894578 -0.770849 0.045853
-2.959864 -1.425520 0.045307
-2.952554 -1.714345 0.041669
-3.063132 -1.592950 0.052751
