4.729286 6.850147 0.001612
4.620127 6.959306 0.001612
4.510969 7.068464 0.001612
4.401810 7.177623 0.001612
4.292652 7.286781 0.001612
4.183493 7.395940 0.001612
4.074335 7.505098 0.001612
3.965176 7.614257 0.001612
3.856018 7.723415 0.001612
3.746859 7.832574 0.001612
3.637701 7.941732 0.001612
3.528542 8.050891 0.001612
3.419384 8.160049 0.001612
3.310225 8.269208 0.001612
3.201067 8.378366 0.001612
3.091908 8.487525 0.001612
2.982750 8.596683 0.001612
2.873591 8.705842 0.001612
2.764433 8.815000 0.001612
2.610853 8.815000 0.001612
2.457274 8.815000 0.001612
2.303694 8.815000 0.001612
2.150114 8.815000 0.001612
1.996535 8.815000 0.001612
1.842955 8.815000 0.001612
1.689376 8.815000 0.001612
1.535796 8.815000 0.001612
1.382216 8.815000 0.001612
1.228637 8.815000 0.001612
1.075057 8.815000 0.001612
0.921478 8.815000 0.001612
0.767898 8.815000 0.001612
0.614318 8.815000 0.001612
0.460739 8.815000 0.001612
0.307159 8.815000 0.001612
0.153580 8.815000 0.001612
0.000000 8.815000 0.001612
-0.153580 8.815000 0.001612
-0.307159 8.815000 0.001612
-0.460739 8.815000 0.001612
-0.614318 8.815000 0.001612
-0.767898 8.815000 0.001612
-0.921478 8.815000 0.001612
-1.075057 8.815000 0.001612
-1.228637 8.815000 0.001612
-1.382216 8.815000 0.001612
-1.535796 8.815000 0.001612
-1.689376 8.815000 0.001612
-1.842955 8.815000 0.001612
-1.996535 8.815000 0.001612
-2.150114 8.815000 0.001612
-2.303694 8.815000 0.001612
-2.457274 8.815000 0.001612
-2.610853 8.815000 0.001612
-2.764433 8.815000 0.001612
-2.873591 8.705842 0.001612
-2.982750 8.596683 0.001612
-3.091908 8.487525 0.001612
-3.201067 8.378366 0.001612
-3.310225 8.269208 0.001612
-3.419384 8.160049 0.001612
-3.528542 8.050891 0.001612
-3.637701 7.941732 0.001612
-3.746859 7.832574 0.001612
-3.856018 7.723415 0.001612
-3.965176 7.614257 0.001612
-4.074335 7.505098 0.001612
-4.183493 7.395940 0.001612
-4.292652 7.286781 0.001612
-4.401810 7.177623 0.001612
-4.510969 7.068464 0.001612
-4.620127 6.959306 0.001612
-4.729286 6.850147 0.001612
-4.729286 6.699595 0.001612
-4.729286 6.549042 0.001612
-4.729286 6.398489 0.001612
-4.729286 6.247936 0.001612
-4.729286 6.097384 0.001612
-4.729286 5.946831 0.001612
-4.729286 5.796278 0.001612
-4.729286 5.645726 0.001612
-4.729286 5.495173 0.001612
-4.729286 5.344620 0.001612
-4.729286 5.194068 0.001612
-4.729286 5.043515 0.001612
-4.729286 4.892962 0.001612
-4.729286 4.742410 0.001612
-4.729286 4.591857 0.001612
-4.729286 4.441304 0.001612
-4.729286 4.290752 0.001612
-4.729286 4.140199 0.001612
-4.729286 3.989646 0.001612
-4.729286 3.839093 0.001612
-4.729286 3.688541 0.001612
-4.729286 3.537988 0.001612
-4.729286 3.387435 0.001612
-4.729286 3.236883 0.001612
-4.729286 3.086330 0.001612
-4.729286 2.935777 0.001612
-4.729286 2.785225 0.001612
-4.729286 2.634672 0.001612
-4.729286 2.484119 0.001612
-4.729286 2.333567 0.001612
-4.729286 2.183014 0.001612
-4.729286 2.032461 0.001612
-4.729286 1.881909 0.001612
-4.729286 1.731356 0.001612
-4.729286 1.580803 0.001612
-4.729286 1.430251 0.001612
-4.729286 1.279698 0.001612
-4.729286 1.129145 0.001612
-4.729286 0.978592 0.001612
-4.729286 0.828040 0.001612
-4.729286 0.677487 0.001612
-4.729286 0.526934 0.001612
-4.729286 0.376382 0.001612
-4.729286 0.225829 0.001612
-4.729286 0.075276 0.001612
-4.729286 -0.075276 0.001612
-4.729286 -0.225829 0.001612
-4.729286 -0.376382 0.001612
-4.729286 -0.526934 0.001612
-4.729286 -0.677487 0.001612
-4.729286 -0.828040 0.001612
-4.729286 -0.978592 0.001612
-4.729286 -1.129145 0.001612
-4.729286 -1.279698 0.001612
-4.729286 -1.430251 0.001612
-4.729286 -1.580803 0.001612
-4.729286 -1.731356 0.001612
-4.729286 -1.881909 0.001612
-4.729286 -2.032461 0.001612
-4.729286 -2.183014 0.001612
-4.729286 -2.333567 0.001612
-4.729286 -2.484119 0.001612
-4.729286 -2.634672 0.001612
-4.729286 -2.785225 0.001612
-4.729286 -2.935777 0.001612
-4.729286 -3.086330 0.001612
-4.729286 -3.236883 0.001612
-4.729286 -3.387435 0.001612
-4.729286 -3.537988 0.001612
-4.729286 -3.688541 0.001612
-4.729286 -3.839093 0.001612
-4.729286 -3.989646 0.001612
-4.729286 -4.140199 0.001612
-4.729286 -4.290752 0.001612
-4.729286 -4.441304 0.001612
-4.729286 -4.591857 0.001612
-4.729286 -4.742410 0.001612
-4.729286 -4.892962 0.001612
-4.729286 -5.043515 0.001612
-4.729286 -5.194068 0.001612
-4.729286 -5.344620 0.001612
-4.729286 -5.495173 0.001612
-4.729286 -5.645726 0.001612
-4.729286 -5.796278 0.001612
-4.729286 -5.946831 0.001612
-4.729286 -6.097384 0.001612
-4.729286 -6.247936 0.001612
-4.729286 -6.398489 0.001612
-4.729286 -6.549042 0.001612
-4.729286 -6.699595 0.001612
-4.729286 -6.850147 0.001612
-4.620127 -6.959306 0.001612
-4.510969 -7.068464 0.001612
-4.401810 -7.177623 0.001612
-4.292652 -7.286781 0.001612
-4.183493 -7.395940 0.001612
-4.074335 -7.505098 0.001612
-3.965176 -7.614257 0.001612
-3.856018 -7.723415 0.001612
-3.746859 -7.832574 0.001612
-3.637701 -7.941732 0.001612
-3.528542 -8.050891 0.001612
-3.419384 -8.160049 0.001612
-3.310225 -8.269208 0.001612
-3.201067 -8.378366 0.001612
-3.091908 -8.487525 0.001612
-2.982750 -8.596683 0.001612
-2.873591 -8.705842 0.001612
-2.764433 -8.815000 0.001612
-2.610853 -8.815000 0.001612
-2.457274 -8.815000 0.001612
-2.303694 -8.815000 0.001612
-2.150114 -8.815000 0.001612
-1.996535 -8.815000 0.001612
-1.842955 -8.815000 0.001612
-1.689376 -8.815000 0.001612
-1.535796 -8.815000 0.001612
-1.382216 -8.815000 0.001612
-1.228637 -8.815000 0.001612
-1.075057 -8.815000 0.001612
-0.921478 -8.815000 0.001612
-0.767898 -8.815000 0.001612
-0.614318 -8.815000 0.001612
-0.460739 -8.815000 0.001612
-0.307159 -8.815000 0.001612
-0.153580 -8.815000 0.001612
0.000000 -8.815000 0.001612
0.153580 -8.815000 0.001612
0.307159 -8.815000 0.001612
0.460739 -8.815000 0.001612
0.614318 -8.815000 0.001612
0.767898 -8.815000 0.001612
0.921478 -8.815000 0.001612
1.075057 -8.815000 0.001612
1.228637 -8.815000 0.001612
1.382216 -8.815000 0.001612
1.535796 -8.815000 0.001612
1.689376 -8.815000 0.001612
1.842955 -8.815000 0.001612
1.996535 -8.815000 0.001612
2.150114 -8.815000 0.001612
2.303694 -8.815000 0.001612
2.457274 -8.815000 0.001612
2.610853 -8.815000 0.001612
2.764433 -8.815000 0.001612
2.873591 -8.705842 0.001612
2.982750 -8.596683 0.001612
3.091908 -8.487525 0.001612
3.201067 -8.378366 0.001612
3.310225 -8.269208 0.001612
3.419384 -8.160049 0.001612
3.528542 -8.050891 0.001612
3.637701 -7.941732 0.001612
3.746859 -7.832574 0.001612
3.856018 -7.723415 0.001612
3.965176 -7.614257 0.001612
4.074335 -7.505098 0.001612
4.183493 -7.395940 0.001612
4.292652 -7.286781 0.001612
4.401810 -7.177623 0.001612
4.510969 -7.068464 0.001612
4.620127 -6.959306 0.001612
4.729286 -6.850147 0.001612
4.729286 -6.699595 0.001612
4.729286 -6.549042 0.001612
4.729286 -6.398489 0.001612
4.729286 -6.247936 0.001612
4.729286 -6.097384 0.001612
4.729286 -5.946831 0.001612
4.729286 -5.796278 0.001612
4.729286 -5.645726 0.001612
4.729286 -5.495173 0.001612
4.729286 -5.344620 0.001612
4.729286 -5.194068 0.001612
4.729286 -5.043515 0.001612
4.729286 -4.892962 0.001612
4.729286 -4.742410 0.001612
4.729286 -4.591857 0.001612
4.729286 -4.441304 0.001612
4.729286 -4.290752 0.001612
4.729286 -4.140199 0.001612
4.729286 -3.989646 0.001612
4.729286 -3.839093 0.001612
4.729286 -3.688541 0.001612
4.729286 -3.537988 0.001612
4.729286 -3.387435 0.001612
4.729286 -3.236883 0.001612
4.729286 -3.086330 0.001612
4.729286 -2.935777 0.001612
4.729286 -2.785225 0.001612
4.729286 -2.634672 0.001612
4.729286 -2.484119 0.001612
4.729286 -2.333567 0.001612
4.729286 -2.183014 0.001612
4.729286 -2.032461 0.001612
4.729286 -1.881909 0.001612
4.729286 -1.731356 0.001612
4.729286 -1.580803 0.001612
4.729286 -1.430251 0.001612
4.729286 -1.279698 0.001612
4.729286 -1.129145 0.001612
4.729286 -0.978592 0.001612
4.729286 -0.828040 0.001612
4.729286 -0.677487 0.001612
4.729286 -0.526934 0.001612
4.729286 -0.376382 0.001612
4.729286 -0.225829 0.001612
4.729286 -0.075276 0.001612
4.729286 0.075276 0.001612
4.729286 0.225829 0.001612
4.729286 0.376382 0.001612
4.729286 0.526934 0.001612
4.729286 0.677487 0.001612
4.729286 0.828040 0.001612
4.729286 0.978592 0.001612
4.729286 1.129145 0.001612
4.729286 1.279698 0.001612
4.729286 1.430251 0.001612
4.729286 1.580803 0.001612
4.729286 1.731356 0.001612
4.729286 1.881909 0.001612
4.729286 2.032461 0.001612
4.729286 2.183014 0.001612
4.729286 2.333567 0.001612
4.729286 2.484119 0.001612
4.729286 2.634672 0.001612
4.729286 2.785225 0.001612
4.729286 2.935777 0.001612
4.729286 3.086330 0.001612
4.729286 3.236883 0.001612
4.729286 3.387435 0.001612
4.729286 3.537988 0.001612
4.729286 3.688541 0.001612
4.729286 3.839093 0.001612
4.729286 3.989646 0.001612
4.729286 4.140199 0.001612
4.729286 4.290752 0.001612
4.729286 4.441304 0.001612
4.729286 4.591857 0.001612
4.729286 4.742410 0.001612
4.729286 4.892962 0.001612
4.729286 5.043515 0.001612
4.729286 5.194068 0.001612
4.729286 5.344620 0.001612
4.729286 5.495173 0.001612
4.729286 5.645726 0.001612
4.729286 5.796278 0.001612
4.729286 5.946831 0.001612
4.729286 6.097384 0.001612
4.729286 6.247936 0.001612
4.729286 6.398489 0.001612
4.729286 6.549042 0.001612
4.729286 6.699595 0.001612
2.849286 6.099853 0.000804
2.729979 6.219160 0.000804
2.610672 6.338466 0.000804
2.491365 6.457773 0.000804
2.372059 6.577080 0.000804
2.252752 6.696387 0.000804
2.133445 6.815693 0.000804
2.014139 6.935000 0.000804
1.859205 6.935000 0.000804
1.704271 6.935000 0.000804
1.549337 6.935000 0.000804
1.394404 6.935000 0.000804
1.239470 6.935000 0.000804
1.084536 6.935000 0.000804
0.929602 6.935000 0.000804
0.774669 6.935000 0.000804
0.619735 6.935000 0.000804
0.464801 6.935000 0.000804
0.309867 6.935000 0.000804
0.154934 6.935000 0.000804
0.000000 6.935000 0.000804
-0.154934 6.935000 0.000804
-0.309867 6.935000 0.000804
-0.464801 6.935000 0.000804
-0.619735 6.935000 0.000804
-0.774669 6.935000 0.000804
-0.929602 6.935000 0.000804
-1.084536 6.935000 0.000804
-1.239470 6.935000 0.000804
-1.394404 6.935000 0.000804
-1.549337 6.935000 0.000804
-1.704271 6.935000 0.000804
-1.859205 6.935000 0.000804
-2.014139 6.935000 0.000804
-2.133445 6.815693 0.000804
-2.252752 6.696387 0.000804
-2.372059 6.577080 0.000804
-2.491365 6.457773 0.000804
-2.610672 6.338466 0.000804
-2.729979 6.219160 0.000804
-2.849286 6.099853 0.000804
-2.849286 5.949081 0.000804
-2.849286 5.798309 0.000804
-2.849286 5.647537 0.000804
-2.849286 5.496765 0.000804
-2.849286 5.345993 0.000804
-2.849286 5.195221 0.000804
-2.849286 5.044448 0.000804
-2.849286 4.893676 0.000804
-2.849286 4.742904 0.000804
-2.849286 4.592132 0.000804
-2.849286 4.441360 0.000804
-2.849286 4.290588 0.000804
-2.849286 4.139816 0.000804
-2.849286 3.989044 0.000804
-2.849286 3.838272 0.000804
-2.849286 3.687500 0.000804
-2.849286 3.536728 0.000804
-2.849286 3.385956 0.000804
-2.849286 3.235184 0.000804
-2.849286 3.084412 0.000804
-2.849286 2.933640 0.000804
-2.849286 2.782868 0.000804
-2.849286 2.632096 0.000804
-2.849286 2.481324 0.000804
-2.849286 2.330552 0.000804
-2.849286 2.179779 0.000804
-2.849286 2.029007 0.000804
-2.849286 1.878235 0.000804
-2.849286 1.727463 0.000804
-2.849286 1.576691 0.000804
-2.849286 1.425919 0.000804
-2.849286 1.275147 0.000804
-2.729979 1.155840 0.000804
-2.610672 1.036534 0.000804
-2.491365 0.917227 0.000804
-2.372059 0.797920 0.000804
-2.252752 0.678613 0.000804
-2.133445 0.559307 0.000804
-2.014139 0.440000 0.000804
-1.859205 0.440000 0.000804
-1.704271 0.440000 0.000804
-1.549337 0.440000 0.000804
-1.394404 0.440000 0.000804
-1.239470 0.440000 0.000804
-1.084536 0.440000 0.000804
-0.929602 0.440000 0.000804
-0.774669 0.440000 0.000804
-0.619735 0.440000 0.000804
-0.464801 0.440000 0.000804
-0.309867 0.440000 0.000804
-0.154934 0.440000 0.000804
0.000000 0.440000 0.000804
0.154934 0.440000 0.000804
0.309867 0.440000 0.000804
0.464801 0.440000 0.000804
0.619735 0.440000 0.000804
0.774669 0.440000 0.000804
0.929602 0.440000 0.000804
1.084536 0.440000 0.000804
1.239470 0.440000 0.000804
1.394404 0.440000 0.000804
1.549337 0.440000 0.000804
1.704271 0.440000 0.000804
1.859205 0.440000 0.000804
2.014139 0.440000 0.000804
2.133445 0.559307 0.000804
2.252752 0.678613 0.000804
2.372059 0.797920 0.000804
2.491365 0.917227 0.000804
2.610672 1.036534 0.000804
2.729979 1.155840 0.000804
2.849286 1.275147 0.000804
2.849286 1.425919 0.000804
2.849286 1.576691 0.000804
2.849286 1.727463 0.000804
2.849286 1.878235 0.000804
2.849286 2.029007 0.000804
2.849286 2.179779 0.000804
2.849286 2.330552 0.000804
2.849286 2.481324 0.000804
2.849286 2.632096 0.000804
2.849286 2.782868 0.000804
2.849286 2.933640 0.000804
2.849286 3.084412 0.000804
2.849286 3.235184 0.000804
2.849286 3.385956 0.000804
2.849286 3.536728 0.000804
2.849286 3.687500 0.000804
2.849286 3.838272 0.000804
2.849286 3.989044 0.000804
2.849286 4.139816 0.000804
2.849286 4.290588 0.000804
2.849286 4.441360 0.000804
2.849286 4.592132 0.000804
2.849286 4.742904 0.000804
2.849286 4.893676 0.000804
2.849286 5.044448 0.000804
2.849286 5.195221 0.000804
2.849286 5.345993 0.000804
2.849286 5.496765 0.000804
2.849286 5.647537 0.000804
2.849286 5.798309 0.000804
2.849286 5.949081 0.000804
2.849286 -1.275147 0.000804
2.729979 -1.155840 0.000804
2.610672 -1.036534 0.000804
2.491365 -0.917227 0.000804
2.372059 -0.797920 0.000804
2.252752 -0.678613 0.000804
2.133445 -0.559307 0.000804
2.014139 -0.440000 0.000804
1.859205 -0.440000 0.000804
1.704271 -0.440000 0.000804
1.549337 -0.440000 0.000804
1.394404 -0.440000 0.000804
1.239470 -0.440000 0.000804
1.084536 -0.440000 0.000804
0.929602 -0.440000 0.000804
0.774669 -0.440000 0.000804
0.619735 -0.440000 0.000804
0.464801 -0.440000 0.000804
0.309867 -0.440000 0.000804
0.154934 -0.440000 0.000804
0.000000 -0.440000 0.000804
-0.154934 -0.440000 0.000804
-0.309867 -0.440000 0.000804
-0.464801 -0.440000 0.000804
-0.619735 -0.440000 0.000804
-0.774669 -0.440000 0.000804
-0.929602 -0.440000 0.000804
-1.084536 -0.440000 0.000804
-1.239470 -0.440000 0.000804
-1.394404 -0.440000 0.000804
-1.549337 -0.440000 0.000804
-1.704271 -0.440000 0.000804
-1.859205 -0.440000 0.000804
-2.014139 -0.440000 0.000804
-2.133445 -0.559307 0.000804
-2.252752 -0.678613 0.000804
-2.372059 -0.797920 0.000804
-2.491365 -0.917227 0.000804
-2.610672 -1.036534 0.000804
-2.729979 -1.155840 0.000804
-2.849286 -1.275147 0.000804
-2.849286 -1.425919 0.000804
-2.849286 -1.576691 0.000804
-2.849286 -1.727463 0.000804
-2.849286 -1.878235 0.000804
-2.849286 -2.029007 0.000804
-2.849286 -2.179779 0.000804
-2.849286 -2.330552 0.000804
-2.849286 -2.481324 0.000804
-2.849286 -2.632096 0.000804
-2.849286 -2.782868 0.000804
-2.849286 -2.933640 0.000804
-2.849286 -3.084412 0.000804
-2.849286 -3.235184 0.000804
-2.849286 -3.385956 0.000804
-2.849286 -3.536728 0.000804
-2.849286 -3.687500 0.000804
-2.849286 -3.838272 0.000804
-2.849286 -3.989044 0.000804
-2.849286 -4.139816 0.000804
-2.849286 -4.290588 0.000804
-2.849286 -4.441360 0.000804
-2.849286 -4.592132 0.000804
-2.849286 -4.742904 0.000804
-2.849286 -4.893676 0.000804
-2.849286 -5.044448 0.000804
-2.849286 -5.195221 0.000804
-2.849286 -5.345993 0.000804
-2.849286 -5.496765 0.000804
-2.849286 -5.647537 0.000804
-2.849286 -5.798309 0.000804
-2.849286 -5.949081 0.000804
-2.849286 -6.099853 0.000804
-2.729979 -6.219160 0.000804
-2.610672 -6.338466 0.000804
-2.491365 -6.457773 0.000804
-2.372059 -6.577080 0.000804
-2.252752 -6.696387 0.000804
-2.133445 -6.815693 0.000804
-2.014139 -6.935000 0.000804
-1.859205 -6.935000 0.000804
-1.704271 -6.935000 0.000804
-1.549337 -6.935000 0.000804
-1.394404 -6.935000 0.000804
-1.239470 -6.935000 0.000804
-1.084536 -6.935000 0.000804
-0.929602 -6.935000 0.000804
-0.774669 -6.935000 0.000804
-0.619735 -6.935000 0.000804
-0.464801 -6.935000 0.000804
-0.309867 -6.935000 0.000804
-0.154934 -6.935000 0.000804
0.000000 -6.935000 0.000804
0.154934 -6.935000 0.000804
0.309867 -6.935000 0.000804
0.464801 -6.935000 0.000804
0.619735 -6.935000 0.000804
0.774669 -6.935000 0.000804
0.929602 -6.935000 0.000804
1.084536 -6.935000 0.000804
1.239470 -6.935000 0.000804
1.394404 -6.935000 0.000804
1.549337 -6.935000 0.000804
1.704271 -6.935000 0.000804
1.859205 -6.935000 0.000804
2.014139 -6.935000 0.000804
2.133445 -6.815693 0.000804
2.252752 -6.696387 0.000804
2.372059 -6.577080 0.000804
2.491365 -6.457773 0.000804
2.610672 -6.338466 0.000804
2.729979 -6.219160 0.000804
2.849286 -6.099853 0.000804
2.849286 -5.949081 0.000804
2.849286 -5.798309 0.000804
2.849286 -5.647537 0.000804
2.849286 -5.496765 0.000804
2.849286 -5.345993 0.000804
2.849286 -5.195221 0.000804
2.849286 -5.044448 0.000804
2.849286 -4.893676 0.000804
2.849286 -4.742904 0.000804
2.849286 -4.592132 0.000804
2.849286 -4.441360 0.000804
2.849286 -4.290588 0.000804
2.849286 -4.139816 0.000804
2.849286 -3.989044 0.000804
2.849286 -3.838272 0.000804
2.849286 -3.687500 0.000804
2.849286 -3.536728 0.000804
2.849286 -3.385956 0.000804
2.849286 -3.235184 0.000804
2.849286 -3.084412 0.000804
2.849286 -2.933640 0.000804
2.849286 -2.782868 0.000804
2.849286 -2.632096 0.000804
2.849286 -2.481324 0.000804
2.849286 -2.330552 0.000804
2.849286 -2.179779 0.000804
2.849286 -2.029007 0.000804
2.849286 -1.878235 0.000804
2.849286 -1.727463 0.000804
2.849286 -1.576691 0.000804
2.849286 -1.425919 0.000804
