3.440000 2.975147 0.001612
3.330842 3.084306 0.001612
3.221683 3.193464 0.001612
3.112525 3.302623 0.001612
3.003366 3.411781 0.001612
2.894208 3.520940 0.001612
2.785049 3.630098 0.001612
2.675891 3.739257 0.001612
2.566732 3.848415 0.001612
2.457574 3.957574 0.001612
2.348415 4.066732 0.001612
2.239257 4.175891 0.001612
2.130098 4.285049 0.001612
2.020940 4.394208 0.001612
1.911781 4.503366 0.001612
1.802623 4.612525 0.001612
1.693464 4.721683 0.001612
1.584306 4.830842 0.001612
1.475147 4.940000 0.001612
1.319869 4.940000 0.001612
1.164590 4.940000 0.001612
1.009311 4.940000 0.001612
0.854033 4.940000 0.001612
0.698754 4.940000 0.001612
0.543475 4.940000 0.001612
0.388197 4.940000 0.001612
0.232918 4.940000 0.001612
0.077639 4.940000 0.001612
-0.077639 4.940000 0.001612
-0.232918 4.940000 0.001612
-0.388197 4.940000 0.001612
-0.543475 4.940000 0.001612
-0.698754 4.940000 0.001612
-0.854033 4.940000 0.001612
-1.009311 4.940000 0.001612
-1.164590 4.940000 0.001612
-1.319869 4.940000 0.001612
-1.475147 4.940000 0.001612
-1.584306 4.830842 0.001612
-1.693464 4.721683 0.001612
-1.802623 4.612525 0.001612
-1.911781 4.503366 0.001612
-2.020940 4.394208 0.001612
-2.130098 4.285049 0.001612
-2.239257 4.175891 0.001612
-2.348415 4.066732 0.001612
-2.457574 3.957574 0.001612
-2.566732 3.848415 0.001612
-2.675891 3.739257 0.001612
-2.785049 3.630098 0.001612
-2.894208 3.520940 0.001612
-3.003366 3.411781 0.001612
-3.112525 3.302623 0.001612
-3.221683 3.193464 0.001612
-3.330842 3.084306 0.001612
-3.440000 2.975147 0.001612
-3.440000 2.822576 0.001612
-3.440000 2.670004 0.001612
-3.440000 2.517432 0.001612
-3.440000 2.364861 0.001612
-3.440000 2.212289 0.001612
-3.440000 2.059717 0.001612
-3.440000 1.907146 0.001612
-3.440000 1.754574 0.001612
-3.440000 1.602002 0.001612
-3.440000 1.449431 0.001612
-3.440000 1.296859 0.001612
-3.440000 1.144287 0.001612
-3.440000 0.991716 0.001612
-3.440000 0.839144 0.001612
-3.440000 0.686572 0.001612
-3.440000 0.534001 0.001612
-3.440000 0.381429 0.001612
-3.440000 0.228857 0.001612
-3.440000 0.076286 0.001612
-3.440000 -0.076286 0.001612
-3.440000 -0.228857 0.001612
-3.440000 -0.381429 0.001612
-3.440000 -0.534001 0.001612
-3.440000 -0.686572 0.001612
-3.440000 -0.839144 0.001612
-3.440000 -0.991716 0.001612
-3.440000 -1.144287 0.001612
-3.440000 -1.296859 0.001612
-3.440000 -1.449431 0.001612
-3.440000 -1.602002 0.001612
-3.440000 -1.754574 0.001612
-3.440000 -1.907146 0.001612
-3.440000 -2.059717 0.001612
-3.440000 -2.212289 0.001612
-3.440000 -2.364861 0.001612
-3.440000 -2.517432 0.001612
-3.440000 -2.670004 0.001612
-3.440000 -2.822576 0.001612
-3.440000 -2.975147 0.001612
-3.330842 -3.084306 0.001612
-3.221683 -3.193464 0.001612
-3.112525 -3.302623 0.001612
-3.003366 -3.411781 0.001612
-2.894208 -3.520940 0.001612
-2.785049 -3.630098 0.001612
-2.675891 -3.739257 0.001612
-2.566732 -3.848415 0.001612
-2.457574 -3.957574 0.001612
-2.348415 -4.066732 0.001612
-2.239257 -4.175891 0.001612
-2.130098 -4.285049 0.001612
-2.020940 -4.394208 0.001612
-1.911781 -4.503366 0.001612
-1.802623 -4.612525 0.001612
-1.693464 -4.721683 0.001612
-1.584306 -4.830842 0.001612
-1.475147 -4.940000 0.001612
-1.319869 -4.940000 0.001612
-1.164590 -4.940000 0.001612
-1.009311 -4.940000 0.001612
-0.854033 -4.940000 0.001612
-0.698754 -4.940000 0.001612
-0.543475 -4.940000 0.001612
-0.388197 -4.940000 0.001612
-0.232918 -4.940000 0.001612
-0.077639 -4.940000 0.001612
0.077639 -4.940000 0.001612
0.232918 -4.940000 0.001612
0.388197 -4.940000 0.001612
0.543475 -4.940000 0.001612
0.698754 -4.940000 0.001612
0.854033 -4.940000 0.001612
1.009311 -4.940000 0.001612
1.164590 -4.940000 0.001612
1.319869 -4.940000 0.001612
1.475147 -4.940000 0.001612
1.584306 -4.830842 0.001612
1.693464 -4.721683 0.001612
1.802623 -4.612525 0.001612
1.911781 -4.503366 0.001612
2.020940 -4.394208 0.001612
2.130098 -4.285049 0.001612
2.239257 -4.175891 0.001612
2.348415 -4.066732 0.001612
2.457574 -3.957574 0.001612
2.566732 -3.848415 0.001612
2.675891 -3.739257 0.001612
2.785049 -3.630098 0.001612
2.894208 -3.520940 0.001612
3.003366 -3.411781 0.001612
3.112525 -3.302623 0.001612
3.221683 -3.193464 0.001612
3.330842 -3.084306 0.001612
3.440000 -2.975147 0.001612
3.440000 -2.822576 0.001612
3.440000 -2.670004 0.001612
3.440000 -2.517432 0.001612
3.440000 -2.364861 0.001612
3.440000 -2.212289 0.001612
3.440000 -2.059717 0.001612
3.440000 -1.907146 0.001612
3.440000 -1.754574 0.001612
3.440000 -1.602002 0.001612
3.440000 -1.449431 0.001612
3.440000 -1.296859 0.001612
3.440000 -1.144287 0.001612
3.440000 -0.991716 0.001612
3.440000 -0.839144 0.001612
3.440000 -0.686572 0.001612
3.440000 -0.534001 0.001612
3.440000 -0.381429 0.001612
3.440000 -0.228857 0.001612
3.440000 -0.076286 0.001612
3.440000 0.076286 0.001612
3.440000 0.228857 0.001612
3.440000 0.381429 0.001612
3.440000 0.534001 0.001612
3.440000 0.686572 0.001612
3.440000 0.839144 0.001612
3.440000 0.991716 0.001612
3.440000 1.144287 0.001612
3.440000 1.296859 0.001612
3.440000 1.449431 0.001612
3.440000 1.602002 0.001612
3.440000 1.754574 0.001612
3.440000 1.907146 0.001612
3.440000 2.059717 0.001612
3.440000 2.212289 0.001612
3.440000 2.364861 0.001612
3.440000 2.517432 0.001612
3.440000 2.670004 0.001612
3.440000 2.822576 0.001612
2.560000 1.060000 0.000804
2.410000 1.060000 0.000804
2.260000 1.060000 0.000804
2.110000 1.060000 0.000804
1.960000 1.060000 0.000804
1.810000 1.060000 0.000804
1.660000 1.060000 0.000804
1.510000 1.060000 0.000804
1.360000 1.060000 0.000804
1.210000 1.060000 0.000804
1.060000 1.060000 0.000804
1.060000 1.216250 0.000804
1.060000 1.372500 0.000804
1.060000 1.528750 0.000804
1.060000 1.685000 0.000804
1.060000 1.841250 0.000804
1.060000 1.997500 0.000804
1.060000 2.153750 0.000804
1.060000 2.310000 0.000804
1.060000 2.466250 0.000804
1.060000 2.622500 0.000804
1.060000 2.778750 0.000804
1.060000 2.935000 0.000804
1.060000 3.091250 0.000804
1.060000 3.247500 0.000804
1.060000 3.403750 0.000804
1.060000 3.560000 0.000804
0.908571 3.560000 0.000804
0.757143 3.560000 0.000804
0.605714 3.560000 0.000804
0.454286 3.560000 0.000804
0.302857 3.560000 0.000804
0.151429 3.560000 0.000804
0.000000 3.560000 0.000804
-0.151429 3.560000 0.000804
-0.302857 3.560000 0.000804
-0.454286 3.560000 0.000804
-0.605714 3.560000 0.000804
-0.757143 3.560000 0.000804
-0.908571 3.560000 0.000804
-1.060000 3.560000 0.000804
-1.060000 3.403750 0.000804
-1.060000 3.247500 0.000804
-1.060000 3.091250 0.000804
-1.060000 2.935000 0.000804
-1.060000 2.778750 0.000804
-1.060000 2.622500 0.000804
-1.060000 2.466250 0.000804
-1.060000 2.310000 0.000804
-1.060000 2.153750 0.000804
-1.060000 1.997500 0.000804
-1.060000 1.841250 0.000804
-1.060000 1.685000 0.000804
-1.060000 1.528750 0.000804
-1.060000 1.372500 0.000804
-1.060000 1.216250 0.000804
-1.060000 1.060000 0.000804
-1.210000 1.060000 0.000804
-1.360000 1.060000 0.000804
-1.510000 1.060000 0.000804
-1.660000 1.060000 0.000804
-1.810000 1.060000 0.000804
-1.960000 1.060000 0.000804
-2.110000 1.060000 0.000804
-2.260000 1.060000 0.000804
-2.410000 1.060000 0.000804
-2.560000 1.060000 0.000804
-2.560000 0.908571 0.000804
-2.560000 0.757143 0.000804
-2.560000 0.605714 0.000804
-2.560000 0.454286 0.000804
-2.560000 0.302857 0.000804
-2.560000 0.151429 0.000804
-2.560000 0.000000 0.000804
-2.560000 -0.151429 0.000804
-2.560000 -0.302857 0.000804
-2.560000 -0.454286 0.000804
-2.560000 -0.605714 0.000804
-2.560000 -0.757143 0.000804
-2.560000 -0.908571 0.000804
-2.560000 -1.060000 0.000804
-2.410000 -1.060000 0.000804
-2.260000 -1.060000 0.000804
-2.110000 -1.060000 0.000804
-1.960000 -1.060000 0.000804
-1.810000 -1.060000 0.000804
-1.660000 -1.060000 0.000804
-1.510000 -1.060000 0.000804
-1.360000 -1.060000 0.000804
-1.210000 -1.060000 0.000804
-1.060000 -1.060000 0.000804
-1.060000 -1.216250 0.000804
-1.060000 -1.372500 0.000804
-1.060000 -1.528750 0.000804
-1.060000 -1.685000 0.000804
-1.060000 -1.841250 0.000804
-1.060000 -1.997500 0.000804
-1.060000 -2.153750 0.000804
-1.060000 -2.310000 0.000804
-1.060000 -2.466250 0.000804
-1.060000 -2.622500 0.000804
-1.060000 -2.778750 0.000804
-1.060000 -2.935000 0.000804
-1.060000 -3.091250 0.000804
-1.060000 -3.247500 0.000804
-1.060000 -3.403750 0.000804
-1.060000 -3.560000 0.000804
-0.908571 -3.560000 0.000804
-0.757143 -3.560000 0.000804
-0.605714 -3.560000 0.000804
-0.454286 -3.560000 0.000804
-0.302857 -3.560000 0.000804
-0.151429 -3.560000 0.000804
0.000000 -3.560000 0.000804
0.151429 -3.560000 0.000804
0.302857 -3.560000 0.000804
0.454286 -3.560000 0.000804
0.605714 -3.560000 0.000804
0.757143 -3.560000 0.000804
0.908571 -3.560000 0.000804
1.060000 -3.560000 0.000804
1.060000 -3.403750 0.000804
1.060000 -3.247500 0.000804
1.060000 -3.091250 0.000804
1.060000 -2.935000 0.000804
1.060000 -2.778750 0.000804
1.060000 -2.622500 0.000804
1.060000 -2.466250 0.000804
1.060000 -2.310000 0.000804
1.060000 -2.153750 0.000804
1.060000 -1.997500 0.000804
1.060000 -1.841250 0.000804
1.060000 -1.685000 0.000804
1.060000 -1.528750 0.000804
1.060000 -1.372500 0.000804
1.060000 -1.216250 0.000804
1.060000 -1.060000 0.000804
1.210000 -1.060000 0.000804
1.360000 -1.060000 0.000804
1.510000 -1.060000 0.000804
1.660000 -1.060000 0.000804
1.810000 -1.060000 0.000804
1.960000 -1.060000 0.000804
2.110000 -1.060000 0.000804
2.260000 -1.060000 0.000804
2.410000 -1.060000 0.000804
2.560000 -1.060000 0.000804
2.560000 -0.908571 0.000804
2.560000 -0.757143 0.000804
2.560000 -0.605714 0.000804
2.560000 -0.454286 0.000804
2.560000 -0.302857 0.000804
2.560000 -0.151429 0.000804
2.560000 0.000000 0.000804
2.560000 0.151429 0.000804
2.560000 0.302857 0.000804
2.560000 0.454286 0.000804
2.560000 0.605714 0.000804
2.560000 0.757143 0.000804
2.560000 0.908571 0.000804
